64
# x y z
0.0 0.0 0.0
0.5 0.0 0.0
1.0 0.0 0.0
1.5 0.0 0.0
2.0 0.0 0.0
2.5 0.0 0.0
3.0 0.0 0.0
3.5 0.0 0.0
4.0 0.0 0.0
4.5 0.0 0.0
5.0 0.0 0.0
5.5 0.0 0.0
6.0 0.0 0.0
6.5 0.0 0.0
7.0 0.0 0.0
7.5 0.0 0.0
8.0 0.0 0.0
8.5 0.0 0.0
9.0 0.0 0.0
9.5 0.0 0.0
10.0 0.0 0.0
10.5 0.0 0.0
11.0 0.0 0.0
11.5 0.0 0.0
12.0 0.0 0.0
12.5 0.0 0.0
13.0 0.0 0.0
13.5 0.0 0.0
14.0 0.0 0.0
14.5 0.0 0.0
15.0 0.0 0.0
15.5 0.0 0.0
16.0 0.0 0.0
16.5 0.0 0.0
17.0 0.0 0.0
17.5 0.0 0.0
18.0 0.0 0.0
18.5 0.0 0.0
19.0 0.0 0.0
19.5 0.0 0.0
20.0 0.0 0.0
20.5 0.0 0.0
21.0 0.0 0.0
21.5 0.0 0.0
22.0 0.0 0.0
22.5 0.0 0.0
23.0 0.0 0.0
23.5 0.0 0.0
24.0 0.0 0.0
24.5 0.0 0.0
25.0 0.0 0.0
25.5 0.0 0.0
26.0 0.0 0.0
26.5 0.0 0.0
27.0 0.0 0.0
27.5 0.0 0.0
28.0 0.0 0.0
28.5 0.0 0.0
29.0 0.0 0.0
29.5 0.0 0.0
30.0 0.0 0.0
30.5 0.0 0.0
31.0 0.0 0.0
31.5 0.0 0.0
1400
# a b m n r rhoa k
1 13 2 5 0.982347 3.93594 4.00667
1 13 3 6 0.405547 3.71602 9.16298
1 13 4 7 0.282327 3.99131 14.1372
1 13 5 8 0.272913 4.7072 17.248
1 13 6 9 0.198131 3.41735 17.248
1 13 7 10 0.419098 5.92486 14.1372
1 13 8 11 0.647702 5.93488 9.16298
1 13 9 12 2.75453 11.0365 4.00667
1 23 2 7 1.07437 3.97923 3.70377
1 23 3 8 0.452661 3.80428 8.40426
1 23 4 9 0.286181 3.95837 13.8317
1 23 5 10 0.222664 4.36501 19.6035
1 23 6 11 0.156346 3.94489 25.2317
1 23 7 12 0.140246 4.22973 30.1593
1 23 8 13 0.103232 3.49259 33.8325
1 23 9 14 0.119688 4.28456 35.7978
1 23 10 15 0.0891666 3.19197 35.7978
1 23 11 16 0.121717 4.118 33.8325
1 23 12 17 0.122323 3.68916 30.1593
1 23 13 18 0.178075 4.49314 25.2317
1 23 14 19 0.218567 4.28468 19.6035
1 23 15 20 0.321902 4.45244 13.8317
1 23 16 21 0.792119 6.65717 8.40426
1 23 17 22 1.6931 6.27085 3.70377
1 57 4 16 0.356003 4.10897 11.542
1 57 5 17 0.260536 4.23502 16.255
1 57 6 18 0.189718 4.04876 21.3409
1 57 7 19 0.15568 4.16499 26.7536
1 57 8 20 0.114478 3.71363 32.4396
1 57 9 21 0.112287 4.30488 38.3381
1 57 10 22 0.0859651 3.81521 44.381
1 57 11 23 0.0805155 4.06549 50.4932
1 57 12 24 0.0698563 3.9534 56.5934
1 57 13 25 0.0649926 4.0682 62.5948
1 57 14 26 0.0592048 4.04999 68.4065
1 57 15 27 0.0593454 4.38775 73.9358
1 57 16 28 0.0504036 3.98638 79.0892
1 57 17 29 0.0513032 4.29797 83.7758
1 57 18 30 0.0459023 4.03524 87.9092
1 57 19 31 0.0442015 4.04048 91.4105
1 57 20 32 0.0437152 4.11843 94.2106
1 57 21 33 0.0417916 4.02257 96.2531
1 57 22 34 0.0425677 4.15018 97.4958
1 57 23 35 0.0443937 4.34672 97.913
1 57 24 36 0.0427617 4.16909 97.4958
1 57 25 37 0.0443823 4.27193 96.2531
1 57 26 38 0.042766 4.02901 94.2106
1 57 27 39 0.0469023 4.28736 91.4105
1 57 28 40 0.0483008 4.24609 87.9092
1 57 29 41 0.0470958 3.94549 83.7758
1 57 30 42 0.0502777 3.97642 79.0892
1 57 31 43 0.0578866 4.27989 73.9358
1 57 32 44 0.0575173 3.93456 68.4065
1 57 33 45 0.0652646 4.08522 62.5948
1 57 34 46 0.0702048 3.97313 56.5934
1 57 35 47 0.0796908 4.02385 50.4932
1 57 36 48 0.0881694 3.91305 44.381
1 57 37 49 0.103356 3.96246 38.3381
1 57 38 50 0.115014 3.73101 32.4396
1 57 39 51 0.149575 4.00166 26.7536
1 57 40 52 0.180891 3.86038 21.3409
1 57 41 53 0.271629 4.41533 16.255
1 57 42 54 0.362591 4.185 11.542
2 14 3 6 1.07003 4.28724 4.00667
2 14 4 7 0.495732 4.54238 9.16298
2 14 5 8 0.354609 5.01317 14.1372
2 14 6 9 0.210307 3.62736 17.248
2 14 7 10 0.276075 4.76174 17.248
2 14 8 11 0.272609 3.85392 14.1372
2 14 9 12 0.558026 5.11318 9.16298
2 14 10 13 0.866165 3.47044 4.00667
2 24 3 8 1.18044 4.37207 3.70377
2 24 4 9 0.545071 4.58092 8.40426
2 24 5 10 0.352188 4.87134 13.8317
2 24 6 11 0.218602 4.28538 19.6035
2 24 7 12 0.179752 4.53545 25.2317
2 24 8 13 0.118786 3.58249 30.1593
2 24 9 14 0.131718 4.45635 33.8325
2 24 10 15 0.0919426 3.29134 35.7978
2 24 11 16 0.114828 4.1106 35.7978
2 24 12 17 0.107533 3.6381 33.8325
2 24 13 18 0.142913 4.31015 30.1593
2 24 14 19 0.160218 4.04258 25.2317
2 24 15 20 0.216097 4.23627 19.6035
2 24 16 21 0.365116 5.05016 13.8317
2 24 17 22 0.551298 4.63325 8.40426
2 24 18 23 2.21608 8.20786 3.70377
2 58 5 17 0.406626 4.69326 11.542
2 58 6 18 0.266907 4.33857 16.255
2 58 7 19 0.207951 4.43786 21.3409
2 58 8 20 0.142598 3.815 26.7536
2 58 9 21 0.137861 4.47216 32.4396
2 58 10 22 0.101848 3.90464 38.3381
2 58 11 23 0.0937149 4.15916 44.381
2 58 12 24 0.0793668 4.00749 50.4932
2 58 13 25 0.0730051 4.13161 56.5934
2 58 14 26 0.0652604 4.08496 62.5948
2 58 15 27 0.0649868 4.44552 68.4065
2 58 16 28 0.053938 3.98795 73.9358
2 58 17 29 0.0543611 4.29938 79.0892
2 58 18 30 0.0482949 4.04594 83.7758
2 58 19 31 0.046145 4.05657 87.9092
2 58 20 32 0.0451127 4.12378 91.4105
2 58 21 33 0.0427132 4.02404 94.2106
2 58 22 34 0.0431189 4.15033 96.2531
2 58 23 35 0.0443186 4.32088 97.4958
2 58 24 36 0.0427056 4.18144 97.913
2 58 25 37 0.0437736 4.26774 97.4958
2 58 26 38 0.0417456 4.01814 96.2531
2 58 27 39 0.045301 4.26783 94.2106
2 58 28 40 0.0464171 4.24301 91.4105
2 58 29 41 0.0450777 3.96274 87.9092
2 58 30 42 0.0473085 3.9633 83.7758
2 58 31 43 0.0537272 4.24924 79.0892
2 58 32 44 0.0529451 3.91454 73.9358
2 58 33 45 0.059135 4.04522 68.4065
2 58 34 46 0.0629404 3.93974 62.5948
2 58 35 47 0.0697799 3.94908 56.5934
2 58 36 48 0.076128 3.84395 50.4932
2 58 37 49 0.087214 3.87064 44.381
2 58 38 50 0.0954299 3.6586 38.3381
2 58 39 51 0.118748 3.85213 32.4396
2 58 40 52 0.138867 3.7152 26.7536
2 58 41 53 0.19296 4.11795 21.3409
2 58 42 54 0.239406 3.89155 16.255
2 58 43 55 0.338903 3.9116 11.542
3 15 4 7 2.4167 9.68291 4.00667
3 15 5 8 0.855127 7.83551 9.16298
3 15 6 9 0.369763 5.2274 14.1372
3 15 7 10 0.345083 5.95198 17.248
3 15 8 11 0.266511 4.59678 17.248
3 15 9 12 0.476225 6.73247 14.1372
3 15 10 13 0.608099 5.572 9.16298
3 15 11 14 2.4927 9.98743 4.00667
3 25 4 9 2.5403 9.40868 3.70377
3 25 5 10 0.881465 7.40806 8.40426
3 25 6 11 0.405733 5.61197 13.8317
3 25 7 12 0.277926 5.44833 19.6035
3 25 8 13 0.153443 3.87163 25.2317
3 25 9 14 0.161559 4.87251 30.1593
3 25 10 15 0.104728 3.54322 33.8325
3 25 11 16 0.12022 4.3036 35.7978
3 25 12 17 0.105569 3.77914 35.7978
3 25 13 18 0.130873 4.42777 33.8325
3 25 14 19 0.138009 4.16226 30.1593
3 25 15 20 0.17722 4.47155 25.2317
3 25 16 21 0.252725 4.9543 19.6035
3 25 17 22 0.337232 4.66448 13.8317
3 25 18 23 0.851301 7.15456 8.40426
3 25 19 24 2.58637 9.57934 3.70377
3 59 6 18 0.472401 5.45243 11.542
3 59 7 19 0.320629 5.21183 16.255
3 59 8 20 0.18974 4.04924 21.3409
3 59 9 21 0.179315 4.79733 26.7536
3 59 10 22 0.125408 4.06819 32.4396
3 59 11 23 0.112471 4.31192 38.3381
3 59 12 24 0.0924606 4.10349 44.381
3 59 13 25 0.0838306 4.23288 50.4932
3 59 14 26 0.0732293 4.14429 56.5934
3 59 15 27 0.0723892 4.53118 62.5948
3 59 16 28 0.0590043 4.03628 68.4065
3 59 17 29 0.059181 4.37559 73.9358
3 59 18 30 0.0517481 4.09271 79.0892
3 59 19 31 0.0488258 4.09042 83.7758
3 59 20 32 0.0472327 4.15219 87.9092
3 59 21 33 0.0441844 4.03892 91.4105
3 59 22 34 0.0442773 4.17139 94.2106
3 59 23 35 0.0448904 4.32084 96.2531
3 59 24 36 0.0429862 4.19098 97.4958
3 59 25 37 0.0437947 4.28807 97.913
3 59 26 38 0.0413662 4.03303 97.4958
3 59 27 39 0.0444146 4.27504 96.2531
3 59 28 40 0.0452122 4.25947 94.2106
3 59 29 41 0.043317 3.95962 91.4105
3 59 30 42 0.0451903 3.97264 87.9092
3 59 31 43 0.0509455 4.268 83.7758
3 59 32 44 0.04984 3.9418 79.0892
3 59 33 45 0.0551775 4.07959 73.9358
3 59 34 46 0.0582056 3.98164 68.4065
3 59 35 47 0.0632548 3.95942 62.5948
3 59 36 48 0.0683116 3.86599 56.5934
3 59 37 49 0.0770858 3.89231 50.4932
3 59 38 50 0.0834102 3.70183 44.381
3 59 39 51 0.100675 3.85968 38.3381
3 59 40 52 0.115234 3.73814 32.4396
3 59 41 53 0.152723 4.08589 26.7536
3 59 42 54 0.181782 3.87941 21.3409
3 59 43 55 0.237748 3.86459 16.255
3 59 44 56 0.280522 3.23777 11.542
4 16 5 8 2.2326 8.9453 4.00667
4 16 6 9 0.663893 6.08324 9.16298
4 16 7 10 0.426289 6.02651 14.1372
4 16 8 11 0.217742 3.7556 17.248
4 16 9 12 0.301452 5.19943 17.248
4 16 10 13 0.268136 3.79068 14.1372
4 16 11 14 0.479005 4.38911 9.16298
4 16 12 15 0.595295 2.38515 4.00667
4 26 5 10 2.3085 8.55015 3.70377
4 26 6 11 0.745173 6.26262 8.40426
4 26 7 12 0.424478 5.87124 13.8317
4 26 8 13 0.192956 3.78262 19.6035
4 26 9 14 0.193995 4.89482 25.2317
4 26 10 15 0.1165 3.51355 30.1593
4 26 11 16 0.123297 4.17143 33.8325
4 26 12 17 0.100794 3.60821 35.7978
4 26 13 18 0.11459 4.10208 35.7978
4 26 14 19 0.110985 3.75489 33.8325
4 26 15 20 0.133641 4.03052 30.1593
4 26 16 21 0.155071 3.9127 25.2317
4 26 17 22 0.181048 3.54918 19.6035
4 26 18 23 0.29454 4.07398 13.8317
4 26 19 24 0.475867 3.99931 8.40426
4 26 20 25 0.787861 2.91806 3.70377
4 60 7 19 0.483036 5.57518 11.542
4 60 8 20 0.243192 3.95309 16.255
4 60 9 21 0.225044 4.80265 21.3409
4 60 10 22 0.149664 4.00405 26.7536
4 60 11 23 0.131344 4.26075 32.4396
4 60 12 24 0.105271 4.03591 38.3381
4 60 13 25 0.094271 4.18384 44.381
4 60 14 26 0.0807721 4.07845 50.4932
4 60 15 27 0.0793773 4.49223 56.5934
4 60 16 28 0.0636298 3.98289 62.5948
4 60 17 29 0.0633517 4.33367 68.4065
4 60 18 30 0.0548093 4.05236 73.9358
4 60 19 31 0.0513289 4.05956 79.0892
4 60 20 32 0.049177 4.11985 83.7758
4 60 21 33 0.0456734 4.01511 87.9092
4 60 22 34 0.0455127 4.16034 91.4105
4 60 23 35 0.0455956 4.29559 94.2106
4 60 24 36 0.0434371 4.18095 96.2531
4 60 25 37 0.0439599 4.28591 97.4958
4 60 26 38 0.0412291 4.03686 97.913
4 60 27 39 0.043935 4.28348 97.4958
4 60 28 40 0.0444844 4.28175 96.2531
4 60 29 41 0.0423191 3.98691 94.2106
4 60 30 42 0.0438492 4.00828 91.4105
4 60 31 43 0.0490606 4.31288 87.9092
4 60 32 44 0.0477114 3.99706 83.7758
4 60 33 45 0.0523592 4.14105 79.0892
4 60 34 46 0.0548454 4.05504 73.9358
4 60 35 47 0.0587358 4.01791 68.4065
4 60 36 48 0.0629313 3.93917 62.5948
4 60 37 49 0.0701742 3.9714 56.5934
4 60 38 50 0.0752023 3.79721 50.4932
4 60 39 51 0.0888703 3.94415 44.381
4 60 40 52 0.10029 3.84494 38.3381
4 60 41 53 0.129081 4.18732 32.4396
4 60 42 54 0.149991 4.0128 26.7536
4 60 43 55 0.188029 4.01271 21.3409
4 60 44 56 0.215004 3.49489 16.255
4 60 45 57 0.415695 4.79794 11.542
5 17 6 9 1.83255 7.34242 4.00667
5 17 7 10 0.751279 6.88395 9.16298
5 17 8 11 0.261635 3.69878 14.1372
5 17 9 12 0.320031 5.51989 17.248
5 17 10 13 0.24018 4.14262 17.248
5 17 11 14 0.368398 5.2081 14.1372
5 17 12 15 0.387319 3.54899 9.16298
5 17 13 16 3.62405 14.5204 4.00667
5 27 6 11 1.96134 7.26435 3.70377
5 27 7 12 0.777761 6.53651 8.40426
5 27 8 13 0.263583 3.64579 13.8317
5 27 9 14 0.252033 4.94074 19.6035
5 27 10 15 0.13955 3.52108 25.2317
5 27 11 16 0.138651 4.18162 30.1593
5 27 12 17 0.107026 3.62096 33.8325
5 27 13 18 0.116569 4.1729 35.7978
5 27 14 19 0.107258 3.83961 35.7978
5 27 15 20 0.125503 4.24608 33.8325
5 27 16 21 0.135109 4.07479 30.1593
5 27 17 22 0.151918 3.83314 25.2317
5 27 18 23 0.223832 4.38789 19.6035
5 27 19 24 0.329089 4.55185 13.8317
5 27 20 25 0.473514 3.97954 8.40426
5 27 21 26 1.82537 6.76076 3.70377
5 61 8 20 0.326714 3.77091 11.542
5 61 9 21 0.293275 4.76719 16.255
5 61 10 22 0.182129 3.88681 21.3409
5 61 11 23 0.155775 4.16754 26.7536
5 61 12 24 0.121066 3.92732 32.4396
5 61 13 25 0.106779 4.09371 38.3381
5 61 14 26 0.0895113 3.9726 44.381
5 61 15 27 0.0874511 4.41569 50.4932
5 61 16 28 0.068693 3.88757 56.5934
5 61 17 29 0.0675078 4.22563 62.5948
5 61 18 30 0.0578668 3.95847 68.4065
5 61 19 31 0.0538792 3.9836 73.9358
5 61 20 32 0.0511283 4.0437 79.0892
5 61 21 33 0.0469941 3.93697 83.7758
5 61 22 34 0.0465691 4.09385 87.9092
5 61 23 35 0.0460227 4.20696 91.4105
5 61 24 36 0.0435823 4.10592 94.2106
5 61 25 37 0.0437625 4.21227 96.2531
5 61 26 38 0.0406794 3.96607 97.4958
5 61 27 39 0.042892 4.19969 97.913
5 61 28 40 0.0432624 4.2179 97.4958
5 61 29 41 0.0407973 3.92687 96.2531
5 61 30 42 0.0418666 3.94428 94.2106
5 61 31 43 0.0462382 4.22666 91.4105
5 61 32 44 0.0446266 3.92309 87.9092
5 61 33 45 0.0482135 4.03912 83.7758
5 61 34 46 0.050176 3.96838 79.0892
5 61 35 47 0.052775 3.90196 73.9358
5 61 36 48 0.0559597 3.82801 68.4065
5 61 37 49 0.0614085 3.84385 62.5948
5 61 38 50 0.0650586 3.68189 56.5934
5 61 39 51 0.0747317 3.77345 50.4932
5 61 40 52 0.082753 3.67266 44.381
5 61 41 53 0.102583 3.93285 38.3381
5 61 42 54 0.115622 3.75074 32.4396
5 61 43 55 0.137497 3.67854 26.7536
5 61 44 56 0.151803 3.23962 21.3409
5 61 45 57 0.231685 3.76604 16.255
5 61 46 58 0.369279 4.2622 11.542
6 18 7 10 2.56785 10.2885 4.00667
6 18 8 11 0.40719 3.73107 9.16298
6 18 9 12 0.406242 5.74312 14.1372
6 18 10 13 0.220933 3.81064 17.248
6 18 11 14 0.25597 4.41496 17.248
6 18 12 15 0.206325 2.91684 14.1372
6 18 13 16 0.722163 6.61717 9.16298
6 18 14 17 1.70526 6.83241 4.00667
6 28 7 12 2.65277 9.82527 3.70377
6 28 8 13 0.458805 3.85592 8.40426
6 28 9 14 0.401831 5.55799 13.8317
6 28 10 15 0.192883 3.78119 19.6035
6 28 11 16 0.175601 4.4307 25.2317
6 28 12 17 0.125149 3.77441 30.1593
6 28 13 18 0.128953 4.36282 33.8325
6 28 14 19 0.11146 3.99 35.7978
6 28 15 20 0.126484 4.52786 35.7978
6 28 16 21 0.125993 4.26266 33.8325
6 28 17 22 0.136629 4.12065 30.1593
6 28 18 23 0.184941 4.66639 25.2317
6 28 19 24 0.25414 4.98205 19.6035
6 28 20 25 0.336988 4.66111 13.8317
6 28 21 26 0.848377 7.12999 8.40426
6 28 22 27 2.78767 10.3249 3.70377
6 62 9 21 0.458518 5.2922 11.542
6 62 10 22 0.249705 4.05896 16.255
6 62 11 23 0.203856 4.35048 21.3409
6 62 12 24 0.150587 4.02876 26.7536
6 62 13 25 0.129838 4.21189 32.4396
6 62 14 26 0.10515 4.03124 38.3381
6 62 15 27 0.101823 4.51899 44.381
6 62 16 28 0.078361 3.9567 50.4932
6 62 17 29 0.075979 4.29991 56.5934
6 62 18 30 0.063766 3.99142 62.5948
6 62 19 31 0.0588658 4.0268 68.4065
6 62 20 32 0.0552171 4.08252 73.9358
6 62 21 33 0.0502996 3.97815 79.0892
6 62 22 34 0.0496043 4.15564 83.7758
6 62 23 35 0.0483483 4.25026 87.9092
6 62 24 36 0.045355 4.14592 91.4105
6 62 25 37 0.0452993 4.26767 94.2106
6 62 26 38 0.0417764 4.02111 96.2531
6 62 27 39 0.0437227 4.26278 97.4958
6 62 28 40 0.0437508 4.28377 97.913
6 62 29 41 0.0408464 3.98235 97.4958
6 62 30 42 0.0419153 4.03448 96.2531
6 62 31 43 0.045958 4.32973 94.2106
6 62 32 44 0.0441291 4.03386 91.4105
6 62 33 45 0.047385 4.16558 87.9092
6 62 34 46 0.0489036 4.09694 83.7758
6 62 35 47 0.050953 4.02983 79.0892
6 62 36 48 0.0538438 3.98098 73.9358
6 62 37 49 0.0586284 4.01056 68.4065
6 62 38 50 0.0617333 3.86418 62.5948
6 62 39 51 0.0701199 3.96832 56.5934
6 62 40 52 0.0770083 3.8884 50.4932
6 62 41 53 0.0942212 4.18163 44.381
6 62 42 54 0.104991 4.02516 38.3381
6 62 43 55 0.122663 3.97913 32.4396
6 62 44 56 0.134137 3.58865 26.7536
6 62 45 57 0.194546 4.15178 21.3409
6 62 46 58 0.28828 4.686 16.255
6 62 47 59 0.418348 4.82855 11.542
7 19 8 11 0.724172 2.90152 4.00667
7 19 9 12 0.599817 5.49611 9.16298
7 19 10 13 0.254138 3.59279 14.1372
7 19 11 14 0.251541 4.33857 17.248
7 19 12 15 0.175958 3.03492 17.248
7 19 13 16 0.420457 5.94407 14.1372
7 19 14 17 0.682817 6.25664 9.16298
7 19 15 18 3.09453 12.3987 4.00667
7 29 8 13 0.81078 3.00294 3.70377
7 29 9 14 0.624747 5.25054 8.40426
7 29 10 15 0.252654 3.49462 13.8317
7 29 11 16 0.212175 4.15938 19.6035
7 29 12 17 0.142281 3.59 25.2317
7 29 13 18 0.136152 4.10626 30.1593
7 29 14 19 0.109367 3.70015 33.8325
7 29 15 20 0.119696 4.28484 35.7978
7 29 16 21 0.107484 3.84769 35.7978
7 29 17 22 0.110482 3.73789 33.8325
7 29 18 23 0.130801 3.94486 30.1593
7 29 19 24 0.161935 4.08589 25.2317
7 29 20 25 0.191957 3.76303 19.6035
7 29 21 26 0.339274 4.69273 13.8317
7 29 22 27 0.645048 5.42115 8.40426
7 29 23 28 1.37622 5.0972 3.70377
7 63 10 22 0.323893 3.73835 11.542
7 63 11 23 0.25302 4.11283 16.255
7 63 12 24 0.178637 3.81228 21.3409
7 63 13 25 0.15095 4.03847 26.7536
7 63 14 26 0.118722 3.85129 32.4396
7 63 15 27 0.114075 4.3734 38.3381
7 63 16 28 0.0860066 3.81706 44.381
7 63 17 29 0.0825743 4.16944 50.4932
7 63 18 30 0.0683198 3.86645 56.5934
7 63 19 31 0.0626378 3.9208 62.5948
7 63 20 32 0.0580335 3.96987 68.4065
7 63 21 33 0.0525112 3.88246 73.9358
7 63 22 34 0.0516166 4.08231 79.0892
7 63 23 35 0.0497096 4.16446 83.7758
7 63 24 36 0.0462999 4.07019 87.9092
7 63 25 37 0.0458089 4.18741 91.4105
7 63 26 38 0.0419208 3.94938 94.2106
7 63 27 39 0.0435395 4.19081 96.2531
7 63 28 40 0.0433325 4.22474 97.4958
7 63 29 41 0.0401191 3.92818 97.913
7 63 30 42 0.0409464 3.9921 97.4958
7 63 31 43 0.0444903 4.28233 96.2531
7 63 32 44 0.0424638 4.00054 94.2106
7 63 33 45 0.0451558 4.12771 91.4105
7 63 34 46 0.0461885 4.06039 87.9092
7 63 35 47 0.0474622 3.97618 83.7758
7 63 36 48 0.049933 3.94916 79.0892
7 63 37 49 0.0538355 3.98037 73.9358
7 63 38 50 0.0562662 3.84898 68.4065
7 63 39 51 0.0628707 3.93538 62.5948
7 63 40 52 0.0683053 3.86563 56.5934
7 63 41 53 0.0819737 4.13912 50.4932
7 63 42 54 0.0899711 3.993 44.381
7 63 43 55 0.102519 3.93036 38.3381
7 63 44 56 0.110618 3.5884 32.4396
7 63 45 57 0.15135 4.04915 26.7536
7 63 46 58 0.208173 4.4426 21.3409
7 63 47 59 0.277147 4.50503 16.255
7 63 48 60 0.391055 4.51354 11.542
8 20 9 12 2.65847 10.6516 4.00667
8 20 10 13 0.463477 4.24683 9.16298
8 20 11 14 0.345721 4.88752 14.1372
8 20 12 15 0.190374 3.28355 17.248
8 20 13 16 0.283376 4.88765 17.248
8 20 14 17 0.301118 4.25696 14.1372
8 20 15 18 0.690444 6.32653 9.16298
8 20 16 19 1.3622 5.45789 4.00667
8 30 9 14 2.74257 10.1579 3.70377
8 30 10 15 0.504289 4.23817 8.40426
8 30 11 16 0.351925 4.86771 13.8317
8 30 12 17 0.204089 4.00088 19.6035
8 30 13 18 0.178943 4.51503 25.2317
8 30 14 19 0.131028 3.95171 30.1593
8 30 15 20 0.138154 4.67411 33.8325
8 30 16 21 0.113077 4.04792 35.7978
8 30 17 22 0.11191 4.00613 35.7978
8 30 18 23 0.121676 4.1166 33.8325
8 30 19 24 0.14255 4.29922 30.1593
8 30 20 25 0.159776 4.03141 25.2317
8 30 21 26 0.247972 4.86113 19.6035
8 30 22 27 0.395839 5.47511 13.8317
8 30 23 28 0.638215 5.36372 8.40426
8 30 24 29 3.35457 12.4245 3.70377
8 64 11 23 0.4105 4.73798 11.542
8 64 12 24 0.256182 4.16425 16.255
8 64 13 25 0.206009 4.39643 21.3409
8 64 14 26 0.152091 4.06897 26.7536
8 64 15 27 0.144007 4.67153 32.4396
8 64 16 28 0.104035 3.98849 38.3381
8 64 17 29 0.0982379 4.3599 44.381
8 64 18 30 0.0790212 3.99004 50.4932
8 64 19 31 0.0714399 4.04302 56.5934
8 64 20 32 0.0650849 4.07397 62.5948
8 64 21 33 0.0579829 3.96641 68.4065
8 64 22 34 0.0566334 4.18723 73.9358
8 64 23 35 0.0534976 4.23108 79.0892
8 64 24 36 0.0491761 4.11977 83.7758
8 64 25 37 0.0483648 4.25171 87.9092
8 64 26 38 0.0437278 3.99718 91.4105
8 64 27 39 0.0449469 4.23448 94.2106
8 64 28 40 0.0445049 4.28373 96.2531
8 64 29 41 0.0405281 3.95132 97.4958
8 64 30 42 0.0413131 4.04509 97.913
8 64 31 43 0.0443349 4.32247 97.4958
8 64 32 44 0.0419664 4.03939 96.2531
8 64 33 45 0.044246 4.16844 94.2106
8 64 34 46 0.0447227 4.08812 91.4105
8 64 35 47 0.0453089 3.98307 87.9092
8 64 36 48 0.0473898 3.97011 83.7758
8 64 37 49 0.0505364 3.99689 79.0892
8 64 38 50 0.0524478 3.87777 73.9358
8 64 39 51 0.0576712 3.94509 68.4065
8 64 40 52 0.0619253 3.8762 62.5948
8 64 41 53 0.0731792 4.14146 56.5934
8 64 42 54 0.0791686 3.99748 50.4932
8 64 43 55 0.0883965 3.92312 44.381
8 64 44 56 0.0944144 3.61967 38.3381
8 64 45 57 0.123374 4.00221 32.4396
8 64 46 58 0.161052 4.30873 26.7536
8 64 47 59 0.202253 4.31626 21.3409
8 64 48 60 0.263731 4.28695 16.255
8 64 49 61 0.411679 4.75159 11.542
9 21 10 13 0.68037 2.72602 4.00667
9 21 11 14 0.410951 3.76553 9.16298
9 21 12 15 0.196612 2.77953 14.1372
9 21 13 16 0.236583 4.08058 17.248
9 21 14 17 0.203788 3.51493 17.248
9 21 15 18 0.364175 5.1484 14.1372
9 21 16 19 0.454413 4.16378 9.16298
9 21 17 20 0.946188 3.79106 4.00667
9 31 10 15 0.743483 2.75369 3.70377
9 31 11 16 0.440074 3.69849 8.40426
9 31 12 17 0.232513 3.21604 13.8317
9 31 13 18 0.195034 3.82335 19.6035
9 31 14 19 0.136534 3.44497 25.2317
9 31 15 20 0.141458 4.26626 30.1593
9 31 16 21 0.110779 3.74794 33.8325
9 31 17 22 0.107182 3.83689 35.7978
9 31 18 23 0.110584 3.95864 35.7978
9 31 19 24 0.124618 4.21613 33.8325
9 31 20 25 0.134118 4.0449 30.1593
9 31 21 26 0.190204 4.79917 25.2317
9 31 22 27 0.271999 5.33214 19.6035
9 31 23 28 0.375819 5.1982 13.8317
9 31 24 29 1.17594 9.8829 8.40426
9 31 25 30 2.87486 10.6478 3.70377
10 22 11 14 2.65906 10.654 4.00667
10 22 12 15 0.59016 5.40762 9.16298
10 22 13 16 0.424295 5.99833 14.1372
10 22 14 17 0.243909 4.20693 17.248
10 22 15 18 0.358767 6.18799 17.248
10 22 16 19 0.357906 5.05978 14.1372
10 22 17 20 0.598164 5.48096 9.16298
10 22 18 21 3.53468 14.1623 4.00667
10 32 11 16 2.74971 10.1843 3.70377
10 32 12 17 0.679696 5.71234 8.40426
10 32 13 18 0.418948 5.79475 13.8317
10 32 14 19 0.216983 4.25364 19.6035
10 32 15 20 0.208673 5.26517 25.2317
10 32 16 21 0.137754 4.15456 30.1593
10 32 17 22 0.125212 4.23624 33.8325
10 32 18 23 0.112143 4.01448 35.7978
10 32 19 24 0.115907 4.14922 35.7978
10 32 20 25 0.114981 3.89009 33.8325
10 32 21 26 0.141929 4.28048 30.1593
10 32 22 27 0.177287 4.47326 25.2317
10 32 23 28 0.203112 3.98171 19.6035
10 32 24 29 0.397344 5.49593 13.8317
10 32 25 30 0.580507 4.87873 8.40426
10 32 26 31 1.04333 3.86427 3.70377
11 23 12 15 1.39252 5.57937 4.00667
11 23 13 16 0.684424 6.27136 9.16298
11 23 14 17 0.269428 3.80895 14.1372
11 23 15 18 0.325746 5.61845 17.248
11 23 16 19 0.241426 4.1641 17.248
11 23 17 20 0.317186 4.48411 14.1372
11 23 18 21 0.740946 6.78927 9.16298
11 23 19 22 1.5943 6.38784 4.00667
11 33 12 17 1.53596 5.68886 3.70377
11 33 13 18 0.721713 6.06546 8.40426
11 33 14 19 0.291315 4.02938 13.8317
11 33 15 20 0.267624 5.24637 19.6035
11 33 16 21 0.159769 4.03125 25.2317
11 33 17 22 0.140169 4.22741 30.1593
11 33 18 23 0.116101 3.928 33.8325
11 33 19 24 0.114788 4.10914 35.7978
11 33 20 25 0.108629 3.88868 35.7978
11 33 21 26 0.125308 4.23949 33.8325
11 33 22 27 0.148656 4.48335 30.1593
11 33 23 28 0.159931 4.03533 25.2317
11 33 24 29 0.273621 5.36395 19.6035
11 33 25 30 0.365194 5.05124 13.8317
11 33 26 31 0.520147 4.37145 8.40426
11 33 27 32 1.43552 5.31684 3.70377
12 24 13 16 2.66566 10.6804 4.00667
12 24 14 17 0.474457 4.34744 9.16298
12 24 15 18 0.462938 6.54463 14.1372
12 24 16 19 0.245918 4.24158 17.248
12 24 17 20 0.267708 4.61742 17.248
12 24 18 21 0.358331 5.06579 14.1372
12 24 19 22 0.505205 4.62918 9.16298
12 24 20 23 2.13781 8.5655 4.00667
12 34 13 18 2.76445 10.2389 3.70377
12 34 14 19 0.548962 4.61362 8.40426
12 34 15 20 0.455882 6.30561 13.8317
12 34 16 21 0.224901 4.40885 19.6035
12 34 17 22 0.186716 4.71116 25.2317
12 34 18 23 0.136682 4.12222 30.1593
12 34 19 24 0.126085 4.26576 33.8325
12 34 20 25 0.111856 4.0042 35.7978
12 34 21 26 0.119197 4.26699 35.7978
12 34 22 27 0.134097 4.53685 33.8325
12 34 23 28 0.134604 4.05957 30.1593
12 34 24 29 0.20699 5.2227 25.2317
12 34 25 30 0.257991 5.05753 19.6035
12 34 26 31 0.329201 4.5534 13.8317
12 34 27 32 0.669124 5.6235 8.40426
12 34 28 33 2.46912 9.14505 3.70377
13 25 14 17 0.855224 3.4266 4.00667
13 25 15 18 0.683533 6.2632 9.16298
13 25 16 19 0.28168 3.98216 14.1372
13 25 17 20 0.272295 4.69654 17.248
13 25 18 21 0.273686 4.72052 17.248
13 25 19 22 0.318506 4.50278 14.1372
13 25 20 23 0.810581 7.42734 9.16298
13 25 21 24 2.45479 9.83552 4.00667
13 35 14 19 0.968651 3.58766 3.70377
13 35 15 20 0.703769 5.91466 8.40426
13 35 16 21 0.287556 3.97739 13.8317
13 35 17 22 0.22745 4.45882 19.6035
13 35 18 23 0.150609 3.80012 25.2317
13 35 19 24 0.130156 3.92543 30.1593
13 35 20 25 0.107592 3.64012 33.8325
13 35 21 26 0.104449 3.73905 35.7978
13 35 22 27 0.109812 3.93104 35.7978
13 35 23 28 0.100147 3.38822 33.8325
13 35 24 29 0.131279 3.95929 30.1593
13 35 25 30 0.14782 3.72974 25.2317
13 35 26 31 0.162121 3.17814 19.6035
13 35 27 32 0.249019 3.44435 13.8317
13 35 28 33 0.429539 3.60996 8.40426
13 35 29 34 0.927607 3.43565 3.70377
14 26 15 18 2.55058 10.2193 4.00667
14 26 16 19 0.456486 4.18277 9.16298
14 26 17 20 0.365849 5.17207 14.1372
14 26 18 21 0.238407 4.11204 17.248
14 26 19 22 0.211359 3.64551 17.248
14 26 20 23 0.300089 4.24241 14.1372
14 26 21 24 0.430073 3.94075 9.16298
14 26 22 25 0.726504 2.91086 4.00667
14 36 15 20 2.63193 9.74806 3.70377
14 36 16 21 0.513762 4.31779 8.40426
14 36 17 22 0.370656 5.12679 13.8317
14 36 18 23 0.208508 4.08749 19.6035
14 36 19 24 0.166792 4.20844 25.2317
14 36 20 25 0.127586 3.84791 30.1593
14 36 21 26 0.115134 3.89528 33.8325
14 36 22 27 0.116337 4.16462 35.7978
14 36 23 28 0.100566 3.60002 35.7978
14 36 24 29 0.123208 4.16844 33.8325
14 36 25 30 0.133393 4.02304 30.1593
14 36 26 31 0.138569 3.49633 25.2317
14 36 27 32 0.197081 3.86349 19.6035
14 36 28 33 0.303586 4.1991 13.8317
14 36 29 34 0.506364 4.25561 8.40426
14 36 30 35 4.13275 15.3068 3.70377
15 27 16 19 0.651356 2.60977 4.00667
15 27 17 20 0.456055 4.17882 9.16298
15 27 18 21 0.249642 3.52922 14.1372
15 27 19 22 0.201714 3.47915 17.248
15 27 20 23 0.243643 4.20235 17.248
15 27 21 24 0.302494 4.27641 14.1372
15 27 22 25 0.436753 4.00196 9.16298
15 27 23 26 1.72198 6.89939 4.00667
15 37 16 21 0.728931 2.69979 3.70377
15 37 17 22 0.476313 4.00306 8.40426
15 37 18 23 0.23962 3.31434 13.8317
15 37 19 24 0.182769 3.58291 19.6035
15 37 20 25 0.133431 3.36669 25.2317
15 37 21 26 0.114879 3.46467 30.1593
15 37 22 27 0.112974 3.82221 33.8325
15 37 23 28 0.0932733 3.33898 35.7978
15 37 24 29 0.106961 3.82896 35.7978
15 37 25 30 0.111563 3.77447 33.8325
15 37 26 31 0.108984 3.28689 30.1593
15 37 27 32 0.142211 3.58823 25.2317
15 37 28 33 0.192412 3.77195 19.6035
15 37 29 34 0.25444 3.51933 13.8317
15 37 30 35 0.91032 7.65057 8.40426
15 37 31 36 1.92497 7.12964 3.70377
16 28 17 20 3.56405 14.28 4.00667
16 28 18 21 0.709562 6.5017 9.16298
16 28 19 22 0.395408 5.58995 14.1372
16 28 20 23 0.288464 4.97542 17.248
16 28 21 24 0.278161 4.7977 17.248
16 28 22 25 0.345541 4.88497 14.1372
16 28 23 26 0.79255 7.26212 9.16298
16 28 24 27 2.65679 10.6449 4.00667
16 38 17 22 3.65549 13.5391 3.70377
16 38 18 23 0.744118 6.25376 8.40426
16 38 19 24 0.420165 5.81158 13.8317
16 38 20 25 0.227521 4.46021 19.6035
16 38 21 26 0.165499 4.17581 25.2317
16 38 22 27 0.151015 4.55451 30.1593
16 38 23 28 0.112137 3.79389 33.8325
16 38 24 29 0.115223 4.12472 35.7978
16 38 25 30 0.113458 4.06153 35.7978
16 38 26 31 0.102654 3.47306 33.8325
16 38 27 32 0.124819 3.76445 30.1593
16 38 28 33 0.154281 3.89277 25.2317
16 38 29 34 0.179278 3.51448 19.6035
16 38 30 35 0.439536 6.07952 13.8317
16 38 31 36 0.649472 5.45833 8.40426
16 38 32 37 1.43848 5.32779 3.70377
17 29 18 21 1.67764 6.72175 4.00667
17 29 19 22 0.664602 6.08974 9.16298
17 29 20 23 0.314381 4.44446 14.1372
17 29 21 24 0.230958 3.98355 17.248
17 29 22 25 0.241457 4.16465 17.248
17 29 23 26 0.333544 4.71536 14.1372
17 29 24 27 0.588574 5.39309 9.16298
17 29 25 28 1.3084 5.24234 4.00667
17 39 18 23 1.75273 6.49171 3.70377
17 39 19 24 0.73038 6.1383 8.40426
17 39 20 25 0.308165 4.26243 13.8317
17 39 21 26 0.199581 3.91249 19.6035
17 39 22 27 0.173671 4.382 25.2317
17 39 23 28 0.120074 3.62134 30.1593
17 39 24 29 0.11387 3.85252 33.8325
17 39 25 30 0.107221 3.83826 35.7978
17 39 26 31 0.0907237 3.24771 35.7978
17 39 27 32 0.103659 3.50705 33.8325
17 39 28 33 0.11871 3.58021 30.1593
17 39 29 34 0.124435 3.1397 25.2317
17 39 30 35 0.241572 4.73567 19.6035
17 39 31 36 0.302882 4.18936 13.8317
17 39 32 37 0.468025 3.9334 8.40426
17 39 33 38 0.869796 3.22153 3.70377
18 30 19 22 2.97548 11.9218 4.00667
18 30 20 23 0.632571 5.79624 9.16298
18 30 21 24 0.328583 4.64523 14.1372
18 30 22 25 0.294563 5.08062 17.248
18 30 23 26 0.291298 5.02429 17.248
18 30 24 27 0.378417 5.34974 14.1372
18 30 25 28 0.609263 5.58266 9.16298
18 30 26 29 3.22636 12.927 4.00667
18 40 19 24 3.1227 11.5658 3.70377
18 40 20 25 0.670439 5.63454 8.40426
18 40 21 26 0.336791 4.65838 13.8317
18 40 22 27 0.269838 5.28978 19.6035
18 40 23 28 0.165113 4.16607 25.2317
18 40 24 29 0.140253 4.22994 30.1593
18 40 25 30 0.124004 4.19538 33.8325
18 40 26 31 0.096964 3.47109 35.7978
18 40 27 32 0.105094 3.76213 35.7978
18 40 28 33 0.114416 3.87097 33.8325
18 40 29 34 0.111717 3.36932 30.1593
18 40 30 35 0.194036 4.89586 25.2317
18 40 31 36 0.229055 4.49029 19.6035
18 40 32 37 0.316253 4.37431 13.8317
18 40 33 38 0.460681 3.87168 8.40426
18 40 34 39 2.59952 9.62802 3.70377
19 31 20 23 1.38363 5.54377 4.00667
19 31 21 24 0.473253 4.3364 9.16298
19 31 22 25 0.374561 5.29523 14.1372
19 31 23 26 0.28483 4.91274 17.248
19 31 24 27 0.290753 5.01489 17.248
19 31 25 28 0.376874 5.32792 14.1372
19 31 26 29 1.10489 10.124 9.16298
19 31 27 30 2.72729 10.9274 4.00667
19 41 20 25 1.46415 5.4229 3.70377
19 41 21 26 0.515519 4.33256 8.40426
19 41 22 27 0.383209 5.30042 13.8317
19 41 23 28 0.2116 4.1481 19.6035
19 41 24 29 0.164028 4.13869 25.2317
19 41 25 30 0.139409 4.20446 30.1593
19 41 26 31 0.10243 3.46546 33.8325
19 41 27 32 0.106647 3.81772 35.7978
19 41 28 33 0.111735 3.99987 35.7978
19 41 29 34 0.103893 3.51497 33.8325
19 41 30 35 0.164887 4.97287 30.1593
19 41 31 36 0.186648 4.70944 25.2317
19 41 32 37 0.240622 4.71704 19.6035
19 41 33 38 0.319731 4.42242 13.8317
19 41 34 39 1.10655 9.29972 8.40426
19 41 35 40 2.62842 9.73508 3.70377
20 32 21 24 0.940333 3.7676 4.00667
20 32 22 25 0.594176 5.44442 9.16298
20 32 23 26 0.322753 4.56281 14.1372
20 32 24 27 0.243809 4.20521 17.248
20 32 25 28 0.241745 4.1696 17.248
20 32 26 29 0.373927 5.28627 14.1372
20 32 27 30 0.520669 4.77088 9.16298
20 32 28 31 0.973516 3.90056 4.00667
20 42 21 26 1.03281 3.82529 3.70377
20 42 22 27 0.646331 5.43193 8.40426
20 42 23 28 0.301415 4.16907 13.8317
20 42 24 29 0.208267 4.08276 19.6035
20 42 25 30 0.166911 4.21143 25.2317
20 42 26 31 0.113067 3.41001 30.1593
20 42 27 32 0.112394 3.80258 33.8325
20 42 28 33 0.11263 4.03191 35.7978
20 42 29 34 0.0974448 3.48831 35.7978
20 42 30 35 0.142731 4.82895 33.8325
20 42 31 36 0.154419 4.65716 30.1593
20 42 32 37 0.185702 4.68559 25.2317
20 42 33 38 0.229255 4.4942 19.6035
20 42 34 39 0.571113 7.89945 13.8317
20 42 35 40 0.942153 7.9181 8.40426
20 42 36 41 2.32978 8.62899 3.70377
21 33 22 25 3.56621 14.2886 4.00667
21 33 23 26 0.772505 7.07845 9.16298
21 33 24 27 0.364812 5.1574 14.1372
21 33 25 28 0.280102 4.83119 17.248
21 33 26 29 0.291701 5.03125 17.248
21 33 27 30 0.347784 4.91668 14.1372
21 33 28 31 0.494113 4.52754 9.16298
21 33 29 32 1.28981 5.16785 4.00667
21 43 22 27 3.69524 13.6863 3.70377
21 43 23 28 0.783313 6.58316 8.40426
21 43 24 29 0.368434 5.09606 13.8317
21 43 25 30 0.252462 4.94914 19.6035
21 43 26 31 0.142347 3.59165 25.2317
21 43 27 32 0.130624 3.93954 30.1593
21 43 28 33 0.122021 4.12826 33.8325
21 43 29 34 0.0944429 3.38084 35.7978
21 43 30 35 0.121222 4.33949 35.7978
21 43 31 36 0.122096 4.13082 33.8325
21 43 32 37 0.130929 3.94871 30.1593
21 43 33 38 0.145047 3.65979 25.2317
21 43 34 39 0.235524 4.61711 19.6035
21 43 35 40 0.27939 3.86443 13.8317
21 43 36 41 0.417834 3.51159 8.40426
21 43 37 42 1.00144 3.70909 3.70377
22 34 23 26 1.64991 6.61065 4.00667
22 34 24 27 0.523694 4.7986 9.16298
22 34 25 28 0.332644 4.70264 14.1372
22 34 26 29 0.254159 4.38372 17.248
22 34 27 30 0.267869 4.62019 17.248
22 34 28 31 0.330634 4.67423 14.1372
22 34 29 32 0.577719 5.29363 9.16298
22 34 30 33 2.28933 9.17258 4.00667
22 44 23 28 1.68743 6.24985 3.70377
22 44 24 29 0.557633 4.6865 8.40426
22 44 25 30 0.339775 4.69966 13.8317
22 44 26 31 0.16917 3.31632 19.6035
22 44 27 32 0.149184 3.76417 25.2317
22 44 28 33 0.135112 4.07488 30.1593
22 44 29 34 0.100419 3.39743 33.8325
22 44 30 35 0.122298 4.37799 35.7978
22 44 31 36 0.120131 4.30042 35.7978
22 44 32 37 0.124028 4.19619 33.8325
22 44 33 38 0.133508 4.0265 30.1593
22 44 34 39 0.200299 5.05387 25.2317
22 44 35 40 0.22206 4.35315 19.6035
22 44 36 41 0.304273 4.2086 13.8317
22 44 37 42 0.540438 4.54198 8.40426
22 44 38 43 2.33613 8.65248 3.70377
23 35 24 27 2.11133 8.45941 4.00667
23 35 25 28 0.775945 7.10997 9.16298
23 35 26 29 0.286297 4.04743 14.1372
23 35 27 30 0.237759 4.10086 17.248
23 35 28 31 0.229352 3.95586 17.248
23 35 29 32 0.236363 3.34151 14.1372
23 35 30 33 0.393373 3.60447 9.16298
23 35 31 34 0.883088 3.53824 4.00667
23 45 24 29 2.22104 8.22623 3.70377
23 45 25 30 0.850267 7.14586 8.40426
23 45 26 31 0.278932 3.8581 13.8317
23 45 27 32 0.221343 4.33911 19.6035
23 45 28 33 0.184579 4.65725 25.2317
23 45 29 34 0.121398 3.66128 30.1593
23 45 30 35 0.133302 4.50996 33.8325
23 45 31 36 0.123359 4.41597 35.7978
23 45 32 37 0.116451 4.16868 35.7978
23 45 33 38 0.11803 3.99325 33.8325
23 45 34 39 0.156354 4.71552 30.1593
23 45 35 40 0.155425 3.92162 25.2317
23 45 36 41 0.193938 3.80187 19.6035
23 45 37 42 0.276536 3.82495 13.8317
23 45 38 43 0.64781 5.44436 8.40426
23 45 39 44 1.16126 4.30106 3.70377
24 36 25 28 2.4442 9.7931 4.00667
24 36 26 29 0.432761 3.96538 9.16298
24 36 27 30 0.31091 4.39539 14.1372
24 36 28 31 0.264559 4.56311 17.248
24 36 29 32 0.215858 3.72311 17.248
24 36 30 33 0.296546 4.19232 14.1372
24 36 31 34 0.497137 4.55525 9.16298
24 36 32 35 4.06689 16.2947 4.00667
24 46 25 30 2.57435 9.53482 3.70377
24 46 26 31 0.452701 3.80462 8.40426
24 46 27 32 0.323187 4.47021 13.8317
24 46 28 33 0.250976 4.92002 19.6035
24 46 29 34 0.149311 3.76736 25.2317
24 46 30 35 0.151785 4.57773 30.1593
24 46 31 36 0.134325 4.54455 33.8325
24 46 32 37 0.118762 4.25141 35.7978
24 46 33 38 0.115453 4.13297 35.7978
24 46 34 39 0.141552 4.78908 33.8325
24 46 35 40 0.130836 3.94591 30.1593
24 46 36 41 0.15513 3.9142 25.2317
24 46 37 42 0.200894 3.93823 19.6035
24 46 38 43 0.387653 5.36189 13.8317
24 46 39 44 0.520298 4.37272 8.40426
24 46 40 45 2.79986 10.37 3.70377
25 37 26 29 0.708159 2.83736 4.00667
25 37 27 30 0.425452 3.89841 9.16298
25 37 28 31 0.317159 4.48374 14.1372
25 37 29 32 0.203066 3.50247 17.248
25 37 30 33 0.220412 3.80166 17.248
25 37 31 34 0.274366 3.87875 14.1372
25 37 32 35 0.885558 8.11434 9.16298
25 37 33 36 1.84806 7.40455 4.00667
25 47 26 31 0.762362 2.82361 3.70377
25 47 27 32 0.469867 3.94889 8.40426
25 47 28 33 0.336702 4.65716 13.8317
25 47 29 34 0.179724 3.52323 19.6035
25 47 30 35 0.170492 4.30181 25.2317
25 47 31 36 0.143951 4.34147 30.1593
25 47 32 37 0.118315 4.00289 33.8325
25 47 33 38 0.109772 3.9296 35.7978
25 47 34 39 0.123445 4.41905 35.7978
25 47 35 40 0.104215 3.52584 33.8325
25 47 36 41 0.116186 3.50408 30.1593
25 47 37 42 0.135222 3.41189 25.2317
25 47 38 43 0.216589 4.24592 19.6035
25 47 39 44 0.238198 3.29468 13.8317
25 47 40 45 0.551479 4.63477 8.40426
25 47 41 46 1.24832 4.62348 3.70377
26 38 27 30 1.70528 6.83249 4.00667
26 38 28 31 0.773073 7.08365 9.16298
26 38 29 32 0.310619 4.39128 14.1372
26 38 30 33 0.258453 4.45778 17.248
26 38 31 34 0.250628 4.32282 17.248
26 38 32 35 0.453303 6.40841 14.1372
26 38 33 36 0.620601 5.68655 9.16298
26 38 34 37 1.379 5.52519 4.00667
26 48 27 32 1.82286 6.75144 3.70377
26 48 28 33 0.844114 7.09416 8.40426
26 48 29 34 0.322819 4.46513 13.8317
26 48 30 35 0.259453 5.08619 19.6035
26 48 31 36 0.200047 5.04753 25.2317
26 48 32 37 0.145979 4.40261 30.1593
26 48 33 38 0.127738 4.32171 33.8325
26 48 34 39 0.132557 4.74526 35.7978
26 48 35 40 0.103064 3.68945 35.7978
26 48 36 41 0.110235 3.72952 33.8325
26 48 37 42 0.120605 3.63737 30.1593
26 48 38 43 0.178532 4.50467 25.2317
26 48 39 44 0.183525 3.59774 19.6035
26 48 40 45 0.347191 4.80224 13.8317
26 48 41 46 0.593683 4.98947 8.40426
26 48 42 47 2.95645 10.95 3.70377
27 39 28 31 2.6328 10.5487 4.00667
27 39 29 32 0.567975 5.20434 9.16298
27 39 30 33 0.356486 5.03971 14.1372
27 39 31 34 0.269735 4.65237 17.248
27 39 32 35 0.298465 5.14792 17.248
27 39 33 36 0.318351 4.50059 14.1372
27 39 34 37 0.460832 4.22259 9.16298
27 39 35 38 0.728551 2.91906 4.00667
27 49 28 33 2.76936 10.2571 3.70377
27 49 29 34 0.621106 5.21994 8.40426
27 49 30 35 0.401835 5.55806 13.8317
27 49 31 36 0.275825 5.40714 19.6035
27 49 32 37 0.175279 4.42258 25.2317
27 49 33 38 0.144909 4.37037 30.1593
27 49 34 39 0.139279 4.71217 33.8325
27 49 35 40 0.099042 3.54548 35.7978
27 49 36 41 0.101365 3.62866 35.7978
27 49 37 42 0.103436 3.49951 33.8325
27 49 38 43 0.139944 4.22062 30.1593
27 49 39 44 0.133208 3.36105 25.2317
27 49 40 45 0.206208 4.04241 19.6035
27 49 41 46 0.285043 3.94263 13.8317
27 49 42 47 0.665291 5.59128 8.40426
27 49 43 48 1.52399 5.64452 3.70377
28 40 29 32 1.27771 5.11936 4.00667
28 40 30 33 0.588714 5.39437 9.16298
28 40 31 34 0.362897 5.13034 14.1372
28 40 32 35 0.289457 4.99255 17.248
28 40 33 36 0.272525 4.7005 17.248
28 40 34 37 0.334796 4.73307 14.1372
28 40 35 38 0.366072 3.35431 9.16298
28 40 36 39 2.48555 9.95877 4.00667
28 50 29 34 1.35515 5.01918 3.70377
28 50 30 35 0.66422 5.58228 8.40426
28 50 31 36 0.396788 5.48824 13.8317
28 50 32 37 0.216415 4.2425 19.6035
28 50 33 38 0.170634 4.30539 25.2317
28 50 34 39 0.15491 4.67196 30.1593
28 50 35 40 0.102625 3.47207 33.8325
28 50 36 41 0.10177 3.64313 35.7978
28 50 37 42 0.0991687 3.55002 35.7978
28 50 38 43 0.127516 4.3142 33.8325
28 50 39 44 0.11646 3.51234 30.1593
28 50 40 45 0.16608 4.19049 25.2317
28 50 41 46 0.212168 4.15925 19.6035
28 50 42 47 0.389455 5.38681 13.8317
28 50 43 48 0.600196 5.04421 8.40426
28 50 44 49 1.71842 6.36465 3.70377
29 41 30 33 3.20377 12.8365 4.00667
29 41 31 34 1.08871 9.97584 9.16298
29 41 32 35 0.429466 6.07143 14.1372
29 41 33 36 0.327854 5.65482 17.248
29 41 34 37 0.324817 5.60242 17.248
29 41 35 38 0.270622 3.82583 14.1372
29 41 36 39 1.04222 9.54985 9.16298
29 41 37 40 2.54462 10.1954 4.00667
29 51 30 35 3.37238 12.4905 3.70377
29 51 31 36 1.18062 9.92223 8.40426
29 51 32 37 0.398665 5.51421 13.8317
29 51 33 38 0.274779 5.38664 19.6035
29 51 34 39 0.218286 5.50772 25.2317
29 51 35 40 0.123772 3.73286 30.1593
29 51 36 41 0.114942 3.88877 33.8325
29 51 37 42 0.102032 3.65251 35.7978
29 51 38 43 0.119249 4.26886 35.7978
29 51 39 44 0.101488 3.4336 33.8325
29 51 40 45 0.130565 3.93773 30.1593
29 51 41 46 0.153397 3.87047 25.2317
29 51 42 47 0.235783 4.62217 19.6035
29 51 43 48 0.295745 4.09065 13.8317
29 51 44 49 0.543446 4.56726 8.40426
29 51 45 50 1.01958 3.77628 3.70377
30 42 31 34 2.73119 10.943 4.00667
30 42 32 35 0.579377 5.30882 9.16298
30 42 33 36 0.382194 5.40313 14.1372
30 42 34 37 0.324296 5.59345 17.248
30 42 35 38 0.213842 3.68834 17.248
30 42 36 39 0.544702 7.70054 14.1372
30 42 37 40 0.899269 8.23998 9.16298
30 42 38 41 2.24021 8.97577 4.00667
30 52 31 36 2.87421 10.6454 3.70377
30 52 32 37 0.582852 4.89844 8.40426
30 52 33 38 0.367729 5.08631 13.8317
30 52 34 39 0.271379 5.31999 19.6035
30 52 35 40 0.140102 3.535 25.2317
30 52 36 41 0.125759 3.79281 30.1593
30 52 37 42 0.106059 3.58824 33.8325
30 52 38 43 0.117879 4.21981 35.7978
30 52 39 44 0.0964631 3.45316 35.7978
30 52 40 45 0.1179 3.98886 33.8325
30 52 41 46 0.133088 4.01383 30.1593
30 52 42 47 0.188122 4.74663 25.2317
30 52 43 48 0.216421 4.24262 19.6035
30 52 44 49 0.350669 4.85034 13.8317
30 52 45 50 0.515591 4.33316 8.40426
30 52 46 51 2.91628 10.8012 3.70377
31 43 32 35 1.0212 4.09161 4.00667
31 43 33 36 0.513004 4.70064 9.16298
31 43 34 37 0.356575 5.04096 14.1372
31 43 35 38 0.171814 2.96343 17.248
31 43 36 39 0.252108 4.34834 17.248
31 43 37 40 0.278042 3.93073 14.1372
31 43 38 41 0.390035 3.57389 9.16298
31 43 39 42 0.88115 3.53048 4.00667
31 53 32 37 1.06823 3.95647 3.70377
31 53 33 38 0.543179 4.56502 8.40426
31 53 34 39 0.360102 4.98082 13.8317
31 53 35 40 0.164778 3.23023 19.6035
31 53 36 41 0.141327 3.56591 25.2317
31 53 37 42 0.111546 3.36414 30.1593
31 53 38 43 0.11597 3.92356 33.8325
31 53 39 44 0.0899415 3.21971 35.7978
31 53 40 45 0.102489 3.66886 35.7978
31 53 41 46 0.109368 3.70021 33.8325
31 53 42 47 0.138957 4.19084 30.1593
31 53 43 48 0.143114 3.611 25.2317
31 53 44 49 0.203458 3.98851 19.6035
31 53 45 50 0.245486 3.39548 13.8317
31 53 46 51 0.599986 5.04244 8.40426
31 53 47 52 1.36379 5.05115 3.70377
32 44 33 36 1.38671 5.55609 4.00667
32 44 34 37 0.67082 6.14671 9.16298
32 44 35 38 0.230635 3.26053 14.1372
32 44 36 39 0.269165 4.64254 17.248
32 44 37 40 0.25024 4.31613 17.248
32 44 38 41 0.300337 4.24591 14.1372
32 44 39 42 0.458237 4.19881 9.16298
32 44 40 43 2.21918 8.89153 4.00667
32 54 33 38 1.4609 5.41083 3.70377
32 54 34 39 0.70295 5.90778 8.40426
32 54 35 40 0.24564 3.39762 13.8317
32 54 36 41 0.194505 3.81299 19.6035
32 54 37 42 0.138976 3.50659 25.2317
32 54 38 43 0.133318 4.02078 30.1593
32 54 39 44 0.097607 3.30229 33.8325
32 54 40 45 0.10498 3.75805 35.7978
32 54 41 46 0.107368 3.84355 35.7978
32 54 42 47 0.127801 4.32384 33.8325
32 54 43 48 0.123323 3.71933 30.1593
32 54 44 49 0.165679 4.18037 25.2317
32 54 45 50 0.185683 3.64004 19.6035
32 54 46 51 0.357291 4.94194 13.8317
32 54 47 52 0.590639 4.96388 8.40426
32 54 48 53 2.52651 9.35763 3.70377
33 45 34 37 2.37798 9.52776 4.00667
33 45 35 38 0.370618 3.39597 9.16298
33 45 36 39 0.322758 4.56288 14.1372
33 45 37 40 0.230424 3.97435 17.248
33 45 38 41 0.223467 3.85435 17.248
33 45 39 42 0.239471 3.38544 14.1372
33 45 40 43 0.592762 5.43147 9.16298
33 45 41 44 1.10147 4.41324 4.00667
33 55 34 39 2.44979 9.07348 3.70377
33 55 35 40 0.419879 3.52877 8.40426
33 55 36 41 0.295675 4.08967 13.8317
33 55 37 42 0.183237 3.59209 19.6035
33 55 38 43 0.158164 3.99074 25.2317
33 55 39 44 0.107669 3.24721 30.1593
33 55 40 45 0.108778 3.68022 33.8325
33 55 41 46 0.106034 3.79579 35.7978
33 55 42 47 0.117269 4.19797 35.7978
33 55 43 48 0.104795 3.54547 33.8325
33 55 44 49 0.132238 3.98821 30.1593
33 55 45 50 0.137164 3.46087 25.2317
33 55 46 51 0.2127 4.16968 19.6035
33 55 47 52 0.273867 3.78803 13.8317
33 55 48 53 0.612169 5.14483 8.40426
33 55 49 54 1.3273 4.91603 3.70377
34 46 35 38 0.853521 3.41978 4.00667
34 46 36 39 0.521553 4.77898 9.16298
34 46 37 40 0.27749 3.92292 14.1372
34 46 38 41 0.223343 3.85221 17.248
34 46 39 42 0.192327 3.31725 17.248
34 46 40 43 0.365581 5.16828 14.1372
34 46 41 44 0.494015 4.52665 9.16298
34 46 42 45 2.72755 10.9284 4.00667
34 56 35 40 0.931868 3.45143 3.70377
34 56 36 41 0.521781 4.38518 8.40426
34 56 37 42 0.262499 3.6308 13.8317
34 56 38 43 0.20175 3.95502 19.6035
34 56 39 44 0.12803 3.23042 25.2317
34 56 40 45 0.122877 3.70587 30.1593
34 56 41 46 0.115592 3.91078 33.8325
34 56 42 47 0.12175 4.35837 35.7978
34 56 43 48 0.103522 3.70587 35.7978
34 56 44 49 0.126797 4.28987 33.8325
34 56 45 50 0.12708 3.83264 30.1593
34 56 46 51 0.185017 4.6683 25.2317
34 56 47 52 0.223083 4.37322 19.6035
34 56 48 53 0.429181 5.93629 13.8317
34 56 49 54 0.718695 6.0401 8.40426
34 56 50 55 2.30472 8.53617 3.70377
35 47 36 39 4.01541 16.0884 4.00667
35 47 37 40 0.831747 7.62128 9.16298
35 47 38 41 0.391081 5.52877 14.1372
35 47 39 42 0.213861 3.68866 17.248
35 47 40 43 0.270009 4.6571 17.248
35 47 41 44 0.27192 3.84418 14.1372
35 47 42 45 0.549228 5.03256 9.16298
35 47 43 46 1.14183 4.57492 4.00667
35 57 36 41 4.09275 15.1586 3.70377
35 57 37 42 0.87636 7.36516 8.40426
35 57 38 43 0.434428 6.00886 13.8317
35 57 39 44 0.218686 4.28701 19.6035
35 57 40 45 0.181538 4.58051 25.2317
35 57 41 46 0.154356 4.65526 30.1593
35 57 42 47 0.142878 4.83392 33.8325
35 57 43 48 0.105571 3.77919 35.7978
35 57 44 49 0.119735 4.28624 35.7978
35 57 45 50 0.109765 3.71364 33.8325
35 57 46 51 0.140035 4.22336 30.1593
35 57 47 52 0.148687 3.75162 25.2317
35 57 48 53 0.232 4.54803 19.6035
35 57 49 54 0.303857 4.20285 13.8317
35 57 50 55 0.531634 4.46799 8.40426
35 57 51 56 0.790558 2.92805 3.70377
36 48 37 40 1.81349 7.26607 4.00667
36 48 38 41 0.573878 5.25843 9.16298
36 48 39 42 0.25033 3.53895 14.1372
36 48 40 43 0.26804 4.62315 17.248
36 48 41 44 0.243092 4.19285 17.248
36 48 42 45 0.368794 5.2137 14.1372
36 48 43 46 0.523219 4.79424 9.16298
36 48 44 47 2.88209 11.5476 4.00667
36 58 37 42 1.88797 6.9926 3.70377
36 58 38 43 0.645719 5.42679 8.40426
36 58 39 44 0.279099 3.8604 13.8317
36 58 40 45 0.216348 4.24119 19.6035
36 58 41 46 0.17593 4.43901 25.2317
36 58 42 47 0.153589 4.63214 30.1593
36 58 43 48 0.105735 3.57727 33.8325
36 58 44 49 0.115187 4.12344 35.7978
36 58 45 50 0.100524 3.59853 35.7978
36 58 46 51 0.119535 4.04417 33.8325
36 58 47 52 0.117993 3.55859 30.1593
36 58 48 53 0.166303 4.19611 25.2317
36 58 49 54 0.196897 3.85989 19.6035
36 58 50 55 0.293215 4.05565 13.8317
36 58 51 56 0.350261 2.94369 8.40426
36 58 52 57 1.75543 6.50172 3.70377
37 49 38 41 1.30997 5.24862 4.00667
37 49 39 42 0.373476 3.42215 9.16298
37 49 40 43 0.315535 4.46077 14.1372
37 49 41 44 0.248828 4.29178 17.248
37 49 42 45 0.271429 4.6816 17.248
37 49 43 46 0.256195 3.62187 14.1372
37 49 44 47 0.640591 5.86972 9.16298
37 49 45 48 1.44484 5.78898 4.00667
37 59 38 43 1.43895 5.32953 3.70377
37 59 39 44 0.443024 3.72329 8.40426
37 59 40 45 0.305956 4.23188 13.8317
37 59 41 46 0.232855 4.56478 19.6035
37 59 42 47 0.189039 4.76978 25.2317
37 59 43 48 0.11842 3.57146 30.1593
37 59 44 49 0.123393 4.1747 33.8325
37 59 45 50 0.102051 3.65321 35.7978
37 59 46 51 0.113743 4.07175 35.7978
37 59 47 52 0.105248 3.56082 33.8325
37 59 48 53 0.137447 4.1453 30.1593
37 59 49 54 0.15151 3.82286 25.2317
37 59 50 55 0.205545 4.02942 19.6035
37 59 51 56 0.221364 3.06184 13.8317
37 59 52 57 0.615075 5.16925 8.40426
37 59 53 58 2.46096 9.11483 3.70377
38 50 39 42 0.734193 2.94167 4.00667
38 50 40 43 0.440225 4.03378 9.16298
38 50 41 44 0.307255 4.34371 14.1372
38 50 42 45 0.277686 4.78952 17.248
38 50 43 46 0.207354 3.57644 17.248
38 50 44 47 0.389453 5.50576 14.1372
38 50 45 48 0.556999 5.10377 9.16298
38 50 46 49 1.62473 6.50977 4.00667
38 60 39 44 0.845652 3.1321 3.70377
38 60 40 45 0.453668 3.81274 8.40426
38 60 41 46 0.315353 4.36186 13.8317
38 60 42 47 0.236097 4.62833 19.6035
38 60 43 48 0.134479 3.39313 25.2317
38 60 44 49 0.134861 4.06731 30.1593
38 60 45 50 0.106565 3.60537 33.8325
38 60 46 51 0.112886 4.04107 35.7978
38 60 47 52 0.0993315 3.55585 35.7978
38 60 48 53 0.122976 4.16061 33.8325
38 60 49 54 0.128976 3.88983 30.1593
38 60 50 55 0.165517 4.17626 25.2317
38 60 51 56 0.168388 3.30101 19.6035
38 60 52 57 0.361831 5.00473 13.8317
38 60 53 58 0.903634 7.59437 8.40426
38 60 54 59 2.63638 9.76456 3.70377
39 51 40 43 2.48031 9.93779 4.00667
39 51 41 44 1.01686 9.31744 9.16298
39 51 42 45 0.551801 7.8009 14.1372
39 51 43 46 0.221087 3.8133 17.248
39 51 44 47 0.298103 5.14167 17.248
39 51 45 48 0.303566 4.29157 14.1372
39 51 46 49 0.514781 4.71693 9.16298
39 51 47 50 0.910294 3.64725 4.00667
39 61 40 45 2.56024 9.48253 3.70377
39 61 41 46 1.0813 9.08755 8.40426
39 61 42 47 0.56558 7.82292 13.8317
39 61 43 48 0.210856 4.13353 19.6035
39 61 44 49 0.190314 4.80195 25.2317
39 61 45 50 0.13457 4.05854 30.1593
39 61 46 51 0.128422 4.34483 33.8325
39 61 47 52 0.102117 3.65555 35.7978
39 61 48 53 0.11542 4.13179 35.7978
39 61 49 54 0.111299 3.76551 33.8325
39 61 50 55 0.131283 3.95939 30.1593
39 61 51 56 0.12295 3.10224 25.2317
39 61 52 57 0.197999 3.88147 19.6035
39 61 53 58 0.312287 4.31945 13.8317
39 61 54 59 0.52249 4.39114 8.40426
39 61 55 60 1.10428 4.09001 3.70377
40 52 41 44 2.53787 10.1684 4.00667
40 52 42 45 0.930791 8.52882 9.16298
40 52 43 46 0.262569 3.71199 14.1372
40 52 44 47 0.297469 5.13074 17.248
40 52 45 48 0.253789 4.37734 17.248
40 52 46 49 0.35149 4.96907 14.1372
40 52 47 50 0.449178 4.11581 9.16298
40 52 48 51 2.81322 11.2716 4.00667
40 62 41 46 2.64511 9.79687 3.70377
40 62 42 47 0.975955 8.20218 8.40426
40 62 43 48 0.280735 3.88304 13.8317
40 62 44 49 0.238338 4.67227 19.6035
40 62 45 50 0.158388 3.9964 25.2317
40 62 46 51 0.14349 4.32756 30.1593
40 62 47 52 0.108414 3.66792 33.8325
40 62 48 53 0.117609 4.21016 35.7978
40 62 49 54 0.109069 3.90441 35.7978
40 62 50 55 0.124343 4.20684 33.8325
40 62 51 56 0.112733 3.39995 30.1593
40 62 52 57 0.169039 4.26513 25.2317
40 62 53 58 0.241259 4.72953 19.6035
40 62 54 59 0.363735 5.03106 13.8317
40 62 55 60 0.603594 5.07276 8.40426
40 62 56 61 1.99388 7.38488 3.70377
41 53 42 45 2.27612 9.11967 4.00667
41 53 43 46 0.36123 3.30994 9.16298
41 53 44 47 0.327289 4.62695 14.1372
41 53 45 48 0.222606 3.8395 17.248
41 53 46 49 0.24213 4.17625 17.248
41 53 47 50 0.223543 3.16027 14.1372
41 53 48 51 0.560266 5.13371 9.16298
41 53 49 52 1.28702 5.15665 4.00667
41 63 42 47 2.36379 8.75492 3.70377
41 63 43 48 0.414907 3.48698 8.40426
41 63 44 49 0.318242 4.40182 13.8317
41 63 45 50 0.193673 3.79667 19.6035
41 63 46 51 0.164378 4.14752 25.2317
41 63 47 52 0.116011 3.49882 30.1593
41 63 48 53 0.11949 4.04265 33.8325
41 63 49 54 0.105263 3.76816 35.7978
41 63 50 55 0.11462 4.10315 35.7978
41 63 51 56 0.0994261 3.36384 33.8325
41 63 52 57 0.136589 4.11942 30.1593
41 63 53 58 0.174045 4.39146 25.2317
41 63 54 59 0.237111 4.64821 19.6035
41 63 55 60 0.331985 4.59191 13.8317
41 63 56 61 0.66988 5.62985 8.40426
41 63 57 62 1.4452 5.35271 3.70377
42 54 43 46 0.904229 3.62295 4.00667
42 54 44 47 0.539454 4.943 9.16298
42 54 45 48 0.279288 3.94833 14.1372
42 54 46 49 0.252421 4.35375 17.248
42 54 47 50 0.191529 3.30348 17.248
42 54 48 51 0.346514 4.89872 14.1372
42 54 49 52 0.547867 5.02009 9.16298
42 54 50 53 2.46433 9.87374 4.00667
42 64 43 48 1.00201 3.71123 3.70377
42 64 44 49 0.559202 4.69968 8.40426
42 64 45 50 0.278488 3.85196 13.8317
42 64 46 51 0.213132 4.17813 19.6035
42 64 47 52 0.136384 3.4412 25.2317
42 64 48 53 0.131933 3.979 30.1593
42 64 49 54 0.109458 3.70323 33.8325
42 64 50 55 0.113605 4.06679 35.7978
42 64 51 56 0.0941501 3.37036 35.7978
42 64 52 57 0.119613 4.04681 33.8325
42 64 53 58 0.138474 4.17626 30.1593
42 64 54 59 0.174632 4.40627 25.2317
42 64 55 60 0.219938 4.31155 19.6035
42 64 56 61 0.367743 5.0865 13.8317
42 64 57 62 0.53178 4.46921 8.40426
42 64 58 63 2.09153 7.74654 3.70377
43 55 44 47 2.25161 9.02146 4.00667
43 55 45 48 0.581313 5.32656 9.16298
43 55 46 49 0.377065 5.33063 14.1372
43 55 47 50 0.206332 3.5588 17.248
43 55 48 51 0.254938 4.39715 17.248
43 55 49 52 0.273823 3.87109 14.1372
43 55 50 53 0.598949 5.48815 9.16298
43 55 51 54 1.23915 4.96485 4.00667
44 56 45 48 1.10921 4.44425 4.00667
44 56 46 49 0.524642 4.80728 9.16298
44 56 47 50 0.234703 3.31804 14.1372
44 56 48 51 0.25319 4.36702 17.248
44 56 49 52 0.238821 4.11917 17.248
44 56 50 53 0.431543 6.1008 14.1372
44 56 51 54 0.656837 6.01858 9.16298
44 56 52 55 2.19441 8.79226 4.00667
45 57 46 49 2.7304 10.9398 4.00667
45 57 47 50 0.484445 4.43896 9.16298
45 57 48 51 0.348088 4.92099 14.1372
45 57 49 52 0.224544 3.87292 17.248
45 57 50 53 0.283168 4.88407 17.248
45 57 51 54 0.294147 4.15841 14.1372
45 57 52 55 0.493308 4.52017 9.16298
45 57 53 56 0.67808 2.71684 4.00667
46 58 47 50 1.1353 4.54876 4.00667
46 58 48 51 0.559272 5.1246 9.16298
46 58 49 52 0.264507 3.73937 14.1372
46 58 50 53 0.264485 4.56182 17.248
46 58 51 54 0.220864 3.80945 17.248
46 58 52 55 0.29211 4.12961 14.1372
46 58 53 56 0.293043 2.68514 9.16298
46 58 54 57 1.67658 6.71752 4.00667
47 59 48 51 2.83654 11.3651 4.00667
47 59 49 52 0.582465 5.33712 9.16298
47 59 50 53 0.389026 5.49973 14.1372
47 59 51 54 0.244675 4.22015 17.248
47 59 52 55 0.257241 4.43688 17.248
47 59 53 56 0.203841 2.88174 14.1372
47 59 54 57 0.579183 5.30704 9.16298
47 59 55 58 2.39273 9.58687 4.00667
48 60 49 52 1.41901 5.68551 4.00667
48 60 50 53 0.593881 5.44172 9.16298
48 60 51 54 0.29445 4.16269 14.1372
48 60 52 55 0.264488 4.56187 17.248
48 60 53 56 0.177911 3.0686 17.248
48 60 54 57 0.354096 5.00592 14.1372
48 60 55 58 0.868164 7.95496 9.16298
48 60 56 59 2.59556 10.3995 4.00667
49 61 50 53 1.64256 6.5812 4.00667
49 61 51 54 0.483998 4.43486 9.16298
49 61 52 55 0.340918 4.81962 14.1372
49 61 53 56 0.17846 3.07807 17.248
49 61 54 57 0.230518 3.97596 17.248
49 61 55 58 0.314329 4.44372 14.1372
49 61 56 59 0.523896 4.80045 9.16298
49 61 57 60 1.02418 4.10355 4.00667
50 62 51 54 0.952873 3.81784 4.00667
50 62 52 55 0.504957 4.62691 9.16298
50 62 53 56 0.214752 3.03599 14.1372
50 62 54 57 0.233188 4.02203 17.248
50 62 55 58 0.263612 4.54677 17.248
50 62 56 59 0.384369 5.43389 14.1372
50 62 57 60 0.552546 5.06297 9.16298
50 62 58 61 1.8484 7.40591 4.00667
51 63 52 55 2.82848 11.3328 4.00667
51 63 53 56 0.505314 4.63018 9.16298
51 63 54 57 0.349255 4.93747 14.1372
51 63 55 58 0.26068 4.4962 17.248
51 63 56 59 0.311262 5.36863 17.248
51 63 57 60 0.325906 4.60739 14.1372
51 63 58 61 0.594925 5.45128 9.16298
51 63 59 62 1.33337 5.34236 4.00667
52 64 53 56 1.2407 4.97106 4.00667
52 64 54 57 0.568948 5.21326 9.16298
52 64 55 58 0.29498 4.17019 14.1372
52 64 56 59 0.300646 5.18553 17.248
52 64 57 60 0.245643 4.23684 17.248
52 64 58 61 0.334299 4.72604 14.1372
52 64 59 62 0.471528 4.3206 9.16298
52 64 60 63 2.00534 8.03475 4.00667
