64
# x y z
0.0 0.0 0.0
0.5 0.0 0.0
1.0 0.0 0.0
1.5 0.0 0.0
2.0 0.0 0.0
2.5 0.0 0.0
3.0 0.0 0.0
3.5 0.0 0.0
4.0 0.0 0.0
4.5 0.0 0.0
5.0 0.0 0.0
5.5 0.0 0.0
6.0 0.0 0.0
6.5 0.0 0.0
7.0 0.0 0.0
7.5 0.0 0.0
8.0 0.0 0.0
8.5 0.0 0.0
9.0 0.0 0.0
9.5 0.0 0.0
10.0 0.0 0.0
10.5 0.0 0.0
11.0 0.0 0.0
11.5 0.0 0.0
12.0 0.0 0.0
12.5 0.0 0.0
13.0 0.0 0.0
13.5 0.0 0.0
14.0 0.0 0.0
14.5 0.0 0.0
15.0 0.0 0.0
15.5 0.0 0.0
16.0 0.0 0.0
16.5 0.0 0.0
17.0 0.0 0.0
17.5 0.0 0.0
18.0 0.0 0.0
18.5 0.0 0.0
19.0 0.0 0.0
19.5 0.0 0.0
20.0 0.0 0.0
20.5 0.0 0.0
21.0 0.0 0.0
21.5 0.0 0.0
22.0 0.0 0.0
22.5 0.0 0.0
23.0 0.0 0.0
23.5 0.0 0.0
24.0 0.0 0.0
24.5 0.0 0.0
25.0 0.0 0.0
25.5 0.0 0.0
26.0 0.0 0.0
26.5 0.0 0.0
27.0 0.0 0.0
27.5 0.0 0.0
28.0 0.0 0.0
28.5 0.0 0.0
29.0 0.0 0.0
29.5 0.0 0.0
30.0 0.0 0.0
30.5 0.0 0.0
31.0 0.0 0.0
31.5 0.0 0.0
1208
# a b m n r rhoa k
1 13 2 5 2.2506 9.01741 4.00667
1 13 3 6 0.814046 7.45908 9.16298
1 13 4 7 0.462634 6.54034 14.1372
1 13 5 8 0.332303 5.73155 17.248
1 13 6 9 0.313973 5.41539 17.248
1 13 7 10 0.423057 5.98083 14.1372
1 13 8 11 0.776766 7.11749 9.16298
1 13 9 12 2.14937 8.6118 4.00667
1 23 2 7 2.39062 8.8543 3.70377
1 23 3 8 0.872261 7.33071 8.40426
1 23 4 9 0.460422 6.36841 13.8317
1 23 5 10 0.284646 5.58008 19.6035
1 23 6 11 0.199611 5.03653 25.2317
1 23 7 12 0.153468 4.62848 30.1593
1 23 8 13 0.135394 4.58071 33.8325
1 23 9 14 0.127239 4.55488 35.7978
1 23 10 15 0.12379 4.4314 35.7978
1 23 11 16 0.136301 4.6114 33.8325
1 23 12 17 0.162777 4.90925 30.1593
1 23 13 18 0.205105 5.17514 25.2317
1 23 14 19 0.295556 5.79395 19.6035
1 23 15 20 0.453958 6.279 13.8317
1 23 16 21 0.870105 7.31259 8.40426
1 23 17 22 2.50354 9.27254 3.70377
1 55 2 9 2.44026 8.73284 3.57865
1 55 5 12 0.291206 5.63517 19.3511
1 55 8 15 0.109709 4.5862 41.8032
1 55 11 18 0.0624815 4.31635 69.0821
1 55 14 21 0.0418533 4.11607 98.345
1 55 17 24 0.0327626 4.123 125.845
1 55 20 27 0.0280111 4.12893 147.403
1 55 23 30 0.025866 4.12034 159.296
1 55 26 33 0.0264099 4.20699 159.296
1 55 29 36 0.0286739 4.22662 147.403
1 55 32 39 0.0325337 4.0942 125.845
1 55 35 42 0.0416933 4.10033 98.345
1 55 38 45 0.0613922 4.2411 69.0821
1 55 41 48 0.108785 4.54755 41.8032
1 55 44 51 0.270816 5.2406 19.3511
1 55 47 54 2.36621 8.46783 3.57865
2 14 3 6 2.1542 8.63116 4.00667
2 14 4 7 0.794954 7.28415 9.16298
2 14 5 8 0.43491 6.1484 14.1372
2 14 6 9 0.316132 5.45264 17.248
2 14 7 10 0.316828 5.46463 17.248
2 14 8 11 0.431139 6.09508 14.1372
2 14 9 12 0.76559 7.01509 9.16298
2 14 10 13 2.14197 8.58217 4.00667
2 24 3 8 2.28179 8.45122 3.70377
2 24 4 9 0.842979 7.08462 8.40426
2 24 5 10 0.43873 6.06838 13.8317
2 24 6 11 0.273898 5.36938 19.6035
2 24 7 12 0.191713 4.83724 25.2317
2 24 8 13 0.155695 4.69564 30.1593
2 24 9 14 0.136123 4.60537 33.8325
2 24 10 15 0.123082 4.40605 35.7978
2 24 11 16 0.12508 4.47757 35.7978
2 24 12 17 0.137745 4.66027 33.8325
2 24 13 18 0.159063 4.79721 30.1593
2 24 14 19 0.207852 5.24447 25.2317
2 24 15 20 0.28666 5.61955 19.6035
2 24 16 21 0.459556 6.35643 13.8317
2 24 17 22 0.920931 7.73974 8.40426
2 24 18 23 2.67653 9.91325 3.70377
2 56 3 10 2.3335 8.35076 3.57865
2 56 6 13 0.281042 5.43849 19.3511
2 56 9 16 0.111199 4.64849 41.8032
2 56 12 19 0.0624917 4.31706 69.0821
2 56 15 22 0.0427802 4.20722 98.345
2 56 18 25 0.0328338 4.13196 125.845
2 56 21 28 0.0281778 4.15351 147.403
2 56 24 31 0.0260854 4.15529 159.296
2 56 27 34 0.0266283 4.24177 159.296
2 56 30 37 0.0285326 4.2058 147.403
2 56 33 40 0.0324619 4.08516 125.845
2 56 36 43 0.0421722 4.14743 98.345
2 56 39 46 0.0618773 4.27461 69.0821
2 56 42 49 0.109039 4.55817 41.8032
2 56 45 52 0.276969 5.35967 19.3511
2 56 48 55 2.31447 8.28268 3.57865
3 15 4 7 2.13812 8.56672 4.00667
3 15 5 8 0.756071 6.92786 9.16298
3 15 6 9 0.415335 5.87165 14.1372
3 15 7 10 0.316517 5.45927 17.248
3 15 8 11 0.334322 5.76637 17.248
3 15 9 12 0.458039 6.47538 14.1372
3 15 10 13 0.840233 7.69904 9.16298
3 15 11 14 2.30481 9.23459 4.00667
3 25 4 9 2.2488 8.32905 3.70377
3 25 5 10 0.806659 6.77937 8.40426
3 25 6 11 0.420857 5.82116 13.8317
3 25 7 12 0.261223 5.1209 19.6035
3 25 8 13 0.193468 4.88153 25.2317
3 25 9 14 0.156659 4.72472 30.1593
3 25 10 15 0.13145 4.44728 33.8325
3 25 11 16 0.123547 4.42271 35.7978
3 25 12 17 0.125849 4.50511 35.7978
3 25 13 18 0.133778 4.52604 33.8325
3 25 14 19 0.159848 4.8209 30.1593
3 25 15 20 0.201197 5.07654 25.2317
3 25 16 21 0.282947 5.54676 19.6035
3 25 17 22 0.465221 6.43479 13.8317
3 25 18 23 0.90923 7.6414 8.40426
3 25 19 24 2.43075 9.00296 3.70377
3 57 4 11 2.30274 8.24069 3.57865
3 57 7 14 0.268287 5.19166 19.3511
3 57 10 17 0.109423 4.57424 41.8032
3 57 13 20 0.060458 4.17657 69.0821
3 57 16 23 0.0423897 4.16881 98.345
3 57 19 26 0.0323303 4.0686 125.845
3 57 22 29 0.0279747 4.12357 147.403
3 57 25 32 0.0259356 4.13142 159.296
3 57 28 35 0.0267384 4.2593 159.296
3 57 31 38 0.0278517 4.10544 147.403
3 57 34 41 0.0323065 4.06561 125.845
3 57 37 44 0.0416071 4.09186 98.345
3 57 40 47 0.0610935 4.22046 69.0821
3 57 43 50 0.106973 4.47182 41.8032
3 57 46 53 0.2791 5.40091 19.3511
3 57 49 56 2.28407 8.1739 3.57865
4 16 5 8 2.15796 8.64624 4.00667
4 16 6 9 0.742381 6.80242 9.16298
4 16 7 10 0.408232 5.77124 14.1372
4 16 8 11 0.324467 5.5964 17.248
4 16 9 12 0.340673 5.87591 17.248
4 16 10 13 0.466307 6.59226 14.1372
4 16 11 14 0.818625 7.50104 9.16298
4 16 12 15 2.16407 8.67073 4.00667
4 26 5 10 2.27785 8.43662 3.70377
4 26 6 11 0.800823 6.73033 8.40426
4 26 7 12 0.409393 5.6626 13.8317
4 26 8 13 0.26812 5.25611 19.6035
4 26 9 14 0.198297 5.00337 25.2317
4 26 10 15 0.15334 4.62463 30.1593
4 26 11 16 0.133277 4.50909 33.8325
4 26 12 17 0.12588 4.50621 35.7978
4 26 13 18 0.123786 4.43128 35.7978
4 26 14 19 0.136653 4.62332 33.8325
4 26 15 20 0.15937 4.8065 30.1593
4 26 16 21 0.203001 5.12205 25.2317
4 26 17 22 0.294026 5.76395 19.6035
4 26 18 23 0.480423 6.64505 13.8317
4 26 19 24 0.889133 7.47251 8.40426
4 26 20 25 2.44607 9.05969 3.70377
4 58 5 12 2.33016 8.33884 3.57865
4 58 8 15 0.271454 5.25294 19.3511
4 58 11 18 0.109201 4.56494 41.8032
4 58 14 21 0.0606625 4.19069 69.0821
4 58 17 24 0.0419251 4.12312 98.345
4 58 20 27 0.0326158 4.10453 125.845
4 58 23 30 0.0277569 4.09146 147.403
4 58 26 33 0.0262458 4.18083 159.296
4 58 29 36 0.0264886 4.21951 159.296
4 58 32 39 0.0277594 4.09183 147.403
4 58 35 42 0.032283 4.06265 125.845
4 58 38 45 0.0421125 4.14156 98.345
4 58 41 48 0.0617856 4.26828 69.0821
4 58 44 51 0.10804 4.5164 41.8032
4 58 47 54 0.283825 5.49234 19.3511
4 58 50 57 2.29641 8.21806 3.57865
5 17 6 9 2.22631 8.92009 4.00667
5 17 7 10 0.735371 6.73819 9.16298
5 17 8 11 0.423918 5.99299 14.1372
5 17 9 12 0.335055 5.77902 17.248
5 17 10 13 0.343822 5.93023 17.248
5 17 11 14 0.451564 6.38384 14.1372
5 17 12 15 0.778761 7.13577 9.16298
5 17 13 16 2.24285 8.98634 4.00667
5 27 6 11 2.35938 8.7386 3.70377
5 27 7 12 0.791479 6.6518 8.40426
5 27 8 13 0.427249 5.90957 13.8317
5 27 9 14 0.280066 5.49029 19.6035
5 27 10 15 0.196471 4.9573 25.2317
5 27 11 16 0.156483 4.71943 30.1593
5 27 12 17 0.136574 4.62064 33.8325
5 27 13 18 0.124118 4.44314 35.7978
5 27 14 19 0.126701 4.53563 35.7978
5 27 15 20 0.137603 4.65546 33.8325
5 27 16 21 0.160754 4.84822 30.1593
5 27 17 22 0.210766 5.31799 25.2317
5 27 18 23 0.306561 6.00968 19.6035
5 27 19 24 0.481374 6.65821 13.8317
5 27 20 25 0.90283 7.58762 8.40426
5 27 21 26 2.38654 8.83919 3.70377
5 59 6 13 2.41435 8.64011 3.57865
5 59 9 16 0.284505 5.5055 19.3511
5 59 12 19 0.111381 4.65607 41.8032
5 59 15 22 0.0628977 4.3451 69.0821
5 59 18 25 0.0423397 4.1639 98.345
5 59 21 28 0.0329564 4.14739 125.845
5 59 24 31 0.0280405 4.13326 147.403
5 59 27 34 0.0265247 4.22527 159.296
5 59 30 37 0.0263294 4.19416 159.296
5 59 33 40 0.0275991 4.06819 147.403
5 59 36 43 0.0325062 4.09074 125.845
5 59 39 46 0.0422335 4.15345 98.345
5 59 42 49 0.061359 4.23881 69.0821
5 59 45 52 0.108689 4.54356 41.8032
5 59 48 55 0.27822 5.38386 19.3511
5 59 51 58 2.43971 8.73087 3.57865
6 18 7 10 2.10327 8.42713 4.00667
6 18 8 11 0.755273 6.92055 9.16298
6 18 9 12 0.441379 6.23984 14.1372
6 18 10 13 0.339326 5.85268 17.248
6 18 11 14 0.340976 5.88114 17.248
6 18 12 15 0.443997 6.27686 14.1372
6 18 13 16 0.833016 7.63291 9.16298
6 18 14 17 2.45326 9.82939 4.00667
6 28 7 12 2.23107 8.26336 3.70377
6 28 8 13 0.813025 6.83288 8.40426
6 28 9 14 0.444083 6.14241 13.8317
6 28 10 15 0.27536 5.39803 19.6035
6 28 11 16 0.19877 5.01531 25.2317
6 28 12 17 0.159482 4.80987 30.1593
6 28 13 18 0.133518 4.51726 33.8325
6 28 14 19 0.125931 4.50804 35.7978
6 28 15 20 0.127442 4.56215 35.7978
6 28 16 21 0.137103 4.63855 33.8325
6 28 17 22 0.164149 4.95061 30.1593
6 28 18 23 0.217271 5.48213 25.2317
6 28 19 24 0.306094 6.00052 19.6035
6 28 20 25 0.487716 6.74593 13.8317
6 28 21 26 0.906404 7.61766 8.40426
6 28 22 27 2.57502 9.5373 3.70377
6 60 7 14 2.28731 8.18548 3.57865
6 60 10 17 0.28339 5.48392 19.3511
6 60 13 20 0.108671 4.5428 41.8032
6 60 16 23 0.0626869 4.33054 69.0821
6 60 19 26 0.041885 4.11919 98.345
6 60 22 29 0.0328078 4.12869 125.845
6 60 25 32 0.0279052 4.11331 147.403
6 60 28 35 0.0266213 4.24066 159.296
6 60 31 38 0.0256698 4.08909 159.296
6 60 34 41 0.0273773 4.0355 147.403
6 60 37 44 0.032007 4.02791 125.845
6 60 40 47 0.0415774 4.08893 98.345
6 60 43 50 0.0600809 4.15051 69.0821
6 60 46 53 0.10874 4.54567 41.8032
6 60 49 56 0.277023 5.36071 19.3511
6 60 52 59 2.28176 8.16562 3.57865
7 19 8 11 2.15565 8.63696 4.00667
7 19 9 12 0.793508 7.2709 9.16298
7 19 10 13 0.441882 6.24696 14.1372
7 19 11 14 0.335377 5.78456 17.248
7 19 12 15 0.330479 5.7001 17.248
7 19 13 16 0.449051 6.34831 14.1372
7 19 14 17 0.82803 7.58722 9.16298
7 19 15 18 2.2974 9.20492 4.00667
7 29 8 13 2.28814 8.47476 3.70377
7 29 9 14 0.85348 7.17287 8.40426
7 29 10 15 0.437263 6.04808 13.8317
7 29 11 16 0.278789 5.46525 19.6035
7 29 12 17 0.203305 5.12973 25.2317
7 29 13 18 0.155634 4.69381 30.1593
7 29 14 19 0.135304 4.57768 33.8325
7 29 15 20 0.127534 4.56544 35.7978
7 29 16 21 0.126404 4.52498 35.7978
7 29 17 22 0.138559 4.68781 33.8325
7 29 18 23 0.167815 5.06118 30.1593
7 29 19 24 0.215334 5.43325 25.2317
7 29 20 25 0.306287 6.00432 19.6035
7 29 21 26 0.48005 6.6399 13.8317
7 29 22 27 0.936898 7.87394 8.40426
7 29 23 28 2.69276 9.97336 3.70377
7 61 8 15 2.33777 8.36604 3.57865
7 61 11 18 0.285477 5.52431 19.3511
7 61 14 21 0.109539 4.57907 41.8032
7 61 17 24 0.0621518 4.29357 69.0821
7 61 20 27 0.042412 4.17101 98.345
7 61 23 30 0.0325701 4.09878 125.845
7 61 26 33 0.0282952 4.17081 147.403
7 61 29 36 0.0263856 4.20311 159.296
7 61 32 39 0.0256169 4.08066 159.296
7 61 35 42 0.0273157 4.02642 147.403
7 61 38 45 0.0324159 4.07937 125.845
7 61 41 48 0.0419701 4.12756 98.345
7 61 44 51 0.0606458 4.18954 69.0821
7 61 47 54 0.109971 4.59714 41.8032
7 61 50 57 0.277763 5.37503 19.3511
7 61 53 60 2.25142 8.05706 3.57865
8 20 9 12 2.09742 8.40366 4.00667
8 20 10 13 0.742947 6.80761 9.16298
8 20 11 14 0.42731 6.04096 14.1372
8 20 12 15 0.32758 5.65008 17.248
8 20 13 16 0.336021 5.79568 17.248
8 20 14 17 0.469233 6.63363 14.1372
8 20 15 18 0.847886 7.76916 9.16298
8 20 16 19 2.48033 9.93785 4.00667
8 30 9 14 2.22626 8.24557 3.70377
8 30 10 15 0.78757 6.61895 8.40426
8 30 11 16 0.423148 5.85285 13.8317
8 30 12 17 0.276311 5.41667 19.6035
8 30 13 18 0.192537 4.85804 25.2317
8 30 14 19 0.154258 4.65231 30.1593
8 30 15 20 0.13585 4.59615 33.8325
8 30 16 21 0.124702 4.46407 35.7978
8 30 17 22 0.125834 4.50459 35.7978
8 30 18 23 0.140316 4.74726 33.8325
8 30 19 24 0.165403 4.98844 30.1593
8 30 20 25 0.21447 5.41144 25.2317
8 30 21 26 0.29864 5.85439 19.6035
8 30 22 27 0.483557 6.68841 13.8317
8 30 23 28 0.953543 8.01382 8.40426
8 30 24 29 2.52521 9.35279 3.70377
8 62 9 16 2.27589 8.14463 3.57865
8 62 12 19 0.281731 5.45181 19.3511
8 62 15 22 0.111619 4.66603 41.8032
8 62 18 25 0.061719 4.26368 69.0821
8 62 21 28 0.0423223 4.16218 98.345
8 62 24 31 0.0326369 4.10719 125.845
8 62 27 34 0.0285005 4.20107 147.403
8 62 30 37 0.0262352 4.17915 159.296
8 62 33 40 0.0254787 4.05865 159.296
8 62 36 43 0.0276076 4.06945 147.403
8 62 39 46 0.0326921 4.11413 125.845
8 62 42 49 0.0419806 4.12859 98.345
8 62 45 52 0.061584 4.25435 69.0821
8 62 48 55 0.11 4.59835 41.8032
8 62 51 58 0.2908 5.62732 19.3511
8 62 54 61 2.44075 8.73459 3.57865
9 21 10 13 1.99312 7.98578 4.00667
9 21 11 14 0.732871 6.71528 9.16298
9 21 12 15 0.42256 5.9738 14.1372
9 21 13 16 0.321832 5.55094 17.248
9 21 14 17 0.342326 5.90443 17.248
9 21 15 18 0.471154 6.66078 14.1372
9 21 16 19 0.858767 7.86886 9.16298
9 21 17 20 2.22053 8.89692 4.00667
9 31 10 15 2.10362 7.79134 3.70377
9 31 11 16 0.779129 6.548 8.40426
9 31 12 17 0.426837 5.90387 13.8317
9 31 13 18 0.262529 5.14649 19.6035
9 31 14 19 0.19108 4.82126 25.2317
9 31 15 20 0.156206 4.71107 30.1593
9 31 16 21 0.13249 4.48249 33.8325
9 31 17 22 0.122937 4.40087 35.7978
9 31 18 23 0.126235 4.51893 35.7978
9 31 19 24 0.137017 4.63563 33.8325
9 31 20 25 0.163192 4.92175 30.1593
9 31 21 26 0.206049 5.19896 25.2317
9 31 22 27 0.292755 5.73904 19.6035
9 31 23 28 0.479415 6.63111 13.8317
9 31 24 29 0.886151 7.44744 8.40426
9 31 25 30 2.43111 9.00427 3.70377
9 63 10 17 2.1598 7.72915 3.57865
9 63 13 20 0.267722 5.18072 19.3511
9 63 16 23 0.109437 4.5748 41.8032
9 63 19 26 0.0602764 4.16402 69.0821
9 63 22 29 0.0417329 4.10423 98.345
9 63 25 32 0.0322549 4.05911 125.845
9 63 28 35 0.0284456 4.19298 147.403
9 63 31 38 0.0254886 4.06023 159.296
9 63 34 41 0.0251721 4.00981 159.296
9 63 37 44 0.0271314 3.99927 147.403
9 63 40 47 0.0321469 4.04552 125.845
9 63 43 50 0.0410673 4.03877 98.345
9 63 46 53 0.061389 4.24088 69.0821
9 63 49 56 0.109213 4.56544 41.8032
9 63 52 59 0.287354 5.56062 19.3511
9 63 55 62 2.17874 7.79695 3.57865
10 22 11 14 2.20083 8.81801 4.00667
10 22 12 15 0.797425 7.30679 9.16298
10 22 13 16 0.427266 6.04033 14.1372
10 22 14 17 0.334223 5.76467 17.248
10 22 15 18 0.35209 6.07283 17.248
10 22 16 19 0.472714 6.68284 14.1372
10 22 17 20 0.78863 7.2262 9.16298
10 22 18 21 2.23694 8.96267 4.00667
10 32 11 16 2.32098 8.59639 3.70377
10 32 12 17 0.860075 7.2283 8.40426
10 32 13 18 0.429322 5.93825 13.8317
10 32 14 19 0.272838 5.34858 19.6035
10 32 15 20 0.20327 5.12885 25.2317
10 32 16 21 0.157545 4.75143 30.1593
10 32 17 22 0.133817 4.52738 33.8325
10 32 18 23 0.126382 4.52421 35.7978
10 32 19 24 0.126441 4.5263 35.7978
10 32 20 25 0.139311 4.71325 33.8325
10 32 21 26 0.161791 4.87952 30.1593
10 32 22 27 0.208037 5.24913 25.2317
10 32 23 28 0.301989 5.92006 19.6035
10 32 24 29 0.476882 6.59607 13.8317
10 32 25 30 0.91994 7.73141 8.40426
10 32 26 31 2.60486 9.64783 3.70377
11 23 12 15 2.30349 9.22933 4.00667
11 23 13 16 0.765373 7.0131 9.16298
11 23 14 17 0.433548 6.12915 14.1372
11 23 15 18 0.349471 6.02766 17.248
11 23 16 19 0.352108 6.07314 17.248
11 23 17 20 0.444068 6.27786 14.1372
11 23 18 21 0.807626 7.40026 9.16298
11 23 19 22 2.35477 9.4348 4.00667
11 33 12 17 2.44504 9.05586 3.70377
11 33 13 18 0.825788 6.94014 8.40426
11 33 14 19 0.433638 5.99793 13.8317
11 33 15 20 0.288921 5.66387 19.6035
11 33 16 21 0.202986 5.12168 25.2317
11 33 17 22 0.157035 4.73607 30.1593
11 33 18 23 0.136144 4.6061 33.8325
11 33 19 24 0.12533 4.48652 35.7978
11 33 20 25 0.127643 4.56934 35.7978
11 33 21 26 0.136581 4.62087 33.8325
11 33 22 27 0.159909 4.82275 30.1593
11 33 23 28 0.208999 5.2734 25.2317
11 33 24 29 0.29421 5.76756 19.6035
11 33 25 30 0.476422 6.58972 13.8317
11 33 26 31 0.94347 7.92917 8.40426
11 33 27 32 2.39188 8.85898 3.70377
12 24 13 16 2.11131 8.45932 4.00667
12 24 14 17 0.75421 6.91081 9.16298
12 24 15 18 0.46041 6.5089 14.1372
12 24 16 19 0.349559 6.02919 17.248
12 24 17 20 0.335897 5.79353 17.248
12 24 18 21 0.454269 6.42208 14.1372
12 24 19 22 0.857062 7.85324 9.16298
12 24 20 23 2.54527 10.198 4.00667
12 34 13 18 2.24916 8.3304 3.70377
12 34 14 19 0.811461 6.81973 8.40426
12 34 15 20 0.459598 6.357 13.8317
12 34 16 21 0.287101 5.62819 19.6035
12 34 17 22 0.200767 5.0657 25.2317
12 34 18 23 0.159186 4.80095 30.1593
12 34 19 24 0.134679 4.55655 33.8325
12 34 20 25 0.126913 4.54319 35.7978
12 34 21 26 0.125489 4.49224 35.7978
12 34 22 27 0.13469 4.55689 33.8325
12 34 23 28 0.160056 4.82717 30.1593
12 34 24 29 0.204697 5.16485 25.2317
12 34 25 30 0.292953 5.74292 19.6035
12 34 26 31 0.485858 6.72023 13.8317
12 34 27 32 0.888643 7.46839 8.40426
12 34 28 33 2.48873 9.21769 3.70377
13 25 14 17 2.12174 8.50112 4.00667
13 25 15 18 0.838296 7.68129 9.16298
13 25 16 19 0.468961 6.62978 14.1372
13 25 17 20 0.338487 5.83822 17.248
13 25 18 21 0.339368 5.8534 17.248
13 25 19 22 0.461197 6.52002 14.1372
13 25 20 23 0.85607 7.84415 9.16298
13 25 21 24 2.30253 9.22546 4.00667
13 35 14 19 2.25945 8.36849 3.70377
13 35 15 20 0.896923 7.53797 8.40426
13 35 16 21 0.467917 6.47207 13.8317
13 35 17 22 0.288347 5.65262 19.6035
13 35 18 23 0.206456 5.20923 25.2317
13 35 19 24 0.159022 4.796 30.1593
13 35 20 25 0.138031 4.66993 33.8325
13 35 21 26 0.125817 4.50396 35.7978
13 35 22 27 0.123787 4.43131 35.7978
13 35 23 28 0.134033 4.53468 33.8325
13 35 24 29 0.156511 4.72026 30.1593
13 35 25 30 0.201702 5.08928 25.2317
13 35 26 31 0.294433 5.77192 19.6035
13 35 27 32 0.454467 6.28604 13.8317
13 35 28 33 0.874106 7.34622 8.40426
13 35 29 34 2.35088 8.70711 3.70377
14 26 15 18 2.31007 9.25567 4.00667
14 26 16 19 0.824911 7.55864 9.16298
14 26 17 20 0.448117 6.33511 14.1372
14 26 18 21 0.341225 5.88543 17.248
14 26 19 22 0.34593 5.96658 17.248
14 26 20 23 0.480983 6.79973 14.1372
14 26 21 24 0.834254 7.64425 9.16298
14 26 22 25 2.30157 9.22165 4.00667
14 36 15 20 2.44405 9.05219 3.70377
14 36 16 21 0.877977 7.37874 8.40426
14 36 17 22 0.453514 6.27286 13.8317
14 36 18 23 0.288777 5.66105 19.6035
14 36 19 24 0.201601 5.08674 25.2317
14 36 20 25 0.161404 4.86782 30.1593
14 36 21 26 0.136371 4.61379 33.8325
14 36 22 27 0.124091 4.44219 35.7978
14 36 23 28 0.123755 4.43016 35.7978
14 36 24 29 0.133529 4.51761 33.8325
14 36 25 30 0.157757 4.75783 30.1593
14 36 26 31 0.209101 5.27596 25.2317
14 36 27 32 0.289424 5.67374 19.6035
14 36 28 33 0.467843 6.47105 13.8317
14 36 29 34 0.901982 7.58049 8.40426
14 36 30 35 2.642 9.78535 3.70377
15 27 16 19 2.18146 8.7404 4.00667
15 27 17 20 0.779727 7.14462 9.16298
15 27 18 21 0.447223 6.32246 14.1372
15 27 19 22 0.339512 5.85589 17.248
15 27 20 23 0.362093 6.24536 17.248
15 27 21 24 0.479789 6.78286 14.1372
15 27 22 25 0.83577 7.65814 9.16298
15 27 23 26 2.23039 8.93645 4.00667
15 37 16 21 2.30513 8.53768 3.70377
15 37 17 22 0.838252 7.04489 8.40426
15 37 18 23 0.450481 6.23091 13.8317
15 37 19 24 0.278162 5.45297 19.6035
15 37 20 25 0.203314 5.12996 25.2317
15 37 21 26 0.158299 4.77419 30.1593
15 37 22 27 0.13309 4.50276 33.8325
15 37 23 28 0.122337 4.3794 35.7978
15 37 24 29 0.122132 4.37205 35.7978
15 37 25 30 0.132765 4.49177 33.8325
15 37 26 31 0.160982 4.8551 30.1593
15 37 27 32 0.20302 5.12253 25.2317
15 37 28 33 0.288816 5.66182 19.6035
15 37 29 34 0.465959 6.44499 13.8317
15 37 30 35 0.913229 7.67501 8.40426
15 37 31 36 2.34648 8.69084 3.70377
16 28 17 20 2.24025 8.97594 4.00667
16 28 18 21 0.835291 7.65375 9.16298
16 28 19 22 0.456324 6.45113 14.1372
16 28 20 23 0.363431 6.26844 17.248
16 28 21 24 0.36696 6.32931 17.248
16 28 22 25 0.481563 6.80793 14.1372
16 28 23 26 0.834017 7.64208 9.16298
16 28 24 27 2.42367 9.71083 4.00667
16 38 17 22 2.38135 8.81997 3.70377
16 38 18 23 0.898993 7.55537 8.40426
16 38 19 24 0.457483 6.32775 13.8317
16 38 20 25 0.295643 5.79564 19.6035
16 38 21 26 0.208216 5.25364 25.2317
16 38 22 27 0.159877 4.82177 30.1593
16 38 23 28 0.134717 4.55783 33.8325
16 38 24 29 0.123941 4.4368 35.7978
16 38 25 30 0.124061 4.44111 35.7978
16 38 26 31 0.13853 4.68682 33.8325
16 38 27 32 0.161098 4.85859 30.1593
16 38 28 33 0.207505 5.23571 25.2317
16 38 29 34 0.296892 5.82013 19.6035
16 38 30 35 0.485395 6.71382 13.8317
16 38 31 36 0.876093 7.36291 8.40426
16 38 32 37 2.42051 8.96503 3.70377
17 29 18 21 2.43665 9.76283 4.00667
17 29 19 22 0.822592 7.53739 9.16298
17 29 20 23 0.482162 6.81641 14.1372
17 29 21 24 0.366432 6.3202 17.248
17 29 22 25 0.363625 6.27179 17.248
17 29 23 26 0.469687 6.64004 14.1372
17 29 24 27 0.868027 7.95371 9.16298
17 29 25 28 2.54615 10.2016 4.00667
17 39 18 23 2.58337 9.56823 3.70377
17 39 19 24 0.884745 7.43563 8.40426
17 39 20 25 0.479174 6.62778 13.8317
17 39 21 26 0.299126 5.86392 19.6035
17 39 22 27 0.208012 5.2485 25.2317
17 39 23 28 0.160007 4.82569 30.1593
17 39 24 29 0.135485 4.58379 33.8325
17 39 25 30 0.124802 4.46764 35.7978
17 39 26 31 0.128546 4.60165 35.7978
17 39 27 32 0.138458 4.68439 33.8325
17 39 28 33 0.163174 4.92122 30.1593
17 39 29 34 0.21152 5.33701 25.2317
17 39 30 35 0.305936 5.99743 19.6035
17 39 31 36 0.467718 6.46933 13.8317
17 39 32 37 0.88743 7.4582 8.40426
17 39 33 38 2.31962 8.59135 3.70377
18 30 19 22 2.27748 9.12512 4.00667
18 30 20 23 0.848472 7.77453 9.16298
18 30 21 24 0.478455 6.764 14.1372
18 30 22 25 0.358962 6.19136 17.248
18 30 23 26 0.349997 6.03674 17.248
18 30 24 27 0.474519 6.70836 14.1372
18 30 25 28 0.887812 8.135 9.16298
18 30 26 29 2.38565 9.55851 4.00667
18 40 19 24 2.41896 8.95929 3.70377
18 40 20 25 0.905571 7.61065 8.40426
18 40 21 26 0.474187 6.5588 13.8317
18 40 22 27 0.293062 5.74505 19.6035
18 40 23 28 0.204528 5.16058 25.2317
18 40 24 29 0.158822 4.78995 30.1593
18 40 25 30 0.134558 4.55244 33.8325
18 40 26 31 0.127983 4.58151 35.7978
18 40 27 32 0.127982 4.58145 35.7978
18 40 28 33 0.138914 4.6998 33.8325
18 40 29 34 0.16479 4.96995 30.1593
18 40 30 35 0.215755 5.44387 25.2317
18 40 31 36 0.294468 5.77261 19.6035
18 40 32 37 0.466657 6.45465 13.8317
18 40 33 38 0.847529 7.12285 8.40426
18 40 34 39 2.35943 8.73881 3.70377
19 31 20 23 2.47944 9.93431 4.00667
19 31 21 24 0.864113 7.91784 9.16298
19 31 22 25 0.476811 6.74076 14.1372
19 31 23 26 0.348295 6.00739 17.248
19 31 24 27 0.347327 5.99068 17.248
19 31 25 28 0.474452 6.7074 14.1372
19 31 26 29 0.829011 7.59621 9.16298
19 31 27 30 2.29479 9.19445 4.00667
19 41 20 25 2.62016 9.70448 3.70377
19 41 21 26 0.921935 7.74818 8.40426
19 41 22 27 0.474536 6.56363 13.8317
19 41 23 28 0.293167 5.7471 19.6035
19 41 24 29 0.206036 5.19865 25.2317
19 41 25 30 0.158981 4.79476 30.1593
19 41 26 31 0.139022 4.70348 33.8325
19 41 27 32 0.12883 4.61182 35.7978
19 41 28 33 0.128874 4.61339 35.7978
19 41 29 34 0.140436 4.75131 33.8325
19 41 30 35 0.167904 5.06387 30.1593
19 41 31 36 0.208805 5.26849 25.2317
19 41 32 37 0.293949 5.76244 19.6035
19 41 33 38 0.449873 6.2225 13.8317
19 41 34 39 0.860481 7.2317 8.40426
19 41 35 40 2.55611 9.46723 3.70377
20 32 21 24 2.24105 8.97913 4.00667
20 32 22 25 0.803884 7.36597 9.16298
20 32 23 26 0.449598 6.35604 14.1372
20 32 24 27 0.341364 5.88784 17.248
20 32 25 28 0.351383 6.06064 17.248
20 32 26 29 0.47347 6.69353 14.1372
20 32 27 30 0.860165 7.88167 9.16298
20 32 28 31 2.4558 9.83957 4.00667
20 42 21 26 2.37217 8.78599 3.70377
20 42 22 27 0.854782 7.18381 8.40426
20 42 23 28 0.45039 6.22965 13.8317
20 42 24 29 0.283672 5.56097 19.6035
20 42 25 30 0.198884 5.01817 25.2317
20 42 26 31 0.159918 4.82301 30.1593
20 42 27 32 0.137655 4.65723 33.8325
20 42 28 33 0.127365 4.55939 35.7978
20 42 29 34 0.127879 4.57777 35.7978
20 42 30 35 0.140221 4.74405 33.8325
20 42 31 36 0.159855 4.8211 30.1593
20 42 32 37 0.203777 5.14163 25.2317
20 42 33 38 0.276137 5.41325 19.6035
20 42 34 39 0.435405 6.02238 13.8317
20 42 35 40 0.845435 7.10525 8.40426
20 42 36 41 2.37521 8.79724 3.70377
21 33 22 25 2.25288 9.02655 4.00667
21 33 23 26 0.810445 7.42609 9.16298
21 33 24 27 0.453956 6.41765 14.1372
21 33 25 28 0.341473 5.88971 17.248
21 33 26 29 0.349936 6.03568 17.248
21 33 27 30 0.476198 6.73209 14.1372
21 33 28 31 0.879932 8.0628 9.16298
21 33 29 32 2.24941 9.01266 4.00667
21 43 22 27 2.38029 8.81607 3.70377
21 43 23 28 0.868428 7.2985 8.40426
21 43 24 29 0.458136 6.33678 13.8317
21 43 25 30 0.281839 5.52504 19.6035
21 43 26 31 0.204848 5.16867 25.2317
21 43 27 32 0.162122 4.88949 30.1593
21 43 28 33 0.138299 4.67901 33.8325
21 43 29 34 0.127797 4.57485 35.7978
21 43 30 35 0.128731 4.60827 35.7978
21 43 31 36 0.135111 4.57114 33.8325
21 43 32 37 0.157739 4.75729 30.1593
21 43 33 38 0.193898 4.89237 25.2317
21 43 34 39 0.268682 5.26713 19.6035
21 43 35 40 0.42767 5.91539 13.8317
21 43 36 41 0.811986 6.82414 8.40426
21 43 37 42 2.47904 9.18181 3.70377
22 34 23 26 2.35172 9.42255 4.00667
22 34 24 27 0.852265 7.80929 9.16298
22 34 25 28 0.458027 6.47521 14.1372
22 34 26 29 0.34997 6.03627 17.248
22 34 27 30 0.356782 6.15376 17.248
22 34 28 31 0.48599 6.87052 14.1372
22 34 29 32 0.829581 7.60143 9.16298
22 34 30 33 2.35032 9.41697 4.00667
22 44 23 28 2.49112 9.22653 3.70377
22 44 24 29 0.917908 7.71433 8.40426
22 44 25 30 0.46361 6.4125 13.8317
22 44 26 31 0.296277 5.80809 19.6035
22 44 27 32 0.212841 5.37034 25.2317
22 44 28 33 0.166343 5.0168 30.1593
22 44 29 34 0.141243 4.7786 33.8325
22 44 30 35 0.130856 4.68437 35.7978
22 44 31 36 0.126909 4.54307 35.7978
22 44 32 37 0.137019 4.63568 33.8325
22 44 33 38 0.155226 4.6815 30.1593
22 44 34 39 0.195434 4.93113 25.2317
22 44 35 40 0.274931 5.38962 19.6035
22 44 36 41 0.437344 6.0492 13.8317
22 44 37 42 0.882003 7.41259 8.40426
22 44 38 43 2.68137 9.93119 3.70377
23 35 24 27 2.5177 10.0876 4.00667
23 35 25 28 0.833742 7.63956 9.16298
23 35 26 29 0.46845 6.62256 14.1372
23 35 27 30 0.358132 6.17705 17.248
23 35 28 31 0.361368 6.23286 17.248
23 35 29 32 0.458293 6.47896 14.1372
23 35 30 33 0.81982 7.51199 9.16298
23 35 31 34 2.20934 8.85211 4.00667
23 45 24 29 2.66759 9.88015 3.70377
23 45 25 30 0.903038 7.58937 8.40426
23 45 26 31 0.479992 6.6391 13.8317
23 45 27 32 0.30675 6.01338 19.6035
23 45 28 33 0.217887 5.49765 25.2317
23 45 29 34 0.168901 5.09392 30.1593
23 45 30 35 0.143285 4.84771 33.8325
23 45 31 36 0.127797 4.57483 35.7978
23 45 32 37 0.127118 4.55053 35.7978
23 45 33 38 0.132525 4.48365 33.8325
23 45 34 39 0.152075 4.58648 30.1593
23 45 35 40 0.192084 4.8466 25.2317
23 45 36 41 0.268673 5.26694 19.6035
23 45 37 42 0.438371 6.06341 13.8317
23 45 38 43 0.862688 7.25026 8.40426
23 45 39 44 2.32466 8.61 3.70377
24 36 25 28 2.27277 9.10623 4.00667
24 36 26 29 0.818955 7.50407 9.16298
24 36 27 30 0.47434 6.70583 14.1372
24 36 28 31 0.365536 6.30474 17.248
24 36 29 32 0.354613 6.11634 17.248
24 36 30 33 0.471121 6.66032 14.1372
24 36 31 34 0.839307 7.69055 9.16298
24 36 32 35 2.50723 10.0456 4.00667
24 46 25 30 2.4226 8.97277 3.70377
24 46 26 31 0.889483 7.47545 8.40426
24 46 27 32 0.482405 6.67246 13.8317
24 46 28 33 0.307669 6.0314 19.6035
24 46 29 34 0.217236 5.48122 25.2317
24 46 30 35 0.16881 5.09118 30.1593
24 46 31 36 0.138856 4.69784 33.8325
24 46 32 37 0.127849 4.57669 35.7978
24 46 33 38 0.123312 4.4143 35.7978
24 46 34 39 0.130233 4.40613 33.8325
24 46 35 40 0.15004 4.52509 30.1593
24 46 36 41 0.190215 4.79946 25.2317
24 46 37 42 0.271178 5.31605 19.6035
24 46 38 43 0.435921 6.02951 13.8317
24 46 39 44 0.78846 6.62642 8.40426
24 46 40 45 2.29456 8.49853 3.70377
25 37 26 29 2.28789 9.16683 4.00667
25 37 27 30 0.83343 7.6367 9.16298
25 37 28 31 0.483538 6.83586 14.1372
25 37 29 32 0.357802 6.17136 17.248
25 37 30 33 0.353977 6.10538 17.248
25 37 31 34 0.463541 6.55316 14.1372
25 37 32 35 0.858223 7.86388 9.16298
25 37 33 36 2.2129 8.86634 4.00667
25 47 26 31 2.4407 9.03978 3.70377
25 47 27 32 0.901158 7.57357 8.40426
25 47 28 33 0.487625 6.74467 13.8317
25 47 29 34 0.307107 6.02037 19.6035
25 47 30 35 0.216798 5.47019 25.2317
25 47 31 36 0.163766 4.93907 30.1593
25 47 32 37 0.139712 4.7268 33.8325
25 47 33 38 0.125099 4.47827 35.7978
25 47 34 39 0.122358 4.38014 35.7978
25 47 35 40 0.130104 4.40175 33.8325
25 47 36 41 0.152272 4.59242 30.1593
25 47 37 42 0.1972 4.97569 25.2317
25 47 38 43 0.281405 5.51654 19.6035
25 47 39 44 0.429083 5.93493 13.8317
25 47 40 45 0.839614 7.05634 8.40426
25 47 41 46 2.55684 9.46995 3.70377
26 38 27 30 2.24258 8.98527 4.00667
26 38 28 31 0.849161 7.78085 9.16298
26 38 29 32 0.476585 6.73756 14.1372
26 38 30 33 0.357444 6.16519 17.248
26 38 31 34 0.352155 6.07395 17.248
26 38 32 35 0.485616 6.86523 14.1372
26 38 33 36 0.817235 7.48831 9.16298
26 38 34 37 2.27629 9.12032 4.00667
26 48 27 32 2.38797 8.8445 3.70377
26 48 28 33 0.908673 7.63673 8.40426
26 48 29 34 0.482742 6.67714 13.8317
26 48 30 35 0.302433 5.92876 19.6035
26 48 31 36 0.20738 5.23255 25.2317
26 48 32 37 0.162857 4.91166 30.1593
26 48 33 38 0.134745 4.55878 33.8325
26 48 34 39 0.12174 4.35803 35.7978
26 48 35 40 0.119161 4.26568 35.7978
26 48 36 41 0.128707 4.3545 33.8325
26 48 37 42 0.152143 4.58853 30.1593
26 48 38 43 0.196158 4.94939 25.2317
26 48 39 44 0.264297 5.18115 19.6035
26 48 40 45 0.419598 5.80374 13.8317
26 48 41 46 0.807319 6.78492 8.40426
26 48 42 47 2.18743 8.10175 3.70377
27 39 28 31 2.43955 9.77446 4.00667
27 39 29 32 0.877834 8.04358 9.16298
27 39 30 33 0.484882 6.85486 14.1372
27 39 31 34 0.355 6.12302 17.248
27 39 32 35 0.367582 6.34003 17.248
27 39 33 36 0.466462 6.59445 14.1372
27 39 34 37 0.822686 7.53826 9.16298
27 39 35 38 2.16674 8.68142 4.00667
27 49 28 33 2.57969 9.55457 3.70377
27 49 29 34 0.943039 7.92555 8.40426
27 49 30 35 0.490153 6.77964 13.8317
27 49 31 36 0.296148 5.80556 19.6035
27 49 32 37 0.210974 5.32323 25.2317
27 49 33 38 0.159903 4.82255 30.1593
27 49 34 39 0.132991 4.49942 33.8325
27 49 35 40 0.119816 4.28914 35.7978
27 49 36 41 0.119852 4.29043 35.7978
27 49 37 42 0.130614 4.41899 33.8325
27 49 38 43 0.154974 4.67391 30.1593
27 49 39 44 0.190967 4.81841 25.2317
27 49 40 45 0.267574 5.24541 19.6035
27 49 41 46 0.423591 5.85897 13.8317
27 49 42 47 0.775052 6.51374 8.40426
27 49 43 48 2.3007 8.52126 3.70377
28 40 29 32 2.54736 10.2064 4.00667
28 40 30 33 0.894538 8.19664 9.16298
28 40 31 34 0.480495 6.79283 14.1372
28 40 32 35 0.372097 6.41791 17.248
28 40 33 36 0.356903 6.15585 17.248
28 40 34 37 0.462621 6.54015 14.1372
28 40 35 38 0.777383 7.12315 9.16298
28 40 36 39 2.21836 8.88822 4.00667
28 50 29 34 2.69862 9.99509 3.70377
28 50 30 35 0.961752 8.08281 8.40426
28 50 31 36 0.484011 6.69469 13.8317
28 50 32 37 0.306428 6.00706 19.6035
28 50 33 38 0.210229 5.30444 25.2317
28 50 34 39 0.159683 4.81594 30.1593
28 50 35 40 0.131946 4.46407 33.8325
28 50 36 41 0.122205 4.37465 35.7978
28 50 37 42 0.122863 4.39823 35.7978
28 50 38 43 0.135132 4.57187 33.8325
28 50 39 44 0.154308 4.65382 30.1593
28 50 40 45 0.196939 4.96909 25.2317
28 50 41 46 0.276457 5.41953 19.6035
28 50 42 47 0.423713 5.86066 13.8317
28 50 43 48 0.840728 7.06569 8.40426
28 50 44 49 2.48157 9.19119 3.70377
29 41 30 33 2.38759 9.56629 4.00667
29 41 31 34 0.830722 7.61189 9.16298
29 41 32 35 0.4868 6.88198 14.1372
29 41 33 36 0.357386 6.16419 17.248
29 41 34 37 0.350042 6.03751 17.248
29 41 35 38 0.438365 6.19724 14.1372
29 41 36 39 0.796741 7.30052 9.16298
29 41 37 40 2.4193 9.69335 4.00667
29 51 30 35 2.5348 9.38833 3.70377
29 51 31 36 0.892299 7.49911 8.40426
29 51 32 37 0.482508 6.67389 13.8317
29 51 33 38 0.296096 5.80453 19.6035
29 51 34 39 0.204615 5.16279 25.2317
29 51 35 40 0.15466 4.66443 30.1593
29 51 36 41 0.132205 4.47282 33.8325
29 51 37 42 0.122687 4.39193 35.7978
29 51 38 43 0.125018 4.47537 35.7978
29 51 39 44 0.132578 4.48545 33.8325
29 51 40 45 0.15531 4.68405 30.1593
29 51 41 46 0.197551 4.98454 25.2317
29 51 42 47 0.267854 5.25088 19.6035
29 51 43 48 0.435487 6.02351 13.8317
29 51 44 49 0.847401 7.12178 8.40426
29 51 45 50 2.24551 8.31685 3.70377
30 42 31 34 2.29329 9.18844 4.00667
30 42 32 35 0.869982 7.97163 9.16298
30 42 33 36 0.477229 6.74666 14.1372
30 42 34 37 0.34965 6.03074 17.248
30 42 35 38 0.326285 5.62776 17.248
30 42 36 39 0.430976 6.09277 14.1372
30 42 37 40 0.787891 7.21943 9.16298
30 42 38 41 2.25054 9.01715 4.00667
30 52 31 36 2.43679 9.02533 3.70377
30 52 32 37 0.925737 7.78014 8.40426
30 52 33 38 0.47794 6.61071 13.8317
30 52 34 39 0.292424 5.73254 19.6035
30 52 35 40 0.199359 5.03017 25.2317
30 52 36 41 0.15606 4.70667 30.1593
30 52 37 42 0.132893 4.49609 33.8325
30 52 38 43 0.125199 4.48184 35.7978
30 52 39 44 0.123268 4.41271 35.7978
30 52 40 45 0.133192 4.50623 33.8325
30 52 41 46 0.155312 4.68411 30.1593
30 52 42 47 0.191117 4.82221 25.2317
30 52 43 48 0.27227 5.33746 19.6035
30 52 44 49 0.435465 6.02321 13.8317
30 52 45 50 0.791375 6.65092 8.40426
30 52 46 51 2.34161 8.67277 3.70377
31 43 32 35 2.47094 9.90025 4.00667
31 43 33 36 0.880521 8.0682 9.16298
31 43 34 37 0.478806 6.76896 14.1372
31 43 35 38 0.333961 5.76015 17.248
31 43 36 39 0.326586 5.63293 17.248
31 43 37 40 0.428067 6.05165 14.1372
31 43 38 41 0.763017 6.99151 9.16298
31 43 39 42 2.36103 9.45988 4.00667
31 53 32 37 2.60933 9.66436 3.70377
31 53 33 38 0.941382 7.91162 8.40426
31 53 34 39 0.481835 6.66459 13.8317
31 53 35 40 0.288913 5.66371 19.6035
31 53 36 41 0.204554 5.16125 25.2317
31 53 37 42 0.158292 4.77396 30.1593
31 53 38 43 0.137102 4.63851 33.8325
31 53 39 44 0.124932 4.47227 35.7978
31 53 40 45 0.124405 4.45342 35.7978
31 53 41 46 0.133546 4.51819 33.8325
31 53 42 47 0.150589 4.54166 30.1593
31 53 43 48 0.193078 4.87169 25.2317
31 53 44 49 0.271352 5.31946 19.6035
31 53 45 50 0.409553 5.66481 13.8317
31 53 46 51 0.787469 6.61809 8.40426
31 53 47 52 2.32579 8.61419 3.70377
32 44 33 36 2.25972 9.05394 4.00667
32 44 34 37 0.830673 7.61144 9.16298
32 44 35 38 0.442166 6.25097 14.1372
32 44 36 39 0.333069 5.74476 17.248
32 44 37 40 0.329077 5.67592 17.248
32 44 38 41 0.439085 6.20742 14.1372
32 44 39 42 0.831677 7.62064 9.16298
32 44 40 43 2.55258 10.2273 4.00667
32 54 33 38 2.39399 8.8668 3.70377
32 54 34 39 0.885734 7.44394 8.40426
32 54 35 40 0.449159 6.21263 13.8317
32 54 36 41 0.28491 5.58525 19.6035
32 54 37 42 0.2001 5.04886 25.2317
32 54 38 43 0.159479 4.80977 30.1593
32 54 39 44 0.134901 4.56403 33.8325
32 54 40 45 0.124436 4.45453 35.7978
32 54 41 46 0.123689 4.42779 35.7978
32 54 42 47 0.12889 4.36068 33.8325
32 54 43 48 0.151018 4.55458 30.1593
32 54 44 49 0.192315 4.85243 25.2317
32 54 45 50 0.257182 5.04168 19.6035
32 54 46 51 0.404794 5.59899 13.8317
32 54 47 52 0.773661 6.50205 8.40426
32 54 48 53 2.11327 7.82706 3.70377
33 45 34 37 2.35271 9.42651 4.00667
33 45 35 38 0.804723 7.37366 9.16298
33 45 36 39 0.45317 6.40654 14.1372
33 45 37 40 0.331187 5.7123 17.248
33 45 38 41 0.329504 5.68326 17.248
33 45 39 42 0.44449 6.28382 14.1372
33 45 40 43 0.811355 7.43443 9.16298
33 45 41 44 2.20045 8.81646 4.00667
33 55 34 39 2.48555 9.20591 3.70377
33 55 35 40 0.86872 7.30095 8.40426
33 55 36 41 0.463481 6.41071 13.8317
33 55 37 42 0.286364 5.61374 19.6035
33 55 38 43 0.206679 5.21485 25.2317
33 55 39 44 0.160661 4.84543 30.1593
33 55 40 45 0.136765 4.62711 33.8325
33 55 41 46 0.125837 4.50468 35.7978
33 55 42 47 0.121557 4.35146 35.7978
33 55 43 48 0.131481 4.44834 33.8325
33 55 44 49 0.154563 4.66151 30.1593
33 55 45 50 0.189278 4.77581 25.2317
33 55 46 51 0.264527 5.18566 19.6035
33 55 47 52 0.421702 5.83284 13.8317
33 55 48 53 0.793353 6.66755 8.40426
33 55 49 54 2.31008 8.556 3.70377
34 46 35 38 2.19717 8.80332 4.00667
34 46 36 39 0.827482 7.5822 9.16298
34 46 37 40 0.449113 6.34919 14.1372
34 46 38 41 0.337815 5.82663 17.248
34 46 39 42 0.337236 5.81664 17.248
34 46 40 43 0.441485 6.24134 14.1372
34 46 41 44 0.738693 6.76863 9.16298
34 46 42 45 2.16713 8.68299 4.00667
34 56 35 40 2.33952 8.66505 3.70377
34 56 36 41 0.894728 7.51953 8.40426
34 56 37 42 0.462084 6.39139 13.8317
34 56 38 43 0.295653 5.79585 19.6035
34 56 39 44 0.208873 5.27021 25.2317
34 56 40 45 0.1628 4.90994 30.1593
34 56 41 46 0.138095 4.6721 33.8325
34 56 42 47 0.123261 4.41248 35.7978
34 56 43 48 0.122975 4.40223 35.7978
34 56 44 49 0.133954 4.53201 33.8325
34 56 45 50 0.151418 4.56667 30.1593
34 56 46 51 0.192424 4.8552 25.2317
34 56 47 52 0.272219 5.33646 19.6035
34 56 48 53 0.427323 5.91059 13.8317
34 56 49 54 0.831805 6.9907 8.40426
34 56 50 55 2.26779 8.39939 3.70377
35 47 36 39 2.47981 9.93576 4.00667
35 47 37 40 0.836513 7.66495 9.16298
35 47 38 41 0.469595 6.63874 14.1372
35 47 39 42 0.354203 6.10927 17.248
35 47 40 43 0.348387 6.00897 17.248
35 47 41 44 0.434244 6.13899 14.1372
35 47 42 45 0.784192 7.18554 9.16298
35 47 43 46 2.42276 9.70719 4.00667
35 57 36 41 2.62834 9.73478 3.70377
35 57 37 42 0.907002 7.62268 8.40426
35 57 38 43 0.483123 6.6824 13.8317
35 57 39 44 0.302596 5.93196 19.6035
35 57 40 45 0.213304 5.38203 25.2317
35 57 41 46 0.165419 4.98892 30.1593
35 57 42 47 0.135729 4.59205 33.8325
35 57 43 48 0.124456 4.45523 35.7978
35 57 44 49 0.125569 4.49508 35.7978
35 57 45 50 0.13133 4.44323 33.8325
35 57 46 51 0.153153 4.61897 30.1593
35 57 47 52 0.196975 4.97001 25.2317
35 57 48 53 0.273487 5.36131 19.6035
35 57 49 54 0.438613 6.06676 13.8317
35 57 50 55 0.811458 6.8197 8.40426
35 57 51 56 2.23346 8.27221 3.70377
36 48 37 40 2.19817 8.80735 4.00667
36 48 38 41 0.808535 7.40859 9.16298
36 48 39 42 0.461806 6.52863 14.1372
36 48 40 43 0.346162 5.97059 17.248
36 48 41 44 0.327146 5.64259 17.248
36 48 42 45 0.419864 5.93568 14.1372
36 48 43 46 0.750493 6.87675 9.16298
36 48 44 47 2.07089 8.29737 4.00667
36 58 37 42 2.34402 8.68173 3.70377
36 58 38 43 0.87819 7.38053 8.40426
36 58 39 44 0.467774 6.4701 13.8317
36 58 40 45 0.295165 5.78628 19.6035
36 58 41 46 0.209187 5.27815 25.2317
36 58 42 47 0.157893 4.76193 30.1593
36 58 43 48 0.133613 4.52048 33.8325
36 58 44 49 0.125291 4.48513 35.7978
36 58 45 50 0.121722 4.35738 35.7978
36 58 46 51 0.13126 4.44085 33.8325
36 58 47 52 0.155513 4.69015 30.1593
36 58 48 53 0.196144 4.94904 25.2317
36 58 49 54 0.277613 5.44219 19.6035
36 58 50 55 0.429905 5.9463 13.8317
36 58 51 56 0.805701 6.77132 8.40426
36 58 52 57 2.24168 8.30268 3.70377
37 49 38 41 2.27666 9.12183 4.00667
37 49 39 42 0.82758 7.5831 9.16298
37 49 40 43 0.463805 6.55689 14.1372
37 49 41 44 0.337971 5.8293 17.248
37 49 42 45 0.32415 5.59092 17.248
37 49 43 46 0.419979 5.93731 14.1372
37 49 44 47 0.726489 6.6568 9.16298
37 49 45 48 2.18141 8.74019 4.00667
37 59 38 43 2.42384 8.97735 3.70377
37 59 39 44 0.887327 7.45732 8.40426
37 59 40 45 0.467241 6.46273 13.8317
37 59 41 46 0.294284 5.769 19.6035
37 59 42 47 0.201379 5.08114 25.2317
37 59 43 48 0.155795 4.69865 30.1593
37 59 44 49 0.135341 4.57894 33.8325
37 59 45 50 0.121872 4.36274 35.7978
37 59 46 51 0.121651 4.35485 35.7978
37 59 47 52 0.133561 4.5187 33.8325
37 59 48 53 0.154791 4.66838 30.1593
37 59 49 54 0.198863 5.01766 25.2317
37 59 50 55 0.27441 5.37941 19.6035
37 59 51 56 0.429328 5.93832 13.8317
37 59 52 57 0.813949 6.84064 8.40426
37 59 53 58 2.3866 8.83943 3.70377
38 50 39 42 2.19764 8.80521 4.00667
38 50 40 43 0.800177 7.33201 9.16298
38 50 41 44 0.447621 6.32809 14.1372
38 50 42 45 0.328506 5.66606 17.248
38 50 43 46 0.323849 5.58573 17.248
38 50 44 47 0.423046 5.98068 14.1372
38 50 45 48 0.786118 7.20318 9.16298
38 50 46 49 2.34994 9.41543 4.00667
38 60 39 44 2.33394 8.64438 3.70377
38 60 40 45 0.852872 7.16776 8.40426
38 60 41 46 0.453978 6.27928 13.8317
38 60 42 47 0.276321 5.41687 19.6035
38 60 43 48 0.19417 4.89924 25.2317
38 60 44 49 0.15586 4.70064 30.1593
38 60 45 50 0.130123 4.40238 33.8325
38 60 46 51 0.1205 4.31362 35.7978
38 60 47 52 0.12314 4.40812 35.7978
38 60 48 53 0.132052 4.46764 33.8325
38 60 49 54 0.15597 4.70396 30.1593
38 60 50 55 0.196566 4.9597 25.2317
38 60 51 56 0.272415 5.34029 19.6035
38 60 52 57 0.427521 5.91334 13.8317
38 60 53 58 0.825877 6.94088 8.40426
38 60 54 59 2.22681 8.24759 3.70377
39 51 40 43 2.24626 9.00001 4.00667
39 51 41 44 0.808912 7.41205 9.16298
39 51 42 45 0.436236 6.16713 14.1372
39 51 43 46 0.322575 5.56376 17.248
39 51 44 47 0.321676 5.54826 17.248
39 51 45 48 0.432747 6.11782 14.1372
39 51 46 49 0.788262 7.22283 9.16298
39 51 47 50 2.12327 8.50723 4.00667
39 61 40 45 2.37152 8.78358 3.70377
39 61 41 46 0.868662 7.30046 8.40426
39 61 42 47 0.437809 6.05562 13.8317
39 61 43 48 0.270759 5.30783 19.6035
39 61 44 49 0.197783 4.99041 25.2317
39 61 45 50 0.151389 4.56578 30.1593
39 61 46 51 0.129388 4.37752 33.8325
39 61 47 52 0.122741 4.39384 35.7978
39 61 48 53 0.121829 4.36122 35.7978
39 61 49 54 0.133067 4.50198 33.8325
39 61 50 55 0.154906 4.67186 30.1593
39 61 51 56 0.195321 4.92827 25.2317
39 61 52 57 0.27165 5.32529 19.6035
39 61 53 58 0.434436 6.00898 13.8317
39 61 54 59 0.809469 6.80299 8.40426
39 61 55 60 2.19958 8.14675 3.70377
40 52 41 44 2.43452 9.75431 4.00667
40 52 42 45 0.796357 7.297 9.16298
40 52 43 46 0.429292 6.06897 14.1372
40 52 44 47 0.32611 5.62474 17.248
40 52 45 48 0.324352 5.59441 17.248
40 52 46 49 0.429446 6.07115 14.1372
40 52 47 50 0.73921 6.77337 9.16298
40 52 48 51 2.21243 8.86447 4.00667
40 62 41 46 2.56907 9.51524 3.70377
40 62 42 47 0.850939 7.15151 8.40426
40 62 43 48 0.432376 5.98048 13.8317
40 62 44 49 0.279834 5.48575 19.6035
40 62 45 50 0.193609 4.88509 25.2317
40 62 46 51 0.151512 4.56949 30.1593
40 62 47 52 0.133282 4.50927 33.8325
40 62 48 53 0.122548 4.38695 35.7978
40 62 49 54 0.124341 4.45113 35.7978
40 62 50 55 0.134894 4.56381 33.8325
40 62 51 56 0.157099 4.738 30.1593
40 62 52 57 0.199712 5.03908 25.2317
40 62 53 58 0.284278 5.57286 19.6035
40 62 54 59 0.448076 6.19765 13.8317
40 62 55 60 0.847445 7.12215 8.40426
40 62 56 61 2.38796 8.84447 3.70377
41 53 42 45 2.25551 9.03707 4.00667
41 53 43 46 0.76189 6.98118 9.16298
41 53 44 47 0.434409 6.14131 14.1372
41 53 45 48 0.321611 5.54714 17.248
41 53 46 49 0.318381 5.49143 17.248
41 53 47 50 0.408846 5.77993 14.1372
41 53 48 51 0.730829 6.69657 9.16298
41 53 49 52 2.19696 8.80249 4.00667
41 63 42 47 2.37972 8.81392 3.70377
41 63 43 48 0.816386 6.86112 8.40426
41 63 44 49 0.441968 6.11315 13.8317
41 63 45 50 0.26948 5.28275 19.6035
41 63 46 51 0.190836 4.81511 25.2317
41 63 47 52 0.154606 4.66281 30.1593
41 63 48 53 0.131047 4.43367 33.8325
41 63 49 54 0.123145 4.40831 35.7978
41 63 50 55 0.124284 4.44911 35.7978
41 63 51 56 0.133726 4.52429 33.8325
41 63 52 57 0.155967 4.70386 30.1593
41 63 53 58 0.20095 5.07031 25.2317
41 63 54 59 0.28075 5.50369 19.6035
41 63 55 60 0.441946 6.11285 13.8317
41 63 56 61 0.832483 6.9964 8.40426
41 63 57 62 2.12516 7.87111 3.70377
42 54 43 46 2.35553 9.43783 4.00667
42 54 44 47 0.823782 7.54829 9.16298
42 54 45 48 0.435159 6.15191 14.1372
42 54 46 49 0.319442 5.50972 17.248
42 54 47 50 0.312545 5.39076 17.248
42 54 48 51 0.401357 5.67405 14.1372
42 54 49 52 0.717813 6.57731 9.16298
42 54 50 53 2.00101 8.01738 4.00667
43 55 44 47 2.54548 10.1989 4.00667
43 55 45 48 0.805353 7.37943 9.16298
43 55 46 49 0.429921 6.07787 14.1372
43 55 47 50 0.324656 5.59965 17.248
43 55 48 51 0.313829 5.41292 17.248
43 55 49 52 0.41642 5.887 14.1372
43 55 50 53 0.745515 6.83114 9.16298
43 55 51 54 2.19257 8.78489 4.00667
44 56 45 48 2.20415 8.83129 4.00667
44 56 46 49 0.735537 6.73971 9.16298
44 56 47 50 0.423409 5.9858 14.1372
44 56 48 51 0.31093 5.36291 17.248
44 56 49 52 0.316476 5.45856 17.248
44 56 50 53 0.427497 6.0436 14.1372
44 56 51 54 0.77989 7.14612 9.16298
44 56 52 55 2.13969 8.57302 4.00667
45 57 46 49 2.17127 8.69954 4.00667
45 57 47 50 0.781606 7.16184 9.16298
45 57 48 51 0.412526 5.83195 14.1372
45 57 49 52 0.316875 5.46545 17.248
45 57 50 53 0.327576 5.65001 17.248
45 57 51 54 0.438129 6.19391 14.1372
45 57 52 55 0.753645 6.90564 9.16298
45 57 53 56 2.1042 8.43084 4.00667
46 58 47 50 2.42447 9.71405 4.00667
46 58 48 51 0.746355 6.83883 9.16298
46 58 49 52 0.418159 5.91159 14.1372
46 58 50 53 0.329442 5.6822 17.248
46 58 51 54 0.331898 5.72457 17.248
46 58 52 55 0.424726 6.00442 14.1372
46 58 53 56 0.746864 6.8435 9.16298
46 58 54 57 2.10756 8.44428 4.00667
47 59 48 51 2.06223 8.26267 4.00667
47 59 49 52 0.722843 6.62339 9.16298
47 59 50 53 0.427261 6.04026 14.1372
47 59 51 54 0.327405 5.64706 17.248
47 59 52 55 0.321153 5.53923 17.248
47 59 53 56 0.421139 5.95371 14.1372
47 59 54 57 0.751561 6.88654 9.16298
47 59 55 58 2.26041 9.05671 4.00667
48 60 49 52 2.17469 8.71325 4.00667
48 60 50 53 0.791168 7.24946 9.16298
48 60 51 54 0.439838 6.21806 14.1372
48 60 52 55 0.324429 5.59573 17.248
48 60 53 56 0.319538 5.51138 17.248
48 60 54 57 0.418446 5.91564 14.1372
48 60 55 58 0.770015 7.05563 9.16298
48 60 56 59 2.10341 8.42766 4.00667
49 61 50 53 2.3579 9.44731 4.00667
49 61 51 54 0.798126 7.31322 9.16298
49 61 52 55 0.431622 6.10191 14.1372
49 61 53 56 0.319244 5.5063 17.248
49 61 54 57 0.315627 5.44392 17.248
49 61 55 58 0.430665 6.08839 14.1372
49 61 56 59 0.756426 6.93112 9.16298
49 61 57 60 2.07466 8.31246 4.00667
50 62 51 54 2.13927 8.57137 4.00667
50 62 52 55 0.742737 6.80568 9.16298
50 62 53 56 0.409855 5.79418 14.1372
50 62 54 57 0.310914 5.36263 17.248
50 62 55 58 0.32932 5.6801 17.248
50 62 56 59 0.442958 6.26218 14.1372
50 62 57 60 0.788442 7.22447 9.16298
50 62 58 61 2.25101 9.01903 4.00667
51 63 52 55 2.22173 8.90173 4.00667
51 63 53 56 0.73471 6.73213 9.16298
51 63 54 57 0.402069 5.68411 14.1372
51 63 55 58 0.321731 5.5492 17.248
51 63 56 59 0.330186 5.69503 17.248
51 63 57 60 0.437132 6.17981 14.1372
51 63 58 61 0.771562 7.0698 9.16298
51 63 59 62 1.99001 7.97333 4.00667
