64
# x y z
0.0 0.0 0.0
0.5 0.0 0.0
1.0 0.0 0.0
1.5 0.0 0.0
2.0 0.0 0.0
2.5 0.0 0.0
3.0 0.0 0.0
3.5 0.0 0.0
4.0 0.0 0.0
4.5 0.0 0.0
5.0 0.0 0.0
5.5 0.0 0.0
6.0 0.0 0.0
6.5 0.0 0.0
7.0 0.0 0.0
7.5 0.0 0.0
8.0 0.0 0.0
8.5 0.0 0.0
9.0 0.0 0.0
9.5 0.0 0.0
10.0 0.0 0.0
10.5 0.0 0.0
11.0 0.0 0.0
11.5 0.0 0.0
12.0 0.0 0.0
12.5 0.0 0.0
13.0 0.0 0.0
13.5 0.0 0.0
14.0 0.0 0.0
14.5 0.0 0.0
15.0 0.0 0.0
15.5 0.0 0.0
16.0 0.0 0.0
16.5 0.0 0.0
17.0 0.0 0.0
17.5 0.0 0.0
18.0 0.0 0.0
18.5 0.0 0.0
19.0 0.0 0.0
19.5 0.0 0.0
20.0 0.0 0.0
20.5 0.0 0.0
21.0 0.0 0.0
21.5 0.0 0.0
22.0 0.0 0.0
22.5 0.0 0.0
23.0 0.0 0.0
23.5 0.0 0.0
24.0 0.0 0.0
24.5 0.0 0.0
25.0 0.0 0.0
25.5 0.0 0.0
26.0 0.0 0.0
26.5 0.0 0.0
27.0 0.0 0.0
27.5 0.0 0.0
28.0 0.0 0.0
28.5 0.0 0.0
29.0 0.0 0.0
29.5 0.0 0.0
30.0 0.0 0.0
30.5 0.0 0.0
31.0 0.0 0.0
31.5 0.0 0.0
1399
# a b m n r rhoa
1 13 2 5 1.02618451 4.111581553191892
1 13 3 6 0.425909722 3.9026016567057074
1 13 4 7 0.292271816 4.131895454986274
1 13 5 8 0.277339046 4.7835326794277755
1 13 6 9 0.203684493 3.513141920009987
1 13 7 10 0.420471007 5.944268819874174
1 13 8 11 0.665485297 6.0978275170377305
1 13 9 12 2.74618827 11.003067111706798
1 23 2 7 1.12260436 4.15787103525846
1 23 3 8 0.473116329 3.9761929239586267
1 23 4 9 0.295103809 4.081779723055523
1 23 5 10 0.226880328 4.4476571673383765
1 23 6 11 0.158918121 4.0097726101182
1 23 7 12 0.14131123 4.2618462915622795
1 23 8 13 0.105347448 3.564171355351733
1 23 9 14 0.12084595 4.326014959510943
1 23 10 15 0.091326605 3.2692883744250176
1 23 11 16 0.122204106 4.134474848518085
1 23 12 17 0.12521363 3.7763541133181793
1 23 13 18 0.181342521 4.575578097576328
1 23 14 19 0.224060596 4.392380443479914
1 23 15 20 0.327284906 4.526898170172154
1 23 16 21 0.797857029 6.705398394821525
1 23 17 22 1.75637758 6.505222790030274
1 57 4 16 0.365067268 4.213589476552012
1 57 5 17 0.265579491 4.31699642280848
1 57 6 18 0.192236856 4.1025155747180735
1 57 7 19 0.156740115 4.193362775944529
1 57 8 20 0.115889062 3.7593926110605933
1 57 9 21 0.112922915 4.329247731082712
1 57 10 22 0.086870866 3.8554151775129935
1 57 11 23 0.080620231 4.070776365167349
1 57 12 24 0.070237703 3.9749908167274053
1 57 13 25 0.065195623 4.080903836183744
1 57 14 26 0.059394776 4.062990993395548
1 57 15 27 0.05933689 4.3871179478505455
1 57 16 28 0.050956801 4.030132670332032
1 57 17 29 0.051224394 4.291364796666374
1 57 18 30 0.046060203 4.049116526779599
1 57 19 31 0.044364432 4.055373906127459
1 57 20 32 0.043976043 4.1430094854697375
1 57 21 33 0.04200586 4.043192206479974
1 57 22 34 0.042909371 4.183483655788968
1 57 23 35 0.044486134 4.3557695498848465
1 57 24 36 0.04278529 4.171386278843173
1 57 25 37 0.044352449 4.269058558379725
1 57 26 38 0.042913434 4.042900451868294
1 57 27 39 0.046751734 4.273598321507011
1 57 28 40 0.048084757 4.227093490119464
1 57 29 41 0.047410778 3.9718760497540413
1 57 30 42 0.050902551 4.025842081184461
1 57 31 43 0.058001693 4.288399145388599
1 57 32 44 0.057960003 3.9648431398441275
1 57 33 45 0.065380805 4.092495257500358
1 57 34 46 0.070488213 3.9891680307729493
1 57 35 47 0.080196496 4.049380613732524
1 57 36 48 0.089415981 3.9683699050451904
1 57 37 49 0.104478105 4.005489931065554
1 57 38 50 0.116984179 3.794917747661033
1 57 39 51 0.151482086 4.052691556688138
1 57 40 52 0.184456522 3.936475918870245
1 57 41 53 0.277464689 4.510190396699975
1 57 42 54 0.376471671 4.34521856707666
2 14 3 6 1.15059916 4.610069860998084
2 14 4 7 0.51852322 4.751217154447528
2 14 5 8 0.364012141 5.146100405923925
2 14 6 9 0.216188051 3.728802784085075
2 14 7 10 0.278927853 4.810936358482055
2 14 8 11 0.283469403 4.007454272920289
2 14 9 12 0.577298304 5.289771989764055
2 14 10 13 0.925549702 3.7083711985727135
2 24 4 9 0.567086387 4.765941780171919
2 24 5 10 0.361879851 5.005404176244143
2 24 6 11 0.2231777 4.375072558054015
2 24 7 12 0.181680293 4.584100655642973
2 24 8 13 0.121364538 3.660268233476343
2 24 9 14 0.132899633 4.496331653666236
2 24 10 15 0.093909732 3.3617585485956587
2 24 11 16 0.11511598 4.120894838087355
2 24 12 17 0.109496484 3.704543766304898
2 24 13 18 0.144791826 4.366818593869934
2 24 14 19 0.163103728 4.1153825443391
2 24 15 20 0.217947143 4.272535134314827
2 24 16 21 0.369960806 5.117177312530311
2 24 17 22 0.569228363 4.783943504679063
2 24 18 23 2.23050757 8.261292357022143
2 58 5 17 0.417360567 4.817156308406649
2 58 6 18 0.271518333 4.413532339693813
2 58 7 19 0.209829658 4.4779625400384555
2 58 8 20 0.144687505 3.8709120355774127
2 58 9 21 0.13878102 4.501998136316372
2 58 10 22 0.102983756 3.9481994597941052
2 58 11 23 0.093995703 4.171622508830562
2 58 12 24 0.079815037 4.030119514350654
2 58 13 25 0.0733538 4.151341358245425
2 58 14 26 0.06559578 4.105951564255547
2 58 15 27 0.065051328 4.449936131965876
2 58 16 28 0.054501092 4.0295795565061425
2 58 17 29 0.054638838 4.321342034261124
2 58 18 30 0.048570895 4.069065784274165
2 58 19 31 0.046411795 4.080024705318966
2 58 20 32 0.045543651 4.1631668778082345
2 58 21 33 0.042972315 4.04844766632581
2 58 22 34 0.04342215 4.179514440809078
2 58 23 35 0.044361925 4.325101576922114
2 58 24 36 0.042800959 4.19076905891777
2 58 25 37 0.043779234 4.2682916489724505
2 58 26 38 0.041928835 4.035778315187089
2 58 27 39 0.045210443 4.259303052602729
2 58 28 40 0.046323679 4.234469609628373
2 58 29 41 0.045022551 3.9578973486477547
2 58 30 42 0.047783748 4.003121911407625
2 58 31 43 0.053703729 4.247385010718348
2 58 32 44 0.053230906 3.93566739161667
2 58 33 45 0.059142473 4.045731818672724
2 58 34 46 0.063188379 3.9552608963232445
2 58 35 47 0.070166904 3.9709840602018756
2 58 36 48 0.076999841 3.887971157815757
2 58 37 49 0.087974928 3.9044145439025875
2 58 38 50 0.096795393 3.710949505018618
2 58 39 51 0.120052917 3.8944663225082508
2 58 40 52 0.14120036 3.777618343421317
2 58 41 53 0.196415985 4.191702123894969
2 58 42 54 0.246705605 4.01020127819961
2 58 43 55 0.349667957 4.035851343162984
3 15 4 7 2.25278219 9.026152320076662
3 15 5 8 0.843704098 7.730842571901175
3 15 6 9 0.368939026 5.215752601668792
3 15 7 10 0.341879823 5.896729397985612
3 15 8 11 0.273220254 4.712491921135972
3 15 9 12 0.482904349 6.826899398422341
3 15 10 13 0.632090371 5.791830525653803
3 15 11 14 2.52824899 10.129856578287303
3 25 4 9 2.37319085 8.78975875022916
3 25 5 10 0.870743895 7.31795861114566
3 25 6 11 0.403714391 5.5840459012493096
3 25 7 12 0.275070611 5.392357218992986
3 25 8 13 0.155555488 3.924927699944114
3 25 9 14 0.161619327 4.874324067660733
3 25 10 15 0.106252733 3.594799442948403
3 25 11 16 0.119705652 4.285194839297561
3 25 12 17 0.106888927 3.8263847254134142
3 25 13 18 0.131516048 4.4495214639719
3 25 14 19 0.139333858 4.202210157015583
3 25 15 20 0.177098205 4.468486836124234
3 25 16 21 0.253672166 4.972871985905055
3 25 17 22 0.342223445 4.733523173722258
3 25 18 23 0.845735386 7.107780584243199
3 25 19 24 2.59099221 9.596445414250223
3 59 6 18 0.47015541 5.426511937849209
3 59 7 19 0.317974016 5.1686697811242
3 59 8 20 0.191262453 4.081720896908985
3 59 9 21 0.179139108 4.792616537273222
3 59 10 22 0.126149758 4.092245289829699
3 59 11 23 0.112247574 4.303356453905205
3 59 12 24 0.092655853 4.112158637184678
3 59 13 25 0.083825401 4.23261577099023
3 59 14 26 0.073344519 4.1508161148477285
3 59 15 27 0.072224943 4.520902376480891
3 59 16 28 0.059446022 4.06649655483495
3 59 17 29 0.059117937 4.370929491798404
3 59 18 30 0.051893768 4.104236641610036
3 59 19 31 0.049000149 4.105026883285472
3 59 20 32 0.04760081 4.184550086743986
3 59 21 33 0.044510889 4.068761610407538
3 59 22 34 0.044579179 4.1998312911294295
3 59 23 35 0.044956275 4.327178653463362
3 59 24 36 0.04306454 4.198611982311981
3 59 25 37 0.043765143 4.2851751789839945
3 59 26 38 0.041535144 4.049502288552335
3 59 27 39 0.044337742 4.267642964751104
3 59 28 40 0.045115395 4.25034852330197
3 59 29 41 0.043442047 3.9710582529843417
3 59 30 42 0.04567229 4.015015397454297
3 59 31 43 0.050892446 4.263555586048406
3 59 32 44 0.050060383 3.9592356870603838
3 59 33 45 0.055095994 4.073564086895453
3 59 34 46 0.058286901 3.987205100258946
3 59 35 47 0.063491399 3.9742283579953326
3 59 36 48 0.068932429 3.901120915781
3 59 37 49 0.077555982 3.9160525166808853
3 59 38 50 0.084224328 3.737959196665918
3 59 39 51 0.101363435 3.8860794639289997
3 59 40 52 0.116537554 3.7804294198073234
3 59 41 53 0.154448591 4.1320562530943725
3 59 42 54 0.185486722 3.9584613572144636
3 59 43 55 0.242821175 3.9470598422720524
3 59 44 56 0.292226539 3.3728651605643702
4 16 5 8 2.21089172 8.858311077075887
4 16 6 9 0.662344339 6.06904698618513
4 16 7 10 0.422704971 5.975850741882702
4 16 8 11 0.224702586 3.8756611403463554
4 16 9 12 0.306670257 5.289436223733223
4 16 10 13 0.28018099 3.9609654293678274
4 16 11 14 0.502787773 4.60703359075042
4 16 12 15 0.661821496 2.6516995997722295
4 26 5 10 2.28813392 8.474727241180855
4 26 6 11 0.743177668 6.245858795428879
4 26 7 12 0.420800011 5.820368629539923
4 26 8 13 0.196804113 3.8580569389256247
4 26 9 14 0.194733566 4.913456780787414
4 26 10 15 0.118516289 3.5743670673899963
4 26 11 16 0.123079097 4.164078013261008
4 26 12 17 0.102227525 3.6595169504958913
4 26 13 18 0.115275727 4.126613423705963
4 26 14 19 0.112293414 3.79917100197295
4 26 15 20 0.133957077 4.040050262395796
4 26 16 21 0.157384077 3.971066088953656
4 26 17 22 0.185201185 3.6305984971284535
4 26 18 23 0.301747425 4.173672054667438
4 26 19 24 0.498152183 4.186600765367248
4 26 20 25 0.840679515 3.1136855778411823
4 60 7 19 0.47962857 5.535850711233004
4 60 8 20 0.246424033 4.00562432343482
4 60 9 21 0.225511817 4.812634584106348
4 60 10 22 0.150904283 4.03723324474273
4 60 11 23 0.131229776 4.257038945103695
4 60 12 24 0.105621602 4.049329410348832
4 60 13 25 0.094270789 4.183831098296233
4 60 14 26 0.080848263 4.082290438801073
4 60 15 27 0.07922463 4.483591621847692
4 60 16 28 0.064041106 4.0086371311897695
4 60 17 29 0.063270276 4.32810053088929
4 60 18 30 0.054932504 4.06147632979706
4 60 19 31 0.051482603 4.071717930331495
4 60 20 32 0.049548596 4.150973471714361
4 60 21 33 0.045961601 4.0404485018520155
4 60 22 34 0.045849339 4.191109963805961
4 60 23 35 0.045502882 4.286853906846739
4 60 24 36 0.043390253 4.176444257224928
4 60 25 37 0.043811584 4.27144563825523
4 60 26 38 0.041270909 4.040957317582788
4 60 27 39 0.043730469 4.26353726605515
4 60 28 40 0.044286258 4.262687472646945
4 60 29 41 0.04229151 3.9843086174178572
4 60 30 42 0.044216069 4.041811973477564
4 60 31 43 0.048811683 4.290996987903566
4 60 32 44 0.047721835 3.997935100048646
4 60 33 45 0.052024668 4.11458941800482
4 60 34 46 0.054683825 4.043090059398434
4 60 35 47 0.058687501 4.0146087593274515
4 60 36 48 0.063120971 3.9510415092979914
4 60 37 49 0.070166152 3.9709415019608376
4 60 38 50 0.075484441 3.8114537077011006
4 60 39 51 0.088754359 3.939006464595817
4 60 40 52 0.10052779 3.854042439200754
4 60 41 53 0.129158114 4.189835097898383
4 60 42 54 0.15105692 4.041316834409816
4 60 43 55 0.189238804 4.0385343211762725
4 60 44 56 0.21957363 3.569170841031067
4 60 45 57 0.412301965 4.758770158725147
5 17 6 9 1.84845336 7.4061405749649944
5 17 7 10 0.751682179 6.887647699860573
5 17 8 11 0.271682219 3.840816884946188
5 17 9 12 0.324170441 5.591278691526233
5 17 10 13 0.247287028 4.265196685058806
5 17 11 14 0.37581845 5.313008167215775
5 17 12 15 0.409999282 3.756814635899179
5 17 13 16 3.43948608 13.780881879603008
5 27 6 11 1.97987164 7.332993919145002
5 27 7 12 0.780444099 6.559055593257838
5 27 8 13 0.272860745 3.774120909970443
5 27 9 14 0.255654034 5.011723610867968
5 27 10 15 0.143041602 3.609181219849867
5 27 11 16 0.139163956 4.197086033415293
5 27 12 17 0.108732338 3.678690769044759
5 27 13 18 0.117495062 4.206060657230679
5 27 14 19 0.108598045 3.887567330503361
5 27 15 20 0.125799353 4.25611117304314
5 27 16 21 0.136982196 4.131285702011491
5 27 17 22 0.154820193 3.9063749651596593
5 27 18 23 0.227809232 4.465866972347867
5 27 19 24 0.339910006 4.701524439335452
5 27 20 25 0.494723889 4.1577884891711125
5 27 21 26 1.87390384 6.940513307106348
5 61 8 20 0.335857453 3.8764511464839453
5 61 9 21 0.296973309 4.827303146772721
5 61 10 22 0.185175099 3.9518110288771116
5 61 11 23 0.15663978 4.190678453209889
5 61 12 24 0.122165842 3.9630087241434047
5 61 13 25 0.107283658 4.113049445976078
5 61 14 26 0.089965222 3.992745765273318
5 61 15 27 0.087486612 4.417482162736127
5 61 16 28 0.06930125 3.921993752240589
5 61 17 29 0.067741388 4.240255364345724
5 61 18 30 0.058138312 3.9770406412042076
5 61 19 31 0.054123032 4.001627403783538
5 61 20 32 0.051573787 4.078929600024252
5 61 21 33 0.047372007 3.968627978053446
5 61 22 34 0.046948378 4.127195298407515
5 61 23 35 0.046201116 4.2232660672939035
5 61 24 36 0.043652031 4.112484119888164
5 61 25 37 0.043736873 4.209807489940794
5 61 26 38 0.040831054 3.980856467405144
5 61 27 39 0.042835376 4.194138929641946
5 61 28 40 0.043250287 4.216721535551804
5 61 29 41 0.04083811 3.93079270557422
5 61 30 42 0.04235236 3.9900413325507498
5 61 31 43 0.046253665 4.2280695964677495
5 61 32 44 0.044849724 3.9427042618527675
5 61 33 45 0.048232747 4.040737163670802
5 61 34 46 0.050311903 3.9791282028649353
5 61 35 47 0.053045376 3.9219500904088593
5 61 36 48 0.056471745 3.863036562615031
5 61 37 49 0.0618058 3.868718707058068
5 61 38 50 0.065720231 3.719331691388082
5 61 39 51 0.075369871 3.8056686976313925
5 61 40 52 0.083870048 3.7222358989484836
5 61 41 53 0.10385176 3.9814770664479076
5 61 42 54 0.117672803 3.8172564216715195
5 61 43 55 0.140161719 3.749830954679323
5 61 44 56 0.156629894 3.3426294674806836
5 61 45 57 0.237167233 3.8551549768140245
5 61 46 58 0.380599574 4.392862632063137
6 18 7 10 2.52254394 10.10699833192765
6 18 8 11 0.428801464 3.9290986266902657
6 18 9 12 0.413955753 5.8521615864121515
6 18 10 13 0.228414905 3.9396910687285303
6 18 11 14 0.260612907 4.49504090857503
6 18 12 15 0.215867145 3.0517498659753186
6 18 13 16 0.713309027 6.536035330307243
6 18 14 17 1.75385296 7.027108095158245
6 28 7 12 2.61181803 9.673579511398666
6 28 8 13 0.480410728 4.037496954089303
6 28 9 14 0.40955208 5.664790913217977
6 28 10 15 0.198419671 3.8897275918257335
6 28 11 16 0.176473935 4.452735449614205
6 28 12 17 0.126760638 3.823010775409488
6 28 13 18 0.129665681 4.386918855332646
6 28 14 19 0.112443097 4.0252115996915085
6 28 15 20 0.126245483 4.51930617475128
6 28 16 21 0.127057004 4.298660696114922
6 28 17 22 0.138035378 4.163048922818783
6 28 18 23 0.186277802 4.700103573038227
6 28 19 24 0.258339742 5.064372990128288
6 28 20 25 0.34606031 4.786593440114859
6 28 21 26 0.866378163 7.2812678616993445
6 28 22 27 2.70811851 10.030254570520553
6 62 9 21 0.466629401 5.385814905496728
6 62 10 22 0.255025757 4.14544540524413
6 62 11 23 0.205402646 4.3834859341608405
6 62 12 24 0.152282544 4.074106692059877
6 62 13 25 0.130569289 4.235613023583151
6 62 14 26 0.105778267 4.055335645627031
6 62 15 27 0.101894012 4.5221572945121915
6 62 16 28 0.079460229 4.012204110206347
6 62 17 29 0.075933264 4.297322010717487
6 62 18 30 0.06398465 4.005103281885567
6 62 19 31 0.059050935 4.039470021009691
6 62 20 32 0.05562987 4.113036613708481
6 62 21 33 0.050590228 4.001140704698992
6 62 22 34 0.049875954 4.178398151391531
6 62 23 35 0.048438961 4.258231287541926
6 62 24 36 0.045451537 4.154746693098352
6 62 25 37 0.045249769 4.263007978737752
6 62 26 38 0.041897786 4.032789754190624
6 62 27 39 0.043643323 4.255040896656786
6 62 28 40 0.043658263 4.274710240639573
6 62 29 41 0.041043493 4.001568378664626
6 62 30 42 0.042331565 4.07454230662342
6 62 31 43 0.045918566 4.326015746736653
6 62 32 44 0.044286703 4.0482686611341405
6 62 33 45 0.047307451 4.158761125823003
6 62 34 46 0.04891716 4.098074413079372
6 62 35 47 0.051089684 4.040642280612154
6 62 36 48 0.054175474 4.005504742811943
6 62 37 49 0.058846751 4.025502500482368
6 62 38 50 0.062160706 3.8909339600189092
6 62 39 51 0.070461392 3.9876501390404218
6 62 40 52 0.077580778 3.9173045469653274
6 62 41 53 0.094835902 4.2089113736236365
6 62 42 54 0.106138776 4.069156868452221
6 62 43 55 0.124056941 4.024355183288825
6 62 44 56 0.137030302 3.666054268131914
6 62 45 57 0.196650561 4.19670819668184
6 62 46 58 0.291520326 4.738664871219148
6 62 47 59 0.427942198 4.939289002664948
7 19 8 11 0.784936399 3.1449802517066554
7 19 9 12 0.620370899 5.684445254831279
7 19 10 13 0.264901539 3.7449572798116435
7 19 11 14 0.256126477 4.417659144887254
7 19 12 15 0.182835863 3.153545590662628
7 19 13 16 0.416197799 5.883857765003898
7 19 14 17 0.697754876 6.3935129779735
7 19 15 18 3.05960375 12.258819165548248
7 29 8 13 0.873364963 3.2347450377506792
7 29 9 14 0.646685844 5.434916360574424
7 29 10 15 0.262918043 3.63659669585234
7 29 11 16 0.215138773 4.217481145856921
7 29 12 17 0.145616266 3.674144341251594
7 29 13 18 0.13775544 4.154606191641882
7 29 14 19 0.111079716 3.7581085203678173
7 29 15 20 0.120078062 4.298526285085123
7 29 16 21 0.109025236 3.9028598136736155
7 29 17 22 0.11188066 3.785206487297599
7 29 18 23 0.132497765 3.996038449354239
7 29 19 24 0.165628477 4.179086225982953
7 29 20 25 0.198779638 3.896784218645999
7 29 21 26 0.352392983 4.874184909475193
7 29 22 27 0.66144316 5.558940690023898
7 29 23 28 1.48889901 5.514543047119465
7 63 10 22 0.334356605 3.859128428472688
7 63 11 23 0.256849059 4.175083191588481
7 63 12 24 0.181770639 3.8791566458200735
7 63 13 25 0.15260137 4.082636436218883
7 63 14 26 0.120042315 3.8941223980707362
7 63 15 27 0.114703429 4.3975092189716944
7 63 16 28 0.087223407 3.871061296685969
7 63 17 29 0.082834346 4.182574196802966
7 63 18 30 0.068909508 3.8998237383304466
7 63 19 31 0.06311054 3.9503885834425976
7 63 20 32 0.058796393 4.022057684048594
7 63 21 33 0.053073215 3.9240083879797334
7 63 22 34 0.052196765 4.128200432208127
7 63 23 35 0.050085094 4.195919023060111
7 63 24 36 0.046605682 4.097069160290815
7 63 25 37 0.046031452 4.207757000066148
7 63 26 38 0.042275693 3.9828184883257136
7 63 27 39 0.043718981 4.208085330343101
7 63 28 40 0.043506091 4.241661352383084
7 63 29 41 0.040549257 3.9702982262080804
7 63 30 42 0.041561735 4.052094799495716
7 63 31 43 0.044700434 4.302553176510907
7 63 32 44 0.042841687 4.036141123805194
7 63 33 45 0.045356935 4.146099079120843
7 63 34 46 0.046397926 4.078805492344375
7 63 35 47 0.047814434 4.005692655732107
7 63 36 48 0.050464029 3.9911597266375316
7 63 37 49 0.054282668 4.013430212470058
7 63 38 50 0.056900231 3.8923478063984254
7 63 39 51 0.063460822 3.972314398271395
7 63 40 52 0.069060107 3.9083466486256246
7 63 41 53 0.0827232 4.176962075573954
7 63 42 54 0.091010725 4.039146225173595
7 63 43 55 0.103837908 3.9809460073659584
7 63 44 56 0.113031251 3.666686419710044
7 63 45 57 0.153290354 4.101069240474651
7 63 46 58 0.211141946 4.505968002001044
7 63 47 59 0.283988087 4.616228275319736
7 63 48 60 0.409953578 4.731665184882158
8 20 9 12 2.60525604 10.438398329951168
8 20 10 13 0.484299283 4.437623953033846
8 20 11 14 0.351382967 4.967559664757042
8 20 12 15 0.197534425 3.40706579519811
8 20 13 16 0.28802402 4.967826680020235
8 20 14 17 0.319090243 4.511032034584428
8 20 15 18 0.739673931 6.77761638073766
8 20 16 19 1.52136388 6.095601330700697
8 30 9 14 2.69100067 9.966853987324717
8 30 10 15 0.524557385 4.408516964222643
8 30 11 16 0.355342614 4.914983244295385
8 30 12 17 0.208023799 4.078002481551895
8 30 13 18 0.180208591 4.546967128435864
8 30 14 19 0.132380853 3.992512466503201
8 30 15 20 0.137801809 4.6621847009853585
8 30 16 21 0.114077984 4.083736900863041
8 30 17 22 0.112445165 4.025285629470217
8 30 18 23 0.122178264 4.13360054811581
8 30 19 24 0.143992126 4.342700210077206
8 30 20 25 0.163110728 4.115559166162303
8 30 21 26 0.252377159 4.9474852667651605
8 30 22 27 0.396811912 5.488573060974935
8 30 23 28 0.662050331 5.56404351333785
8 30 24 29 3.27371518 12.125095901647787
8 64 11 23 0.414912607 4.788902067615551
8 64 12 24 0.259891377 4.224536091259283
8 64 13 25 0.207477954 4.427774961611107
8 64 14 26 0.153253874 4.100093269045343
8 64 15 27 0.144199483 4.677770805574021
8 64 16 28 0.105128897 4.0304400467210595
8 64 17 29 0.097906116 4.345170515483842
8 64 18 30 0.079322544 4.005251948982224
8 64 19 31 0.071613614 4.052858306067628
8 64 20 32 0.065606327 4.106611751102143
8 64 21 33 0.058330588 3.990193576678636
8 64 22 34 0.056915555 4.2080947089133725
8 64 23 35 0.053598718 4.239079774645067
8 64 24 36 0.049230464 4.124321707605779
8 64 25 37 0.048308543 4.246766342865291
8 64 26 38 0.043857794 4.009061884707854
8 64 27 39 0.044967346 4.236400737883571
8 64 28 40 0.044534225 4.286555053071777
8 64 29 41 0.040958983 3.9933290082075117
8 64 30 42 0.041701749 4.083142142024319
8 64 31 43 0.044368719 4.325763963419399
8 64 32 44 0.042179018 4.059859192374077
8 64 33 45 0.044253449 4.1691440717335855
8 64 34 46 0.044770464 4.0924894850635924
8 64 35 47 0.045467567 3.997018358172644
8 64 36 48 0.04767518 3.9940265399085595
8 64 37 49 0.050715187 4.011023612151366
8 64 38 50 0.052762 3.9009984710100323
8 64 39 51 0.057956796 3.964623760077196
8 64 40 52 0.06233104 3.901595974461696
8 64 41 53 0.073468691 4.157843431212199
8 64 42 54 0.07972311 4.02547782262788
8 64 43 55 0.089155565 3.9568123847268453
8 64 44 56 0.095916677 3.6772612208535658
8 64 45 57 0.12431924 4.032864052939427
8 64 46 58 0.162317513 4.342578266566233
8 64 47 59 0.20540963 4.383634979299062
8 64 48 60 0.272312642 4.4264438378621875
8 64 49 61 0.419841258 4.845788328881783
9 21 10 13 0.745182624 2.985700038093081
9 21 11 14 0.427957542 3.9213657874870074
9 21 12 15 0.206241175 2.915665921114777
9 21 13 16 0.240202093 4.142996011937136
9 21 14 17 0.211594086 3.6495662610545336
9 21 15 18 0.375054034 5.302201490611285
9 21 16 19 0.478902661 4.388174821281426
9 21 17 20 0.985542928 3.9487441908897307
9 31 10 15 0.8103103 3.0012049177696
9 31 11 16 0.456806049 3.839117080347691
9 31 12 17 0.241252903 3.3369315392119554
9 31 13 18 0.198897316 3.8990911238094026
9 31 14 19 0.139118791 3.5102020725789878
9 31 15 20 0.142095525 4.285500071500652
9 31 16 21 0.112282851 3.7988136288923364
9 31 17 22 0.107886115 3.8620818274300297
9 31 18 23 0.1111034 3.9772534408685454
9 31 19 24 0.125717227 4.253332642169475
9 31 20 25 0.136633093 4.120757003578088
9 31 21 26 0.192816198 4.865078347657582
9 31 22 27 0.272104253 5.33420610674851
9 31 23 28 0.386052217 5.3397484659075705
9 31 24 29 1.15752204 9.72811687667232
9 31 25 30 2.8603498 10.594084619560297
10 22 11 14 2.58859833 10.37165640148996
10 22 12 15 0.601841962 5.514665002120363
10 22 13 16 0.425114412 6.009913411534564
10 22 14 17 0.25018645 4.315205798771744
10 22 15 18 0.36335195 6.267079778441321
10 22 16 19 0.370091492 5.2320452059047975
10 22 17 20 0.606283646 5.555364057440268
10 22 18 21 3.36340315 13.476042770795187
10 32 11 16 2.67997348 9.926011785445782
10 32 12 17 0.690967944 5.807074668976475
10 32 13 18 0.421436704 5.829175159642052
10 32 14 19 0.220280865 4.318284342592925
10 32 15 20 0.208733716 5.266704211944409
10 32 16 21 0.139559122 4.209003959199758
10 32 17 22 0.125563712 4.248138840364074
10 32 18 23 0.1126038 4.030964407973775
10 32 19 24 0.116809142 4.1815062540336525
10 32 20 25 0.117206021 3.9653769564778982
10 32 21 26 0.144025688 4.343712416150549
10 32 22 27 0.178459155 4.502825903308022
10 32 23 28 0.209897177 4.114727318660002
10 32 24 29 0.401701063 5.556198204419819
10 32 25 30 0.600335542 5.045376343586879
10 32 26 31 1.08768778 4.028547970245347
11 23 12 15 1.4455065 5.791665926061363
11 23 13 16 0.697921901 6.39504342446965
11 23 14 17 0.279983155 3.958168602946024
11 23 15 18 0.332004184 5.726394774830055
11 23 16 19 0.250781413 4.325467696598963
11 23 17 20 0.321529071 4.545510153161189
11 23 18 21 0.743964087 6.81692698824036
11 23 19 22 1.65644759 6.636837029310807
11 33 12 17 1.59165165 5.895115438315541
11 33 13 18 0.73816779 6.203754475132853
11 33 14 19 0.300605903 4.157882894341752
11 33 15 20 0.271181165 5.316110315916948
11 33 16 21 0.163488835 4.125099444405927
11 33 17 22 0.141422429 4.265199974392549
11 33 18 23 0.117121516 3.9625179380004503
11 33 19 24 0.115811911 4.145807612713128
11 33 20 25 0.110780053 3.9656783408415026
11 33 21 26 0.126914488 4.293839018375948
11 33 22 27 0.149169256 4.498838772394127
11 33 23 28 0.163961945 4.137036808802357
11 33 24 29 0.27429758 5.377203076286859
11 33 25 30 0.37155845 5.139275403727301
11 33 26 31 0.533424763 4.483040719790728
11 33 27 32 1.46398289 5.4222594097576575
12 24 13 16 2.66793657 10.689538459607084
12 24 14 17 0.495736579 4.5424236512145635
12 24 15 18 0.471407106 6.664360954768327
12 24 16 19 0.254896546 4.396445344606347
12 24 17 20 0.26926625 4.644293419621734
12 24 18 21 0.361995119 5.117585429185944
12 24 19 22 0.522281235 4.78565176536943
12 24 20 23 2.14812365 8.60682020362521
12 34 13 18 2.77107157 10.263418376115329
12 34 14 19 0.57005275 4.79087186786393
12 34 15 20 0.462962663 6.403548692809951
12 34 16 21 0.230975308 4.527933264026262
12 34 17 22 0.188342066 4.752188440359639
12 34 18 23 0.137865998 4.157940542367599
12 34 19 24 0.12710241 4.300196896256772
12 34 20 25 0.114138418 4.08590030301316
12 34 21 26 0.120553284 4.315538170722074
12 34 22 27 0.134279052 4.543000897014476
12 34 23 28 0.137649458 4.151409849824799
12 34 24 29 0.206498199 5.210298342181742
12 34 25 30 0.260118194 5.099236941773173
12 34 26 31 0.334052825 4.6205098203744805
12 34 27 32 0.678685999 5.703854002497537
12 34 28 33 2.34465251 8.684059234435049
13 25 14 17 0.912776222 3.6571920936200715
13 25 15 18 0.704530512 6.455597985459746
13 25 16 19 0.294146265 4.158394853421953
13 25 17 20 0.274050009 4.72680350190927
13 25 18 21 0.275212438 4.7468530304167516
13 25 19 22 0.324136689 4.582374484145947
13 25 20 23 0.806812708 7.3928075558040875
13 25 21 24 2.46030741 9.857637163259579
13 35 14 19 1.02812824 3.8079529903369154
13 35 15 20 0.724989189 6.092998077959603
13 35 16 21 0.298887591 4.134115762689842
13 35 17 22 0.231173584 4.531820175158157
13 35 18 23 0.153113448 3.863310906068147
13 35 19 24 0.131997341 3.980946017078271
13 35 20 25 0.110665323 3.74408855416552
13 35 21 26 0.106354284 3.8072457007626266
13 35 22 27 0.110917228 3.97058889930102
13 35 23 28 0.103070493 3.4871361927303766
13 35 24 29 0.132746814 4.003549590238564
13 35 25 30 0.151234897 3.8159118914113463
13 35 26 31 0.167707462 3.2876596307654684
13 35 27 32 0.259173798 3.584807519118427
13 35 28 33 0.450395582 3.7852418450994265
13 35 29 34 1.07317925 3.9748116773886375
14 26 15 18 2.58657363 10.36354409898527
14 26 16 19 0.483542887 4.430693112693165
14 26 17 20 0.371027178 5.245273155091298
14 26 18 21 0.242715918 4.186354364146448
14 26 19 22 0.216774757 3.7389222655093257
14 26 20 23 0.309624753 4.377216822274603
14 26 21 24 0.452918945 4.150086588327282
14 26 22 25 0.775913158 3.108827112691134
14 36 15 20 2.66872167 9.884337642212246
14 36 16 21 0.540317814 4.54097171673733
14 36 17 22 0.378052355 5.229096981572299
14 36 18 23 0.212540476 4.166545331470563
14 36 19 24 0.169357473 4.27317509344471
14 36 20 25 0.131511105 3.9662814848013666
14 36 21 26 0.117244751 3.9666872906076134
14 36 22 27 0.117271087 4.19804285274028
14 36 23 28 0.103011243 3.6875723035469288
14 36 24 29 0.123482984 4.177742534837259
14 36 25 30 0.135194577 4.0773723831204425
14 36 26 31 0.141707582 3.5755216420516254
14 36 27 32 0.202156827 3.9629890720756284
14 36 28 33 0.310863297 4.29975982565778
14 36 29 34 0.547447286 4.600889657379707
14 36 30 35 3.95117618 14.634257249833922
15 27 16 19 0.720510686 2.8868477516146056
15 27 17 20 0.474088036 4.3440585155695395
15 27 18 21 0.25728263 3.637247491369182
15 27 19 22 0.207696964 3.5823488579820615
15 27 20 23 0.251300043 4.334413005920938
15 27 21 24 0.314919662 4.452071834745823
15 27 22 25 0.456323884 4.181285971426553
15 27 23 26 1.76815563 7.084414158113134
15 37 16 21 0.799470514 2.961056817651941
15 37 17 22 0.497728512 4.183040123873755
15 37 18 23 0.247883369 3.4286419843089524
15 37 19 24 0.187537885 3.676406084743187
15 37 20 25 0.138744919 3.500768650538401
15 37 21 26 0.117728704 3.5506140633892525
15 37 22 27 0.11451511 3.8743366124725944
15 37 23 28 0.095877487 3.432199780317967
15 37 24 29 0.107838818 3.8603887005230875
15 37 25 30 0.11327533 3.8323917106564824
15 37 26 31 0.111655702 3.3674566380922655
15 37 27 32 0.146195342 3.6887554068076542
15 37 28 33 0.197433024 3.8703858197123626
15 37 29 34 0.27047704 3.7411502791686355
15 37 30 35 0.926876999 7.789715845558581
15 37 31 36 2.00116559 7.411861863263125
16 28 17 20 3.37357467 13.516796683558812
16 28 18 21 0.701369928 6.426637621989673
16 28 19 22 0.392830838 5.5535151364394615
16 28 20 23 0.295562521 5.0978504412161225
16 28 21 24 0.284498138 4.907012409494454
16 28 22 25 0.353511379 4.997649380520597
16 28 23 26 0.809539616 7.417794155378548
16 28 24 27 2.57070678 10.29997088468362
16 38 17 22 3.47231287 12.860656542905444
16 38 18 23 0.737210406 6.195708370500706
16 38 19 24 0.417079447 5.768907000681278
16 38 20 25 0.234701771 4.600985123642629
16 38 21 26 0.168023543 4.239517786498481
16 38 22 27 0.15170932 4.575445297853787
16 38 23 28 0.113821603 3.850873511741992
16 38 24 29 0.11548841 4.134226999830224
16 38 25 30 0.114261098 4.090291972864179
16 38 26 31 0.104334606 3.5299043416515326
16 38 27 32 0.127132467 3.8342248738554874
16 38 28 33 0.157055007 3.962763097044938
16 38 29 34 0.187535742 3.6763640743609143
16 38 30 35 0.443494278 6.134268335491221
16 38 31 36 0.67008753 5.631590228243662
16 38 32 37 1.47214925 5.452505748465529
17 29 18 21 1.71301252 6.863473974693651
17 29 19 22 0.675477245 6.189383522463962
17 29 20 23 0.332071241 4.694546570373216
17 29 21 24 0.239755964 4.13530119693896
17 29 22 25 0.249495368 4.303286044309314
17 29 23 26 0.347460867 4.912112282297142
17 29 24 27 0.604021901 5.534639736467746
17 29 25 28 1.39882333 5.6046219210641315
17 39 18 23 1.7896498 6.628455519873535
17 39 19 24 0.742098612 6.236790127600771
17 39 20 25 0.326726065 4.519168463565039
17 39 21 26 0.206107564 4.040437495608932
17 39 22 27 0.176928306 4.464199997389924
17 39 23 28 0.123422747 3.7223423545062864
17 39 24 29 0.11553237 3.908753098318033
17 39 25 30 0.108850595 3.8966080561381418
17 39 26 31 0.092924344 3.32648386020997
17 39 27 32 0.106400949 3.599813966144112
17 39 28 33 0.121805455 3.673565976913555
17 39 29 34 0.131191143 3.3101741235129514
17 39 30 35 0.248655578 4.874529111622082
17 39 31 36 0.319154006 4.41443421092115
17 39 32 37 0.49737008 4.180027767937673
17 39 33 38 0.972861235 3.603256583051463
18 30 19 22 2.93578918 11.762735179610488
18 30 20 23 0.683032285 6.258610192101896
18 30 21 24 0.340956855 4.820163978865872
18 30 22 25 0.301594601 5.201891513762837
18 30 23 26 0.2980957 5.141542610436825
18 30 24 27 0.379746769 5.368543468716882
18 30 25 28 0.627031963 5.745480441536462
18 30 26 29 3.14800622 12.613018592032088
18 40 19 24 3.08675185 11.432626281752077
18 40 20 25 0.723656584 6.081798518260128
18 40 21 26 0.348752088 4.823825236263472
18 40 22 27 0.274892855 5.388872572464101
18 40 23 28 0.169600577 4.2793090179743745
18 40 24 29 0.141047603 4.253895488555995
18 40 25 30 0.125295452 4.239062924184438
18 40 26 31 0.09878492 3.536279384572605
18 40 27 32 0.107115889 3.8345094578288617
18 40 28 33 0.116025814 3.9254475603449652
18 40 29 34 0.116242864 3.5058021847165177
18 40 30 35 0.196357081 4.954420806401058
18 40 31 36 0.235410709 4.614882816777569
18 40 32 37 0.325745021 4.505598982641717
18 40 33 38 0.488428289 4.104878626125413
18 40 34 39 2.5053062 9.279083936065811
19 31 20 23 1.54219331 6.179057959910099
19 31 21 24 0.496400954 4.548511305103981
19 31 22 25 0.385305972 5.447134849587647
19 31 23 26 0.292310465 5.041759110494053
19 31 24 27 0.292425126 5.0437367787974035
19 31 25 28 0.386605894 5.465512063912126
19 31 26 29 1.08547232 9.946159609712286
19 31 27 30 2.71346783 10.871967142641466
19 41 20 25 1.62790881 6.029403706521387
19 41 21 26 0.539716209 4.535915671537887
19 41 22 27 0.393121331 5.437526147201979
19 41 23 28 0.21884124 4.290062598971638
19 41 24 29 0.16711034 4.216476132382285
19 41 25 30 0.141120551 4.256095548404578
19 41 26 31 0.104409391 3.532434507876442
19 41 27 32 0.108552382 3.8859326971449724
19 41 28 33 0.112837489 4.039329951956615
19 41 29 34 0.106609146 3.6068577986977988
19 41 30 35 0.165557963 4.993110530919269
19 41 31 36 0.189648346 4.785148091104221
19 41 32 37 0.244474429 4.792563797654625
19 41 33 38 0.331434338 4.584291761455138
19 41 34 39 1.06719305 8.968968504800486
19 41 35 40 2.577876 9.547865957769787
20 32 21 24 0.985398412 3.948165163128202
20 32 22 25 0.607549717 5.566965038885128
20 32 23 26 0.330652743 4.674493027341523
20 32 24 27 0.246295536 4.248095471032883
20 32 25 28 0.247684858 4.272058440853035
20 32 26 29 0.377862175 5.341900648722585
20 32 27 30 0.540864162 4.955926727293499
20 32 28 31 1.01199605 4.054733091891106
20 42 21 26 1.07857768 3.9948062333806265
20 42 22 27 0.658081436 5.530687885456035
20 42 23 28 0.309475492 4.280564159130294
20 42 24 29 0.210274914 4.122132300353342
20 42 25 30 0.167461742 4.225342598370394
20 42 26 31 0.114477995 3.4525749896610134
20 42 27 32 0.113540211 3.8413533066960652
20 42 28 33 0.112494635 4.027056544921227
20 42 29 34 0.099498668 3.5618299679833108
20 42 30 35 0.14132476 4.781375068468278
20 42 31 36 0.154147582 4.648981547326368
20 42 32 37 0.184712006 4.66059589528364
20 42 33 38 0.230748208 4.52348130051049
20 42 34 39 0.538249139 7.444886695861977
20 42 35 40 0.897996498 7.546996588839416
20 42 36 41 2.2486491 8.328484454977536
21 33 22 25 3.40152401 13.628780434675742
21 33 23 26 0.780724274 7.153759794059739
21 33 24 27 0.368174159 5.204939549202013
21 33 25 28 0.2839048 4.896778539601694
21 33 26 29 0.293246751 5.0579081336586125
21 33 27 30 0.355828372 5.030405097363083
21 33 28 31 0.504405407 4.621855936431328
21 33 29 32 1.31910049 5.285198898091325
21 43 22 27 3.52901518 13.070668993223421
21 43 23 28 0.79340525 6.667984483963192
21 43 24 29 0.372453716 5.15165843130639
21 43 25 30 0.2534221 4.9679698075319365
21 43 26 31 0.145088686 3.6608326067537633
21 43 27 32 0.132841593 4.0064080575356655
21 43 28 33 0.122473251 4.143580706492321
21 43 29 34 0.09712798 3.4769646352821897
21 43 30 35 0.121673779 4.3556493877885725
21 43 31 36 0.123496747 4.178208172033935
21 43 32 37 0.132523435 3.9968126383150486
21 43 33 38 0.148461497 3.7459343250587853
21 43 34 39 0.23639616 4.634201143059303
21 43 35 40 0.288802261 3.994618764552744
21 43 36 41 0.445059137 3.7403929706314
21 43 37 42 1.15791018 4.288635756637281
22 34 23 26 1.72450904 6.909536723738559
22 34 24 27 0.539517567 4.943587906162031
22 34 25 28 0.339688401 4.802231632910697
22 34 26 29 0.256832437 4.429835514493606
22 34 27 30 0.273736537 4.721396749496609
22 34 28 31 0.33481599 4.733349545197782
22 34 29 32 0.591638369 5.4211696980940545
22 34 30 33 2.21061465 8.857200949326112
22 44 23 28 1.76465077 6.53586480274274
22 44 24 29 0.575840731 4.839515568547124
22 44 25 30 0.345561187 4.779689733423935
22 44 26 31 0.174321017 3.4173087085706473
22 44 27 32 0.152859503 3.8569034447977204
22 44 28 33 0.136150771 4.106210514760186
22 44 29 34 0.10252634 3.468726116621758
22 44 30 35 0.122618921 4.389483359310681
22 44 31 36 0.121022888 4.332348944513386
22 44 32 37 0.124728928 4.219895980406936
22 44 33 38 0.135267456 4.079570361978052
22 44 34 39 0.198620706 5.011535888478947
22 44 35 40 0.22496706 4.41015034509313
22 44 36 41 0.314133242 4.344988639347903
22 44 37 42 0.591976066 4.975121128787048
22 44 38 43 2.33027345 8.63080246898988
23 35 24 27 2.11318406 8.46682883528923
23 35 25 28 0.773334169 7.086044420292739
23 35 26 29 0.293674483 4.151725192528121
23 35 27 30 0.245406833 4.232767157533147
23 35 28 31 0.235166854 4.056148412752601
23 35 29 32 0.247210051 3.4948497605182185
23 35 30 33 0.413140023 3.785593178385428
23 35 31 34 1.02172617 4.093718461006007
23 45 24 29 2.22476703 8.240030703457265
23 45 25 30 0.847825138 7.125343404644666
23 45 26 31 0.28746775 3.9761602432667837
23 45 27 32 0.226482067 4.439849842627874
23 45 28 33 0.186537399 4.706653643815045
23 45 29 34 0.124255067 3.7474445343216707
23 45 30 35 0.133904183 4.530318127975692
23 45 31 36 0.124374395 4.452325405610392
23 45 32 37 0.117440889 4.2041213848893095
23 45 33 38 0.119798567 4.0530893630530604
23 45 34 39 0.155920315 4.7024459150343
23 45 35 40 0.158802938 4.006866348480792
23 45 36 41 0.201106969 3.942408140711726
23 45 37 42 0.301469423 4.169826821593646
23 45 38 43 0.682604783 5.736788484476328
23 45 39 44 1.29076491 4.7806994377048335
24 36 25 28 2.4437031 9.79110919091718
24 36 26 29 0.450803833 4.13070586239185
24 36 27 30 0.322634343 4.561135567940572
24 36 28 31 0.26979288 4.653376712621045
24 36 29 32 0.224607666 3.874023964014786
24 36 30 33 0.304663985 4.307085616902269
24 36 31 34 0.534863566 4.900943394720448
24 36 32 35 3.88005956 15.546113936354242
24 46 25 30 2.57242347 9.527671027691413
24 46 26 31 0.474643463 3.98902735606874
24 46 27 32 0.334006375 4.619867339110757
24 46 28 33 0.254441561 4.987954850146438
24 46 29 34 0.153547673 3.874267136236691
24 46 30 35 0.152612812 4.602693974619648
24 46 31 36 0.135148519 4.5724171708270465
24 46 32 37 0.119373129 4.273291258975825
24 46 33 38 0.116418586 4.167525221996362
24 46 34 39 0.139812665 4.730217059537957
24 46 35 40 0.131763636 3.973897640331642
24 46 36 41 0.157647653 3.977716556621119
24 46 37 42 0.211813933 4.152302518046345
24 46 38 43 0.393283806 5.439773448457597
24 46 39 44 0.54560145 4.585376770607227
24 46 40 45 2.63711506 9.76727395270216
25 37 26 29 0.757003835 3.03306371646705
25 37 27 30 0.446646659 4.092613766105741
25 37 28 31 0.326296748 4.61291159883169
25 37 29 32 0.211424321 3.6466381611817047
25 37 30 33 0.227093003 3.9168909563491106
25 37 31 34 0.289911593 4.098528588416922
25 37 32 35 0.900412534 8.250460755875828
25 37 33 36 1.92008478 7.69314395713546
25 47 26 31 0.81596437 3.0221463061357765
25 47 27 32 0.49148541 4.130571467701138
25 47 28 33 0.345257376 4.775487518672308
25 47 29 34 0.187593091 3.67748831767076
25 47 30 35 0.172695441 4.3573976640089
25 47 31 36 0.145717358 4.394731981375811
25 47 32 37 0.119620197 4.047054653558682
25 47 33 38 0.111061377 3.9757491113759675
25 47 34 39 0.122446846 4.383323458841051
25 47 35 40 0.105732586 3.5772015507054684
25 47 36 41 0.118486809 3.573477971536289
25 47 37 42 0.142320835 3.5909950510436235
25 47 38 43 0.221347337 4.339190967139791
25 47 39 44 0.251105677 3.4732118985381506
25 47 40 45 0.560586916 4.7113185321130375
25 47 41 46 1.32547344 4.909251932871873
26 38 27 30 1.75330061 7.024895011596006
26 38 28 31 0.786277954 7.204648044900872
26 38 29 32 0.323753582 4.576958436530623
26 38 30 33 0.264218548 4.557230859115872
26 38 31 34 0.259325045 4.472827916742666
26 38 32 35 0.457150432 6.4628119744047146
26 38 33 36 0.640149875 5.865679588114571
26 38 34 37 1.40869583 5.644177759695809
26 48 27 32 1.87269142 6.936022779383324
26 48 28 33 0.857013527 7.202565020312848
26 48 29 34 0.336641858 4.656320481163755
26 48 30 35 0.262732375 5.150484138759638
26 48 31 36 0.201949337 5.095522870762674
26 48 32 37 0.147347054 4.443882454795184
26 48 33 38 0.128728595 4.355214859250072
26 48 34 39 0.130817158 4.682961923578793
26 48 35 40 0.103964187 3.7216855692341624
26 48 36 41 0.111361931 3.767656569591094
26 48 37 42 0.125096843 3.7728319003783257
26 48 38 43 0.179555612 4.530491365365507
26 48 39 44 0.189448057 3.7138522144342954
26 48 40 45 0.345563777 4.779725557459954
26 48 41 46 0.606460169 5.096849304984679
26 48 42 47 2.82666539 10.469325231774942
27 39 28 31 2.50724633 10.04570587382582
27 39 29 32 0.586370275 5.372898265651662
27 39 30 33 0.360380304 5.094756519951864
27 39 31 34 0.276095874 4.762090498912922
27 39 32 35 0.305046557 5.261430711622293
27 39 33 36 0.332709848 4.703574664142005
27 39 34 37 0.484753754 4.441788261068882
27 39 35 38 0.827918798 3.3171964926634923
27 49 28 33 2.64522603 9.79731513945726
27 49 29 34 0.635898141 5.3442536932658795
27 49 30 35 0.40284085 5.571963366790875
27 49 31 36 0.276263694 5.415745867109624
27 49 32 37 0.176652991 4.4572533349249515
27 49 33 38 0.145707915 4.394447187205303
27 49 34 39 0.137340951 4.646592705985302
27 49 35 40 0.100273339 3.5895614586513833
27 49 36 41 0.102591887 3.672560295868056
27 49 37 42 0.107344959 3.6317522187078155
27 49 38 43 0.141379916 4.2639178125191215
27 49 39 44 0.138163055 3.486087239033329
27 49 40 45 0.209165978 4.100393231162118
27 49 41 46 0.296034705 4.094655573184159
27 49 42 47 0.686048144 5.765727387666954
27 49 43 48 1.63659968 6.0615927108863765
28 40 29 32 1.37078206 5.4922698368760035
28 40 30 33 0.605014106 5.54373128962274
28 40 31 34 0.372999477 5.2731558753121694
28 40 32 35 0.294538882 5.080194757030792
28 40 33 36 0.27957749 4.822141271256093
28 40 34 37 0.340738386 4.817075446141405
28 40 35 38 0.39423919 3.6124052505951396
28 40 36 39 2.38830214 9.569135887924014
28 50 29 34 1.45297724 5.381496987136039
28 50 30 35 0.679592174 5.711469733348518
28 50 31 36 0.402911203 5.572936466561527
28 50 32 37 0.220819374 4.328841024323068
28 50 33 38 0.172918021 4.363013733352937
28 50 34 39 0.153459742 4.6282367816542545
28 50 35 40 0.104273832 3.527848203092294
28 50 36 41 0.103003696 3.6873021378119626
28 50 37 42 0.102390684 3.6653576780898143
28 50 38 43 0.127998326 4.330508006821133
28 50 39 44 0.1197551 3.611728726943144
28 50 40 45 0.166885761 4.210809624891878
28 50 41 46 0.216713268 4.2483468186696305
28 50 42 47 0.392512081 5.429099199733227
28 50 43 48 0.62603729 5.2613805317047815
28 50 44 49 1.75816582 6.51184602397183
29 41 30 33 3.14206275 12.589205075675316
29 41 31 34 1.07507416 9.850881492433968
29 41 32 35 0.43365591 6.130665994688097
29 41 33 36 0.330755026 5.7048493480286355
29 41 34 37 0.326185186 5.626028932025055
29 41 35 38 0.284352867 4.019943950974788
29 41 36 39 1.00200322 9.181334034907175
29 41 37 40 2.48927695 9.973708517979652
29 51 30 35 3.31094426 12.262983940316477
29 51 31 36 1.16508788 9.791702167705052
29 51 32 37 0.404140246 5.58993618883947
29 51 33 38 0.276032729 5.411218135918869
29 51 34 39 0.216012918 5.450370773186457
29 51 35 40 0.125708343 3.791274305891959
29 51 36 41 0.116093869 3.9277500336007813
29 51 37 42 0.105180973 3.765243788922315
29 51 38 43 0.11998756 4.29528651572698
29 51 39 44 0.104695021 3.5420980952110788
29 51 40 45 0.131985792 3.9805977074441303
29 51 41 46 0.15712409 3.9645061778181168
29 51 42 47 0.238732409 4.679999889478328
29 51 43 48 0.310224079 4.290918370578452
29 51 44 49 0.567997098 4.77359563274899
29 51 45 50 1.11465728 4.12843685976062
30 42 31 34 2.71349313 10.872068511364422
30 42 32 35 0.595765107 5.458982909964316
30 42 33 36 0.387039697 5.4716448093427
30 42 34 37 0.321702483 5.548711451482957
30 42 35 38 0.220067833 3.7957211075369255
30 42 36 39 0.51368252 7.2620155399927295
30 42 37 40 0.855008516 7.834424711815075
30 42 38 41 2.15673395 8.641318824781992
30 52 31 36 2.85536474 10.575621091961825
30 52 32 37 0.603019234 5.067930790530274
30 52 33 38 0.374055239 5.173810175567363
30 52 34 39 0.26987471 5.290499175472216
30 52 35 40 0.143603422 3.6233568873800457
30 52 36 41 0.127738625 3.8525061684447484
30 52 37 42 0.109460618 3.703330328559058
30 52 38 43 0.118644944 4.247223863227011
30 52 39 44 0.09933776 3.5560698211591517
30 52 40 45 0.118756078 4.017819316150081
30 52 41 46 0.135207857 4.077772898484663
30 52 42 47 0.188414519 4.7540165519248445
30 52 43 48 0.223541892 4.382212009822999
30 52 44 49 0.359143948 4.967562057474179
30 52 45 50 0.545818296 4.587199200901719
30 52 46 51 2.83126103 10.486346436328677
31 43 32 35 1.06601336 4.271162567472498
31 43 33 36 0.525338872 4.81366882768435
31 43 34 37 0.359178323 5.07776391389477
31 43 35 38 0.180039646 3.1053165526270985
31 43 36 39 0.254325501 4.386595983478437
31 43 37 40 0.287463392 4.063917962174422
31 43 38 41 0.415754889 3.8095531395146165
31 43 39 42 1.04156526 4.173207125745367
31 53 32 37 1.11644341 4.135052278742429
31 53 33 38 0.556250537 4.674874472928171
31 53 34 39 0.361283933 4.997161632655003
31 53 35 40 0.170094685 3.3344576479385792
31 53 36 41 0.144243748 3.639513393889121
31 53 37 42 0.115537516 3.484529390204285
31 53 38 43 0.117141236 3.9631851156156834
31 53 39 44 0.092950023 3.327403111025949
31 53 40 45 0.103570143 3.707579674591392
31 53 41 46 0.111080457 3.758133590277193
31 53 42 47 0.138954237 4.190761057385998
31 53 43 48 0.147460194 3.7206697591391493
31 53 44 49 0.207638884 4.070456785661654
31 53 45 50 0.257154212 3.5568732636721787
31 53 46 51 0.609416494 5.121695030708768
31 53 47 52 1.41741164 5.249770099765328
32 44 33 36 1.41240732 5.659048471220052
32 44 34 37 0.669049382 6.130485151524974
32 44 35 38 0.241463916 3.4136156907568105
32 44 36 39 0.270038663 4.657615967891822
32 44 37 40 0.254822161 4.395162355126534
32 44 38 41 0.310298121 4.386736338103434
32 44 39 42 0.514677279 4.715976879471621
32 44 40 43 2.21359642 8.869147914426824
32 54 33 38 1.48864807 5.513613622475517
32 54 34 39 0.701050385 5.891810130644362
32 54 35 40 0.255161653 3.529312836882866
32 54 36 41 0.19903924 3.901873336358996
32 54 37 42 0.144133605 3.6367342999644183
32 54 38 43 0.134765107 4.064419873069845
32 54 39 44 0.100879024 3.4129932383045483
32 54 40 45 0.105964746 3.7933011108504453
32 54 41 46 0.108523542 3.8849002895927764
32 54 42 47 0.126742552 4.288021987419929
32 54 43 48 0.125733587 3.792035646995452
32 54 44 49 0.166763046 4.207713318172705
32 54 45 50 0.190741402 3.7392063524937718
32 54 46 51 0.356025615 4.92443029156351
32 54 47 52 0.596597162 5.0139580238377235
32 54 48 53 2.45827381 9.104886668472819
33 45 34 37 2.23629159 8.960079946053918
33 45 35 38 0.393071922 3.6017095989222256
33 45 36 39 0.327863741 4.63506444046831
33 45 37 40 0.237134773 4.090091000292067
33 45 38 41 0.231649593 3.9954828368871067
33 45 39 42 0.268575642 3.7968986872816384
33 45 40 43 0.627682748 5.751443570547073
33 45 41 44 1.22425902 4.905200530614893
33 55 34 39 2.32339893 8.605340811608375
33 55 35 40 0.441975063 3.714473609019671
33 55 36 41 0.303826911 4.202434827394569
33 55 37 42 0.190603559 3.7365041419834033
33 55 38 43 0.160625853 4.052861572886785
33 55 39 44 0.111952222 3.3763994706072333
33 55 40 45 0.110242331 3.729777661983842
33 55 41 46 0.107586703 3.851363546916226
33 55 42 47 0.116581333 4.173351200910968
33 55 43 48 0.107268176 3.62915445507544
33 55 44 49 0.133648029 4.030729594302292
33 55 45 50 0.141509169 3.570515346936348
33 55 46 51 0.215553043 4.225602303609801
33 55 47 52 0.283277754 3.918205583954054
33 55 48 53 0.633698855 5.325770320583637
33 55 49 54 1.40573818 5.206534260902874
34 46 35 38 0.96956981 3.884745195898316
34 46 36 39 0.543706772 4.98197350181481
34 46 37 40 0.287472369 4.064044871522053
34 46 38 41 0.229387308 3.956463036452374
34 46 39 42 0.209926168 3.620798078663058
34 46 40 43 0.373662117 5.2825237276140555
34 46 41 44 0.516704066 4.734548285324595
34 46 42 45 2.55069475 10.219789306626158
34 56 35 40 1.05510651 3.9078743619360625
34 56 36 41 0.550196943 4.62399849137371
34 56 37 42 0.276024844 3.817885696279725
34 56 38 43 0.206306044 4.044328405862611
34 56 39 44 0.133982067 3.3805938499840535
34 56 40 45 0.12518375 3.7754529537486827
34 56 41 46 0.117278252 3.9678207144051756
34 56 42 47 0.120594056 4.316997717210221
34 56 43 48 0.105355493 3.771491214928183
34 56 44 49 0.127120254 4.300800604033963
34 56 45 50 0.129620242 3.9092544002278173
34 56 46 51 0.184787016 4.662488524277692
34 56 47 52 0.226201645 4.434352579250419
34 56 48 53 0.431863475 5.973394858428601
34 56 49 54 0.736193127 6.187158892679805
34 56 50 55 2.24399733 8.31125535767946
35 47 36 39 3.83425007 15.362570477834167
35 47 37 40 0.847913549 7.769413681218143
35 47 38 41 0.39658716 5.6066188876381915
35 47 39 42 0.231353211 3.9903708521051513
35 47 40 43 0.276928288 4.776447942010974
35 47 41 44 0.282763251 3.9974712842104587
35 47 42 45 0.549845859 5.038225824453411
35 47 43 46 1.21690091 4.875719020177401
35 57 36 41 3.91782355 14.510726699652652
35 57 37 42 0.897388368 7.541885705839546
35 57 38 43 0.43856453 6.066081667571345
35 57 39 44 0.228098729 4.47154213783411
35 57 40 45 0.184492046 4.655045932964858
35 57 41 46 0.155897363 4.701753699022282
35 57 42 47 0.140948735 4.7686531890175665
35 57 43 48 0.107838173 3.8603656109644477
35 57 44 49 0.120386693 4.309574585197529
35 57 45 50 0.112381075 3.8021367959348646
35 57 46 51 0.140941285 4.250689013217649
35 57 47 52 0.152176591 3.839672421579663
35 57 48 53 0.236815312 4.642418005285473
35 57 49 54 0.317776801 4.395385160139529
35 57 50 55 0.554106208 4.65685297319583
35 57 51 56 0.86951115 3.220471391558888
36 48 37 40 1.88281673 7.543823220552295
36 48 38 41 0.592210859 5.4264154116972945
36 48 39 42 0.273438906 3.865651462328543
36 48 40 43 0.275033855 4.74377283803558
36 48 41 44 0.249517881 4.303674347625293
36 48 42 45 0.361348354 5.108442004409248
36 48 43 46 0.537021546 4.920716919221347
36 48 44 47 2.75211448 11.0268114729585
36 58 37 42 1.96613713 7.282124420194839
36 58 38 43 0.665140765 5.590016326047008
36 58 39 44 0.296837515 4.105759779499118
36 58 40 45 0.22292093 4.370038957561082
36 58 41 46 0.179392432 4.5263740583497825
36 58 42 47 0.15224853 4.591707488331312
36 58 43 48 0.108366815 3.666324198889949
36 58 44 49 0.116115721 4.156683331798865
36 58 45 50 0.103005934 3.6873822532107767
36 58 46 51 0.120248857 4.068323815809822
36 58 47 52 0.120494037 3.6340145418295347
36 58 48 53 0.169006014 4.264307189250326
36 58 49 54 0.204333561 4.005660760105315
36 58 50 55 0.302760266 4.187681341333335
36 58 51 56 0.376183351 3.161542915922575
36 58 52 57 1.75877045 6.514085435872963
37 49 38 41 1.33985669 5.3683621189377995
37 49 39 42 0.410294269 3.7595175954594837
37 49 40 43 0.325896407 4.607251911281302
37 49 41 44 0.255519857 4.4071961875942
37 49 42 45 0.269012492 4.639916611872614
37 49 43 46 0.268276953 3.7926760710251517
37 49 44 47 0.660823339 6.0551100957756425
37 49 45 48 1.55627375 6.2354736208372215
37 59 38 43 1.47066318 5.447001683427543
37 59 39 44 0.475094028 3.992814021746862
37 59 40 45 0.315930405 4.369846412337291
37 59 41 46 0.237391386 4.653711093926535
37 59 42 47 0.186976866 4.717742138497478
37 59 43 48 0.12122028 3.6559175146953367
37 59 44 49 0.124058541 4.197215087914882
37 59 45 50 0.104245212 3.7317456362367936
37 59 46 51 0.113907299 4.077626759287225
37 59 47 52 0.106885705 3.6162144910959353
37 59 48 53 0.138600255 4.180085211779249
37 59 49 54 0.155656841 3.927485007322253
37 59 50 55 0.209732136 4.111491931118802
37 59 51 56 0.233135065 3.224648249288546
37 59 52 57 0.618733898 5.200000922058512
37 59 53 58 2.4253476 8.982935480914774
38 50 39 42 0.843152182 3.3782316184490964
38 50 40 43 0.466753809 4.276855150719239
38 50 41 44 0.319537221 4.517351037189451
38 50 42 45 0.274988178 4.742985002981882
38 50 43 46 0.215146021 3.7108298926735133
38 50 44 47 0.394042515 5.570644816467218
38 50 45 48 0.584518946 5.355934577693143
38 50 46 49 1.66220311 6.659897492249414
38 60 39 44 0.95145941 3.5239890944865957
38 60 40 45 0.4815449 4.047028831144749
38 60 41 46 0.327327309 4.5274846746506405
38 60 42 47 0.235789126 4.622301128876856
38 60 43 48 0.138768925 3.5013743624652265
38 60 44 49 0.136250652 4.1092228547521845
38 60 45 50 0.109167482 3.693412794207183
38 60 46 51 0.113101998 4.04879878306701
38 60 47 52 0.100583855 3.6006772375514413
38 60 48 53 0.123174587 4.167308682149376
38 60 49 54 0.131165668 3.9558633503231775
38 60 50 55 0.16659605 4.203499727031646
38 60 51 56 0.173867511 3.408418386394584
38 60 52 57 0.357646697 4.946852569538954
38 60 53 58 0.872151168 7.329785700175762
38 60 54 59 2.53110625 9.374641448957727
39 51 40 43 2.39336079 9.589404223512178
39 51 41 44 0.982095815 8.998922909448735
39 51 42 45 0.517368285 7.314121815103592
39 51 43 46 0.228092298 3.9341267562043134
39 51 44 47 0.30069402 5.18635832899818
39 51 45 48 0.318845476 4.507571722643743
39 51 46 49 0.536419884 4.915203903207176
39 51 47 50 1.0010349 4.01081539317066
39 61 40 45 2.47472097 9.165803205601057
39 61 41 46 1.04543476 8.786106165387466
39 61 42 47 0.532275486 7.362261074150771
39 61 43 48 0.214924453 4.213279715558812
39 61 44 49 0.189858147 4.790441724694158
39 61 45 50 0.136580151 4.119160310474731
39 61 46 51 0.127942536 4.328620489622661
39 61 47 52 0.103213967 3.694829369726241
39 61 48 53 0.115542738 4.13617182082522
39 61 49 54 0.113430475 3.837640659496003
39 61 50 55 0.132763816 4.00406235847821
39 61 51 56 0.127559392 3.2185389116508034
39 61 52 57 0.202043281 3.9607631687318943
39 61 53 58 0.322320181 4.458227711785943
39 61 54 59 0.551783862 4.6373353722039115
39 61 55 60 1.23451406 4.572359092470767
40 52 41 44 2.49369924 9.991427169751999
40 52 42 45 0.879036946 8.05459670104719
40 52 43 46 0.274202043 3.8764400574965148
40 52 44 47 0.300208349 5.177981495178861
40 52 45 48 0.264624327 4.564229718941494
40 52 46 49 0.359114386 5.076860025852053
40 52 47 50 0.478404851 4.3836133989180155
40 52 48 51 2.7242843 10.915305156506685
40 62 41 46 2.60156454 9.635602918219114
40 62 42 47 0.92764542 7.7961738558946
40 62 43 48 0.291430822 4.030976163757355
40 62 44 49 0.240781521 4.720169734761163
40 62 45 50 0.162546236 4.101316079559039
40 62 46 51 0.143732785 4.33487866978561
40 62 47 52 0.109876478 3.717399927092063
40 62 48 53 0.117684359 4.212837066814869
40 62 49 54 0.110819448 3.9670885938067855
40 62 50 55 0.1250408 4.230447401158355
40 62 51 56 0.115956997 3.497180639112322
40 62 52 57 0.170270953 4.296223736738766
40 62 53 58 0.243892582 4.781157537787775
40 62 54 59 0.371439136 5.1376250913591655
40 62 55 60 0.63697146 5.353274145850915
40 62 56 61 1.96947853 7.294500205264133
41 53 42 45 2.17289502 8.706070881204909
41 53 43 46 0.388541665 3.560198951101177
41 53 44 47 0.335804833 4.747328983767374
41 53 45 48 0.233485143 4.027142329253442
41 53 46 49 0.247058384 4.2612530425687565
41 53 47 50 0.235661106 3.331580397059012
41 53 48 51 0.567352461 5.198638443464929
41 53 49 52 1.33782754 5.360231986756541
41 63 42 47 2.26658879 8.39492898351341
41 63 43 48 0.443091673 3.723857890450426
41 63 44 49 0.32751149 4.530032206225104
41 63 45 50 0.201428356 3.94870846302984
41 63 46 51 0.166250936 4.19479191790415
41 63 47 52 0.118578674 3.5762485546638607
41 63 48 53 0.12018173 4.066052739147663
41 63 49 54 0.107383884 3.844103079949207
41 63 50 55 0.11563901 4.139618143289333
41 63 51 56 0.102443536 3.4659246472885044
41 63 52 57 0.137985476 4.161543913955429
41 63 53 58 0.176633328 4.456757204223578
41 63 54 59 0.242510304 4.754059998269257
41 63 55 60 0.34964991 4.836243617601657
41 63 56 61 0.691245613 5.809408271613561
41 63 57 62 1.50768762 5.584131782114016
42 54 43 46 1.04679001 4.194140969036413
42 54 44 47 0.582247193 5.335118553631062
42 54 45 48 0.302428208 4.275478064210075
42 54 46 49 0.260240938 4.488625202265741
42 54 47 50 0.200551462 3.459103527687255
42 54 48 51 0.345769405 4.888199801628523
42 54 49 52 0.554190196 5.078032891298172
42 54 50 53 2.39358222 9.59029142020483
42 64 43 48 1.1506621 4.261790518041169
42 64 44 49 0.605654762 5.090080454666037
42 64 45 50 0.301175028 4.165754845885705
42 64 46 51 0.221231906 4.336928111126628
42 64 47 52 0.142014139 3.5832565929452374
42 64 48 53 0.134359011 4.052172306251424
42 64 49 54 0.112605515 3.8097301703751754
42 64 50 55 0.115141893 4.121822465580421
42 64 51 56 0.097105688 3.4761666314973922
42 64 52 57 0.12070212 4.083658852696911
42 64 53 58 0.139953929 4.220911057799302
42 64 54 59 0.17704636 4.467178699206534
42 64 55 60 0.228269621 4.474892225677075
42 64 56 61 0.374283372 5.176965636883553
42 64 57 62 0.553440793 4.651260652127378
42 64 58 63 2.06399652 7.644573327135714
43 55 44 47 2.24261206 8.985403976582797
43 55 45 48 0.615534965 5.640133695208981
43 55 46 49 0.382515775 5.4076893687999394
43 55 47 50 0.214584581 3.7011461981982037
43 55 48 51 0.257012712 4.432944890422531
43 55 49 52 0.283373504 4.0060985327477985
43 55 50 53 0.618650772 5.668683767987491
43 55 51 54 1.31637399 5.274274715358555
44 56 45 48 1.22274751 4.899144410518649
44 56 46 49 0.544800443 4.991994785753689
44 56 47 50 0.246843988 3.489674666776239
44 56 48 51 0.254937776 4.397156477983407
44 56 49 52 0.244125612 4.210668709400932
44 56 50 53 0.434466986 6.142132311502061
44 56 51 54 0.676059155 6.19471555132536
44 56 52 55 2.13332979 8.547546104977489
45 57 46 49 2.53484469 10.156283364295199
45 57 47 50 0.492128312 4.5093611780080085
45 57 48 51 0.343704401 4.859006495346372
45 57 49 52 0.229380993 3.9563541155870783
45 57 50 53 0.287114476 4.952138901793085
45 57 51 54 0.308990747 4.368253773610911
45 57 52 55 0.514857202 4.717625510065405
45 57 53 56 0.754309013 3.0222664569914266
46 58 47 50 1.2101728 4.848761711141577
46 58 48 51 0.568598546 5.2100562936200285
46 58 49 52 0.275889001 3.9002888643652307
46 58 50 53 0.269918609 4.655545281341986
46 58 51 54 0.23135701 3.9904363771039253
46 58 52 55 0.302093716 4.270749294965595
46 58 53 56 0.317542943 2.9096391827069072
46 58 54 57 1.68203704 6.739365482577292
47 59 48 51 2.70305621 10.830251228676985
47 59 49 52 0.604985287 5.543467221743245
47 59 50 53 0.393834286 5.5677010483322285
47 59 51 54 0.253912833 4.379478302458672
47 59 52 55 0.262461382 4.526923330820058
47 59 53 56 0.215657817 3.0487905610938606
47 59 54 57 0.581251324 5.325993427322577
47 59 55 58 2.35377233 9.430786372366407
48 60 49 52 1.52423957 6.107123268365395
48 60 50 53 0.615374291 5.638661442789747
48 60 51 54 0.309761732 4.379153317265036
48 60 52 55 0.270531202 4.666111260698131
48 60 53 56 0.185848021 3.205499170356559
48 60 54 57 0.349330754 4.938547186977235
48 60 55 58 0.835754598 7.658001473735348
48 60 56 59 2.4845303 9.954690263085649
49 61 50 53 1.67668989 6.717941223013923
49 61 51 54 0.511495075 4.686818412404801
49 61 52 55 0.350041869 4.948600338446594
49 61 53 56 0.186815237 3.2221816729136115
49 61 54 57 0.233712828 4.03106943095017
49 61 55 58 0.324183477 4.58303593391279
49 61 56 59 0.550749761 5.046508259111475
49 61 57 60 1.15051179 4.6097197983370295
50 62 51 54 1.04882585 4.202297905832555
50 62 52 55 0.531854482 4.873371222504181
50 62 53 56 0.227209163 3.2120938678908932
50 62 54 57 0.235869285 4.068263914309289
50 62 55 58 0.267836062 4.619625594681839
50 62 56 59 0.391209452 5.530593331881412
50 62 57 60 0.585731753 5.367047502247291
50 62 58 61 1.82329513 7.305339877457917
51 63 52 55 2.74720618 11.007145540038179
51 63 53 56 0.519051687 4.756059486245051
51 63 54 57 0.347649409 4.914777732026561
51 63 55 58 0.265227238 4.574628703552144
51 63 56 59 0.315044847 5.433880814278938
51 63 57 60 0.344130176 4.865025747600742
51 63 58 61 0.616046196 5.644818093907818
51 63 59 62 1.38842211 5.562947676456122
52 64 53 56 1.29419251 5.185400869474353
52 64 54 57 0.571085976 5.232848561411791
52 64 55 58 0.303077688 4.284659871395017
52 64 56 59 0.303389872 5.232856275561755
52 64 57 60 0.256289695 4.420474322368144
52 64 58 61 0.34244959 4.841267022759776
52 64 59 62 0.491202429 4.5008773319179305
52 64 60 63 1.96813414 7.885661833105616
