64
# x y z
0.0 0.0 0.0
0.5 0.0 0.0
1.0 0.0 0.0
1.5 0.0 0.0
2.0 0.0 0.0
2.5 0.0 0.0
3.0 0.0 0.0
3.5 0.0 0.0
4.0 0.0 0.0
4.5 0.0 0.0
5.0 0.0 0.0
5.5 0.0 0.0
6.0 0.0 0.0
6.5 0.0 0.0
7.0 0.0 0.0
7.5 0.0 0.0
8.0 0.0 0.0
8.5 0.0 0.0
9.0 0.0 0.0
9.5 0.0 0.0
10.0 0.0 0.0
10.5 0.0 0.0
11.0 0.0 0.0
11.5 0.0 0.0
12.0 0.0 0.0
12.5 0.0 0.0
13.0 0.0 0.0
13.5 0.0 0.0
14.0 0.0 0.0
14.5 0.0 0.0
15.0 0.0 0.0
15.5 0.0 0.0
16.0 0.0 0.0
16.5 0.0 0.0
17.0 0.0 0.0
17.5 0.0 0.0
18.0 0.0 0.0
18.5 0.0 0.0
19.0 0.0 0.0
19.5 0.0 0.0
20.0 0.0 0.0
20.5 0.0 0.0
21.0 0.0 0.0
21.5 0.0 0.0
22.0 0.0 0.0
22.5 0.0 0.0
23.0 0.0 0.0
23.5 0.0 0.0
24.0 0.0 0.0
24.5 0.0 0.0
25.0 0.0 0.0
25.5 0.0 0.0
26.0 0.0 0.0
26.5 0.0 0.0
27.0 0.0 0.0
27.5 0.0 0.0
28.0 0.0 0.0
28.5 0.0 0.0
29.0 0.0 0.0
29.5 0.0 0.0
30.0 0.0 0.0
30.5 0.0 0.0
31.0 0.0 0.0
31.5 0.0 0.0
1400
# a b m n r rhoa k
1 13 2 5 1.12583 4.51085 4.00667
1 13 3 6 0.47465 4.34921 9.16298
1 13 4 7 0.344186 4.86581 14.1372
1 13 5 8 0.291418 5.02636 17.248
1 13 6 9 0.230966 3.98369 17.248
1 13 7 10 0.429129 6.06667 14.1372
1 13 8 11 0.774127 7.09331 9.16298
1 13 9 12 2.82265 11.3094 4.00667
1 23 2 7 1.22831 4.54939 3.70377
1 23 3 8 0.52344 4.39913 8.40426
1 23 4 9 0.343516 4.75141 13.8317
1 23 5 10 0.238774 4.68082 19.6035
1 23 6 11 0.170805 4.3097 25.2317
1 23 7 12 0.144391 4.35473 30.1593
1 23 8 13 0.113302 3.83328 33.8325
1 23 9 14 0.123739 4.42958 35.7978
1 23 10 15 0.102508 3.66957 35.7978
1 23 11 16 0.12089 4.09001 33.8325
1 23 12 17 0.1349 4.0685 30.1593
1 23 13 18 0.179792 4.53646 25.2317
1 23 14 19 0.231253 4.53337 19.6035
1 23 15 20 0.326994 4.52287 13.8317
1 23 16 21 0.721 6.05947 8.40426
1 23 17 22 1.70946 6.33146 3.70377
1 57 4 16 0.413784 4.77587 11.542
1 57 5 17 0.281701 4.57904 16.255
1 57 6 18 0.202546 4.32252 21.3409
1 57 7 19 0.161786 4.32835 26.7536
1 57 8 20 0.121729 3.94882 32.4396
1 57 9 21 0.114501 4.38974 38.3381
1 57 10 22 0.0904443 4.01401 44.381
1 57 11 23 0.0815793 4.1192 50.4932
1 57 12 24 0.0718306 4.06514 56.5934
1 57 13 25 0.0659266 4.12666 62.5948
1 57 14 26 0.0601212 4.11268 68.4065
1 57 15 27 0.0578976 4.2807 73.9358
1 57 16 28 0.0516285 4.08326 79.0892
1 57 17 29 0.0506957 4.24707 83.7758
1 57 18 30 0.0470505 4.13617 87.9092
1 57 19 31 0.0455217 4.16116 91.4105
1 57 20 32 0.0445439 4.19651 94.2106
1 57 21 33 0.0430442 4.14313 96.2531
1 57 22 34 0.0431801 4.20988 97.4958
1 57 23 35 0.0433876 4.24821 97.913
1 57 24 36 0.0431367 4.20564 97.4958
1 57 25 37 0.0444469 4.27815 96.2531
1 57 26 38 0.043185 4.06849 94.2106
1 57 27 39 0.0463533 4.23718 91.4105
1 57 28 40 0.0484212 4.25667 87.9092
1 57 29 41 0.0482136 4.03913 83.7758
1 57 30 42 0.0520133 4.11369 79.0892
1 57 31 43 0.0575847 4.25757 73.9358
1 57 32 44 0.0596372 4.07957 68.4065
1 57 33 45 0.0652131 4.082 62.5948
1 57 34 46 0.0737153 4.1718 56.5934
1 57 35 47 0.0817066 4.12563 50.4932
1 57 36 48 0.093722 4.15947 44.381
1 57 37 49 0.108064 4.14297 38.3381
1 57 38 50 0.122604 3.97722 32.4396
1 57 39 51 0.158457 4.23931 26.7536
1 57 40 52 0.203182 4.3361 21.3409
1 57 41 53 0.298714 4.8556 16.255
1 57 42 54 0.4359 5.03114 11.542
2 14 3 6 1.31253 5.25888 4.00667
2 14 4 7 0.645409 5.91387 9.16298
2 14 5 8 0.394171 5.57246 14.1372
2 14 6 9 0.245658 4.2371 17.248
2 14 7 10 0.294659 5.08227 17.248
2 14 8 11 0.344101 4.86462 14.1372
2 14 9 12 0.651368 5.96847 9.16298
2 14 10 13 1.2079 4.83965 4.00667
2 24 3 8 1.43462 5.3135 3.70377
2 24 4 9 0.695958 5.84901 8.40426
2 24 5 10 0.393687 5.44535 13.8317
2 24 6 11 0.246091 4.82426 19.6035
2 24 7 12 0.188679 4.76069 25.2317
2 24 8 13 0.133373 4.02243 30.1593
2 24 9 14 0.138232 4.67674 33.8325
2 24 10 15 0.106823 3.82403 35.7978
2 24 11 16 0.116296 4.16314 35.7978
2 24 12 17 0.120937 4.09161 33.8325
2 24 13 18 0.148782 4.48715 30.1593
2 24 14 19 0.176256 4.44723 25.2317
2 24 15 20 0.230137 4.51151 19.6035
2 24 16 21 0.393471 5.44236 13.8317
2 24 17 22 0.6741 5.66532 8.40426
2 24 18 23 3.18313 11.7896 3.70377
2 58 5 17 0.454809 5.24938 11.542
2 58 6 18 0.29301 4.76288 16.255
2 58 7 19 0.219302 4.68011 21.3409
2 58 8 20 0.154379 4.1302 26.7536
2 58 9 21 0.142137 4.61086 32.4396
2 58 10 22 0.108312 4.15249 38.3381
2 58 11 23 0.0954165 4.23468 44.381
2 58 12 24 0.0822689 4.15402 50.4932
2 58 13 25 0.0743822 4.20954 56.5934
2 58 14 26 0.0665816 4.16766 62.5948
2 58 15 27 0.0635568 4.3477 68.4065
2 58 16 28 0.0558489 4.12923 73.9358
2 58 17 29 0.054139 4.28181 79.0892
2 58 18 30 0.0496281 4.15763 83.7758
2 58 19 31 0.0475562 4.18063 87.9092
2 58 20 32 0.0460109 4.20588 91.4105
2 58 21 33 0.0440737 4.15221 94.2106
2 58 22 34 0.0438445 4.22017 96.2531
2 58 23 35 0.0434443 4.23564 97.4958
2 58 24 36 0.0429133 4.20177 97.913
2 58 25 37 0.0437588 4.2663 97.4958
2 58 26 38 0.042093 4.05158 96.2531
2 58 27 39 0.0447742 4.2182 94.2106
2 58 28 40 0.0463762 4.23927 91.4105
2 58 29 41 0.0456333 4.01159 87.9092
2 58 30 42 0.0487123 4.08091 83.7758
2 58 31 43 0.053223 4.20937 79.0892
2 58 32 44 0.0546322 4.03928 73.9358
2 58 33 45 0.058942 4.03202 68.4065
2 58 34 46 0.0655949 4.10589 62.5948
2 58 35 47 0.0712349 4.03142 56.5934
2 58 36 48 0.08034 4.05663 50.4932
2 58 37 49 0.090704 4.02554 44.381
2 58 38 50 0.100917 3.86895 38.3381
2 58 39 51 0.125046 4.05646 32.4396
2 58 40 52 0.152981 4.09278 26.7536
2 58 41 53 0.208383 4.44709 21.3409
2 58 42 54 0.276615 4.49638 16.255
2 58 43 55 0.405471 4.67993 11.542
3 15 4 7 2.61521 10.4783 4.00667
3 15 5 8 0.845928 7.75122 9.16298
3 15 6 9 0.390641 5.52256 14.1372
3 15 7 10 0.338235 5.83387 17.248
3 15 8 11 0.303735 5.23881 17.248
3 15 9 12 0.480825 6.79751 14.1372
3 15 10 13 0.687402 6.29865 9.16298
3 15 11 14 2.40751 9.64608 4.00667
3 25 4 9 2.73583 10.1329 3.70377
3 25 5 10 0.880369 7.39885 8.40426
3 25 6 11 0.424094 5.86593 13.8317
3 25 7 12 0.27709 5.43194 19.6035
3 25 8 13 0.168884 4.26122 25.2317
3 25 9 14 0.164756 4.96893 30.1593
3 25 10 15 0.117718 3.98271 33.8325
3 25 11 16 0.118133 4.22889 35.7978
3 25 12 17 0.114421 4.09601 35.7978
3 25 13 18 0.130403 4.41185 33.8325
3 25 14 19 0.142931 4.31069 30.1593
3 25 15 20 0.174779 4.40996 25.2317
3 25 16 21 0.251095 4.92235 19.6035
3 25 17 22 0.360089 4.98063 13.8317
3 25 18 23 0.937169 7.87621 8.40426
3 25 19 24 2.26717 8.39707 3.70377
3 59 6 18 0.489188 5.64618 11.542
3 59 7 19 0.322747 5.24625 16.255
3 59 8 20 0.203143 4.33526 21.3409
3 59 9 21 0.181664 4.86016 26.7536
3 59 10 22 0.132049 4.28362 32.4396
3 59 11 23 0.113013 4.33271 38.3381
3 59 12 24 0.0951964 4.22491 44.381
3 59 13 25 0.0845741 4.27042 50.4932
3 59 14 26 0.0741425 4.19598 56.5934
3 59 15 27 0.0701964 4.39393 62.5948
3 59 16 28 0.0607172 4.15345 68.4065
3 59 17 29 0.0581698 4.30083 73.9358
3 59 18 30 0.0527346 4.17074 79.0892
3 59 19 31 0.0499564 4.18514 83.7758
3 59 20 32 0.0479888 4.21866 87.9092
3 59 21 33 0.0454305 4.15282 91.4105
3 59 22 34 0.0448394 4.22435 94.2106
3 59 23 35 0.0438457 4.22028 96.2531
3 59 24 36 0.0430251 4.19477 97.4958
3 59 25 37 0.043529 4.26206 97.913
3 59 26 38 0.0415269 4.0487 97.4958
3 59 27 39 0.0438014 4.21602 96.2531
3 59 28 40 0.0449742 4.23705 94.2106
3 59 29 41 0.043878 4.01091 91.4105
3 59 30 42 0.0464363 4.08218 87.9092
3 59 31 43 0.050188 4.20454 83.7758
3 59 32 44 0.0511146 4.04261 79.0892
3 59 33 45 0.0545576 4.03376 73.9358
3 59 34 46 0.0599642 4.10195 68.4065
3 59 35 47 0.0640454 4.0089 62.5948
3 59 36 48 0.0712346 4.03141 56.5934
3 59 37 49 0.0789636 3.98713 50.4932
3 59 38 50 0.0865551 3.8414 44.381
3 59 39 51 0.104045 3.9889 38.3381
3 59 40 52 0.123511 4.00666 32.4396
3 59 41 53 0.160063 4.28227 26.7536
3 59 42 54 0.200446 4.27772 21.3409
3 59 43 55 0.267898 4.35468 16.255
3 59 44 56 0.349267 4.03122 11.542
4 16 5 8 2.14071 8.57713 4.00667
4 16 6 9 0.677708 6.20982 9.16298
4 16 7 10 0.417699 5.90508 14.1372
4 16 8 11 0.261357 4.50787 17.248
4 16 9 12 0.327836 5.65451 17.248
4 16 10 13 0.343377 4.85437 14.1372
4 16 11 14 0.623161 5.71001 9.16298
4 16 12 15 1.28314 5.14112 4.00667
4 26 5 10 2.22505 8.24107 3.70377
4 26 6 11 0.75628 6.35597 8.40426
4 26 7 12 0.414548 5.73389 13.8317
4 26 8 13 0.214257 4.20019 19.6035
4 26 9 14 0.197463 4.98233 25.2317
4 26 10 15 0.130646 3.94018 30.1593
4 26 11 16 0.121503 4.11074 33.8325
4 26 12 17 0.109439 3.91768 35.7978
4 26 13 18 0.115299 4.12745 35.7978
4 26 14 19 0.116253 3.93314 33.8325
4 26 15 20 0.132937 4.00929 30.1593
4 26 16 21 0.162564 4.10177 25.2317
4 26 17 22 0.201294 3.94608 19.6035
4 26 18 23 0.356555 4.93175 13.8317
4 26 19 24 0.54009 4.53906 8.40426
4 26 20 25 0.995731 3.68796 3.70377
4 60 7 19 0.475764 5.49124 11.542
4 60 8 20 0.26207 4.25994 16.255
4 60 9 21 0.227325 4.85134 21.3409
4 60 10 22 0.157661 4.21799 26.7536
4 60 11 23 0.131314 4.25976 32.4396
4 60 12 24 0.108233 4.14946 38.3381
4 60 13 25 0.094664 4.20128 44.381
4 60 14 26 0.0814915 4.11477 50.4932
4 60 15 27 0.0765246 4.33079 56.5934
4 60 16 28 0.065245 4.08399 62.5948
4 60 17 29 0.0619049 4.2347 68.4065
4 60 18 30 0.0555961 4.11054 73.9358
4 60 19 31 0.0522187 4.12993 79.0892
4 60 20 32 0.0497754 4.16997 83.7758
4 60 21 33 0.0467346 4.10841 87.9092
4 60 22 34 0.04582 4.18843 91.4105
4 60 23 35 0.0443102 4.17449 94.2106
4 60 24 36 0.0432554 4.16346 96.2531
4 60 25 37 0.0434494 4.23613 97.4958
4 60 26 38 0.0411717 4.03125 97.913
4 60 27 39 0.0431419 4.20615 97.4958
4 60 28 40 0.043983 4.2335 96.2531
4 60 29 41 0.0425998 4.01335 94.2106
4 60 30 42 0.0447032 4.08634 91.4105
4 60 31 43 0.0478903 4.21 87.9092
4 60 32 44 0.0484701 4.06062 83.7758
4 60 33 45 0.0512631 4.05436 79.0892
4 60 34 46 0.0558057 4.12604 73.9358
4 60 35 47 0.0588846 4.02809 68.4065
4 60 36 48 0.0648077 4.05662 62.5948
4 60 37 49 0.0708935 4.0121 56.5934
4 60 38 50 0.0769146 3.88367 50.4932
4 60 39 51 0.0905848 4.02025 44.381
4 60 40 52 0.105314 4.03753 38.3381
4 60 41 53 0.132225 4.28931 32.4396
4 60 42 54 0.160031 4.28141 26.7536
4 60 43 55 0.203434 4.34147 21.3409
4 60 44 56 0.251198 4.08323 16.255
4 60 45 57 0.420547 4.85393 11.542
5 17 6 9 2.15746 8.64422 4.00667
5 17 7 10 0.80721 7.39645 9.16298
5 17 8 11 0.325268 4.59837 14.1372
5 17 9 12 0.338414 5.83695 17.248
5 17 10 13 0.280462 4.83739 17.248
5 17 11 14 0.399413 5.64657 14.1372
5 17 12 15 0.574381 5.26304 9.16298
5 17 13 16 2.87974 11.5382 4.00667
5 27 6 11 2.30275 8.52888 3.70377
5 27 7 12 0.846584 7.11492 8.40426
5 27 8 13 0.321804 4.45109 13.8317
5 27 9 14 0.274615 5.38343 19.6035
5 27 10 15 0.164998 4.16317 25.2317
5 27 11 16 0.142442 4.29596 30.1593
5 27 12 17 0.120364 4.07223 33.8325
5 27 13 18 0.120332 4.30761 35.7978
5 27 14 19 0.114706 4.10621 35.7978
5 27 15 20 0.12664 4.28456 33.8325
5 27 16 21 0.144608 4.36126 30.1593
5 27 17 22 0.170596 4.30442 25.2317
5 27 18 23 0.274228 5.37584 19.6035
5 27 19 24 0.382956 5.29692 13.8317
5 27 20 25 0.612463 5.1473 8.40426
5 27 21 26 2.33271 8.63984 3.70377
5 61 8 20 0.385507 4.44951 11.542
5 61 9 21 0.316767 5.14905 16.255
5 61 10 22 0.203056 4.3334 21.3409
5 61 11 23 0.162451 4.34616 26.7536
5 61 12 24 0.129609 4.20446 32.4396
5 61 13 25 0.110762 4.24639 38.3381
5 61 14 26 0.0929531 4.12535 44.381
5 61 15 27 0.0864109 4.36317 50.4932
5 61 16 28 0.072293 4.09131 56.5934
5 61 17 29 0.0677599 4.24141 62.5948
5 61 18 30 0.0599368 4.10007 68.4065
5 61 19 31 0.0557251 4.12008 73.9358
5 61 20 32 0.0526365 4.16298 79.0892
5 61 21 33 0.048868 4.09396 83.7758
5 61 22 34 0.0475596 4.18092 87.9092
5 61 23 35 0.0453333 4.14394 91.4105
5 61 24 36 0.0439524 4.14079 94.2106
5 61 25 37 0.0437683 4.21284 96.2531
5 61 26 38 0.0410979 4.00687 97.4958
5 61 27 39 0.0427219 4.18303 97.913
5 61 28 40 0.0432243 4.21419 97.4958
5 61 29 41 0.0414538 3.99005 96.2531
5 61 30 42 0.0431196 4.06232 94.2106
5 61 31 43 0.045685 4.17609 91.4105
5 61 32 44 0.0459218 4.03695 87.9092
5 61 33 45 0.0480624 4.02646 83.7758
5 61 34 46 0.0517093 4.08965 79.0892
5 61 35 47 0.053774 3.97582 73.9358
5 61 36 48 0.0584854 4.00078 68.4065
5 61 37 49 0.0630551 3.94692 62.5948
5 61 38 50 0.0676029 3.82588 56.5934
5 61 39 51 0.0777149 3.92408 50.4932
5 61 40 52 0.0883162 3.91956 44.381
5 61 41 53 0.107358 4.1159 38.3381
5 61 42 54 0.12544 4.06922 32.4396
5 61 43 55 0.151869 4.06303 26.7536
5 61 44 56 0.178719 3.81404 21.3409
5 61 45 57 0.257867 4.19162 16.255
5 61 46 58 0.409037 4.72108 11.542
6 18 7 10 2.71496 10.8779 4.00667
6 18 8 11 0.529616 4.85286 9.16298
6 18 9 12 0.439871 6.21853 14.1372
6 18 10 13 0.268848 4.63708 17.248
6 18 11 14 0.286864 4.94781 17.248
6 18 12 15 0.301811 4.26675 14.1372
6 18 13 16 0.75066 6.87829 9.16298
6 18 14 17 2.15777 8.64546 4.00667
6 28 7 12 2.81614 10.4304 3.70377
6 28 8 13 0.576368 4.84395 8.40426
6 28 9 14 0.436812 6.04185 13.8317
6 28 10 15 0.228632 4.482 19.6035
6 28 11 16 0.17954 4.53011 25.2317
6 28 12 17 0.140844 4.24775 30.1593
6 28 13 18 0.131416 4.44614 33.8325
6 28 14 19 0.116868 4.18361 35.7978
6 28 15 20 0.12372 4.42891 35.7978
6 28 16 21 0.130441 4.41314 33.8325
6 28 17 22 0.145231 4.38007 30.1593
6 28 18 23 0.211048 5.32509 25.2317
6 28 19 24 0.273864 5.36871 19.6035
6 28 20 25 0.396385 5.48267 13.8317
6 28 21 26 0.97124 8.16256 8.40426
6 28 22 27 2.57274 9.52885 3.70377
6 62 9 21 0.495624 5.72047 11.542
6 62 10 22 0.281424 4.57454 16.255
6 62 11 23 0.212155 4.52758 21.3409
6 62 12 24 0.162116 4.3372 26.7536
6 62 13 25 0.134525 4.36392 32.4396
6 62 14 26 0.109219 4.18723 38.3381
6 62 15 27 0.10025 4.44921 44.381
6 62 16 28 0.082084 4.14469 50.4932
6 62 17 29 0.0757095 4.28466 56.5934
6 62 18 30 0.0659646 4.12904 62.5948
6 62 19 31 0.0606299 4.14748 68.4065
6 62 20 32 0.0567163 4.19337 73.9358
6 62 21 33 0.0520871 4.11953 79.0892
6 62 22 34 0.0502879 4.21291 83.7758
6 62 23 35 0.0473015 4.15823 87.9092
6 62 24 36 0.045542 4.16301 91.4105
6 62 25 37 0.0449926 4.23878 94.2106
6 62 26 38 0.0419114 4.0341 96.2531
6 62 27 39 0.0432696 4.2186 97.4958
6 62 28 40 0.0434893 4.25817 97.913
6 62 29 41 0.0413867 4.03503 97.4958
6 62 30 42 0.0427332 4.1132 96.2531
6 62 31 43 0.0449258 4.23249 94.2106
6 62 32 44 0.0448722 4.10179 91.4105
6 62 33 45 0.0465771 4.09456 87.9092
6 62 34 46 0.0497055 4.16412 83.7758
6 62 35 47 0.0511737 4.04729 79.0892
6 62 36 48 0.0552419 4.08435 73.9358
6 62 37 49 0.059046 4.03913 68.4065
6 62 38 50 0.0628148 3.93187 62.5948
6 62 39 51 0.0712784 4.03389 56.5934
6 62 40 52 0.0800275 4.04085 50.4932
6 62 41 53 0.0956923 4.24692 44.381
6 62 42 54 0.109875 4.21241 38.3381
6 62 43 55 0.129925 4.21472 32.4396
6 62 44 56 0.149877 4.00976 26.7536
6 62 45 57 0.205076 4.37651 21.3409
6 62 46 58 0.298991 4.8601 16.255
6 62 47 59 0.45746 5.27998 11.542
7 19 8 11 1.05608 4.23136 4.00667
7 19 9 12 0.68105 6.24045 9.16298
7 19 10 13 0.317067 4.48242 14.1372
7 19 11 14 0.273868 4.72367 17.248
7 19 12 15 0.235257 4.0577 17.248
7 19 13 16 0.410345 5.80112 14.1372
7 19 14 17 0.743228 6.81018 9.16298
7 19 15 18 2.95399 11.8357 4.00667
7 29 8 13 1.14787 4.25143 3.70377
7 29 9 14 0.716836 6.02448 8.40426
7 29 10 15 0.31512 4.35864 13.8317
7 29 11 16 0.224992 4.41063 19.6035
7 29 12 17 0.163837 4.13389 25.2317
7 29 13 18 0.142478 4.29703 30.1593
7 29 14 19 0.117398 3.97189 33.8325
7 29 15 20 0.118556 4.24405 35.7978
7 29 16 21 0.113585 4.06608 35.7978
7 29 17 22 0.117372 3.97098 33.8325
7 29 18 23 0.14984 4.51907 30.1593
7 29 19 24 0.176526 4.45405 25.2317
7 29 20 25 0.227518 4.46016 19.6035
7 29 21 26 0.402836 5.57189 13.8317
7 29 22 27 0.675768 5.67933 8.40426
7 29 23 28 1.63411 6.05236 3.70377
7 63 10 22 0.384092 4.43318 11.542
7 63 11 23 0.271623 4.41523 16.255
7 63 12 24 0.1984 4.23404 21.3409
7 63 13 25 0.160119 4.28376 26.7536
7 63 14 26 0.125997 4.0873 32.4396
7 63 15 27 0.114245 4.37993 38.3381
7 63 16 28 0.0917663 4.07268 44.381
7 63 17 29 0.0834013 4.2112 50.4932
7 63 18 30 0.0716433 4.05454 56.5934
7 63 19 31 0.0651584 4.07857 62.5948
7 63 20 32 0.0603485 4.12823 68.4065
7 63 21 33 0.0549152 4.06019 73.9358
7 63 22 34 0.0526939 4.16752 79.0892
7 63 23 35 0.0489414 4.1001 83.7758
7 63 24 36 0.046818 4.11573 87.9092
7 63 25 37 0.0458708 4.19307 91.4105
7 63 26 38 0.0423036 3.98544 94.2106
7 63 27 39 0.0433937 4.17677 96.2531
7 63 28 40 0.0433144 4.22297 97.4958
7 63 29 41 0.0408373 3.9985 97.913
7 63 30 42 0.0419282 4.08782 97.4958
7 63 31 43 0.0436812 4.20445 96.2531
7 63 32 44 0.0433897 4.08777 94.2106
7 63 33 45 0.0446992 4.08598 91.4105
7 63 34 46 0.0472488 4.15361 87.9092
7 63 35 47 0.0481045 4.02999 83.7758
7 63 36 48 0.0515095 4.07384 79.0892
7 63 37 49 0.0545162 4.03069 73.9358
7 63 38 50 0.0575435 3.93635 68.4065
7 63 39 51 0.0643242 4.02636 62.5948
7 63 40 52 0.071268 4.0333 56.5934
7 63 41 53 0.0836735 4.22494 50.4932
7 63 42 54 0.0943729 4.18836 44.381
7 63 43 55 0.108944 4.1767 38.3381
7 63 44 56 0.123173 3.99568 32.4396
7 63 45 57 0.16074 4.30038 26.7536
7 63 46 58 0.218981 4.67326 21.3409
7 63 47 59 0.306045 4.97477 16.255
7 63 48 60 0.447798 5.16847 11.542
8 20 9 12 2.54382 10.1923 4.00667
8 20 10 13 0.582085 5.33363 9.16298
8 20 11 14 0.368236 5.20582 14.1372
8 20 12 15 0.248449 4.28524 17.248
8 20 13 16 0.303982 5.24308 17.248
8 20 14 17 0.378485 5.35071 14.1372
8 20 15 18 0.802927 7.3572 9.16298
8 20 16 19 1.85696 7.44024 4.00667
8 30 9 14 2.64483 9.79583 3.70377
8 30 10 15 0.625611 5.2578 8.40426
8 30 11 16 0.365139 5.05048 13.8317
8 30 12 17 0.233829 4.58387 19.6035
8 30 13 18 0.185193 4.67274 25.2317
8 30 14 19 0.138875 4.18838 30.1593
8 30 15 20 0.133837 4.52805 33.8325
8 30 16 21 0.117836 4.21826 35.7978
8 30 17 22 0.114939 4.11457 35.7978
8 30 18 23 0.134146 4.53849 33.8325
8 30 19 24 0.148799 4.48767 30.1593
8 30 20 25 0.179761 4.53568 25.2317
8 30 21 26 0.276872 5.42767 19.6035
8 30 22 27 0.397198 5.49391 13.8317
8 30 23 28 0.690508 5.80321 8.40426
8 30 24 29 3.25019 12.038 3.70377
8 64 11 23 0.4305 4.96881 11.542
8 64 12 24 0.283838 4.6138 16.255
8 64 13 25 0.215847 4.60639 21.3409
8 64 14 26 0.159883 4.27745 26.7536
8 64 15 27 0.141969 4.6054 32.4396
8 64 16 28 0.110033 4.21845 38.3381
8 64 17 29 0.097705 4.33625 44.381
8 64 18 30 0.0820719 4.14408 50.4932
8 64 19 31 0.0733922 4.15352 56.5934
8 64 20 32 0.0670084 4.19437 62.5948
8 64 21 33 0.0600587 4.10841 68.4065
8 64 22 34 0.057055 4.21841 73.9358
8 64 23 35 0.0520775 4.11877 79.0892
8 64 24 36 0.0493696 4.13598 83.7758
8 64 25 37 0.0478734 4.20851 87.9092
8 64 26 38 0.0437632 4.00042 91.4105
8 64 27 39 0.044491 4.19153 94.2106
8 64 28 40 0.0440637 4.24127 96.2531
8 64 29 41 0.0410767 4.00481 97.4958
8 64 30 42 0.0418269 4.09539 97.913
8 64 31 43 0.0431136 4.2034 97.4958
8 64 32 44 0.0424992 4.09068 96.2531
8 64 33 45 0.0433838 4.08721 94.2106
8 64 34 46 0.0453629 4.14664 91.4105
8 64 35 47 0.0457459 4.02148 87.9092
8 64 36 48 0.0484379 4.05792 83.7758
8 64 37 49 0.0506858 4.0087 79.0892
8 64 38 50 0.0530664 3.92351 73.9358
8 64 39 51 0.0584233 3.99654 68.4065
8 64 40 52 0.0637895 3.99289 62.5948
8 64 41 53 0.0735962 4.16506 56.5934
8 64 42 54 0.0814238 4.11135 50.4932
8 64 43 55 0.0917668 4.0727 44.381
8 64 44 56 0.101914 3.90718 38.3381
8 64 45 57 0.127603 4.13939 32.4396
8 64 46 58 0.164427 4.39901 26.7536
8 64 47 59 0.214717 4.58226 21.3409
8 64 48 60 0.286591 4.65854 16.255
8 64 49 61 0.437805 5.05313 11.542
9 21 10 13 1.03491 4.14654 4.00667
9 21 11 14 0.481291 4.41006 9.16298
9 21 12 15 0.269913 3.81581 14.1372
9 21 13 16 0.261537 4.51099 17.248
9 21 14 17 0.25274 4.35925 17.248
9 21 15 18 0.403523 5.70467 14.1372
9 21 16 19 0.591642 5.4212 9.16298
9 21 17 20 1.19883 4.80332 4.00667
9 31 10 15 1.11347 4.12405 3.70377
9 31 11 16 0.509165 4.27915 8.40426
9 31 12 17 0.290358 4.01614 13.8317
9 31 13 18 0.214717 4.20922 19.6035
9 31 14 19 0.150815 3.80532 25.2317
9 31 15 20 0.140848 4.24789 30.1593
9 31 16 21 0.117191 3.96485 33.8325
9 31 17 22 0.109506 3.92005 35.7978
9 31 18 23 0.119089 4.26311 35.7978
9 31 19 24 0.125487 4.24555 33.8325
9 31 20 25 0.143241 4.32003 30.1593
9 31 21 26 0.197256 4.97709 25.2317
9 31 22 27 0.253587 4.9712 19.6035
9 31 23 28 0.363608 5.0293 13.8317
9 31 24 29 0.971124 8.16158 8.40426
9 31 25 30 2.38062 8.81729 3.70377
10 22 11 14 2.3017 9.22217 4.00667
10 22 12 15 0.701955 6.432 9.16298
10 22 13 16 0.430645 6.0881 14.1372
10 22 14 17 0.280734 4.84209 17.248
10 22 15 18 0.357316 6.16298 17.248
10 22 16 19 0.413398 5.84428 14.1372
10 22 17 20 0.643488 5.89626 9.16298
10 22 18 21 3.01755 12.0903 4.00667
10 32 11 16 2.3982 8.88239 3.70377
10 32 12 17 0.778799 6.54523 8.40426
10 32 13 18 0.431181 5.96396 13.8317
10 32 14 19 0.236863 4.64336 19.6035
10 32 15 20 0.203169 5.12629 25.2317
10 32 16 21 0.147885 4.46011 30.1593
10 32 17 22 0.127523 4.31442 33.8325
10 32 18 23 0.123662 4.42682 35.7978
10 32 19 24 0.121146 4.33674 35.7978
10 32 20 25 0.128926 4.3619 33.8325
10 32 21 26 0.159209 4.80164 30.1593
10 32 22 27 0.187561 4.73249 25.2317
10 32 23 28 0.233308 4.57366 19.6035
10 32 24 29 0.458355 6.33982 13.8317
10 32 25 30 0.748576 6.29123 8.40426
10 32 26 31 1.75447 6.49815 3.70377
11 23 12 15 1.99718 8.00203 4.00667
11 23 13 16 0.782659 7.17149 9.16298
11 23 14 17 0.334909 4.73467 14.1372
11 23 15 18 0.331799 5.72285 17.248
11 23 16 19 0.278321 4.80047 17.248
11 23 17 20 0.324247 4.58393 14.1372
11 23 18 21 0.670963 6.14802 9.16298
11 23 19 22 1.60141 6.41632 4.00667
11 33 12 17 2.14667 7.95079 3.70377
11 33 13 18 0.837677 7.04005 8.40426
11 33 14 19 0.352961 4.88204 13.8317
11 33 15 20 0.280699 5.50269 19.6035
11 33 16 21 0.183088 4.61961 25.2317
11 33 17 22 0.14809 4.46629 30.1593
11 33 18 23 0.130413 4.4122 33.8325
11 33 19 24 0.120677 4.31997 35.7978
11 33 20 25 0.121027 4.33249 35.7978
11 33 21 26 0.137251 4.64354 33.8325
11 33 22 27 0.151859 4.57997 30.1593
11 33 23 28 0.172672 4.3568 25.2317
11 33 24 29 0.290893 5.70254 19.6035
11 33 25 30 0.41289 5.71096 13.8317
11 33 26 31 0.69305 5.82457 8.40426
11 33 27 32 1.52122 5.63425 3.70377
12 24 13 16 2.77529 11.1197 4.00667
12 24 14 17 0.587202 5.38052 9.16298
12 24 15 18 0.463251 6.54906 14.1372
12 24 16 19 0.293744 5.06649 17.248
12 24 17 20 0.280395 4.83624 17.248
12 24 18 21 0.387522 5.47847 14.1372
12 24 19 22 0.622726 5.70602 9.16298
12 24 20 23 3.0922 12.3894 4.00667
12 34 13 18 2.89565 10.7248 3.70377
12 34 14 19 0.655748 5.51108 8.40426
12 34 15 20 0.459093 6.35003 13.8317
12 34 16 21 0.257031 5.03872 19.6035
12 34 17 22 0.192884 4.86679 25.2317
12 34 18 23 0.151978 4.58355 30.1593
12 34 19 24 0.131226 4.4397 33.8325
12 34 20 25 0.123428 4.41846 35.7978
12 34 21 26 0.129054 4.61986 35.7978
12 34 22 27 0.135167 4.57304 33.8325
12 34 23 28 0.142379 4.29405 30.1593
12 34 24 29 0.216075 5.45194 25.2317
12 34 25 30 0.28392 5.56583 19.6035
12 34 26 31 0.419768 5.80609 13.8317
12 34 27 32 0.729253 6.12883 8.40426
12 34 28 33 2.80735 10.3978 3.70377
13 25 14 17 1.18998 4.76786 4.00667
13 25 15 18 0.725131 6.64436 9.16298
13 25 16 19 0.353819 5.002 14.1372
13 25 17 20 0.283384 4.88779 17.248
13 25 18 21 0.285458 4.92357 17.248
13 25 19 22 0.348917 4.93269 14.1372
13 25 20 23 0.902544 8.26999 9.16298
13 25 21 24 2.15142 8.62004 4.00667
13 35 14 19 1.31213 4.85983 3.70377
13 35 15 20 0.760296 6.38973 8.40426
13 35 16 21 0.357734 4.94805 13.8317
13 35 17 22 0.248301 4.86759 19.6035
13 35 18 23 0.176837 4.46189 25.2317
13 35 19 24 0.141991 4.28234 30.1593
13 35 20 25 0.124561 4.21423 33.8325
13 35 21 26 0.118522 4.24282 35.7978
13 35 22 27 0.116258 4.16179 35.7978
13 35 23 28 0.109721 3.71214 33.8325
13 35 24 29 0.14608 4.40566 30.1593
13 35 25 30 0.171576 4.32916 25.2317
13 35 26 31 0.21576 4.22966 19.6035
13 35 27 32 0.307463 4.25273 13.8317
13 35 28 33 0.595005 5.00058 8.40426
13 35 29 34 1.25895 4.66287 3.70377
14 26 15 18 2.44206 9.78452 4.00667
14 26 16 19 0.618583 5.66807 9.16298
14 26 17 20 0.388858 5.49735 14.1372
14 26 18 21 0.270048 4.65778 17.248
14 26 19 22 0.242917 4.18983 17.248
14 26 20 23 0.372978 5.27285 14.1372
14 26 21 24 0.50163 4.59642 9.16298
14 26 22 25 0.919076 3.68243 4.00667
14 36 15 20 2.54522 9.4269 3.70377
14 36 16 21 0.675977 5.68109 8.40426
14 36 17 22 0.405262 5.60545 13.8317
14 36 18 23 0.247701 4.85582 19.6035
14 36 19 24 0.182136 4.59561 25.2317
14 36 20 25 0.14802 4.46419 30.1593
14 36 21 26 0.130042 4.39965 33.8325
14 36 22 27 0.121586 4.3525 35.7978
14 36 23 28 0.106746 3.82126 35.7978
14 36 24 29 0.131897 4.46241 33.8325
14 36 25 30 0.146448 4.41676 30.1593
14 36 26 31 0.171181 4.31919 25.2317
14 36 27 32 0.226733 4.44477 19.6035
14 36 28 33 0.369546 5.11144 13.8317
14 36 29 34 0.640553 5.38338 8.40426
14 36 30 35 3.56964 13.2211 3.70377
15 27 16 19 1.32771 5.3197 4.00667
15 27 17 20 0.607182 5.5636 9.16298
15 27 18 21 0.32601 4.60886 14.1372
15 27 19 22 0.249913 4.31048 17.248
15 27 20 23 0.316482 5.45867 17.248
15 27 21 24 0.36912 5.2183 14.1372
15 27 22 25 0.567606 5.20096 9.16298
15 27 23 26 2.18804 8.76676 4.00667
15 37 16 21 1.42145 5.26473 3.70377
15 37 17 22 0.64704 5.4379 8.40426
15 37 18 23 0.328242 4.54014 13.8317
15 37 19 24 0.220855 4.32954 19.6035
15 37 20 25 0.167073 4.21554 25.2317
15 37 21 26 0.136844 4.12711 30.1593
15 37 22 27 0.12265 4.14955 33.8325
15 37 23 28 0.100384 3.59351 35.7978
15 37 24 29 0.11484 4.111 35.7978
15 37 25 30 0.119831 4.05419 33.8325
15 37 26 31 0.128647 3.87991 30.1593
15 37 27 32 0.157203 3.9665 25.2317
15 37 28 33 0.216968 4.25334 19.6035
15 37 29 34 0.305232 4.22187 13.8317
15 37 30 35 0.797216 6.70001 8.40426
15 37 31 36 1.6747 6.20272 3.70377
16 28 17 20 2.85855 11.4533 4.00667
16 28 18 21 0.745661 6.83248 9.16298
16 28 19 22 0.397438 5.61864 14.1372
16 28 20 23 0.340226 5.86821 17.248
16 28 21 24 0.313108 5.40047 17.248
16 28 22 25 0.40047 5.66151 14.1372
16 28 23 26 0.891744 8.17103 9.16298
16 28 24 27 2.43128 9.74133 4.00667
16 38 17 22 2.97218 11.0083 3.70377
16 38 18 23 0.798696 6.71245 8.40426
16 38 19 24 0.416559 5.76171 13.8317
16 38 20 25 0.260143 5.09972 19.6035
16 38 21 26 0.185705 4.68564 25.2317
16 38 22 27 0.155206 4.68092 30.1593
16 38 23 28 0.114798 3.88391 33.8325
16 38 24 29 0.120639 4.31862 35.7978
16 38 25 30 0.118219 4.23198 35.7978
16 38 26 31 0.117906 3.98907 33.8325
16 38 27 32 0.13668 4.12218 30.1593
16 38 28 33 0.17307 4.36684 25.2317
16 38 29 34 0.218227 4.27803 19.6035
16 38 30 35 0.443038 6.12796 13.8317
16 38 31 36 0.697393 5.86107 8.40426
16 38 32 37 1.85128 6.85672 3.70377
17 29 18 21 2.1263 8.51939 4.00667
17 29 19 22 0.723376 6.62828 9.16298
17 29 20 23 0.406734 5.75006 14.1372
17 29 21 24 0.280596 4.83971 17.248
17 29 22 25 0.286311 4.93828 17.248
17 29 23 26 0.385705 5.45277 14.1372
17 29 24 27 0.617445 5.65763 9.16298
17 29 25 28 1.55005 6.21056 4.00667
17 39 18 23 2.23941 8.29425 3.70377
17 39 19 24 0.795953 6.6894 8.40426
17 39 20 25 0.393149 5.4379 13.8317
17 39 21 26 0.244633 4.79568 19.6035
17 39 22 27 0.191999 4.84446 25.2317
17 39 23 28 0.1293 3.89961 30.1593
17 39 24 29 0.125805 4.2563 33.8325
17 39 25 30 0.115762 4.14401 35.7978
17 39 26 31 0.107132 3.83508 35.7978
17 39 27 32 0.117982 3.99164 33.8325
17 39 28 33 0.137973 4.16117 30.1593
17 39 29 34 0.156868 3.95804 25.2317
17 39 30 35 0.270135 5.2956 19.6035
17 39 31 36 0.36538 5.05382 13.8317
17 39 32 37 0.664115 5.58139 8.40426
17 39 33 38 1.40525 5.20473 3.70377
18 30 19 22 2.87296 11.511 4.00667
18 30 20 23 0.789412 7.23337 9.16298
18 30 21 24 0.3894 5.50501 14.1372
18 30 22 25 0.326389 5.62955 17.248
18 30 23 26 0.311821 5.37828 17.248
18 30 24 27 0.383264 5.41826 14.1372
18 30 25 28 0.652839 5.98195 9.16298
18 30 26 29 3.10992 12.4604 4.00667
18 40 19 24 3.02693 11.2111 3.70377
18 40 20 25 0.824036 6.92541 8.40426
18 40 21 26 0.398995 5.51877 13.8317
18 40 22 27 0.285229 5.59149 19.6035
18 40 23 28 0.170162 4.29348 25.2317
18 40 24 29 0.149042 4.49499 30.1593
18 40 25 30 0.12749 4.31329 33.8325
18 40 26 31 0.108442 3.88197 35.7978
18 40 27 32 0.113673 4.06925 35.7978
18 40 28 33 0.124061 4.19731 33.8325
18 40 29 34 0.129558 3.90738 30.1593
18 40 30 35 0.198171 5.00018 25.2317
18 40 31 36 0.244814 4.79921 19.6035
18 40 32 37 0.379319 5.24661 13.8317
18 40 33 38 0.585171 4.91793 8.40426
18 40 34 39 2.35127 8.70858 3.70377
19 31 20 23 1.89135 7.578 4.00667
19 31 21 24 0.603756 5.5322 9.16298
19 31 22 25 0.423756 5.99071 14.1372
19 31 23 26 0.29436 5.0771 17.248
19 31 24 27 0.285827 4.92994 17.248
19 31 25 28 0.365891 5.17266 14.1372
19 31 26 29 0.899666 8.24362 9.16298
19 31 27 30 2.26332 9.06838 4.00667
19 41 20 25 1.97987 7.33299 3.70377
19 41 21 26 0.658878 5.53738 8.40426
19 41 22 27 0.42701 5.90626 13.8317
19 41 23 28 0.225072 4.41221 19.6035
19 41 24 29 0.181387 4.5767 25.2317
19 41 25 30 0.145403 4.38525 30.1593
19 41 26 31 0.114918 3.88796 33.8325
19 41 27 32 0.11565 4.14001 35.7978
19 41 28 33 0.119578 4.28064 35.7978
19 41 29 34 0.116809 3.95194 33.8325
19 41 30 35 0.164363 4.95707 30.1593
19 41 31 36 0.191361 4.82837 25.2317
19 41 32 37 0.272186 5.33582 19.6035
19 41 33 38 0.37339 5.16461 13.8317
19 41 34 39 0.965926 8.11789 8.40426
19 41 35 40 2.93945 10.887 3.70377
20 32 21 24 1.22219 4.89689 4.00667
20 32 22 25 0.667755 6.11863 9.16298
20 32 23 26 0.340913 4.81955 14.1372
20 32 24 27 0.268574 4.63235 17.248
20 32 25 28 0.269296 4.64481 17.248
20 32 26 29 0.427723 6.04679 14.1372
20 32 27 30 0.692496 6.34533 9.16298
20 32 28 31 1.66505 6.67129 4.00667
20 42 21 26 1.3279 4.91823 3.70377
20 42 22 27 0.708189 5.95181 8.40426
20 42 23 28 0.314022 4.34345 13.8317
20 42 24 29 0.228951 4.48824 19.6035
20 42 25 30 0.170536 4.30291 25.2317
20 42 26 31 0.124217 3.74629 30.1593
20 42 27 32 0.119823 4.05391 33.8325
20 42 28 33 0.117013 4.18879 35.7978
20 42 29 34 0.10588 3.79026 35.7978
20 42 30 35 0.136468 4.61706 33.8325
20 42 31 36 0.148695 4.48453 30.1593
20 42 32 37 0.193387 4.87949 25.2317
20 42 33 38 0.239276 4.69065 19.6035
20 42 34 39 0.455372 6.29856 13.8317
20 42 35 40 0.878316 7.3816 8.40426
20 42 36 41 2.26849 8.40198 3.70377
21 33 22 25 3.06122 12.2653 4.00667
21 33 23 26 0.697048 6.38703 9.16298
21 33 24 27 0.387684 5.48076 14.1372
21 33 25 28 0.284668 4.90994 17.248
21 33 26 29 0.30731 5.30048 17.248
21 33 27 30 0.406311 5.74408 14.1372
21 33 28 31 0.662523 6.07068 9.16298
21 33 29 32 1.36424 5.46605 4.00667
21 43 22 27 3.17358 11.7542 3.70377
21 43 23 28 0.710081 5.96771 8.40426
21 43 24 29 0.396622 5.48594 13.8317
21 43 25 30 0.250518 4.91105 19.6035
21 43 26 31 0.156278 3.94316 25.2317
21 43 27 32 0.141343 4.2628 30.1593
21 43 28 33 0.127623 4.3178 33.8325
21 43 29 34 0.104171 3.72909 35.7978
21 43 30 35 0.120813 4.32485 35.7978
21 43 31 36 0.121501 4.11069 33.8325
21 43 32 37 0.142642 4.30199 30.1593
21 43 33 38 0.158908 4.00951 25.2317
21 43 34 39 0.233727 4.58188 19.6035
21 43 35 40 0.329546 4.55817 13.8317
21 43 36 41 0.527071 4.42964 8.40426
21 43 37 42 1.38643 5.13501 3.70377
22 34 23 26 1.64403 6.5871 4.00667
22 34 24 27 0.632413 5.79479 9.16298
22 34 25 28 0.354602 5.01306 14.1372
22 34 26 29 0.275728 4.75574 17.248
22 34 27 30 0.315922 5.449 17.248
22 34 28 31 0.426476 6.02916 14.1372
22 34 29 32 0.637579 5.84212 9.16298
22 34 30 33 2.65609 10.6421 4.00667
22 44 23 28 1.6951 6.27826 3.70377
22 44 24 29 0.681195 5.72494 8.40426
22 44 25 30 0.363228 5.02405 13.8317
22 44 26 31 0.197443 3.87057 19.6035
22 44 27 32 0.170439 4.30047 25.2317
22 44 28 33 0.146284 4.41183 30.1593
22 44 29 34 0.111908 3.78614 33.8325
22 44 30 35 0.122347 4.37975 35.7978
22 44 31 36 0.117883 4.21995 35.7978
22 44 32 37 0.131807 4.45938 33.8325
22 44 33 38 0.140527 4.2382 30.1593
22 44 34 39 0.190615 4.80953 25.2317
22 44 35 40 0.244824 4.79942 19.6035
22 44 36 41 0.350828 4.85253 13.8317
22 44 37 42 0.6759 5.68044 8.40426
22 44 38 43 2.47702 9.1743 3.70377
23 35 24 27 3.02593 12.1239 4.00667
23 35 25 28 0.843094 7.72525 9.16298
23 35 26 29 0.340964 4.82026 14.1372
23 35 27 30 0.302567 5.21866 17.248
23 35 28 31 0.298055 5.14085 17.248
23 35 29 32 0.294213 4.15934 14.1372
23 35 30 33 0.54705 5.0126 9.16298
23 35 31 34 1.17844 4.7216 4.00667
23 45 24 29 3.16235 11.7126 3.70377
23 45 25 30 0.926008 7.78241 8.40426
23 45 26 31 0.34216 4.73264 13.8317
23 45 27 32 0.267554 5.245 19.6035
23 45 28 33 0.207404 5.23316 25.2317
23 45 29 34 0.139894 4.21911 30.1593
23 45 30 35 0.138394 4.68221 33.8325
23 45 31 36 0.123521 4.42177 35.7978
23 45 32 37 0.127403 4.56073 35.7978
23 45 33 38 0.127121 4.30081 33.8325
23 45 34 39 0.155876 4.70112 30.1593
23 45 35 40 0.179228 4.52222 25.2317
23 45 36 41 0.232982 4.56727 19.6035
23 45 37 42 0.367209 5.07912 13.8317
23 45 38 43 0.816075 6.8585 8.40426
23 45 39 44 1.78662 6.61725 3.70377
24 36 25 28 2.12904 8.53036 4.00667
24 36 26 29 0.490444 4.49393 9.16298
24 36 27 30 0.377622 5.3385 14.1372
24 36 28 31 0.316156 5.45305 17.248
24 36 29 32 0.250862 4.32686 17.248
24 36 30 33 0.358277 5.06502 14.1372
24 36 31 34 0.600984 5.5068 9.16298
24 36 32 35 3.48894 13.979 4.00667
24 46 25 30 2.27113 8.41173 3.70377
24 46 26 31 0.526752 4.42696 8.40426
24 46 27 32 0.378918 5.24108 13.8317
24 46 28 33 0.272485 5.34167 19.6035
24 46 29 34 0.166963 4.21275 25.2317
24 46 30 35 0.153327 4.62422 30.1593
24 46 31 36 0.128896 4.36088 33.8325
24 46 32 37 0.124469 4.45572 35.7978
24 46 33 38 0.117391 4.20232 35.7978
24 46 34 39 0.132316 4.47657 33.8325
24 46 35 40 0.137842 4.1572 30.1593
24 46 36 41 0.165479 4.17531 25.2317
24 46 37 42 0.226471 4.43964 19.6035
24 46 38 43 0.395086 5.46471 13.8317
24 46 39 44 0.589453 4.95392 8.40426
24 46 40 45 1.98002 7.33355 3.70377
25 37 26 29 0.889308 3.56316 4.00667
25 37 27 30 0.559647 5.12804 9.16298
25 37 28 31 0.388098 5.48661 14.1372
25 37 29 32 0.237112 4.0897 17.248
25 37 30 33 0.252188 4.34972 17.248
25 37 31 34 0.309062 4.36926 14.1372
25 37 32 35 0.772213 7.07577 9.16298
25 37 33 36 1.59129 6.37575 4.00667
25 47 26 31 0.975766 3.61401 3.70377
25 47 27 32 0.60553 5.08903 8.40426
25 47 28 33 0.393229 5.43902 13.8317
25 47 29 34 0.215164 4.21798 19.6035
25 47 30 35 0.182651 4.60859 25.2317
25 47 31 36 0.14417 4.34806 30.1593
25 47 32 37 0.130436 4.41299 33.8325
25 47 33 38 0.116518 4.17108 35.7978
25 47 34 39 0.122174 4.37354 35.7978
25 47 35 40 0.116718 3.94887 33.8325
25 47 36 41 0.131445 3.96429 30.1593
25 47 37 42 0.162503 4.10022 25.2317
25 47 38 43 0.246798 4.83811 19.6035
25 47 39 44 0.310319 4.29223 13.8317
25 47 40 45 0.599611 5.03929 8.40426
25 47 41 46 2.03315 7.53034 3.70377
26 38 27 30 2.19809 8.80702 4.00667
26 38 28 31 0.907209 8.31274 9.16298
26 38 29 32 0.366993 5.18825 14.1372
26 38 30 33 0.294394 5.07769 17.248
26 38 31 34 0.274374 4.73239 17.248
26 38 32 35 0.461659 6.52655 14.1372
26 38 33 36 0.665635 6.0992 9.16298
26 38 34 37 1.76591 7.07542 4.00667
26 48 27 32 2.32214 8.60066 3.70377
26 48 28 33 0.962793 8.09156 8.40426
26 48 29 34 0.384763 5.32192 13.8317
26 48 30 35 0.278477 5.45914 19.6035
26 48 31 36 0.196306 4.95314 25.2317
26 48 32 37 0.160352 4.83612 30.1593
26 48 33 38 0.133131 4.50415 33.8325
26 48 34 39 0.128668 4.60603 35.7978
26 48 35 40 0.111713 3.99907 35.7978
26 48 36 41 0.118508 4.00942 33.8325
26 48 37 42 0.134485 4.05596 30.1593
26 48 38 43 0.186212 4.69845 25.2317
26 48 39 44 0.213543 4.1862 19.6035
26 48 40 45 0.334639 4.62861 13.8317
26 48 41 46 0.702187 5.90137 8.40426
26 48 42 47 2.36342 8.75358 3.70377
27 39 28 31 2.45596 9.84021 4.00667
27 39 29 32 0.601284 5.50956 9.16298
27 39 30 33 0.373091 5.27445 14.1372
27 39 31 34 0.270595 4.6672 17.248
27 39 32 35 0.329513 5.68342 17.248
27 39 33 36 0.374447 5.29362 14.1372
27 39 34 37 0.633731 5.80687 9.16298
27 39 35 38 1.25389 5.02392 4.00667
27 49 28 33 2.56731 9.50872 3.70377
27 49 29 34 0.656742 5.51943 8.40426
27 49 30 35 0.400745 5.54297 13.8317
27 49 31 36 0.253296 4.9655 19.6035
27 49 32 37 0.189579 4.78339 25.2317
27 49 33 38 0.148437 4.47675 30.1593
27 49 34 39 0.134841 4.562 33.8325
27 49 35 40 0.108315 3.87744 35.7978
27 49 36 41 0.109363 3.91496 35.7978
27 49 37 42 0.115485 3.90716 33.8325
27 49 38 43 0.148233 4.47059 30.1593
27 49 39 44 0.15816 3.99065 25.2317
27 49 40 45 0.215646 4.22742 19.6035
27 49 41 46 0.352889 4.88104 13.8317
27 49 42 47 0.684052 5.74895 8.40426
27 49 43 48 1.93497 7.1667 3.70377
28 40 29 32 1.52113 6.09468 4.00667
28 40 30 33 0.641644 5.87937 9.16298
28 40 31 34 0.352856 4.98839 14.1372
28 40 32 35 0.316667 5.46187 17.248
28 40 33 36 0.295527 5.09724 17.248
28 40 34 37 0.390485 5.52036 14.1372
28 40 35 38 0.501751 4.59753 9.16298
28 40 36 39 2.23043 8.93657 4.00667
28 50 29 34 1.62652 6.02426 3.70377
28 50 30 35 0.711764 5.98185 8.40426
28 50 31 36 0.378126 5.23012 13.8317
28 50 32 37 0.250179 4.90439 19.6035
28 50 33 38 0.182571 4.60657 25.2317
28 50 34 39 0.155917 4.70234 30.1593
28 50 35 40 0.115131 3.89518 33.8325
28 50 36 41 0.111096 3.97699 35.7978
28 50 37 42 0.110316 3.94906 35.7978
28 50 38 43 0.134023 4.53433 33.8325
28 50 39 44 0.136253 4.10929 30.1593
28 50 40 45 0.172419 4.35042 25.2317
28 50 41 46 0.253566 4.97079 19.6035
28 50 42 47 0.407058 5.63029 13.8317
28 50 43 48 0.755766 6.35166 8.40426
28 50 44 49 2.13989 7.92568 3.70377
29 41 30 33 3.08856 12.3748 4.00667
29 41 31 34 0.881782 8.07975 9.16298
29 41 32 35 0.478565 6.76555 14.1372
29 41 33 36 0.342807 5.91273 17.248
29 41 34 37 0.352831 6.08562 17.248
29 41 35 38 0.342378 4.84026 14.1372
29 41 36 39 0.904826 8.2909 9.16298
29 41 37 40 2.82514 11.3194 4.00667
29 51 30 35 3.25227 12.0457 3.70377
29 51 31 36 0.968564 8.14007 8.40426
29 51 32 37 0.463207 6.40693 13.8317
29 51 33 38 0.289988 5.68478 19.6035
29 51 34 39 0.219619 5.54135 25.2317
29 51 35 40 0.140792 4.2462 30.1593
29 51 36 41 0.125715 4.25325 33.8325
29 51 37 42 0.112437 4.02498 35.7978
29 51 38 43 0.125374 4.4881 35.7978
29 51 39 44 0.118729 4.01689 33.8325
29 51 40 45 0.136761 4.12462 30.1593
29 51 41 46 0.180186 4.5464 25.2317
29 51 42 47 0.248703 4.87546 19.6035
29 51 43 48 0.367419 5.08202 13.8317
29 51 44 49 0.669758 5.62882 8.40426
29 51 45 50 1.41456 5.23922 3.70377
30 42 31 34 2.2149 8.87437 4.00667
30 42 32 35 0.724721 6.64061 9.16298
30 42 33 36 0.415828 5.87863 14.1372
30 42 34 37 0.348144 6.00477 17.248
30 42 35 38 0.253696 4.37574 17.248
30 42 36 39 0.442673 6.25814 14.1372
30 42 37 40 0.82558 7.56477 9.16298
30 42 38 41 2.16972 8.69333 4.00667
30 52 31 36 2.36965 8.77666 3.70377
30 52 32 37 0.755319 6.3479 8.40426
30 52 33 38 0.413373 5.71763 13.8317
30 52 34 39 0.289589 5.67697 19.6035
30 52 35 40 0.166315 4.19641 25.2317
30 52 36 41 0.140997 4.25236 30.1593
30 52 37 42 0.117172 3.96423 33.8325
30 52 38 43 0.123268 4.41272 35.7978
30 52 39 44 0.110907 3.97022 35.7978
30 52 40 45 0.119825 4.05399 33.8325
30 52 41 46 0.146959 4.43217 30.1593
30 52 42 47 0.185056 4.66928 25.2317
30 52 43 48 0.241662 4.73743 19.6035
30 52 44 49 0.374186 5.17561 13.8317
30 52 45 50 0.583164 4.90106 8.40426
30 52 46 51 2.46575 9.13258 3.70377
31 43 32 35 1.6921 6.7797 4.00667
31 43 33 36 0.658175 6.03084 9.16298
31 43 34 37 0.438115 6.1937 14.1372
31 43 35 38 0.232105 4.00334 17.248
31 43 36 39 0.271562 4.6839 17.248
31 43 37 40 0.325863 4.60678 14.1372
31 43 38 41 0.49568 4.5419 9.16298
31 43 39 42 1.28656 5.15484 4.00667
31 53 32 37 1.78042 6.59426 3.70377
31 53 33 38 0.706035 5.9337 8.40426
31 53 34 39 0.436529 6.03792 13.8317
31 53 35 40 0.216569 4.24552 19.6035
31 53 36 41 0.171645 4.3309 25.2317
31 53 37 42 0.13027 3.92886 30.1593
31 53 38 43 0.1278 4.32381 33.8325
31 53 39 44 0.108259 3.87541 35.7978
31 53 40 45 0.108755 3.89317 35.7978
31 53 41 46 0.12342 4.1756 33.8325
31 53 42 47 0.141207 4.25869 30.1593
31 53 43 48 0.164217 4.14346 25.2317
31 53 44 49 0.224132 4.39379 19.6035
31 53 45 50 0.289986 4.01099 13.8317
31 53 46 51 0.624711 5.25023 8.40426
31 53 47 52 1.77644 6.57953 3.70377
32 44 33 36 1.43934 5.76695 4.00667
32 44 34 37 0.719887 6.59631 9.16298
32 44 35 38 0.292515 4.13534 14.1372
32 44 36 39 0.279785 4.82572 17.248
32 44 37 40 0.271254 4.67858 17.248
32 44 38 41 0.3471 4.90702 14.1372
32 44 39 42 0.617986 5.66259 9.16298
32 44 40 43 2.35206 9.42392 4.00667
32 54 33 38 1.53334 5.67913 3.70377
32 54 34 39 0.747461 6.28185 8.40426
32 54 35 40 0.304043 4.20542 13.8317
32 54 36 41 0.223241 4.37631 19.6035
32 54 37 42 0.154164 3.88982 25.2317
32 54 38 43 0.141934 4.28064 30.1593
32 54 39 44 0.114103 3.8604 33.8325
32 54 40 45 0.108227 3.87429 35.7978
32 54 41 46 0.115926 4.14989 35.7978
32 54 42 47 0.124063 4.19736 33.8325
32 54 43 48 0.133746 4.03368 30.1593
32 54 44 49 0.170499 4.30197 25.2317
32 54 45 50 0.202448 3.9687 19.6035
32 54 46 51 0.343837 4.75584 13.8317
32 54 47 52 0.640495 5.38289 8.40426
32 54 48 53 2.29132 8.48653 3.70377
33 45 34 37 2.76265 11.069 4.00667
33 45 35 38 0.533592 4.88929 9.16298
33 45 36 39 0.372534 5.26658 14.1372
33 45 37 40 0.260563 4.49418 17.248
33 45 38 41 0.269528 4.6488 17.248
33 45 39 42 0.352728 4.98657 14.1372
33 45 40 43 0.755166 6.91957 9.16298
33 45 41 44 1.69307 6.78358 4.00667
33 55 34 39 2.84368 10.5323 3.70377
33 55 35 40 0.585456 4.92033 8.40426
33 55 36 41 0.361705 5.00299 13.8317
33 55 37 42 0.209822 4.11325 19.6035
33 55 38 43 0.175655 4.43206 25.2317
33 55 39 44 0.131263 3.95881 30.1593
33 55 40 45 0.116136 3.92919 33.8325
33 55 41 46 0.116539 4.17185 35.7978
33 55 42 47 0.115893 4.14871 35.7978
33 55 43 48 0.115351 3.90262 33.8325
33 55 44 49 0.137917 4.15947 30.1593
33 55 45 50 0.1521 3.83773 25.2317
33 55 46 51 0.217944 4.27247 19.6035
33 55 47 52 0.32127 4.4437 13.8317
33 55 48 53 0.659245 5.54047 8.40426
33 55 49 54 1.64456 6.09107 3.70377
34 46 35 38 1.16876 4.68284 4.00667
34 46 36 39 0.619301 5.67465 9.16298
34 46 37 40 0.311958 4.4102 14.1372
34 46 38 41 0.258621 4.46069 17.248
34 46 39 42 0.255306 4.40351 17.248
34 46 40 43 0.383334 5.41926 14.1372
34 46 41 44 0.554048 5.07673 9.16298
34 46 42 45 1.88385 7.54798 4.00667
34 56 35 40 1.27556 4.72438 3.70377
34 56 36 41 0.651548 5.47578 8.40426
34 56 37 42 0.310761 4.29834 13.8317
34 56 38 43 0.23444 4.59586 19.6035
34 56 39 44 0.162113 4.09038 25.2317
34 56 40 45 0.134413 4.0538 30.1593
34 56 41 46 0.127653 4.31884 33.8325
34 56 42 47 0.119441 4.27572 35.7978
34 56 43 48 0.111655 3.997 35.7978
34 56 44 49 0.127994 4.33035 33.8325
34 56 45 50 0.134978 4.07083 30.1593
34 56 46 51 0.178644 4.50749 25.2317
34 56 47 52 0.24096 4.72366 19.6035
34 56 48 53 0.417909 5.78038 13.8317
34 56 49 54 0.761322 6.39835 8.40426
34 56 50 55 2.23082 8.26246 3.70377
35 47 36 39 3.4472 13.8118 4.00667
35 47 37 40 0.723644 6.63074 9.16298
35 47 38 41 0.409876 5.79448 14.1372
35 47 39 42 0.284966 4.91508 17.248
35 47 40 43 0.302398 5.21575 17.248
35 47 41 44 0.331077 4.68049 14.1372
35 47 42 45 0.568728 5.21124 9.16298
35 47 43 46 1.91117 7.65742 4.00667
35 57 36 41 3.55939 13.1832 3.70377
35 57 37 42 0.779852 6.55408 8.40426
35 57 38 43 0.443704 6.13717 13.8317
35 57 39 44 0.260076 5.09841 19.6035
35 57 40 45 0.189156 4.77273 25.2317
35 57 41 46 0.162224 4.89255 30.1593
35 57 42 47 0.136324 4.61219 33.8325
35 57 43 48 0.114085 4.08399 35.7978
35 57 44 49 0.122077 4.37008 35.7978
35 57 45 50 0.119833 4.05426 33.8325
35 57 46 51 0.141718 4.27412 30.1593
35 57 47 52 0.171645 4.33088 25.2317
35 57 48 53 0.253713 4.97368 19.6035
35 57 49 54 0.374902 5.18552 13.8317
35 57 50 55 0.686114 5.76628 8.40426
35 57 51 56 1.36343 5.04984 3.70377
36 48 37 40 1.55751 6.24043 4.00667
36 48 38 41 0.628359 5.75764 9.16298
36 48 39 42 0.345019 4.87759 14.1372
36 48 40 43 0.29397 5.07038 17.248
36 48 41 44 0.272376 4.69794 17.248
36 48 42 45 0.339418 4.79841 14.1372
36 48 43 46 0.635253 5.82081 9.16298
36 48 44 47 2.28033 9.13653 4.00667
36 58 37 42 1.65988 6.14783 3.70377
36 58 38 43 0.702528 5.90423 8.40426
36 58 39 44 0.357825 4.94932 13.8317
36 58 40 45 0.238265 4.67085 19.6035
36 58 41 46 0.191567 4.83356 25.2317
36 58 42 47 0.149831 4.51879 30.1593
36 58 43 48 0.11604 3.92593 33.8325
36 58 44 49 0.11827 4.2338 35.7978
36 58 45 50 0.110163 3.94358 35.7978
36 58 46 51 0.12005 4.06158 33.8325
36 58 47 52 0.133932 4.03929 30.1593
36 58 48 53 0.177809 4.48641 25.2317
36 58 49 54 0.23315 4.57057 19.6035
36 58 50 55 0.354564 4.90422 13.8317
36 58 51 56 0.514947 4.32775 8.40426
36 58 52 57 1.90481 7.05499 3.70377
37 49 38 41 1.70374 6.82633 4.00667
37 49 39 42 0.588853 5.39565 9.16298
37 49 40 43 0.377901 5.34245 14.1372
37 49 41 44 0.291983 5.0361 17.248
37 49 42 45 0.270241 4.66111 17.248
37 49 43 46 0.331567 4.68742 14.1372
37 49 44 47 0.653225 5.98549 9.16298
37 49 45 48 1.85928 7.44952 4.00667
37 59 38 43 1.85036 6.8533 3.70377
37 59 39 44 0.648497 5.45013 8.40426
37 59 40 45 0.366437 5.06844 13.8317
37 59 41 46 0.267915 5.25208 19.6035
37 59 42 47 0.190372 4.80339 25.2317
37 59 43 48 0.133 4.0112 30.1593
37 59 44 49 0.128236 4.33854 33.8325
37 59 45 50 0.112572 4.02982 35.7978
37 59 46 51 0.113087 4.04827 35.7978
37 59 47 52 0.117414 3.97242 33.8325
37 59 48 53 0.142858 4.30851 30.1593
37 59 49 54 0.171431 4.3255 25.2317
37 59 50 55 0.233322 4.57393 19.6035
37 59 51 56 0.290649 4.02016 13.8317
37 59 52 57 0.628232 5.27983 8.40426
37 59 53 58 2.20241 8.15723 3.70377
38 50 39 42 1.29196 5.17646 4.00667
38 50 40 43 0.56225 5.15188 9.16298
38 50 41 44 0.369153 5.21878 14.1372
38 50 42 45 0.277255 4.78207 17.248
38 50 43 46 0.262436 4.52649 17.248
38 50 44 47 0.405903 5.73832 14.1372
38 50 45 48 0.719451 6.59231 9.16298
38 50 46 49 2.01582 8.07674 4.00667
38 60 39 44 1.3984 5.17937 3.70377
38 60 40 45 0.578996 4.86603 8.40426
38 60 41 46 0.375742 5.19714 13.8317
38 60 42 47 0.241429 4.73285 19.6035
38 60 43 48 0.153279 3.86749 25.2317
38 60 44 49 0.141124 4.25621 30.1593
38 60 45 50 0.118214 3.99948 33.8325
38 60 46 51 0.111512 3.99187 35.7978
38 60 47 52 0.109538 3.92122 35.7978
38 60 48 53 0.125242 4.23725 33.8325
38 60 49 54 0.141451 4.26607 30.1593
38 60 50 55 0.180054 4.54307 25.2317
38 60 51 56 0.206866 4.05531 19.6035
38 60 52 57 0.361115 4.99483 13.8317
38 60 53 58 0.805441 6.76914 8.40426
38 60 54 59 2.62904 9.73737 3.70377
39 51 40 43 2.25958 9.05337 4.00667
39 51 41 44 0.901797 8.26314 9.16298
39 51 42 45 0.434901 6.14826 14.1372
39 51 43 46 0.257845 4.4473 17.248
39 51 44 47 0.302198 5.2123 17.248
39 51 45 48 0.380149 5.37424 14.1372
39 51 46 49 0.617406 5.65728 9.16298
39 51 47 50 1.29202 5.1767 4.00667
39 61 40 45 2.33823 8.66026 3.70377
39 61 41 46 0.961857 8.0837 8.40426
39 61 42 47 0.452012 6.25209 13.8317
39 61 43 48 0.222255 4.35699 19.6035
39 61 44 49 0.186595 4.7081 25.2317
39 61 45 50 0.143275 4.32107 30.1593
39 61 46 51 0.122251 4.13606 33.8325
39 61 47 52 0.110523 3.95648 35.7978
39 61 48 53 0.116132 4.15725 35.7978
39 61 49 54 0.121335 4.10507 33.8325
39 61 50 55 0.142761 4.30556 30.1593
39 61 51 56 0.150163 3.78888 25.2317
39 61 52 57 0.217195 4.2578 19.6035
39 61 53 58 0.348637 4.82224 13.8317
39 61 54 59 0.636242 5.34714 8.40426
39 61 55 60 1.49714 5.54508 3.70377
40 52 41 44 2.84197 11.3868 4.00667
40 52 42 45 0.832382 7.6271 9.16298
40 52 43 46 0.323903 4.57907 14.1372
40 52 44 47 0.305419 5.26785 17.248
40 52 45 48 0.299561 5.16681 17.248
40 52 46 49 0.365561 5.168 14.1372
40 52 47 50 0.520241 4.76695 9.16298
40 52 48 51 2.35078 9.41881 4.00667
40 62 41 46 2.96339 10.9757 3.70377
40 62 42 47 0.894394 7.51672 8.40426
40 62 43 48 0.331651 4.58729 13.8317
40 62 44 49 0.254934 4.99762 19.6035
40 62 45 50 0.180924 4.56501 25.2317
40 62 46 51 0.142051 4.28416 30.1593
40 62 47 52 0.120244 4.06815 33.8325
40 62 48 53 0.118852 4.25462 35.7978
40 62 49 54 0.117582 4.20919 35.7978
40 62 50 55 0.131808 4.45939 33.8325
40 62 51 56 0.131746 3.97336 30.1593
40 62 52 57 0.175639 4.43168 25.2317
40 62 53 58 0.251916 4.93844 19.6035
40 62 54 59 0.395772 5.47419 13.8317
40 62 55 60 0.689836 5.79756 8.40426
40 62 56 61 2.01265 7.45438 3.70377
41 53 42 45 2.16336 8.66785 4.00667
41 53 43 46 0.477693 4.37709 9.16298
41 53 44 47 0.360644 5.09848 14.1372
41 53 45 48 0.277933 4.79378 17.248
41 53 46 49 0.257715 4.44506 17.248
41 53 47 50 0.272955 3.85881 14.1372
41 53 48 51 0.577198 5.28885 9.16298
41 53 49 52 1.68369 6.74598 4.00667
41 63 42 47 2.27935 8.4422 3.70377
41 63 43 48 0.526487 4.42474 8.40426
41 63 44 49 0.359854 4.97739 13.8317
41 63 45 50 0.233288 4.57327 19.6035
41 63 46 51 0.167812 4.23417 25.2317
41 63 47 52 0.132631 4.00006 30.1593
41 63 48 53 0.123139 4.16611 33.8325
41 63 49 54 0.11509 4.11996 35.7978
41 63 50 55 0.122647 4.39048 35.7978
41 63 51 56 0.116171 3.93038 33.8325
41 63 52 57 0.142874 4.30899 30.1593
41 63 53 58 0.1853 4.67544 25.2317
41 63 54 59 0.260368 5.10414 19.6035
41 63 55 60 0.384413 5.31707 13.8317
41 63 56 61 0.744497 6.25695 8.40426
41 63 57 62 1.86536 6.90887 3.70377
42 54 43 46 1.27702 5.1166 4.00667
42 54 44 47 0.646714 5.92583 9.16298
42 54 45 48 0.373013 5.27335 14.1372
42 54 46 49 0.266679 4.59967 17.248
42 54 47 50 0.226833 3.9124 17.248
42 54 48 51 0.336401 4.75576 14.1372
42 54 49 52 0.597282 5.47288 9.16298
42 54 50 53 2.22673 8.92177 4.00667
42 64 43 48 1.38132 5.11608 3.70377
42 64 44 49 0.686007 5.76538 8.40426
42 64 45 50 0.368256 5.0936 13.8317
42 64 46 51 0.229526 4.49952 19.6035
42 64 47 52 0.164138 4.14147 25.2317
42 64 48 53 0.14026 4.23014 30.1593
42 64 49 54 0.122 4.12756 33.8325
42 64 50 55 0.122449 4.38341 35.7978
42 64 51 56 0.108955 3.90036 35.7978
42 64 52 57 0.123184 4.16764 33.8325
42 64 53 58 0.144576 4.36032 30.1593
42 64 54 59 0.184407 4.65291 25.2317
42 64 55 60 0.24182 4.74054 19.6035
42 64 56 61 0.385437 5.33125 13.8317
42 64 57 62 0.625903 5.26025 8.40426
42 64 58 63 1.99633 7.39395 3.70377
43 55 44 47 2.3646 9.47415 4.00667
43 55 45 48 0.760301 6.96662 9.16298
43 55 46 49 0.37739 5.33522 14.1372
43 55 47 50 0.24618 4.2461 17.248
43 55 48 51 0.260824 4.49867 17.248
43 55 49 52 0.322395 4.55775 14.1372
43 55 50 53 0.644628 5.90672 9.16298
43 55 51 54 1.55658 6.23668 4.00667
44 56 45 48 1.72229 6.90063 4.00667
44 56 46 49 0.562089 5.15041 9.16298
44 56 47 50 0.296563 4.19256 14.1372
44 56 48 51 0.25973 4.47982 17.248
44 56 49 52 0.268133 4.62475 17.248
44 56 50 53 0.428211 6.05369 14.1372
44 56 51 54 0.711258 6.51724 9.16298
44 56 52 55 2.11118 8.4588 4.00667
45 57 46 49 1.90189 7.62023 4.00667
45 57 47 50 0.541158 4.95862 9.16298
45 57 48 51 0.332191 4.69624 14.1372
45 57 49 52 0.254778 4.3944 17.248
45 57 50 53 0.308115 5.31436 17.248
45 57 51 54 0.370083 5.23192 14.1372
45 57 52 55 0.632921 5.79944 9.16298
45 57 53 56 1.23449 4.94619 4.00667
46 58 47 50 1.89621 7.59747 4.00667
46 58 48 51 0.643402 5.89548 9.16298
46 58 49 52 0.335349 4.74089 14.1372
46 58 50 53 0.307128 5.29733 17.248
46 58 51 54 0.278089 4.79646 17.248
46 58 52 55 0.351476 4.96887 14.1372
46 58 53 56 0.454637 4.16583 9.16298
46 58 54 57 1.79535 7.19338 4.00667
47 59 48 51 2.23961 8.97338 4.00667
47 59 49 52 0.619545 5.67688 9.16298
47 59 50 53 0.414618 5.86153 14.1372
47 59 51 54 0.284798 4.91219 17.248
47 59 52 55 0.279312 4.81756 17.248
47 59 53 56 0.274342 3.87842 14.1372
47 59 54 57 0.578205 5.29808 9.16298
47 59 55 58 2.11125 8.45907 4.00667
48 60 49 52 1.81821 7.28495 4.00667
48 60 50 53 0.734898 6.73386 9.16298
48 60 51 54 0.373113 5.27476 14.1372
48 60 52 55 0.2913 5.02433 17.248
48 60 53 56 0.229936 3.96592 17.248
48 60 54 57 0.349521 4.94124 14.1372
48 60 55 58 0.760667 6.96997 9.16298
48 60 56 59 2.5639 10.2727 4.00667
49 61 50 53 2.05539 8.23526 4.00667
49 61 51 54 0.624207 5.71959 9.16298
49 61 52 55 0.370177 5.23325 14.1372
49 61 53 56 0.226246 3.90228 17.248
49 61 54 57 0.247202 4.26373 17.248
49 61 55 58 0.345072 4.87834 14.1372
49 61 56 59 0.619479 5.67627 9.16298
49 61 57 60 1.4106 5.65182 4.00667
50 62 51 54 1.34651 5.39501 4.00667
50 62 52 55 0.561124 5.14157 9.16298
50 62 53 56 0.271568 3.8392 14.1372
50 62 54 57 0.243147 4.19379 17.248
50 62 55 58 0.275056 4.74415 17.248
50 62 56 59 0.404979 5.72525 14.1372
50 62 57 60 0.642247 5.88489 9.16298
50 62 58 61 1.87503 7.51263 4.00667
51 63 52 55 2.37477 9.5149 4.00667
51 63 53 56 0.55742 5.10762 9.16298
51 63 54 57 0.3378 4.77553 14.1372
51 63 55 58 0.272293 4.6965 17.248
51 63 56 59 0.319777 5.5155 17.248
51 63 57 60 0.382408 5.40617 14.1372
51 63 58 61 0.674403 6.17954 9.16298
51 63 59 62 1.73269 6.94233 4.00667
52 64 53 56 1.64982 6.6103 4.00667
52 64 54 57 0.593529 5.4385 9.16298
52 64 55 58 0.328461 4.64351 14.1372
52 64 56 59 0.308706 5.32454 17.248
52 64 57 60 0.283836 4.8956 17.248
52 64 58 61 0.364405 5.15165 14.1372
52 64 59 62 0.561117 5.14151 9.16298
52 64 60 63 1.8915 7.57862 4.00667
