64
# x y z
0.0 0.0 0.0
0.5 0.0 0.0
1.0 0.0 0.0
1.5 0.0 0.0
2.0 0.0 0.0
2.5 0.0 0.0
3.0 0.0 0.0
3.5 0.0 0.0
4.0 0.0 0.0
4.5 0.0 0.0
5.0 0.0 0.0
5.5 0.0 0.0
6.0 0.0 0.0
6.5 0.0 0.0
7.0 0.0 0.0
7.5 0.0 0.0
8.0 0.0 0.0
8.5 0.0 0.0
9.0 0.0 0.0
9.5 0.0 0.0
10.0 0.0 0.0
10.5 0.0 0.0
11.0 0.0 0.0
11.5 0.0 0.0
12.0 0.0 0.0
12.5 0.0 0.0
13.0 0.0 0.0
13.5 0.0 0.0
14.0 0.0 0.0
14.5 0.0 0.0
15.0 0.0 0.0
15.5 0.0 0.0
16.0 0.0 0.0
16.5 0.0 0.0
17.0 0.0 0.0
17.5 0.0 0.0
18.0 0.0 0.0
18.5 0.0 0.0
19.0 0.0 0.0
19.5 0.0 0.0
20.0 0.0 0.0
20.5 0.0 0.0
21.0 0.0 0.0
21.5 0.0 0.0
22.0 0.0 0.0
22.5 0.0 0.0
23.0 0.0 0.0
23.5 0.0 0.0
24.0 0.0 0.0
24.5 0.0 0.0
25.0 0.0 0.0
25.5 0.0 0.0
26.0 0.0 0.0
26.5 0.0 0.0
27.0 0.0 0.0
27.5 0.0 0.0
28.0 0.0 0.0
28.5 0.0 0.0
29.0 0.0 0.0
29.5 0.0 0.0
30.0 0.0 0.0
30.5 0.0 0.0
31.0 0.0 0.0
31.5 0.0 0.0
1400
# a b m n r rhoa
1 13 2 5 2.05009186 8.214039280250738
1 13 3 6 0.718661318 6.585078258056544
1 13 4 7 0.431041755 6.093709249043045
1 13 5 8 0.30416472 5.24622082261363
1 13 6 9 0.264607897 4.563946334964169
1 13 7 10 0.368922668 5.215521345891969
1 13 8 11 0.712501885 6.528639505455899
1 13 9 12 2.07104663 8.297998105339005
1 23 2 7 2.1821858 8.08231951938287
1 23 3 8 0.777247263 6.532188550412111
1 23 4 9 0.424113022 5.866193118108486
1 23 5 10 0.26504387 5.195797619195089
1 23 6 11 0.188780046 4.763239415520487
1 23 7 12 0.141702903 4.273658870948609
1 23 8 13 0.127384063 4.309725931594665
1 23 9 14 0.123836753 4.433079023461371
1 23 10 15 0.114577768 4.101628051212095
1 23 11 16 0.126285756 4.272567420182198
1 23 12 17 0.146929317 4.4312838036879905
1 23 13 18 0.185164244 4.67200662386666
1 23 14 19 0.276011548 5.410802913377136
1 23 15 20 0.401943166 5.559546894223721
1 23 16 21 0.789270845 6.6332378669091465
1 23 17 22 2.22837772 8.253403877393891
1 57 4 16 0.491935976 5.677902220505135
1 57 5 17 0.311933425 5.070479933555552
1 57 6 18 0.219714154 4.688906994874101
1 57 7 19 0.161693033 4.325871176704
1 57 8 20 0.130923395 4.2471000738444795
1 57 9 21 0.114294819 4.381843896168101
1 57 10 22 0.095419685 4.234820242064917
1 57 11 23 0.082472378 4.164297261087575
1 57 12 24 0.073702624 4.171082496372537
1 57 13 25 0.065450165 4.096836829481007
1 57 14 26 0.060381692 4.130502500118596
1 57 15 27 0.057231643 4.231464914832493
1 57 16 28 0.052870754 4.1815056836179325
1 57 17 29 0.049894657 4.1799650102555335
1 57 18 30 0.047740383 4.196819840331312
1 57 19 31 0.045192812 4.1310965173480385
1 57 20 32 0.044409989 4.1838917993737335
1 57 21 33 0.043665703 4.202957160264526
1 57 22 34 0.043197372 4.211562545044903
1 57 23 35 0.043094734 4.2195334419841295
1 57 24 36 0.043227292 4.214479619522206
1 57 25 37 0.044117597 4.246453336725502
1 57 26 38 0.04422451 4.166417711121741
1 57 27 39 0.045268664 4.138030184875386
1 57 28 40 0.047417631 4.168446963701759
1 57 29 41 0.049653893 4.159794812558229
1 57 30 42 0.053661527 4.2440472882629425
1 57 31 43 0.057085162 4.220634731044312
1 57 32 44 0.060358399 4.128909106632114
1 57 33 45 0.066161232 4.141345891816122
1 57 34 46 0.073745375 4.173501921056825
1 57 35 47 0.08191187 4.135995398260027
1 57 36 48 0.095257058 4.227602694537839
1 57 37 49 0.110728458 4.245116463410349
1 57 38 50 0.129795798 4.210521299653917
1 57 39 51 0.164326431 4.396324060749968
1 57 40 52 0.214406436 4.575635293420497
1 57 41 53 0.304494681 4.949563099513619
1 57 42 54 0.471834387 5.445890612517387
2 14 3 6 1.76485761 7.071200083975474
2 14 4 7 0.714473801 6.546708129511597
2 14 5 8 0.391671936 5.537131545397024
2 14 6 9 0.270958541 4.673481986534168
2 14 7 10 0.27332424 4.71428546746988
2 14 8 11 0.384215465 5.43171817007815
2 14 9 12 0.688465729 6.308396723051329
2 14 10 13 1.82856266 7.326445126044144
2 24 3 8 1.88239189 6.971951112354874
2 24 4 9 0.747126138 6.2790427662879
2 24 5 10 0.393044858 5.436468397585601
2 24 6 11 0.249650363 4.894030417328986
2 24 7 12 0.170709307 4.307284148551311
2 24 8 13 0.142203089 4.288744125313683
2 24 9 14 0.130994694 4.4318827358576875
2 24 10 15 0.1139364 4.078668510056172
2 24 11 16 0.116443835 4.168429079773248
2 24 12 17 0.126453652 4.27824776769169
2 24 13 18 0.146467216 4.4173471658625525
2 24 14 19 0.198558294 5.009961128303279
2 24 15 20 0.262328725 5.1425711705819985
2 24 16 21 0.422231234 5.840164839695145
2 24 17 22 0.845061515 7.102117196747096
2 24 18 23 2.46593482 9.133261305802595
2 58 5 17 0.455551867 5.257958521810894
2 58 6 18 0.293625618 4.772886406921117
2 58 7 19 0.202747199 4.326816194018303
2 58 8 20 0.157960351 4.226008485182827
2 58 9 21 0.134682921 4.369057521955417
2 58 10 22 0.109676551 4.204788368859655
2 58 11 23 0.092966605 4.1259501190981025
2 58 12 24 0.081836088 4.13216891983546
2 58 13 25 0.071601854 4.052192767617364
2 58 14 26 0.065303592 4.0876621289343
2 58 15 27 0.061324346 4.194986196662688
2 58 16 28 0.056055739 4.144523561092025
2 58 17 29 0.052411573 4.145189425270088
2 58 18 30 0.049663171 4.16057208446863
2 58 19 31 0.046573878 4.094273295452405
2 58 20 32 0.045377224 4.147953706295635
2 58 21 33 0.044292023 4.17277815149589
2 58 22 34 0.04345964 4.1831229677103465
2 58 23 35 0.042977881 4.1901630933705185
2 58 24 36 0.042798249 4.190503714766259
2 58 25 37 0.043314997 4.223030489075409
2 58 26 38 0.043094897 4.148015340941888
2 58 27 39 0.043791791 4.125650993626422
2 58 28 40 0.045435099 4.153244087671804
2 58 29 41 0.047152253 4.145117790670461
2 58 30 42 0.05040385 4.222623063270449
2 58 31 43 0.053072778 4.197483600335882
2 58 32 44 0.055607294 4.1113674400327005
2 58 33 45 0.060201904 4.118203825489014
2 58 34 46 0.066118064 4.138643801573034
2 58 35 47 0.072351091 4.0945946410748775
2 58 36 48 0.082576814 4.169570572701786
2 58 37 49 0.093877875 4.166393185347865
2 58 38 50 0.1075805 4.124429798272066
2 58 39 51 0.131249802 4.257688580152335
2 58 40 52 0.163380944 4.371028877121071
2 58 41 53 0.216409147 4.618375032511731
2 58 42 54 0.302524514 4.91753802160075
2 58 43 55 0.44339876 5.117687924440848
3 15 4 7 2.04498792 8.193589482628477
3 15 5 8 0.699570232 6.410147046103813
3 15 6 9 0.36686045 5.186367425756917
3 15 7 10 0.275087015 4.7446897395714664
3 15 8 11 0.303010762 5.226317401572486
3 15 9 12 0.429854583 6.076926000291181
3 15 10 13 0.766434714 7.022824861962566
3 15 11 14 1.95688597 7.840594140279921
3 25 4 9 2.12803406 7.881753799813734
3 25 5 10 0.736630745 6.190836748395914
3 25 6 11 0.381410482 5.275545499951285
3 25 7 12 0.227245393 4.454813732996173
3 25 8 13 0.171343232 4.323279147018913
3 25 9 14 0.148031671 4.464530017077322
3 25 10 15 0.120437983 4.074722428064313
3 25 11 16 0.113876162 4.076512124268059
3 25 12 17 0.115466707 4.133450080929207
3 25 13 18 0.123293829 4.171342941439216
3 25 14 19 0.152949476 4.612847521651278
3 25 15 20 0.186182012 4.697686629546156
3 25 16 21 0.258587145 5.069222964279292
3 25 17 22 0.422762923 5.8475189886860575
3 25 18 23 0.840577139 7.064429332205921
3 25 19 24 2.28834871 8.475522774452848
3 59 6 18 0.440810577 5.087815236286865
3 59 7 19 0.272594179 4.431020223701741
3 59 8 20 0.199296215 4.253168944980361
3 59 9 21 0.164201272 4.392975606579991
3 59 10 22 0.129364939 4.196544414233886
3 59 11 23 0.106856275 4.09666440239964
3 59 12 24 0.092366299 4.099307943531992
3 59 13 25 0.079405452 4.009438242207845
3 59 14 26 0.071380143 4.039645387060692
3 59 15 27 0.066342737 4.15270715223059
3 59 16 28 0.059932035 4.099743021522073
3 59 17 29 0.055500307 4.10345727507652
3 59 18 30 0.052083273 4.119224440622209
3 59 19 31 0.048329365 4.048831414310923
3 59 20 32 0.046746963 4.1094890628261975
3 59 21 33 0.04523043 4.13453519668469
3 59 22 34 0.044014597 4.146641681020001
3 59 23 35 0.043177291 4.155946014868353
3 59 24 36 0.042665066 4.159664943216193
3 59 25 37 0.042839461 4.194538904128632
3 59 26 38 0.042349842 4.128931925668292
3 59 27 39 0.042711092 4.111072938505465
3 59 28 40 0.043937158 4.139346106210205
3 59 29 41 0.045221836 4.133749615042413
3 59 30 42 0.047859901 4.207326574508051
3 59 31 43 0.04995939 4.185388069382062
3 59 32 44 0.051902858 4.1049555624460075
3 59 33 45 0.055634309 4.113364814538866
3 59 34 46 0.060380908 4.130448869392905
3 59 35 47 0.065208641 4.0817186946618875
3 59 36 48 0.073316295 4.149218822567096
3 59 37 49 0.081984939 4.139684888534825
3 59 38 50 0.092360008 4.099028742713598
3 59 39 51 0.109743706 4.207362962611338
3 59 40 52 0.132102389 4.2853461451785
3 59 41 53 0.16718054 4.472681759218469
3 59 42 54 0.219134841 4.676543909799839
3 59 43 55 0.294632291 4.789249883346102
3 59 44 56 0.443775952 5.122041457011837
4 16 5 8 2.06952904 8.291917624695898
4 16 6 9 0.686984013 6.294819791092102
4 16 7 10 0.355876435 5.031084572017775
4 16 8 11 0.286605183 4.943354636670518
4 16 9 12 0.316611567 5.460903537648056
4 16 10 13 0.417073922 5.896243662115883
4 16 11 14 0.674584944 6.181207387520323
4 16 12 15 1.63727161 6.560005226780113
4 26 5 10 2.1656815 8.021191348700174
4 26 6 11 0.749388262 6.298054245897848
4 26 7 12 0.3597711 4.9762366195733545
4 26 8 13 0.234811469 4.60313559257153
4 26 9 14 0.186666687 4.709915798426204
4 26 10 15 0.140199794 4.22832617150594
4 26 11 16 0.122224306 4.135158265750728
4 26 12 17 0.115491165 4.134325622673716
4 26 13 18 0.114041401 4.082427311213874
4 26 14 19 0.130617769 4.419130407124333
4 26 15 20 0.148416957 4.476149969081779
4 26 16 21 0.183919934 4.640610580891195
4 26 17 22 0.260787569 5.112359060127951
4 26 18 23 0.417112366 5.769362325562237
4 26 19 24 0.756200032 6.3553021361384605
4 26 20 25 1.94696659 7.211121103410764
4 60 7 19 0.422264215 4.873753986206443
4 60 8 20 0.276697071 4.49771276091716
4 60 9 21 0.215525077 4.599508146007194
4 60 10 22 0.161646364 4.324622612815995
4 60 11 23 0.128696043 4.174845708276908
4 60 12 24 0.10838839 4.155402749594342
4 60 13 25 0.090992627 4.038343017986935
4 60 14 26 0.080428933 4.061117110071642
4 60 15 27 0.073753744 4.173975551268582
4 60 16 28 0.065599204 4.106165888685502
4 60 17 29 0.060022057 4.105901114873708
4 60 18 30 0.05568631 4.117209547897931
4 60 19 31 0.051062887 4.038522927296256
4 60 20 32 0.048921912 4.0984725157004345
4 60 21 33 0.046916281 4.124373676167595
4 60 22 34 0.045216226 4.133236802264524
4 60 23 35 0.043922098 4.13792729454379
4 60 24 36 0.043036526 4.14239695407195
4 60 25 37 0.042809176 4.173715063634779
4 60 26 38 0.042019905 4.114293741237529
4 60 27 39 0.042053618 4.100051328410121
4 60 28 40 0.0428239 4.121931052740684
4 60 29 41 0.043690831 4.116139491246524
4 60 30 42 0.045739095 4.181032507141868
4 60 31 43 0.047254131 4.154073806203333
4 60 32 44 0.048659475 4.076486645000964
4 60 33 45 0.051565774 4.078295858257626
4 60 34 46 0.055299569 4.088615558858909
4 60 35 47 0.058957494 4.033078045705093
4 60 36 48 0.065246965 4.084117575927551
4 60 37 49 0.071766493 4.061510249327653
4 60 38 50 0.079530773 4.015766105059778
4 60 39 51 0.092195236 4.091715997959458
4 60 40 52 0.107792478 4.132556627760479
4 60 41 53 0.131258438 4.257968728373649
4 60 42 54 0.163550248 4.375558369085643
4 60 43 55 0.206722589 4.411654761033665
4 60 44 56 0.281062103 4.5686663856059155
4 60 45 57 0.452604711 5.223942583938981
5 17 6 9 2.14685212 8.601725603929557
5 17 7 10 0.656217769 6.0129093565493275
5 17 8 11 0.36879485 5.213714361487885
5 17 9 12 0.317289663 5.4725993101062524
5 17 10 13 0.318104379 5.486651498814123
5 17 11 14 0.39483438 5.581839544167075
5 17 12 15 0.642754912 5.889549486327366
5 17 13 16 2.20556037 8.836950122881007
5 27 6 11 2.27658253 8.431943521814246
5 27 7 12 0.707114142 5.942771524699321
5 27 8 13 0.368030931 5.090483910402683
5 27 9 14 0.261923254 5.134622504361374
5 27 10 15 0.178402824 4.501404577033338
5 27 11 16 0.142470824 4.296818822681128
5 27 12 17 0.125606917 4.249600575093596
5 27 13 18 0.1150775 4.119517340077351
5 27 14 19 0.122709612 4.392729894446472
5 27 15 20 0.13186557 4.461346679713863
5 27 16 21 0.150392089 4.5357185468200525
5 27 17 22 0.194409376 4.905276919521158
5 27 18 23 0.276411699 5.418647288774759
5 27 19 24 0.422088793 5.8381946421992135
5 27 20 25 0.777303958 6.532665029966939
5 27 21 26 2.13630288 7.91237962704085
5 61 8 20 0.426929906 4.927605175347957
5 61 9 21 0.304962223 4.957162997886467
5 61 10 22 0.212709887 4.539429339782905
5 61 11 23 0.161481775 4.320219264088518
5 61 12 24 0.131574034 4.268206530371566
5 61 13 25 0.107178265 4.1090088807274565
5 61 14 26 0.092723241 4.1151493834491655
5 61 15 27 0.083746129 4.228613071171377
5 61 16 28 0.073143913 4.139463138116978
5 61 17 29 0.065972467 4.129530193504025
5 61 18 30 0.060401159 4.131834170191204
5 61 19 31 0.054682183 4.042968656883567
5 61 20 32 0.051881557 4.103270883378129
5 61 21 33 0.049239162 4.125050389549805
5 61 22 34 0.046995451 4.13133344912876
5 61 23 35 0.045200923 4.1318379477297595
5 61 24 36 0.043935587 4.139198101354432
5 61 25 37 0.043313134 4.169021318145202
5 61 26 38 0.042186401 4.112997113848612
5 61 27 39 0.041903451 4.1028913841084
5 61 28 40 0.042292808 4.123371349941738
5 61 29 41 0.042755603 4.115357258081416
5 61 30 42 0.044324298 4.175818798676072
5 61 31 43 0.045400032 4.150038596462851
5 61 32 44 0.046360881 4.075548895283034
5 61 33 45 0.048639074 4.074777534821607
5 61 34 46 0.05157596 4.079101460857758
5 61 35 47 0.054400113 4.0221135975848705
5 61 36 48 0.05942813 4.065272625059474
5 61 37 49 0.064413891 4.03197151571696
5 61 38 50 0.070455608 3.987322802782231
5 61 39 51 0.080152454 4.0471567906244665
5 61 40 52 0.091602458 4.065407922498395
5 61 41 53 0.108293885 4.151779609359024
5 61 42 54 0.129774082 4.209816841713428
5 61 43 55 0.156879426 4.197089847101006
5 61 44 56 0.199111636 4.249229855265609
5 61 45 57 0.281361732 4.573536857027857
5 61 46 58 0.433500513 5.003442816617288
6 18 7 10 1.89519693 7.593426582763275
6 18 8 11 0.631267895 5.7842941956890215
6 18 9 12 0.412573599 5.832621844575768
6 18 10 13 0.311470848 5.372236623677871
6 18 11 14 0.299815254 5.171201408473653
6 18 12 15 0.371532862 5.252422094218768
6 18 13 16 0.77602298 7.1106819378725055
6 18 14 17 2.23061861 8.937350193565619
6 28 7 12 2.00932423 7.442079608848133
6 28 8 13 0.67836462 5.701153049629539
6 28 9 14 0.409794399 5.668142590663493
6 28 10 15 0.246792307 4.838002407474142
6 28 11 16 0.177693491 4.483506907359451
6 28 12 17 0.145009825 4.373393288816077
6 28 13 18 0.122616926 4.148441596140831
6 28 14 19 0.121297431 4.34217697040113
6 28 15 20 0.123105074 4.4068865503204835
6 28 16 21 0.129569321 4.383658752137723
6 28 17 22 0.153765432 4.637456174853702
6 28 18 23 0.198618512 5.011480530153217
6 28 19 24 0.269532522 5.283791079956869
6 28 20 25 0.423140935 5.85274752749042
6 28 21 26 0.803067496 6.749188517347438
6 28 22 27 2.42289201 8.973840534467683
6 62 9 21 0.470302416 5.428208674283519
6 62 10 22 0.296219687 4.815053016064587
6 62 11 23 0.210277497 4.487519846117505
6 62 12 24 0.164460877 4.399920975628936
6 62 13 25 0.129185868 4.1907354260288106
6 62 14 26 0.108905284 4.1752194730353756
6 62 15 27 0.096666372 4.29014944738685
6 62 16 28 0.082862933 4.184017646945784
6 62 17 29 0.07360723 4.165683825035422
6 62 18 30 0.066475224 4.161000143104295
6 62 19 31 0.059335107 4.0589092436877126
6 62 20 32 0.055770857 4.123460594441438
6 62 21 33 0.052427865 4.146477946530773
6 62 22 34 0.04953466 4.149805972108484
6 62 23 35 0.047203415 4.149615402192995
6 62 24 36 0.045456784 4.155226323872966
6 62 25 37 0.044406916 4.183602290193727
6 62 26 38 0.042955401 4.134588425267857
6 62 27 39 0.042365576 4.130465924659799
6 62 28 40 0.042420313 4.153498878144465
6 62 29 41 0.042570966 4.15049058799179
6 62 30 42 0.043729431 4.209091174731425
6 62 31 43 0.04445349 4.187990054772188
6 62 32 44 0.045084003 4.121150234718931
6 62 33 45 0.046878909 4.121088332791258
6 62 34 46 0.049278336 4.12833222289945
6 62 35 47 0.051502964 4.073328265550549
6 62 36 48 0.055728872 4.120356401635908
6 62 37 49 0.059778757 4.089257804211279
6 62 38 50 0.064733277 4.051963403096017
6 62 39 51 0.072679503 4.113180594606175
6 62 40 52 0.081719917 4.12630307009462
6 62 41 53 0.094770695 4.206017422301912
6 62 42 54 0.110927587 4.2527506869108915
6 62 43 55 0.130685303 4.23937646913058
6 62 44 56 0.160061644 4.282225643423095
6 62 45 57 0.212406109 4.532946431134749
6 62 46 58 0.298826138 4.857420894701818
6 62 47 59 0.456237758 5.265875043923367
7 19 8 11 1.77532691 7.113147102601619
7 19 9 12 0.749816964 6.8705567747815905
7 19 10 13 0.403356565 5.702319096215475
7 19 11 14 0.291139411 5.0215608183344465
7 19 12 15 0.273422333 4.715977371577472
7 19 13 16 0.386498335 5.463991484373103
7 19 14 17 0.700889464 6.422235140652589
7 19 15 18 2.26552802 9.077220640634453
7 29 8 13 1.89142747 7.005416844100972
7 29 9 14 0.802616484 6.745398094964826
7 29 10 15 0.396405669 5.482954040177975
7 29 11 16 0.249164125 4.884498432141922
7 29 12 17 0.185166003 4.672051006407662
7 29 13 18 0.14302089 4.313408422405188
7 29 14 19 0.130539401 4.416479018921971
7 29 15 20 0.124942529 4.472663333219937
7 29 16 21 0.121579311 4.3522676444931205
7 29 17 22 0.133142147 4.504536517367081
7 29 18 23 0.157777066 4.758444205925296
7 29 19 24 0.194155876 4.898880686352349
7 29 20 25 0.272173724 5.335567984147912
7 29 21 26 0.423326978 5.8553208136421295
7 29 22 27 0.836459259 7.029821595558322
7 29 23 28 2.47317777 9.160087544046338
7 63 10 22 0.4652126 5.369462254061627
7 63 11 23 0.297464339 4.8352848427444615
7 63 12 24 0.218614491 4.66543915068276
7 63 13 25 0.163277772 4.368268654415353
7 63 14 26 0.132957156 4.313074428491195
7 63 15 27 0.115334183 4.421691116183357
7 63 16 28 0.096497638 4.282660865143839
7 63 17 29 0.08407093 4.245013324777482
7 63 18 30 0.074644246 4.224372092173079
7 63 19 31 0.065519184 4.101157056651312
7 63 20 32 0.060832545 4.161343792934405
7 63 21 33 0.056564193 4.182116493061604
7 63 22 34 0.052852594 4.180069423730009
7 63 23 35 0.049764514 4.169062175783103
7 63 24 36 0.047489238 4.174741879230749
7 63 25 37 0.04594128 4.199514334503264
7 63 26 38 0.044094073 4.15412916282611
7 63 27 39 0.043150194 4.153337845931471
7 63 28 40 0.042798868 4.172710076879697
7 63 29 41 0.042599806 4.171073571054787
7 63 30 42 0.043355005 4.226931101230754
7 63 31 43 0.043668559 4.20323205897965
7 63 32 44 0.043966846 4.142143030562963
7 63 33 45 0.045320883 4.142803548591708
7 63 34 46 0.047122642 4.142514710751892
7 63 35 47 0.048772918 4.085990423544995
7 63 36 48 0.052205309 4.128876170340419
7 63 37 49 0.055394597 4.095641526083486
7 63 38 50 0.059403165 4.063564855841688
7 63 39 51 0.065788263 4.117999989854611
7 63 40 52 0.072855654 4.12314957960213
7 63 41 53 0.083014963 4.19169413364298
7 63 42 54 0.095054188 4.218599122764282
7 63 43 55 0.109433402 4.195466503084536
7 63 44 56 0.130088152 4.220005140910774
7 63 45 57 0.164669697 4.405507662960846
7 63 46 58 0.217500468 4.641664850565752
7 63 47 59 0.302585225 4.9185248793164495
7 63 48 60 0.479699922 5.5366742527079165
8 20 9 12 1.9363777 7.758424292851725
8 20 10 13 0.65890032 6.037489513883228
8 20 11 14 0.362984238 5.131568769613612
8 20 12 15 0.273403553 4.715653454894931
8 20 13 16 0.286450891 4.940693414477614
8 20 14 17 0.390309688 5.517873218005771
8 20 15 18 0.745859196 6.834291831400803
8 20 16 19 2.27547593 9.11707862216724
8 30 9 14 2.04456915 7.5726187704883055
8 30 10 15 0.690811353 5.805758637404554
8 30 11 16 0.362071864 5.008060037490458
8 30 12 17 0.242437411 4.752631037562277
8 30 13 18 0.171167153 4.318836376446405
8 30 14 19 0.144693925 4.363865969271094
8 30 15 20 0.131266152 4.4410668484883145
8 30 16 21 0.119063648 4.262212530762886
8 30 17 22 0.121291347 4.341959176796846
8 30 18 23 0.133167523 4.505395051807454
8 30 19 24 0.150552917 4.540569005027652
8 30 20 25 0.193452784 4.88114048764969
8 30 21 26 0.265270732 5.20024491706878
8 30 22 27 0.423244494 5.8541799218325075
8 30 23 28 0.849475872 7.139216603365181
8 30 24 29 2.33619325 8.652728060793677
8 64 11 23 0.426263151 4.919909520060016
8 64 12 24 0.289374876 4.703790566955517
8 64 13 25 0.203822821 4.349770980625452
8 64 14 26 0.159891445 4.277672206984037
8 64 15 27 0.135500336 4.39557412203947
8 64 16 28 0.110663233 4.242615862152758
8 64 17 29 0.094682298 4.202094275784106
8 64 18 30 0.082690841 4.175328164944246
8 64 19 31 0.071459022 4.0441094183037505
8 64 20 32 0.065635611 4.108444775812081
8 64 21 33 0.060380129 4.130395580699914
8 64 22 34 0.055868951 4.130713248700474
8 64 23 35 0.052114803 4.121718123125857
8 64 24 36 0.049287019 4.129059648206414
8 64 25 37 0.047264358 4.154972853798051
8 64 26 38 0.045026374 4.115882340320188
8 64 27 39 0.043762755 4.122915494586181
8 64 28 40 0.043059577 4.144615683162406
8 64 29 41 0.042532113 4.1467025834908995
8 64 30 42 0.042928996 4.203305541990418
8 64 31 43 0.042909516 4.183497792680653
8 64 32 44 0.042884047 4.127720385030111
8 64 33 45 0.043873213 4.1333218092640625
8 64 34 46 0.045280804 4.139139908070318
8 64 35 47 0.046499345 4.087721157545187
8 64 36 48 0.04930608 4.130656498808283
8 64 37 49 0.051795107 4.096433621962323
8 64 38 50 0.055084315 4.0727005911761305
8 64 39 51 0.060322278 4.126438194077911
8 64 40 52 0.065884236 4.124007395963301
8 64 41 53 0.073965609 4.185965713153375
8 64 42 54 0.083154999 4.198765004465375
8 64 43 55 0.093921504 4.16832948363203
8 64 44 56 0.109134146 4.183993602663813
8 64 45 57 0.133334649 4.325320143232825
8 64 46 58 0.168489594 4.5077036699482225
8 64 47 59 0.220699532 4.709935889520529
8 64 48 60 0.317688028 5.1640210442495365
8 64 49 61 0.480598338 5.547043728514129
9 21 10 13 1.63993811 6.57068900937939
9 21 11 14 0.581450916 5.327822284541913
9 21 12 15 0.338808812 4.789796736378094
9 21 13 16 0.267461552 4.613166061307038
9 21 14 17 0.286916999 4.948732826461971
9 21 15 18 0.41712554 5.896973394399052
9 21 16 19 0.790406562 7.242478391541066
9 21 17 20 1.87975568 7.5315586067418625
9 31 10 15 1.7187667 6.365920651062471
9 31 11 16 0.617220453 5.1872815358717785
9 31 12 17 0.348161568 4.81565735605133
9 31 13 18 0.218486825 4.283114810995229
9 31 14 19 0.169161752 4.268236722036297
9 31 15 20 0.145027092 4.373914049267432
9 31 16 21 0.122994997 4.16123269696075
9 31 17 22 0.117098096 4.191850161517606
9 31 18 23 0.119794586 4.288378477759662
9 31 19 24 0.125397839 4.242526936075456
9 31 20 25 0.149429215 4.506678951126619
9 31 21 26 0.186008312 4.693303885161848
9 31 22 27 0.256838242 5.034938277583451
9 31 23 28 0.41631481 5.7583307908632
9 31 24 29 0.772164061 6.489467996111707
9 31 25 30 2.24475083 8.314046150176532
10 22 11 14 2.06095234 8.257553627613873
10 22 12 15 0.711979842 6.52385603663273
10 22 13 16 0.372098459 5.2604180334291835
10 22 14 17 0.289322971 4.990230934477343
10 22 15 18 0.321528556 5.545711565601995
10 22 16 19 0.44616628 6.307527183873704
10 22 17 20 0.712822132 6.531573921854957
10 22 18 21 2.21831287 8.888045167920303
10 32 11 16 2.1640571 8.015174940827258
10 32 12 17 0.774024146 6.505100635193505
10 32 13 18 0.376450131 5.206935541307756
10 32 14 19 0.246564417 4.8335349571632245
10 32 15 20 0.192652024 4.860935960342963
10 32 16 21 0.148279948 4.472017874990173
10 32 17 22 0.129567084 4.383583068754089
10 32 18 23 0.122091533 4.370604047447382
10 32 19 24 0.11750468 4.206404960137649
10 32 20 25 0.130165896 4.403842397462658
10 32 21 26 0.149249617 4.501262403055585
10 32 22 27 0.185117047 4.670815763839566
10 32 23 28 0.260871656 5.114007462841077
10 32 24 29 0.396667603 5.486577025911712
10 32 25 30 0.746325695 6.272315634718885
10 32 26 31 1.871472 6.931506325253558
11 23 12 15 2.18039565 8.73612342209282
11 23 13 16 0.692821866 6.3483119130432515
11 23 14 17 0.378889774 5.356427987334148
11 23 15 18 0.321950278 5.552985409648583
11 23 16 19 0.328642017 5.6684042540211195
11 23 17 20 0.396980229 5.612175769710584
11 23 18 21 0.736160335 6.745421375875587
11 23 19 22 2.08023169 8.334799599507885
11 33 12 17 2.31512667 8.574702243404234
11 33 13 18 0.749173437 6.296248800614032
11 33 14 19 0.391555311 5.4158654688679375
11 33 15 20 0.27427619 5.376783756605651
11 33 16 21 0.190616685 4.80958091962671
11 33 17 22 0.152876809 4.610655936563037
11 33 18 23 0.132930802 4.497386179989219
11 33 19 24 0.117922682 4.221368497642262
11 33 20 25 0.122004529 4.367489498672374
11 33 21 26 0.130394678 4.4115826727754515
11 33 22 27 0.148751126 4.486228268686171
11 33 23 28 0.190140901 4.797576085693817
11 33 24 29 0.258768717 5.072782417909789
11 33 25 30 0.40822535 5.646440016188486
11 33 26 31 0.72900006 6.126706483084447
11 33 27 32 1.76803531 6.548400368553008
12 24 13 16 2.00058556 8.015683928105748
12 24 14 17 0.655363867 6.005085070819912
12 24 15 18 0.423646037 5.989154749027346
12 24 16 19 0.325249034 5.6098822200870915
12 24 17 20 0.309963174 5.3462323233352365
12 24 18 21 0.419362139 5.928592567842471
12 24 19 22 0.77543063 7.105254247514806
12 24 20 23 2.34878104 9.410787925994779
12 34 13 18 2.12196834 7.859287753542555
12 34 14 19 0.718094961 6.035057189198274
12 34 15 20 0.428002037 5.919984706307399
12 34 16 21 0.263154259 5.158754557852056
12 34 17 22 0.192299587 4.852043379556709
12 34 18 23 0.153840726 4.639726988395393
12 34 19 24 0.125565633 4.248203832666249
12 34 20 25 0.121305922 4.3424809292265705
12 34 21 26 0.121206214 4.338911605640774
12 34 22 27 0.128239664 4.338673083459325
12 34 23 28 0.150604053 4.542111230454217
12 34 24 29 0.188405834 4.753797414705629
12 34 25 30 0.266172907 5.217930739106835
12 34 26 31 0.410926011 5.683794679098469
12 34 27 32 0.739189166 6.21233838520944
12 34 28 33 2.33745196 8.65739003614071
13 25 14 17 1.79425892 7.189001398122845
13 25 15 18 0.763060352 6.991905655259122
13 25 16 19 0.425377244 6.013629111396041
13 25 17 20 0.315024095 5.433522884619933
13 25 18 21 0.312595415 5.391633109936448
13 25 19 22 0.408890565 5.780554178067821
13 25 20 23 0.792619866 7.262758848668535
13 25 21 24 2.17786841 8.725997608203379
13 35 14 19 1.93147702 7.153751261687
13 35 15 20 0.822633449 6.913625885285138
13 35 16 21 0.419302251 5.799652101282561
13 35 17 22 0.272199829 5.336079734511537
13 35 18 23 0.197242676 4.976765864046546
13 35 19 24 0.146108251 4.406521036516351
13 35 20 25 0.130666274 4.420771454296083
13 35 21 26 0.121350823 4.344088284687775
13 35 22 27 0.118570906 4.244573468277306
13 35 23 28 0.127477567 4.312889409066003
13 35 24 29 0.146368557 4.414371680522292
13 35 25 30 0.186355803 4.702071670014165
13 35 26 31 0.255395618 5.0066577429512265
13 35 27 32 0.382119171 5.285347855264674
13 35 28 33 0.772260122 6.490275317789393
13 35 29 34 2.09041053 7.742404808125178
14 26 15 18 1.97269394 7.903931441917237
14 26 16 19 0.695899072 6.376508285685867
14 26 17 20 0.402486951 5.690025217923109
14 26 18 21 0.306162713 5.280682125292113
14 26 19 22 0.293314282 5.059072905622868
14 26 20 23 0.414225789 5.855979130424274
14 26 21 24 0.711708446 6.521369240899941
14 26 22 25 1.82379315 7.307335278699279
14 36 15 20 2.09678661 7.766020357195814
14 36 16 21 0.735209249 6.1788901255672695
14 36 17 22 0.40709411 5.63079307313629
14 36 18 23 0.264531633 5.185755961619444
14 36 19 24 0.1780575 4.492691469251147
14 36 20 25 0.148026064 4.464360913941238
14 36 21 26 0.129024194 4.36521572313878
14 36 22 27 0.118011505 4.224548162552411
14 36 23 28 0.117998315 4.224075990027672
14 36 24 29 0.126607469 4.283451786923044
14 36 25 30 0.148991186 4.49346830771741
14 36 26 31 0.188283379 4.750707668225604
14 36 27 32 0.25408015 4.980869915817072
14 36 28 33 0.422541706 5.844459187228208
14 36 29 34 0.849788363 7.141842859164949
14 36 30 35 2.67437691 9.90528336399212
15 27 16 19 1.68160065 6.737617012339716
15 27 17 20 0.665920499 6.1018152636386445
15 27 18 21 0.38830753 5.489568376117203
15 27 19 22 0.282619827 4.874615377124808
15 27 20 23 0.313488387 5.407035054976
15 27 21 24 0.418026344 5.9097082109283114
15 27 22 25 0.715988578 6.560587998705425
15 27 23 26 1.99832304 8.006618759605272
15 37 16 21 1.77281401 6.56609958568075
15 37 17 22 0.709328839 5.9613844154416995
15 37 18 23 0.389446048 5.38669083037999
15 37 19 24 0.231499044 4.53820034268719
15 37 20 25 0.176340561 4.449370198321674
15 37 21 26 0.143147904 4.317239074398497
15 37 22 27 0.122149515 4.132627896530601
15 37 23 28 0.113090302 4.048380092403679
15 37 24 29 0.112828792 4.039018618791516
15 37 25 30 0.121998295 4.1275117403959385
15 37 26 31 0.141305217 4.261664943754669
15 37 27 32 0.172175083 4.344268152769235
15 37 28 33 0.240955859 4.7235873763966225
15 37 29 34 0.388382972 5.371986709563756
15 37 30 35 0.775498284 6.517489675108756
15 37 31 36 2.1357152 7.910202994081753
16 28 17 20 2.22715333 8.92346596398916
16 28 18 21 0.790735516 7.245492589994559
16 28 19 22 0.391765271 5.538451037873477
16 28 20 23 0.316185198 5.453549542332896
16 28 21 24 0.32147348 5.544761616975388
16 28 22 25 0.416917976 5.894039027480079
16 28 23 26 0.739248834 6.773721226035226
16 28 24 27 2.29159509 9.181662759096913
16 38 17 22 2.34339785 8.679412259366204
16 38 18 23 0.846665889 7.115600773946104
16 38 19 24 0.396228837 5.480508157576753
16 38 20 25 0.259641095 5.089884113321338
16 38 21 26 0.189939776 4.792501362237894
16 38 22 27 0.148480448 4.4780648125298015
16 38 23 28 0.126220405 4.270356430104455
16 38 24 29 0.117123323 4.192753231743655
16 38 25 30 0.117428293 4.203670476237178
16 38 26 31 0.126907731 4.293610411928376
16 38 27 32 0.14416787 4.348000524246606
16 38 28 33 0.181827399 4.587812388489249
16 38 29 34 0.258292432 5.0634455467380155
16 38 30 35 0.417435305 5.773829112576781
16 38 31 36 0.78054909 6.559937964982699
16 38 32 37 2.10870981 7.810181176175347
17 29 18 21 2.23200374 8.94289995084735
17 29 19 22 0.693351268 6.35316281222574
17 29 20 23 0.405555895 5.733411391584163
17 29 21 24 0.317254134 5.4719865073472524
17 29 22 25 0.317870106 5.48261076755911
17 29 23 26 0.410478136 5.802997934325756
17 29 24 27 0.774763943 7.099145408818928
17 29 25 28 2.34597195 9.399532832478256
17 39 18 23 2.35480252 8.721652561247518
17 39 19 24 0.747912637 6.285652708847081
17 39 20 25 0.402930395 5.573201924051589
17 39 21 26 0.262576623 5.14743084848439
17 39 22 27 0.187918517 4.741501583703166
17 39 23 28 0.146839617 4.4285785154221315
17 39 24 29 0.127057341 4.298672097679645
17 39 25 30 0.118473076 4.241071372894805
17 39 26 31 0.119982274 4.295097288739432
17 39 27 32 0.128326016 4.341594590631262
17 39 28 33 0.149148821 4.498222467313717
17 39 29 34 0.19346086 4.881344258770287
17 39 30 35 0.27646202 5.419633758418427
17 39 31 36 0.432539652 5.982747518352406
17 39 32 37 0.828263603 6.960943166730305
17 39 33 38 1.97335466 7.308856508544388
18 30 19 22 2.22128801 8.899965568806262
18 30 20 23 0.734892995 6.7338087666109185
18 30 21 24 0.418290065 5.9134364787311995
18 30 22 25 0.318839489 5.4993306464447596
18 30 23 26 0.307654101 5.306405525363615
18 30 24 27 0.414891737 5.865393748474401
18 30 25 28 0.792811174 7.264511799773373
18 30 26 29 2.2148263 8.874075636363145
18 40 19 24 2.34741627 8.69429557242006
18 40 20 25 0.785336358 6.600171412826123
18 40 21 26 0.419131367 5.797288489479113
18 40 22 27 0.265182757 5.198520295799295
18 40 23 28 0.186204526 4.698254695792951
18 40 24 29 0.147987519 4.4631984241284455
18 40 25 30 0.126699978 4.286581601020793
18 40 26 31 0.118915195 4.256898245105947
18 40 27 32 0.118927898 4.257352984118969
18 40 28 33 0.127057545 4.298678999517044
18 40 29 34 0.150398048 4.535898266026031
18 40 30 35 0.19298586 4.869359206481592
18 40 31 36 0.264794846 5.190915867708731
18 40 32 37 0.421691502 5.8326994425491385
18 40 33 38 0.701280602 5.893744934307363
18 40 34 39 2.04884677 7.588462101346064
19 31 20 23 2.25809945 9.047456820306865
19 31 21 24 0.785230482 7.195050081409086
19 31 22 25 0.441617534 6.243220802298796
19 31 23 26 0.315056458 5.434081080338628
19 31 24 27 0.308786845 5.325943048188387
19 31 25 28 0.414530477 5.8602865555452395
19 31 26 29 0.723199533 6.626661824861077
19 31 27 30 2.13202624 8.542323211743929
19 41 20 25 2.38656327 8.839287150234048
19 41 21 26 0.844197808 7.094858378035359
19 41 22 27 0.443970531 6.140855711794603
19 41 23 28 0.271317879 5.318790394032735
19 41 24 29 0.194960743 4.919188840205917
19 41 25 30 0.151435874 4.567198360784154
19 41 26 31 0.130834976 4.426479070829807
19 41 27 32 0.122334327 4.379295530083578
19 41 28 33 0.120799543 4.324353692615147
19 41 29 34 0.131902821 4.462606975522435
19 41 30 35 0.155004238 4.674817683610402
19 41 31 36 0.193393588 4.87964687258594
19 41 32 37 0.275183606 5.394572320787194
19 41 33 38 0.390287294 5.3983266709221285
19 41 34 39 0.765255781 6.431409010680399
19 41 35 40 2.54017859 9.408243331376939
20 32 21 24 1.88556713 7.554843162671573
20 32 22 25 0.71959127 6.593599388306436
20 32 23 26 0.393229821 5.5591556257171435
20 32 24 27 0.299911466 5.172860869169113
20 32 25 28 0.302089191 5.210422182134423
20 32 26 29 0.39042495 5.519502696141742
20 32 27 30 0.698020347 6.395945483058245
20 32 28 31 1.74906138 7.007909820630945
20 42 21 26 2.00468066 7.424880882483669
20 42 22 27 0.764587194 6.425790031297317
20 42 23 28 0.394419031 5.455475510731235
20 42 24 29 0.255913688 5.016813747964949
20 42 25 30 0.181326776 4.575180824632568
20 42 26 31 0.144864869 4.369021518851016
20 42 27 32 0.127335048 4.308067629829419
20 42 28 33 0.116914997 4.185295626482949
20 42 29 34 0.118069973 4.226641186295884
20 42 30 35 0.127328281 4.307838685056484
20 42 31 36 0.144776082 4.366343766016447
20 42 32 37 0.185649042 4.684238896244459
20 42 33 38 0.232753045 4.5627831991413625
20 42 34 39 0.359487462 4.972313431184118
20 42 35 40 0.764938905 6.4287459021978925
20 42 36 41 2.2275752 8.250431525974184
21 33 22 25 2.23028972 8.936032440233882
21 33 23 26 0.737014158 6.753244937729696
21 33 24 27 0.413480303 5.84544007038998
21 33 25 28 0.305380982 5.267198860533852
21 33 26 29 0.301003587 5.191697728128342
21 33 27 30 0.408184342 5.770570185619138
21 33 28 31 0.674278855 6.1784027005719
21 33 29 32 1.65069674 6.6137952775159246
21 43 22 27 2.34352881 8.679897305398608
21 43 23 28 0.784936801 6.596813431672785
21 43 24 29 0.418983425 5.795242203943747
21 43 25 30 0.25664692 5.031187689455909
21 43 26 31 0.183406498 4.627655723402988
21 43 27 32 0.149356964 4.5044999123028004
21 43 28 33 0.126977703 4.295977742156221
21 43 29 34 0.118691409 4.248887206393196
21 43 30 35 0.118196744 4.231179304804881
21 43 31 36 0.123964078 4.194019165041264
21 43 32 37 0.145838508 4.3983857792956425
21 43 33 38 0.166789555 4.208382185017171
21 43 34 39 0.219518162 4.303332665228899
21 43 35 40 0.358787101 4.962626266052953
21 43 36 41 0.665015694 5.588965196769261
21 43 37 42 2.16219172 8.008265997883415
22 34 23 26 2.09375519 8.388983786262555
22 34 24 27 0.780271968 7.149615323873313
22 34 25 28 0.413788204 5.849792918228328
22 34 26 29 0.304107155 5.245227943815412
22 34 27 30 0.319882497 5.517320406360875
22 34 28 31 0.408313558 5.772396933782607
22 34 29 32 0.686397404 6.289444705394391
22 34 30 33 2.21254034 8.864916551543851
22 44 23 28 2.20940261 8.183124388848308
22 44 24 29 0.83787274 7.041700858238241
22 44 25 30 0.419130419 5.79727537705203
22 44 26 31 0.259720771 5.091446044827647
22 44 27 32 0.1936875 4.887062768771782
22 44 28 33 0.151927868 4.5820365502498515
22 44 29 34 0.1317418 4.457159226699796
22 44 30 35 0.122031553 4.368456897482726
22 44 31 36 0.119529099 4.278874636434772
22 44 32 37 0.131671482 4.454780190414402
22 44 33 38 0.141632079 4.2715228694308705
22 44 34 39 0.170577467 4.30395760266975
22 44 35 40 0.245195927 4.806707711228835
22 44 36 41 0.379723419 5.252210594284523
22 44 37 42 0.812639968 6.829638066640403
22 44 38 43 2.27977195 8.443756407555464
23 35 24 27 2.32310877 9.307927640410696
23 35 25 28 0.773804978 7.0903584330717
23 35 26 29 0.40194656 5.682385620142613
23 35 27 30 0.32027338 5.524062340579301
23 35 28 31 0.310489222 5.35530557802202
23 35 29 32 0.383852048 5.4265804832798965
23 35 30 33 0.721069062 6.6071403647377425
23 35 31 34 1.97350125 7.9071660657800615
23 45 24 29 2.45369263 9.087919020467865
23 45 25 30 0.8345529 7.013800057721431
23 45 26 31 0.414490923 5.733103380214141
23 45 27 32 0.275062677 5.392201684521236
23 45 28 33 0.196182011 4.95000349460278
23 45 29 34 0.156021153 4.705487117466325
23 45 30 35 0.133323407 4.510669002891278
23 45 31 36 0.121005343 4.331720872720624
23 45 32 37 0.124033586 4.440125205005109
23 45 33 38 0.125315288 4.2397340263738785
23 45 34 39 0.139031982 4.19310579134619
23 45 35 40 0.179609799 4.531858594898912
23 45 36 41 0.246412215 4.8305512594484386
23 45 37 42 0.425024329 5.878798019572426
23 45 38 43 0.805085086 6.766144869495346
23 45 39 44 2.11811524 7.845016748140478
24 36 25 28 2.15909027 8.650759818824493
24 36 26 29 0.696282156 6.380018476169515
24 36 27 30 0.420980425 5.9514705471830025
24 36 28 31 0.319209964 5.505720584302305
24 36 29 32 0.307897998 5.3106122509824605
24 36 30 33 0.419827169 5.935166774585115
24 36 31 34 0.794909672 7.283740291982793
24 36 32 35 2.56316857 10.269767773178765
24 46 25 30 2.28792428 8.47395078233668
24 46 26 31 0.758594982 6.375429920067125
24 46 27 32 0.425707646 5.888249437649579
24 46 28 33 0.271381062 5.320029004384198
24 46 29 34 0.196398781 4.95547296783356
24 46 30 35 0.154265982 4.652552407200144
24 46 31 36 0.129508564 4.381603188731602
24 46 32 37 0.123471093 4.419989212589805
24 46 33 38 0.11724336 4.1970502881009
24 46 34 39 0.120489362 4.076460709945301
24 46 35 40 0.141141284 4.256720840953252
24 46 36 41 0.175180918 4.420110446761212
24 46 37 42 0.258342966 5.064436191935312
24 46 38 43 0.401089396 5.547737825794675
24 46 39 44 0.702754808 5.906134545712336
24 46 40 45 2.2929179 8.492446014226825
25 37 26 29 1.80795271 7.243867880523055
25 37 27 30 0.717375472 6.573296078710405
25 37 28 31 0.412905151 5.837309050549441
25 37 29 32 0.303490984 5.234600251259581
25 37 30 33 0.293526079 5.062725971736411
25 37 31 34 0.387674835 5.48062386127937
25 37 32 35 0.73769587 6.759491450178633
25 37 33 36 2.03342665 8.147267301772843
25 47 26 31 1.9416657 7.191487813377853
25 47 27 32 0.776362067 6.524749132544299
25 47 28 33 0.4210244 5.823472305068139
25 47 29 34 0.271126851 5.315045569345413
25 47 30 35 0.194027759 4.895648078049042
25 47 31 36 0.150088954 4.526576210605211
25 47 32 37 0.133077947 4.502364468538584
25 47 33 38 0.119159578 4.265646610391255
25 47 34 39 0.114529263 4.099891680604631
25 47 35 40 0.123652865 4.183490039931246
25 47 36 41 0.141985117 4.282170244668356
25 47 37 42 0.18768144 4.735519730563278
25 47 38 43 0.259571611 5.088521981075939
25 47 39 44 0.377166498 5.216844096215178
25 47 40 45 0.777280779 6.532470227610447
25 47 41 46 2.37868009 8.81008964579203
26 38 27 30 2.01492525 8.073138317943
26 38 28 31 0.751808363 6.888803921148825
26 38 29 32 0.414620456 5.8615586036894385
26 38 30 33 0.304418827 5.250603649900674
26 38 31 34 0.302299319 5.214046461403282
26 38 32 35 0.419838596 5.9353283199917515
26 38 33 36 0.734447717 6.729728693837903
26 38 34 37 1.98740121 7.96285860310564
26 48 27 32 2.13938592 7.92379850547505
26 48 28 33 0.80282404 6.747142449678327
26 48 29 34 0.423317245 5.855186189957742
26 48 30 35 0.266448497 5.2233332781879085
26 48 31 36 0.186363923 4.702276551329079
26 48 32 37 0.15202092 4.58484293245403
26 48 33 38 0.127792852 4.323556300263709
26 48 34 39 0.114684094 4.1054342844088625
26 48 35 40 0.114096637 4.084404636579793
26 48 36 41 0.12161642 4.11459194060805
26 48 37 42 0.145520658 4.3887996491361845
26 48 38 43 0.183805657 4.637727179164047
26 48 39 44 0.236116393 4.628716719999342
26 48 40 45 0.379136385 5.244090931288428
26 48 41 46 0.754917705 6.344525125853531
26 48 42 47 2.10937302 7.81263755506318
27 39 28 31 2.30960715 9.253831119571371
27 39 29 32 0.786754257 7.209012399084114
27 39 30 33 0.419212436 5.926476191539879
27 39 31 34 0.308519924 5.321339205546175
27 39 32 35 0.325527359 5.614682758461345
27 39 33 36 0.431457826 6.099591314229418
27 39 34 37 0.771197598 7.066467066000109
27 39 35 38 1.83481388 7.3514916947522835
27 49 28 33 2.42554088 8.983651346042622
27 49 29 34 0.839470296 7.0551271351884655
27 49 30 35 0.427287446 5.910100716453246
27 49 31 36 0.259225915 5.081745116348732
27 49 32 37 0.190292277 4.801395557852246
27 49 33 38 0.148813798 4.488118411676114
27 49 34 39 0.124541972 4.213570784756149
27 49 35 40 0.11428758 4.09123996928572
27 49 36 41 0.113587778 4.066188621510345
27 49 37 42 0.12442738 4.209693846759963
27 49 38 43 0.146015633 4.403727743443806
27 49 39 44 0.171798737 4.334772307529991
27 49 40 45 0.235213354 4.6110139605043186
27 49 41 46 0.372706407 5.1551535708760685
27 49 42 47 0.678614295 5.703251383395334
27 49 43 48 2.0447667 7.5733504507242655
28 40 29 32 2.35407905 9.43201529784882
28 40 30 33 0.793155614 7.267667896113047
28 40 31 34 0.41166602 5.819791248740483
28 40 32 35 0.31791692 5.48341821354295
28 40 33 36 0.318368861 5.491213273682709
28 40 34 37 0.420830292 5.949348091898626
28 40 35 38 0.640079086 5.865030950024369
28 40 36 39 1.92337035 7.7063081482454185
28 50 29 34 2.47542479 9.168409994685712
28 50 30 35 0.854876879 7.184608073706191
28 50 31 36 0.419570493 5.803362337216763
28 50 32 37 0.268146202 5.256614302937115
28 50 33 38 0.192355895 4.853464125502544
28 50 34 39 0.149171729 4.498913356316998
28 50 35 40 0.126097479 4.266197531751
28 50 36 41 0.117148268 4.19364620699988
28 50 37 42 0.118354133 4.236813479292834
28 50 38 43 0.130873355 4.427777529739292
28 50 39 44 0.144678115 4.363389150904503
28 50 40 45 0.179662595 4.533190727152879
28 50 41 46 0.251759592 4.935378768515291
28 50 42 47 0.3770783 5.215624170219529
28 50 43 48 0.755733233 6.351379035693726
28 50 44 49 2.07982947 7.703214970223308
29 41 30 33 2.21902684 8.890905809308792
29 41 31 34 0.71988308 6.596273237083814
29 41 32 35 0.403693545 5.707083038731304
29 41 33 36 0.3153753 5.439580454294701
29 41 34 37 0.32533217 5.611316146461947
29 41 35 38 0.377834457 5.34150879472931
29 41 36 39 0.705572913 6.465149483487188
29 41 37 40 2.40797784 9.647969903033186
29 51 30 35 2.34434902 8.682935176551922
29 51 31 36 0.776133755 6.5228303389977444
29 51 32 37 0.405489178 5.60859417669818
29 51 33 38 0.262208753 5.14021929490206
29 51 34 39 0.187532896 4.73177171454818
29 51 35 40 0.145420802 4.385788063126422
29 51 36 41 0.126030787 4.263941172242118
29 51 37 42 0.117099297 4.191893154633771
29 51 38 43 0.121904918 4.363923647469815
29 51 39 44 0.12707057 4.2991196683019535
29 51 40 45 0.145010335 4.373408670053708
29 51 41 46 0.185063804 4.669472353020604
29 51 42 47 0.244760406 4.79816995868655
29 51 43 48 0.403044749 5.574783631315999
29 51 44 49 0.764418199 6.424369753276888
29 51 45 50 1.97192985 7.303579336603112
30 42 31 34 2.11465567 8.4727250892967
30 42 32 35 0.697273464 6.389101810132729
30 42 33 36 0.404860992 5.723587431865254
30 42 34 37 0.317514627 5.476479480104727
30 42 35 38 0.27695329 4.776879175498563
30 42 36 39 0.35636617 5.038008037469702
30 42 37 40 0.7094425 6.500606426254432
30 42 38 41 2.13166589 8.540879408608863
30 52 31 36 2.24393328 8.311018131057777
30 52 32 37 0.755315835 6.34787111412699
30 52 33 38 0.411736945 5.695011253934127
30 52 34 39 0.264769814 5.19042515194155
30 52 35 40 0.184901912 4.665387544420349
30 52 36 41 0.147963027 4.462459762810637
30 52 37 42 0.12506713 4.231338211838329
30 52 38 43 0.121949743 4.365528282300854
30 52 39 44 0.119688924 4.284596014279075
30 52 40 45 0.126014407 4.263386995298025
30 52 41 46 0.147861747 4.4594052299726625
30 52 42 47 0.176861594 4.4625167409514335
30 52 43 48 0.254369802 4.9865481198517285
30 52 44 49 0.401618303 5.555053495068135
30 52 45 50 0.71632343 6.020168781009823
30 52 46 51 2.37991123 8.814649508134224
31 43 32 35 1.75564511 7.034288646812209
31 43 33 36 0.675971948 6.193916475452947
31 43 34 37 0.412389769 5.830023009176976
31 43 35 38 0.28014631 4.831952255673745
31 43 36 39 0.266583259 4.598017299067434
31 43 37 40 0.350017623 4.948257568696938
31 43 38 41 0.629047774 5.76395127453662
31 43 39 42 2.08351068 8.347937426736538
31 53 32 37 1.87913407 6.959884888582069
31 53 33 38 0.732482547 6.155974211375385
31 53 34 39 0.408016469 5.6435508422628065
31 53 35 40 0.252439204 4.948701568290198
31 53 36 41 0.185661781 4.684560322730998
31 53 37 42 0.142094819 4.2854787790422835
31 53 38 43 0.12955738 4.38325475782213
31 53 39 44 0.119757764 4.287060332444581
31 53 40 45 0.116708825 4.177915129608769
31 53 41 46 0.126737868 4.287863515820042
31 53 42 47 0.138539955 4.1782666066239385
31 53 43 48 0.178584771 4.505995407157068
31 53 44 49 0.248019002 4.86204996971536
31 53 45 50 0.360744204 4.989696277004019
31 53 46 51 0.744356026 6.255762023143284
31 53 47 52 2.12638245 7.875636612294042
32 44 33 36 1.66271147 6.661934322447115
32 44 34 37 0.705580965 6.465223263790658
32 44 35 38 0.371280437 5.248853519853648
32 44 36 39 0.281710677 4.858934394593767
32 44 37 40 0.275288152 4.748158942434961
32 44 38 41 0.379171372 5.3604089852704435
32 44 39 42 0.781030647 7.1565670832940755
32 44 40 43 2.16579045 8.677605221598176
32 54 33 38 1.77963583 6.591366054257218
32 54 34 39 0.738046404 6.202734315555424
32 54 35 40 0.379675703 5.25155060212134
32 54 36 41 0.251485515 4.930005889587451
32 54 37 42 0.172174657 4.344257404069709
32 54 38 43 0.146109155 4.406548300514037
32 54 39 44 0.127383308 4.309700388029782
32 54 40 45 0.115565043 4.136970289980967
32 54 41 46 0.117080954 4.191236516224272
32 54 42 47 0.118444826 4.0072888715711485
32 54 43 48 0.139848227 4.217723160583272
32 54 44 49 0.177382029 4.475648195031153
32 54 45 50 0.227810945 4.465900553208732
32 54 46 51 0.370682553 5.127160281844598
32 54 47 52 0.717623671 6.031096345219177
32 54 48 53 2.15575808 7.984437259673917
33 45 34 37 2.245 8.994971661495649
33 45 35 38 0.716777121 6.56781340131829
33 45 36 39 0.405416532 5.7314411935877425
33 45 37 40 0.277860524 4.792527110938883
33 45 38 41 0.292702204 5.048515808965953
33 45 39 42 0.438062137 6.192957561367718
33 45 40 43 0.754740843 6.915674172554488
33 45 41 44 2.00038746 8.014890206998333
33 55 34 39 2.3378415 8.658832803638134
33 55 35 40 0.770075613 6.471916134866065
33 55 36 41 0.420712259 5.819154872470939
33 55 37 42 0.241928613 4.742656796554359
33 55 38 43 0.185473373 4.679806470664453
33 55 39 44 0.150174906 4.52916846185412
33 55 40 45 0.125848602 4.257777391621873
33 55 41 46 0.118742919 4.2507311492854845
33 55 42 47 0.111453746 3.9897950447618062
33 55 43 48 0.121914525 4.124677588832648
33 55 44 49 0.143952842 4.341515432549492
33 55 45 50 0.16931401 4.272078448544449
33 55 46 51 0.236912622 4.644325625583667
33 55 47 52 0.371198166 5.1342920728420625
33 55 48 53 0.721943617 6.06740229718957
33 55 49 54 2.02423405 7.497302188527868
34 46 35 38 1.96311784 7.86556317994501
34 46 36 39 0.778969984 7.137685272378962
34 46 37 40 0.371150869 5.247021795407416
34 46 38 41 0.294004277 5.070973911553139
34 46 39 42 0.324464798 5.596355749189864
34 46 40 43 0.402653277 5.692376596351764
34 46 41 44 0.654043022 5.992982196386697
34 46 42 45 2.16206372 8.662673448440028
34 56 35 40 2.08369593 7.717535458024536
34 56 36 41 0.844909579 7.100840287008276
34 56 37 42 0.387708092 5.362651989321308
34 56 38 43 0.261594347 5.128174763436309
34 56 39 44 0.194233465 4.900838387872407
34 56 40 45 0.149140286 4.497965057778052
34 56 41 46 0.130634753 4.419705018920333
34 56 42 47 0.113595207 4.066454563109001
34 56 43 48 0.115467023 4.133461393023053
34 56 44 49 0.128211701 4.337727024247623
34 56 45 50 0.14084355 4.247741395060863
34 56 46 51 0.178433179 4.502170484953809
34 56 47 52 0.248233303 4.866251027546244
34 56 48 53 0.395908824 5.476081842040737
34 56 49 54 0.756867759 6.360913887857426
34 56 50 55 1.91770349 7.102737241538117
35 47 36 39 2.52712629 10.125358291122776
35 47 37 40 0.707386908 6.4817710808036635
35 47 38 41 0.403707291 5.707277368228078
35 47 39 42 0.334942658 5.777077455863901
35 47 40 43 0.314739226 5.428609475597621
35 47 41 44 0.377465005 5.336285790128567
35 47 42 45 0.714122483 6.543489010205298
35 47 43 46 2.25175992 9.022056422668912
35 57 36 41 2.66465329 9.869269288689706
35 57 37 42 0.773793864 6.503165285253564
35 57 38 43 0.421107556 5.824622491762782
35 57 39 44 0.27755057 5.440973189880753
35 57 40 45 0.191705137 4.83704440201352
35 57 41 46 0.154304757 4.6537218336495165
35 57 42 47 0.123208504 4.168456180282027
35 57 43 48 0.11567342 4.140849944394432
35 57 44 49 0.120567124 4.316033611794279
35 57 45 50 0.124043384 4.196702288162648
35 57 46 51 0.144072 4.34510915316469
35 57 47 52 0.182981723 4.616937932695766
35 57 48 53 0.256955932 5.037245417989313
35 57 49 54 0.408755228 5.653769116017535
35 57 50 55 0.726536422 6.106001427303555
35 57 51 56 1.95842869 7.25357411294053
36 48 37 40 1.99752867 8.003435982037903
36 48 38 41 0.716550174 6.56573389082009
36 48 39 42 0.439463597 6.212770235349067
36 48 40 43 0.314223011 5.41970582009824
36 48 41 44 0.288947942 4.983762449411475
36 48 42 45 0.36637877 5.179557835184702
36 48 43 46 0.696513353 6.382136929326649
36 48 44 47 2.01728596 8.082596901261935
36 58 37 42 2.13218767 7.89713782585721
36 58 38 43 0.785566329 6.602104149041016
36 58 39 44 0.434725003 6.0129745812621875
36 58 40 45 0.264317466 5.181557530662674
36 58 41 46 0.193831266 4.8906902277767
36 58 42 47 0.141338388 4.262665357545827
36 58 43 48 0.122268231 4.136644359906362
36 58 44 49 0.11973252 4.28615665365652
36 58 45 50 0.115571726 4.137209526446686
36 58 46 51 0.123858856 4.190459237909922
36 58 47 52 0.145060693 4.374927431553063
36 58 48 53 0.183799743 4.63757795895513
36 58 49 54 0.257279903 5.043596395850027
36 58 50 55 0.384529916 5.318692494535181
36 58 51 56 0.704626537 5.921865044004582
36 58 52 57 2.21679658 8.21050997079863
37 49 38 41 1.96492515 7.87280447269937
37 49 39 42 0.782621417 7.1711432747186
37 49 40 43 0.419583217 5.931717984435487
37 49 41 44 0.302884137 5.2241333786796815
37 49 42 45 0.272545392 4.700851928579337
37 49 43 46 0.361426286 5.109543742103306
37 49 44 47 0.645140695 5.911410364836123
37 49 45 48 1.94960542 7.811423387081657
37 59 38 43 2.10741972 7.805402976450667
37 59 39 44 0.826213794 6.943716037710062
37 59 40 45 0.417152733 5.769920668752176
37 59 41 46 0.272624735 5.34440939549627
37 59 42 47 0.178917161 4.514382168273361
37 59 43 48 0.141112375 4.255848966053835
37 59 44 49 0.129441555 4.379336104308725
37 59 45 50 0.117219021 4.196179006290467
37 59 46 51 0.11644711 4.168546317454713
37 59 47 52 0.126965959 4.2955804128502715
37 59 48 53 0.147826478 4.458341541992189
37 59 49 54 0.188320451 4.751643057401281
37 59 50 55 0.252679804 4.953418179571109
37 59 51 56 0.381420233 5.275680372605808
37 59 52 57 0.791645645 6.653196304986681
37 59 53 58 2.2433938 8.309020019927958
38 50 39 42 1.89156073 7.5788575333398756
38 50 40 43 0.672765235 6.164533432944281
38 50 41 44 0.387811099 5.482550248195439
38 50 42 45 0.269089721 4.641248654549719
38 50 43 46 0.275465914 4.751224974241245
38 50 44 47 0.377252408 5.333280270848378
38 50 45 48 0.710868053 6.513668737848066
38 50 46 49 1.96002137 7.85315664992244
38 60 39 44 1.98376004 7.347395667712501
38 60 40 45 0.703882628 5.915613038904438
38 60 41 46 0.393381004 5.4411178595204905
38 60 42 47 0.229453168 4.498093934453835
38 60 43 48 0.16470581 4.155805779161788
38 60 44 49 0.141942572 4.280887117697664
38 60 45 50 0.121225374 4.101361862630035
38 60 46 51 0.112383169 4.023066311210649
38 60 47 52 0.114809164 4.109911510919027
38 60 48 53 0.123884027 4.191310836680359
38 60 49 54 0.145263191 4.381034627353063
38 60 50 55 0.178942122 4.515011976463209
38 60 51 56 0.237039986 4.646822410617673
38 60 52 57 0.391572743 5.4161065826115165
38 60 53 58 0.768782856 6.461051468143057
38 60 54 59 2.19337703 8.12376928808492
39 51 40 43 1.97876506 7.928256409558012
39 51 41 44 0.727703289 6.667929644586963
39 51 42 45 0.355604307 5.027237453052414
39 51 43 46 0.266210962 4.591595935427375
39 51 44 47 0.286853716 4.9476413238303785
39 51 45 48 0.400551834 5.662668145843444
39 51 46 49 0.706103098 6.470007557281899
39 51 47 50 1.85600616 7.436402143768979
39 61 40 45 2.06273077 7.639885277231047
39 61 41 46 0.775329612 6.516072111664502
39 61 42 47 0.359893405 4.977928302478838
39 61 43 48 0.220482108 4.322229417422537
39 61 44 49 0.174102767 4.392906876003089
39 61 45 50 0.138134988 4.166053089643334
39 61 46 51 0.118584672 4.012020216438283
39 61 47 52 0.1131274 4.049708117901993
39 61 48 53 0.113372179 4.058470659102373
39 61 49 54 0.123281859 4.1709379659800705
39 61 50 55 0.141166628 4.257485197985693
39 61 51 56 0.169058248 4.265625141295057
39 61 52 57 0.237361575 4.653126692850495
39 61 53 58 0.371772943 5.142242201008245
39 61 54 59 0.690484615 5.8030126461039915
39 61 55 60 1.9707532 7.299221292818536
40 52 41 44 2.43620283 9.761058092430067
40 52 42 45 0.710752471 6.512609662458646
40 52 43 46 0.355319061 5.023204882731116
40 52 44 47 0.291653176 5.030422216332643
40 52 45 48 0.303386989 5.232806549694035
40 52 46 49 0.392767917 5.552625611758358
40 52 47 50 0.664564578 6.089390988569003
40 52 48 51 2.25727442 9.04415119827128
40 62 41 46 2.5521285 9.45250307811705
40 62 42 47 0.76458783 6.425795376407059
40 62 43 48 0.359820644 4.976921896036862
40 62 44 49 0.249967183 4.900241210288331
40 62 45 50 0.180103807 4.544323251132668
40 62 46 51 0.140922882 4.25013399181345
40 62 47 52 0.124778897 4.221586558411783
40 62 48 53 0.116153904 4.158050197872564
40 62 49 54 0.117937603 4.2219026360987915
40 62 50 55 0.127449188 4.311929275519211
40 62 51 56 0.142293501 4.291470886993648
40 62 52 57 0.181543957 4.580660668087539
40 62 53 58 0.252648982 4.952813959317991
40 62 54 59 0.391376459 5.413391646284956
40 62 55 60 0.772635723 6.493431966475749
40 62 56 61 2.02725801 7.508502248089173
41 53 42 45 2.1049854 8.433979519314958
41 53 43 46 0.61479834 5.633384016117667
41 53 44 47 0.377145739 5.331772273387932
41 53 45 48 0.295869507 5.103145323362384
41 53 46 49 0.286932937 4.94900772444314
41 53 47 50 0.355623789 5.027512873338761
41 53 48 51 0.689403269 6.316987381982632
41 53 49 52 2.00949829 8.051394286135395
41 63 42 47 2.22090572 8.225729290083853
41 63 43 48 0.665126226 5.589894136502116
41 63 44 49 0.384920572 5.324095921027348
41 63 45 50 0.247061204 4.843273740074321
41 63 46 51 0.174770837 4.409763410492581
41 63 47 52 0.143047075 4.314198143400076
41 63 48 53 0.123429216 4.175923427027125
41 63 49 54 0.116893905 4.1845405800165505
41 63 50 55 0.119216846 4.26769667681633
41 63 51 56 0.124620549 4.216229243958591
41 63 52 57 0.146162559 4.408158927209131
41 63 53 58 0.185163523 4.67198843181887
41 63 54 59 0.254464466 4.988403869187956
41 63 55 60 0.417433746 5.773807548996799
41 63 56 61 0.75939854 6.3821832309079145
41 63 57 62 1.88926134 6.997393991610354
42 54 43 46 2.03166843 8.140222696394368
42 54 44 47 0.754531673 6.913757552326381
42 54 45 48 0.420735967 5.948014603626902
42 54 46 49 0.29782641 5.13689790737816
42 54 47 50 0.277549649 4.787165151477477
42 54 48 51 0.36643116 5.180298481360748
42 54 49 52 0.667402756 6.115397152769279
42 54 50 53 2.06593676 8.277524548170216
42 64 43 48 2.15511014 7.982037437390504
42 64 44 49 0.815425314 6.853046840291029
42 64 45 50 0.423566548 5.858634467815439
42 64 46 51 0.256231035 5.023034871988903
42 64 47 52 0.187819714 4.7390086171320505
42 64 48 53 0.146879824 4.4297911299740305
42 64 49 54 0.127861296 4.325871934376134
42 64 50 55 0.122182266 4.373852086089317
42 64 51 56 0.119164816 4.265834119086068
42 64 52 57 0.12890087 4.361043359435889
42 64 53 58 0.149969951 4.522987164679882
42 64 54 59 0.187664207 4.7350849128662444
42 64 55 60 0.272982277 5.3514184837365
42 64 56 61 0.420733997 5.8194555454033585
42 64 57 62 0.7446502 6.258234338101605
42 64 58 63 2.25390267 8.347942482500878
43 55 44 47 2.15229482 8.623532700705512
43 55 45 48 0.75209574 6.891437150442189
43 55 46 49 0.392101361 5.543202398310729
43 55 47 50 0.285627064 4.926484079609219
43 55 48 51 0.276970174 4.7771703900495766
43 55 49 52 0.363430951 5.137884025869395
43 55 50 53 0.686962204 6.294619955692404
43 55 51 54 1.92501145 7.712883492563317
44 56 45 48 2.01762216 8.08394394334327
44 56 46 49 0.658896592 6.037455354299108
44 56 47 50 0.366485742 5.1810701162067305
44 56 48 51 0.271946574 4.690523539867603
44 56 49 52 0.277034483 4.778279589087787
44 56 50 53 0.396471326 5.60498132304273
44 56 51 54 0.710429253 6.509648022850247
44 56 52 55 1.80035144 7.213412108477899
45 57 46 49 2.19106448 8.778869891362895
45 57 47 50 0.724451765 6.638135999845464
45 57 48 51 0.370278734 5.234692277317192
45 57 49 52 0.276302789 4.765659360487371
45 57 50 53 0.303975711 5.242960803004974
45 57 51 54 0.408133807 5.769855763887768
45 57 52 55 0.672128 6.158694462293335
45 57 53 56 1.83295121 7.344028592808089
46 58 47 50 2.2566964 9.041835263518596
46 58 48 51 0.694522477 6.36389457519721
46 58 49 52 0.361662898 5.112888765447587
46 58 50 53 0.300946364 5.190710748132331
46 58 51 54 0.307206573 5.298686580469865
46 58 52 55 0.37937031 5.3632214049873825
46 58 53 56 0.646884774 5.92739132334269
46 58 54 57 2.09086222 8.377392613359412
47 59 48 51 1.99680093 8.000520168818777
47 59 49 52 0.630061731 5.773242140801533
47 59 50 53 0.386416041 5.4628280803568465
47 59 51 54 0.304771773 5.256691248273221
47 59 52 55 0.2938968 5.069120152592035
47 59 53 56 0.368265945 5.206237143206874
47 59 54 57 0.728839094 6.678337001465036
47 59 55 58 2.13099073 8.538174266040055
48 60 49 52 1.91798781 7.684742092669977
48 60 50 53 0.712020163 6.524225497091771
48 60 51 54 0.408615372 5.776663728685784
48 60 52 55 0.298052785 5.140802414247725
48 60 53 56 0.275966162 4.759853231568626
48 60 54 57 0.379523208 5.365382949538351
48 60 55 58 0.72150749 6.611157671107533
48 60 56 59 2.09616829 8.398652278964718
49 61 50 53 1.96520362 7.873920209785596
49 61 51 54 0.71934569 6.591349144028486
49 61 52 55 0.393834217 5.5677000728677095
49 61 53 56 0.274317993 4.731425679132609
49 61 54 57 0.271603943 4.68461385419902
49 61 55 58 0.369386097 5.222072919030341
49 61 56 59 0.654668176 5.998710469093504
49 61 57 60 1.86741339 7.482107137348562
50 62 51 54 1.88752724 7.562696674432559
50 62 52 55 0.678241447 6.214711846161324
50 62 53 56 0.353746375 5.000971558203101
50 62 54 57 0.268598706 4.632779647633942
50 62 55 58 0.286636607 4.9438966365550865
50 62 56 59 0.390696923 5.523347623846228
50 62 57 60 0.722341757 6.618802041752669
50 62 58 61 1.90500546 7.63272611478596
51 63 52 55 2.28067331 9.137902802930727
51 63 53 56 0.691661518 6.337679669182063
51 63 54 57 0.36372427 5.142030725539408
51 63 55 58 0.286067151 4.934074682435089
51 63 56 59 0.301068683 5.19282050131081
51 63 57 60 0.414607989 5.861382355629183
51 63 58 61 0.702586417 6.4377842846309274
51 63 59 62 1.7687428 7.0867667538861765
52 64 53 56 2.00776089 8.044433099603244
52 64 54 57 0.661002307 6.056749975724889
52 64 55 58 0.369864472 5.228835786265816
52 64 56 59 0.300065214 5.175512708471959
52 64 57 60 0.318094586 5.486482589545106
52 64 58 61 0.410970318 5.809955993425188
52 64 59 62 0.68714937 6.296334953739993
52 64 60 63 2.11952274 8.492225827258622
