64
# x y z
0.0 0.0 0.0
0.5 0.0 0.0
1.0 0.0 0.0
1.5 0.0 0.0
2.0 0.0 0.0
2.5 0.0 0.0
3.0 0.0 0.0
3.5 0.0 0.0
4.0 0.0 0.0
4.5 0.0 0.0
5.0 0.0 0.0
5.5 0.0 0.0
6.0 0.0 0.0
6.5 0.0 0.0
7.0 0.0 0.0
7.5 0.0 0.0
8.0 0.0 0.0
8.5 0.0 0.0
9.0 0.0 0.0
9.5 0.0 0.0
10.0 0.0 0.0
10.5 0.0 0.0
11.0 0.0 0.0
11.5 0.0 0.0
12.0 0.0 0.0
12.5 0.0 0.0
13.0 0.0 0.0
13.5 0.0 0.0
14.0 0.0 0.0
14.5 0.0 0.0
15.0 0.0 0.0
15.5 0.0 0.0
16.0 0.0 0.0
16.5 0.0 0.0
17.0 0.0 0.0
17.5 0.0 0.0
18.0 0.0 0.0
18.5 0.0 0.0
19.0 0.0 0.0
19.5 0.0 0.0
20.0 0.0 0.0
20.5 0.0 0.0
21.0 0.0 0.0
21.5 0.0 0.0
22.0 0.0 0.0
22.5 0.0 0.0
23.0 0.0 0.0
23.5 0.0 0.0
24.0 0.0 0.0
24.5 0.0 0.0
25.0 0.0 0.0
25.5 0.0 0.0
26.0 0.0 0.0
26.5 0.0 0.0
27.0 0.0 0.0
27.5 0.0 0.0
28.0 0.0 0.0
28.5 0.0 0.0
29.0 0.0 0.0
29.5 0.0 0.0
30.0 0.0 0.0
30.5 0.0 0.0
31.0 0.0 0.0
31.5 0.0 0.0
1394
# a b m n r rhoa k
1 13 2 5 1.68634 6.7566 4.00667
1 13 3 6 0.541926 4.96566 9.16298
1 13 4 7 0.329907 4.66395 14.1372
1 13 5 8 0.253928 4.37974 17.248
1 13 6 9 0.243479 4.19952 17.248
1 13 7 10 0.340588 4.81495 14.1372
1 13 8 11 0.601008 5.50703 9.16298
1 13 9 12 1.5129 6.06171 4.00667
1 23 2 7 1.78114 6.59692 3.70377
1 23 3 8 0.581247 4.88495 8.40426
1 23 4 9 0.327499 4.52986 13.8317
1 23 5 10 0.220831 4.32908 19.6035
1 23 6 11 0.15928 4.01891 25.2317
1 23 7 12 0.125296 3.77885 30.1593
1 23 8 13 0.11204 3.79061 33.8325
1 23 9 14 0.107719 3.85611 35.7978
1 23 10 15 0.106238 3.80308 35.7978
1 23 11 16 0.116789 3.95128 33.8325
1 23 12 17 0.135962 4.10052 30.1593
1 23 13 18 0.170344 4.29806 25.2317
1 23 14 19 0.232636 4.56049 19.6035
1 23 15 20 0.337349 4.6661 13.8317
1 23 16 21 0.665302 5.59138 8.40426
1 23 17 22 1.67018 6.18596 3.70377
1 57 4 16 0.386084 4.45617 11.542
1 57 5 17 0.26229 4.26352 16.255
1 57 6 18 0.189057 4.03464 21.3409
1 57 7 19 0.145586 3.89496 26.7536
1 57 8 20 0.12038 3.90508 32.4396
1 57 9 21 0.102551 3.93162 38.3381
1 57 10 22 0.087207 3.87033 44.381
1 57 11 23 0.0771788 3.89701 50.4932
1 57 12 24 0.0698318 3.95202 56.5934
1 57 13 25 0.0634748 3.97319 62.5948
1 57 14 26 0.0576888 3.94629 68.4065
1 57 15 27 0.0536445 3.96625 73.9358
1 57 16 28 0.0502134 3.97134 79.0892
1 57 17 29 0.0476384 3.99095 83.7758
1 57 18 30 0.0454041 3.99144 87.9092
1 57 19 31 0.0437519 3.99938 91.4105
1 57 20 32 0.0426772 4.02064 94.2106
1 57 21 33 0.041923 4.03522 96.2531
1 57 22 34 0.0415498 4.05093 97.4958
1 57 23 35 0.0414413 4.05764 97.913
1 57 24 36 0.0413667 4.03308 97.4958
1 57 25 37 0.0424103 4.08212 96.2531
1 57 26 38 0.0429657 4.04782 94.2106
1 57 27 39 0.0439491 4.01741 91.4105
1 57 28 40 0.0459772 4.04182 87.9092
1 57 29 41 0.0479468 4.01678 83.7758
1 57 30 42 0.0514566 4.06966 79.0892
1 57 31 43 0.0541279 4.00199 73.9358
1 57 32 44 0.0594057 4.06374 68.4065
1 57 33 45 0.064648 4.04663 62.5948
1 57 34 46 0.0699942 3.96121 56.5934
1 57 35 47 0.0769047 3.88317 50.4932
1 57 36 48 0.0857334 3.80493 44.381
1 57 37 49 0.102941 3.94656 38.3381
1 57 38 50 0.121711 3.94826 32.4396
1 57 39 51 0.154051 4.12143 26.7536
1 57 40 52 0.195967 4.18211 21.3409
1 57 41 53 0.26158 4.25199 16.255
1 57 42 54 0.389771 4.49872 11.542
2 14 4 7 0.533977 4.89282 9.16298
2 14 5 8 0.321521 4.5454 14.1372
2 14 6 9 0.239845 4.13683 17.248
2 14 7 10 0.249447 4.30246 17.248
2 14 8 11 0.330027 4.66564 14.1372
2 14 9 12 0.538403 4.93337 9.16298
2 14 10 13 1.31387 5.26426 4.00667
2 24 4 9 0.569647 4.78746 8.40426
2 24 5 10 0.328143 4.53877 13.8317
2 24 6 11 0.211803 4.15209 19.6035
2 24 7 12 0.152272 3.84208 25.2317
2 24 8 13 0.126983 3.82972 30.1593
2 24 9 14 0.114256 3.86558 33.8325
2 24 10 15 0.105954 3.7929 35.7978
2 24 11 16 0.108978 3.90118 35.7978
2 24 12 17 0.119081 4.02881 33.8325
2 24 13 18 0.138354 4.17265 30.1593
2 24 14 19 0.174335 4.39876 25.2317
2 24 15 20 0.228604 4.48144 19.6035
2 24 16 21 0.376969 5.21412 13.8317
2 24 17 22 0.702598 5.90482 8.40426
2 24 18 23 1.87836 6.95704 3.70377
2 58 5 17 0.383355 4.42466 11.542
2 58 6 18 0.25306 4.11349 16.255
2 58 7 19 0.183284 3.91145 21.3409
2 58 8 20 0.145721 3.89856 26.7536
2 58 9 21 0.120745 3.91691 32.4396
2 58 10 22 0.10026 3.84376 38.3381
2 58 11 23 0.0871296 3.8669 44.381
2 58 12 24 0.0776939 3.92302 50.4932
2 58 13 25 0.0694266 3.92909 56.5934
2 58 14 26 0.0624971 3.91199 62.5948
2 58 15 27 0.0573474 3.92294 68.4065
2 58 16 28 0.053147 3.92947 73.9358
2 58 17 29 0.0499395 3.94967 79.0892
2 58 18 30 0.0471143 3.94704 83.7758
2 58 19 31 0.0448989 3.94703 87.9092
2 58 20 32 0.0438003 4.00381 91.4105
2 58 21 33 0.042529 4.00668 94.2106
2 58 22 34 0.0418142 4.02475 96.2531
2 58 23 35 0.0412974 4.02632 97.4958
2 58 24 36 0.0409777 4.01225 97.913
2 58 25 37 0.0415967 4.0555 97.4958
2 58 26 38 0.0417921 4.02261 96.2531
2 58 27 39 0.0424758 4.00167 94.2106
2 58 28 40 0.0440625 4.02777 91.4105
2 58 29 41 0.0456601 4.01395 87.9092
2 58 30 42 0.0484739 4.06094 83.7758
2 58 31 43 0.0505951 4.00153 79.0892
2 58 32 44 0.0547547 4.04833 73.9358
2 58 33 45 0.0588494 4.02569 68.4065
2 58 34 46 0.0628375 3.9333 62.5948
2 58 35 47 0.068122 3.85526 56.5934
2 58 36 48 0.0748294 3.77838 50.4932
2 58 37 49 0.0874616 3.88163 44.381
2 58 38 50 0.100953 3.87035 38.3381
2 58 39 51 0.123224 3.99735 32.4396
2 58 40 52 0.149984 4.01262 26.7536
2 58 41 53 0.188766 4.02845 21.3409
2 58 42 54 0.255392 4.15139 16.255
2 58 43 55 0.360622 4.16228 11.542
3 15 4 7 1.47922 5.92673 4.00667
3 15 5 8 0.588672 5.39399 9.16298
3 15 6 9 0.326866 4.62096 14.1372
3 15 7 10 0.250064 4.3131 17.248
3 15 8 11 0.254991 4.39808 17.248
3 15 9 12 0.317343 4.48634 14.1372
3 15 10 13 0.50257 4.60504 9.16298
3 15 11 14 1.37216 5.49779 4.00667
3 25 4 9 1.56767 5.80629 3.70377
3 25 5 10 0.634679 5.33401 8.40426
3 25 6 11 0.338132 4.67694 13.8317
3 25 7 12 0.211459 4.14534 19.6035
3 25 8 13 0.159486 4.0241 25.2317
3 25 9 14 0.132258 3.98882 30.1593
3 25 10 15 0.113647 3.84496 33.8325
3 25 11 16 0.108644 3.88922 35.7978
3 25 12 17 0.110716 3.96339 35.7978
3 25 13 18 0.119245 4.03437 33.8325
3 25 14 19 0.137966 4.16094 30.1593
3 25 15 20 0.165007 4.16341 25.2317
3 25 16 21 0.234923 4.60531 19.6035
3 25 17 22 0.364587 5.04285 13.8317
3 25 18 23 0.673648 5.66151 8.40426
3 25 19 24 1.58506 5.87071 3.70377
3 59 6 18 0.395677 4.56689 11.542
3 59 7 19 0.256336 4.16674 16.255
3 59 8 20 0.190765 4.07111 21.3409
3 59 9 21 0.151069 4.04165 26.7536
3 59 10 22 0.120999 3.92514 32.4396
3 59 11 23 0.102421 3.92661 38.3381
3 59 12 24 0.0895469 3.97418 44.381
3 59 13 25 0.0787513 3.97641 50.4932
3 59 14 26 0.0696676 3.94272 56.5934
3 59 15 27 0.0630411 3.94604 62.5948
3 59 16 28 0.0577569 3.95095 68.4065
3 59 17 29 0.0537129 3.9713 73.9358
3 59 18 30 0.0503043 3.97853 79.0892
3 59 19 31 0.0473398 3.96593 83.7758
3 59 20 32 0.0456723 4.01502 87.9092
3 59 21 33 0.043975 4.01977 91.4105
3 59 22 34 0.0428618 4.03804 94.2106
3 59 23 35 0.0420028 4.0429 96.2531
3 59 24 36 0.0413622 4.03264 97.4958
3 59 25 37 0.0415991 4.07309 97.913
3 59 26 38 0.0415507 4.05102 97.4958
3 59 27 39 0.0418579 4.02895 96.2531
3 59 28 40 0.0430522 4.05597 94.2106
3 59 29 41 0.0442115 4.04139 91.4105
3 59 30 42 0.0464036 4.07931 87.9092
3 59 31 43 0.0480748 4.02751 83.7758
3 59 32 44 0.0515786 4.07931 79.0892
3 59 33 45 0.0549011 4.05916 73.9358
3 59 34 46 0.0580776 3.97289 68.4065
3 59 35 47 0.0622142 3.89428 62.5948
3 59 36 48 0.0675235 3.82139 56.5934
3 59 37 49 0.0775273 3.91461 50.4932
3 59 38 50 0.0878881 3.90056 44.381
3 59 39 51 0.104562 4.0087 38.3381
3 59 40 52 0.123543 4.00767 32.4396
3 59 41 53 0.149873 4.00964 26.7536
3 59 42 54 0.191764 4.09242 21.3409
3 59 43 55 0.251325 4.08529 16.255
3 59 44 56 0.390185 4.5035 11.542
4 16 5 8 1.64127 6.57603 4.00667
4 16 6 9 0.593875 5.44166 9.16298
4 16 7 10 0.327701 4.63276 14.1372
4 16 8 11 0.257268 4.43734 17.248
4 16 9 12 0.252502 4.35514 17.248
4 16 10 13 0.308249 4.35776 14.1372
4 16 11 14 0.539335 4.94191 9.16298
4 16 12 15 1.45835 5.84313 4.00667
4 26 5 10 1.7413 6.44938 3.70377
4 26 6 11 0.644214 5.41414 8.40426
4 26 7 12 0.3295 4.55753 13.8317
4 26 8 13 0.21866 4.28652 19.6035
4 26 9 14 0.164786 4.15783 25.2317
4 26 10 15 0.130464 3.93469 30.1593
4 26 11 16 0.116404 3.93823 33.8325
4 26 12 17 0.111204 3.98086 35.7978
4 26 13 18 0.111968 4.00822 35.7978
4 26 14 19 0.120472 4.07588 33.8325
4 26 15 20 0.133996 4.04122 30.1593
4 26 16 21 0.171396 4.3246 25.2317
4 26 17 22 0.235778 4.62208 19.6035
4 26 18 23 0.361821 5.00459 13.8317
4 26 19 24 0.617572 5.19024 8.40426
4 26 20 25 1.59816 5.91921 3.70377
4 60 7 19 0.390065 4.50211 11.542
4 60 8 20 0.263018 4.27536 16.255
4 60 9 21 0.195205 4.16586 21.3409
4 60 10 22 0.149267 3.99343 26.7536
4 60 11 23 0.122384 3.9701 32.4396
4 60 12 24 0.104404 4.00264 38.3381
4 60 13 25 0.089941 3.99167 44.381
4 60 14 26 0.078159 3.9465 50.4932
4 60 15 27 0.0696107 3.93951 56.5934
4 60 16 28 0.0628518 3.93419 62.5948
4 60 17 29 0.0577974 3.95372 68.4065
4 60 18 30 0.0535436 3.95879 73.9358
4 60 19 31 0.0499063 3.94705 79.0892
4 60 20 32 0.0475972 3.98749 83.7758
4 60 21 33 0.0454567 3.99607 87.9092
4 60 22 34 0.0439313 4.01578 91.4105
4 60 23 35 0.0427273 4.02536 94.2106
4 60 24 36 0.041765 4.02001 96.2531
4 60 25 37 0.0416789 4.06352 97.4958
4 60 26 38 0.0413131 4.04509 97.913
4 60 27 39 0.0412919 4.02579 97.4958
4 60 28 40 0.042076 4.04995 96.2531
4 60 29 41 0.0428604 4.03791 94.2106
4 60 30 42 0.0446077 4.07761 91.4105
4 60 31 43 0.0457874 4.02513 87.9092
4 60 32 44 0.0486738 4.07769 83.7758
4 60 33 45 0.0512914 4.0566 79.0892
4 60 34 46 0.0537663 3.97526 73.9358
4 60 35 47 0.0569892 3.89843 68.4065
4 60 36 48 0.0611027 3.82471 62.5948
4 60 37 49 0.0690025 3.90509 56.5934
4 60 38 50 0.0770021 3.88809 50.4932
4 60 39 51 0.0894318 3.96907 44.381
4 60 40 52 0.103099 3.95262 38.3381
4 60 41 53 0.121315 3.93541 32.4396
4 60 42 54 0.148656 3.97709 26.7536
4 60 43 55 0.184693 3.94153 21.3409
4 60 44 56 0.260005 4.22638 16.255
4 60 45 57 0.398487 4.59931 11.542
5 17 6 9 1.6177 6.48159 4.00667
5 17 7 10 0.569262 5.21614 9.16298
5 17 8 11 0.334114 4.72343 14.1372
5 17 9 12 0.257813 4.44676 17.248
5 17 10 13 0.248712 4.28978 17.248
5 17 11 14 0.336115 4.75171 14.1372
5 17 12 15 0.620872 5.68904 9.16298
5 17 13 16 1.80482 7.2313 4.00667
5 27 6 11 1.72083 6.37358 3.70377
5 27 7 12 0.608355 5.11277 8.40426
5 27 8 13 0.334768 4.6304 13.8317
5 27 9 14 0.223324 4.37794 19.6035
5 27 10 15 0.160708 4.05495 25.2317
5 27 11 16 0.132816 4.00563 30.1593
5 27 12 17 0.119 4.02608 33.8325
5 27 13 18 0.112118 4.01358 35.7978
5 27 14 19 0.112648 4.03256 35.7978
5 27 15 20 0.117538 3.97661 33.8325
5 27 16 21 0.137985 4.16152 30.1593
5 27 17 22 0.173445 4.37632 25.2317
5 27 18 23 0.236408 4.63444 19.6035
5 27 19 24 0.343194 4.74694 13.8317
5 27 20 25 0.617473 5.18941 8.40426
5 27 21 26 1.57499 5.8334 3.70377
5 61 8 20 0.394794 4.55669 11.542
5 61 9 21 0.266628 4.33404 16.255
5 61 10 22 0.191134 4.07898 21.3409
5 61 11 23 0.15054 4.02749 26.7536
5 61 12 24 0.124722 4.04592 32.4396
5 61 13 25 0.104742 4.01562 38.3381
5 61 14 26 0.089049 3.95208 44.381
5 61 15 27 0.0780832 3.94267 50.4932
5 61 16 28 0.069477 3.93194 56.5934
5 61 17 29 0.0631292 3.95156 62.5948
5 61 18 30 0.0577517 3.95059 68.4065
5 61 19 31 0.0532959 3.94047 73.9358
5 61 20 32 0.0504098 3.98687 79.0892
5 61 21 33 0.0476312 3.99034 83.7758
5 61 22 34 0.0456389 4.01208 87.9092
5 61 23 35 0.0439976 4.02184 91.4105
5 61 24 36 0.0426779 4.02071 94.2106
5 61 25 37 0.0422342 4.06517 96.2531
5 61 26 38 0.0415656 4.05247 97.4958
5 61 27 39 0.0412433 4.03825 97.913
5 61 28 40 0.0416972 4.0653 97.4958
5 61 29 41 0.0421347 4.05559 96.2531
5 61 30 42 0.0434994 4.09811 94.2106
5 61 31 43 0.0442584 4.04568 91.4105
5 61 32 44 0.0466062 4.09711 87.9092
5 61 33 45 0.0486673 4.07714 83.7758
5 61 34 46 0.0505491 3.99789 79.0892
5 61 35 47 0.053154 3.92998 73.9358
5 61 36 48 0.0564735 3.86316 68.4065
5 61 37 49 0.0629304 3.93911 62.5948
5 61 38 50 0.0693648 3.92559 56.5934
5 61 39 51 0.0791859 3.99835 50.4932
5 61 40 52 0.0895556 3.97457 44.381
5 61 41 53 0.103067 3.95137 38.3381
5 61 42 54 0.122442 3.97198 32.4396
5 61 43 55 0.146747 3.926 26.7536
5 61 44 56 0.194344 4.14749 21.3409
5 61 45 57 0.272284 4.42598 16.255
5 61 46 58 0.437577 5.05049 11.542
6 18 7 10 1.48304 5.94203 4.00667
6 18 8 11 0.573095 5.25125 9.16298
6 18 9 12 0.332856 4.70565 14.1372
6 18 10 13 0.248434 4.28498 17.248
6 18 11 14 0.260427 4.49183 17.248
6 18 12 15 0.362699 5.12754 14.1372
6 18 13 16 0.698443 6.39982 9.16298
6 18 14 17 1.86069 7.45516 4.00667
6 28 7 12 1.57266 5.82476 3.70377
6 28 8 13 0.613345 5.15471 8.40426
6 28 9 14 0.340477 4.70937 13.8317
6 28 10 15 0.216906 4.25213 19.6035
6 28 11 16 0.164128 4.14122 25.2317
6 28 12 17 0.13689 4.12851 30.1593
6 28 13 18 0.120167 4.06556 33.8325
6 28 14 19 0.11262 4.03154 35.7978
6 28 15 20 0.110453 3.95398 35.7978
6 28 16 21 0.120249 4.06832 33.8325
6 28 17 22 0.140082 4.22476 30.1593
6 28 18 23 0.174857 4.41194 25.2317
6 28 19 24 0.228782 4.48493 19.6035
6 28 20 25 0.350538 4.84852 13.8317
6 28 21 26 0.634287 5.33071 8.40426
6 28 22 27 1.75349 6.49454 3.70377
6 62 9 21 0.399673 4.61301 11.542
6 62 10 22 0.260517 4.2347 16.255
6 62 11 23 0.193731 4.13441 21.3409
6 62 12 24 0.154465 4.1325 26.7536
6 62 13 25 0.125517 4.0717 32.4396
6 62 14 26 0.103847 3.98128 38.3381
6 62 15 27 0.0891957 3.95859 44.381
6 62 16 28 0.0779267 3.93477 50.4932
6 62 17 29 0.0697986 3.95014 56.5934
6 62 18 30 0.0630552 3.94692 62.5948
6 62 19 31 0.0573588 3.92372 68.4065
6 62 20 32 0.053586 3.96192 73.9358
6 62 21 33 0.0501387 3.96543 79.0892
6 62 22 34 0.0475562 3.98406 83.7758
6 62 23 35 0.0454654 3.99683 87.9092
6 62 24 36 0.043758 3.99994 91.4105
6 62 25 37 0.0429478 4.04614 94.2106
6 62 26 38 0.0419212 4.03504 96.2531
6 62 27 39 0.0412346 4.0202 97.4958
6 62 28 40 0.0413537 4.04907 97.913
6 62 29 41 0.0413866 4.03502 97.4958
6 62 30 42 0.0423749 4.07871 96.2531
6 62 31 43 0.0426587 4.0189 94.2106
6 62 32 44 0.0445833 4.07539 91.4105
6 62 33 45 0.0461484 4.05687 87.9092
6 62 34 46 0.0475066 3.9799 83.7758
6 62 35 47 0.0494671 3.91231 79.0892
6 62 36 48 0.0520195 3.8461 73.9358
6 62 37 49 0.057244 3.91586 68.4065
6 62 38 50 0.0622517 3.89663 62.5948
6 62 39 51 0.0697459 3.94716 56.5934
6 62 40 52 0.0775049 3.91347 50.4932
6 62 41 53 0.0873198 3.87534 44.381
6 62 42 54 0.100955 3.87041 38.3381
6 62 43 55 0.117262 3.80394 32.4396
6 62 44 56 0.14734 3.94188 26.7536
6 62 45 57 0.192234 4.10246 21.3409
6 62 46 58 0.276025 4.48678 16.255
6 62 47 59 0.413228 4.76945 11.542
7 19 8 11 1.49178 5.97705 4.00667
7 19 9 12 0.551994 5.05791 9.16298
7 19 10 13 0.307374 4.3454 14.1372
7 19 11 14 0.249736 4.30744 17.248
7 19 12 15 0.265872 4.58575 17.248
7 19 13 16 0.3717 5.25479 14.1372
7 19 14 17 0.651647 5.97102 9.16298
7 19 15 18 1.70856 6.84563 4.00667
7 29 8 13 1.58206 5.85958 3.70377
7 29 9 14 0.600715 5.04856 8.40426
7 29 10 15 0.318612 4.40694 13.8317
7 29 11 16 0.216869 4.25141 19.6035
7 29 12 17 0.167279 4.22074 25.2317
7 29 13 18 0.136467 4.11575 30.1593
7 29 14 19 0.119423 4.0404 33.8325
7 29 15 20 0.11026 3.94704 35.7978
7 29 16 21 0.112011 4.00975 35.7978
7 29 17 22 0.121956 4.12608 33.8325
7 29 18 23 0.141136 4.25655 30.1593
7 29 19 24 0.169938 4.28781 25.2317
7 29 20 25 0.233781 4.58294 19.6035
7 29 21 26 0.354536 4.90383 13.8317
7 29 22 27 0.683561 5.74482 8.40426
7 29 23 28 1.83982 6.81427 3.70377
7 63 10 22 0.377203 4.35366 11.542
7 63 11 23 0.25907 4.21118 16.255
7 63 12 24 0.196332 4.18992 21.3409
7 63 13 25 0.153297 4.10124 26.7536
7 63 14 26 0.122831 3.98459 32.4396
7 63 15 27 0.103037 3.95024 38.3381
7 63 16 28 0.0883021 3.91893 44.381
7 63 17 29 0.0778492 3.93086 50.4932
7 63 18 30 0.069231 3.91802 56.5934
7 63 19 31 0.0621276 3.88886 62.5948
7 63 20 32 0.0574624 3.9308 68.4065
7 63 21 33 0.0532144 3.93445 73.9358
7 63 22 34 0.0499687 3.95198 79.0892
7 63 23 35 0.047263 3.9595 83.7758
7 63 24 36 0.0451203 3.96649 87.9092
7 63 25 37 0.0438022 4.00398 91.4105
7 63 26 38 0.0423988 3.99442 94.2106
7 63 27 39 0.0413764 3.98261 96.2531
7 63 28 40 0.0411051 4.00757 97.4958
7 63 29 41 0.0408548 4.00022 97.913
7 63 30 42 0.0414159 4.03788 97.4958
7 63 31 43 0.041373 3.98228 96.2531
7 63 32 44 0.0427677 4.02917 94.2106
7 63 33 45 0.0437824 4.00217 91.4105
7 63 34 46 0.0446199 3.9225 87.9092
7 63 35 47 0.045956 3.85 83.7758
7 63 36 48 0.0479213 3.79006 79.0892
7 63 37 49 0.0518361 3.83254 73.9358
7 63 38 50 0.0556669 3.80798 68.4065
7 63 39 51 0.061518 3.85071 62.5948
7 63 40 52 0.0671471 3.80009 56.5934
7 63 41 53 0.0742165 3.74743 50.4932
7 63 42 54 0.0836315 3.71165 44.381
7 63 43 55 0.0943714 3.61802 38.3381
7 63 44 56 0.113432 3.6797 32.4396
7 63 45 57 0.139729 3.73826 26.7536
7 63 46 58 0.184054 3.92789 21.3409
7 63 47 59 0.245966 3.99818 16.255
7 63 48 60 0.360613 4.16218 11.542
8 20 9 12 1.40436 5.62682 4.00667
8 20 10 13 0.493013 4.51747 9.16298
8 20 11 14 0.30769 4.34986 14.1372
8 20 12 15 0.257861 4.44758 17.248
8 20 13 16 0.274356 4.73208 17.248
8 20 14 17 0.360348 5.0943 14.1372
8 20 15 18 0.631701 5.78827 9.16298
8 20 16 19 1.65352 6.62509 4.00667
8 30 9 14 1.5016 5.5616 3.70377
8 30 10 15 0.540349 4.54123 8.40426
8 30 11 16 0.313018 4.32957 13.8317
8 30 12 17 0.218441 4.28222 19.6035
8 30 13 18 0.164003 4.13808 25.2317
8 30 14 19 0.133122 4.01486 30.1593
8 30 15 20 0.11566 3.91307 33.8325
8 30 16 21 0.110209 3.94524 35.7978
8 30 17 22 0.112702 4.0345 35.7978
8 30 18 23 0.121898 4.12412 33.8325
8 30 19 24 0.136572 4.1189 30.1593
8 30 20 25 0.17298 4.36457 25.2317
8 30 21 26 0.233148 4.57053 19.6035
8 30 22 27 0.372568 5.15325 13.8317
8 30 23 28 0.70339 5.91147 8.40426
8 30 24 29 1.78534 6.61251 3.70377
8 64 11 23 0.369352 4.26305 11.542
8 64 12 24 0.259611 4.21999 16.255
8 64 13 25 0.191929 4.09595 21.3409
8 64 14 26 0.147803 3.95426 26.7536
8 64 15 27 0.120568 3.91116 32.4396
8 64 16 28 0.101056 3.87431 38.3381
8 64 17 29 0.0875959 3.88759 44.381
8 64 18 30 0.0766904 3.87234 50.4932
8 64 19 31 0.0678448 3.83957 56.5934
8 64 20 32 0.0621908 3.89282 62.5948
8 64 21 33 0.0568918 3.89177 68.4065
8 64 22 34 0.0529527 3.9151 73.9358
8 64 23 35 0.0496692 3.9283 79.0892
8 64 24 36 0.0470576 3.94229 83.7758
8 64 25 37 0.0453246 3.98445 87.9092
8 64 26 38 0.0436033 3.9858 91.4105
8 64 27 39 0.0422521 3.98059 94.2106
8 64 28 40 0.0416885 4.01265 96.2531
8 64 29 41 0.0411671 4.01362 97.4958
8 64 30 42 0.0414712 4.06057 97.913
8 64 31 43 0.0411591 4.01284 97.4958
8 64 32 44 0.0422194 4.06374 96.2531
8 64 33 45 0.0429333 4.04477 94.2106
8 64 34 46 0.0434769 3.97425 91.4105
8 64 35 47 0.0444986 3.91184 87.9092
8 64 36 48 0.0461109 3.86297 83.7758
8 64 37 49 0.0493939 3.90653 79.0892
8 64 38 50 0.0526573 3.89326 73.9358
8 64 39 51 0.0576515 3.94374 68.4065
8 64 40 52 0.0622646 3.89744 62.5948
8 64 41 53 0.068097 3.85384 56.5934
8 64 42 54 0.07569 3.82184 50.4932
8 64 43 55 0.0841541 3.73484 44.381
8 64 44 56 0.0990456 3.79722 38.3381
8 64 45 57 0.118898 3.85699 32.4396
8 64 46 58 0.15114 4.04353 26.7536
8 64 47 59 0.193488 4.12922 21.3409
8 64 48 60 0.266047 4.32459 16.255
8 64 49 61 0.384095 4.4332 11.542
9 21 10 13 1.26526 5.06948 4.00667
9 21 11 14 0.513208 4.70251 9.16298
9 21 12 15 0.324694 4.59025 14.1372
9 21 13 16 0.261248 4.50599 17.248
9 21 14 17 0.261983 4.51868 17.248
9 21 15 18 0.344688 4.87291 14.1372
9 21 16 19 0.583077 5.34272 9.16298
9 21 17 20 1.32356 5.30305 4.00667
9 31 10 15 1.36374 5.05099 3.70377
9 31 11 16 0.55687 4.68008 8.40426
9 31 12 17 0.327233 4.52619 13.8317
9 31 13 18 0.217774 4.26914 19.6035
9 31 14 19 0.160987 4.06196 25.2317
9 31 15 20 0.129693 3.91146 30.1593
9 31 16 21 0.115213 3.89796 33.8325
9 31 17 22 0.110136 3.94264 35.7978
9 31 18 23 0.111127 3.97809 35.7978
9 31 19 24 0.115849 3.91946 33.8325
9 31 20 25 0.135765 4.09458 30.1593
9 31 21 26 0.165655 4.17977 25.2317
9 31 22 27 0.230699 4.52252 19.6035
9 31 23 28 0.359277 4.9694 13.8317
9 31 24 29 0.638128 5.363 8.40426
9 31 25 30 1.53787 5.69594 3.70377
10 22 11 14 1.55612 6.23485 4.00667
10 22 12 15 0.614664 5.63216 9.16298
10 22 13 16 0.352407 4.98204 14.1372
10 22 14 17 0.263652 4.54746 17.248
10 22 15 18 0.266971 4.60471 17.248
10 22 16 19 0.348658 4.92903 14.1372
10 22 17 20 0.551087 5.0496 9.16298
10 22 18 21 1.63677 6.55801 4.00667
10 32 11 16 1.65758 6.13931 3.70377
10 32 12 17 0.658603 5.53507 8.40426
10 32 13 18 0.353435 4.8886 13.8317
10 32 14 19 0.22551 4.4208 19.6035
10 32 15 20 0.164484 4.15021 25.2317
10 32 16 21 0.134286 4.04998 30.1593
10 32 17 22 0.119329 4.0372 33.8325
10 32 18 23 0.11186 4.00435 35.7978
10 32 19 24 0.108527 3.88503 35.7978
10 32 20 25 0.118567 4.01142 33.8325
10 32 21 26 0.133462 4.02513 30.1593
10 32 22 27 0.168079 4.24091 25.2317
10 32 23 28 0.231484 4.53791 19.6035
10 32 24 29 0.346314 4.7901 13.8317
10 32 25 30 0.598104 5.02662 8.40426
10 32 26 31 1.6181 5.99308 3.70377
11 23 12 15 1.64837 6.60448 4.00667
11 23 13 16 0.603949 5.53397 9.16298
11 23 14 17 0.332885 4.70605 14.1372
11 23 15 18 0.260287 4.48941 17.248
11 23 16 19 0.266679 4.59967 17.248
11 23 17 20 0.328925 4.65006 14.1372
11 23 18 21 0.619627 5.67763 9.16298
11 23 19 22 1.56106 6.25466 4.00667
11 33 12 17 1.74374 6.45843 3.70377
11 33 13 18 0.645236 5.42273 8.40426
11 33 14 19 0.338947 4.6882 13.8317
11 33 15 20 0.220298 4.31862 19.6035
11 33 16 21 0.164655 4.15452 25.2317
11 33 17 22 0.135995 4.10151 30.1593
11 33 18 23 0.11874 4.01726 33.8325
11 33 19 24 0.107469 3.84715 35.7978
11 33 20 25 0.109945 3.93578 35.7978
11 33 21 26 0.115258 3.89947 33.8325
11 33 22 27 0.13361 4.02959 30.1593
11 33 23 28 0.167565 4.22796 25.2317
11 33 24 29 0.224764 4.40616 19.6035
11 33 25 30 0.330217 4.56745 13.8317
11 33 26 31 0.606492 5.09712 8.40426
11 33 27 32 1.47261 5.45422 3.70377
12 24 13 16 1.51221 6.05893 4.00667
12 24 14 17 0.538915 4.93807 9.16298
12 24 15 18 0.31993 4.5229 14.1372
12 24 16 19 0.261233 4.50573 17.248
12 24 17 20 0.261421 4.50898 17.248
12 24 18 21 0.370065 5.23167 14.1372
12 24 19 22 0.648164 5.93911 9.16298
12 24 20 23 1.77816 7.1245 4.00667
12 34 13 18 1.60113 5.93024 3.70377
12 34 14 19 0.583816 4.90654 8.40426
12 34 15 20 0.320851 4.43791 13.8317
12 34 16 21 0.216334 4.2409 19.6035
12 34 17 22 0.165201 4.1683 25.2317
12 34 18 23 0.134014 4.04177 30.1593
12 34 19 24 0.113081 3.82581 33.8325
12 34 20 25 0.108495 3.8839 35.7978
12 34 21 26 0.10653 3.81355 35.7978
12 34 22 27 0.115025 3.8916 33.8325
12 34 23 28 0.133585 4.02884 30.1593
12 34 24 29 0.165338 4.17176 25.2317
12 34 25 30 0.219746 4.3078 19.6035
12 34 26 31 0.342911 4.74303 13.8317
12 34 27 32 0.610736 5.13278 8.40426
12 34 28 33 1.82033 6.74208 3.70377
13 25 14 17 1.32465 5.30743 4.00667
13 25 15 18 0.509419 4.66779 9.16298
13 25 16 19 0.319497 4.51679 14.1372
13 25 17 20 0.255905 4.41383 17.248
13 25 18 21 0.270997 4.67414 17.248
13 25 19 22 0.352972 4.99003 14.1372
13 25 20 23 0.629752 5.77041 9.16298
13 25 21 24 1.47563 5.91237 4.00667
13 35 14 19 1.42321 5.27126 3.70377
13 35 15 20 0.55297 4.6473 8.40426
13 35 16 21 0.319462 4.4187 13.8317
13 35 17 22 0.221304 4.33834 19.6035
13 35 18 23 0.164895 4.16058 25.2317
13 35 19 24 0.128382 3.8719 30.1593
13 35 20 25 0.115074 3.89323 33.8325
13 35 21 26 0.105613 3.7807 35.7978
13 35 22 27 0.106409 3.80921 35.7978
13 35 23 28 0.114918 3.88798 33.8325
13 35 24 29 0.132117 3.98456 30.1593
13 35 25 30 0.161046 4.06345 25.2317
13 35 26 31 0.223545 4.38226 19.6035
13 35 27 32 0.334427 4.62569 13.8317
13 35 28 33 0.667567 5.61041 8.40426
13 35 29 34 1.65575 6.13251 3.70377
14 26 15 18 1.37817 5.52189 4.00667
14 26 16 19 0.546448 5.00709 9.16298
14 26 17 20 0.339542 4.80016 14.1372
14 26 18 21 0.271467 4.68226 17.248
14 26 19 22 0.267053 4.60611 17.248
14 26 20 23 0.357912 5.05986 14.1372
14 26 21 24 0.566478 5.19062 9.16298
14 26 22 25 1.48673 5.95683 4.00667
14 36 15 20 1.48095 5.48511 3.70377
14 36 16 21 0.588276 4.94403 8.40426
14 36 17 22 0.346566 4.79359 13.8317
14 36 18 23 0.229273 4.49456 19.6035
14 36 19 24 0.161404 4.07249 25.2317
14 36 20 25 0.133368 4.02228 30.1593
14 36 21 26 0.114176 3.86286 33.8325
14 36 22 27 0.107674 3.85449 35.7978
14 36 23 28 0.108936 3.89965 35.7978
14 36 24 29 0.11783 3.98648 33.8325
14 36 25 30 0.134316 4.05086 30.1593
14 36 26 31 0.172341 4.34847 25.2317
14 36 27 32 0.233976 4.58675 19.6035
14 36 28 33 0.392782 5.43283 13.8317
14 36 29 34 0.750263 6.30541 8.40426
14 36 30 35 2.17296 8.04816 3.70377
15 27 16 19 1.45836 5.84318 4.00667
15 27 17 20 0.618185 5.66441 9.16298
15 27 18 21 0.36566 5.16939 14.1372
15 27 19 22 0.268566 4.63221 17.248
15 27 20 23 0.275487 4.75159 17.248
15 27 21 24 0.334163 4.72412 14.1372
15 27 22 25 0.56373 5.16545 9.16298
15 27 23 26 1.46646 5.8756 4.00667
15 37 16 21 1.55795 5.7703 3.70377
15 37 17 22 0.666065 5.59779 8.40426
15 37 18 23 0.366569 5.07026 13.8317
15 37 19 24 0.224374 4.39852 19.6035
15 37 20 25 0.166494 4.20091 25.2317
15 37 21 26 0.130441 3.934 30.1593
15 37 22 27 0.113754 3.84859 33.8325
15 37 23 28 0.106329 3.80634 35.7978
15 37 24 29 0.106815 3.82375 35.7978
15 37 25 30 0.112229 3.79699 33.8325
15 37 26 31 0.131131 3.95483 30.1593
15 37 27 32 0.159618 4.02744 25.2317
15 37 28 33 0.225934 4.42912 19.6035
15 37 29 34 0.351315 4.85927 13.8317
15 37 30 35 0.658101 5.53085 8.40426
15 37 31 36 1.50532 5.57534 3.70377
16 28 17 20 1.78572 7.15478 4.00667
16 28 18 21 0.694757 6.36605 9.16298
16 28 19 22 0.367341 5.19316 14.1372
16 28 20 23 0.282654 4.87521 17.248
16 28 21 24 0.265092 4.5723 17.248
16 28 22 25 0.340918 4.81961 14.1372
16 28 23 26 0.582395 5.33647 9.16298
16 28 24 27 1.65151 6.61707 4.00667
16 38 17 22 1.89697 7.02596 3.70377
16 38 18 23 0.739955 6.21877 8.40426
16 38 19 24 0.368214 5.09301 13.8317
16 38 20 25 0.237055 4.64712 19.6035
16 38 21 26 0.166759 4.20762 25.2317
16 38 22 27 0.133764 4.03424 30.1593
16 38 23 28 0.115772 3.91687 33.8325
16 38 24 29 0.108974 3.90101 35.7978
16 38 25 30 0.107035 3.83161 35.7978
16 38 26 31 0.116608 3.94516 33.8325
16 38 27 32 0.131767 3.97401 30.1593
16 38 28 33 0.168439 4.25001 25.2317
16 38 29 34 0.233 4.56762 19.6035
16 38 30 35 0.362064 5.00795 13.8317
16 38 31 36 0.613252 5.15393 8.40426
16 38 32 37 1.69074 6.26212 3.70377
17 29 18 21 1.86154 7.45859 4.00667
17 29 19 22 0.648425 5.9415 9.16298
17 29 20 23 0.368268 5.20627 14.1372
17 29 21 24 0.266981 4.60487 17.248
17 29 22 25 0.268112 4.62438 17.248
17 29 23 26 0.344855 4.87527 14.1372
17 29 24 27 0.637446 5.84091 9.16298
17 29 25 28 1.73455 6.94976 4.00667
17 39 18 23 1.9633 7.27163 3.70377
17 39 19 24 0.691247 5.80942 8.40426
17 39 20 25 0.367363 5.08124 13.8317
17 39 21 26 0.22773 4.46431 19.6035
17 39 22 27 0.166876 4.21055 25.2317
17 39 23 28 0.133385 4.0228 30.1593
17 39 24 29 0.117424 3.97274 33.8325
17 39 25 30 0.107627 3.85281 35.7978
17 39 26 31 0.109922 3.93496 35.7978
17 39 27 32 0.116261 3.9334 33.8325
17 39 28 33 0.136477 4.11606 30.1593
17 39 29 34 0.172311 4.34769 25.2317
17 39 30 35 0.236756 4.64125 19.6035
17 39 31 36 0.340199 4.70552 13.8317
17 39 32 37 0.640094 5.37952 8.40426
17 39 33 38 1.5661 5.80049 3.70377
18 30 19 22 1.70545 6.83319 4.00667
18 30 20 23 0.639341 5.85827 9.16298
18 30 21 24 0.34507 4.87832 14.1372
18 30 22 25 0.270277 4.66173 17.248
18 30 23 26 0.268057 4.62343 17.248
18 30 24 27 0.368928 5.2156 14.1372
18 30 25 28 0.655535 6.00665 9.16298
18 30 26 29 1.67977 6.7303 4.00667
18 40 19 24 1.80496 6.68515 3.70377
18 40 20 25 0.681384 5.72653 8.40426
18 40 21 26 0.34933 4.83181 13.8317
18 40 22 27 0.228606 4.48148 19.6035
18 40 23 28 0.166366 4.19769 25.2317
18 40 24 29 0.135597 4.08951 30.1593
18 40 25 30 0.115171 3.89652 33.8325
18 40 26 31 0.109444 3.91786 35.7978
18 40 27 32 0.108292 3.87662 35.7978
18 40 28 33 0.1174 3.97193 33.8325
18 40 29 34 0.136563 4.11865 30.1593
18 40 30 35 0.170225 4.29508 25.2317
18 40 31 36 0.21833 4.28004 19.6035
18 40 32 37 0.343134 4.74612 13.8317
18 40 33 38 0.583128 4.90076 8.40426
18 40 34 39 1.43361 5.30975 3.70377
19 31 20 23 1.68404 6.74739 4.00667
19 31 21 24 0.580187 5.31625 9.16298
19 31 22 25 0.347437 4.91178 14.1372
19 31 23 26 0.264339 4.5593 17.248
19 31 24 27 0.273911 4.7244 17.248
19 31 25 28 0.356009 5.03296 14.1372
19 31 26 29 0.593024 5.43387 9.16298
19 31 27 30 1.43149 5.7355 4.00667
19 41 20 25 1.78416 6.60811 3.70377
19 41 21 26 0.63015 5.29595 8.40426
19 41 22 27 0.352136 4.87063 13.8317
19 41 23 28 0.228732 4.48395 19.6035
19 41 24 29 0.171224 4.32026 25.2317
19 41 25 30 0.133933 4.03932 30.1593
19 41 26 31 0.11842 4.00645 33.8325
19 41 27 32 0.10997 3.93667 35.7978
19 41 28 33 0.111163 3.97937 35.7978
19 41 29 34 0.120681 4.08293 33.8325
19 41 30 35 0.139439 4.20538 30.1593
19 41 31 36 0.164925 4.16133 25.2317
19 41 32 37 0.233322 4.57393 19.6035
19 41 33 38 0.342063 4.7313 13.8317
19 41 34 39 0.630375 5.29784 8.40426
19 41 35 40 1.94651 7.20943 3.70377
20 32 21 24 1.33094 5.33263 4.00667
20 32 22 25 0.556584 5.09997 9.16298
20 32 23 26 0.328773 4.64791 14.1372
20 32 24 27 0.267437 4.61274 17.248
20 32 25 28 0.266602 4.59833 17.248
20 32 26 29 0.339941 4.8058 14.1372
20 32 27 30 0.549203 5.03234 9.16298
20 32 28 31 1.50912 6.04652 4.00667
20 42 21 26 1.43184 5.30319 3.70377
20 42 22 27 0.598616 5.03092 8.40426
20 42 23 28 0.333107 4.60743 13.8317
20 42 24 29 0.226033 4.43105 19.6035
20 42 25 30 0.161445 4.07353 25.2317
20 42 26 31 0.132537 3.99721 30.1593
20 42 27 32 0.115408 3.90453 33.8325
20 42 28 33 0.108916 3.89893 35.7978
20 42 29 34 0.110481 3.95498 35.7978
20 42 30 35 0.11859 4.01219 33.8325
20 42 31 36 0.129458 3.90437 30.1593
20 42 32 37 0.165941 4.18698 25.2317
20 42 33 38 0.215221 4.21908 19.6035
20 42 34 39 0.327952 4.53612 13.8317
20 42 35 40 0.665338 5.59167 8.40426
20 42 36 41 1.65274 6.12135 3.70377
21 33 22 25 1.63376 6.54592 4.00667
21 33 23 26 0.613455 5.62108 9.16298
21 33 24 27 0.369987 5.23057 14.1372
21 33 25 28 0.27162 4.6849 17.248
21 33 26 29 0.26515 4.57329 17.248
21 33 27 30 0.326565 4.6167 14.1372
21 33 28 31 0.559198 5.12392 9.16298
21 33 29 32 1.37585 5.51258 4.00667
21 43 22 27 1.73903 6.44098 3.70377
21 43 23 28 0.662568 5.56839 8.40426
21 43 24 29 0.374838 5.18464 13.8317
21 43 25 30 0.231497 4.53817 19.6035
21 43 26 31 0.170396 4.29937 25.2317
21 43 27 32 0.13643 4.11464 30.1593
21 43 28 33 0.119215 4.03333 33.8325
21 43 29 34 0.112468 4.02611 35.7978
21 43 30 35 0.112403 4.02379 35.7978
21 43 31 36 0.114148 3.86192 33.8325
21 43 32 37 0.134675 4.06169 30.1593
21 43 33 38 0.159487 4.02411 25.2317
21 43 34 39 0.214305 4.20114 19.6035
21 43 35 40 0.35464 4.90526 13.8317
21 43 36 41 0.636091 5.34587 8.40426
21 43 37 42 1.99445 7.387 3.70377
22 34 23 26 1.55641 6.23601 4.00667
22 34 24 27 0.651032 5.96539 9.16298
22 34 25 28 0.355189 5.02137 14.1372
22 34 26 29 0.268447 4.63017 17.248
22 34 27 30 0.260804 4.49834 17.248
22 34 28 31 0.339603 4.80103 14.1372
22 34 29 32 0.56911 5.21474 9.16298
22 34 30 33 1.73024 6.93249 4.00667
22 44 23 28 1.66204 6.1558 3.70377
22 44 24 29 0.698239 5.86818 8.40426
22 44 25 30 0.359047 4.96622 13.8317
22 44 26 31 0.233457 4.57659 19.6035
22 44 27 32 0.170717 4.30747 25.2317
22 44 28 33 0.137593 4.14972 30.1593
22 44 29 34 0.120696 4.08344 33.8325
22 44 30 35 0.112278 4.0193 35.7978
22 44 31 36 0.106048 3.79628 35.7978
22 44 32 37 0.11564 3.9124 33.8325
22 44 33 38 0.125727 3.79183 30.1593
22 44 34 39 0.151104 3.81262 25.2317
22 44 35 40 0.212979 4.17514 19.6035
22 44 36 41 0.314849 4.35489 13.8317
22 44 37 42 0.590558 4.96321 8.40426
22 44 38 43 1.42686 5.28475 3.70377
23 35 24 27 1.76689 7.07934 4.00667
23 35 25 28 0.619288 5.67452 9.16298
23 35 26 29 0.349395 4.93946 14.1372
23 35 27 30 0.264412 4.56058 17.248
23 35 28 31 0.266211 4.5916 17.248
23 35 29 32 0.33566 4.74528 14.1372
23 35 30 33 0.630917 5.78108 9.16298
23 35 31 34 1.55789 6.24194 4.00667
23 45 24 29 1.8716 6.93199 3.70377
23 45 25 30 0.667095 5.60644 8.40426
23 45 26 31 0.359343 4.97031 13.8317
23 45 27 32 0.233905 4.58536 19.6035
23 45 28 33 0.172941 4.36359 25.2317
23 45 29 34 0.14035 4.23286 30.1593
23 45 30 35 0.121935 4.12536 33.8325
23 45 31 36 0.107614 3.85236 35.7978
23 45 32 37 0.109628 3.92442 35.7978
23 45 33 38 0.111558 3.77431 33.8325
23 45 34 39 0.12397 3.73884 30.1593
23 45 35 40 0.157567 3.97567 25.2317
23 45 36 41 0.20917 4.10047 19.6035
23 45 37 42 0.322423 4.45965 13.8317
23 45 38 43 0.561098 4.71561 8.40426
23 45 39 44 1.69209 6.2671 3.70377
24 36 25 28 1.48746 5.95975 4.00667
24 36 26 29 0.570755 5.22982 9.16298
24 36 27 30 0.336631 4.759 14.1372
24 36 28 31 0.270901 4.67249 17.248
24 36 29 32 0.274886 4.74123 17.248
24 36 30 33 0.392938 5.55503 14.1372
24 36 31 34 0.701014 6.42337 9.16298
24 36 32 35 2.06901 8.28983 4.00667
24 46 25 30 1.58593 5.87394 3.70377
24 46 26 31 0.619291 5.20468 8.40426
24 46 27 32 0.344288 4.76208 13.8317
24 46 28 33 0.229987 4.50856 19.6035
24 46 29 34 0.172531 4.35324 25.2317
24 46 30 35 0.139971 4.22142 30.1593
24 46 31 36 0.11592 3.92186 33.8325
24 46 32 37 0.110876 3.96911 35.7978
24 46 33 38 0.106626 3.81699 35.7978
24 46 34 39 0.111241 3.76358 33.8325
24 46 35 40 0.130844 3.94615 30.1593
24 46 36 41 0.161125 4.06546 25.2317
24 46 37 42 0.221481 4.34181 19.6035
24 46 38 43 0.330615 4.57297 13.8317
24 46 39 44 0.663828 5.57899 8.40426
24 46 40 45 1.9664 7.28309 3.70377
25 37 26 29 1.49004 5.97008 4.00667
25 37 27 30 0.56187 5.1484 9.16298
25 37 28 31 0.340895 4.81929 14.1372
25 37 29 32 0.264733 4.56611 17.248
25 37 30 33 0.273416 4.71587 17.248
25 37 31 34 0.349778 4.94487 14.1372
25 37 32 35 0.618766 5.66974 9.16298
25 37 33 36 1.40443 5.62709 4.00667
25 47 26 31 1.59915 5.92291 3.70377
25 47 27 32 0.616628 5.1823 8.40426
25 47 28 33 0.350097 4.84242 13.8317
25 47 29 34 0.235307 4.61285 19.6035
25 47 30 35 0.175209 4.42082 25.2317
25 47 31 36 0.134415 4.05386 30.1593
25 47 32 37 0.120377 4.07265 33.8325
25 47 33 38 0.108564 3.88636 35.7978
25 47 34 39 0.106364 3.80759 35.7978
25 47 35 40 0.116373 3.9372 33.8325
25 47 36 41 0.134062 4.04322 30.1593
25 47 37 42 0.167492 4.22611 25.2317
25 47 38 43 0.225616 4.42286 19.6035
25 47 39 44 0.372952 5.15854 13.8317
25 47 40 45 0.725997 6.10147 8.40426
25 47 41 46 1.83249 6.78714 3.70377
26 38 27 30 1.46713 5.87832 4.00667
26 38 28 31 0.587352 5.38189 9.16298
26 38 29 32 0.349606 4.94244 14.1372
26 38 30 33 0.277109 4.77956 17.248
26 38 31 34 0.271819 4.68832 17.248
26 38 32 35 0.359789 5.08639 14.1372
26 38 33 36 0.564092 5.16876 9.16298
26 38 34 37 1.58218 6.33928 4.00667
26 48 27 32 1.57888 5.8478 3.70377
26 48 28 33 0.636088 5.34585 8.40426
26 48 29 34 0.359522 4.97279 13.8317
26 48 30 35 0.238594 4.67729 19.6035
26 48 31 36 0.166967 4.21285 25.2317
26 48 32 37 0.137893 4.15874 30.1593
26 48 33 38 0.117189 3.9648 33.8325
26 48 34 39 0.107831 3.8601 35.7978
26 48 35 40 0.110339 3.94991 35.7978
26 48 36 41 0.119891 4.0562 33.8325
26 48 37 42 0.13878 4.18549 30.1593
26 48 38 43 0.172747 4.35871 25.2317
26 48 39 44 0.251949 4.93909 19.6035
26 48 40 45 0.404001 5.58801 13.8317
26 48 41 46 0.723157 6.0776 8.40426
26 48 42 47 1.92012 7.1117 3.70377
27 39 28 31 1.63393 6.54662 4.00667
27 39 29 32 0.637508 5.84147 9.16298
27 39 30 33 0.373623 5.28197 14.1372
27 39 31 34 0.275093 4.7448 17.248
27 39 32 35 0.278 4.79493 17.248
27 39 33 36 0.333137 4.70961 14.1372
27 39 34 37 0.588304 5.39062 9.16298
27 39 35 38 1.45919 5.84649 4.00667
27 49 28 33 1.7406 6.44677 3.70377
27 49 29 34 0.688484 5.7862 8.40426
27 49 30 35 0.378137 5.23027 13.8317
27 49 31 36 0.231159 4.53154 19.6035
27 49 32 37 0.171952 4.33863 25.2317
27 49 33 38 0.134672 4.06162 30.1593
27 49 34 39 0.114977 3.88998 33.8325
27 49 35 40 0.108377 3.87965 35.7978
27 49 36 41 0.109836 3.93189 35.7978
27 49 37 42 0.116143 3.92942 33.8325
27 49 38 43 0.132739 4.00332 30.1593
27 49 39 44 0.171317 4.32262 25.2317
27 49 40 45 0.232813 4.56395 19.6035
27 49 41 46 0.336085 4.64862 13.8317
27 49 42 47 0.568119 4.77462 8.40426
27 49 43 48 1.25819 4.66004 3.70377
28 40 29 32 1.73049 6.93351 4.00667
28 40 30 33 0.659171 6.03997 9.16298
28 40 31 34 0.356682 5.04248 14.1372
28 40 32 35 0.274351 4.732 17.248
28 40 33 36 0.255615 4.40884 17.248
28 40 34 37 0.337096 4.76558 14.1372
28 40 35 38 0.535322 4.90515 9.16298
28 40 36 39 1.34403 5.38507 4.00667
28 50 29 34 1.83943 6.81282 3.70377
28 50 30 35 0.707859 5.94903 8.40426
28 50 31 36 0.358729 4.96182 13.8317
28 50 32 37 0.235528 4.61718 19.6035
28 50 33 38 0.168873 4.26094 25.2317
28 50 34 39 0.133774 4.03453 30.1593
28 50 35 40 0.117068 3.96072 33.8325
28 50 36 41 0.111593 3.99479 35.7978
28 50 37 42 0.109455 3.91826 35.7978
28 50 38 43 0.117412 3.97234 33.8325
28 50 39 44 0.139994 4.22212 30.1593
28 50 40 45 0.172574 4.35434 25.2317
28 50 41 46 0.223604 4.38342 19.6035
28 50 42 47 0.319161 4.41453 13.8317
28 50 43 48 0.522412 4.39049 8.40426
28 50 44 49 1.89653 7.02433 3.70377
29 41 30 33 1.69193 6.77901 4.00667
29 41 31 34 0.595889 5.46012 9.16298
29 41 32 35 0.347948 4.91899 14.1372
29 41 33 36 0.257982 4.44966 17.248
29 41 34 37 0.268871 4.63748 17.248
29 41 35 38 0.333724 4.71791 14.1372
29 41 36 39 0.590591 5.41157 9.16298
29 41 37 40 1.84264 7.38286 4.00667
29 51 30 35 1.79276 6.63998 3.70377
29 51 31 36 0.636616 5.35029 8.40426
29 51 32 37 0.350455 4.84738 13.8317
29 51 33 38 0.225704 4.42459 19.6035
29 51 34 39 0.164734 4.15652 25.2317
29 51 35 40 0.133068 4.01324 30.1593
29 51 36 41 0.119125 4.03029 33.8325
29 51 37 42 0.107918 3.86322 35.7978
29 51 38 43 0.108642 3.88913 35.7978
29 51 39 44 0.12032 4.07072 33.8325
29 51 40 45 0.136197 4.10761 30.1593
29 51 41 46 0.161804 4.08259 25.2317
29 51 42 47 0.205216 4.02297 19.6035
29 51 43 48 0.286093 3.95715 13.8317
29 51 44 49 0.58895 4.94969 8.40426
29 51 45 50 1.46091 5.4109 3.70377
30 42 31 34 1.43959 5.76794 4.00667
30 42 32 35 0.558934 5.1215 9.16298
30 42 33 36 0.319675 4.51929 14.1372
30 42 34 37 0.259733 4.47986 17.248
30 42 35 38 0.249358 4.30091 17.248
30 42 36 39 0.330821 4.67687 14.1372
30 42 37 40 0.619296 5.6746 9.16298
30 42 38 41 1.55833 6.24371 4.00667
30 52 31 36 1.53195 5.674 3.70377
30 52 32 37 0.603598 5.07279 8.40426
30 52 33 38 0.33237 4.59723 13.8317
30 52 34 39 0.220097 4.31469 19.6035
30 52 35 40 0.162768 4.1069 25.2317
30 52 36 41 0.136717 4.12328 30.1593
30 52 37 42 0.114231 3.86473 33.8325
30 52 38 43 0.10848 3.88335 35.7978
30 52 39 44 0.112539 4.02863 35.7978
30 52 40 45 0.118817 4.01988 33.8325
30 52 41 46 0.131963 3.97991 30.1593
30 52 42 47 0.154217 3.89115 25.2317
30 52 43 48 0.194708 3.81696 19.6035
30 52 44 49 0.323868 4.47964 13.8317
30 52 45 50 0.563256 4.73375 8.40426
30 52 46 51 1.75941 6.51647 3.70377
31 43 32 35 1.51724 6.07909 4.00667
31 43 33 36 0.550006 5.0397 9.16298
31 43 34 37 0.339313 4.79692 14.1372
31 43 35 38 0.25358 4.37374 17.248
31 43 36 39 0.261722 4.51417 17.248
31 43 37 40 0.348419 4.92566 14.1372
31 43 38 41 0.593043 5.43404 9.16298
31 43 39 42 1.89555 7.59485 4.00667
31 53 32 37 1.61843 5.99429 3.70377
31 53 33 38 0.606577 5.09783 8.40426
31 53 34 39 0.341316 4.72097 13.8317
31 53 35 40 0.223554 4.38245 19.6035
31 53 36 41 0.173334 4.37351 25.2317
31 53 37 42 0.131887 3.97761 30.1593
31 53 38 43 0.117045 3.95991 33.8325
31 53 39 44 0.113385 4.05892 35.7978
31 53 40 45 0.111866 4.00454 35.7978
31 53 41 46 0.116861 3.95371 33.8325
31 53 42 47 0.127003 3.83033 30.1593
31 53 43 48 0.148639 3.75042 25.2317
31 53 44 49 0.215832 4.23107 19.6035
31 53 45 50 0.318834 4.41 13.8317
31 53 46 51 0.650082 5.46346 8.40426
31 53 47 52 1.75479 6.49935 3.70377
32 44 33 36 1.36032 5.45036 4.00667
32 44 34 37 0.571034 5.23237 9.16298
32 44 35 38 0.323553 4.57412 14.1372
32 44 36 39 0.262097 4.52063 17.248
32 44 37 40 0.24609 4.24455 17.248
32 44 38 41 0.31249 4.41772 14.1372
32 44 39 42 0.556322 5.09757 9.16298
32 44 40 43 1.3299 5.32847 4.00667
32 54 33 38 1.47746 5.47219 3.70377
32 54 34 39 0.611911 5.14266 8.40426
32 54 35 40 0.336164 4.64971 13.8317
32 54 36 41 0.236503 4.63629 19.6035
32 54 37 42 0.160604 4.05232 25.2317
32 54 38 43 0.132973 4.01037 30.1593
32 54 39 44 0.120269 4.06899 33.8325
32 54 40 45 0.111091 3.97682 35.7978
32 54 41 46 0.109549 3.92159 35.7978
32 54 42 47 0.11141 3.76929 33.8325
32 54 43 48 0.121954 3.67804 30.1593
32 54 44 49 0.159136 4.01527 25.2317
32 54 45 50 0.210015 4.11704 19.6035
32 54 46 51 0.346408 4.7914 13.8317
32 54 47 52 0.626929 5.26888 8.40426
32 54 48 53 1.56586 5.79959 3.70377
33 45 34 37 1.7204 6.89305 4.00667
33 45 35 38 0.614859 5.63394 9.16298
33 45 36 39 0.380579 5.38031 14.1372
33 45 37 40 0.256415 4.42263 17.248
33 45 38 41 0.249749 4.30766 17.248
33 45 39 42 0.328554 4.64482 14.1372
33 45 40 43 0.518293 4.74911 9.16298
33 45 41 44 1.60294 6.42243 4.00667
33 55 34 39 1.82082 6.7439 3.70377
33 55 35 40 0.668619 5.61925 8.40426
33 55 36 41 0.395239 5.46681 13.8317
33 55 37 42 0.228192 4.47336 19.6035
33 55 38 43 0.16951 4.27701 25.2317
33 55 39 44 0.140784 4.24594 30.1593
33 55 40 45 0.120629 4.08117 33.8325
33 55 41 46 0.111718 3.99925 35.7978
33 55 42 47 0.106469 3.81135 35.7978
33 55 43 48 0.109813 3.71526 33.8325
33 55 44 49 0.131463 3.96483 30.1593
33 55 45 50 0.160039 4.03805 25.2317
33 55 46 51 0.233903 4.58533 19.6035
33 55 47 52 0.35947 4.97207 13.8317
33 55 48 53 0.644221 5.4142 8.40426
34 46 35 38 1.5454 6.1919 4.00667
34 46 36 39 0.697517 6.39133 9.16298
34 46 37 40 0.340603 4.81517 14.1372
34 46 38 41 0.26267 4.53051 17.248
34 46 39 42 0.269413 4.64683 17.248
34 46 40 43 0.326479 4.61549 14.1372
34 46 41 44 0.623034 5.70884 9.16298
34 46 42 45 1.8686 7.48684 4.00667
34 56 35 40 1.65472 6.12872 3.70377
34 56 36 41 0.750707 6.30914 8.40426
34 56 37 42 0.351298 4.85904 13.8317
34 56 38 43 0.232834 4.56437 19.6035
34 56 39 44 0.175369 4.42485 25.2317
34 56 40 45 0.138193 4.16779 30.1593
34 56 41 46 0.119795 4.05297 33.8325
34 56 42 47 0.106296 3.80517 35.7978
34 56 43 48 0.102951 3.68542 35.7978
34 56 44 49 0.11323 3.83086 33.8325
34 56 45 50 0.127635 3.84938 30.1593
34 56 46 51 0.167875 4.23577 25.2317
34 56 47 52 0.22781 4.46588 19.6035
34 56 48 53 0.339147 4.69097 13.8317
34 56 49 54 0.615392 5.17191 8.40426
35 47 36 39 2.0659 8.27738 4.00667
35 47 37 40 0.614459 5.63028 9.16298
35 47 38 41 0.351438 4.96833 14.1372
35 47 39 42 0.278241 4.79909 17.248
35 47 40 43 0.263288 4.54117 17.248
35 47 41 44 0.371877 5.25729 14.1372
35 47 42 45 0.678425 6.21639 9.16298
35 47 43 46 1.73051 6.93358 4.00667
35 57 36 41 2.17475 8.05477 3.70377
35 57 37 42 0.664415 5.58392 8.40426
35 57 38 43 0.361317 4.99762 13.8317
35 57 39 44 0.239691 4.6988 19.6035
35 57 40 45 0.171426 4.32536 25.2317
35 57 41 46 0.138249 4.1695 30.1593
35 57 42 47 0.113939 3.85486 33.8325
35 57 43 48 0.103672 3.71124 35.7978
35 57 44 49 0.105401 3.77311 35.7978
35 57 45 50 0.111155 3.76065 33.8325
35 57 46 51 0.134786 4.06504 30.1593
35 57 47 52 0.167754 4.23271 25.2317
35 57 48 53 0.22353 4.38197 19.6035
35 57 49 54 0.332203 4.59492 13.8317
35 57 51 56 1.56444 5.79432 3.70377
36 48 37 40 1.44327 5.78269 4.00667
36 48 38 41 0.571082 5.23281 9.16298
36 48 39 42 0.348081 4.92088 14.1372
36 48 40 43 0.263044 4.53698 17.248
36 48 41 44 0.289871 4.99968 17.248
36 48 42 45 0.393106 5.55741 14.1372
36 48 43 46 0.670505 6.14383 9.16298
36 48 44 47 1.79624 7.19693 4.00667
36 58 37 42 1.54191 5.71088 3.70377
36 58 38 43 0.61761 5.19056 8.40426
36 58 39 44 0.347426 4.80549 13.8317
36 58 40 45 0.222998 4.37155 19.6035
36 58 41 46 0.166877 4.21059 25.2317
36 58 42 47 0.127498 3.84524 30.1593
36 58 43 48 0.108991 3.68743 33.8325
36 58 44 49 0.102658 3.67491 35.7978
36 58 45 50 0.10185 3.646 35.7978
36 58 46 51 0.115087 3.89367 33.8325
36 58 47 52 0.133234 4.01823 30.1593
36 58 48 53 0.163309 4.12055 25.2317
36 58 49 54 0.213856 4.19234 19.6035
36 58 50 55 0.304681 4.21425 13.8317
36 58 51 56 0.571681 4.80455 8.40426
36 58 52 57 1.47326 5.45661 3.70377
37 49 38 41 1.61151 6.45678 4.00667
37 49 39 42 0.6043 5.53719 9.16298
37 49 40 43 0.338279 4.78231 14.1372
37 49 41 44 0.279151 4.81479 17.248
37 49 42 45 0.271268 4.67882 17.248
37 49 43 46 0.331168 4.68177 14.1372
37 49 44 47 0.515252 4.72124 9.16298
37 49 45 48 1.14395 4.58344 4.00667
37 59 39 44 0.653584 5.49289 8.40426
37 59 40 45 0.34867 4.82268 13.8317
37 59 41 46 0.234801 4.60293 19.6035
37 59 42 47 0.163051 4.11405 25.2317
37 59 43 48 0.128415 3.87289 30.1593
37 59 44 49 0.111072 3.75785 33.8325
37 59 45 50 0.103141 3.69223 35.7978
37 59 46 51 0.109033 3.90312 35.7978
37 59 47 52 0.118522 4.00991 33.8325
37 59 48 53 0.135936 4.09972 30.1593
37 59 49 54 0.16263 4.10344 25.2317
37 59 50 55 0.209962 4.11599 19.6035
37 59 51 56 0.332475 4.59869 13.8317
37 59 52 57 0.621937 5.22692 8.40426
37 59 53 58 1.82262 6.75055 3.70377
38 50 39 42 1.48677 5.957 4.00667
38 50 40 43 0.546498 5.00755 9.16298
38 50 41 44 0.353223 4.99358 14.1372
38 50 42 45 0.264617 4.56411 17.248
38 50 43 46 0.256095 4.41712 17.248
38 50 44 47 0.302796 4.28068 14.1372
38 50 45 48 0.462746 4.24013 9.16298
38 50 46 49 1.80195 7.21981 4.00667
38 60 39 44 1.58685 5.87733 3.70377
38 60 40 45 0.593759 4.99011 8.40426
38 60 41 46 0.347283 4.80351 13.8317
38 60 42 47 0.214713 4.20913 19.6035
38 60 43 48 0.155529 3.92425 25.2317
38 60 44 49 0.123341 3.71989 30.1593
38 60 45 50 0.107671 3.6428 33.8325
38 60 46 51 0.10693 3.82785 35.7978
38 60 47 52 0.10964 3.92487 35.7978
38 60 48 53 0.118464 4.00795 33.8325
38 60 49 54 0.130865 3.9468 30.1593
38 60 50 55 0.155765 3.93022 25.2317
38 60 51 56 0.217476 4.26329 19.6035
38 60 52 57 0.3407 4.71245 13.8317
38 60 53 58 0.671141 5.64044 8.40426
38 60 54 59 1.62848 6.03152 3.70377
39 51 40 43 1.34908 5.40533 4.00667
39 51 41 44 0.605995 5.55272 9.16298
39 51 42 45 0.336492 4.75705 14.1372
39 51 43 46 0.252432 4.35393 17.248
39 51 44 47 0.227361 3.92152 17.248
39 51 45 48 0.266981 3.77436 14.1372
39 51 46 49 0.546293 5.00567 9.16298
39 51 47 50 1.37987 5.52869 4.00667
39 61 40 45 1.45188 5.37744 3.70377
39 61 41 46 0.638829 5.36889 8.40426
39 61 42 47 0.329602 4.55895 13.8317
39 61 43 48 0.211856 4.15312 19.6035
39 61 44 49 0.150271 3.7916 25.2317
39 61 45 50 0.12189 3.67613 30.1593
39 61 46 51 0.11335 3.83492 33.8325
39 61 47 52 0.109542 3.92138 35.7978
39 61 48 53 0.111926 4.00671 35.7978
39 61 49 54 0.115294 3.90067 33.8325
39 61 50 55 0.128521 3.8761 30.1593
39 61 51 56 0.163835 4.13383 25.2317
39 61 52 57 0.229341 4.4959 19.6035
39 61 53 58 0.380531 5.26339 13.8317
39 61 54 59 0.692434 5.8194 8.40426
39 61 55 60 1.97449 7.31307 3.70377
40 52 41 44 1.87096 7.4963 4.00667
40 52 42 45 0.63228 5.79357 9.16298
40 52 43 46 0.350666 4.95743 14.1372
40 52 44 47 0.235429 4.06067 17.248
40 52 45 48 0.216875 3.74066 17.248
40 52 46 49 0.321026 4.5384 14.1372
40 52 47 50 0.530764 4.86338 9.16298
40 52 48 51 1.69069 6.77403 4.00667
40 62 41 46 1.95747 7.25003 3.70377
40 62 42 47 0.664302 5.58297 8.40426
40 62 43 48 0.34969 4.8368 13.8317
40 62 44 49 0.210211 4.12087 19.6035
40 62 45 50 0.153684 3.87772 25.2317
40 62 46 51 0.131193 3.95668 30.1593
40 62 47 52 0.117806 3.98569 33.8325
40 62 48 53 0.112749 4.03617 35.7978
40 62 49 54 0.107388 3.84426 35.7978
40 62 50 55 0.111707 3.77934 33.8325
40 62 51 56 0.129477 3.90493 30.1593
40 62 52 57 0.163439 4.12385 25.2317
40 62 53 58 0.235527 4.61716 19.6035
40 62 54 59 0.356747 4.93441 13.8317
40 62 55 60 0.672145 5.64888 8.40426
40 62 56 61 1.87479 6.94381 3.70377
41 53 42 45 1.56842 6.28416 4.00667
41 53 43 46 0.593698 5.44004 9.16298
41 53 44 47 0.298283 4.21687 14.1372
41 53 45 48 0.219855 3.79206 17.248
41 53 46 49 0.25026 4.31647 17.248
41 53 47 50 0.321358 4.54308 14.1372
41 53 48 51 0.624045 5.71811 9.16298
41 53 49 52 1.65428 6.62817 4.00667
41 63 42 47 1.64464 6.09136 3.70377
41 63 43 48 0.627368 5.27257 8.40426
41 63 44 49 0.308931 4.27303 13.8317
41 63 45 50 0.202213 3.9641 19.6035
41 63 46 51 0.158471 3.99849 25.2317
41 63 47 52 0.132251 3.98861 30.1593
41 63 48 53 0.118624 4.01336 33.8325
41 63 49 54 0.104448 3.73899 35.7978
41 63 50 55 0.101575 3.63617 35.7978
41 63 51 56 0.107943 3.65198 33.8325
41 63 52 57 0.123818 3.73427 30.1593
41 63 53 58 0.158142 3.99018 25.2317
41 63 54 59 0.207489 4.06752 19.6035
41 63 55 60 0.310572 4.29573 13.8317
41 63 56 61 0.508239 4.27137 8.40426
41 63 57 62 1.20524 4.46392 3.70377
42 54 43 46 1.88807 7.56487 4.00667
42 54 44 47 0.530588 4.86177 9.16298
42 54 45 48 0.293283 4.1462 14.1372
42 54 46 49 0.253504 4.37243 17.248
42 54 47 50 0.254949 4.39734 17.248
42 54 48 51 0.35921 5.07822 14.1372
42 54 49 52 0.58105 5.32415 9.16298
42 54 50 53 1.46585 5.87318 4.00667
42 64 43 48 1.97298 7.30745 3.70377
42 64 44 49 0.582174 4.89274 8.40426
42 64 45 50 0.314944 4.3562 13.8317
42 64 46 51 0.219844 4.30971 19.6035
42 64 47 52 0.168098 4.24139 25.2317
42 64 48 53 0.140595 4.24025 30.1593
42 64 49 54 0.114793 3.88374 33.8325
42 64 50 55 0.105528 3.77766 35.7978
42 64 51 56 0.10517 3.76486 35.7978
42 64 52 57 0.11348 3.83932 33.8325
42 64 53 58 0.135476 4.08586 30.1593
42 64 54 59 0.165955 4.18732 25.2317
42 64 55 60 0.228406 4.47756 19.6035
42 64 56 61 0.329724 4.56064 13.8317
42 64 57 62 0.609997 5.12658 8.40426
42 64 58 63 2.02091 7.48498 3.70377
43 55 44 47 1.31561 5.27121 4.00667
43 55 45 48 0.4927 4.5146 9.16298
43 55 46 49 0.324211 4.58342 14.1372
43 55 47 50 0.260306 4.48975 17.248
43 55 48 51 0.286724 4.9454 17.248
43 55 49 52 0.351282 4.96613 14.1372
43 55 50 53 0.595834 5.45961 9.16298
43 55 51 54 1.75611 7.03615 4.00667
44 56 45 48 1.55102 6.21442 4.00667
44 56 46 49 0.608723 5.57771 9.16298
44 56 47 50 0.359309 5.07961 14.1372
44 56 48 51 0.294869 5.08589 17.248
44 56 49 52 0.264787 4.56703 17.248
44 56 50 53 0.33365 4.71687 14.1372
44 56 51 54 0.566579 5.19155 9.16298
44 56 52 55 1.48047 5.93177 4.00667
45 57 46 49 1.8572 7.44119 4.00667
45 57 47 50 0.672594 6.16297 9.16298
45 57 48 51 0.40563 5.73446 14.1372
45 57 49 52 0.268317 4.62793 17.248
45 57 50 53 0.261866 4.51666 17.248
45 57 51 54 0.325016 4.59481 14.1372
45 57 52 55 0.518031 4.74671 9.16298
45 57 53 56 1.47637 5.91533 4.00667
46 58 47 50 1.72655 6.91773 4.00667
46 58 48 51 0.688198 6.30594 9.16298
46 58 49 52 0.331482 4.68621 14.1372
46 58 50 53 0.25624 4.41961 17.248
46 58 51 54 0.245031 4.22629 17.248
46 58 52 55 0.295118 4.17213 14.1372
46 58 53 56 0.532111 4.87572 9.16298
46 58 54 57 1.38462 5.54769 4.00667
47 59 48 51 1.84852 7.4064 4.00667
47 59 49 52 0.535864 4.91011 9.16298
47 59 50 53 0.320692 4.53368 14.1372
47 59 51 54 0.241873 4.17182 17.248
47 59 52 55 0.2345 4.04465 17.248
47 59 53 56 0.326393 4.61427 14.1372
47 59 54 57 0.577868 5.295 9.16298
47 59 55 58 1.7385 6.9656 4.00667
48 60 49 52 1.19279 4.77909 4.00667
48 60 50 53 0.493923 4.52581 9.16298
48 60 51 54 0.287596 4.06579 14.1372
48 60 52 55 0.224907 3.87918 17.248
48 60 53 56 0.24561 4.23628 17.248
48 60 54 57 0.332066 4.69447 14.1372
48 60 55 58 0.634351 5.81254 9.16298
48 60 56 59 1.53034 6.13155 4.00667
49 61 50 53 1.83344 7.34598 4.00667
49 61 51 54 0.549414 5.03427 9.16298
49 61 52 55 0.312834 4.42259 14.1372
49 61 53 56 0.256037 4.41611 17.248
49 61 54 57 0.26493 4.5695 17.248
49 61 55 58 0.384874 5.44102 14.1372
49 61 56 59 0.647374 5.93187 9.16298
49 61 57 60 1.86577 7.47553 4.00667
50 62 51 54 1.37924 5.52614 4.00667
50 62 52 55 0.518135 4.74766 9.16298
50 62 53 56 0.317661 4.49083 14.1372
50 62 54 57 0.252008 4.34662 17.248
50 62 55 58 0.277474 4.78587 17.248
50 62 56 59 0.352568 4.98431 14.1372
50 62 57 60 0.621886 5.69833 9.16298
50 62 58 61 1.76434 7.06914 4.00667
51 63 52 55 1.63784 6.5623 4.00667
51 63 53 56 0.595172 5.45355 9.16298
51 63 54 57 0.333157 4.70989 14.1372
51 63 55 58 0.27115 4.67679 17.248
51 63 56 59 0.250816 4.32607 17.248
51 63 57 60 0.308985 4.36817 14.1372
51 63 58 61 0.463638 4.2483 9.16298
51 63 59 62 1.11869 4.48223 4.00667
52 64 53 56 1.64342 6.58465 4.00667
52 64 54 57 0.575404 5.27242 9.16298
52 64 55 58 0.360278 5.09332 14.1372
52 64 56 59 0.264217 4.55721 17.248
52 64 57 60 0.263563 4.54592 17.248
52 64 58 61 0.318307 4.49995 14.1372
52 64 59 62 0.563597 5.16423 9.16298
52 64 60 63 1.92497 7.71273 4.00667
