64
# x y z
0.0 0.0 0.0
0.5 0.0 0.0
1.0 0.0 0.0
1.5 0.0 0.0
2.0 0.0 0.0
2.5 0.0 0.0
3.0 0.0 0.0
3.5 0.0 0.0
4.0 0.0 0.0
4.5 0.0 0.0
5.0 0.0 0.0
5.5 0.0 0.0
6.0 0.0 0.0
6.5 0.0 0.0
7.0 0.0 0.0
7.5 0.0 0.0
8.0 0.0 0.0
8.5 0.0 0.0
9.0 0.0 0.0
9.5 0.0 0.0
10.0 0.0 0.0
10.5 0.0 0.0
11.0 0.0 0.0
11.5 0.0 0.0
12.0 0.0 0.0
12.5 0.0 0.0
13.0 0.0 0.0
13.5 0.0 0.0
14.0 0.0 0.0
14.5 0.0 0.0
15.0 0.0 0.0
15.5 0.0 0.0
16.0 0.0 0.0
16.5 0.0 0.0
17.0 0.0 0.0
17.5 0.0 0.0
18.0 0.0 0.0
18.5 0.0 0.0
19.0 0.0 0.0
19.5 0.0 0.0
20.0 0.0 0.0
20.5 0.0 0.0
21.0 0.0 0.0
21.5 0.0 0.0
22.0 0.0 0.0
22.5 0.0 0.0
23.0 0.0 0.0
23.5 0.0 0.0
24.0 0.0 0.0
24.5 0.0 0.0
25.0 0.0 0.0
25.5 0.0 0.0
26.0 0.0 0.0
26.5 0.0 0.0
27.0 0.0 0.0
27.5 0.0 0.0
28.0 0.0 0.0
28.5 0.0 0.0
29.0 0.0 0.0
29.5 0.0 0.0
30.0 0.0 0.0
30.5 0.0 0.0
31.0 0.0 0.0
31.5 0.0 0.0
1400
# a b m n r rhoa
1 13 2 5 2.10810262 8.446469187717028
1 13 3 6 0.695297289 6.370994160951289
1 13 4 7 0.418319701 5.9138554478106675
1 13 5 8 0.300615576 5.18500533005008
1 13 6 9 0.253804327 4.377606795347069
1 13 7 10 0.370353592 5.235750557360073
1 13 8 11 0.695693902 6.374628317372052
1 13 9 12 2.0893082 8.371166169768589
1 23 2 7 2.23533448 8.279170133016883
1 23 3 8 0.753175252 6.329881096754865
1 23 4 9 0.414651724 5.735327527247252
1 23 5 10 0.26171567 5.130553123496301
1 23 6 11 0.186216236 4.698550158871479
1 23 7 12 0.143154431 4.317435924080897
1 23 8 13 0.12567322 4.251843773745867
1 23 9 14 0.123649839 4.426387919951969
1 23 10 15 0.110937862 3.971327550390895
1 23 11 16 0.124175662 4.201177588395295
1 23 12 17 0.141424584 4.265264967661366
1 23 13 18 0.182339 4.600720945828088
1 23 14 19 0.266740644 5.229060393050271
1 23 15 20 0.383276681 5.301358156396484
1 23 16 21 0.744591777 6.257743335984457
1 23 17 22 2.01306904 7.4559495327379235
1 57 4 16 0.483598296 5.5816691046212465
1 57 5 17 0.308005644 5.006633826829732
1 57 6 18 0.21760241 4.643840388864806
1 57 7 19 0.162981256 4.360335783134303
1 57 8 20 0.129717845 4.2079925369980415
1 57 9 21 0.114883829 4.404425408574906
1 57 10 22 0.094715764 4.203579530050256
1 57 11 23 0.082515335 4.166466299034371
1 57 12 24 0.073592266 4.1648369613135054
1 57 13 25 0.065309637 4.088040514208566
1 57 14 26 0.060449172 4.13511857329369
1 57 15 27 0.057643368 4.261906114852898
1 57 16 28 0.052717924 4.169418481047919
1 57 17 29 0.050343216 4.217543401164909
1 57 18 30 0.047620851 4.18631187542549
1 57 19 31 0.044992874 4.11282008932923
1 57 20 32 0.044333635 4.17669844306713
1 57 21 33 0.043515345 4.188484743944947
1 57 22 34 0.043167997 4.208698605781175
1 57 23 35 0.043171526 4.227052374855994
1 57 24 36 0.043255418 4.217221786525836
1 57 25 37 0.044243584 4.258579969926627
1 57 26 38 0.044119663 4.156540012131792
1 57 27 39 0.045400877 4.150115838316205
1 57 28 40 0.047619246 4.186170781127111
1 57 29 41 0.049341627 4.133634477316473
1 57 30 42 0.053779743 4.253396897233803
1 57 31 43 0.057376948 4.242208150169101
1 57 32 44 0.060148941 4.114580810024098
1 57 33 45 0.065934957 4.127182264366278
1 57 34 46 0.073591711 4.1648055519733775
1 57 35 47 0.081774579 4.129063131370961
1 57 36 48 0.09526458 4.227936528356938
1 57 37 49 0.110784778 4.2472756640669616
1 57 38 50 0.128701101 4.175009787677488
1 57 39 51 0.163295308 4.3687378055936525
1 57 40 52 0.211550899 4.514695444213413
1 57 41 53 0.303659484 4.935986966628643
1 57 42 54 0.470320396 5.4284161986096615
2 14 3 6 1.634492 6.548868249862514
2 14 4 7 0.680303507 6.233606457757503
2 14 5 8 0.381087892 5.387503148456504
2 14 6 9 0.259893538 4.482633261077506
2 14 7 10 0.275528794 4.752309525945091
2 14 8 11 0.376398151 5.321203497028729
2 14 9 12 0.692405169 6.344493727360831
2 14 10 13 1.80017395 7.2127009648163405
2 24 3 8 1.7485556 6.476251956458622
2 24 4 9 0.714964541 6.008748323724686
2 24 5 10 0.381120681 5.271537066954336
2 24 6 11 0.243060395 4.7648437281783504
2 24 7 12 0.171620018 4.330262925298447
2 24 8 13 0.13935737 4.202919262229707
2 24 9 14 0.130556627 4.4170618181917485
2 24 10 15 0.110454299 3.9540170755933044
2 24 11 16 0.114767009 4.108402456121427
2 24 12 17 0.122419256 4.141753918696453
2 24 13 18 0.144972074 4.372254745479126
2 24 14 19 0.19369955 4.887366810624578
2 24 15 20 0.253963259 4.978578438638198
2 24 16 21 0.403109644 5.575681237809203
2 24 17 22 0.776449888 6.525487203114624
2 24 18 23 2.56995346 9.518522672846435
2 58 5 17 0.442210241 5.103970093262727
2 58 6 18 0.286882224 4.663272491833118
2 58 7 19 0.202903872 4.330159743408426
2 58 8 20 0.155064782 4.148541582343188
2 58 9 21 0.13446491 4.361985336467109
2 58 10 22 0.108165593 4.146861140420136
2 58 11 23 0.092491262 4.1048539253900245
2 58 12 24 0.08120552 4.100329500880796
2 58 13 25 0.071124477 4.025176377415696
2 58 14 26 0.065113045 4.075734886774603
2 58 15 27 0.061565297 4.211468820367669
2 58 16 28 0.055710325 4.118985115129676
2 58 17 29 0.052714125 4.169118021173788
2 58 18 30 0.049382202 4.137033680567657
2 58 19 31 0.046251075 4.065895935452624
2 58 20 32 0.045244076 4.1357825840585
2 58 21 33 0.044093551 4.154079984891856
2 58 22 34 0.043413331 4.178665585147773
2 58 23 35 0.042990687 4.191411624645797
2 58 24 36 0.042834405 4.194043856147069
2 58 25 37 0.043416279 4.232905059169331
2 58 26 38 0.042981959 4.137144713809973
2 58 27 39 0.043913239 4.137092682820498
2 58 28 40 0.045619878 4.170134824264585
2 58 29 41 0.046847314 4.1183108409798646
2 58 30 42 0.050499933 4.230672493855379
2 58 31 43 0.053347534 4.2192138328120095
2 58 32 44 0.055437852 4.098839617301855
2 58 33 45 0.060030101 4.106451377064285
2 58 34 46 0.066034092 4.133387595079968
2 58 35 47 0.072223504 4.087374058230164
2 58 36 48 0.082513684 4.1663829347014305
2 58 37 49 0.093953899 4.169767205856136
2 58 38 50 0.106860207 4.096815147729573
2 58 39 51 0.130601286 4.236650992855662
2 58 40 52 0.16170918 4.326303167128041
2 58 41 53 0.216127596 4.612366468979162
2 58 42 54 0.301709447 4.9042891020019495
2 58 43 55 0.43687282 5.042365827613998
3 15 4 7 2.01461162 8.071881706378548
3 15 5 8 0.689188246 6.3150171308409355
3 15 6 9 0.357391244 5.052499679734738
3 15 7 10 0.282485073 4.872291145567872
3 15 8 11 0.302710609 5.221140374734627
3 15 9 12 0.445289278 6.295128860191977
3 15 10 13 0.792155158 7.258500739221848
3 15 11 14 2.04790794 8.205289035925135
3 25 4 9 2.10039944 7.77940145720536
3 25 5 10 0.723367569 6.079369560882252
3 25 6 11 0.374375529 5.178240322477115
3 25 7 12 0.230670369 4.521955380703778
3 25 8 13 0.168407231 4.2491988827985745
3 25 9 14 0.148535981 4.479739648352188
3 25 10 15 0.117601086 3.97874300741918
3 25 11 16 0.11301756 4.045776091357846
3 25 12 17 0.112845825 4.039628362128429
3 25 13 18 0.123081195 4.164148993922102
3 25 14 19 0.151293618 4.562908020900674
3 25 15 20 0.183846224 4.6387507530928795
3 25 16 21 0.25221234 4.94425423120943
3 25 17 22 0.401094191 5.547804148672168
3 25 18 23 0.863178308 7.254375446390859
3 25 19 24 2.35388641 8.71825949832185
3 59 6 18 0.433690721 5.005638188532023
3 59 7 19 0.275287791 4.4748049049836025
3 59 8 20 0.196193886 4.186962322040172
3 59 9 21 0.164739218 4.407367600179512
3 59 10 22 0.128010758 4.152615350027302
3 59 11 23 0.106624578 4.087781584314855
3 59 12 24 0.091883499 4.07788080076927
3 59 13 25 0.0790571 3.9918488223963493
3 59 14 26 0.071325088 4.036529637113475
3 59 15 27 0.066784502 4.180359322732769
3 59 16 28 0.059688752 4.083100873770792
3 59 17 29 0.055936843 4.13573289519215
3 59 18 30 0.0518623 4.101747862636842
3 59 19 31 0.048059894 4.026256264605443
3 59 20 32 0.046660234 4.101864784069739
3 59 21 33 0.045072476 4.12009654614661
3 59 22 34 0.044020663 4.147213162531852
3 59 23 35 0.043195669 4.157714953449081
3 59 24 36 0.042704207 4.163481026508844
3 59 25 37 0.042945202 4.204892319599042
3 59 26 38 0.042234301 4.117667162894829
3 59 27 39 0.042815526 4.121125029687303
3 59 28 40 0.044097618 4.15446313941027
3 59 29 41 0.044886704 4.103115038949828
3 59 30 42 0.047924009 4.212962258794956
3 59 31 43 0.050200776 4.205610375629513
3 59 32 44 0.051721135 4.090583235595059
3 59 33 45 0.055448347 4.099615573083539
3 59 34 46 0.060257347 4.121996489167834
3 59 35 47 0.064952375 4.065677788012627
3 59 36 48 0.073065739 4.135039005224892
3 59 37 49 0.081738714 4.127252191455188
3 59 38 50 0.091435699 4.05800699271387
3 59 39 51 0.108731984 4.168575483799031
3 59 40 52 0.130209156 4.223930459967275
3 59 41 53 0.165894897 4.438286177083331
3 59 42 54 0.216664079 4.623815521511895
3 59 43 55 0.287823393 4.678571200294978
3 59 44 56 0.420754567 4.856329699003304
4 16 5 8 2.0735081 8.30786040061545
4 16 6 9 0.676858357 6.202038622126834
4 16 7 10 0.366684878 5.183885335082724
4 16 8 11 0.280221922 4.833256408400069
4 16 9 12 0.318573248 5.49473853241512
4 16 10 13 0.409810689 5.793562124662384
4 16 11 14 0.652223193 5.976307142253227
4 16 12 15 1.48314564 5.942473497403486
4 26 5 10 2.16661416 8.024645709058925
4 26 6 11 0.742916974 6.243667855115512
4 26 7 12 0.369630936 5.112614658182314
4 26 8 13 0.230490605 4.518431370270271
4 26 9 14 0.187914311 4.741395459219111
4 26 10 15 0.137192915 4.13764083733026
4 26 11 16 0.121531825 4.111729877202338
4 26 12 17 0.11301423 4.045656884799287
4 26 13 18 0.113691974 4.069918605466954
4 26 14 19 0.129241632 4.372572202160131
4 26 15 20 0.147012353 4.433788110448792
4 26 16 21 0.179253652 4.522872404546361
4 26 17 22 0.248287592 4.867315284029325
4 26 18 23 0.415358374 5.745101679777072
4 26 19 24 0.743800459 6.251092893293435
4 26 20 25 1.80507321 6.685580320015871
4 60 7 19 0.43133576 4.978457337885915
4 60 8 20 0.272198708 4.424591839921442
4 60 9 21 0.216830954 4.627376791191269
4 60 10 22 0.160046566 4.2818222526004215
4 60 11 23 0.128467177 4.167421391137098
4 60 12 24 0.107828832 4.133950370314998
4 60 13 25 0.090603858 4.021089064248905
4 60 14 26 0.08038457 4.0588770786347705
4 60 15 27 0.074295712 4.2046473661336
4 60 16 28 0.065262895 4.0851147103227605
4 60 17 29 0.06048521 4.13758380810525
4 60 18 30 0.055412798 4.096987230817402
4 60 19 31 0.050742699 4.0131995142458905
4 60 20 32 0.048790028 4.087423827553073
4 60 21 33 0.046708477 4.106105788578587
4 60 22 34 0.045189136 4.130760492433329
4 60 23 35 0.043907004 4.136505279716906
4 60 24 36 0.043041757 4.142900453784422
4 60 25 37 0.042898065 4.182381368220772
4 60 26 38 0.041892823 4.1018507650522205
4 60 27 39 0.04213659 4.1081407503195715
4 60 28 40 0.042962436 4.135265565485261
4 60 29 41 0.043341367 4.083216277422347
4 60 30 42 0.04572221 4.179489041231948
4 60 31 43 0.047434642 4.169942387446136
4 60 32 44 0.048443947 4.05843061349582
4 60 33 45 0.051342539 4.060640380499876
4 60 34 46 0.055126873 4.075847149171074
4 60 35 47 0.058607778 4.009155184909282
4 60 36 48 0.064892295 4.06191709532812
4 60 37 49 0.071407565 4.041197291430008
4 60 38 50 0.078656429 3.971617646960893
4 60 39 51 0.091329963 4.0533143241820575
4 60 40 52 0.106272431 4.0742809445132915
4 60 41 53 0.130170878 4.22268873768665
4 60 42 54 0.161533873 4.321613073285999
4 60 43 55 0.202103235 4.313073395709337
4 60 44 56 0.26838409 4.362585198526151
4 60 45 57 0.434828839 5.018774293705589
5 17 6 9 2.09331964 8.387238681626847
5 17 7 10 0.67937922 6.225137235781228
5 17 8 11 0.357924182 5.060033913210023
5 17 9 12 0.322191179 5.557140460380268
5 17 10 13 0.317731328 5.480217130212475
5 17 11 14 0.395152155 5.5863319823918
5 17 12 15 0.621168439 5.6917530967623655
5 17 13 16 2.45000506 9.816359058004876
5 27 6 11 2.22565004 8.243301171516771
5 27 7 12 0.727349269 6.1128328053210765
5 27 8 13 0.356458438 4.930416958259066
5 27 9 14 0.262669171 5.149245116733874
5 27 10 15 0.173992963 4.3901363356209675
5 27 11 16 0.141390453 4.264235600952314
5 27 12 17 0.123081367 4.164154813118341
5 27 13 18 0.114956013 4.115168376960374
5 27 14 19 0.122168335 4.373353387420467
5 27 15 20 0.132067342 4.468173138222018
5 27 16 21 0.148513545 4.479062994533538
5 27 17 22 0.189023811 4.7693900181966
5 27 18 23 0.279084811 5.471049741868436
5 27 19 24 0.424311303 5.868935676288299
5 27 20 25 0.758961119 6.378507030831145
5 27 21 26 2.11407405 7.8300491001892665
5 61 8 20 0.414706534 4.786523582606587
5 61 9 21 0.305430023 4.964767090051061
5 61 10 22 0.209406216 4.468925888918912
5 61 11 23 0.160534999 4.294889595065642
5 61 12 24 0.13043708 4.231324219021805
5 61 13 25 0.106494738 4.082803768028375
5 61 14 26 0.092533553 4.106730841907377
5 61 15 27 0.084374037 4.260318178117791
5 61 16 28 0.072800249 4.12001402196294
5 61 17 29 0.066531803 4.164541691562961
5 61 18 30 0.060144369 4.114268055332987
5 61 19 31 0.054443421 4.02531560739842
5 61 20 32 0.051847724 4.100595058444861
5 61 21 33 0.049140451 4.116780796151711
5 61 22 34 0.047122031 4.142460998218366
5 61 23 35 0.045213319 4.1329710720068915
5 61 24 36 0.043933047 4.138958806425303
5 61 25 37 0.043414109 4.178740470021852
5 61 26 38 0.042078308 4.102458499828725
5 61 27 39 0.042010818 4.113404006069716
5 61 28 40 0.042467135 4.140367501091629
5 61 29 41 0.042450151 4.085956570990287
5 61 30 42 0.044345824 4.177846776095146
5 61 31 43 0.045606977 4.168955537696395
5 61 32 44 0.04614049 4.056174494339698
5 61 33 45 0.048420166 4.05643834109862
5 61 34 46 0.051419873 4.066756664760488
5 61 35 47 0.054057148 3.996756220294208
5 61 36 48 0.059092947 4.0423439164784485
5 61 37 49 0.064109473 4.01291654658194
5 61 38 50 0.069763285 3.94814188641301
5 61 39 51 0.079416447 4.009993415339698
5 61 40 52 0.090413977 4.012661957175731
5 61 41 53 0.107543803 4.123022905756163
5 61 42 54 0.12845067 4.166885910973916
5 61 43 55 0.154054108 4.12150241161006
5 61 44 56 0.192095847 4.099506309841854
5 61 45 57 0.272427798 4.4283156994212
5 61 46 58 0.415372181 4.794206449409914
6 18 7 10 2.04060965 8.176047204420737
6 18 8 11 0.605721885 5.550216653434138
6 18 9 12 0.416435194 5.887213857749894
6 18 10 13 0.304228104 5.247314067289148
6 18 11 14 0.290868105 5.016881343389094
6 18 12 15 0.34273633 4.845320714008482
6 18 13 16 0.753338426 6.90282385563312
6 18 14 17 2.08826061 8.366968823504505
6 28 7 12 2.15162112 7.969114901440761
6 28 8 13 0.653684693 5.493736511484191
6 28 9 14 0.412908524 5.7112161528893886
6 28 10 15 0.240987552 4.724208671331477
6 28 11 16 0.176465172 4.452514344323245
6 28 12 17 0.142348402 4.293126662145085
6 28 13 18 0.122669655 4.150225551945781
6 28 14 19 0.121241839 4.340186901030753
6 28 15 20 0.124274334 4.448743445413433
6 28 16 21 0.129010099 4.364738853540062
6 28 17 22 0.151676943 4.574468830538473
6 28 18 23 0.201920416 5.094793145084272
6 28 19 24 0.274094418 5.373220382267522
6 28 20 25 0.421861528 5.835051186776175
6 28 21 26 0.813318937 6.835344299057055
6 28 22 27 2.45164199 9.080323916650755
6 62 9 21 0.472934559 5.458588746718773
6 62 10 22 0.29140105 4.736726039032265
6 62 11 23 0.208984096 4.45991745052456
6 62 12 24 0.162869937 4.357357598826761
6 62 13 25 0.128294972 4.161835133095009
6 62 14 26 0.108665182 4.166014423389531
6 62 15 27 0.09748297 4.32639087639628
6 62 16 28 0.082433819 4.162350292393521
6 62 17 29 0.074149649 4.1963811635263815
6 62 18 30 0.066030463 4.1331604387259055
6 62 19 31 0.058993614 4.0355488898527625
6 62 20 32 0.055640733 4.113839777849161
6 62 21 33 0.052224487 4.130392943034836
6 62 22 34 0.04959315 4.154706018890043
6 62 23 35 0.047090413 4.139681484494909
6 62 24 36 0.04539087 4.1492010936694435
6 62 25 37 0.044522894 4.1945286473947565
6 62 26 38 0.042863013 4.12569579834456
6 62 27 39 0.04248787 4.142389076602553
6 62 28 40 0.042612875 4.172353195673269
6 62 29 41 0.042293973 4.12348493255424
6 62 30 42 0.043794446 4.215349066875624
6 62 31 43 0.044731059 4.214139997364166
6 62 32 44 0.045011794 4.114549575560542
6 62 33 45 0.046842804 4.11791437039688
6 62 34 46 0.049331656 4.1327991487738345
6 62 35 47 0.051367755 4.062634693789188
6 62 36 48 0.055644663 4.114130345378653
6 62 37 49 0.059765572 4.088355864009536
6 62 38 50 0.064440844 4.033658632060594
6 62 39 51 0.072435387 4.099365238796259
6 62 40 52 0.081223736 4.101249285671141
6 62 41 53 0.094889856 4.211305905646461
6 62 42 54 0.110813986 4.2483954427029404
6 62 43 55 0.129770175 4.209690100270551
6 62 44 56 0.156829283 4.195748341196955
6 62 45 57 0.20936065 4.467953467560348
6 62 46 58 0.292840416 4.76012294309935
6 62 47 59 0.451429702 5.210380684554306
7 19 8 11 1.58777615 6.3616933069259085
7 19 9 12 0.735856252 6.742635069862183
7 19 10 13 0.385620627 5.451583179851516
7 19 11 14 0.282048665 4.864763997985618
7 19 12 15 0.256892728 4.4308754112298745
7 19 13 16 0.380781367 5.383169753359867
7 19 14 17 0.680170464 6.2323873875992195
7 19 15 18 2.39281448 9.587215340230044
7 29 8 13 1.69950999 6.294598180211411
7 29 9 14 0.783820152 6.587428822475867
7 29 10 15 0.37576162 5.1974122815151285
7 29 11 16 0.24153566 4.734953527424402
7 29 12 17 0.178151908 4.4950735425489805
7 29 13 18 0.140348368 4.232807057780319
7 29 14 19 0.128370859 4.343111743055192
7 29 15 20 0.124490667 4.456487683381159
7 29 16 21 0.119111395 4.263921766664228
7 29 17 22 0.129417499 4.378522228816227
7 29 18 23 0.156044643 4.706195559176081
7 29 19 24 0.191295672 4.826712908465329
7 29 20 25 0.261956849 5.135281085225806
7 29 21 26 0.406530801 5.623001566609125
7 29 22 27 0.778060539 6.539023533857431
7 29 23 28 2.22003914 8.222519675004738
7 63 10 22 0.445049379 5.136739292388185
7 63 11 23 0.289454714 4.705088334185608
7 63 12 24 0.212607755 4.53724974670489
7 63 13 25 0.159861545 4.276872274261002
7 63 14 26 0.131113477 4.253266254275689
7 63 15 27 0.115263786 4.418992230376831
7 63 16 28 0.095174693 4.223947254161593
7 63 17 29 0.084130627 4.248027619498014
7 63 18 30 0.073636314 4.167329787644901
7 63 19 31 0.064796875 4.055944304117142
7 63 20 32 0.060394495 4.131378309022875
7 63 21 33 0.056120144 4.149285393595065
7 63 22 34 0.052748193 4.171812432069261
7 63 23 35 0.049494825 4.14646876295233
7 63 24 36 0.047296597 4.157806959147236
7 63 25 37 0.045894377 4.195226908884491
7 63 26 38 0.043826792 4.12894845890771
7 63 27 39 0.043130172 4.151410667334053
7 63 28 40 0.042877437 4.180370224760953
7 63 29 41 0.04219208 4.131151907025804
7 63 30 42 0.043279211 4.219541504207603
7 63 31 43 0.043823123 4.218109315633898
7 63 32 44 0.043782538 4.124779262925935
7 63 33 45 0.045177197 4.129669142744343
7 63 34 46 0.047161794 4.145956532540139
7 63 35 47 0.04860158 4.0716364448228415
7 63 36 48 0.052090895 4.119827258511292
7 63 37 49 0.055372711 4.094023368080823
7 63 38 50 0.059166045 4.047344297583265
7 63 39 51 0.065603402 4.106428661453305
7 63 40 52 0.072490285 4.102472103578791
7 63 41 53 0.083158927 4.198963341897109
7 63 42 54 0.09506884 4.219249393053758
7 63 43 55 0.108926444 4.176030706804798
7 63 44 56 0.128093299 4.155292945480698
7 63 45 57 0.163148581 4.364812329718979
7 63 46 58 0.214607412 4.579924310559565
7 63 47 59 0.300795953 4.8894402508523065
7 63 48 60 0.483067133 5.575538445908963
8 20 9 12 2.01092825 8.057123662383535
8 20 10 13 0.644175395 5.902565341619634
8 20 11 14 0.357721239 5.057164874139485
8 20 12 15 0.261175097 4.504737539020089
8 20 13 16 0.281812181 4.860685131491782
8 20 14 17 0.376735486 5.325972458238823
8 20 15 18 0.764336011 7.003594491342539
8 20 16 19 2.22804029 8.927019719029197
8 30 9 14 2.11516005 7.834071397006545
8 30 10 15 0.673105705 5.656955757485983
8 30 11 16 0.35813451 4.953599839995374
8 30 12 17 0.23700653 4.6461665546450455
8 30 13 18 0.170015832 4.289786603002042
8 30 14 19 0.143960806 4.341755621130866
8 30 15 20 0.132622515 4.486956048880326
8 30 16 21 0.117987091 4.223674195909577
8 30 17 22 0.119795673 4.288417389930578
8 30 18 23 0.13302854 4.50069290441912
8 30 19 24 0.150404384 4.536089355284141
8 30 20 25 0.1898205 4.78949182729729
8 30 21 26 0.260596507 5.1086135689203305
8 30 22 27 0.407953879 5.642685117778491
8 30 23 28 0.798636521 6.711949448726669
8 30 24 29 2.4517801 9.080835444655758
8 64 11 23 0.422429654 4.875663475471889
8 64 12 24 0.285353436 4.638422032551108
8 64 13 25 0.202033098 4.3115766060673755
8 64 14 26 0.159407863 4.2647346462458895
8 64 15 27 0.136976781 4.443469379174585
8 64 16 28 0.11011901 4.221751397327766
8 64 17 29 0.095559601 4.241029852890908
8 64 18 30 0.082160872 4.14856831505655
8 64 19 31 0.071170846 4.02780055704157
8 64 20 32 0.065580809 4.105014458227256
8 64 21 33 0.060265263 4.122537995321574
8 64 22 34 0.056078804 4.146228889353536
8 64 23 35 0.052049665 4.116566410759138
8 64 24 36 0.049281487 4.128596200458156
8 64 25 37 0.047414924 4.1682089934427475
8 64 26 38 0.044960667 4.109876032085476
8 64 27 39 0.043921444 4.1378656808100684
8 64 28 40 0.043309828 4.1687031055568955
8 64 29 41 0.042269038 4.121053874663481
8 64 30 42 0.042992909 4.2095634537082995
8 64 31 43 0.043195221 4.211352831568945
8 64 32 44 0.042832388 4.122748048641936
8 64 33 45 0.043855574 4.131660028455038
8 64 34 46 0.045348254 4.145305544767036
8 64 35 47 0.046283147 4.068715359962039
8 64 36 48 0.049135659 4.116379342498484
8 64 37 49 0.051712901 4.089932015115038
8 64 38 50 0.054819702 4.0531362284072925
8 64 39 51 0.06007682 4.109647262106775
8 64 40 52 0.065481849 4.098820081595119
8 64 41 53 0.073989948 4.187343140053117
8 64 42 54 0.082996473 4.190760513705921
8 64 43 55 0.093386494 4.1445852092959
8 64 44 56 0.107498914 4.121301947690206
8 64 45 57 0.13207983 4.284614340671248
8 64 46 58 0.166261105 4.4480835604491205
8 64 47 59 0.21889675 4.6714628236021944
8 64 48 60 0.317710916 5.1643930888443705
8 64 49 61 0.477304813 5.509030015707751
9 21 10 13 1.49337899 5.983475142504674
9 21 11 14 0.549988798 5.039535571447653
9 21 12 15 0.316021355 4.467646652604723
9 21 13 16 0.258813273 4.464000893928086
9 21 14 17 0.275442121 4.750814593536893
9 21 15 18 0.422157095 5.96810532740765
9 21 16 19 0.769715626 7.052887788318367
9 21 17 20 1.77510782 7.112269281514172
9 31 10 15 1.56475532 5.795497553826162
9 31 11 16 0.584761419 4.914487355247901
9 31 12 17 0.329337595 4.555290295527402
9 31 13 18 0.211831394 4.152644815426129
9 31 14 19 0.165709025 4.181118588070848
9 31 15 20 0.14534631 4.383541437334891
9 31 16 21 0.121344471 4.105391216202115
9 31 17 22 0.116106364 4.1563483721086465
9 31 18 23 0.120118365 4.299969042421329
9 31 19 24 0.12670962 4.286907814335503
9 31 20 25 0.149450992 4.507335729973505
9 31 21 26 0.187288249 4.725598857522343
9 31 22 27 0.256766729 5.03353636975913
9 31 23 28 0.409234338 5.660396009413929
9 31 24 29 0.826670071 6.9475507085247425
9 31 25 30 2.46176431 9.1178146860057
10 22 11 14 2.11314625 8.46667734313844
10 22 12 15 0.697584098 6.391948142818765
10 22 13 16 0.369431281 5.22271169278141
10 22 14 17 0.285025486 4.916108086528805
10 22 15 18 0.333621796 5.754295281362535
10 22 16 19 0.449151288 6.349726740290383
10 22 17 20 0.718124228 6.580156913894788
10 22 18 21 2.33953921 9.373758973232924
10 32 11 16 2.21579412 8.206797087126946
10 32 12 17 0.763800071 6.41917484447952
10 32 13 18 0.374112226 5.174598401181481
10 32 14 19 0.245584468 4.814324489548437
10 32 15 20 0.196340791 4.954009782186778
10 32 16 21 0.147398246 4.445426369141961
10 32 17 22 0.129558844 4.383304288655229
10 32 18 23 0.121978229 4.3665480174441225
10 32 19 24 0.118108446 4.228018433721531
10 32 20 25 0.129409899 4.378265101540579
10 32 21 26 0.148730446 4.485604574579838
10 32 22 27 0.182810743 4.612623818505616
10 32 23 28 0.250585577 4.912363920664257
10 32 24 29 0.399826696 5.530272570860259
10 32 25 30 0.740620499 6.224367680749626
10 32 26 31 1.70771531 6.32498881789166
11 23 12 15 2.09225297 8.382964888120314
11 23 13 16 0.676712539 6.200702494917281
11 23 14 17 0.36801388 5.202673658221852
11 23 15 18 0.327281614 5.644940077946569
11 23 16 19 0.318050754 5.485726576976992
11 23 17 20 0.381426747 5.392293598160348
11 23 18 21 0.691575131 6.33688810695208
11 23 19 22 1.87250842 7.502521235550998
11 33 12 17 2.23201071 8.266859645454852
11 33 13 18 0.733887957 6.167785643267985
11 33 14 19 0.386045214 5.33965160269358
11 33 15 20 0.278655744 5.462638510561425
11 33 16 21 0.188071556 4.74536301616045
11 33 17 22 0.152828987 4.60921365902179
11 33 18 23 0.131960268 4.464550553233505
11 33 19 24 0.11837479 4.237552953731312
11 33 20 25 0.121597082 4.352903806580848
11 33 21 26 0.130475632 4.414321551916606
11 33 22 27 0.148345999 4.47400992621925
11 33 23 28 0.18473658 4.661215938809834
11 33 24 29 0.262008072 5.136285237260894
11 33 25 30 0.409216091 5.660143622855928
11 33 26 31 0.69461268 5.837705980145821
11 33 27 32 1.71354627 6.346585366556186
12 24 13 16 2.01066294 8.056060653059921
12 24 14 17 0.649062775 5.947348299837597
12 24 15 18 0.439640369 6.215269290623589
12 24 16 19 0.319148239 5.5046559539918745
12 24 17 20 0.305496909 5.269198364754141
12 24 18 21 0.39883386 5.638380860604882
12 24 19 22 0.70837324 6.4908088197854985
12 24 20 23 2.45559246 9.838745919769437
12 34 13 18 2.13320846 7.9009185996768325
12 34 14 19 0.717572216 6.030663903989902
12 34 15 20 0.441932353 6.112664297862776
12 34 16 21 0.261146888 5.11940298385549
12 34 17 22 0.194069854 4.896710205998711
12 34 18 23 0.152819461 4.608926361630256
12 34 19 24 0.126163959 4.26844671876219
12 34 20 25 0.121404951 4.346025946129705
12 34 21 26 0.121868559 4.362622076520082
12 34 22 27 0.129095399 4.367624768883844
12 34 23 28 0.14772614 4.4553154192049
12 34 24 29 0.192116896 4.8474337770563425
12 34 25 30 0.270006098 5.293074845143772
12 34 26 31 0.401657738 5.555598947137778
12 34 27 32 0.741373011 6.230691987703728
12 34 28 33 2.41452303 8.942843737397826
13 25 14 17 1.76013654 7.052284319671715
13 25 15 18 0.798119702 7.313153728091386
13 25 16 19 0.417938735 5.908469667869764
13 25 17 20 0.316479525 5.458626082557736
13 25 18 21 0.301907825 5.207293988681501
13 25 19 22 0.385598486 5.451270168838272
13 25 20 23 0.818224031 7.497369263942329
13 25 21 24 2.24232769 8.984264600150112
13 35 14 19 1.90292318 7.0479943374208185
13 35 15 20 0.85261617 7.165608486124996
13 35 16 21 0.412322536 5.703110957824442
13 35 17 22 0.27387428 5.368904898584409
13 35 18 23 0.193309697 4.877530160961622
13 35 19 24 0.145031198 4.374037883310014
13 35 20 25 0.12903122 4.365453430538609
13 35 21 26 0.119923544 4.29299488598144
13 35 22 27 0.117233149 4.196684757119088
13 35 23 28 0.121641384 4.11543653604348
13 35 24 29 0.14324239 4.320088705023781
13 35 25 30 0.179849175 4.537898455691878
13 35 26 31 0.235906466 4.624601408044364
13 35 27 32 0.353170965 4.884945702984647
13 35 28 33 0.684244079 5.750565555264078
13 35 29 34 1.74300126 6.455679945313059
14 26 15 18 2.07720591 8.322676300909256
14 26 16 19 0.673570021 6.171907669818108
14 26 17 20 0.404860506 5.723580561202121
14 26 18 21 0.293234052 5.057689101818804
14 26 19 22 0.277400088 4.784585529381755
14 26 20 23 0.414355862 5.85781799413981
14 26 21 24 0.701040467 6.423618777906044
14 26 22 25 1.69250138 6.781292628125736
14 36 15 20 2.19310497 8.122761639768061
14 36 16 21 0.712198544 5.9855021641124475
14 36 17 22 0.408247892 5.646751809786911
14 36 18 23 0.256283373 5.024060881969037
14 36 19 24 0.175709834 4.433455890795586
14 36 20 25 0.145754857 4.395862924571814
14 36 21 26 0.127427072 4.311181035147078
14 36 22 27 0.117274567 4.198167428963639
14 36 23 28 0.113264279 4.054608080222971
14 36 24 29 0.124604267 4.215678382603053
14 36 25 30 0.145446748 4.386570576051127
14 36 26 31 0.177228107 4.471764482992457
14 36 27 32 0.240458587 4.713839085769519
14 36 28 33 0.388252428 5.3701810674950465
14 36 29 34 0.745592131 6.266150571694669
14 36 30 35 2.71732585 10.064356462212633
15 27 16 19 1.53708057 6.158572903601594
15 27 17 20 0.65363878 5.989278135602402
15 27 18 21 0.362147907 5.119745418648549
15 27 19 22 0.267541512 4.614545208161993
15 27 20 23 0.314057254 5.416846850047756
15 27 21 24 0.418779142 5.9203506419272784
15 27 22 25 0.702335582 6.435485888900576
15 27 23 26 1.96925454 7.8901509049316925
15 37 16 21 1.62241976 6.009073514675271
15 37 17 22 0.691772808 5.813838955781612
15 37 18 23 0.364049453 5.035413404117921
15 37 19 24 0.222933942 4.370294038799599
15 37 20 25 0.170527444 4.302695437889461
15 37 21 26 0.139504747 4.207364047834584
15 37 22 27 0.120765581 4.085805899281105
15 37 23 28 0.108270524 3.8758428106038196
15 37 24 29 0.110920996 3.9707237852807933
15 37 25 30 0.119853942 4.05496283974898
15 37 26 31 0.135015337 4.07196663207504
15 37 27 32 0.166173962 4.192849733872846
15 37 28 33 0.228127908 4.4721141494740335
15 37 29 34 0.354675386 4.905754364023443
15 37 30 35 0.782081766 6.572818973505068
15 37 31 36 2.15400243 7.977934731674603
16 28 17 20 2.47832219 9.929816421873422
16 28 18 21 0.767416491 7.031820863577002
16 28 19 22 0.384089821 5.429941919874995
16 28 20 23 0.319202848 5.505597847821317
16 28 21 24 0.325094224 5.607212063451079
16 28 22 25 0.419357288 5.928523988445638
16 28 23 26 0.74304758 6.8085290542373835
16 28 24 27 2.31195523 9.263239098662208
16 38 17 22 2.59015285 9.593336615855609
16 38 18 23 0.824417849 6.928622447903276
16 38 19 24 0.393963066 5.4491687514327705
16 38 20 25 0.256335383 5.025080461988656
16 38 21 26 0.187918453 4.741499968875069
16 38 22 27 0.149290026 4.502481109783958
16 38 23 28 0.122156667 4.132869866829999
16 38 24 29 0.116157017 4.158161636316045
16 38 25 30 0.116746458 4.179262306911535
16 38 26 31 0.123224819 4.169008158111263
16 38 27 32 0.14177955 4.275970490008959
16 38 28 33 0.176790493 4.460722742629794
16 38 29 34 0.243716831 4.777712196352898
16 38 30 35 0.426188711 5.894903371968914
16 38 31 36 0.798126159 6.7076602334773305
16 38 32 37 2.0874823 7.731559310694921
17 29 18 21 2.08347111 8.3477788828485
17 29 19 22 0.668289372 6.123521196179731
17 29 20 23 0.396101542 5.5997536249025615
17 29 21 24 0.309781051 5.343091073176845
17 29 22 25 0.310426539 5.354224424166229
17 29 23 26 0.389093051 5.5006734176299865
17 29 24 27 0.712902991 6.532314831139389
17 29 25 28 2.10127089 8.419096707650663
17 39 18 23 2.20450664 8.164990830332203
17 39 19 24 0.727920402 6.117632755891456
17 39 20 25 0.389406621 5.38614548896374
17 39 21 26 0.254783536 4.994658770108156
17 39 22 27 0.186564039 4.707325816010773
17 39 23 28 0.140253055 4.22993248542264
17 39 24 29 0.12445834 4.210741302082864
17 39 25 30 0.116974541 4.18742716862192
17 39 26 31 0.116136057 4.157411315154671
17 39 27 32 0.125997841 4.262826525502185
17 39 28 33 0.145319283 4.382726322218264
17 39 29 34 0.183069603 4.619155293527619
17 39 30 35 0.278660513 5.4627319998349035
17 39 31 36 0.434612128 6.011413331043828
17 39 32 37 0.810793139 6.814116834437146
17 39 33 38 1.82993731 6.777671287137868
18 30 19 22 2.33245294 9.345366635666908
18 30 20 23 0.749258604 6.865440534065587
18 30 21 24 0.420212989 5.940621176334351
18 30 22 25 0.32337603 5.577576722639397
18 30 23 26 0.298904007 5.1554842569711905
18 30 24 27 0.395397293 5.589797539221421
18 30 25 28 0.74602583 6.835818695172332
18 30 26 29 2.33712302 9.364078099923887
18 40 19 24 2.46918914 9.14531456637203
18 40 20 25 0.79558841 6.686332329538968
18 40 21 26 0.419345786 5.800254263216171
18 40 22 27 0.271146864 5.315437894954576
18 40 23 28 0.18098614 4.566586003008543
18 40 24 29 0.146410035 4.415622627531113
18 40 25 30 0.126326667 4.273951543073517
18 40 26 31 0.116296711 4.163162369346435
18 40 27 32 0.117914337 4.22106976529056
18 40 28 33 0.125288055 4.238812664913653
18 40 29 34 0.143917241 4.340441731684911
18 40 30 35 0.19477082 4.914396762130495
18 40 31 36 0.266754782 5.229337547872754
18 40 32 37 0.415424165 5.746011679450305
18 40 33 38 0.667674592 5.611311268475291
18 40 34 39 2.03794309 7.548077352395217
19 31 20 23 2.21655418 8.88099867940745
19 31 21 24 0.769813907 7.053788335015497
19 31 22 25 0.449050097 6.348296186230441
19 31 23 26 0.305699346 5.272689989965202
19 31 24 27 0.301159222 5.19438211433108
19 31 25 28 0.407015184 5.754041603792553
19 31 26 29 0.777252005 7.121943467613151
19 31 27 30 2.34735656 9.405080506292165
19 41 20 25 2.33432583 8.645811562154154
19 41 21 26 0.823572613 6.921518864289117
19 41 22 27 0.448954803 6.209796537915195
19 41 23 28 0.259238915 5.081999962344793
19 41 24 29 0.190472319 4.805938321608374
19 41 25 30 0.149911395 4.5212211573254155
19 41 26 31 0.127669733 4.319390872230753
19 41 27 32 0.121479114 4.348680815800076
19 41 28 33 0.120031506 4.296859684322293
19 41 29 34 0.12755752 4.315594421838352
19 41 30 35 0.157610682 4.753426182705377
19 41 31 36 0.197289622 4.977950390919693
19 41 32 37 0.2762104 5.414701116147011
19 41 33 38 0.38316518 5.29981591089839
19 41 34 39 0.774329186 6.507664270847526
19 41 35 40 2.55781857 9.473577802289325
20 32 21 24 1.78208384 7.140219883834898
20 32 22 25 0.727204355 6.663357923035637
20 32 23 26 0.372729913 5.269345004042844
20 32 24 27 0.286126972 4.935106472630314
20 32 25 28 0.289930086 5.000702429510432
20 32 26 29 0.393158995 5.55815434673137
20 32 27 30 0.694149139 6.360473687102734
20 32 28 31 1.59303093 6.382747470483768
20 42 21 26 1.89319568 7.011965891481524
20 42 22 27 0.769413851 6.4663545145615915
20 42 23 28 0.371464931 5.137981879393563
20 42 24 29 0.24652614 4.832784592533135
20 42 25 30 0.177955879 4.490127399780348
20 42 26 31 0.140487369 4.2369992291765595
20 42 27 32 0.125871873 4.258564708573398
20 42 28 33 0.115948276 4.150689174982726
20 42 29 34 0.113822254 4.074582338334502
20 42 30 35 0.12824825 4.338963569615734
20 42 31 36 0.146558656 4.420104931292097
20 42 32 37 0.184834099 4.663676507892236
20 42 33 38 0.227439108 4.458611232390528
20 42 34 39 0.356217096 4.927078794359184
20 42 35 40 0.738169013 6.20376475354357
20 42 36 41 2.07423488 7.682493882238983
21 33 22 25 2.38226831 9.544960328966205
21 33 23 26 0.694251816 6.361414514253671
21 33 24 27 0.393115359 5.557537457314726
21 33 25 28 0.295041884 5.088870515239095
21 33 26 29 0.301971655 5.20839492594703
21 33 27 30 0.409359364 5.787181667792668
21 33 28 31 0.643465249 5.896058289037954
21 33 29 32 1.58686118 6.35802732509022
21 43 22 27 2.49046365 9.22411050915486
21 43 23 28 0.737197454 6.19559951851739
21 43 24 29 0.400862354 5.544597454834969
21 43 25 30 0.250859838 4.917740406643118
21 43 26 31 0.177302571 4.4736433354843
21 43 27 32 0.147489806 4.448187753686242
21 43 28 33 0.126186516 4.26920987928282
21 43 29 34 0.114490948 4.098520089225907
21 43 30 35 0.118736109 4.250487366503569
21 43 31 36 0.125636169 4.250590244444549
21 43 32 37 0.145449435 4.386651614061944
21 43 33 38 0.163967209 4.137169628413405
21 43 34 39 0.217718875 4.268060273866485
21 43 35 40 0.345207752 4.774801135674869
21 43 36 41 0.617776014 5.191950615296065
21 43 37 42 2.08997702 7.740799185755695
22 34 23 26 1.88710261 7.560995322621146
22 34 24 27 0.713963343 6.542030813795194
22 34 25 28 0.391745924 5.538177526104667
22 34 26 29 0.298401104 5.146810206310893
22 34 27 30 0.320233955 5.523382339769439
22 34 28 31 0.399369269 5.645950027019679
22 34 29 32 0.680336466 6.23390846036829
22 34 30 33 2.28464977 9.153835161511159
22 44 23 28 1.98989309 7.370111088978808
22 44 24 29 0.770320528 6.473974464351394
22 44 25 30 0.398463446 5.511416541091238
22 44 26 31 0.245586753 4.8143692836331295
22 44 27 32 0.188325788 4.751777718925627
22 44 28 33 0.149680192 4.514248239121051
22 44 29 34 0.126117865 4.266887241835387
22 44 30 35 0.121981016 4.366647785816105
22 44 31 36 0.121431255 4.346967570549017
22 44 32 37 0.132121848 4.470017214443919
22 44 33 38 0.140958123 4.251196835333819
22 44 34 39 0.172086391 4.34203030380589
22 44 35 40 0.241428503 4.732852871085961
22 44 36 41 0.366772903 5.07308327704984
22 44 37 42 0.815040938 6.849816444217891
22 44 38 43 2.2801201 8.445045875913598
23 35 24 27 2.39999762 9.615995803811582
23 35 25 28 0.785072376 7.193601359518828
23 35 26 29 0.39835147 5.631561232644139
23 35 27 30 0.317709004 5.479832086760875
23 35 28 31 0.296917709 5.121224669181009
23 35 29 32 0.35310234 4.991866727892155
23 35 30 33 0.635682316 5.824743440724091
23 35 31 34 1.64657215 6.597269411072588
23 45 24 29 2.5361836 9.39344679771022
23 45 25 30 0.853223546 7.1707130323123724
23 45 26 31 0.408717242 5.653243706043717
23 45 27 32 0.276677936 5.423866475963437
23 45 28 33 0.198921052 5.019114125351999
23 45 29 34 0.152202308 4.590313465653224
23 45 30 35 0.134767569 4.559528666135209
23 45 31 36 0.124291036 4.44934133969002
23 45 32 37 0.12544499 4.490650314186786
23 45 33 38 0.125838481 4.257434972522289
23 45 34 39 0.141251329 4.260039719963469
23 45 35 40 0.177600451 4.481159351012208
23 45 36 41 0.240333294 4.711382899663038
23 45 37 42 0.426811607 5.903519066462957
23 45 38 43 0.808719075 6.796685860076002
23 45 39 44 2.05083041 7.595809052412939
24 36 25 28 2.20294763 8.826481738801338
24 36 26 29 0.682422593 6.253023597369784
24 36 27 30 0.419848936 5.935474498297923
24 36 28 31 0.313153613 5.401260886526519
24 36 29 32 0.289777606 4.9980724606204445
24 36 30 33 0.385070092 5.443800174649567
24 36 31 34 0.70206965 6.433049159682709
24 36 32 35 2.61894924 10.493262448416733
24 46 25 30 2.33804696 8.659593780713712
24 46 26 31 0.739146243 6.211977649131622
24 46 27 32 0.425539485 5.88592348949481
24 46 28 33 0.274430531 5.3798093862885565
24 46 29 34 0.190353251 4.802934034859089
24 46 30 35 0.154830511 4.669578200727873
24 46 31 36 0.1327302 4.490599305548499
24 46 32 37 0.124540123 4.458258097663454
24 46 33 38 0.117762542 4.215635843501878
24 46 34 39 0.122444058 4.142593033261007
24 46 35 40 0.139187958 4.197809916681259
24 46 36 41 0.171009077 4.314847851971484
24 46 37 42 0.25780844 5.053957591097655
24 46 38 43 0.399613204 5.5273196190851275
24 46 39 44 0.678164909 5.699474626340462
24 46 40 45 2.30857764 8.55044612689847
25 37 26 29 1.67294465 6.702935286414591
25 37 27 30 0.700802419 6.421437549182705
25 37 28 31 0.406805559 5.7510781001725135
25 37 29 32 0.286632818 4.94383128403591
25 37 30 33 0.276807635 4.774366923933299
25 37 31 34 0.359922035 5.088277894594908
25 37 32 35 0.749454323 6.86723390306891
25 37 33 36 2.05905494 8.249951374059073
25 47 26 31 1.79439453 6.646028919853134
25 47 27 32 0.757264987 6.364252295487821
25 47 28 33 0.419303671 5.799671742259837
25 47 29 34 0.258129534 5.060252169579088
25 47 30 35 0.191755056 4.8383039426981505
25 47 31 36 0.152381964 4.595731762963047
25 47 32 37 0.132983848 4.499180860708167
25 47 33 38 0.11890033 4.256366111324275
25 47 34 39 0.115595623 4.138064985644841
25 47 35 40 0.120629289 4.081194795247873
25 47 36 41 0.137303047 4.140962340198661
25 47 37 42 0.184432654 4.653547372490057
25 47 38 43 0.254039559 4.980074188599685
25 47 39 44 0.356584253 4.932157190340775
25 47 40 45 0.727295384 6.11237994173854
25 47 41 46 2.18911115 8.10796943951504
26 38 27 30 1.99689262 8.000887540289442
26 38 28 31 0.757458326 6.940574411055899
26 38 29 32 0.393520814 5.563269442336852
26 38 30 33 0.292967569 5.053092813782924
26 38 31 34 0.292419249 5.043635412538443
26 38 32 35 0.43151858 6.1004502036697605
26 38 33 36 0.755584511 6.92340468436119
26 38 34 37 1.97816323 7.925845076019019
26 48 27 32 2.11615245 7.837747020727969
26 48 28 33 0.811750268 6.822160795982839
26 48 29 34 0.402685683 5.56981714740986
26 48 30 35 0.262970195 5.155146252204468
26 48 31 36 0.189853569 4.790326214021785
26 48 32 37 0.152048267 4.585667698543287
26 48 33 38 0.12791795 4.3277886828859415
26 48 34 39 0.116236713 4.161014575022002
26 48 35 40 0.111434917 3.9891210086383557
26 48 36 41 0.118207933 3.9992741805566743
26 48 37 42 0.143827116 4.337723625721026
26 48 38 43 0.181698395 4.584557399677774
26 48 39 44 0.227299021 4.455865031540531
26 48 40 45 0.36202204 5.007370888158192
26 48 41 46 0.712742784 5.990076098902458
26 48 42 47 2.11491844 7.833176528559009
27 39 28 31 2.33337118 9.34904571930987
27 39 29 32 0.724790661 6.64124129663193
27 39 30 33 0.398777174 5.637579481159656
27 39 31 34 0.300830487 5.1887121063100246
27 39 32 35 0.328809394 5.671291165766263
27 39 33 36 0.435633693 6.158626243132474
27 39 34 37 0.761759019 6.979981568863822
27 39 35 38 1.68203787 6.739368808112473
27 49 28 33 2.4511043 9.078332435273513
27 49 29 34 0.775374392 6.516448454454258
27 49 30 35 0.412935282 5.711586260825981
27 49 31 36 0.261058442 5.117669129319532
27 49 32 37 0.188007566 4.743748440379495
27 49 33 38 0.147803805 4.457657740421935
27 49 34 39 0.125567894 4.248280328030754
27 49 35 40 0.110768429 3.965262227617275
27 49 36 41 0.110066803 3.940145584717932
27 49 37 42 0.122738906 4.152568488914976
27 49 38 43 0.144530032 4.3589230728412565
27 49 39 44 0.166352374 4.197351369975857
27 49 40 45 0.226147964 4.433300241718538
27 49 41 46 0.355149092 4.912306511052796
27 49 42 47 0.661957149 5.563260387526439
27 49 43 48 1.99367026 7.384100866943189
28 40 29 32 2.10200067 8.422020694474327
28 40 30 33 0.744538103 6.822186684548902
28 40 31 34 0.403998736 5.7113975748472425
28 40 32 35 0.316403934 5.457322292038566
28 40 33 36 0.319820822 5.516256638448428
28 40 34 37 0.419252181 5.927038073239955
28 40 35 38 0.598249685 5.481749044941189
28 40 36 39 1.90662298 7.639206981851396
28 50 29 34 2.21606927 8.207816180100496
28 50 30 35 0.810130391 6.808546927531717
28 50 31 36 0.418523822 5.788885125014767
28 50 32 37 0.261219362 5.120823730679982
28 50 33 38 0.189325155 4.776993436295304
28 50 34 39 0.149694418 4.514677285173115
28 50 35 40 0.121357448 4.105830261025283
28 50 36 41 0.113290469 4.055545623697036
28 50 37 42 0.116999678 4.188327017049089
28 50 38 43 0.130481218 4.4145105404642075
28 50 39 44 0.141899022 4.279573680641052
28 50 40 45 0.176026327 4.441441543751388
28 50 41 46 0.246698641 4.836166222468997
28 50 42 47 0.377085825 5.21572825356742
28 50 43 48 0.760107007 6.388137372203803
28 50 44 49 2.10031829 7.779100896075783
29 41 30 33 2.34017651 9.3763124233175
29 41 31 34 0.769293343 7.049018418237638
29 41 32 35 0.413760433 5.849400314965205
29 41 33 36 0.324478632 5.596594357463894
29 41 34 37 0.333905933 5.75919606487837
29 41 35 38 0.362930203 5.130804867797947
29 41 36 39 0.7076405 6.484094738865941
29 41 37 40 2.42710206 9.724594320382055
29 51 30 35 2.47526677 9.167824724572393
29 51 31 36 0.834676805 7.014841387631316
29 51 32 37 0.409919096 5.669867358933515
29 51 33 38 0.26584325 5.21146829552815
29 51 34 39 0.192824765 4.8652945075374925
29 51 35 40 0.141402413 4.264596306054429
29 51 36 41 0.122935166 4.159208462483214
29 51 37 42 0.116273427 4.162328854178428
29 51 38 43 0.122045579 4.368958996939282
29 51 39 44 0.125143454 4.2339204463365565
29 51 40 45 0.142506084 4.297882239227998
29 51 41 46 0.182011386 4.592454691258596
29 51 42 47 0.243689481 4.7771760395842655
29 51 43 48 0.401495303 5.553352199149125
29 51 44 49 0.762596119 6.40905651811927
29 51 45 50 1.87470039 6.943463547004877
30 42 31 34 2.30939305 9.252973291761695
30 42 32 35 0.698059157 6.396301098256662
30 42 33 36 0.410049259 5.796934828579535
30 42 34 37 0.324250972 5.592667686966158
30 42 35 38 0.261676145 4.513379594715205
30 42 36 39 0.346582363 4.89969272459067
30 42 37 40 0.683769407 6.26536442519356
30 42 38 41 1.98409496 7.949611554083003
30 52 31 36 2.44854935 9.068869482001594
30 52 32 37 0.748582677 6.291283899620819
30 52 33 38 0.411751791 5.695216598968384
30 52 34 39 0.269820332 5.2894331742742375
30 52 35 40 0.176881341 4.463014991114685
30 52 36 41 0.142861569 4.308603414246827
30 52 37 42 0.123213999 4.168642090068827
30 52 38 43 0.121781219 4.359495499695921
30 52 39 44 0.117941904 4.222056602287488
30 52 40 45 0.12424823 4.203632747887294
30 52 41 46 0.146445645 4.416696599829299
30 52 42 47 0.176920241 4.463996503817907
30 52 43 48 0.254476459 4.9886389744210895
30 52 44 49 0.4030832 5.575315473018289
30 52 45 50 0.695271388 5.843241933838417
30 52 46 51 2.44130397 9.042034243590939
31 43 32 35 1.61170122 6.457553140622701
31 43 33 36 0.652539721 5.9792074815349725
31 43 34 37 0.410842879 5.808154367007374
31 43 35 38 0.257778064 4.44614565084941
31 43 36 39 0.253664995 4.37520360263078
31 43 37 40 0.334627511 4.730684986109879
31 43 38 41 0.584174888 5.352781981611283
31 43 39 42 2.01157105 8.059699149147015
31 53 32 37 1.71932435 6.367986059736647
31 53 33 38 0.699477067 5.878587556162607
31 53 34 39 0.402791119 5.571275503804304
31 53 35 40 0.233146595 4.570498171583601
31 53 36 41 0.174426884 4.401084895356047
31 53 37 42 0.137136672 4.135944588412348
31 53 38 43 0.127404314 4.310411074286657
31 53 39 44 0.116615222 4.174564351380329
31 53 40 45 0.113988783 4.080543704397596
31 53 41 46 0.124654256 4.217369637258626
31 53 42 47 0.137118187 4.135387093946412
31 53 43 48 0.176447215 4.452061258883354
31 53 44 49 0.24542285 4.811156204918353
31 53 45 50 0.346144868 4.787763018816645
31 53 46 51 0.721381936 6.062681783690401
31 53 47 52 2.0047339 7.425078071325799
32 44 33 36 1.61697067 6.4786660820131985
32 44 34 37 0.716351917 6.563917266177149
32 44 35 38 0.339987709 4.806463000073521
32 44 36 39 0.268017723 4.622758876282864
32 44 37 40 0.267774866 4.6185700885420715
32 44 38 41 0.366673959 5.183730971356893
32 44 39 42 0.782248889 7.167729808636768
32 44 40 43 2.16536479 8.675899742917807
32 54 33 38 1.71986981 6.37000631942537
32 54 34 39 0.743214874 6.246171484348835
32 54 35 40 0.349092816 4.828538074929262
32 54 36 41 0.236130857 4.6290002655752645
32 54 37 42 0.16610182 4.1910294693629275
32 54 38 43 0.143946819 4.341333783148987
32 54 39 44 0.124344288 4.206882633656263
32 54 40 45 0.11318784 4.051871734838703
32 54 41 46 0.115668985 4.140691181305182
32 54 42 47 0.117441519 3.973344451104276
32 54 43 48 0.138513471 4.177467868001497
32 54 44 49 0.176362094 4.449913512281531
32 54 45 50 0.221143543 4.335195883684338
32 54 46 51 0.361269419 4.99696087973656
32 54 47 52 0.683382868 5.743327713586804
32 54 48 53 2.14630732 7.949433795706274
33 45 34 37 2.34710418 9.40406930319732
33 45 35 38 0.629975394 5.772451036720478
33 45 36 39 0.372894414 5.27167058214183
33 45 37 40 0.26536197 4.576952555653968
33 45 38 41 0.283625418 4.891959770134073
33 45 39 42 0.436637066 6.172811094737721
33 45 40 43 0.756132685 6.928427590977448
33 45 41 44 1.93738862 7.762474714567555
33 55 34 39 2.43031991 9.001351785415254
33 55 35 40 0.681681221 5.72902662874626
33 55 36 41 0.384897513 5.323776976453393
33 55 37 42 0.228979491 4.488808189309578
33 55 38 43 0.180618051 4.55729849582561
33 55 39 44 0.145443959 4.386486461792783
33 55 40 45 0.122764166 4.153423098781141
33 55 41 46 0.117286208 4.198584150749877
33 55 42 47 0.110503146 3.955765689036512
33 55 43 48 0.121047787 4.095353644011556
33 55 44 49 0.143967446 4.341955878812977
33 55 45 50 0.166333944 4.196886349947056
33 55 46 51 0.233637808 4.580127684373003
33 55 47 52 0.359232553 4.9687876129612025
33 55 48 53 0.716592993 6.02243425871047
33 55 49 54 2.00702211 7.433553080349982
34 46 35 38 1.62671465 6.517706983558936
34 46 36 39 0.682760509 6.256119914437248
34 46 37 40 0.341935751 4.8340027950359
34 46 38 41 0.280252769 4.833788456211909
34 46 39 42 0.317084818 5.469066151808313
34 46 40 43 0.397231663 5.615730334143266
34 46 41 44 0.630989441 5.781742727653463
34 46 42 45 2.17658104 8.720839542872483
34 56 35 40 1.73851211 6.4390531554813055
34 56 36 41 0.74147906 6.231583251136305
34 56 37 42 0.356003537 4.924124915861884
34 56 38 43 0.249566668 4.892389699202819
34 56 39 44 0.185196279 4.672814921024698
34 56 40 45 0.143900098 4.33992471098545
34 56 41 46 0.128376069 4.3432880105691565
34 56 42 47 0.112217405 4.017132330438034
34 56 43 48 0.114688308 4.1055851361919755
34 56 44 49 0.128873104 4.360103965233831
34 56 45 50 0.139929132 4.220163197898204
34 56 46 51 0.178567592 4.505561951971241
34 56 47 52 0.245279434 4.808344743889828
34 56 48 53 0.400583322 5.540737975136816
34 56 49 54 0.772392014 6.491383772528706
34 56 50 55 1.93962605 7.183933414019324
35 47 36 39 2.57275434 10.30817477963917
35 47 37 40 0.710338502 6.5088164733817715
35 47 38 41 0.406709599 5.74972149763284
35 47 39 42 0.33341946 5.7508053981954
35 47 40 43 0.310275225 5.351614566397211
35 47 41 44 0.361458387 5.109997559299284
35 47 42 45 0.665702593 6.099818595629722
35 47 43 46 2.06461315 8.272221281158693
35 57 36 41 2.70989442 10.03683213694852
35 57 37 42 0.778440862 6.542219867462349
35 57 38 43 0.428948216 5.93307194591189
35 57 39 44 0.277632688 5.442582993227246
35 57 40 45 0.191509879 4.832117712877128
35 57 41 46 0.155821195 4.69945652626159
35 57 42 47 0.12362071 4.1824021547275025
35 57 43 48 0.115935886 4.150245640670253
35 57 44 49 0.121935645 4.365023605405193
35 57 45 50 0.123776651 4.187678034265894
35 57 46 51 0.143943223 4.341225330344037
35 57 47 52 0.17980504 4.536784855096591
35 57 48 53 0.255914884 5.0168371937965865
35 57 49 54 0.406769154 5.626298387635009
35 57 50 55 0.7123732 5.986970018652143
35 57 51 56 1.81744241 6.731393021482058
36 48 37 40 2.00817336 8.046085730320934
36 48 38 41 0.72647925 6.656713801457483
36 48 39 42 0.437459632 6.184439847599838
36 48 40 43 0.311824174 5.378330776275091
36 48 41 44 0.28338857 4.887874625382918
36 48 42 45 0.34898499 4.933659063586994
36 48 43 46 0.654146416 5.993929593393271
36 48 44 47 2.03147541 8.139449329164924
36 58 37 42 2.14332804 7.938399220695427
36 58 38 43 0.79936787 6.718095896313651
36 58 39 44 0.432259743 5.978875908276032
36 58 40 45 0.262666405 5.149190893347328
36 58 41 46 0.195181302 4.924753916306428
36 58 42 47 0.141101956 4.2555347364168
36 58 43 48 0.122112315 4.131369326181378
36 58 44 49 0.121016778 4.332130220167203
36 58 45 50 0.115598807 4.1381789657296615
36 58 46 51 0.12404884 4.196886878480533
36 58 47 52 0.1430259 4.313559520445454
36 58 48 53 0.18329451 4.624830077012026
36 58 49 54 0.256210665 5.022635547916616
36 58 50 55 0.378991685 5.242089488040618
36 58 51 56 0.666703807 5.603152538346817
36 58 52 57 2.22942078 8.257267134224675
37 49 38 41 1.93883494 7.76826963991876
37 49 39 42 0.763207223 6.993251431085112
37 49 40 43 0.411767332 5.821223513397625
37 49 41 44 0.298843083 5.154433442276453
37 49 42 45 0.261908556 4.517388210269317
37 49 43 46 0.342386612 4.840376692260155
37 49 44 47 0.633423667 5.80404748833323
37 49 45 48 1.90539861 7.634301336660667
37 59 38 43 2.08395337 7.71848895718903
37 59 39 44 0.804986967 6.765320251849343
37 59 40 45 0.40847004 5.649824488533384
37 59 41 46 0.27212276 5.3345689094292075
37 59 42 47 0.177192131 4.4708567477479555
37 59 43 48 0.139826625 4.217071659612046
37 59 44 49 0.13014467 4.4031242680478035
37 59 45 50 0.116885569 4.184242169844737
37 59 46 51 0.116179993 4.15898412577233
37 59 47 52 0.124621628 4.216265749265227
37 59 48 53 0.146368809 4.414379280663239
37 59 49 54 0.185802846 4.6881196309438495
37 59 50 55 0.246936314 4.840825454193718
37 59 51 56 0.359019704 4.965843554952542
37 59 52 57 0.761353672 6.398614669747146
37 59 53 58 2.18348872 8.087145238507333
38 50 39 42 1.7489026 7.007273641744347
38 50 40 43 0.641082397 5.874224267219395
38 50 41 44 0.378803101 5.355202676663857
38 50 42 45 0.259159731 4.469976587538315
38 50 43 46 0.266099022 4.589665198822278
38 50 44 47 0.379390291 5.363503879720033
38 50 45 48 0.718265483 6.581451230433114
38 50 46 49 1.98391137 7.948875969741206
38 60 39 44 1.83542034 6.797979182274186
38 60 40 45 0.668507643 5.618312446174014
38 60 41 46 0.38482105 5.322719365153757
38 60 42 47 0.223136475 4.374264402193435
38 60 43 48 0.161036843 4.063231544760744
38 60 44 49 0.141469314 4.26661399267956
38 60 45 50 0.120277216 4.069283272705887
38 60 46 51 0.111693651 3.998383107653955
38 60 47 52 0.112326784 4.021047854212362
38 60 48 53 0.122279607 4.137029238838963
38 60 49 54 0.142981206 4.312211581161683
38 60 50 55 0.175064075 4.417162300520017
38 60 51 56 0.224658965 4.4041105930042175
38 60 52 57 0.374811508 5.184270641936251
38 60 53 58 0.730512474 6.139417204478499
38 60 54 59 2.19165128 8.117377502880116
39 51 40 43 1.97865514 7.927815996513455
39 51 41 44 0.732677216 6.713505631111481
39 51 42 45 0.346438908 4.897664677307127
39 51 43 46 0.25819404 4.453320388119755
39 51 44 47 0.288241772 4.971582457733594
39 51 45 48 0.40195951 5.682568696454501
39 51 46 49 0.706901605 6.477324259813265
39 51 47 50 1.75639687 7.03730070021811
39 61 40 45 2.05810296 7.622744922319473
39 61 41 46 0.780901257 6.5628976682261095
39 61 42 47 0.354003984 4.896467750343649
39 61 43 48 0.216614432 4.246409283372207
39 61 44 49 0.174649406 4.40669950126212
39 61 45 50 0.138037665 4.163117897113811
39 61 46 51 0.11852894 4.010134661526915
39 61 47 52 0.111238076 3.982074540712496
39 61 48 53 0.112411579 4.024083325723752
39 61 49 54 0.121947168 4.125781984314091
39 61 50 55 0.139255321 4.199841536898127
39 61 51 56 0.162376223 4.09702636441218
39 61 52 57 0.229369721 4.496458078005131
39 61 53 58 0.353967531 4.895963544326286
39 61 54 59 0.666195019 5.598876551403667
39 61 55 60 1.94535136 7.20513865913068
40 52 41 44 2.45578619 9.839522131733794
40 52 42 45 0.68254414 6.254137329926393
40 52 43 46 0.341168847 4.823160945160061
40 52 44 47 0.292493394 5.044914262507936
40 52 45 48 0.305319254 5.2661341784795415
40 52 46 49 0.395391988 5.589722541550799
40 52 47 50 0.640440149 5.868339362556862
40 52 48 51 2.31602177 9.279532377976388
40 62 41 46 2.57002995 9.518805974396669
40 62 42 47 0.738501037 6.206555169765675
40 62 43 48 0.347969827 4.8130052570203805
40 62 44 49 0.249014559 4.881566409353723
40 62 45 50 0.17953373 4.529939245546179
40 62 46 51 0.140710638 4.2437328635782325
40 62 47 52 0.122709219 4.151564102410745
40 62 48 53 0.115433925 4.13227655858607
40 62 49 54 0.117233057 4.196681463724677
40 62 50 55 0.126934187 4.29450548550792
40 62 51 56 0.138772243 4.185272247657383
40 62 52 57 0.178731145 4.509688670406974
40 62 53 58 0.24616352 4.825675957526136
40 62 54 59 0.386302631 5.3432121107552355
40 62 55 60 0.778965989 6.546633171619476
40 62 56 61 2.02280109 7.491994830841601
41 53 42 45 1.94549561 7.794956739204539
41 53 43 46 0.568429288 5.208505386192725
41 53 44 47 0.369354662 5.221628517187546
41 53 45 48 0.292700888 5.048493110651031
41 53 46 49 0.284099061 4.900129145494519
41 53 47 50 0.337623282 4.773036700854348
41 53 48 51 0.664951284 6.0929343673610425
41 53 49 52 1.8893405 7.569961806866824
41 63 42 47 2.06142159 7.635036372491411
41 63 43 48 0.619777094 5.208768213101435
41 63 44 49 0.375240413 5.190203116132534
41 63 45 50 0.242740482 4.758572301475482
41 63 46 51 0.172507082 4.352645048295118
41 63 47 52 0.139318099 4.201734876772755
41 63 48 53 0.12179855 4.120753860438801
41 63 49 54 0.115672503 4.140817117843622
41 63 50 55 0.118740094 4.25063002059842
41 63 51 56 0.122032733 4.128676865279985
41 63 52 57 0.144667893 4.363080862647495
41 63 53 58 0.181651417 4.583372065390577
41 63 54 59 0.252472024 4.949344956412557
41 63 55 60 0.421222042 5.826206024808179
41 63 56 61 0.763394063 6.415762647441039
41 63 57 62 1.86723941 6.915829775266593
42 54 43 46 1.94664451 7.799560001094023
42 54 44 47 0.758559939 6.950668467370605
42 54 45 48 0.423630636 5.988937022519286
42 54 46 49 0.298068963 5.141081451739215
42 54 47 50 0.266931365 4.604021417315193
42 54 48 51 0.355313579 5.023127382781945
42 54 49 52 0.633437827 5.804177236109823
42 54 50 53 2.06415258 8.270375929667319
42 64 43 48 2.07240964 7.6757336087189385
42 64 44 49 0.817111034 6.867214070472965
42 64 45 50 0.424679831 5.874033035495135
42 64 46 51 0.255843865 5.015444970120115
42 64 47 52 0.18384404 4.63869564708404
42 64 48 53 0.145461087 4.387003030102901
42 64 49 54 0.126804974 4.290133881998938
42 64 50 55 0.12215298 4.372803712733782
42 64 51 56 0.117253702 4.197420508589971
42 64 52 57 0.127984004 4.330023457236683
42 64 53 58 0.147394207 4.445304555771773
42 64 54 59 0.185912331 4.690882122417171
42 64 55 60 0.27370223 5.365532109844255
42 64 56 61 0.41978052 5.806267362241005
42 64 57 62 0.727247945 6.111981252019844
42 64 58 63 2.26374484 8.384395640020317
43 55 44 47 2.15754541 8.644570076320717
43 55 45 48 0.758243653 6.947770345529674
43 55 46 49 0.392313862 5.546206560422892
43 55 47 50 0.275572724 4.753067228813252
43 55 48 51 0.270604498 4.667375467149867
43 55 49 52 0.350045499 4.94865165636259
43 55 50 53 0.685053572 6.277131201572719
43 55 51 54 1.91059657 7.65512784129211
44 56 45 48 1.96293733 7.864839936143399
44 56 46 49 0.64133333 5.876523560921646
44 56 47 50 0.34609109 4.892747516175988
44 56 48 51 0.264181574 4.556593133055153
44 56 49 52 0.269838393 4.654161719009358
44 56 50 53 0.402213458 5.686158801724873
44 56 51 54 0.726263583 6.654737649357587
44 56 52 55 1.82347811 7.3060730177316895
45 57 46 49 2.2200888 8.895160731404847
45 57 47 50 0.675482574 6.1894323519767775
45 57 48 51 0.353995941 5.004499714407936
45 57 49 52 0.265002101 4.570745549656647
45 57 50 53 0.302655868 5.220196204174508
45 57 51 54 0.405916755 5.738512929646548
45 57 52 55 0.658840556 6.0369418976317935
45 57 53 56 1.69037838 6.772786470069008
46 58 47 50 2.06828778 8.286944306867593
46 58 48 51 0.653104008 5.984378031224978
46 58 49 52 0.342292905 4.8390519407576
46 58 50 53 0.297892663 5.138040636449963
46 58 51 54 0.304467834 5.251448920660062
46 58 52 55 0.373589314 5.281494499449239
46 58 53 56 0.606877046 5.560801368925469
46 58 54 57 2.10144598 8.419798235306882
47 59 48 51 2.00086623 8.016808479863535
47 59 49 52 0.610158016 5.590864826734027
47 59 50 53 0.387502909 5.4781933147158455
47 59 51 54 0.30282352 5.223087859108562
47 59 52 55 0.289457225 4.992546542054445
47 59 53 56 0.344809828 4.874634101386631
47 59 54 57 0.698426976 6.399671415872394
47 59 55 58 2.07762072 8.324338307232154
48 60 49 52 1.86031651 7.453672289025606
48 60 50 53 0.717513849 6.574564024196397
48 60 51 54 0.406644282 5.748798100299745
48 60 52 55 0.29549277 5.096647378781405
48 60 53 56 0.261526306 4.510795177686695
48 60 54 57 0.362138532 5.119612882708476
48 60 55 58 0.686618097 6.291466910624595
48 60 56 59 2.10735037 8.44345517104337
49 61 50 53 1.98825171 7.966266274997889
49 61 51 54 0.717384091 6.573375054422725
49 61 52 55 0.393198809 5.558717203895965
49 61 53 56 0.263397452 4.543068628425328
49 61 54 57 0.261646444 4.512867313065141
49 61 55 58 0.353031956 4.9908716975341685
49 61 56 59 0.637644402 5.842721992700416
49 61 57 60 1.84799383 7.404299390409268
50 62 51 54 1.79623062 7.196901347176285
50 62 52 55 0.658882742 6.037328447045872
50 62 53 56 0.334988586 4.735789563663157
50 62 54 57 0.258981221 4.4668976542582
50 62 55 58 0.278596821 4.805226731897645
50 62 56 59 0.389704424 5.5093164997943
50 62 57 60 0.730800412 6.696308516273817
50 62 58 61 1.90367104 7.627379535683719
51 63 52 55 2.34430464 9.39285247336871
51 63 53 56 0.664523184 6.089011696233953
51 63 54 57 0.352332155 4.980978493971581
51 63 55 58 0.280049397 4.830280704158559
51 63 56 59 0.30294951 5.225260929546977
51 63 57 60 0.41956825 5.9315063934578784
51 63 58 61 0.707550191 6.483267239433994
51 63 59 62 1.74675781 6.998680178372473
52 64 53 56 1.88395456 7.548382128617151
52 64 54 57 0.627878252 5.753234969510003
52 64 55 58 0.357856348 5.059074932627737
52 64 56 59 0.30044803 5.182115503399752
52 64 57 60 0.318228809 5.488797662435458
52 64 58 61 0.409781409 5.793148188414347
52 64 59 62 0.668559721 6.125998398273956
52 64 60 63 2.12590906 8.51781369693401
