64
# x y z
0.0 0.0 0.0
0.5 0.0 0.0
1.0 0.0 0.0
1.5 0.0 0.0
2.0 0.0 0.0
2.5 0.0 0.0
3.0 0.0 0.0
3.5 0.0 0.0
4.0 0.0 0.0
4.5 0.0 0.0
5.0 0.0 0.0
5.5 0.0 0.0
6.0 0.0 0.0
6.5 0.0 0.0
7.0 0.0 0.0
7.5 0.0 0.0
8.0 0.0 0.0
8.5 0.0 0.0
9.0 0.0 0.0
9.5 0.0 0.0
10.0 0.0 0.0
10.5 0.0 0.0
11.0 0.0 0.0
11.5 0.0 0.0
12.0 0.0 0.0
12.5 0.0 0.0
13.0 0.0 0.0
13.5 0.0 0.0
14.0 0.0 0.0
14.5 0.0 0.0
15.0 0.0 0.0
15.5 0.0 0.0
16.0 0.0 0.0
16.5 0.0 0.0
17.0 0.0 0.0
17.5 0.0 0.0
18.0 0.0 0.0
18.5 0.0 0.0
19.0 0.0 0.0
19.5 0.0 0.0
20.0 0.0 0.0
20.5 0.0 0.0
21.0 0.0 0.0
21.5 0.0 0.0
22.0 0.0 0.0
22.5 0.0 0.0
23.0 0.0 0.0
23.5 0.0 0.0
24.0 0.0 0.0
24.5 0.0 0.0
25.0 0.0 0.0
25.5 0.0 0.0
26.0 0.0 0.0
26.5 0.0 0.0
27.0 0.0 0.0
27.5 0.0 0.0
28.0 0.0 0.0
28.5 0.0 0.0
29.0 0.0 0.0
29.5 0.0 0.0
30.0 0.0 0.0
30.5 0.0 0.0
31.0 0.0 0.0
31.5 0.0 0.0
1400
# a b m n r rhoa k
1 13 2 5 2.15945 8.65221 4.00667
1 13 3 6 0.714663 6.54844 9.16298
1 13 4 7 0.432906 6.12007 14.1372
1 13 5 8 0.305978 5.2775 17.248
1 13 6 9 0.265768 4.58396 17.248
1 13 7 10 0.382571 5.40847 14.1372
1 13 8 11 0.721805 6.61389 9.16298
1 13 9 12 2.23587 8.95841 4.00667
1 23 2 7 2.28376 8.45854 3.70377
1 23 3 8 0.774712 6.51088 8.40426
1 23 4 9 0.426274 5.89608 13.8317
1 23 5 10 0.264711 5.18928 19.6035
1 23 6 11 0.189062 4.77036 25.2317
1 23 7 12 0.142847 4.30816 30.1593
1 23 8 13 0.126648 4.28484 33.8325
1 23 9 14 0.124565 4.45916 35.7978
1 23 10 15 0.114444 4.09685 35.7978
1 23 11 16 0.126252 4.27144 33.8325
1 23 12 17 0.145465 4.38713 30.1593
1 23 13 18 0.183899 4.64008 25.2317
1 23 14 19 0.270086 5.29463 19.6035
1 23 15 20 0.406251 5.61914 13.8317
1 23 16 21 0.812928 6.83206 8.40426
1 23 17 22 2.24486 8.31445 3.70377
1 57 4 16 0.494673 5.7095 11.542
1 57 5 17 0.311418 5.0621 16.255
1 57 6 18 0.220557 4.7069 21.3409
1 57 7 19 0.162386 4.3444 26.7536
1 57 8 20 0.130576 4.23584 32.4396
1 57 9 21 0.114821 4.40201 38.3381
1 57 10 22 0.0951176 4.22141 44.381
1 57 11 23 0.0828539 4.18356 50.4932
1 57 12 24 0.0735901 4.16471 56.5934
1 57 13 25 0.065434 4.09582 62.5948
1 57 14 26 0.0606017 4.14555 68.4065
1 57 15 27 0.0572722 4.23447 73.9358
1 57 16 28 0.0529158 4.18507 79.0892
1 57 17 29 0.0500933 4.19661 83.7758
1 57 18 30 0.0477542 4.19804 87.9092
1 57 19 31 0.0455618 4.16483 91.4105
1 57 20 32 0.044373 4.18041 94.2106
1 57 21 33 0.0436174 4.1983 96.2531
1 57 22 34 0.043169 4.20879 97.4958
1 57 23 35 0.0430975 4.2198 97.913
1 57 24 36 0.0431442 4.20637 97.4958
1 57 25 37 0.0441378 4.2484 96.2531
1 57 26 38 0.0438758 4.13356 94.2106
1 57 27 39 0.0453365 4.14423 91.4105
1 57 28 40 0.0475423 4.17941 87.9092
1 57 29 41 0.0494624 4.14375 83.7758
1 57 30 42 0.0534252 4.22535 79.0892
1 57 31 43 0.0570533 4.21828 73.9358
1 57 32 44 0.0601505 4.11469 68.4065
1 57 33 45 0.0660436 4.13398 62.5948
1 57 34 46 0.0736948 4.17064 56.5934
1 57 35 47 0.0817746 4.12907 50.4932
1 57 36 48 0.0947641 4.20572 44.381
1 57 37 49 0.111192 4.26288 38.3381
1 57 38 50 0.129904 4.21402 32.4396
1 57 39 51 0.164685 4.40591 26.7536
1 57 40 52 0.213856 4.56389 21.3409
1 57 41 53 0.305218 4.96132 16.255
1 57 42 54 0.481119 5.55305 11.542
2 14 3 6 1.83805 7.36445 4.00667
2 14 4 7 0.740455 6.78478 9.16298
2 14 5 8 0.399848 5.65271 14.1372
2 14 6 9 0.274623 4.73669 17.248
2 14 7 10 0.281041 4.84738 17.248
2 14 8 11 0.384488 5.43557 14.1372
2 14 9 12 0.719945 6.59684 9.16298
2 14 10 13 1.89252 7.58269 4.00667
2 24 3 8 1.96127 7.26411 3.70377
2 24 4 9 0.775757 6.51966 8.40426
2 24 5 10 0.400884 5.5449 13.8317
2 24 6 11 0.254063 4.98054 19.6035
2 24 7 12 0.174365 4.39952 25.2317
2 24 8 13 0.142465 4.29664 30.1593
2 24 9 14 0.132684 4.48903 33.8325
2 24 10 15 0.114338 4.09305 35.7978
2 24 11 16 0.117043 4.18986 35.7978
2 24 12 17 0.125735 4.25394 33.8325
2 24 13 18 0.146031 4.4042 30.1593
2 24 14 19 0.195086 4.92234 25.2317
2 24 15 20 0.264831 5.19163 19.6035
2 24 16 21 0.43138 5.96671 13.8317
2 24 17 22 0.843631 7.0901 8.40426
2 24 18 23 2.68459 9.9431 3.70377
2 58 5 17 0.4635 5.3497 11.542
2 58 6 18 0.298783 4.85673 16.255
2 58 7 19 0.205976 4.39572 21.3409
2 58 8 20 0.158584 4.24269 26.7536
2 58 9 21 0.136135 4.41616 32.4396
2 58 10 22 0.109832 4.21077 38.3381
2 58 11 23 0.0937491 4.16068 44.381
2 58 12 24 0.0818979 4.13529 50.4932
2 58 13 25 0.0717352 4.05974 56.5934
2 58 14 26 0.065621 4.10753 62.5948
2 58 15 27 0.0614387 4.20281 68.4065
2 58 16 28 0.0561519 4.15163 73.9358
2 58 17 29 0.0526326 4.16267 79.0892
2 58 18 30 0.0496837 4.16229 83.7758
2 58 19 31 0.0469455 4.12694 87.9092
2 58 20 32 0.045373 4.14757 91.4105
2 58 21 33 0.0442488 4.16871 94.2106
2 58 22 34 0.0434509 4.18228 96.2531
2 58 23 35 0.0429676 4.18916 97.4958
2 58 24 36 0.0427068 4.18155 97.913
2 58 25 37 0.0433172 4.22325 97.4958
2 58 26 38 0.0427116 4.11112 96.2531
2 58 27 39 0.0438123 4.12758 94.2106
2 58 28 40 0.0455414 4.16296 91.4105
2 58 29 41 0.0470141 4.13297 87.9092
2 58 30 42 0.0502369 4.20863 83.7758
2 58 31 43 0.0530548 4.19606 79.0892
2 58 32 44 0.0554334 4.09851 73.9358
2 58 33 45 0.0600885 4.11045 68.4065
2 58 34 46 0.066064 4.13526 62.5948
2 58 35 47 0.0721696 4.08432 56.5934
2 58 36 48 0.0820738 4.14417 50.4932
2 58 37 49 0.0939876 4.17126 44.381
2 58 38 50 0.107303 4.11379 38.3381
2 58 39 51 0.130889 4.24598 32.4396
2 58 40 52 0.162046 4.3353 26.7536
2 58 41 53 0.214934 4.58689 21.3409
2 58 42 54 0.30253 4.91763 16.255
2 58 43 55 0.442281 5.10479 11.542
3 15 4 7 2.27174 9.10211 4.00667
3 15 5 8 0.743322 6.81105 9.16298
3 15 6 9 0.382658 5.4097 14.1372
3 15 7 10 0.286355 4.93903 17.248
3 15 8 11 0.304435 5.25089 17.248
3 15 9 12 0.447347 6.32421 14.1372
3 15 10 13 0.793744 7.27306 9.16298
3 15 11 14 2.16551 8.67646 4.00667
3 25 4 9 2.36121 8.74537 3.70377
3 25 5 10 0.781529 6.56818 8.40426
3 25 6 11 0.399086 5.52003 13.8317
3 25 7 12 0.236695 4.64007 19.6035
3 25 8 13 0.173737 4.38369 25.2317
3 25 9 14 0.151526 4.5699 30.1593
3 25 10 15 0.121835 4.12199 33.8325
3 25 11 16 0.115322 4.12827 35.7978
3 25 12 17 0.115515 4.13518 35.7978
3 25 13 18 0.12362 4.18239 33.8325
3 25 14 19 0.151236 4.56116 30.1593
3 25 15 20 0.188301 4.75115 25.2317
3 25 16 21 0.264186 5.17897 19.6035
3 25 17 22 0.423099 5.85216 13.8317
3 25 18 23 0.882655 7.41806 8.40426
3 25 19 24 2.47081 9.15132 3.70377
3 59 6 18 0.460014 5.30946 11.542
3 59 7 19 0.282101 4.58555 16.255
3 59 8 20 0.202387 4.31914 21.3409
3 59 9 21 0.167753 4.488 26.7536
3 59 10 22 0.130629 4.23756 32.4396
3 59 11 23 0.108556 4.16183 38.3381
3 59 12 24 0.0929812 4.1266 44.381
3 59 13 25 0.07998 4.03845 50.4932
3 59 14 26 0.0720794 4.07922 56.5934
3 59 15 27 0.0667652 4.17915 62.5948
3 59 16 28 0.0603291 4.12691 68.4065
3 59 17 29 0.0559916 4.13978 73.9358
3 59 18 30 0.0523443 4.13987 79.0892
3 59 19 31 0.0489148 4.09787 83.7758
3 59 20 32 0.0469141 4.12418 87.9092
3 59 21 33 0.0453617 4.14654 91.4105
3 59 22 34 0.0441212 4.15669 94.2106
3 59 23 35 0.0432585 4.16377 96.2531
3 59 24 36 0.0426768 4.16081 97.4958
3 59 25 37 0.0429336 4.20376 97.913
3 59 26 38 0.0420368 4.09841 97.4958
3 59 27 39 0.0427794 4.11765 96.2531
3 59 28 40 0.0440791 4.15272 94.2106
3 59 29 41 0.0450709 4.11995 91.4105
3 59 30 42 0.0477568 4.19827 87.9092
3 59 31 43 0.0499926 4.18817 83.7758
3 59 32 44 0.0517976 4.09663 79.0892
3 59 33 45 0.0555931 4.11031 73.9358
3 59 34 46 0.0604229 4.13332 68.4065
3 59 35 47 0.065105 4.07523 62.5948
3 59 36 48 0.0729486 4.12841 56.5934
3 59 37 49 0.08213 4.14701 50.4932
3 59 38 50 0.0921567 4.09001 44.381
3 59 39 51 0.10941 4.19457 38.3381
3 59 40 52 0.131038 4.25082 32.4396
3 59 41 53 0.16586 4.43735 26.7536
3 59 42 54 0.218005 4.65243 21.3409
3 59 43 55 0.291159 4.73279 16.255
3 59 44 56 0.426469 4.92229 11.542
4 16 5 8 2.25003 9.01513 4.00667
4 16 6 9 0.728946 6.67932 9.16298
4 16 7 10 0.374602 5.29581 14.1372
4 16 8 11 0.288745 4.98026 17.248
4 16 9 12 0.327804 5.65395 17.248
4 16 10 13 0.428004 6.05076 14.1372
4 16 11 14 0.722355 6.61892 9.16298
4 16 12 15 1.80717 7.24072 4.00667
4 26 5 10 2.34779 8.69569 3.70377
4 26 6 11 0.793558 6.66927 8.40426
4 26 7 12 0.377354 5.21943 13.8317
4 26 8 13 0.237694 4.65965 19.6035
4 26 9 14 0.190704 4.81177 25.2317
4 26 10 15 0.141062 4.25433 30.1593
4 26 11 16 0.123058 4.16338 33.8325
4 26 12 17 0.114335 4.09293 35.7978
4 26 13 18 0.112675 4.03351 35.7978
4 26 14 19 0.126643 4.28464 33.8325
4 26 15 20 0.14587 4.39933 30.1593
4 26 16 21 0.180521 4.55486 25.2317
4 26 17 22 0.248333 4.8682 19.6035
4 26 18 23 0.401992 5.56022 13.8317
4 26 19 24 0.712027 5.98406 8.40426
4 26 20 25 1.69932 6.29391 3.70377
4 60 7 19 0.440143 5.08011 11.542
4 60 8 20 0.280722 4.56313 16.255
4 60 9 21 0.220182 4.69889 21.3409
4 60 10 22 0.162992 4.36062 26.7536
4 60 11 23 0.130576 4.23584 32.4396
4 60 12 24 0.108906 4.17524 38.3381
4 60 13 25 0.091493 4.06055 44.381
4 60 14 26 0.0809876 4.08933 50.4932
4 60 15 27 0.0740494 4.19071 56.5934
4 60 16 28 0.0658674 4.12295 62.5948
4 60 17 29 0.0604189 4.13305 68.4065
4 60 18 30 0.055846 4.12901 73.9358
4 60 19 31 0.0515648 4.07822 79.0892
4 60 20 32 0.0489702 4.10252 83.7758
4 60 21 33 0.0469222 4.1249 87.9092
4 60 22 34 0.0452916 4.14013 91.4105
4 60 23 35 0.0439783 4.14322 94.2106
4 60 24 36 0.0430272 4.1415 96.2531
4 60 25 37 0.0428825 4.18086 97.4958
4 60 26 38 0.0416681 4.07985 97.913
4 60 27 39 0.0420744 4.10208 97.4958
4 60 28 40 0.0429381 4.13292 96.2531
4 60 29 41 0.0435073 4.09885 94.2106
4 60 30 42 0.0455357 4.16244 91.4105
4 60 31 43 0.0471267 4.14287 87.9092
4 60 32 44 0.0484004 4.05478 83.7758
4 60 33 45 0.0513417 4.06057 79.0892
4 60 34 46 0.0551418 4.07695 73.9358
4 60 35 47 0.0586248 4.01032 68.4065
4 60 36 48 0.0646667 4.0478 62.5948
4 60 37 49 0.0715514 4.04934 56.5934
4 60 38 50 0.078997 3.98881 50.4932
4 60 39 51 0.0914763 4.05981 44.381
4 60 40 52 0.106443 4.08081 38.3381
4 60 41 53 0.129585 4.20369 32.4396
4 60 42 54 0.16168 4.32552 26.7536
4 60 43 55 0.202892 4.3299 21.3409
4 60 44 56 0.269412 4.3793 16.255
4 60 45 57 0.446234 5.15041 11.542
5 17 6 9 2.34428 9.39276 4.00667
5 17 7 10 0.706457 6.47325 9.16298
5 17 8 11 0.374359 5.29238 14.1372
5 17 9 12 0.328663 5.66876 17.248
5 17 10 13 0.323668 5.58261 17.248
5 17 11 14 0.414151 5.85492 14.1372
5 17 12 15 0.682532 6.25403 9.16298
5 17 13 16 2.4013 9.6212 4.00667
5 27 6 11 2.47959 9.18384 3.70377
5 27 7 12 0.757959 6.37009 8.40426
5 27 8 13 0.375746 5.1972 13.8317
5 27 9 14 0.270156 5.29601 19.6035
5 27 10 15 0.180667 4.55854 25.2317
5 27 11 16 0.144743 4.36536 30.1593
5 27 12 17 0.125551 4.24772 33.8325
5 27 13 18 0.115073 4.11937 35.7978
5 27 14 19 0.120816 4.32496 35.7978
5 27 15 20 0.131727 4.45667 33.8325
5 27 16 21 0.150877 4.55036 30.1593
5 27 17 22 0.191064 4.82086 25.2317
5 27 18 23 0.276985 5.42988 19.6035
5 27 19 24 0.422157 5.83914 13.8317
5 27 20 25 0.76405 6.42128 8.40426
5 27 21 26 2.46641 9.13502 3.70377
5 61 8 20 0.435739 5.02927 11.542
5 61 9 21 0.31366 5.09854 16.255
5 61 10 22 0.215189 4.59234 21.3409
5 61 11 23 0.164428 4.39904 26.7536
5 61 12 24 0.132467 4.29717 32.4396
5 61 13 25 0.107989 4.14009 38.3381
5 61 14 26 0.0934818 4.14881 44.381
5 61 15 27 0.0841966 4.25136 50.4932
5 61 16 28 0.073581 4.1642 56.5934
5 61 17 29 0.0665146 4.16346 62.5948
5 61 18 30 0.0606894 4.15155 68.4065
5 61 19 31 0.0553526 4.09254 73.9358
5 61 20 32 0.0520295 4.11497 79.0892
5 61 21 33 0.0493197 4.1318 83.7758
5 61 22 34 0.0472114 4.15032 87.9092
5 61 23 35 0.0453097 4.14178 91.4105
5 61 24 36 0.0439164 4.13739 94.2106
5 61 25 37 0.0433877 4.1762 96.2531
5 61 26 38 0.0418132 4.07661 97.4958
5 61 27 39 0.041903 4.10285 97.913
5 61 28 40 0.0424032 4.13413 97.4958
5 61 29 41 0.042559 4.09644 96.2531
5 61 30 42 0.0441297 4.15748 94.2106
5 61 31 43 0.0452644 4.13764 91.4105
5 61 32 44 0.0460649 4.04953 87.9092
5 61 33 45 0.0483555 4.05102 83.7758
5 61 34 46 0.051362 4.06218 79.0892
5 61 35 47 0.0540319 3.99489 73.9358
5 61 36 48 0.0588501 4.02573 68.4065
5 61 37 49 0.0641348 4.0145 62.5948
5 61 38 50 0.0698962 3.95566 56.5934
5 61 39 51 0.0793782 4.00806 50.4932
5 61 40 52 0.0902869 4.00702 44.381
5 61 41 53 0.106712 4.09112 38.3381
5 61 42 54 0.127962 4.15103 32.4396
5 61 43 55 0.153522 4.10726 26.7536
5 61 44 56 0.190857 4.07307 21.3409
5 61 45 57 0.273468 4.44522 16.255
5 61 46 58 0.416398 4.80605 11.542
6 18 7 10 2.09631 8.39923 4.00667
6 18 8 11 0.64055 5.86935 9.16298
6 18 9 12 0.426675 6.03198 14.1372
6 18 10 13 0.314118 5.4179 17.248
6 18 11 14 0.309142 5.33207 17.248
6 18 12 15 0.381884 5.39876 14.1372
6 18 13 16 0.801139 7.34082 9.16298
6 18 14 17 2.29788 9.20686 4.00667
6 28 7 12 2.21179 8.19195 3.70377
6 28 8 13 0.690796 5.80563 8.40426
6 28 9 14 0.422607 5.84536 13.8317
6 28 10 15 0.249131 4.88386 19.6035
6 28 11 16 0.180547 4.5555 25.2317
6 28 12 17 0.144824 4.36779 30.1593
6 28 13 18 0.122893 4.1578 33.8325
6 28 14 19 0.119949 4.29391 35.7978
6 28 15 20 0.123457 4.41948 35.7978
6 28 16 21 0.130791 4.42499 33.8325
6 28 17 22 0.152768 4.60738 30.1593
6 28 18 23 0.200802 5.06656 25.2317
6 28 19 24 0.273079 5.35331 19.6035
6 28 20 25 0.423391 5.85621 13.8317
6 28 21 26 0.894488 7.51751 8.40426
6 28 22 27 2.6715 9.89461 3.70377
6 62 9 21 0.483033 5.57515 11.542
6 62 10 22 0.298225 4.84765 16.255
6 62 11 23 0.213328 4.55263 21.3409
6 62 12 24 0.164674 4.40562 26.7536
6 62 13 25 0.129541 4.20227 32.4396
6 62 14 26 0.109243 4.18817 38.3381
6 62 15 27 0.0967529 4.29399 44.381
6 62 16 28 0.0829902 4.19045 50.4932
6 62 17 29 0.0739247 4.18365 56.5934
6 62 18 30 0.0665045 4.16283 62.5948
6 62 19 31 0.0598677 4.09534 68.4065
6 62 20 32 0.0557339 4.12073 73.9358
6 62 21 33 0.0523317 4.13887 79.0892
6 62 22 34 0.0496236 4.15725 83.7758
6 62 23 35 0.0471772 4.14731 87.9092
6 62 24 36 0.0453831 4.14849 91.4105
6 62 25 37 0.0444648 4.18906 94.2106
6 62 26 38 0.0425485 4.09542 96.2531
6 62 27 39 0.0423543 4.12937 97.4958
6 62 28 40 0.0425563 4.16681 97.913
6 62 29 41 0.0423949 4.13332 97.4958
6 62 30 42 0.0435878 4.19545 96.2531
6 62 31 43 0.0443782 4.18089 94.2106
6 62 32 44 0.0449207 4.10622 91.4105
6 62 33 45 0.0467524 4.10997 87.9092
6 62 34 46 0.0492594 4.12675 83.7758
6 62 35 47 0.0513653 4.06244 79.0892
6 62 36 48 0.0554603 4.1005 73.9358
6 62 37 49 0.0598289 4.09269 68.4065
6 62 38 50 0.0645963 4.04339 62.5948
6 62 39 51 0.072464 4.10098 56.5934
6 62 40 52 0.0812356 4.10185 50.4932
6 62 41 53 0.0944154 4.19025 44.381
6 62 42 54 0.110759 4.2463 38.3381
6 62 43 55 0.129761 4.20938 32.4396
6 62 44 56 0.15651 4.18721 26.7536
6 62 45 57 0.211206 4.50735 21.3409
6 62 46 58 0.296064 4.81252 16.255
6 62 47 59 0.452097 5.21809 11.542
7 19 8 11 1.84578 7.39543 4.00667
7 19 9 12 0.790567 7.24395 9.16298
7 19 10 13 0.409882 5.79457 14.1372
7 19 11 14 0.301396 5.19847 17.248
7 19 12 15 0.280567 4.8392 17.248
7 19 13 16 0.40163 5.67791 14.1372
7 19 14 17 0.737602 6.75864 9.16298
7 19 15 18 2.49956 10.0149 4.00667
7 29 8 13 1.96617 7.28226 3.70377
7 29 9 14 0.841856 7.07518 8.40426
7 29 10 15 0.401986 5.56013 13.8317
7 29 11 16 0.253969 4.9787 19.6035
7 29 12 17 0.184765 4.66193 25.2317
7 29 13 18 0.143066 4.31477 30.1593
7 29 14 19 0.12875 4.35595 33.8325
7 29 15 20 0.124629 4.46142 35.7978
7 29 16 21 0.121803 4.36029 35.7978
7 29 17 22 0.131203 4.43893 33.8325
7 29 18 23 0.157156 4.73971 30.1593
7 29 19 24 0.193195 4.87463 25.2317
7 29 20 25 0.265901 5.21259 19.6035
7 29 21 26 0.441873 6.11184 13.8317
7 29 22 27 0.846129 7.11109 8.40426
7 29 23 28 2.41577 8.94745 3.70377
7 63 10 22 0.470492 5.4304 11.542
7 63 11 23 0.302628 4.91922 16.255
7 63 12 24 0.218727 4.66783 21.3409
7 63 13 25 0.163613 4.37723 26.7536
7 63 14 26 0.133146 4.31921 32.4396
7 63 15 27 0.1153 4.42038 38.3381
7 63 16 28 0.0965798 4.28631 44.381
7 63 17 29 0.0843192 4.25755 50.4932
7 63 18 30 0.0745643 4.21985 56.5934
7 63 19 31 0.0660269 4.13294 62.5948
7 63 20 32 0.0606717 4.15034 68.4065
7 63 21 33 0.0563558 4.16671 73.9358
7 63 22 34 0.0528803 4.18226 79.0892
7 63 23 35 0.0496769 4.16172 83.7758
7 63 24 36 0.0473545 4.1629 87.9092
7 63 25 37 0.0459164 4.19724 91.4105
7 63 26 38 0.0435731 4.10505 94.2106
7 63 27 39 0.0430511 4.1438 96.2531
7 63 28 40 0.0428455 4.17726 97.4958
7 63 29 41 0.0423365 4.14529 97.913
7 63 30 42 0.0431381 4.20578 97.4958
7 63 31 43 0.0435021 4.18721 96.2531
7 63 32 44 0.0437141 4.11834 94.2106
7 63 33 45 0.0450992 4.12254 91.4105
7 63 34 46 0.0469974 4.1315 87.9092
7 63 35 47 0.0485095 4.06392 83.7758
7 63 36 48 0.0518387 4.09988 79.0892
7 63 37 49 0.0553115 4.0895 73.9358
7 63 38 50 0.0591465 4.04601 68.4065
7 63 39 51 0.0654473 4.09666 62.5948
7 63 40 52 0.0722953 4.09144 56.5934
7 63 41 53 0.0824905 4.16521 50.4932
7 63 42 54 0.0947459 4.20492 44.381
7 63 43 55 0.10853 4.16083 38.3381
7 63 44 56 0.12736 4.13151 32.4396
7 63 45 57 0.163681 4.37905 26.7536
7 63 46 58 0.215782 4.60498 21.3409
7 63 47 59 0.299938 4.8755 16.255
7 63 48 60 0.499002 5.75945 11.542
8 20 9 12 2.18434 8.75193 4.00667
8 20 10 13 0.691122 6.33273 9.16298
8 20 11 14 0.380475 5.37883 14.1372
8 20 12 15 0.277345 4.78364 17.248
8 20 13 16 0.287849 4.96481 17.248
8 20 14 17 0.387268 5.47487 14.1372
8 20 15 18 0.744323 6.82022 9.16298
8 20 16 19 2.19489 8.79419 4.00667
8 30 9 14 2.29549 8.50199 3.70377
8 30 10 15 0.725516 6.09742 8.40426
8 30 11 16 0.378697 5.23801 13.8317
8 30 12 17 0.245858 4.81968 19.6035
8 30 13 18 0.173496 4.37759 25.2317
8 30 14 19 0.144428 4.35584 30.1593
8 30 15 20 0.132257 4.47459 33.8325
8 30 16 21 0.120532 4.31477 35.7978
8 30 17 22 0.12113 4.33617 35.7978
8 30 18 23 0.134319 4.54434 33.8325
8 30 19 24 0.152337 4.59437 30.1593
8 30 20 25 0.192706 4.8623 25.2317
8 30 21 26 0.279718 5.48347 19.6035
8 30 22 27 0.438806 6.06942 13.8317
8 30 23 28 0.865125 7.27074 8.40426
8 30 24 29 2.64343 9.79068 3.70377
8 64 11 23 0.443745 5.12168 11.542
8 64 12 24 0.293566 4.77191 16.255
8 64 13 25 0.206503 4.40697 21.3409
8 64 14 26 0.161448 4.3193 26.7536
8 64 15 27 0.136515 4.42849 32.4396
8 64 16 28 0.111519 4.27541 38.3381
8 64 17 29 0.095531 4.23976 44.381
8 64 18 30 0.0830589 4.19391 50.4932
8 64 19 31 0.0723703 4.09568 56.5934
8 64 20 32 0.0657259 4.1141 62.5948
8 64 21 33 0.0603761 4.13012 68.4065
8 64 22 34 0.0560958 4.14748 73.9358
8 64 23 35 0.0521822 4.12705 79.0892
8 64 24 36 0.0493165 4.13153 83.7758
8 64 25 37 0.0473886 4.1659 87.9092
8 64 26 38 0.0445983 4.07676 91.4105
8 64 27 39 0.0437771 4.12427 94.2106
8 64 28 40 0.0432183 4.15989 96.2531
8 64 29 41 0.042368 4.1307 97.4958
8 64 30 42 0.0428308 4.19369 97.913
8 64 31 43 0.0428346 4.1762 97.4958
8 64 32 44 0.0427301 4.1129 96.2531
8 64 33 45 0.0437364 4.12043 94.2106
8 64 34 46 0.0452659 4.13778 91.4105
8 64 35 47 0.0462932 4.0696 87.9092
8 64 36 48 0.0489895 4.10414 83.7758
8 64 37 49 0.0517402 4.09209 79.0892
8 64 38 50 0.054875 4.05723 73.9358
8 64 39 51 0.0600156 4.10546 68.4065
8 64 40 52 0.0653946 4.09336 62.5948
8 64 41 53 0.0735031 4.15979 56.5934
8 64 42 54 0.0828009 4.18088 50.4932
8 64 43 55 0.0930267 4.12862 44.381
8 64 44 56 0.106832 4.09573 38.3381
8 64 45 57 0.132224 4.2893 32.4396
8 64 46 58 0.166765 4.46156 26.7536
8 64 47 59 0.217707 4.64606 21.3409
8 64 48 60 0.323218 5.2539 16.255
8 64 49 61 0.49157 5.67368 11.542
9 21 10 13 1.71624 6.87642 4.00667
9 21 11 14 0.609436 5.58425 9.16298
9 21 12 15 0.340632 4.81557 14.1372
9 21 13 16 0.267305 4.61047 17.248
9 21 14 17 0.283002 4.88121 17.248
9 21 15 18 0.412675 5.83405 14.1372
9 21 16 19 0.762926 6.99067 9.16298
9 21 17 20 1.9007 7.61546 4.00667
9 31 10 15 1.79732 6.65687 3.70377
9 31 11 16 0.644181 5.41387 8.40426
9 31 12 17 0.349553 4.83491 13.8317
9 31 13 18 0.219529 4.30355 19.6035
9 31 14 19 0.167718 4.23181 25.2317
9 31 15 20 0.145079 4.37547 30.1593
9 31 16 21 0.123673 4.18416 33.8325
9 31 17 22 0.116344 4.16486 35.7978
9 31 18 23 0.119882 4.29149 35.7978
9 31 19 24 0.125946 4.26107 33.8325
9 31 20 25 0.147358 4.44422 30.1593
9 31 21 26 0.191535 4.83276 25.2317
9 31 22 27 0.260093 5.09874 19.6035
9 31 23 28 0.412109 5.70016 13.8317
9 31 24 29 0.804963 6.76512 8.40426
9 31 25 30 2.35734 8.73106 3.70377
10 22 11 14 2.39062 9.57841 4.00667
10 22 12 15 0.753752 6.90661 9.16298
10 22 13 16 0.384261 5.43237 14.1372
10 22 14 17 0.292777 5.04981 17.248
10 22 15 18 0.326149 5.62541 17.248
10 22 16 19 0.447525 6.32674 14.1372
10 22 17 20 0.753663 6.90579 9.16298
10 22 18 21 2.47458 9.91484 4.00667
10 32 11 16 2.49489 9.24051 3.70377
10 32 12 17 0.816191 6.85948 8.40426
10 32 13 18 0.389086 5.38171 13.8317
10 32 14 19 0.249244 4.88607 19.6035
10 32 15 20 0.195322 4.92831 25.2317
10 32 16 21 0.150641 4.54322 30.1593
10 32 17 22 0.130456 4.41365 33.8325
10 32 18 23 0.122899 4.3995 35.7978
10 32 19 24 0.118795 4.2526 35.7978
10 32 20 25 0.128982 4.36377 33.8325
10 32 21 26 0.153212 4.62077 30.1593
10 32 22 27 0.187796 4.7384 25.2317
10 32 23 28 0.259195 5.08114 19.6035
10 32 24 29 0.407826 5.64091 13.8317
10 32 25 30 0.762775 6.41056 8.40426
10 32 26 31 2.02955 7.51697 3.70377
11 23 12 15 2.25995 9.05485 4.00667
11 23 13 16 0.70416 6.4522 9.16298
11 23 14 17 0.378678 5.35343 14.1372
11 23 15 18 0.321618 5.54726 17.248
11 23 16 19 0.323508 5.57986 17.248
11 23 17 20 0.403595 5.70569 14.1372
11 23 18 21 0.760773 6.97094 9.16298
11 23 19 22 2.10236 8.42345 4.00667
11 33 12 17 2.39464 8.86919 3.70377
11 33 13 18 0.761566 6.4004 8.40426
11 33 14 19 0.391617 5.41672 13.8317
11 33 15 20 0.275549 5.40173 19.6035
11 33 16 21 0.192151 4.8483 25.2317
11 33 17 22 0.152594 4.60212 30.1593
11 33 18 23 0.133107 4.50335 33.8325
11 33 19 24 0.118978 4.25914 35.7978
11 33 20 25 0.120531 4.31473 35.7978
11 33 21 26 0.132716 4.49011 33.8325
11 33 22 27 0.150242 4.5312 30.1593
11 33 23 28 0.188156 4.7475 25.2317
11 33 24 29 0.262974 5.15523 19.6035
11 33 25 30 0.411619 5.69337 13.8317
11 33 26 31 0.759482 6.38289 8.40426
11 33 27 32 1.83374 6.79177 3.70377
12 24 13 16 2.16558 8.67678 4.00667
12 24 14 17 0.681649 6.24593 9.16298
12 24 15 18 0.43603 6.16423 14.1372
12 24 16 19 0.327573 5.64997 17.248
12 24 17 20 0.316957 5.46686 17.248
12 24 18 21 0.430435 6.08513 14.1372
12 24 19 22 0.777872 7.12763 9.16298
12 24 20 23 2.56323 10.27 4.00667
12 34 13 18 2.29298 8.49268 3.70377
12 34 14 19 0.746509 6.27386 8.40426
12 34 15 20 0.442887 6.12587 13.8317
12 34 16 21 0.27122 5.31687 19.6035
12 34 17 22 0.195473 4.93212 25.2317
12 34 18 23 0.155969 4.70392 30.1593
12 34 19 24 0.12827 4.3397 33.8325
12 34 20 25 0.121036 4.33281 35.7978
12 34 21 26 0.123984 4.43836 35.7978
12 34 22 27 0.13081 4.42564 33.8325
12 34 23 28 0.150853 4.54961 30.1593
12 34 24 29 0.193474 4.88167 25.2317
12 34 25 30 0.272045 5.33304 19.6035
12 34 26 31 0.431924 5.97423 13.8317
12 34 27 32 0.784134 6.59007 8.40426
12 34 28 33 2.57086 9.52188 3.70377
13 25 14 17 1.85577 7.43545 4.00667
13 25 15 18 0.790291 7.24142 9.16298
13 25 16 19 0.433164 6.12372 14.1372
13 25 17 20 0.322833 5.56821 17.248
13 25 18 21 0.31997 5.51882 17.248
13 25 19 22 0.412427 5.83055 14.1372
13 25 20 23 0.832358 7.62688 9.16298
13 25 21 24 2.35022 9.41654 4.00667
13 35 14 19 1.99537 7.3904 3.70377
13 35 15 20 0.851958 7.16008 8.40426
13 35 16 21 0.431959 5.97472 13.8317
13 35 17 22 0.276377 5.41796 19.6035
13 35 18 23 0.199045 5.02224 25.2317
13 35 19 24 0.14883 4.4886 30.1593
13 35 20 25 0.129539 4.38262 33.8325
13 35 21 26 0.12254 4.38667 35.7978
13 35 22 27 0.1197 4.285 35.7978
13 35 23 28 0.125964 4.26169 33.8325
13 35 24 29 0.147124 4.43715 30.1593
13 35 25 30 0.185456 4.67938 25.2317
13 35 26 31 0.256971 5.03753 19.6035
13 35 27 32 0.384912 5.32398 13.8317
13 35 28 33 0.776758 6.52808 8.40426
13 35 29 34 2.05404 7.60768 3.70377
14 26 15 18 2.1749 8.71409 4.00667
14 26 16 19 0.734525 6.73044 9.16298
14 26 17 20 0.417505 5.90233 14.1372
14 26 18 21 0.309674 5.34125 17.248
14 26 19 22 0.287811 4.96415 17.248
14 26 20 23 0.400476 5.6616 14.1372
14 26 21 24 0.66694 6.11116 9.16298
14 26 22 25 1.58638 6.35611 4.00667
14 36 15 20 2.30663 8.54323 3.70377
14 36 16 21 0.783141 6.58172 8.40426
14 36 17 22 0.422971 5.85039 13.8317
14 36 18 23 0.270751 5.30768 19.6035
14 36 19 24 0.183793 4.6374 25.2317
14 36 20 25 0.147894 4.46036 30.1593
14 36 21 26 0.130707 4.42214 33.8325
14 36 22 27 0.119925 4.29305 35.7978
14 36 23 28 0.117393 4.20239 35.7978
14 36 24 29 0.127896 4.32704 33.8325
14 36 25 30 0.149297 4.50269 30.1593
14 36 26 31 0.189767 4.78813 25.2317
14 36 27 32 0.25753 5.04849 19.6035
14 36 28 33 0.430136 5.9495 13.8317
14 36 29 34 0.845611 7.10673 8.40426
14 36 30 35 2.92889 10.8479 3.70377
15 27 16 19 1.85013 7.41286 4.00667
15 27 17 20 0.708263 6.4898 9.16298
15 27 18 21 0.400745 5.6654 14.1372
15 27 19 22 0.288133 4.9697 17.248
15 27 20 23 0.314364 5.42214 17.248
15 27 21 24 0.415783 5.87799 14.1372
15 27 22 25 0.707592 6.48365 9.16298
15 27 23 26 2.32964 9.33411 4.00667
15 37 16 21 1.95273 7.23246 3.70377
15 37 17 22 0.750651 6.30867 8.40426
15 37 18 23 0.401425 5.55238 13.8317
15 37 19 24 0.24075 4.71955 19.6035
15 37 20 25 0.176442 4.45192 25.2317
15 37 21 26 0.144657 4.36274 30.1593
15 37 22 27 0.124314 4.20586 33.8325
15 37 23 28 0.1126 4.03082 35.7978
15 37 24 29 0.113822 4.07456 35.7978
15 37 25 30 0.122186 4.13385 33.8325
15 37 26 31 0.141251 4.26004 30.1593
15 37 27 32 0.173341 4.3737 25.2317
15 37 28 33 0.243254 4.76864 19.6035
15 37 29 34 0.380753 5.26645 13.8317
15 37 30 35 0.790507 6.64362 8.40426
15 37 31 36 2.10729 7.80494 3.70377
16 28 17 20 2.43204 9.7444 4.00667
16 28 18 21 0.820947 7.52232 9.16298
16 28 19 22 0.407897 5.76651 14.1372
16 28 20 23 0.317625 5.47838 17.248
16 28 21 24 0.321588 5.54674 17.248
16 28 22 25 0.420192 5.94032 14.1372
16 28 23 26 0.830221 7.6073 9.16298
16 28 24 27 2.53494 10.1567 4.00667
16 38 17 22 2.54598 9.42973 3.70377
16 38 18 23 0.875115 7.3547 8.40426
16 38 19 24 0.414581 5.73435 13.8317
16 38 20 25 0.258555 5.0686 19.6035
16 38 21 26 0.190409 4.80433 25.2317
16 38 22 27 0.150768 4.54705 30.1593
16 38 23 28 0.125294 4.23901 33.8325
16 38 24 29 0.117811 4.21738 35.7978
16 38 25 30 0.117549 4.208 35.7978
16 38 26 31 0.126189 4.2693 33.8325
16 38 27 32 0.144878 4.36941 30.1593
16 38 28 33 0.183958 4.64156 25.2317
16 38 29 34 0.254598 4.99102 19.6035
16 38 30 35 0.425993 5.8922 13.8317
16 38 31 36 0.77799 6.53843 8.40426
16 38 32 37 2.16364 8.01362 3.70377
17 29 18 21 2.30859 9.24977 4.00667
17 29 19 22 0.732934 6.71586 9.16298
17 29 20 23 0.402833 5.69492 14.1372
17 29 21 24 0.311943 5.38037 17.248
17 29 22 25 0.315208 5.43669 17.248
17 29 23 26 0.430278 6.08291 14.1372
17 29 24 27 0.784196 7.18557 9.16298
17 29 25 28 2.28466 9.15389 4.00667
17 39 18 23 2.42877 8.99561 3.70377
17 39 19 24 0.790795 6.64605 8.40426
17 39 20 25 0.399514 5.52595 13.8317
17 39 21 26 0.261313 5.12266 19.6035
17 39 22 27 0.1904 4.8041 25.2317
17 39 23 28 0.145288 4.38179 30.1593
17 39 24 29 0.127205 4.30366 33.8325
17 39 25 30 0.118207 4.23156 35.7978
17 39 26 31 0.118229 4.23233 35.7978
17 39 27 32 0.128027 4.33146 33.8325
17 39 28 33 0.149886 4.52045 30.1593
17 39 29 34 0.189441 4.77992 25.2317
17 39 30 35 0.278738 5.46426 19.6035
17 39 31 36 0.426986 5.90593 13.8317
17 39 32 37 0.82957 6.97192 8.40426
17 39 33 38 2.01642 7.46837 3.70377
18 30 19 22 2.46374 9.87139 4.00667
18 30 20 23 0.735746 6.74162 9.16298
18 30 21 24 0.414593 5.86117 14.1372
18 30 22 25 0.323271 5.57576 17.248
18 30 23 26 0.322831 5.56818 17.248
18 30 24 27 0.429063 6.06573 14.1372
18 30 25 28 0.808734 7.41041 9.16298
18 30 26 29 2.50506 10.0369 4.00667
18 40 19 24 2.59507 9.61154 3.70377
18 40 20 25 0.784169 6.59036 8.40426
18 40 21 26 0.417697 5.77745 13.8317
18 40 22 27 0.270555 5.30384 19.6035
18 40 23 28 0.18475 4.66156 25.2317
18 40 24 29 0.148222 4.47028 30.1593
18 40 25 30 0.126623 4.28397 33.8325
18 40 26 31 0.116548 4.17215 35.7978
18 40 27 32 0.118366 4.23725 35.7978
18 40 28 33 0.127519 4.3143 33.8325
18 40 29 34 0.147174 4.43866 30.1593
18 40 30 35 0.193702 4.88743 25.2317
18 40 31 36 0.260553 5.10776 19.6035
18 40 32 37 0.418189 5.78425 13.8317
18 40 33 38 0.705877 5.93238 8.40426
18 40 34 39 2.2578 8.36237 3.70377
19 31 20 23 2.17974 8.73349 4.00667
19 31 21 24 0.758255 6.94787 9.16298
19 31 22 25 0.444032 6.27735 14.1372
19 31 23 26 0.319484 5.51045 17.248
19 31 24 27 0.310251 5.35119 17.248
19 31 25 28 0.411203 5.81324 14.1372
19 31 26 29 0.746294 6.83827 9.16298
19 31 27 30 2.23829 8.9681 4.00667
19 41 20 25 2.30368 8.53231 3.70377
19 41 21 26 0.819829 6.89006 8.40426
19 41 22 27 0.448222 6.19966 13.8317
19 41 23 28 0.266168 5.21784 19.6035
19 41 24 29 0.193383 4.87938 25.2317
19 41 25 30 0.150503 4.53907 30.1593
19 41 26 31 0.126973 4.29583 33.8325
19 41 27 32 0.121236 4.33997 35.7978
19 41 28 33 0.121215 4.33922 35.7978
19 41 29 34 0.129527 4.38224 33.8325
19 41 30 35 0.156297 4.71382 30.1593
19 41 31 36 0.191771 4.83871 25.2317
19 41 32 37 0.275096 5.39285 19.6035
19 41 33 38 0.394438 5.45574 13.8317
19 41 34 39 0.821559 6.9046 8.40426
19 41 35 40 2.80605 10.393 3.70377
20 32 21 24 1.89859 7.60701 4.00667
20 32 22 25 0.759435 6.95869 9.16298
20 32 23 26 0.40514 5.72754 14.1372
20 32 24 27 0.304959 5.25992 17.248
20 32 25 28 0.303234 5.23016 17.248
20 32 26 29 0.394186 5.57268 14.1372
20 32 27 30 0.710862 6.51361 9.16298
20 32 28 31 1.9132 7.66557 4.00667
20 42 21 26 2.02494 7.49993 3.70377
20 42 22 27 0.808136 6.79179 8.40426
20 42 23 28 0.398539 5.51246 13.8317
20 42 24 29 0.259456 5.08625 19.6035
20 42 25 30 0.18356 4.63152 25.2317
20 42 26 31 0.141658 4.27231 30.1593
20 42 27 32 0.127361 4.30895 33.8325
20 42 28 33 0.118342 4.23637 35.7978
20 42 29 34 0.116971 4.18731 35.7978
20 42 30 35 0.129415 4.37844 33.8325
20 42 31 36 0.144938 4.37123 30.1593
20 42 32 37 0.187312 4.7262 25.2317
20 42 33 38 0.236878 4.64365 19.6035
20 42 34 39 0.382312 5.28801 13.8317
20 42 35 40 0.825541 6.93806 8.40426
20 42 36 41 2.4415 9.04275 3.70377
21 33 22 25 2.4968 10.0039 4.00667
21 33 23 26 0.767548 7.03302 9.16298
21 33 24 27 0.423449 5.98637 14.1372
21 33 25 28 0.30903 5.33013 17.248
21 33 26 29 0.297834 5.13703 17.248
21 33 27 30 0.409109 5.78365 14.1372
21 33 28 31 0.710141 6.507 9.16298
21 33 29 32 1.71147 6.8573 4.00667
21 43 22 27 2.61673 9.69176 3.70377
21 43 23 28 0.806956 6.78187 8.40426
21 43 24 29 0.428351 5.92481 13.8317
21 43 25 30 0.261491 5.12616 19.6035
21 43 26 31 0.178281 4.49833 25.2317
21 43 27 32 0.149038 4.49487 30.1593
21 43 28 33 0.128152 4.33569 33.8325
21 43 29 34 0.116945 4.18637 35.7978
21 43 30 35 0.119136 4.26481 35.7978
21 43 31 36 0.122732 4.15233 33.8325
21 43 32 37 0.14481 4.36738 30.1593
21 43 33 38 0.165844 4.18452 25.2317
21 43 34 39 0.223705 4.3854 19.6035
21 43 35 40 0.362703 5.01679 13.8317
21 43 36 41 0.66229 5.56606 8.40426
21 43 37 42 2.12759 7.88009 3.70377
22 34 23 26 2.13062 8.53668 4.00667
22 34 24 27 0.784043 7.18417 9.16298
22 34 25 28 0.416037 5.88158 14.1372
22 34 26 29 0.294481 5.0792 17.248
22 34 27 30 0.320443 5.527 17.248
22 34 28 31 0.431764 6.10392 14.1372
22 34 29 32 0.726477 6.65669 9.16298
22 34 30 33 2.44113 9.78081 4.00667
22 44 23 28 2.23025 8.26034 3.70377
22 44 24 29 0.838458 7.04662 8.40426
22 44 25 30 0.420006 5.80939 13.8317
22 44 26 31 0.24626 4.82756 19.6035
22 44 27 32 0.190449 4.80535 25.2317
22 44 28 33 0.151794 4.57801 30.1593
22 44 29 34 0.128857 4.35958 33.8325
22 44 30 35 0.122558 4.38729 35.7978
22 44 31 36 0.118302 4.23493 35.7978
22 44 32 37 0.131048 4.43369 33.8325
22 44 33 38 0.141389 4.2642 30.1593
22 44 34 39 0.174711 4.40826 25.2317
22 44 35 40 0.250016 4.90119 19.6035
22 44 36 41 0.384812 5.3226 13.8317
22 44 37 42 0.820348 6.89442 8.40426
22 44 38 43 2.51038 9.29786 3.70377
23 35 24 27 2.53985 10.1763 4.00667
23 35 25 28 0.813057 7.45003 9.16298
23 35 26 29 0.384708 5.43868 14.1372
23 35 27 30 0.317519 5.47656 17.248
23 35 28 31 0.317641 5.47867 17.248
23 35 29 32 0.385212 5.4458 14.1372
23 35 30 33 0.726526 6.65715 9.16298
23 35 31 34 1.93427 7.74998 4.00667
23 45 24 29 2.6712 9.89353 3.70377
23 45 25 30 0.875785 7.36032 8.40426
23 45 26 31 0.396961 5.49063 13.8317
23 45 27 32 0.274834 5.38773 19.6035
23 45 28 33 0.198724 5.01414 25.2317
23 45 29 34 0.153764 4.63742 30.1593
23 45 30 35 0.134712 4.55766 33.8325
23 45 31 36 0.120117 4.29991 35.7978
23 45 32 37 0.123534 4.42223 35.7978
23 45 33 38 0.124852 4.22406 33.8325
23 45 34 39 0.141585 4.27011 30.1593
23 45 35 40 0.181329 4.57524 25.2317
23 45 36 41 0.247145 4.84492 19.6035
23 45 37 42 0.422045 5.83759 13.8317
23 45 38 43 0.843032 7.08506 8.40426
23 45 39 44 2.225 8.24089 3.70377
24 36 25 28 2.33421 9.35241 4.00667
24 36 26 29 0.649149 5.94814 9.16298
24 36 27 30 0.417362 5.90032 14.1372
24 36 28 31 0.32609 5.62438 17.248
24 36 29 32 0.308481 5.32067 17.248
24 36 30 33 0.428042 6.05131 14.1372
24 36 31 34 0.787722 7.21788 9.16298
24 36 32 35 2.81535 11.2802 4.00667
24 46 25 30 2.46439 9.12755 3.70377
24 46 26 31 0.709623 5.96386 8.40426
24 46 27 32 0.423714 5.86067 13.8317
24 46 28 33 0.274337 5.37798 19.6035
24 46 29 34 0.192858 4.86614 25.2317
24 46 30 35 0.155586 4.69238 30.1593
24 46 31 36 0.128414 4.34458 33.8325
24 46 32 37 0.122912 4.39996 35.7978
24 46 33 38 0.116664 4.17631 35.7978
24 46 34 39 0.122472 4.14354 33.8325
24 46 35 40 0.142018 4.28315 30.1593
24 46 36 41 0.175378 4.42509 25.2317
24 46 37 42 0.255554 5.00977 19.6035
24 46 38 43 0.409809 5.66834 13.8317
24 46 39 44 0.709346 5.96153 8.40426
24 46 40 45 2.43966 9.03595 3.70377
25 37 26 29 1.56379 6.2656 4.00667
25 37 27 30 0.703793 6.44884 9.16298
25 37 28 31 0.417851 5.90723 14.1372
25 37 29 32 0.298998 5.1571 17.248
25 37 30 33 0.296339 5.11124 17.248
25 37 31 34 0.377343 5.33456 14.1372
25 37 32 35 0.750357 6.87551 9.16298
25 37 33 36 2.00284 8.02471 4.00667
25 47 26 31 1.69337 6.27186 3.70377
25 47 27 32 0.764287 6.42326 8.40426
25 47 28 33 0.423278 5.85464 13.8317
25 47 29 34 0.264142 5.17813 19.6035
25 47 30 35 0.194774 4.91448 25.2317
25 47 31 36 0.14811 4.46688 30.1593
25 47 32 37 0.131995 4.46573 33.8325
25 47 33 38 0.118118 4.22835 35.7978
25 47 34 39 0.115924 4.1498 35.7978
25 47 35 40 0.123741 4.18647 33.8325
25 47 36 41 0.141624 4.27129 30.1593
25 47 37 42 0.18499 4.66762 25.2317
25 47 38 43 0.262005 5.13622 19.6035
25 47 39 44 0.374622 5.18165 13.8317
25 47 40 45 0.782162 6.5735 8.40426
25 47 41 46 2.4402 9.03794 3.70377
26 38 27 30 2.33361 9.34999 4.00667
26 38 28 31 0.840134 7.69813 9.16298
26 38 29 32 0.429532 6.07236 14.1372
26 38 30 33 0.318878 5.49999 17.248
26 38 31 34 0.300947 5.19072 17.248
26 38 32 35 0.429527 6.0723 14.1372
26 38 33 36 0.732415 6.7111 9.16298
26 38 34 37 2.04771 8.20448 4.00667
26 48 27 32 2.46941 9.14615 3.70377
26 48 28 33 0.892933 7.50444 8.40426
26 48 29 34 0.43828 6.06214 13.8317
26 48 30 35 0.28061 5.50094 19.6035
26 48 31 36 0.190433 4.80495 25.2317
26 48 32 37 0.154882 4.67114 30.1593
26 48 33 38 0.129336 4.37578 33.8325
26 48 34 39 0.118131 4.22884 35.7978
26 48 35 40 0.115652 4.14009 35.7978
26 48 36 41 0.122991 4.16109 33.8325
26 48 37 42 0.145637 4.3923 30.1593
26 48 38 43 0.187813 4.73884 25.2317
26 48 39 44 0.238444 4.67435 19.6035
26 48 40 45 0.387683 5.36231 13.8317
26 48 41 46 0.778713 6.5445 8.40426
26 48 42 47 2.36347 8.75374 3.70377
27 39 28 31 2.54947 10.2149 4.00667
27 39 29 32 0.79212 7.25818 9.16298
27 39 30 33 0.434153 6.1377 14.1372
27 39 31 34 0.304975 5.2602 17.248
27 39 32 35 0.328447 5.66503 17.248
27 39 33 36 0.426264 6.02616 14.1372
27 39 34 37 0.777833 7.12726 9.16298
27 39 35 38 1.8781 7.52494 4.00667
27 49 28 33 2.66589 9.87386 3.70377
27 49 29 34 0.84414 7.09437 8.40426
27 49 30 35 0.442136 6.11548 13.8317
27 49 31 36 0.260467 5.10608 19.6035
27 49 32 37 0.191271 4.82609 25.2317
27 49 33 38 0.148727 4.48549 30.1593
27 49 34 39 0.126851 4.29169 33.8325
27 49 35 40 0.114429 4.09631 35.7978
27 49 36 41 0.113714 4.07071 35.7978
27 49 37 42 0.123256 4.17008 33.8325
27 49 38 43 0.146936 4.43148 30.1593
27 49 39 44 0.170584 4.30411 25.2317
27 49 40 45 0.234522 4.59746 19.6035
27 49 41 46 0.369904 5.1164 13.8317
27 49 42 47 0.68748 5.77776 8.40426
27 49 43 48 2.1551 7.98201 3.70377
28 40 29 32 2.28647 9.16111 4.00667
28 40 30 33 0.810182 7.42368 9.16298
28 40 31 34 0.40322 5.70038 14.1372
28 40 32 35 0.317239 5.47173 17.248
28 40 33 36 0.312708 5.39357 17.248
28 40 34 37 0.420991 5.95162 14.1372
28 40 35 38 0.64381 5.89921 9.16298
28 40 36 39 2.1327 8.54501 4.00667
28 50 29 34 2.40483 8.90693 3.70377
28 50 30 35 0.870613 7.31686 8.40426
28 50 31 36 0.41462 5.73489 13.8317
28 50 32 37 0.266199 5.21845 19.6035
28 50 33 38 0.190157 4.79797 25.2317
28 50 34 39 0.150846 4.54939 30.1593
28 50 35 40 0.125346 4.24076 33.8325
28 50 36 41 0.11685 4.18297 35.7978
28 50 37 42 0.117239 4.19691 35.7978
28 50 38 43 0.131663 4.45449 33.8325
28 50 39 44 0.143957 4.34165 30.1593
28 50 40 45 0.179931 4.53997 25.2317
28 50 41 46 0.252156 4.94314 19.6035
28 50 42 47 0.383413 5.30325 13.8317
28 50 43 48 0.772732 6.49424 8.40426
28 50 44 49 2.29709 8.50791 3.70377
29 41 30 33 2.52466 10.1155 4.00667
29 41 31 34 0.74504 6.82678 9.16298
29 41 32 35 0.414637 5.86179 14.1372
29 41 33 36 0.31651 5.45916 17.248
29 41 34 37 0.331508 5.71784 17.248
29 41 35 38 0.381668 5.3957 14.1372
29 41 36 39 0.762119 6.98328 9.16298
29 41 37 40 2.67439 10.7154 4.00667
29 51 30 35 2.6556 9.83572 3.70377
29 51 31 36 0.80723 6.78417 8.40426
29 51 32 37 0.415465 5.74658 13.8317
29 51 33 38 0.265033 5.19558 19.6035
29 51 34 39 0.193121 4.87278 25.2317
29 51 35 40 0.145959 4.40203 30.1593
29 51 36 41 0.126754 4.2884 33.8325
29 51 37 42 0.116634 4.17525 35.7978
29 51 38 43 0.122796 4.39582 35.7978
29 51 39 44 0.126445 4.27796 33.8325
29 51 40 45 0.144964 4.37202 30.1593
29 51 41 46 0.185132 4.6712 25.2317
29 51 42 47 0.247697 4.85574 19.6035
29 51 43 48 0.405638 5.61065 13.8317
29 51 44 49 0.810806 6.81423 8.40426
29 51 45 50 2.13464 7.90621 3.70377
30 42 31 34 2.21554 8.87692 4.00667
30 42 32 35 0.715146 6.55287 9.16298
30 42 33 36 0.406595 5.7481 14.1372
30 42 34 37 0.325925 5.62153 17.248
30 42 35 38 0.278708 4.80714 17.248
30 42 36 39 0.378387 5.34932 14.1372
30 42 37 40 0.769197 7.04814 9.16298
30 42 38 41 2.33874 9.37054 4.00667
30 52 31 36 2.35084 8.70698 3.70377
30 52 32 37 0.770445 6.47502 8.40426
30 52 33 38 0.413409 5.71813 13.8317
30 52 34 39 0.271559 5.32352 19.6035
30 52 35 40 0.183896 4.64 25.2317
30 52 36 41 0.147934 4.46158 30.1593
30 52 37 42 0.124085 4.1981 33.8325
30 52 38 43 0.122395 4.38146 35.7978
30 52 39 44 0.11878 4.25206 35.7978
30 52 40 45 0.125668 4.25166 33.8325
30 52 41 46 0.147867 4.45958 30.1593
30 52 42 47 0.178728 4.5096 25.2317
30 52 43 48 0.253894 4.97722 19.6035
30 52 44 49 0.415195 5.74285 13.8317
30 52 45 50 0.742637 6.24132 8.40426
30 52 46 51 2.6183 9.69759 3.70377
31 43 32 35 1.91495 7.67258 4.00667
31 43 33 36 0.703153 6.44298 9.16298
31 43 34 37 0.434778 6.14652 14.1372
31 43 35 38 0.281356 4.85281 17.248
31 43 36 39 0.273578 4.71867 17.248
31 43 37 40 0.356527 5.04027 14.1372
31 43 38 41 0.626993 5.74513 9.16298
31 43 39 42 2.04799 8.2056 4.00667
31 53 32 37 2.03997 7.55557 3.70377
31 53 33 38 0.762727 6.41016 8.40426
31 53 34 39 0.4322 5.97805 13.8317
31 53 35 40 0.255738 5.01338 19.6035
31 53 36 41 0.188618 4.75914 25.2317
31 53 37 42 0.142555 4.29935 30.1593
31 53 38 43 0.130912 4.42908 33.8325
31 53 39 44 0.119385 4.27371 35.7978
31 53 40 45 0.11655 4.17223 35.7978
31 53 41 46 0.126875 4.2925 33.8325
31 53 42 47 0.139825 4.21704 30.1593
31 53 43 48 0.177103 4.46861 25.2317
31 53 44 49 0.251991 4.93992 19.6035
31 53 45 50 0.363686 5.03039 13.8317
31 53 46 51 0.759436 6.38249 8.40426
31 53 47 52 2.16904 8.03362 3.70377
32 44 33 36 1.71979 6.89063 4.00667
32 44 34 37 0.751457 6.88558 9.16298
32 44 35 38 0.373056 5.27395 14.1372
32 44 36 39 0.289586 4.99476 17.248
32 44 37 40 0.282415 4.87109 17.248
32 44 38 41 0.384497 5.4357 14.1372
32 44 39 42 0.785098 7.19383 9.16298
32 44 40 43 2.39039 9.5775 4.00667
32 54 33 38 1.83988 6.81451 3.70377
32 54 34 39 0.785201 6.59904 8.40426
32 54 35 40 0.382853 5.29549 13.8317
32 54 36 41 0.255311 5.00499 19.6035
32 54 37 42 0.172666 4.35664 25.2317
32 54 38 43 0.147492 4.44825 30.1593
32 54 39 44 0.126876 4.29255 33.8325
32 54 40 45 0.115277 4.12666 35.7978
32 54 41 46 0.11728 4.19837 35.7978
32 54 42 47 0.119714 4.05024 33.8325
32 54 43 48 0.138793 4.18589 30.1593
32 54 44 49 0.179889 4.5389 25.2317
32 54 45 50 0.229576 4.5005 19.6035
32 54 46 51 0.376684 5.21017 13.8317
32 54 47 52 0.723213 6.07807 8.40426
32 54 48 53 2.30779 8.54752 3.70377
33 45 34 37 2.47753 9.92663 4.00667
33 45 35 38 0.718552 6.58408 9.16298
33 45 36 39 0.414958 5.86634 14.1372
33 45 37 40 0.282172 4.86689 17.248
33 45 38 41 0.294239 5.07501 17.248
33 45 39 42 0.432457 6.11371 14.1372
33 45 40 43 0.79016 7.24022 9.16298
33 45 41 44 2.10879 8.44923 4.00667
33 55 34 39 2.57348 9.53158 3.70377
33 55 35 40 0.774543 6.50946 8.40426
33 55 36 41 0.428082 5.92109 13.8317
33 55 37 42 0.242619 4.75618 19.6035
33 55 38 43 0.187355 4.72729 25.2317
33 55 39 44 0.149792 4.51762 30.1593
33 55 40 45 0.125547 4.24758 33.8325
33 55 41 46 0.119167 4.26589 35.7978
33 55 42 47 0.112989 4.04476 35.7978
33 55 43 48 0.121239 4.10182 33.8325
33 55 44 49 0.145995 4.4031 30.1593
33 55 45 50 0.170701 4.30707 25.2317
33 55 46 51 0.240388 4.71245 19.6035
33 55 47 52 0.373026 5.15958 13.8317
33 55 48 53 0.739883 6.21817 8.40426
33 55 49 54 2.21369 8.199 3.70377
34 46 35 38 1.93209 7.74125 4.00667
34 46 36 39 0.781884 7.16438 9.16298
34 46 37 40 0.368329 5.20713 14.1372
34 46 38 41 0.292088 5.03793 17.248
34 46 39 42 0.31705 5.46846 17.248
34 46 40 43 0.40832 5.77248 14.1372
34 46 41 44 0.661508 6.06138 9.16298
34 46 42 45 2.31347 9.26929 4.00667
34 56 35 40 2.05209 7.60046 3.70377
34 56 36 41 0.843813 7.09162 8.40426
34 56 37 42 0.380527 5.26333 13.8317
34 56 38 43 0.259824 5.09348 19.6035
34 56 39 44 0.191038 4.82021 25.2317
34 56 40 45 0.147185 4.43898 30.1593
34 56 41 46 0.130357 4.41029 33.8325
34 56 42 47 0.114982 4.11609 35.7978
34 56 43 48 0.114929 4.11421 35.7978
34 56 44 49 0.130394 4.41156 33.8325
34 56 45 50 0.142903 4.30984 30.1593
34 56 46 51 0.182962 4.61644 25.2317
34 56 47 52 0.253733 4.97406 19.6035
34 56 48 53 0.413057 5.71327 13.8317
34 56 49 54 0.822977 6.91651 8.40426
34 56 50 55 2.16543 8.02025 3.70377
35 47 36 39 2.79453 11.1968 4.00667
35 47 37 40 0.723972 6.63374 9.16298
35 47 38 41 0.410822 5.80786 14.1372
35 47 39 42 0.331607 5.71954 17.248
35 47 40 43 0.316487 5.45875 17.248
35 47 41 44 0.377077 5.3308 14.1372
35 47 42 45 0.723956 6.6336 9.16298
35 47 43 46 2.30866 9.25002 4.00667
35 57 36 41 2.93162 10.8581 3.70377
35 57 37 42 0.787503 6.61838 8.40426
35 57 38 43 0.429792 5.94474 13.8317
35 57 39 44 0.27846 5.45879 19.6035
35 57 40 45 0.191492 4.83167 25.2317
35 57 41 46 0.1552 4.68073 30.1593
35 57 42 47 0.125155 4.2343 33.8325
35 57 43 48 0.114805 4.10978 35.7978
35 57 44 49 0.121662 4.35524 35.7978
35 57 45 50 0.124309 4.20568 33.8325
35 57 46 51 0.144972 4.37225 30.1593
35 57 47 52 0.18262 4.60781 25.2317
35 57 48 53 0.258728 5.07198 19.6035
35 57 49 54 0.417452 5.77406 13.8317
35 57 50 55 0.748996 6.29475 8.40426
35 57 51 56 1.95164 7.22842 3.70377
36 48 37 40 1.97988 7.93274 4.00667
36 48 38 41 0.717131 6.57105 9.16298
36 48 39 42 0.432696 6.11709 14.1372
36 48 40 43 0.31405 5.41673 17.248
36 48 41 44 0.290986 5.01891 17.248
36 48 42 45 0.377399 5.33535 14.1372
36 48 43 46 0.715938 6.56013 9.16298
36 48 44 47 2.267 9.08313 4.00667
36 58 37 42 2.10879 7.81048 3.70377
36 58 38 43 0.78616 6.6071 8.40426
36 58 39 44 0.42983 5.94526 13.8317
36 58 40 45 0.260808 5.11276 19.6035
36 58 41 46 0.193285 4.87691 25.2317
36 58 42 47 0.142784 4.30628 30.1593
36 58 43 48 0.120631 4.08125 33.8325
36 58 44 49 0.120116 4.29987 35.7978
36 58 45 50 0.115138 4.12169 35.7978
36 58 46 51 0.123815 4.18896 33.8325
36 58 47 52 0.143762 4.33576 30.1593
36 58 48 53 0.183128 4.62063 25.2317
36 58 49 54 0.25675 5.03321 19.6035
36 58 50 55 0.383552 5.30517 13.8317
36 58 51 56 0.680766 5.72133 8.40426
36 58 52 57 2.37897 8.81117 3.70377
37 49 38 41 2.01843 8.08718 4.00667
37 49 39 42 0.779683 7.14422 9.16298
37 49 40 43 0.417512 5.90244 14.1372
37 49 41 44 0.302936 5.22503 17.248
37 49 42 45 0.276337 4.76625 17.248
37 49 43 46 0.356674 5.04236 14.1372
37 49 44 47 0.653419 5.98726 9.16298
37 49 45 48 2.05966 8.25239 4.00667
37 59 38 43 2.16305 8.01143 3.70377
37 59 39 44 0.827168 6.95174 8.40426
37 59 40 45 0.41404 5.72686 13.8317
37 59 41 46 0.273271 5.35708 19.6035
37 59 42 47 0.181737 4.58554 25.2317
37 59 43 48 0.139463 4.20611 30.1593
37 59 44 49 0.129993 4.398 33.8325
37 59 45 50 0.116851 4.18302 35.7978
37 59 46 51 0.116385 4.16633 35.7978
37 59 47 52 0.125868 4.25842 33.8325
37 59 48 53 0.147225 4.44019 30.1593
37 59 49 54 0.186663 4.70983 25.2317
37 59 50 55 0.249375 4.88863 19.6035
37 59 51 56 0.364017 5.03497 13.8317
37 59 52 57 0.798067 6.70716 8.40426
37 59 53 58 2.37176 8.78444 3.70377
38 50 39 42 1.92781 7.72408 4.00667
38 50 40 43 0.679193 6.22343 9.16298
38 50 41 44 0.392367 5.54696 14.1372
38 50 42 45 0.275889 4.75851 17.248
38 50 43 46 0.274072 4.72718 17.248
38 50 44 47 0.383189 5.41721 14.1372
38 50 45 48 0.727325 6.66447 9.16298
38 50 46 49 2.17718 8.72324 4.00667
38 60 39 44 2.02577 7.50298 3.70377
38 60 40 45 0.709092 5.95939 8.40426
38 60 41 46 0.39818 5.5075 13.8317
38 60 42 47 0.234612 4.59923 19.6035
38 60 43 48 0.162959 4.11174 25.2317
38 60 44 49 0.142621 4.30136 30.1593
38 60 45 50 0.120755 4.08546 33.8325
38 60 46 51 0.112123 4.01376 35.7978
38 60 47 52 0.113593 4.06639 35.7978
38 60 48 53 0.123132 4.16587 33.8325
38 60 49 54 0.143154 4.31742 30.1593
38 60 50 55 0.175538 4.42913 25.2317
38 60 51 56 0.225597 4.4225 19.6035
38 60 52 57 0.385927 5.33802 13.8317
38 60 53 58 0.768048 6.45488 8.40426
38 60 54 59 2.42155 8.96889 3.70377
39 51 40 43 2.18115 8.73916 4.00667
39 51 41 44 0.778067 7.12941 9.16298
39 51 42 45 0.377043 5.33032 14.1372
39 51 43 46 0.267273 4.60991 17.248
39 51 44 47 0.291807 5.03308 17.248
39 51 45 48 0.403939 5.71056 14.1372
39 51 46 49 0.753538 6.90465 9.16298
39 51 47 50 2.01706 8.08171 4.00667
39 61 40 45 2.26589 8.39233 3.70377
39 61 41 46 0.827761 6.95672 8.40426
39 61 42 47 0.381047 5.27052 13.8317
39 61 43 48 0.221673 4.34557 19.6035
39 61 44 49 0.177218 4.47152 25.2317
39 61 45 50 0.138895 4.18896 30.1593
39 61 46 51 0.119089 4.02908 33.8325
39 61 47 52 0.112526 4.02819 35.7978
39 61 48 53 0.113222 4.05309 35.7978
39 61 49 54 0.121613 4.11448 33.8325
39 61 50 55 0.138568 4.1791 30.1593
39 61 51 56 0.161249 4.06858 25.2317
39 61 52 57 0.230589 4.52035 19.6035
39 61 53 58 0.3562 4.92684 13.8317
39 61 54 59 0.658524 5.53441 8.40426
39 61 55 60 2.12173 7.85842 3.70377
40 52 41 44 2.69685 10.8054 4.00667
40 52 42 45 0.770451 7.05963 9.16298
40 52 43 46 0.357634 5.05593 14.1372
40 52 44 47 0.297722 5.1351 17.248
40 52 45 48 0.304117 5.2454 17.248
40 52 46 49 0.407487 5.76072 14.1372
40 52 47 50 0.690431 6.32641 9.16298
40 52 48 51 2.49548 9.99855 4.00667
40 62 41 46 2.81624 10.4307 3.70377
40 62 42 47 0.824733 6.93127 8.40426
40 62 43 48 0.362214 5.01003 13.8317
40 62 44 49 0.255424 5.00721 19.6035
40 62 45 50 0.181723 4.58518 25.2317
40 62 46 51 0.142063 4.28451 30.1593
40 62 47 52 0.124799 4.22227 33.8325
40 62 48 53 0.11712 4.19264 35.7978
40 62 49 54 0.11753 4.20731 35.7978
40 62 50 55 0.126847 4.29155 33.8325
40 62 51 56 0.138566 4.17906 30.1593
40 62 52 57 0.180755 4.56075 25.2317
40 62 53 58 0.25033 4.90736 19.6035
40 62 54 59 0.387711 5.36269 13.8317
40 62 55 60 0.830357 6.97853 8.40426
40 62 56 61 2.25638 8.35711 3.70377
41 53 42 45 2.31027 9.25649 4.00667
41 53 43 46 0.610514 5.59413 9.16298
41 53 44 47 0.38304 5.4151 14.1372
41 53 45 48 0.294272 5.0756 17.248
41 53 46 49 0.291268 5.02377 17.248
41 53 47 50 0.35796 5.06054 14.1372
41 53 48 51 0.706038 6.46941 9.16298
41 53 49 52 2.04774 8.20462 4.00667
41 63 42 47 2.42636 8.98667 3.70377
41 63 43 48 0.660333 5.54961 8.40426
41 63 44 49 0.390488 5.4011 13.8317
41 63 45 50 0.247429 4.85048 19.6035
41 63 46 51 0.175012 4.41586 25.2317
41 63 47 52 0.142332 4.29263 30.1593
41 63 48 53 0.124208 4.20227 33.8325
41 63 49 54 0.116202 4.15975 35.7978
41 63 50 55 0.118566 4.24439 35.7978
41 63 51 56 0.121664 4.1162 33.8325
41 63 52 57 0.145646 4.39259 30.1593
41 63 53 58 0.183953 4.64146 25.2317
41 63 54 59 0.252457 4.94904 19.6035
41 63 55 60 0.437534 6.05183 13.8317
41 63 56 61 0.814333 6.84387 8.40426
41 63 57 62 2.10237 7.78671 3.70377
42 54 43 46 1.99769 8.00409 4.00667
42 54 44 47 0.76483 7.00812 9.16298
42 54 45 48 0.416656 5.89034 14.1372
42 54 46 49 0.298665 5.15136 17.248
42 54 47 50 0.277157 4.78039 17.248
42 54 48 51 0.373493 5.28013 14.1372
42 54 49 52 0.67008 6.13993 9.16298
42 54 50 53 2.21459 8.87313 4.00667
42 64 43 48 2.11796 7.84446 3.70377
42 64 44 49 0.824003 6.92513 8.40426
42 64 45 50 0.420682 5.81873 13.8317
42 64 46 51 0.253951 4.97835 19.6035
42 64 47 52 0.185193 4.67274 25.2317
42 64 48 53 0.147122 4.43708 30.1593
42 64 49 54 0.126362 4.27513 33.8325
42 64 50 55 0.121041 4.333 35.7978
42 64 51 56 0.116226 4.16064 35.7978
42 64 52 57 0.127984 4.33004 33.8325
42 64 53 58 0.148471 4.47779 30.1593
42 64 54 59 0.185043 4.66894 25.2317
42 64 55 60 0.279142 5.47217 19.6035
42 64 56 61 0.434448 6.00914 13.8317
42 64 57 62 0.766627 6.44293 8.40426
42 64 58 63 2.48889 9.21827 3.70377
43 55 44 47 2.38104 9.54002 4.00667
43 55 45 48 0.785773 7.20002 9.16298
43 55 46 49 0.402025 5.68349 14.1372
43 55 47 50 0.28812 4.96948 17.248
43 55 48 51 0.28392 4.89704 17.248
43 55 49 52 0.363808 5.14322 14.1372
43 55 50 53 0.703247 6.44384 9.16298
43 55 51 54 2.11238 8.46362 4.00667
44 56 45 48 2.12377 8.50924 4.00667
44 56 46 49 0.669981 6.13902 9.16298
44 56 47 50 0.366645 5.18332 14.1372
44 56 48 51 0.279885 4.82744 17.248
44 56 49 52 0.280398 4.83629 17.248
44 56 50 53 0.411819 5.82195 14.1372
44 56 51 54 0.774388 7.0957 9.16298
44 56 52 55 2.04516 8.19429 4.00667
45 57 46 49 2.33876 9.37065 4.00667
45 57 47 50 0.728641 6.67652 9.16298
45 57 48 51 0.380621 5.3809 14.1372
45 57 49 52 0.274654 4.73722 17.248
45 57 50 53 0.305772 5.27395 17.248
45 57 51 54 0.417144 5.89723 14.1372
45 57 52 55 0.695381 6.37177 9.16298
45 57 53 56 1.8251 7.31257 4.00667
46 58 47 50 2.30999 9.25537 4.00667
46 58 48 51 0.71876 6.58598 9.16298
46 58 49 52 0.356849 5.04484 14.1372
46 58 50 53 0.300424 5.18171 17.248
46 58 51 54 0.307151 5.29773 17.248
46 58 52 55 0.379391 5.36352 14.1372
46 58 53 56 0.623376 5.71198 9.16298
46 58 54 57 2.25134 9.02039 4.00667
47 59 48 51 2.24824 9.00797 4.00667
47 59 49 52 0.635007 5.81855 9.16298
47 59 50 53 0.390641 5.52256 14.1372
47 59 51 54 0.305398 5.26749 17.248
47 59 52 55 0.292262 5.04092 17.248
47 59 53 56 0.351339 4.96693 14.1372
47 59 54 57 0.736 6.74395 9.16298
47 59 55 58 2.2645 9.07312 4.00667
48 60 49 52 2.02595 8.11732 4.00667
48 60 50 53 0.730039 6.68933 9.16298
48 60 51 54 0.411101 5.8118 14.1372
48 60 52 55 0.296056 5.10636 17.248
48 60 53 56 0.26392 4.55208 17.248
48 60 54 57 0.374651 5.29651 14.1372
48 60 55 58 0.723502 6.62943 9.16298
48 60 56 59 2.33611 9.36004 4.00667
49 61 50 53 2.17987 8.73403 4.00667
49 61 51 54 0.762876 6.99022 9.16298
49 61 52 55 0.403721 5.70748 14.1372
49 61 53 56 0.268532 4.63164 17.248
49 61 54 57 0.267242 4.60937 17.248
49 61 55 58 0.357203 5.04984 14.1372
49 61 56 59 0.631864 5.78976 9.16298
49 61 57 60 2.02262 8.10396 4.00667
50 62 51 54 2.04932 8.21095 4.00667
50 62 52 55 0.702677 6.43861 9.16298
50 62 53 56 0.350514 4.95528 14.1372
50 62 54 57 0.269451 4.64749 17.248
50 62 55 58 0.286594 4.94317 17.248
50 62 56 59 0.393734 5.56628 14.1372
50 62 57 60 0.781249 7.15857 9.16298
50 62 58 61 2.13389 8.5498 4.00667
51 63 52 55 2.51188 10.0643 4.00667
51 63 53 56 0.698806 6.40315 9.16298
51 63 54 57 0.368488 5.20937 14.1372
51 63 55 58 0.288884 4.98266 17.248
51 63 56 59 0.307055 5.29608 17.248
51 63 57 60 0.436106 6.1653 14.1372
51 63 58 61 0.756555 6.9323 9.16298
51 63 59 62 1.98365 7.94782 4.00667
52 64 53 56 2.03824 8.16655 4.00667
52 64 54 57 0.666357 6.10581 9.16298
52 64 55 58 0.372083 5.2602 14.1372
52 64 56 59 0.307283 5.30001 17.248
52 64 57 60 0.325374 5.61204 17.248
52 64 58 61 0.423716 5.99015 14.1372
52 64 59 62 0.710459 6.50992 9.16298
52 64 60 63 2.34707 9.40392 4.00667
