64
# x y z
0.0 0.0 0.0
0.5 0.0 0.0
1.0 0.0 0.0
1.5 0.0 0.0
2.0 0.0 0.0
2.5 0.0 0.0
3.0 0.0 0.0
3.5 0.0 0.0
4.0 0.0 0.0
4.5 0.0 0.0
5.0 0.0 0.0
5.5 0.0 0.0
6.0 0.0 0.0
6.5 0.0 0.0
7.0 0.0 0.0
7.5 0.0 0.0
8.0 0.0 0.0
8.5 0.0 0.0
9.0 0.0 0.0
9.5 0.0 0.0
10.0 0.0 0.0
10.5 0.0 0.0
11.0 0.0 0.0
11.5 0.0 0.0
12.0 0.0 0.0
12.5 0.0 0.0
13.0 0.0 0.0
13.5 0.0 0.0
14.0 0.0 0.0
14.5 0.0 0.0
15.0 0.0 0.0
15.5 0.0 0.0
16.0 0.0 0.0
16.5 0.0 0.0
17.0 0.0 0.0
17.5 0.0 0.0
18.0 0.0 0.0
18.5 0.0 0.0
19.0 0.0 0.0
19.5 0.0 0.0
20.0 0.0 0.0
20.5 0.0 0.0
21.0 0.0 0.0
21.5 0.0 0.0
22.0 0.0 0.0
22.5 0.0 0.0
23.0 0.0 0.0
23.5 0.0 0.0
24.0 0.0 0.0
24.5 0.0 0.0
25.0 0.0 0.0
25.5 0.0 0.0
26.0 0.0 0.0
26.5 0.0 0.0
27.0 0.0 0.0
27.5 0.0 0.0
28.0 0.0 0.0
28.5 0.0 0.0
29.0 0.0 0.0
29.5 0.0 0.0
30.0 0.0 0.0
30.5 0.0 0.0
31.0 0.0 0.0
31.5 0.0 0.0
1208
# a b m n r rhoa k
1 13 2 5 2.30101 9.21939 4.00667
1 13 3 6 0.825458 7.56366 9.16298
1 13 4 7 0.47272 6.68292 14.1372
1 13 5 8 0.332363 5.73258 17.248
1 13 6 9 0.314517 5.42477 17.248
1 13 7 10 0.423429 5.98608 14.1372
1 13 8 11 0.785589 7.19834 9.16298
1 13 9 12 2.23458 8.95322 4.00667
1 23 2 7 2.44158 9.04306 3.70377
1 23 3 8 0.883629 7.42625 8.40426
1 23 4 9 0.470579 6.50889 13.8317
1 23 5 10 0.284767 5.58244 19.6035
1 23 6 11 0.199597 5.03618 25.2317
1 23 7 12 0.153741 4.63671 30.1593
1 23 8 13 0.135412 4.58134 33.8325
1 23 9 14 0.126956 4.54474 35.7978
1 23 10 15 0.123681 4.4275 35.7978
1 23 11 16 0.135833 4.59559 33.8325
1 23 12 17 0.162208 4.89207 30.1593
1 23 13 18 0.205758 5.19163 25.2317
1 23 14 19 0.296732 5.817 19.6035
1 23 15 20 0.457777 6.33182 13.8317
1 23 16 21 0.875854 7.3609 8.40426
1 23 17 22 2.56163 9.48769 3.70377
1 55 2 9 2.49128 8.91542 3.57865
1 55 5 12 0.291698 5.64468 19.3511
1 55 8 15 0.109747 4.58778 41.8032
1 55 11 18 0.0624292 4.31274 69.0821
1 55 14 21 0.0417976 4.11058 98.345
1 55 17 24 0.032799 4.12759 125.845
1 55 20 27 0.027929 4.11683 147.403
1 55 23 30 0.0259015 4.12599 159.296
1 55 26 33 0.0263222 4.19301 159.296
1 55 29 36 0.0286126 4.21759 147.403
1 55 32 39 0.0323734 4.07403 125.845
1 55 35 42 0.0416915 4.10015 98.345
1 55 38 45 0.0612009 4.22789 69.0821
1 55 41 48 0.109037 4.55808 41.8032
1 55 44 51 0.27149 5.25364 19.3511
1 55 47 54 2.39828 8.58261 3.57865
2 14 3 6 2.22522 8.91573 4.00667
2 14 4 7 0.826133 7.56984 9.16298
2 14 5 8 0.437221 6.18107 14.1372
2 14 6 9 0.317221 5.47141 17.248
2 14 7 10 0.31718 5.4707 17.248
2 14 8 11 0.434592 6.1439 14.1372
2 14 9 12 0.783036 7.17494 9.16298
2 14 10 13 2.21227 8.86385 4.00667
2 24 3 8 2.35317 8.71562 3.70377
2 24 4 9 0.874253 7.34745 8.40426
2 24 5 10 0.441145 6.10178 13.8317
2 24 6 11 0.274621 5.38353 19.6035
2 24 7 12 0.192177 4.84896 25.2317
2 24 8 13 0.15584 4.70002 30.1593
2 24 9 14 0.135833 4.59558 33.8325
2 24 10 15 0.122891 4.39922 35.7978
2 24 11 16 0.12442 4.45395 35.7978
2 24 12 17 0.136844 4.62978 33.8325
2 24 13 18 0.158778 4.78863 30.1593
2 24 14 19 0.207376 5.23245 25.2317
2 24 15 20 0.286413 5.61472 19.6035
2 24 16 21 0.457263 6.32471 13.8317
2 24 17 22 0.919061 7.72403 8.40426
2 24 18 23 2.70682 10.0254 3.70377
2 56 3 10 2.40504 8.60679 3.57865
2 56 6 13 0.281907 5.45522 19.3511
2 56 9 16 0.111092 4.64398 41.8032
2 56 12 19 0.062295 4.30347 69.0821
2 56 15 22 0.0426764 4.19702 98.345
2 56 18 25 0.032734 4.11941 125.845
2 56 21 28 0.0280862 4.14 147.403
2 56 24 31 0.026022 4.14518 159.296
2 56 27 34 0.0265975 4.23686 159.296
2 56 30 37 0.028446 4.19304 147.403
2 56 33 40 0.032436 4.0819 125.845
2 56 36 43 0.0420864 4.13899 98.345
2 56 39 46 0.061843 4.27224 69.0821
2 56 42 49 0.108932 4.55372 41.8032
2 56 45 52 0.277372 5.36746 19.3511
2 56 48 55 2.36715 8.47119 3.57865
3 15 4 7 2.29335 9.18871 4.00667
3 15 5 8 0.766104 7.01979 9.16298
3 15 6 9 0.418338 5.91411 14.1372
3 15 7 10 0.317187 5.47083 17.248
3 15 8 11 0.336221 5.79912 17.248
3 15 9 12 0.464125 6.56141 14.1372
3 15 10 13 0.855771 7.84141 9.16298
3 15 11 14 2.37516 9.51647 4.00667
3 25 4 9 2.40516 8.90815 3.70377
3 25 5 10 0.817202 6.86798 8.40426
3 25 6 11 0.423831 5.86229 13.8317
3 25 7 12 0.262533 5.14658 19.6035
3 25 8 13 0.194094 4.89733 25.2317
3 25 9 14 0.156585 4.72248 30.1593
3 25 10 15 0.131532 4.45006 33.8325
3 25 11 16 0.123146 4.40836 35.7978
3 25 12 17 0.12526 4.48404 35.7978
3 25 13 18 0.133763 4.52554 33.8325
3 25 14 19 0.159814 4.81989 30.1593
3 25 15 20 0.201443 5.08276 25.2317
3 25 16 21 0.282466 5.53733 19.6035
3 25 17 22 0.465267 6.43542 13.8317
3 25 18 23 0.916357 7.7013 8.40426
3 25 19 24 2.53495 9.38889 3.70377
3 57 4 11 2.45892 8.79961 3.57865
3 57 7 14 0.26944 5.21398 19.3511
3 57 10 17 0.109629 4.58286 41.8032
3 57 13 20 0.0603959 4.17227 69.0821
3 57 16 23 0.0423862 4.16847 98.345
3 57 19 26 0.032228 4.05572 125.845
3 57 22 29 0.0279707 4.12297 147.403
3 57 25 32 0.0259212 4.12913 159.296
3 57 28 35 0.0267084 4.25452 159.296
3 57 31 38 0.0277438 4.08953 147.403
3 57 34 41 0.0322874 4.06321 125.845
3 57 37 44 0.0414919 4.08053 98.345
3 57 40 47 0.0610685 4.21874 69.0821
3 57 43 50 0.106859 4.46705 41.8032
3 57 46 53 0.281165 5.44086 19.3511
3 57 49 56 2.33413 8.35305 3.57865
4 16 5 8 2.1559 8.63799 4.00667
4 16 6 9 0.739431 6.77539 9.16298
4 16 7 10 0.406022 5.74001 14.1372
4 16 8 11 0.324485 5.5967 17.248
4 16 9 12 0.34266 5.91019 17.248
4 16 10 13 0.471236 6.66195 14.1372
4 16 11 14 0.83332 7.63569 9.16298
4 16 12 15 2.23412 8.95139 4.00667
4 26 5 10 2.27496 8.42592 3.70377
4 26 6 11 0.797099 6.69903 8.40426
4 26 7 12 0.407449 5.63571 13.8317
4 26 8 13 0.26713 5.23669 19.6035
4 26 9 14 0.197072 4.97245 25.2317
4 26 10 15 0.15283 4.60924 30.1593
4 26 11 16 0.132456 4.48131 33.8325
4 26 12 17 0.125032 4.47586 35.7978
4 26 13 18 0.123625 4.42551 35.7978
4 26 14 19 0.136616 4.62205 33.8325
4 26 15 20 0.15961 4.81371 30.1593
4 26 16 21 0.203011 5.12232 25.2317
4 26 17 22 0.294589 5.77499 19.6035
4 26 18 23 0.484184 6.69708 13.8317
4 26 19 24 0.913786 7.67969 8.40426
4 26 20 25 2.55319 9.45642 3.70377
4 58 5 12 2.32723 8.32835 3.57865
4 58 8 15 0.270248 5.2296 19.3511
4 58 11 18 0.108539 4.53727 41.8032
4 58 14 21 0.0603237 4.16729 69.0821
4 58 17 24 0.0417999 4.11081 98.345
4 58 20 27 0.03241 4.07863 125.845
4 58 23 30 0.0276995 4.08299 147.403
4 58 26 33 0.0261412 4.16417 159.296
4 58 29 36 0.0263873 4.20339 159.296
4 58 32 39 0.0275903 4.06691 147.403
4 58 35 42 0.0322471 4.05813 125.845
4 58 38 45 0.0419556 4.12612 98.345
4 58 41 48 0.0618197 4.27064 69.0821
4 58 44 51 0.108028 4.51592 41.8032
4 58 47 54 0.284203 5.49964 19.3511
4 58 50 57 2.39062 8.55519 3.57865
5 17 6 9 2.30092 9.21902 4.00667
5 17 7 10 0.747394 6.84836 9.16298
5 17 8 11 0.428968 6.0644 14.1372
5 17 9 12 0.337594 5.82282 17.248
5 17 10 13 0.346321 5.97333 17.248
5 17 11 14 0.454516 6.42558 14.1372
5 17 12 15 0.787139 7.21253 9.16298
5 17 13 16 2.30022 9.21623 4.00667
5 27 6 11 2.43513 9.01915 3.70377
5 27 7 12 0.805072 6.76603 8.40426
5 27 8 13 0.432323 5.97975 13.8317
5 27 9 14 0.281431 5.51704 19.6035
5 27 10 15 0.197539 4.98424 25.2317
5 27 11 16 0.156479 4.71931 30.1593
5 27 12 17 0.136254 4.60983 33.8325
5 27 13 18 0.124296 4.44952 35.7978
5 27 14 19 0.126902 4.54281 35.7978
5 27 15 20 0.137944 4.66701 33.8325
5 27 16 21 0.160897 4.85255 30.1593
5 27 17 22 0.211144 5.32753 25.2317
5 27 18 23 0.308404 6.04581 19.6035
5 27 19 24 0.49074 6.78776 13.8317
5 27 20 25 0.925368 7.77703 8.40426
5 27 21 26 2.45914 9.1081 3.70377
5 59 6 13 2.49022 8.91164 3.57865
5 59 9 16 0.285859 5.5317 19.3511
5 59 12 19 0.111194 4.64825 41.8032
5 59 15 22 0.0628196 4.33971 69.0821
5 59 18 25 0.0422133 4.15147 98.345
5 59 21 28 0.0328664 4.13606 125.845
5 59 24 31 0.0279557 4.12076 147.403
5 59 27 34 0.0264734 4.21709 159.296
5 59 30 37 0.026229 4.17816 159.296
5 59 33 40 0.0275665 4.0634 147.403
5 59 36 43 0.0324144 4.07919 125.845
5 59 39 46 0.0421565 4.14589 98.345
5 59 42 49 0.06114 4.22368 69.0821
5 59 45 52 0.108314 4.52787 41.8032
5 59 48 55 0.278077 5.3811 19.3511
5 59 51 58 2.47097 8.84273 3.57865
6 18 7 10 2.16873 8.68938 4.00667
6 18 8 11 0.770008 7.05557 9.16298
6 18 9 12 0.44521 6.29401 14.1372
6 18 10 13 0.341451 5.88934 17.248
6 18 11 14 0.341141 5.88399 17.248
6 18 12 15 0.443827 6.27445 14.1372
6 18 13 16 0.836666 7.66635 9.16298
6 18 14 17 2.49733 10.006 4.00667
6 28 7 12 2.2991 8.51533 3.70377
6 28 8 13 0.82816 6.96007 8.40426
6 28 9 14 0.447368 6.18785 13.8317
6 28 10 15 0.277289 5.43584 19.6035
6 28 11 16 0.198827 5.01674 25.2317
6 28 12 17 0.159029 4.79619 30.1593
6 28 13 18 0.133568 4.51894 33.8325
6 28 14 19 0.126025 4.51142 35.7978
6 28 15 20 0.127565 4.56656 35.7978
6 28 16 21 0.137031 4.6361 33.8325
6 28 17 22 0.164065 4.94808 30.1593
6 28 18 23 0.217752 5.49424 25.2317
6 28 19 24 0.3099 6.07513 19.6035
6 28 20 25 0.494456 6.83915 13.8317
6 28 21 26 0.920463 7.73582 8.40426
6 28 22 27 2.63037 9.74229 3.70377
6 60 7 14 2.35499 8.42767 3.57865
6 60 10 17 0.285311 5.52109 19.3511
6 60 13 20 0.108593 4.53953 41.8032
6 60 16 23 0.0626591 4.32862 69.0821
6 60 19 26 0.0417121 4.10217 98.345
6 60 22 29 0.0327605 4.12274 125.845
6 60 25 32 0.0278584 4.10643 147.403
6 60 28 35 0.0265737 4.23307 159.296
6 60 31 38 0.0255631 4.07209 159.296
6 60 34 41 0.0273652 4.03372 147.403
6 60 37 44 0.0319306 4.0183 125.845
6 60 40 47 0.0415539 4.08662 98.345
6 60 43 50 0.0599997 4.14491 69.0821
6 60 46 53 0.109123 4.56171 41.8032
6 60 49 56 0.278614 5.3915 19.3511
6 60 52 59 2.37454 8.49765 3.57865
7 19 8 11 2.23322 8.94776 4.00667
7 19 9 12 0.80659 7.39077 9.16298
7 19 10 13 0.446905 6.31797 14.1372
7 19 11 14 0.335784 5.79159 17.248
7 19 12 15 0.329513 5.68343 17.248
7 19 13 16 0.44821 6.33642 14.1372
7 19 14 17 0.830854 7.61309 9.16298
7 19 15 18 2.37139 9.50138 4.00667
7 29 8 13 2.36673 8.76584 3.70377
7 29 9 14 0.866052 7.27852 8.40426
7 29 10 15 0.442195 6.1163 13.8317
7 29 11 16 0.279286 5.475 19.6035
7 29 12 17 0.202746 5.11561 25.2317
7 29 13 18 0.15561 4.69308 30.1593
7 29 14 19 0.135281 4.5769 33.8325
7 29 15 20 0.127469 4.56312 35.7978
7 29 16 21 0.126143 4.51562 35.7978
7 29 17 22 0.138116 4.67281 33.8325
7 29 18 23 0.167414 5.04909 30.1593
7 29 19 24 0.2164 5.46014 25.2317
7 29 20 25 0.307502 6.02812 19.6035
7 29 21 26 0.481175 6.65545 13.8317
7 29 22 27 0.938614 7.88836 8.40426
7 29 23 28 2.7462 10.1713 3.70377
7 61 8 15 2.41653 8.6479 3.57865
7 61 11 18 0.286321 5.54063 19.3511
7 61 14 21 0.109508 4.5778 41.8032
7 61 17 24 0.0621613 4.29423 69.0821
7 61 20 27 0.0422535 4.15543 98.345
7 61 23 30 0.032572 4.09902 125.845
7 61 26 33 0.0282514 4.16435 147.403
7 61 29 36 0.0263677 4.20026 159.296
7 61 32 39 0.0254892 4.06031 159.296
7 61 35 42 0.0273143 4.02621 147.403
7 61 38 45 0.032317 4.06693 125.845
7 61 41 48 0.0419656 4.12711 98.345
7 61 44 51 0.0605422 4.18238 69.0821
7 61 47 54 0.109616 4.5823 41.8032
7 61 50 57 0.279582 5.41022 19.3511
7 61 53 60 2.29682 8.2195 3.57865
8 20 9 12 2.15206 8.62259 4.00667
8 20 10 13 0.757022 6.93658 9.16298
8 20 11 14 0.428787 6.06183 14.1372
8 20 12 15 0.326614 5.63343 17.248
8 20 13 16 0.335229 5.78201 17.248
8 20 14 17 0.469655 6.63959 14.1372
8 20 15 18 0.862725 7.90513 9.16298
8 20 16 19 2.54726 10.206 4.00667
8 30 9 14 2.28019 8.44532 3.70377
8 30 10 15 0.801516 6.73615 8.40426
8 30 11 16 0.424649 5.87361 13.8317
8 30 12 17 0.275621 5.40315 19.6035
8 30 13 18 0.192493 4.85694 25.2317
8 30 14 19 0.154206 4.65074 30.1593
8 30 15 20 0.135695 4.59091 33.8325
8 30 16 21 0.124349 4.45141 35.7978
8 30 17 22 0.125194 4.48165 35.7978
8 30 18 23 0.139529 4.72062 33.8325
8 30 19 24 0.165349 4.9868 30.1593
8 30 20 25 0.21393 5.39781 25.2317
8 30 21 26 0.297114 5.82448 19.6035
8 30 22 27 0.479501 6.6323 13.8317
8 30 23 28 0.950176 7.98553 8.40426
8 30 24 29 2.55816 9.47486 3.70377
8 62 9 16 2.32976 8.33738 3.57865
8 62 12 19 0.281218 5.44188 19.3511
8 62 15 22 0.111426 4.65797 41.8032
8 62 18 25 0.0614418 4.24453 69.0821
8 62 21 28 0.0421807 4.14827 98.345
8 62 24 31 0.0324814 4.08762 125.845
8 62 27 34 0.0284145 4.1884 147.403
8 62 30 37 0.02609 4.15602 159.296
8 62 33 40 0.0254496 4.05401 159.296
8 62 36 43 0.0275366 4.05899 147.403
8 62 39 46 0.0326495 4.10877 125.845
8 62 42 49 0.0418375 4.11451 98.345
8 62 45 52 0.0613824 4.24042 69.0821
8 62 48 55 0.109675 4.58477 41.8032
8 62 51 58 0.290606 5.62356 19.3511
8 62 54 61 2.47708 8.86462 3.57865
9 21 10 13 2.07128 8.29892 4.00667
9 21 11 14 0.741476 6.79413 9.16298
9 21 12 15 0.422843 5.9778 14.1372
9 21 13 16 0.322005 5.55394 17.248
9 21 14 17 0.34322 5.91984 17.248
9 21 15 18 0.477405 6.74916 14.1372
9 21 16 19 0.877099 8.03684 9.16298
9 21 17 20 2.31495 9.27524 4.00667
9 31 10 15 2.18187 8.08115 3.70377
9 31 11 16 0.787777 6.62069 8.40426
9 31 12 17 0.427222 5.9092 13.8317
9 31 13 18 0.26308 5.1573 19.6035
9 31 14 19 0.191377 4.82876 25.2317
9 31 15 20 0.156239 4.71205 30.1593
9 31 16 21 0.132308 4.4763 33.8325
9 31 17 22 0.122461 4.38383 35.7978
9 31 18 23 0.125605 4.49637 35.7978
9 31 19 24 0.136924 4.63249 33.8325
9 31 20 25 0.162714 4.90733 30.1593
9 31 21 26 0.205002 5.17254 25.2317
9 31 22 27 0.29047 5.69424 19.6035
9 31 23 28 0.476631 6.59261 13.8317
9 31 24 29 0.887369 7.45768 8.40426
9 31 25 30 2.49432 9.2384 3.70377
9 63 10 17 2.23801 8.00906 3.57865
9 63 13 20 0.268235 5.19065 19.3511
9 63 16 23 0.10953 4.5787 41.8032
9 63 19 26 0.0600381 4.14756 69.0821
9 63 22 29 0.0417068 4.10165 98.345
9 63 25 32 0.0322106 4.05354 125.845
9 63 28 35 0.0284193 4.18909 147.403
9 63 31 38 0.0253942 4.04519 159.296
9 63 34 41 0.0252068 4.01533 159.296
9 63 37 44 0.0271176 3.99722 147.403
9 63 40 47 0.0321836 4.05014 125.845
9 63 43 50 0.0410746 4.03948 98.345
9 63 46 53 0.0616006 4.25549 69.0821
9 63 49 56 0.109578 4.5807 41.8032
9 63 52 59 0.291773 5.64614 19.3511
9 63 55 62 2.28974 8.19418 3.57865
10 22 11 14 2.24139 8.98052 4.00667
10 22 12 15 0.797255 7.30523 9.16298
10 22 13 16 0.42697 6.03615 14.1372
10 22 14 17 0.334564 5.77055 17.248
10 22 15 18 0.354672 6.11737 17.248
10 22 16 19 0.478463 6.76411 14.1372
10 22 17 20 0.806409 7.38911 9.16298
10 22 18 21 2.29525 9.1963 4.00667
10 32 11 16 2.36159 8.7468 3.70377
10 32 12 17 0.859931 7.22709 8.40426
10 32 13 18 0.429449 5.93999 13.8317
10 32 14 19 0.272911 5.35002 19.6035
10 32 15 20 0.203052 5.12334 25.2317
10 32 16 21 0.157204 4.74117 30.1593
10 32 17 22 0.133176 4.5057 33.8325
10 32 18 23 0.125515 4.49316 35.7978
10 32 19 24 0.126074 4.51316 35.7978
10 32 20 25 0.138624 4.68999 33.8325
10 32 21 26 0.160735 4.84765 30.1593
10 32 22 27 0.206173 5.20209 25.2317
10 32 23 28 0.2998 5.87714 19.6035
10 32 24 29 0.476273 6.58766 13.8317
10 32 25 30 0.935624 7.86323 8.40426
10 32 26 31 2.68295 9.93703 3.70377
11 23 12 15 2.35174 9.42263 4.00667
11 23 13 16 0.772783 7.08099 9.16298
11 23 14 17 0.436246 6.16729 14.1372
11 23 15 18 0.351627 6.06484 17.248
11 23 16 19 0.354471 6.11391 17.248
11 23 17 20 0.448242 6.33687 14.1372
11 23 18 21 0.811983 7.44018 9.16298
11 23 19 22 2.40895 9.65188 4.00667
11 33 12 17 2.49459 9.23938 3.70377
11 33 13 18 0.834476 7.01315 8.40426
11 33 14 19 0.436823 6.04199 13.8317
11 33 15 20 0.290139 5.68775 19.6035
11 33 16 21 0.203516 5.13506 25.2317
11 33 17 22 0.15691 4.73231 30.1593
11 33 18 23 0.135657 4.58963 33.8325
11 33 19 24 0.125271 4.48443 35.7978
11 33 20 25 0.127561 4.5664 35.7978
11 33 21 26 0.136504 4.61827 33.8325
11 33 22 27 0.159674 4.81566 30.1593
11 33 23 28 0.209179 5.27793 25.2317
11 33 24 29 0.296194 5.80645 19.6035
11 33 25 30 0.487256 6.73956 13.8317
11 33 26 31 0.978903 8.22695 8.40426
11 33 27 32 2.50249 9.26865 3.70377
12 24 13 16 2.18697 8.76247 4.00667
12 24 14 17 0.769643 7.05222 9.16298
12 24 15 18 0.466016 6.58815 14.1372
12 24 16 19 0.352191 6.07458 17.248
12 24 17 20 0.336957 5.81181 17.248
12 24 18 21 0.451599 6.38433 14.1372
12 24 19 22 0.855028 7.8346 9.16298
12 24 20 23 2.57501 10.3172 4.00667
12 34 13 18 2.32792 8.62209 3.70377
12 34 14 19 0.828277 6.96106 8.40426
12 34 15 20 0.465274 6.43552 13.8317
12 34 16 21 0.289589 5.67696 19.6035
12 34 17 22 0.201416 5.08206 25.2317
12 34 18 23 0.158991 4.79505 30.1593
12 34 19 24 0.134791 4.56033 33.8325
12 34 20 25 0.126812 4.5396 35.7978
12 34 21 26 0.125401 4.48907 35.7978
12 34 22 27 0.1344 4.5471 33.8325
12 34 23 28 0.159806 4.81964 30.1593
12 34 24 29 0.205089 5.17473 25.2317
12 34 25 30 0.296931 5.8209 19.6035
12 34 26 31 0.496972 6.87396 13.8317
12 34 27 32 0.915807 7.69668 8.40426
12 34 28 33 2.53198 9.37789 3.70377
13 25 14 17 2.19021 8.77543 4.00667
13 25 15 18 0.853719 7.82261 9.16298
13 25 16 19 0.474582 6.70924 14.1372
13 25 17 20 0.340315 5.86974 17.248
13 25 18 21 0.338323 5.83539 17.248
13 25 19 22 0.460878 6.51551 14.1372
13 25 20 23 0.863138 7.90892 9.16298
13 25 21 24 2.40837 9.64953 4.00667
13 35 14 19 2.32969 8.62862 3.70377
13 35 15 20 0.912202 7.66638 8.40426
13 35 16 21 0.47293 6.54141 13.8317
13 35 17 22 0.289361 5.67249 19.6035
13 35 18 23 0.206055 5.19911 25.2317
13 35 19 24 0.158906 4.79251 30.1593
13 35 20 25 0.137771 4.66114 33.8325
13 35 21 26 0.125605 4.49636 35.7978
13 35 22 27 0.123367 4.41627 35.7978
13 35 23 28 0.133523 4.51743 33.8325
13 35 24 29 0.156184 4.7104 30.1593
13 35 25 30 0.203055 5.12343 25.2317
13 35 26 31 0.298118 5.84416 19.6035
13 35 27 32 0.46209 6.39148 13.8317
13 35 28 33 0.879675 7.39302 8.40426
13 35 29 34 2.40668 8.91378 3.70377
14 26 15 18 2.38077 9.53898 4.00667
14 26 16 19 0.841386 7.7096 9.16298
14 26 17 20 0.451822 6.38749 14.1372
14 26 18 21 0.34073 5.8769 17.248
14 26 19 22 0.345936 5.9667 17.248
14 26 20 23 0.484457 6.84885 14.1372
14 26 21 24 0.859652 7.87697 9.16298
14 26 22 25 2.4075 9.64606 4.00667
14 36 15 20 2.5145 9.31314 3.70377
14 36 16 21 0.893605 7.51009 8.40426
14 36 17 22 0.456272 6.31101 13.8317
14 36 18 23 0.288383 5.65332 19.6035
14 36 19 24 0.201378 5.0811 25.2317
14 36 20 25 0.161024 4.85638 30.1593
14 36 21 26 0.136152 4.60636 33.8325
14 36 22 27 0.12367 4.42713 35.7978
14 36 23 28 0.123176 4.40943 35.7978
14 36 24 29 0.132925 4.4972 33.8325
14 36 25 30 0.158163 4.77008 30.1593
14 36 26 31 0.210499 5.31123 25.2317
14 36 27 32 0.292041 5.72503 19.6035
14 36 28 33 0.467599 6.46767 13.8317
14 36 29 34 0.907779 7.62922 8.40426
14 36 30 35 2.70189 10.0072 3.70377
15 27 16 19 2.2541 9.03142 4.00667
15 27 17 20 0.789935 7.23816 9.16298
15 27 18 21 0.447203 6.32219 14.1372
15 27 19 22 0.339137 5.84941 17.248
15 27 20 23 0.363539 6.2703 17.248
15 27 21 24 0.489688 6.9228 14.1372
15 27 22 25 0.858409 7.86558 9.16298
15 27 23 26 2.30084 9.21869 4.00667
15 37 16 21 2.37689 8.80346 3.70377
15 37 17 22 0.847549 7.12303 8.40426
15 37 18 23 0.450611 6.2327 13.8317
15 37 19 24 0.277891 5.44765 19.6035
15 37 20 25 0.202851 5.11827 25.2317
15 37 21 26 0.15813 4.76909 30.1593
15 37 22 27 0.132745 4.4911 33.8325
15 37 23 28 0.121839 4.36157 35.7978
15 37 24 29 0.121484 4.34885 35.7978
15 37 25 30 0.132898 4.49628 33.8325
15 37 26 31 0.161702 4.87681 30.1593
15 37 27 32 0.204246 5.15348 25.2317
15 37 28 33 0.288222 5.65017 19.6035
15 37 29 34 0.466645 6.45448 13.8317
15 37 30 35 0.920801 7.73865 8.40426
15 37 31 36 2.39536 8.87186 3.70377
16 28 17 20 2.29908 9.21165 4.00667
16 28 18 21 0.838445 7.68265 9.16298
16 28 19 22 0.455305 6.43673 14.1372
16 28 20 23 0.363469 6.26909 17.248
16 28 21 24 0.371523 6.40802 17.248
16 28 22 25 0.488644 6.90804 14.1372
16 28 23 26 0.846977 7.76083 9.16298
16 28 24 27 2.47403 9.9126 4.00667
16 38 17 22 2.4391 9.03386 3.70377
16 38 18 23 0.902482 7.5847 8.40426
16 38 19 24 0.457012 6.32125 13.8317
16 38 20 25 0.294931 5.78169 19.6035
16 38 21 26 0.208068 5.24992 25.2317
16 38 22 27 0.159523 4.81109 30.1593
16 38 23 28 0.134123 4.53771 33.8325
16 38 24 29 0.123166 4.40908 35.7978
16 38 25 30 0.124058 4.44101 35.7978
16 38 26 31 0.138981 4.70207 33.8325
16 38 27 32 0.161872 4.88193 30.1593
16 38 28 33 0.207105 5.22562 25.2317
16 38 29 34 0.297037 5.82297 19.6035
16 38 30 35 0.487822 6.74739 13.8317
16 38 31 36 0.889525 7.4758 8.40426
16 38 32 37 2.47701 9.17428 3.70377
17 29 18 21 2.47902 9.9326 4.00667
17 29 19 22 0.824643 7.55618 9.16298
17 29 20 23 0.482473 6.8208 14.1372
17 29 21 24 0.369263 6.36903 17.248
17 29 22 25 0.365802 6.30934 17.248
17 29 23 26 0.470569 6.65251 14.1372
17 29 24 27 0.8675 7.94889 9.16298
17 29 25 28 2.59757 10.4076 4.00667
17 39 18 23 2.62695 9.72961 3.70377
17 39 19 24 0.888118 7.46397 8.40426
17 39 20 25 0.479597 6.63363 13.8317
17 39 21 26 0.299796 5.87706 19.6035
17 39 22 27 0.208079 5.25018 25.2317
17 39 23 28 0.159568 4.81246 30.1593
17 39 24 29 0.134726 4.55812 33.8325
17 39 25 30 0.124826 4.46849 35.7978
17 39 26 31 0.128993 4.61767 35.7978
17 39 27 32 0.139151 4.70783 33.8325
17 39 28 33 0.163052 4.91752 30.1593
17 39 29 34 0.211705 5.34167 25.2317
17 39 30 35 0.307192 6.02204 19.6035
17 39 31 36 0.473139 6.5443 13.8317
17 39 32 37 0.903369 7.59215 8.40426
17 39 33 38 2.39099 8.85569 3.70377
18 30 19 22 2.34603 9.39979 4.00667
18 30 20 23 0.861333 7.89238 9.16298
18 30 21 24 0.485204 6.85942 14.1372
18 30 22 25 0.361436 6.23403 17.248
18 30 23 26 0.349126 6.0217 17.248
18 30 24 27 0.469341 6.63515 14.1372
18 30 25 28 0.884242 8.10229 9.16298
18 30 26 29 2.42066 9.69877 4.00667
18 40 19 24 2.49078 9.22528 3.70377
18 40 20 25 0.919484 7.72758 8.40426
18 40 21 26 0.479837 6.63695 13.8317
18 40 22 27 0.295102 5.78505 19.6035
18 40 23 28 0.204808 5.16766 25.2317
18 40 24 29 0.158204 4.77133 30.1593
18 40 25 30 0.134688 4.55683 33.8325
18 40 26 31 0.128409 4.59677 35.7978
18 40 27 32 0.128496 4.59988 35.7978
18 40 28 33 0.138687 4.69213 33.8325
18 40 29 34 0.164516 4.96168 30.1593
18 40 30 35 0.215712 5.44278 25.2317
18 40 31 36 0.295892 5.80052 19.6035
18 40 32 37 0.470245 6.50427 13.8317
18 40 33 38 0.860336 7.23049 8.40426
18 40 34 39 2.40361 8.90241 3.70377
19 31 20 23 2.54217 10.1856 4.00667
19 31 21 24 0.882997 8.09089 9.16298
19 31 22 25 0.482313 6.81854 14.1372
19 31 23 26 0.348396 6.00911 17.248
19 31 24 27 0.343782 5.92954 17.248
19 31 25 28 0.471652 6.66783 14.1372
19 31 26 29 0.832006 7.62365 9.16298
19 31 27 30 2.36082 9.45901 4.00667
19 41 20 25 2.68453 9.94287 3.70377
19 41 21 26 0.939596 7.89661 8.40426
19 41 22 27 0.479611 6.63382 13.8317
19 41 23 28 0.293992 5.76328 19.6035
19 41 24 29 0.205169 5.17675 25.2317
19 41 25 30 0.159026 4.7961 30.1593
19 41 26 31 0.139381 4.71561 33.8325
19 41 27 32 0.1291 4.62149 35.7978
19 41 28 33 0.128578 4.60279 35.7978
19 41 29 34 0.139936 4.7344 33.8325
19 41 30 35 0.167288 5.04529 30.1593
19 41 31 36 0.208752 5.26716 25.2317
19 41 32 37 0.294106 5.76552 19.6035
19 41 33 38 0.451693 6.24767 13.8317
19 41 34 39 0.861855 7.24325 8.40426
19 41 35 40 2.61358 9.68011 3.70377
20 32 21 24 2.33606 9.35982 4.00667
20 32 22 25 0.821926 7.53129 9.16298
20 32 23 26 0.452391 6.39553 14.1372
20 32 24 27 0.339025 5.84749 17.248
20 32 25 28 0.350428 6.04417 17.248
20 32 26 29 0.476352 6.73426 14.1372
20 32 27 30 0.881904 8.08087 9.16298
20 32 28 31 2.54574 10.1999 4.00667
20 42 21 26 2.46583 9.13289 3.70377
20 42 22 27 0.872378 7.33169 8.40426
20 42 23 28 0.453662 6.2749 13.8317
20 42 24 29 0.282945 5.54672 19.6035
20 42 25 30 0.199172 5.02546 25.2317
20 42 26 31 0.160492 4.84032 30.1593
20 42 27 32 0.138117 4.67284 33.8325
20 42 28 33 0.127073 4.54893 35.7978
20 42 29 34 0.127345 4.55868 35.7978
20 42 30 35 0.139478 4.71889 33.8325
20 42 31 36 0.15937 4.8065 30.1593
20 42 32 37 0.203224 5.12769 25.2317
20 42 33 38 0.276008 5.41073 19.6035
20 42 34 39 0.433533 5.99648 13.8317
20 42 35 40 0.847365 7.12148 8.40426
20 42 36 41 2.42163 8.96917 3.70377
21 33 22 25 2.31549 9.2774 4.00667
21 33 23 26 0.815651 7.4738 9.16298
21 33 24 27 0.450278 6.36565 14.1372
21 33 25 28 0.340945 5.88061 17.248
21 33 26 29 0.352776 6.08466 17.248
21 33 27 30 0.488107 6.90044 14.1372
21 33 28 31 0.915244 8.38636 9.16298
21 33 29 32 2.35559 9.43807 4.00667
21 43 22 27 2.44166 9.04337 3.70377
21 43 23 28 0.873657 7.34244 8.40426
21 43 24 29 0.455283 6.29733 13.8317
21 43 25 30 0.281565 5.51967 19.6035
21 43 26 31 0.205291 5.17985 25.2317
21 43 27 32 0.16254 4.90209 30.1593
21 43 28 33 0.138058 4.67084 33.8325
21 43 29 34 0.12726 4.55564 35.7978
21 43 30 35 0.128022 4.58291 35.7978
21 43 31 36 0.134728 4.55818 33.8325
21 43 32 37 0.157459 4.74885 30.1593
21 43 33 38 0.19417 4.89925 25.2317
21 43 34 39 0.268389 5.26138 19.6035
21 43 35 40 0.429374 5.93896 13.8317
21 43 36 41 0.82351 6.92099 8.40426
21 43 37 42 2.55644 9.46847 3.70377
22 34 23 26 2.40662 9.64255 4.00667
22 34 24 27 0.848477 7.77458 9.16298
22 34 25 28 0.457665 6.47009 14.1372
22 34 26 29 0.351884 6.06928 17.248
22 34 27 30 0.362218 6.24752 17.248
22 34 28 31 0.497343 7.03102 14.1372
22 34 29 32 0.854068 7.82581 9.16298
22 34 30 33 2.3875 9.56593 4.00667
22 44 23 28 2.54671 9.43245 3.70377
22 44 24 29 0.915476 7.6939 8.40426
22 44 25 30 0.464182 6.42041 13.8317
22 44 26 31 0.297489 5.83184 19.6035
22 44 27 32 0.213692 5.39181 25.2317
22 44 28 33 0.166259 5.01424 30.1593
22 44 29 34 0.140692 4.75998 33.8325
22 44 30 35 0.130061 4.65589 35.7978
22 44 31 36 0.126467 4.52723 35.7978
22 44 32 37 0.136704 4.62505 33.8325
22 44 33 38 0.155405 4.68691 30.1593
22 44 34 39 0.195188 4.92492 25.2317
22 44 35 40 0.275586 5.40246 19.6035
22 44 36 41 0.441207 6.10264 13.8317
22 44 37 42 0.901049 7.57265 8.40426
22 44 38 43 2.75278 10.1957 3.70377
23 35 24 27 2.54195 10.1848 4.00667
23 35 25 28 0.839916 7.69613 9.16298
23 35 26 29 0.473013 6.68706 14.1372
23 35 27 30 0.362744 6.2566 17.248
23 35 28 31 0.366437 6.32029 17.248
23 35 29 32 0.465175 6.57625 14.1372
23 35 30 33 0.82267 7.53811 9.16298
23 35 31 34 2.26079 9.05822 4.00667
23 45 24 29 2.69475 9.98075 3.70377
23 45 25 30 0.910989 7.65619 8.40426
23 45 26 31 0.484633 6.70328 13.8317
23 45 27 32 0.309259 6.06257 19.6035
23 45 28 33 0.218494 5.51297 25.2317
23 45 29 34 0.168528 5.0827 30.1593
23 45 30 35 0.142498 4.82107 33.8325
23 45 31 36 0.127188 4.55304 35.7978
23 45 32 37 0.126806 4.53936 35.7978
23 45 33 38 0.132694 4.48938 33.8325
23 45 34 39 0.151914 4.58161 30.1593
23 45 35 40 0.192379 4.85406 25.2317
23 45 36 41 0.270278 5.2984 19.6035
23 45 37 42 0.444492 6.14806 13.8317
23 45 38 43 0.878279 7.38128 8.40426
23 45 39 44 2.38409 8.83014 3.70377
24 36 25 28 2.37078 9.49891 4.00667
24 36 26 29 0.842694 7.72158 9.16298
24 36 27 30 0.484811 6.85385 14.1372
24 36 28 31 0.371097 6.40066 17.248
24 36 29 32 0.357513 6.16638 17.248
24 36 30 33 0.469286 6.63438 14.1372
24 36 31 34 0.843499 7.72896 9.16298
24 36 32 35 2.56616 10.2817 4.00667
24 46 25 30 2.5251 9.35238 3.70377
24 46 26 31 0.914503 7.68572 8.40426
24 46 27 32 0.492065 6.80608 13.8317
24 46 28 33 0.311241 6.10142 19.6035
24 46 29 34 0.217978 5.49995 25.2317
24 46 30 35 0.168399 5.07879 30.1593
24 46 31 36 0.138518 4.68641 33.8325
24 46 32 37 0.12754 4.56565 35.7978
24 46 33 38 0.123486 4.42051 35.7978
24 46 34 39 0.130016 4.39878 33.8325
24 46 35 40 0.149905 4.52102 30.1593
24 46 36 41 0.190494 4.80648 25.2317
24 46 37 42 0.272792 5.34769 19.6035
24 46 38 43 0.438506 6.06527 13.8317
24 46 39 44 0.796137 6.69095 8.40426
24 46 40 45 2.33889 8.6627 3.70377
25 37 26 29 2.39246 9.58579 4.00667
25 37 27 30 0.85754 7.85763 9.16298
25 37 28 31 0.491871 6.95367 14.1372
25 37 29 32 0.360046 6.21007 17.248
25 37 30 33 0.351921 6.06991 17.248
25 37 31 34 0.463044 6.54613 14.1372
25 37 32 35 0.865449 7.93009 9.16298
25 37 33 36 2.26393 9.07082 4.00667
25 47 26 31 2.54716 9.43409 3.70377
25 47 27 32 0.924513 7.76985 8.40426
25 47 28 33 0.494387 6.83819 13.8317
25 47 29 34 0.308139 6.04062 19.6035
25 47 30 35 0.216021 5.45057 25.2317
25 47 31 36 0.163166 4.92097 30.1593
25 47 32 37 0.139256 4.71139 33.8325
25 47 33 38 0.125461 4.49122 35.7978
25 47 34 39 0.122082 4.37025 35.7978
25 47 35 40 0.129835 4.39265 33.8325
25 47 36 41 0.152141 4.58847 30.1593
25 47 37 42 0.197648 4.98701 25.2317
25 47 38 43 0.281588 5.52012 19.6035
25 47 39 44 0.429743 5.94406 13.8317
25 47 40 45 0.841581 7.07286 8.40426
25 47 41 46 2.61852 9.69842 3.70377
26 38 27 30 2.31678 9.28257 4.00667
26 38 28 31 0.865144 7.92729 9.16298
26 38 29 32 0.478662 6.76693 14.1372
26 38 30 33 0.354713 6.11808 17.248
26 38 31 34 0.350754 6.04979 17.248
26 38 32 35 0.487471 6.89146 14.1372
26 38 33 36 0.832003 7.62362 9.16298
26 38 34 37 2.33248 9.34547 4.00667
26 48 27 32 2.46063 9.11361 3.70377
26 48 28 33 0.922698 7.7546 8.40426
26 48 29 34 0.483574 6.68864 13.8317
26 48 30 35 0.300526 5.89138 19.6035
26 48 31 36 0.206159 5.20173 25.2317
26 48 32 37 0.162127 4.88964 30.1593
26 48 33 38 0.134734 4.55841 33.8325
26 48 34 39 0.121317 4.34287 35.7978
26 48 35 40 0.11873 4.25025 35.7978
26 48 36 41 0.128318 4.34132 33.8325
26 48 37 42 0.152032 4.58519 30.1593
26 48 38 43 0.195611 4.93559 25.2317
26 48 39 44 0.263553 5.16657 19.6035
26 48 40 45 0.417534 5.77519 13.8317
26 48 41 46 0.809069 6.79963 8.40426
26 48 42 47 2.21598 8.20749 3.70377
27 39 28 31 2.49836 10.0101 4.00667
27 39 29 32 0.880695 8.06979 9.16298
27 39 30 33 0.479998 6.78581 14.1372
27 39 31 34 0.35254 6.0806 17.248
27 39 32 35 0.367912 6.34573 17.248
27 39 33 36 0.472818 6.6843 14.1372
27 39 34 37 0.838736 7.68532 9.16298
27 39 35 38 2.23562 8.95741 4.00667
27 49 28 33 2.63543 9.76102 3.70377
27 49 29 34 0.944432 7.93726 8.40426
27 49 30 35 0.485794 6.71934 13.8317
27 49 31 36 0.293695 5.75745 19.6035
27 49 32 37 0.209807 5.29377 25.2317
27 49 33 38 0.159851 4.82098 30.1593
27 49 34 39 0.132581 4.48554 33.8325
27 49 35 40 0.119377 4.27344 35.7978
27 49 36 41 0.119561 4.28001 35.7978
27 49 37 42 0.130664 4.42069 33.8325
27 49 38 43 0.15488 4.67107 30.1593
27 49 39 44 0.191071 4.82105 25.2317
27 49 40 45 0.267494 5.24382 19.6035
27 49 41 46 0.426323 5.89676 13.8317
27 49 42 47 0.788227 6.62446 8.40426
27 49 43 48 2.38189 8.82196 3.70377
28 40 29 32 2.60177 10.4244 4.00667
28 40 30 33 0.889926 8.15437 9.16298
28 40 31 34 0.477238 6.74679 14.1372
28 40 32 35 0.371575 6.40891 17.248
28 40 33 36 0.359853 6.20672 17.248
28 40 34 37 0.466842 6.59983 14.1372
28 40 35 38 0.789314 7.23247 9.16298
28 40 36 39 2.26024 9.05603 4.00667
28 50 29 34 2.75187 10.1923 3.70377
28 50 30 35 0.958287 8.05369 8.40426
28 50 31 36 0.481315 6.6574 13.8317
28 50 32 37 0.305626 5.99135 19.6035
28 50 33 38 0.210816 5.31925 25.2317
28 50 34 39 0.159497 4.81031 30.1593
28 50 35 40 0.131604 4.45249 33.8325
28 50 36 41 0.121795 4.35999 35.7978
28 50 37 42 0.122798 4.3959 35.7978
28 50 38 43 0.134944 4.5655 33.8325
28 50 39 44 0.154266 4.65254 30.1593
28 50 40 45 0.196675 4.96245 25.2317
28 50 41 46 0.277331 5.43667 19.6035
28 50 42 47 0.427735 5.9163 13.8317
28 50 43 48 0.857771 7.20893 8.40426
28 50 44 49 2.54119 9.412 3.70377
29 41 30 33 2.41561 9.67853 4.00667
29 41 31 34 0.830397 7.60891 9.16298
29 41 32 35 0.488345 6.90382 14.1372
29 41 33 36 0.360827 6.22352 17.248
29 41 34 37 0.351659 6.0654 17.248
29 41 35 38 0.440146 6.22242 14.1372
29 41 36 39 0.797231 7.30501 9.16298
29 41 37 40 2.47566 9.91916 4.00667
29 51 30 35 2.56576 9.50299 3.70377
29 51 31 36 0.893365 7.50808 8.40426
29 51 32 37 0.484536 6.70195 13.8317
29 51 33 38 0.298788 5.85731 19.6035
29 51 34 39 0.205223 5.17813 25.2317
29 51 35 40 0.154633 4.66362 30.1593
29 51 36 41 0.131991 4.46559 33.8325
29 51 37 42 0.122895 4.39937 35.7978
29 51 38 43 0.124883 4.47053 35.7978
29 51 39 44 0.132571 4.48523 33.8325
29 51 40 45 0.15508 4.6771 30.1593
29 51 41 46 0.197859 4.99232 25.2317
29 51 42 47 0.269402 5.28123 19.6035
29 51 43 48 0.44114 6.1017 13.8317
29 51 44 49 0.860263 7.22987 8.40426
29 51 45 50 2.29325 8.49368 3.70377
30 42 31 34 2.34771 9.40651 4.00667
30 42 32 35 0.88843 8.14067 9.16298
30 42 33 36 0.488274 6.90282 14.1372
30 42 34 37 0.353453 6.09635 17.248
30 42 35 38 0.327377 5.64658 17.248
30 42 36 39 0.429135 6.06676 14.1372
30 42 37 40 0.789996 7.23872 9.16298
30 42 38 41 2.29753 9.20544 4.00667
30 52 31 36 2.49529 9.24197 3.70377
30 52 32 37 0.945782 7.9486 8.40426
30 52 33 38 0.489136 6.76557 13.8317
30 52 34 39 0.296221 5.80698 19.6035
30 52 35 40 0.200685 5.06362 25.2317
30 52 36 41 0.15645 4.71841 30.1593
30 52 37 42 0.133215 4.50701 33.8325
30 52 38 43 0.125305 4.48562 35.7978
30 52 39 44 0.123448 4.41917 35.7978
30 52 40 45 0.133128 4.50405 33.8325
30 52 41 46 0.155536 4.69086 30.1593
30 52 42 47 0.191992 4.84428 25.2317
30 52 43 48 0.275097 5.39287 19.6035
30 52 44 49 0.44026 6.08953 13.8317
30 52 45 50 0.804991 6.76536 8.40426
30 52 46 51 2.41051 8.92797 3.70377
31 43 32 35 2.5551 10.2374 4.00667
31 43 33 36 0.913466 8.37007 9.16298
31 43 34 37 0.488862 6.91112 14.1372
31 43 35 38 0.337137 5.81492 17.248
31 43 36 39 0.326822 5.63701 17.248
31 43 37 40 0.430052 6.07972 14.1372
31 43 38 41 0.774994 7.10125 9.16298
31 43 39 42 2.43912 9.77275 4.00667
31 53 32 37 2.6971 9.98943 3.70377
31 53 33 38 0.97523 8.19609 8.40426
31 53 34 39 0.491844 6.80303 13.8317
31 53 35 40 0.291954 5.72332 19.6035
31 53 36 41 0.205555 5.1865 25.2317
31 53 37 42 0.158758 4.78803 30.1593
31 53 38 43 0.137203 4.64193 33.8325
31 53 39 44 0.125024 4.47559 35.7978
31 53 40 45 0.124155 4.44448 35.7978
31 53 41 46 0.133292 4.50961 33.8325
31 53 42 47 0.150455 4.53763 30.1593
31 53 43 48 0.193587 4.88453 25.2317
31 53 44 49 0.271416 5.32072 19.6035
31 53 45 50 0.410203 5.6738 13.8317
31 53 46 51 0.789393 6.63426 8.40426
31 53 47 52 2.35924 8.73808 3.70377
32 44 33 36 2.3524 9.4253 4.00667
32 44 34 37 0.852518 7.81161 9.16298
32 44 35 38 0.447271 6.32314 14.1372
32 44 36 39 0.333538 5.75286 17.248
32 44 37 40 0.32995 5.69097 17.248
32 44 38 41 0.443313 6.2672 14.1372
32 44 39 42 0.851413 7.80148 9.16298
32 44 40 43 2.62313 10.51 4.00667
32 54 33 38 2.48778 9.21418 3.70377
32 54 34 39 0.907494 7.62681 8.40426
32 54 35 40 0.454217 6.28258 13.8317
32 54 36 41 0.286054 5.60767 19.6035
32 54 37 42 0.200525 5.05959 25.2317
32 54 38 43 0.159573 4.81262 30.1593
32 54 39 44 0.135056 4.56927 33.8325
32 54 40 45 0.124305 4.44983 35.7978
32 54 41 46 0.123564 4.4233 35.7978
32 54 42 47 0.128969 4.36334 33.8325
32 54 43 48 0.151794 4.57799 30.1593
32 54 44 49 0.193167 4.87393 25.2317
32 54 45 50 0.258948 5.0763 19.6035
32 54 46 51 0.408414 5.64904 13.8317
32 54 47 52 0.785668 6.60296 8.40426
32 54 48 53 2.22152 8.22801 3.70377
33 45 34 37 2.39476 9.595 4.00667
33 45 35 38 0.809633 7.41865 9.16298
33 45 36 39 0.452024 6.39034 14.1372
33 45 37 40 0.330728 5.70439 17.248
33 45 38 41 0.330975 5.70864 17.248
33 45 39 42 0.451009 6.37599 14.1372
33 45 40 43 0.826413 7.5724 9.16298
33 45 41 44 2.25733 9.04437 4.00667
33 55 34 39 2.52664 9.35809 3.70377
33 55 35 40 0.87313 7.33801 8.40426
33 55 36 41 0.462695 6.39985 13.8317
33 55 37 42 0.285602 5.59882 19.6035
33 55 38 43 0.206051 5.19901 25.2317
33 55 39 44 0.160425 4.83832 30.1593
33 55 40 45 0.136216 4.60852 33.8325
33 55 41 46 0.125328 4.48646 35.7978
33 55 42 47 0.121172 4.3377 35.7978
33 55 43 48 0.131631 4.4534 33.8325
33 55 44 49 0.154562 4.66147 30.1593
33 55 45 50 0.189592 4.78373 25.2317
33 55 46 51 0.26507 5.19631 19.6035
33 55 47 52 0.42345 5.85703 13.8317
33 55 48 53 0.810918 6.81517 8.40426
33 55 49 54 2.33938 8.66453 3.70377
34 46 35 38 2.25347 9.02889 4.00667
34 46 36 39 0.832726 7.63025 9.16298
34 46 37 40 0.449921 6.36061 14.1372
34 46 38 41 0.338926 5.84578 17.248
34 46 39 42 0.339974 5.86385 17.248
34 46 40 43 0.444158 6.27913 14.1372
34 46 41 44 0.745315 6.82931 9.16298
34 46 42 45 2.20954 8.85288 4.00667
34 56 35 40 2.39643 8.87584 3.70377
34 56 36 41 0.901073 7.57285 8.40426
34 56 37 42 0.463281 6.40796 13.8317
34 56 38 43 0.295999 5.80263 19.6035
34 56 39 44 0.209235 5.27936 25.2317
34 56 40 45 0.162505 4.90103 30.1593
34 56 41 46 0.137616 4.6559 33.8325
34 56 42 47 0.122867 4.39837 35.7978
34 56 43 48 0.123063 4.40537 35.7978
34 56 44 49 0.133866 4.52902 33.8325
34 56 45 50 0.151485 4.56869 30.1593
34 56 46 51 0.19242 4.85509 25.2317
34 56 47 52 0.272377 5.33955 19.6035
34 56 48 53 0.432581 5.98332 13.8317
34 56 49 54 0.836926 7.03374 8.40426
34 56 50 55 2.31843 8.58695 3.70377
35 47 36 39 2.5388 10.1721 4.00667
35 47 37 40 0.844156 7.73498 9.16298
35 47 38 41 0.472844 6.68467 14.1372
35 47 39 42 0.357092 6.15912 17.248
35 47 40 43 0.349137 6.02189 17.248
35 47 41 44 0.434302 6.1398 14.1372
35 47 42 45 0.785019 7.19311 9.16298
35 47 43 46 2.48353 9.95067 4.00667
35 57 36 41 2.68966 9.96191 3.70377
35 57 37 42 0.91562 7.69511 8.40426
35 57 38 43 0.486103 6.72362 13.8317
35 57 39 44 0.304279 5.96495 19.6035
35 57 40 45 0.213482 5.38651 25.2317
35 57 41 46 0.165061 4.97812 30.1593
35 57 42 47 0.135307 4.57779 33.8325
35 57 43 48 0.124563 4.45908 35.7978
35 57 44 49 0.125446 4.49069 35.7978
35 57 45 50 0.131307 4.44245 33.8325
35 57 46 51 0.152946 4.61275 30.1593
35 57 47 52 0.196618 4.96101 25.2317
35 57 48 53 0.275278 5.39642 19.6035
35 57 49 54 0.438742 6.06854 13.8317
35 57 50 55 0.820708 6.89744 8.40426
35 57 51 56 2.28178 8.45118 3.70377
36 48 37 40 2.2449 8.99457 4.00667
36 48 38 41 0.822094 7.53283 9.16298
36 48 39 42 0.468232 6.61947 14.1372
36 48 40 43 0.347559 5.99468 17.248
36 48 41 44 0.326426 5.63018 17.248
36 48 42 45 0.41728 5.89916 14.1372
36 48 43 46 0.752689 6.89687 9.16298
36 48 44 47 2.10084 8.41736 4.00667
36 58 37 42 2.39322 8.86395 3.70377
36 58 38 43 0.891892 7.49569 8.40426
36 58 39 44 0.473587 6.55051 13.8317
36 58 40 45 0.296728 5.81692 19.6035
36 58 41 46 0.209271 5.28027 25.2317
36 58 42 47 0.157646 4.7545 30.1593
36 58 43 48 0.133868 4.52908 33.8325
36 58 44 49 0.125361 4.48765 35.7978
36 58 45 50 0.121863 4.36241 35.7978
36 58 46 51 0.131246 4.44039 33.8325
36 58 47 52 0.155406 4.68692 30.1593
36 58 48 53 0.197408 4.98094 25.2317
36 58 49 54 0.278085 5.45145 19.6035
36 58 50 55 0.434374 6.00812 13.8317
36 58 51 56 0.821715 6.90591 8.40426
36 58 52 57 2.33719 8.65641 3.70377
37 49 38 41 2.33269 9.34631 4.00667
37 49 39 42 0.844889 7.7417 9.16298
37 49 40 43 0.467796 6.61332 14.1372
37 49 41 44 0.338228 5.83374 17.248
37 49 42 45 0.323317 5.57656 17.248
37 49 43 46 0.42287 5.97818 14.1372
37 49 44 47 0.740111 6.78162 9.16298
37 49 45 48 2.26161 9.06151 4.00667
37 59 38 43 2.48022 9.18615 3.70377
37 59 39 44 0.903693 7.59487 8.40426
37 59 40 45 0.470943 6.51393 13.8317
37 59 41 46 0.294541 5.77405 19.6035
37 59 42 47 0.200912 5.06935 25.2317
37 59 43 48 0.155952 4.7034 30.1593
37 59 44 49 0.135246 4.57572 33.8325
37 59 45 50 0.121812 4.3606 35.7978
37 59 46 51 0.121339 4.34366 35.7978
37 59 47 52 0.132984 4.4992 33.8325
37 59 48 53 0.154859 4.67044 30.1593
37 59 49 54 0.197899 4.99332 25.2317
37 59 50 55 0.274376 5.37874 19.6035
37 59 51 56 0.430754 5.95806 13.8317
37 59 52 57 0.822807 6.91509 8.40426
37 59 53 58 2.41588 8.94789 3.70377
38 50 39 42 2.26845 9.08892 4.00667
38 50 40 43 0.812409 7.44408 9.16298
38 50 41 44 0.448745 6.34398 14.1372
38 50 42 45 0.327449 5.64783 17.248
38 50 43 46 0.325098 5.60727 17.248
38 50 44 47 0.427694 6.04637 14.1372
38 50 45 48 0.803655 7.36388 9.16298
38 50 46 49 2.40812 9.64853 4.00667
38 60 39 44 2.39581 8.87353 3.70377
38 60 40 45 0.865006 7.26974 8.40426
38 60 41 46 0.45531 6.2977 13.8317
38 60 42 47 0.275866 5.40794 19.6035
38 60 43 48 0.19453 4.90832 25.2317
38 60 44 49 0.155926 4.70262 30.1593
38 60 45 50 0.130216 4.40552 33.8325
38 60 46 51 0.120329 4.30752 35.7978
38 60 47 52 0.122723 4.39322 35.7978
38 60 48 53 0.132175 4.47183 33.8325
38 60 49 54 0.155591 4.69252 30.1593
38 60 50 55 0.196993 4.97047 25.2317
38 60 51 56 0.273932 5.37004 19.6035
38 60 52 57 0.432487 5.98203 13.8317
38 60 53 58 0.836075 7.0266 8.40426
38 60 54 59 2.3191 8.58941 3.70377
39 51 40 43 2.29015 9.17587 4.00667
39 51 41 44 0.809856 7.42069 9.16298
39 51 42 45 0.433646 6.13053 14.1372
39 51 43 46 0.322964 5.57048 17.248
39 51 44 47 0.323619 5.58177 17.248
39 51 45 48 0.438804 6.20345 14.1372
39 51 46 49 0.80036 7.33368 9.16298
39 51 47 50 2.16774 8.68543 4.00667
39 61 40 45 2.41368 8.93974 3.70377
39 61 41 46 0.869692 7.30912 8.40426
39 61 42 47 0.43576 6.02729 13.8317
39 61 43 48 0.270753 5.30771 19.6035
39 61 44 49 0.197602 4.98584 25.2317
39 61 45 50 0.151344 4.56442 30.1593
39 61 46 51 0.129024 4.3652 33.8325
39 61 47 52 0.122204 4.37465 35.7978
39 61 48 53 0.121701 4.35662 35.7978
39 61 49 54 0.132615 4.48671 33.8325
39 61 50 55 0.154945 4.67303 30.1593
39 61 51 56 0.19585 4.94162 25.2317
39 61 52 57 0.273584 5.36321 19.6035
39 61 53 58 0.436865 6.04258 13.8317
39 61 54 59 0.829829 6.9741 8.40426
39 61 55 60 2.24485 8.31442 3.70377
40 52 41 44 2.48934 9.97398 4.00667
40 52 42 45 0.797228 7.30498 9.16298
40 52 43 46 0.431447 6.09943 14.1372
40 52 44 47 0.328201 5.66079 17.248
40 52 45 48 0.328043 5.65807 17.248
40 52 46 49 0.433871 6.13371 14.1372
40 52 47 50 0.751306 6.8842 9.16298
40 52 48 51 2.27911 9.13165 4.00667
40 62 41 46 2.62552 9.72434 3.70377
40 62 42 47 0.852727 7.16654 8.40426
40 62 43 48 0.434426 6.00884 13.8317
40 62 44 49 0.280522 5.49922 19.6035
40 62 45 50 0.194006 4.89509 25.2317
40 62 46 51 0.151242 4.56136 30.1593
40 62 47 52 0.132696 4.48945 33.8325
40 62 48 53 0.122246 4.37615 35.7978
40 62 49 54 0.123788 4.43133 35.7978
40 62 50 55 0.134621 4.55456 33.8325
40 62 51 56 0.156981 4.73445 30.1593
40 62 52 57 0.200099 5.04884 25.2317
40 62 53 58 0.283819 5.56385 19.6035
40 62 54 59 0.453468 6.27222 13.8317
40 62 55 60 0.853131 7.16993 8.40426
40 62 56 61 2.42327 8.97522 3.70377
41 53 42 45 2.29875 9.21032 4.00667
41 53 43 46 0.773249 7.08527 9.16298
41 53 44 47 0.43874 6.20254 14.1372
41 53 45 48 0.324429 5.59573 17.248
41 53 46 49 0.318829 5.49915 17.248
41 53 47 50 0.408966 5.78162 14.1372
41 53 48 51 0.731926 6.70662 9.16298
41 53 49 52 2.23053 8.93698 4.00667
41 63 42 47 2.42551 8.98354 3.70377
41 63 43 48 0.828548 6.96333 8.40426
41 63 44 49 0.446004 6.16899 13.8317
41 63 45 50 0.27131 5.31864 19.6035
41 63 46 51 0.191114 4.82214 25.2317
41 63 47 52 0.154332 4.65455 30.1593
41 63 48 53 0.130944 4.43018 33.8325
41 63 49 54 0.122985 4.4026 35.7978
41 63 50 55 0.124385 4.45269 35.7978
41 63 51 56 0.134061 4.53561 33.8325
41 63 52 57 0.156848 4.73044 30.1593
41 63 53 58 0.201707 5.08942 25.2317
41 63 54 59 0.285245 5.59181 19.6035
41 63 55 60 0.447594 6.19098 13.8317
41 63 56 61 0.85247 7.16438 8.40426
41 63 57 62 2.23219 8.26753 3.70377
42 54 43 46 2.42892 9.73187 4.00667
42 54 44 47 0.842731 7.72192 9.16298
42 54 45 48 0.442453 6.25504 14.1372
42 54 46 49 0.32165 5.5478 17.248
42 54 47 50 0.31409 5.41741 17.248
42 54 48 51 0.404091 5.7127 14.1372
42 54 49 52 0.729472 6.68414 9.16298
42 54 50 53 2.10878 8.44918 4.00667
43 55 44 47 2.61629 10.4826 4.00667
43 55 45 48 0.822211 7.5339 9.16298
43 55 46 49 0.432636 6.11624 14.1372
43 55 47 50 0.324875 5.60344 17.248
43 55 48 51 0.313559 5.40825 17.248
43 55 49 52 0.418308 5.91369 14.1372
43 55 50 53 0.763469 6.99565 9.16298
43 55 51 54 2.22102 8.89887 4.00667
44 56 45 48 2.26373 9.07001 4.00667
44 56 46 49 0.742867 6.80687 9.16298
44 56 47 50 0.423555 5.98786 14.1372
44 56 48 51 0.309781 5.34309 17.248
44 56 49 52 0.316819 5.46448 17.248
44 56 50 53 0.433235 6.12471 14.1372
44 56 51 54 0.784835 7.19142 9.16298
44 56 52 55 2.18991 8.77424 4.00667
45 57 46 49 2.21603 8.8789 4.00667
45 57 47 50 0.783223 7.17666 9.16298
45 57 48 51 0.410117 5.7979 14.1372
45 57 49 52 0.316768 5.46361 17.248
45 57 50 53 0.329916 5.69038 17.248
45 57 51 54 0.438163 6.19438 14.1372
45 57 52 55 0.762915 6.99058 9.16298
45 57 53 56 2.14914 8.61089 4.00667
46 58 47 50 2.48368 9.95129 4.00667
46 58 48 51 0.747431 6.8487 9.16298
46 58 49 52 0.420744 5.94813 14.1372
46 58 50 53 0.332314 5.73174 17.248
46 58 51 54 0.332693 5.73828 17.248
46 58 52 55 0.429578 6.07301 14.1372
46 58 53 56 0.761154 6.97444 9.16298
46 58 54 57 2.20372 8.82956 4.00667
47 59 48 51 2.08791 8.36557 4.00667
47 59 49 52 0.734834 6.73326 9.16298
47 59 50 53 0.432107 6.10877 14.1372
47 59 51 54 0.327981 5.65701 17.248
47 59 52 55 0.322393 5.56062 17.248
47 59 53 56 0.421879 5.96418 14.1372
47 59 54 57 0.761412 6.9768 9.16298
47 59 55 58 2.28946 9.17312 4.00667
48 60 49 52 2.24952 9.01309 4.00667
48 60 50 53 0.808252 7.40599 9.16298
48 60 51 54 0.444278 6.28084 14.1372
48 60 52 55 0.327595 5.65035 17.248
48 60 53 56 0.320721 5.53179 17.248
48 60 54 57 0.424463 6.00071 14.1372
48 60 55 58 0.780448 7.15122 9.16298
48 60 56 59 2.19446 8.79248 4.00667
49 61 50 53 2.41657 9.68241 4.00667
49 61 51 54 0.809571 7.41808 9.16298
49 61 52 55 0.43662 6.17257 14.1372
49 61 53 56 0.319345 5.50805 17.248
49 61 54 57 0.318875 5.49994 17.248
49 61 55 58 0.433449 6.12774 14.1372
49 61 56 59 0.776161 7.11194 9.16298
49 61 57 60 2.11783 8.48543 4.00667
50 62 51 54 2.18284 8.74593 4.00667
50 62 52 55 0.756012 6.92732 9.16298
50 62 53 56 0.409695 5.79193 14.1372
50 62 54 57 0.313422 5.40589 17.248
50 62 55 58 0.329537 5.68384 17.248
50 62 56 59 0.44833 6.33811 14.1372
50 62 57 60 0.793614 7.27187 9.16298
50 62 58 61 2.28619 9.16002 4.00667
51 63 52 55 2.29318 9.18801 4.00667
51 63 53 56 0.736426 6.74785 9.16298
51 63 54 57 0.407096 5.75519 14.1372
51 63 55 58 0.323128 5.57331 17.248
51 63 56 59 0.334604 5.77123 17.248
51 63 57 60 0.441949 6.24791 14.1372
51 63 58 61 0.791053 7.2484 9.16298
51 63 59 62 2.09286 8.38539 4.00667
