64
# x y z
0.0 0.0 0.0
0.5 0.0 0.0
1.0 0.0 0.0
1.5 0.0 0.0
2.0 0.0 0.0
2.5 0.0 0.0
3.0 0.0 0.0
3.5 0.0 0.0
4.0 0.0 0.0
4.5 0.0 0.0
5.0 0.0 0.0
5.5 0.0 0.0
6.0 0.0 0.0
6.5 0.0 0.0
7.0 0.0 0.0
7.5 0.0 0.0
8.0 0.0 0.0
8.5 0.0 0.0
9.0 0.0 0.0
9.5 0.0 0.0
10.0 0.0 0.0
10.5 0.0 0.0
11.0 0.0 0.0
11.5 0.0 0.0
12.0 0.0 0.0
12.5 0.0 0.0
13.0 0.0 0.0
13.5 0.0 0.0
14.0 0.0 0.0
14.5 0.0 0.0
15.0 0.0 0.0
15.5 0.0 0.0
16.0 0.0 0.0
16.5 0.0 0.0
17.0 0.0 0.0
17.5 0.0 0.0
18.0 0.0 0.0
18.5 0.0 0.0
19.0 0.0 0.0
19.5 0.0 0.0
20.0 0.0 0.0
20.5 0.0 0.0
21.0 0.0 0.0
21.5 0.0 0.0
22.0 0.0 0.0
22.5 0.0 0.0
23.0 0.0 0.0
23.5 0.0 0.0
24.0 0.0 0.0
24.5 0.0 0.0
25.0 0.0 0.0
25.5 0.0 0.0
26.0 0.0 0.0
26.5 0.0 0.0
27.0 0.0 0.0
27.5 0.0 0.0
28.0 0.0 0.0
28.5 0.0 0.0
29.0 0.0 0.0
29.5 0.0 0.0
30.0 0.0 0.0
30.5 0.0 0.0
31.0 0.0 0.0
31.5 0.0 0.0
1392
# a b m n r rhoa k
1 13 2 5 0.98828 3.95971 4.00667
1 13 3 6 0.40467 3.70798 9.16298
1 13 4 7 0.280542 3.96607 14.1372
1 13 5 8 0.272169 4.69437 17.248
1 13 6 9 0.196992 3.39771 17.248
1 13 7 10 0.415061 5.86778 14.1372
1 13 8 11 0.642385 5.88616 9.16298
1 13 9 12 2.76478 11.0776 4.00667
1 23 2 7 1.08075 4.00286 3.70377
1 23 3 8 0.452198 3.80039 8.40426
1 23 4 9 0.283406 3.91999 13.8317
1 23 5 10 0.222339 4.35863 19.6035
1 23 6 11 0.156021 3.93668 25.2317
1 23 7 12 0.138984 4.19166 30.1593
1 23 8 13 0.102991 3.48445 33.8325
1 23 9 14 0.11933 4.27174 35.7978
1 23 10 15 0.0888215 3.17961 35.7978
1 23 11 16 0.121485 4.11013 33.8325
1 23 12 17 0.121601 3.66739 30.1593
1 23 13 18 0.176554 4.45476 25.2317
1 23 14 19 0.217491 4.26359 19.6035
1 23 15 20 0.321738 4.45018 13.8317
1 23 16 21 0.797058 6.69868 8.40426
1 23 17 22 1.69765 6.2877 3.70377
1 57 4 16 0.353256 4.07727 11.542
1 57 5 17 0.260193 4.22944 16.255
1 57 6 18 0.189478 4.04364 21.3409
1 57 7 19 0.154695 4.13864 26.7536
1 57 8 20 0.114339 3.70912 32.4396
1 57 9 21 0.112236 4.30292 38.3381
1 57 10 22 0.0859423 3.8142 44.381
1 57 11 23 0.080438 4.06158 50.4932
1 57 12 24 0.0698289 3.95186 56.5934
1 57 13 25 0.0648947 4.06207 62.5948
1 57 14 26 0.059155 4.04659 68.4065
1 57 15 27 0.0593478 4.38792 73.9358
1 57 16 28 0.0502563 3.97473 79.0892
1 57 17 29 0.0513001 4.29771 83.7758
1 57 18 30 0.0459163 4.03647 87.9092
1 57 19 31 0.0442243 4.04256 91.4105
1 57 20 32 0.0436488 4.11218 94.2106
1 57 21 33 0.0417609 4.01962 96.2531
1 57 22 34 0.0425249 4.146 97.4958
1 57 23 35 0.0444483 4.35207 97.913
1 57 24 36 0.0427447 4.16742 97.4958
1 57 25 37 0.0444464 4.2781 96.2531
1 57 26 38 0.0427813 4.03045 94.2106
1 57 27 39 0.0468652 4.28397 91.4105
1 57 28 40 0.0481255 4.23067 87.9092
1 57 29 41 0.047033 3.94023 83.7758
1 57 30 42 0.0502789 3.97652 79.0892
1 57 31 43 0.057822 4.27511 73.9358
1 57 32 44 0.0574323 3.92874 68.4065
1 57 33 45 0.0652083 4.08169 62.5948
1 57 34 46 0.0699714 3.95992 56.5934
1 57 35 47 0.0794096 4.00965 50.4932
1 57 36 48 0.0877976 3.89654 44.381
1 57 37 49 0.103073 3.95164 38.3381
1 57 38 50 0.114625 3.71839 32.4396
1 57 39 51 0.149124 3.9896 26.7536
1 57 40 52 0.180137 3.8443 21.3409
1 57 41 53 0.270121 4.39082 16.255
1 57 42 54 0.359429 4.14852 11.542
2 14 3 6 1.06513 4.26762 4.00667
2 14 4 7 0.488936 4.48011 9.16298
2 14 5 8 0.35343 4.9965 14.1372
2 14 6 9 0.209374 3.61127 17.248
2 14 7 10 0.273544 4.71807 17.248
2 14 8 11 0.27062 3.82581 14.1372
2 14 9 12 0.554241 5.0785 9.16298
2 14 10 13 0.872132 3.49435 4.00667
2 24 3 8 1.17454 4.35024 3.70377
2 24 4 9 0.536529 4.50913 8.40426
2 24 5 10 0.35072 4.85105 13.8317
2 24 6 11 0.217609 4.2659 19.6035
2 24 7 12 0.177868 4.4879 25.2317
2 24 8 13 0.118242 3.56609 30.1593
2 24 9 14 0.131172 4.4379 33.8325
2 24 10 15 0.0915264 3.27644 35.7978
2 24 11 16 0.114586 4.10193 35.7978
2 24 12 17 0.107053 3.62187 33.8325
2 24 13 18 0.14189 4.27931 30.1593
2 24 14 19 0.159631 4.02777 25.2317
2 24 15 20 0.216118 4.23668 19.6035
2 24 16 21 0.366113 5.06396 13.8317
2 24 17 22 0.551583 4.63565 8.40426
2 24 18 23 2.24489 8.31457 3.70377
2 58 5 17 0.405067 4.67526 11.542
2 58 6 18 0.265915 4.32244 16.255
2 58 7 19 0.20616 4.39965 21.3409
2 58 8 20 0.142066 3.80077 26.7536
2 58 9 21 0.137469 4.45944 32.4396
2 58 10 22 0.101597 3.89505 38.3381
2 58 11 23 0.0935868 4.15348 44.381
2 58 12 24 0.0793591 4.0071 50.4932
2 58 13 25 0.0728051 4.12029 56.5934
2 58 14 26 0.0651578 4.07854 62.5948
2 58 15 27 0.0649254 4.44132 68.4065
2 58 16 28 0.0538039 3.97803 73.9358
2 58 17 29 0.0543215 4.29624 79.0892
2 58 18 30 0.048251 4.04227 83.7758
2 58 19 31 0.0461174 4.05415 87.9092
2 58 20 32 0.0449982 4.11331 91.4105
2 58 21 33 0.0426491 4.018 94.2106
2 58 22 34 0.0430088 4.13972 96.2531
2 58 23 35 0.0442101 4.3103 97.4958
2 58 24 36 0.0426315 4.17418 97.913
2 58 25 37 0.0437988 4.2702 97.4958
2 58 26 38 0.0417208 4.01575 96.2531
2 58 27 39 0.0452496 4.263 94.2106
2 58 28 40 0.0463611 4.23789 91.4105
2 58 29 41 0.0449762 3.95383 87.9092
2 58 30 42 0.047306 3.9631 83.7758
2 58 31 43 0.0536499 4.24312 79.0892
2 58 32 44 0.0528518 3.90764 73.9358
2 58 33 45 0.0590218 4.03748 68.4065
2 58 34 46 0.0627785 3.9296 62.5948
2 58 35 47 0.0696417 3.94126 56.5934
2 58 36 48 0.075743 3.82451 50.4932
2 58 37 49 0.0869119 3.85723 44.381
2 58 38 50 0.0950596 3.6444 38.3381
2 58 39 51 0.118312 3.83798 32.4396
2 58 40 52 0.138232 3.69822 26.7536
2 58 41 53 0.191792 4.09302 21.3409
2 58 42 54 0.237173 3.85524 16.255
2 58 43 55 0.337244 3.89245 11.542
3 15 4 7 2.40176 9.62307 4.00667
3 15 5 8 0.862289 7.90114 9.16298
3 15 6 9 0.369866 5.22885 14.1372
3 15 7 10 0.341505 5.89027 17.248
3 15 8 11 0.264579 4.56344 17.248
3 15 9 12 0.473143 6.6889 14.1372
3 15 10 13 0.609967 5.58911 9.16298
3 15 11 14 2.5211 10.1012 4.00667
3 25 4 9 2.52238 9.34234 3.70377
3 25 5 10 0.888247 7.46506 8.40426
3 25 6 11 0.405709 5.61163 13.8317
3 25 7 12 0.274839 5.38781 19.6035
3 25 8 13 0.152753 3.85421 25.2317
3 25 9 14 0.160953 4.85423 30.1593
3 25 10 15 0.10428 3.52804 33.8325
3 25 11 16 0.119984 4.29518 35.7978
3 25 12 17 0.105129 3.76339 35.7978
3 25 13 18 0.130031 4.39927 33.8325
3 25 14 19 0.137487 4.14652 30.1593
3 25 15 20 0.177016 4.4664 25.2317
3 25 16 21 0.252424 4.94841 19.6035
3 25 17 22 0.336403 4.65301 13.8317
3 25 18 23 0.853109 7.16975 8.40426
3 25 19 24 2.61275 9.67704 3.70377
3 59 6 18 0.472129 5.44929 11.542
3 59 7 19 0.317495 5.16089 16.255
3 59 8 20 0.188875 4.03076 21.3409
3 59 9 21 0.178682 4.78039 26.7536
3 59 10 22 0.124944 4.05313 32.4396
3 59 11 23 0.112192 4.30123 38.3381
3 59 12 24 0.0922636 4.09475 44.381
3 59 13 25 0.0835286 4.21763 50.4932
3 59 14 26 0.073128 4.13856 56.5934
3 59 15 27 0.0723246 4.52714 62.5948
3 59 16 28 0.0588966 4.02891 68.4065
3 59 17 29 0.0591941 4.37656 73.9358
3 59 18 30 0.051728 4.09113 79.0892
3 59 19 31 0.0488146 4.08949 83.7758
3 59 20 32 0.0471317 4.14331 87.9092
3 59 21 33 0.0441356 4.03446 91.4105
3 59 22 34 0.0441962 4.16375 94.2106
3 59 23 35 0.0447543 4.30774 96.2531
3 59 24 36 0.0429225 4.18477 97.4958
3 59 25 37 0.0436678 4.27565 97.913
3 59 26 38 0.0413326 4.02975 97.4958
3 59 27 39 0.0443612 4.2699 96.2531
3 59 28 40 0.045165 4.25502 94.2106
3 59 29 41 0.0432498 3.95348 91.4105
3 59 30 42 0.0452723 3.97985 87.9092
3 59 31 43 0.0509507 4.26844 83.7758
3 59 32 44 0.0498306 3.94106 79.0892
3 59 33 45 0.0551988 4.08116 73.9358
3 59 34 46 0.058127 3.97626 68.4065
3 59 35 47 0.0632719 3.96049 62.5948
3 59 36 48 0.0680961 3.85379 56.5934
3 59 37 49 0.076907 3.88328 50.4932
3 59 38 50 0.0831392 3.6898 44.381
3 59 39 51 0.100368 3.84792 38.3381
3 59 40 52 0.114811 3.72443 32.4396
3 59 41 53 0.151961 4.06551 26.7536
3 59 42 54 0.180293 3.84763 21.3409
3 59 43 55 0.236633 3.84647 16.255
3 59 44 56 0.278464 3.21402 11.542
4 16 5 8 2.29885 9.21071 4.00667
4 16 6 9 0.671527 6.15319 9.16298
4 16 7 10 0.423296 5.98421 14.1372
4 16 8 11 0.216431 3.73299 17.248
4 16 9 12 0.299788 5.17074 17.248
4 16 10 13 0.267676 3.78417 14.1372
4 16 11 14 0.476268 4.36404 9.16298
4 16 12 15 0.591446 2.36973 4.00667
4 26 5 10 2.3744 8.79425 3.70377
4 26 6 11 0.752868 6.3273 8.40426
4 26 7 12 0.421692 5.8327 13.8317
4 26 8 13 0.192524 3.77415 19.6035
4 26 9 14 0.193747 4.88857 25.2317
4 26 10 15 0.116227 3.50532 30.1593
4 26 11 16 0.123259 4.17018 33.8325
4 26 12 17 0.100555 3.59965 35.7978
4 26 13 18 0.114065 4.08326 35.7978
4 26 14 19 0.110736 3.74647 33.8325
4 26 15 20 0.13368 4.0317 30.1593
4 26 16 21 0.154763 3.90493 25.2317
4 26 17 22 0.180615 3.54069 19.6035
4 26 18 23 0.293556 4.06038 13.8317
4 26 19 24 0.472103 3.96768 8.40426
4 26 20 25 0.788174 2.91922 3.70377
4 60 7 19 0.480305 5.54366 11.542
4 60 8 20 0.242713 3.9453 16.255
4 60 9 21 0.224858 4.79867 21.3409
4 60 10 22 0.149473 3.99895 26.7536
4 60 11 23 0.131309 4.2596 32.4396
4 60 12 24 0.105233 4.03443 38.3381
4 60 13 25 0.0941586 4.17885 44.381
4 60 14 26 0.0807232 4.07598 50.4932
4 60 15 27 0.0794012 4.49358 56.5934
4 60 16 28 0.0636459 3.9839 62.5948
4 60 17 29 0.0634634 4.34131 68.4065
4 60 18 30 0.0548278 4.05373 73.9358
4 60 19 31 0.0513481 4.06108 79.0892
4 60 20 32 0.049105 4.11381 83.7758
4 60 21 33 0.0456668 4.01453 87.9092
4 60 22 34 0.0455236 4.16133 91.4105
4 60 23 35 0.045509 4.28743 94.2106
4 60 24 36 0.0433609 4.17362 96.2531
4 60 25 37 0.0439607 4.28598 97.4958
4 60 26 38 0.0411959 4.03362 97.913
4 60 27 39 0.0438755 4.27767 97.4958
4 60 28 40 0.0443784 4.27156 96.2531
4 60 29 41 0.0421942 3.97514 94.2106
4 60 30 42 0.0438933 4.01231 91.4105
4 60 31 43 0.0490195 4.30926 87.9092
4 60 32 44 0.0476623 3.99295 83.7758
4 60 33 45 0.0523739 4.14221 79.0892
4 60 34 46 0.0547121 4.04518 73.9358
4 60 35 47 0.0586814 4.01419 68.4065
4 60 36 48 0.0627119 3.92543 62.5948
4 60 37 49 0.0700017 3.96163 56.5934
4 60 38 50 0.0750141 3.7877 50.4932
4 60 39 51 0.0886642 3.93501 44.381
4 60 40 52 0.0999989 3.83377 38.3381
4 60 41 53 0.12859 4.17141 32.4396
4 60 42 54 0.148976 3.98563 26.7536
4 60 43 55 0.187368 3.99861 21.3409
4 60 44 56 0.213807 3.47544 16.255
4 60 45 57 0.415616 4.79702 11.542
5 17 6 9 1.86784 7.48382 4.00667
5 17 7 10 0.743791 6.81534 9.16298
5 17 8 11 0.259778 3.67252 14.1372
5 17 9 12 0.318416 5.49202 17.248
5 17 10 13 0.239984 4.13923 17.248
5 17 11 14 0.367352 5.19332 14.1372
5 17 12 15 0.386086 3.5377 9.16298
5 17 13 16 3.72623 14.9298 4.00667
5 27 6 11 1.99662 7.39502 3.70377
5 27 7 12 0.770175 6.47275 8.40426
5 27 8 13 0.262114 3.62548 13.8317
5 27 9 14 0.251046 4.92139 19.6035
5 27 10 15 0.138923 3.50525 25.2317
5 27 11 16 0.138364 4.17295 30.1593
5 27 12 17 0.106664 3.60872 33.8325
5 27 13 18 0.113522 4.06382 35.7978
5 27 14 19 0.106909 3.82711 35.7978
5 27 15 20 0.125412 4.24301 33.8325
5 27 16 21 0.134734 4.06349 30.1593
5 27 17 22 0.151467 3.82176 25.2317
5 27 18 23 0.223045 4.37248 19.6035
5 27 19 24 0.326584 4.51721 13.8317
5 27 20 25 0.473061 3.97573 8.40426
5 27 21 26 1.85108 6.85599 3.70377
5 61 8 20 0.325031 3.7515 11.542
5 61 9 21 0.292261 4.75071 16.255
5 61 10 22 0.181486 3.87309 21.3409
5 61 11 23 0.155423 4.15812 26.7536
5 61 12 24 0.120848 3.92026 32.4396
5 61 13 25 0.106438 4.08064 38.3381
5 61 14 26 0.0893423 3.9651 44.381
5 61 15 27 0.0873213 4.40914 50.4932
5 61 16 28 0.0685588 3.87998 56.5934
5 61 17 29 0.0675577 4.22876 62.5948
5 61 18 30 0.0578362 3.95637 68.4065
5 61 19 31 0.0538443 3.98102 73.9358
5 61 20 32 0.0509855 4.0324 79.0892
5 61 21 33 0.0469512 3.93338 83.7758
5 61 22 34 0.0465184 4.08939 87.9092
5 61 23 35 0.0458638 4.19244 91.4105
5 61 24 36 0.0434535 4.09378 94.2106
5 61 25 37 0.0437992 4.21581 96.2531
5 61 26 38 0.0406748 3.96562 97.4958
5 61 27 39 0.0428762 4.19814 97.913
5 61 28 40 0.0432485 4.21655 97.4958
5 61 29 41 0.0407138 3.91883 96.2531
5 61 30 42 0.0419425 3.95143 94.2106
5 61 31 43 0.0462349 4.22636 91.4105
5 61 32 44 0.0445522 3.91655 87.9092
5 61 33 45 0.0481296 4.0321 83.7758
5 61 34 46 0.0500285 3.95671 79.0892
5 61 35 47 0.0527361 3.89908 73.9358
5 61 36 48 0.0557283 3.81218 68.4065
5 61 37 49 0.0611796 3.82952 62.5948
5 61 38 50 0.0648176 3.66825 56.5934
5 61 39 51 0.0744558 3.75952 50.4932
5 61 40 52 0.0824296 3.65831 44.381
5 61 41 53 0.102068 3.91311 38.3381
5 61 42 54 0.114681 3.72021 32.4396
5 61 43 55 0.136685 3.65682 26.7536
5 61 44 56 0.150622 3.21441 21.3409
5 61 45 57 0.229841 3.73607 16.255
5 61 46 58 0.366171 4.22633 11.542
6 18 7 10 2.56467 10.2758 4.00667
6 18 8 11 0.40385 3.70047 9.16298
6 18 9 12 0.404135 5.71333 14.1372
6 18 10 13 0.220311 3.79991 17.248
6 18 11 14 0.255154 4.40089 17.248
6 18 12 15 0.20571 2.90815 14.1372
6 18 13 16 0.728461 6.67487 9.16298
6 18 14 17 1.72079 6.89465 4.00667
6 28 7 12 2.64874 9.81035 3.70377
6 28 8 13 0.455595 3.82894 8.40426
6 28 9 14 0.399899 5.53127 13.8317
6 28 10 15 0.191802 3.75999 19.6035
6 28 11 16 0.175088 4.41776 25.2317
6 28 12 17 0.124469 3.75389 30.1593
6 28 13 18 0.12809 4.33362 33.8325
6 28 14 19 0.111041 3.97501 35.7978
6 28 15 20 0.12635 4.52303 35.7978
6 28 16 21 0.125575 4.24852 33.8325
6 28 17 22 0.136224 4.10843 30.1593
6 28 18 23 0.184514 4.65559 25.2317
6 28 19 24 0.251816 4.93649 19.6035
6 28 20 25 0.335696 4.64324 13.8317
6 28 21 26 0.845047 7.10199 8.40426
6 28 22 27 2.85347 10.5686 3.70377
6 62 9 21 0.456566 5.26967 11.542
6 62 10 22 0.248582 4.0407 16.255
6 62 11 23 0.20327 4.33797 21.3409
6 62 12 24 0.150215 4.0188 26.7536
6 62 13 25 0.129297 4.19435 32.4396
6 62 14 26 0.104908 4.02198 38.3381
6 62 15 27 0.101646 4.51114 44.381
6 62 16 28 0.0781529 3.94619 50.4932
6 62 17 29 0.0759538 4.29848 56.5934
6 62 18 30 0.0637171 3.98836 62.5948
6 62 19 31 0.0588068 4.02277 68.4065
6 62 20 32 0.0550467 4.06992 73.9358
6 62 21 33 0.0502201 3.97187 79.0892
6 62 22 34 0.0495415 4.15038 83.7758
6 62 23 35 0.0483336 4.24897 87.9092
6 62 24 36 0.0453084 4.14167 91.4105
6 62 25 37 0.0452876 4.26658 94.2106
6 62 26 38 0.0417271 4.01636 96.2531
6 62 27 39 0.0436716 4.2578 97.4958
6 62 28 40 0.043689 4.27772 97.913
6 62 29 41 0.0407657 3.97449 97.4958
6 62 30 42 0.0419547 4.03827 96.2531
6 62 31 43 0.0459258 4.32669 94.2106
6 62 32 44 0.0440793 4.02931 91.4105
6 62 33 45 0.0473622 4.16358 87.9092
6 62 34 46 0.0487807 4.08664 83.7758
6 62 35 47 0.0508171 4.01908 79.0892
6 62 36 48 0.0536704 3.96816 73.9358
6 62 37 49 0.0584724 3.99989 68.4065
6 62 38 50 0.0615761 3.85434 62.5948
6 62 39 51 0.0699491 3.95866 56.5934
6 62 40 52 0.0767655 3.87614 50.4932
6 62 41 53 0.0938821 4.16658 44.381
6 62 42 54 0.104318 3.99936 38.3381
6 62 43 55 0.122153 3.96259 32.4396
6 62 44 56 0.133355 3.56772 26.7536
6 62 45 57 0.193497 4.1294 21.3409
6 62 46 58 0.286921 4.66391 16.255
6 62 47 59 0.41582 4.79937 11.542
7 19 8 11 0.729032 2.92099 4.00667
7 19 9 12 0.603152 5.52667 9.16298
7 19 10 13 0.254465 3.59741 14.1372
7 19 11 14 0.251304 4.33447 17.248
7 19 12 15 0.175364 3.02467 17.248
7 19 13 16 0.421237 5.9551 14.1372
7 19 14 17 0.681917 6.24839 9.16298
7 19 15 18 3.13515 12.5615 4.00667
7 29 8 13 0.816409 3.02379 3.70377
7 29 9 14 0.628482 5.28193 8.40426
7 29 10 15 0.252856 3.49743 13.8317
7 29 11 16 0.212648 4.16865 19.6035
7 29 12 17 0.14225 3.58921 25.2317
7 29 13 18 0.135691 4.09234 30.1593
7 29 14 19 0.109345 3.69943 33.8325
7 29 15 20 0.119857 4.2906 35.7978
7 29 16 21 0.107301 3.84115 35.7978
7 29 17 22 0.110375 3.73425 33.8325
7 29 18 23 0.130516 3.93626 30.1593
7 29 19 24 0.160803 4.05733 25.2317
7 29 20 25 0.191139 3.747 19.6035
7 29 21 26 0.336897 4.65984 13.8317
7 29 22 27 0.647146 5.43878 8.40426
7 29 23 28 1.40167 5.19147 3.70377
7 63 10 22 0.324118 3.74095 11.542
7 63 11 23 0.253371 4.11854 16.255
7 63 12 24 0.17875 3.8147 21.3409
7 63 13 25 0.150759 4.03335 26.7536
7 63 14 26 0.11877 3.85286 32.4396
7 63 15 27 0.114161 4.3767 38.3381
7 63 16 28 0.0860255 3.8179 44.381
7 63 17 29 0.0827474 4.17818 50.4932
7 63 18 30 0.0683913 3.8705 56.5934
7 63 19 31 0.062673 3.923 62.5948
7 63 20 32 0.0579871 3.96669 68.4065
7 63 21 33 0.0525084 3.88225 73.9358
7 63 22 34 0.0516314 4.08349 79.0892
7 63 23 35 0.0499141 4.18159 83.7758
7 63 24 36 0.046377 4.07696 87.9092
7 63 25 37 0.0459178 4.19737 91.4105
7 63 26 38 0.0420134 3.95811 94.2106
7 63 27 39 0.0436355 4.20005 96.2531
7 63 28 40 0.0434041 4.23171 97.4958
7 63 29 41 0.0401999 3.93609 97.913
7 63 30 42 0.0411359 4.01058 97.4958
7 63 31 43 0.044611 4.29395 96.2531
7 63 32 44 0.0425582 4.00943 94.2106
7 63 33 45 0.0452662 4.13781 91.4105
7 63 34 46 0.0461869 4.06025 87.9092
7 63 35 47 0.0473401 3.96595 83.7758
7 63 36 48 0.0498295 3.94097 79.0892
7 63 37 49 0.0537295 3.97253 73.9358
7 63 38 50 0.0561751 3.84274 68.4065
7 63 39 51 0.062764 3.9287 62.5948
7 63 40 52 0.0681677 3.85784 56.5934
7 63 41 53 0.0817117 4.12589 50.4932
7 63 42 54 0.0894444 3.96963 44.381
7 63 43 55 0.102114 3.91487 38.3381
7 63 44 56 0.110029 3.5693 32.4396
7 63 45 57 0.150609 4.02934 26.7536
7 63 46 58 0.207179 4.4214 21.3409
7 63 47 59 0.275397 4.47657 16.255
7 63 48 60 0.387754 4.47544 11.542
8 20 9 12 2.73206 10.9465 4.00667
8 20 10 13 0.46252 4.23806 9.16298
8 20 11 14 0.344667 4.87262 14.1372
8 20 12 15 0.189336 3.26566 17.248
8 20 13 16 0.28081 4.8434 17.248
8 20 14 17 0.296123 4.18634 14.1372
8 20 15 18 0.675516 6.18974 9.16298
8 20 16 19 1.34588 5.3925 4.00667
8 30 9 14 2.81645 10.4315 3.70377
8 30 10 15 0.502943 4.22686 8.40426
8 30 11 16 0.351485 4.86163 13.8317
8 30 12 17 0.203472 3.98877 19.6035
8 30 13 18 0.17783 4.48696 25.2317
8 30 14 19 0.130704 3.94195 30.1593
8 30 15 20 0.138055 4.67076 33.8325
8 30 16 21 0.112823 4.03881 35.7978
8 30 17 22 0.111857 4.00423 35.7978
8 30 18 23 0.121611 4.1144 33.8325
8 30 19 24 0.141819 4.27716 30.1593
8 30 20 25 0.1594 4.02192 25.2317
8 30 21 26 0.247115 4.84432 19.6035
8 30 22 27 0.397887 5.50344 13.8317
8 30 23 28 0.648213 5.44775 8.40426
8 30 24 29 3.46588 12.8368 3.70377
8 64 11 23 0.409848 4.73045 11.542
8 64 12 24 0.255518 4.15345 16.255
8 64 13 25 0.205013 4.37517 21.3409
8 64 14 26 0.151655 4.05731 26.7536
8 64 15 27 0.143655 4.66011 32.4396
8 64 16 28 0.103726 3.97667 38.3381
8 64 17 29 0.0978989 4.34485 44.381
8 64 18 30 0.0789495 3.98642 50.4932
8 64 19 31 0.0713252 4.03654 56.5934
8 64 20 32 0.0648578 4.05976 62.5948
8 64 21 33 0.0578611 3.95808 68.4065
8 64 22 34 0.0565122 4.17827 73.9358
8 64 23 35 0.0536581 4.24377 79.0892
8 64 24 36 0.0491383 4.1166 83.7758
8 64 25 37 0.0483651 4.25174 87.9092
8 64 26 38 0.043696 3.99428 91.4105
8 64 27 39 0.0448936 4.22945 94.2106
8 64 28 40 0.0443957 4.27322 96.2531
8 64 29 41 0.0406233 3.9606 97.4958
8 64 30 42 0.0413335 4.04709 97.913
8 64 31 43 0.0443107 4.32011 97.4958
8 64 32 44 0.0419345 4.03632 96.2531
8 64 33 45 0.0442594 4.16971 94.2106
8 64 34 46 0.0446742 4.08369 91.4105
8 64 35 47 0.045095 3.96426 87.9092
8 64 36 48 0.0473341 3.96545 83.7758
8 64 37 49 0.0504726 3.99184 79.0892
8 64 38 50 0.0524033 3.87447 73.9358
8 64 39 51 0.0576207 3.94163 68.4065
8 64 40 52 0.0618536 3.87171 62.5948
8 64 41 53 0.0730159 4.13222 56.5934
8 64 42 54 0.0788087 3.97931 50.4932
8 64 43 55 0.088064 3.90837 44.381
8 64 44 56 0.0939552 3.60206 38.3381
8 64 45 57 0.122813 3.984 32.4396
8 64 46 58 0.16038 4.29076 26.7536
8 64 47 59 0.201141 4.29254 21.3409
8 64 48 60 0.26177 4.25507 16.255
8 64 49 61 0.410462 4.73753 11.542
9 21 10 13 0.674008 2.70053 4.00667
9 21 11 14 0.40816 3.73996 9.16298
9 21 12 15 0.195298 2.76095 14.1372
9 21 13 16 0.234867 4.05098 17.248
9 21 14 17 0.201932 3.48292 17.248
9 21 15 18 0.360894 5.10201 14.1372
9 21 16 19 0.45371 4.15734 9.16298
9 21 17 20 0.954611 3.82481 4.00667
9 31 10 15 0.736097 2.72634 3.70377
9 31 11 16 0.437369 3.67576 8.40426
9 31 12 17 0.231086 3.19631 13.8317
9 31 13 18 0.193366 3.79065 19.6035
9 31 14 19 0.135994 3.43136 25.2317
9 31 15 20 0.141157 4.2572 30.1593
9 31 16 21 0.110389 3.73473 33.8325
9 31 17 22 0.107017 3.83097 35.7978
9 31 18 23 0.11038 3.95137 35.7978
9 31 19 24 0.123793 4.18823 33.8325
9 31 20 25 0.13344 4.02444 30.1593
9 31 21 26 0.188924 4.76688 25.2317
9 31 22 27 0.271662 5.32554 19.6035
9 31 23 28 0.377378 5.21977 13.8317
9 31 24 29 1.18369 9.94801 8.40426
9 31 25 30 2.90287 10.7516 3.70377
10 22 11 14 2.71398 10.874 4.00667
10 22 12 15 0.590579 5.41147 9.16298
10 22 13 16 0.421321 5.95629 14.1372
10 22 14 17 0.242126 4.17618 17.248
10 22 15 18 0.35602 6.14062 17.248
10 22 16 19 0.35693 5.04598 14.1372
10 22 17 20 0.601557 5.51205 9.16298
10 22 18 21 3.67375 14.7195 4.00667
10 32 11 16 2.80457 10.3875 3.70377
10 32 12 17 0.67972 5.71254 8.40426
10 32 13 18 0.415769 5.75079 13.8317
10 32 14 19 0.216222 4.23871 19.6035
10 32 15 20 0.208209 5.25347 25.2317
10 32 16 21 0.137261 4.13969 30.1593
10 32 17 22 0.125096 4.23232 33.8325
10 32 18 23 0.112061 4.01154 35.7978
10 32 19 24 0.115328 4.1285 35.7978
10 32 20 25 0.114382 3.86983 33.8325
10 32 21 26 0.141113 4.25585 30.1593
10 32 22 27 0.176909 4.46371 25.2317
10 32 23 28 0.203455 3.98845 19.6035
10 32 24 29 0.396647 5.48629 13.8317
10 32 25 30 0.575895 4.83997 8.40426
10 32 26 31 1.04082 3.85494 3.70377
11 23 12 15 1.40157 5.61564 4.00667
11 23 13 16 0.678753 6.2194 9.16298
11 23 14 17 0.267325 3.77921 14.1372
11 23 15 18 0.32321 5.57471 17.248
11 23 16 19 0.240004 4.13957 17.248
11 23 17 20 0.317592 4.48985 14.1372
11 23 18 21 0.746755 6.8425 9.16298
11 23 19 22 1.59879 6.40582 4.00667
11 33 12 17 1.54378 5.7178 3.70377
11 33 13 18 0.715409 6.01249 8.40426
11 33 14 19 0.289725 4.00738 13.8317
11 33 15 20 0.266492 5.22418 19.6035
11 33 16 21 0.158932 4.01012 25.2317
11 33 17 22 0.139902 4.21935 30.1593
11 33 18 23 0.115922 3.92193 33.8325
11 33 19 24 0.114151 4.08635 35.7978
11 33 20 25 0.108026 3.86708 35.7978
11 33 21 26 0.124653 4.21732 33.8325
11 33 22 27 0.148371 4.47475 30.1593
11 33 23 28 0.160251 4.0434 25.2317
11 33 24 29 0.273613 5.36378 19.6035
11 33 25 30 0.363253 5.02439 13.8317
11 33 26 31 0.520602 4.37527 8.40426
11 33 27 32 1.44262 5.34312 3.70377
12 24 13 16 2.68171 10.7447 4.00667
12 24 14 17 0.471696 4.32214 9.16298
12 24 15 18 0.46012 6.5048 14.1372
12 24 16 19 0.244519 4.21746 17.248
12 24 17 20 0.268046 4.62325 17.248
12 24 18 21 0.360061 5.09024 14.1372
12 24 19 22 0.505482 4.63172 9.16298
12 24 20 23 2.16287 8.6659 4.00667
12 34 13 18 2.7783 10.2902 3.70377
12 34 14 19 0.546033 4.58901 8.40426
12 34 15 20 0.453766 6.27634 13.8317
12 34 16 21 0.223515 4.38168 19.6035
12 34 17 22 0.186236 4.69904 25.2317
12 34 18 23 0.136421 4.11435 30.1593
12 34 19 24 0.12541 4.24294 33.8325
12 34 20 25 0.111141 3.97861 35.7978
12 34 21 26 0.118599 4.24558 35.7978
12 34 22 27 0.133793 4.52655 33.8325
12 34 23 28 0.134762 4.06431 30.1593
12 34 24 29 0.206574 5.21222 25.2317
12 34 25 30 0.256162 5.02169 19.6035
12 34 26 31 0.328303 4.54098 13.8317
12 34 27 32 0.665419 5.59235 8.40426
12 34 28 33 2.49796 9.25189 3.70377
13 25 14 17 0.860332 3.44707 4.00667
13 25 15 18 0.684309 6.27031 9.16298
13 25 16 19 0.280706 3.96839 14.1372
13 25 17 20 0.273134 4.71101 17.248
13 25 18 21 0.274009 4.7261 17.248
13 25 19 22 0.317475 4.48819 14.1372
13 25 20 23 0.81015 7.42339 9.16298
13 25 21 24 2.47876 9.93156 4.00667
13 35 14 19 0.974503 3.60934 3.70377
13 35 15 20 0.705673 5.93066 8.40426
13 35 16 21 0.286782 3.96667 13.8317
13 35 17 22 0.227678 4.4633 19.6035
13 35 18 23 0.150597 3.79982 25.2317
13 35 19 24 0.129626 3.90942 30.1593
13 35 20 25 0.106843 3.61478 33.8325
13 35 21 26 0.103919 3.72007 35.7978
13 35 22 27 0.109451 3.91811 35.7978
13 35 23 28 0.100089 3.38625 33.8325
13 35 24 29 0.130735 3.94289 30.1593
13 35 25 30 0.146574 3.69832 25.2317
13 35 26 31 0.161145 3.15901 19.6035
13 35 27 32 0.246206 3.40544 13.8317
13 35 28 33 0.427062 3.58914 8.40426
13 35 29 34 0.916605 3.3949 3.70377
14 26 15 18 2.57793 10.3289 4.00667
14 26 16 19 0.453492 4.15534 9.16298
14 26 17 20 0.366024 5.17454 14.1372
14 26 18 21 0.238267 4.10961 17.248
14 26 19 22 0.210349 3.62809 17.248
14 26 20 23 0.297767 4.20958 14.1372
14 26 21 24 0.425876 3.90229 9.16298
14 26 22 25 0.727135 2.91339 4.00667
14 36 15 20 2.66019 9.85273 3.70377
14 36 16 21 0.510582 4.29107 8.40426
14 36 17 22 0.370077 5.11879 13.8317
14 36 18 23 0.208154 4.08056 19.6035
14 36 19 24 0.16588 4.18543 25.2317
14 36 20 25 0.126544 3.81648 30.1593
14 36 21 26 0.114589 3.87685 33.8325
14 36 22 27 0.116081 4.15543 35.7978
14 36 23 28 0.100627 3.60221 35.7978
14 36 24 29 0.122884 4.15746 33.8325
14 36 25 30 0.132821 4.00577 30.1593
14 36 26 31 0.138487 3.49427 25.2317
14 36 27 32 0.196276 3.84771 19.6035
14 36 28 33 0.303843 4.20266 13.8317
14 36 29 34 0.507522 4.26534 8.40426
14 36 30 35 4.31465 15.9805 3.70377
15 27 16 19 0.647279 2.59343 4.00667
15 27 17 20 0.456394 4.18193 9.16298
15 27 18 21 0.249365 3.52532 14.1372
15 27 19 22 0.200613 3.46017 17.248
15 27 20 23 0.241497 4.16533 17.248
15 27 21 24 0.299631 4.23594 14.1372
15 27 22 25 0.436734 4.00178 9.16298
15 27 23 26 1.74887 7.00715 4.00667
15 37 16 21 0.724403 2.68302 3.70377
15 37 17 22 0.475606 3.99712 8.40426
15 37 18 23 0.239012 3.30594 13.8317
15 37 19 24 0.181536 3.55875 19.6035
15 37 20 25 0.132045 3.33172 25.2317
15 37 21 26 0.114095 3.44102 30.1593
15 37 22 27 0.112367 3.80165 33.8325
15 37 23 28 0.0930361 3.33048 35.7978
15 37 24 29 0.106426 3.80981 35.7978
15 37 25 30 0.110491 3.7382 33.8325
15 37 26 31 0.108143 3.26153 30.1593
15 37 27 32 0.140331 3.54079 25.2317
15 37 28 33 0.189531 3.71548 19.6035
15 37 29 34 0.249228 3.44724 13.8317
15 37 30 35 0.893632 7.51032 8.40426
15 37 31 36 1.87298 6.93708 3.70377
16 28 17 20 3.67517 14.7252 4.00667
16 28 18 21 0.716763 6.56769 9.16298
16 28 19 22 0.396026 5.59869 14.1372
16 28 20 23 0.285369 4.92204 17.248
16 28 21 24 0.275305 4.74845 17.248
16 28 22 25 0.344477 4.86993 14.1372
16 28 23 26 0.789545 7.23459 9.16298
16 28 24 27 2.72229 10.9073 4.00667
16 38 17 22 3.76472 13.9437 3.70377
16 38 18 23 0.751057 6.31207 8.40426
16 38 19 24 0.420656 5.81838 13.8317
16 38 20 25 0.225194 4.41459 19.6035
16 38 21 26 0.164727 4.15634 25.2317
16 38 22 27 0.150522 4.53962 30.1593
16 38 23 28 0.111809 3.78277 33.8325
16 38 24 29 0.115044 4.11833 35.7978
16 38 25 30 0.112855 4.03994 35.7978
16 38 26 31 0.102391 3.46414 33.8325
16 38 27 32 0.124023 3.74046 30.1593
16 38 28 33 0.153409 3.87078 25.2317
16 38 29 34 0.177989 3.48921 19.6035
16 38 30 35 0.437731 6.05456 13.8317
16 38 31 36 0.641655 5.39263 8.40426
16 38 32 37 1.46414 5.42286 3.70377
17 29 18 21 1.69936 6.80876 4.00667
17 29 19 22 0.665304 6.09617 9.16298
17 29 20 23 0.309279 4.37233 14.1372
17 29 21 24 0.228519 3.94149 17.248
17 29 22 25 0.24018 4.14261 17.248
17 29 23 26 0.330932 4.67843 14.1372
17 29 24 27 0.591739 5.42209 9.16298
17 29 25 28 1.32505 5.30902 4.00667
17 39 18 23 1.76993 6.55543 3.70377
17 39 19 24 0.729396 6.13004 8.40426
17 39 20 25 0.302999 4.19098 13.8317
17 39 21 26 0.197962 3.88076 19.6035
17 39 22 27 0.17254 4.35348 25.2317
17 39 23 28 0.119463 3.60291 30.1593
17 39 24 29 0.113774 3.84925 33.8325
17 39 25 30 0.106528 3.81346 35.7978
17 39 26 31 0.0903935 3.23589 35.7978
17 39 27 32 0.102938 3.48265 33.8325
17 39 28 33 0.117963 3.55767 30.1593
17 39 29 34 0.123353 3.1124 25.2317
17 39 30 35 0.240243 4.70961 19.6035
17 39 31 36 0.299326 4.14018 13.8317
17 39 32 37 0.46881 3.94 8.40426
17 39 33 38 0.865126 3.20423 3.70377
18 30 19 22 3.01584 12.0835 4.00667
18 30 20 23 0.617823 5.6611 9.16298
18 30 21 24 0.325312 4.59899 14.1372
18 30 22 25 0.292845 5.05099 17.248
18 30 23 26 0.289625 4.99544 17.248
18 30 24 27 0.380755 5.38279 14.1372
18 30 25 28 0.616933 5.65295 9.16298
18 30 26 29 3.34786 13.4138 4.00667
18 40 19 24 3.16138 11.709 3.70377
18 40 20 25 0.655143 5.50599 8.40426
18 40 21 26 0.333714 4.61582 13.8317
18 40 22 27 0.267742 5.24868 19.6035
18 40 23 28 0.164021 4.13854 25.2317
18 40 24 29 0.139182 4.19763 30.1593
18 40 25 30 0.123125 4.16565 33.8325
18 40 26 31 0.0966124 3.45851 35.7978
18 40 27 32 0.104474 3.73993 35.7978
18 40 28 33 0.113755 3.84861 33.8325
18 40 29 34 0.111058 3.34942 30.1593
18 40 30 35 0.193517 4.88276 25.2317
18 40 31 36 0.226922 4.44847 19.6035
18 40 32 37 0.317262 4.38826 13.8317
18 40 33 38 0.458357 3.85215 8.40426
18 40 34 39 2.6612 9.85648 3.70377
19 31 20 23 1.36639 5.47468 4.00667
19 31 21 24 0.472128 4.3261 9.16298
19 31 22 25 0.37384 5.28504 14.1372
19 31 23 26 0.283057 4.88216 17.248
19 31 24 27 0.290842 5.01644 17.248
19 31 25 28 0.378376 5.34916 14.1372
19 31 26 29 1.11291 10.1976 9.16298
19 31 27 30 2.75575 11.0414 4.00667
19 41 20 25 1.44676 5.35845 3.70377
19 41 21 26 0.514733 4.32595 8.40426
19 41 22 27 0.382449 5.28992 13.8317
19 41 23 28 0.210917 4.13472 19.6035
19 41 24 29 0.164309 4.1458 25.2317
19 41 25 30 0.138667 4.1821 30.1593
19 41 26 31 0.102191 3.45737 33.8325
19 41 27 32 0.10612 3.79885 35.7978
19 41 28 33 0.111147 3.97882 35.7978
19 41 29 34 0.102541 3.46923 33.8325
19 41 30 35 0.164524 4.96192 30.1593
19 41 31 36 0.184984 4.66746 25.2317
19 41 32 37 0.241054 4.72552 19.6035
19 41 33 38 0.317702 4.39435 13.8317
19 41 34 39 1.11393 9.36173 8.40426
19 41 35 40 2.66552 9.8725 3.70377
20 32 21 24 0.946882 3.79384 4.00667
20 32 22 25 0.596133 5.46235 9.16298
20 32 23 26 0.3218 4.54934 14.1372
20 32 24 27 0.244017 4.20879 17.248
20 32 25 28 0.242121 4.1761 17.248
20 32 26 29 0.373176 5.27565 14.1372
20 32 27 30 0.515677 4.72513 9.16298
20 32 28 31 0.969111 3.88291 4.00667
20 42 21 26 1.03978 3.85111 3.70377
20 42 22 27 0.648395 5.44928 8.40426
20 42 23 28 0.301288 4.16731 13.8317
20 42 24 29 0.208289 4.08319 19.6035
20 42 25 30 0.166253 4.19484 25.2317
20 42 26 31 0.112825 3.40271 30.1593
20 42 27 32 0.111864 3.78464 33.8325
20 42 28 33 0.1118 4.00219 35.7978
20 42 29 34 0.0968467 3.4669 35.7978
20 42 30 35 0.142376 4.81693 33.8325
20 42 31 36 0.152941 4.61261 30.1593
20 42 32 37 0.185522 4.68103 25.2317
20 42 33 38 0.227148 4.45291 19.6035
20 42 34 39 0.567705 7.85231 13.8317
20 42 35 40 0.936445 7.87013 8.40426
20 42 36 41 2.32881 8.62538 3.70377
21 33 22 25 3.70497 14.8446 4.00667
21 33 23 26 0.776977 7.11942 9.16298
21 33 24 27 0.366344 5.17907 14.1372
21 33 25 28 0.280424 4.83674 17.248
21 33 26 29 0.291993 5.03628 17.248
21 33 27 30 0.345445 4.88361 14.1372
21 33 28 31 0.493156 4.51878 9.16298
21 33 29 32 1.29688 5.19619 4.00667
21 43 22 27 3.83398 14.2002 3.70377
21 43 23 28 0.788501 6.62677 8.40426
21 43 24 29 0.369594 5.1121 13.8317
21 43 25 30 0.251519 4.93067 19.6035
21 43 26 31 0.142011 3.58318 25.2317
21 43 27 32 0.130012 3.92108 30.1593
21 43 28 33 0.1211 4.09713 33.8325
21 43 29 34 0.0939943 3.36479 35.7978
21 43 30 35 0.120937 4.32929 35.7978
21 43 31 36 0.121067 4.09601 33.8325
21 43 32 37 0.13072 3.94243 30.1593
21 43 33 38 0.143828 3.62903 25.2317
21 43 34 39 0.233176 4.57108 19.6035
21 43 35 40 0.275126 3.80545 13.8317
21 43 36 41 0.410651 3.45121 8.40426
21 43 37 42 1.01769 3.76931 3.70377
22 34 23 26 1.65377 6.62609 4.00667
22 34 24 27 0.524606 4.80696 9.16298
22 34 25 28 0.332204 4.69643 14.1372
22 34 26 29 0.253457 4.37161 17.248
22 34 27 30 0.265796 4.58444 17.248
22 34 28 31 0.328781 4.64804 14.1372
22 34 29 32 0.576337 5.28096 9.16298
22 34 30 33 2.3409 9.37922 4.00667
22 44 23 28 1.69182 6.26612 3.70377
22 44 24 29 0.558505 4.69382 8.40426
22 44 25 30 0.337899 4.67371 13.8317
22 44 26 31 0.168558 3.30433 19.6035
22 44 27 32 0.148405 3.74451 25.2317
22 44 28 33 0.134011 4.04167 30.1593
22 44 29 34 0.0994916 3.36605 33.8325
22 44 30 35 0.122097 4.37078 35.7978
22 44 31 36 0.119273 4.26972 35.7978
22 44 32 37 0.124017 4.1958 33.8325
22 44 33 38 0.132713 4.00254 30.1593
22 44 34 39 0.199234 5.02701 25.2317
22 44 35 40 0.220021 4.3132 19.6035
22 44 36 41 0.301602 4.17167 13.8317
22 44 37 42 0.542649 4.56056 8.40426
22 44 38 43 2.38534 8.83474 3.70377
23 35 24 27 2.13874 8.56923 4.00667
23 35 25 28 0.774037 7.09249 9.16298
23 35 26 29 0.284951 4.0284 14.1372
23 35 27 30 0.2355 4.0619 17.248
23 35 28 31 0.22763 3.92615 17.248
23 35 29 32 0.233558 3.30184 14.1372
23 35 30 33 0.392128 3.59306 9.16298
23 35 31 34 0.898085 3.59833 4.00667
23 45 24 29 2.24898 8.3297 3.70377
23 45 25 30 0.847445 7.12215 8.40426
23 45 26 31 0.277524 3.83862 13.8317
23 45 27 32 0.219945 4.31169 19.6035
23 45 28 33 0.183393 4.62732 25.2317
23 45 29 34 0.119234 3.59602 30.1593
23 45 30 35 0.133099 4.50306 33.8325
23 45 31 36 0.122512 4.38566 35.7978
23 45 32 37 0.116481 4.16975 35.7978
23 45 33 38 0.117493 3.9751 33.8325
23 45 34 39 0.15585 4.70033 30.1593
23 45 35 40 0.154383 3.89534 25.2317
23 45 36 41 0.192957 3.78264 19.6035
23 45 37 42 0.276564 3.82534 13.8317
23 45 38 43 0.649178 5.45586 8.40426
23 45 39 44 1.17126 4.33809 3.70377
24 36 25 28 2.4543 9.83358 4.00667
24 36 26 29 0.429037 3.93126 9.16298
24 36 27 30 0.30815 4.35636 14.1372
24 36 28 31 0.262432 4.52642 17.248
24 36 29 32 0.215339 3.71416 17.248
24 36 30 33 0.297355 4.20375 14.1372
24 36 31 34 0.500792 4.58875 9.16298
24 36 32 35 4.23922 16.9852 4.00667
24 46 25 30 2.58081 9.55872 3.70377
24 46 26 31 0.449232 3.77546 8.40426
24 46 27 32 0.320569 4.434 13.8317
24 46 28 33 0.248511 4.87169 19.6035
24 46 29 34 0.147665 3.72585 25.2317
24 46 30 35 0.151484 4.56864 30.1593
24 46 31 36 0.133449 4.51492 33.8325
24 46 32 37 0.118793 4.25254 35.7978
24 46 33 38 0.115023 4.11756 35.7978
24 46 34 39 0.141343 4.78199 33.8325
24 46 35 40 0.130272 3.92892 30.1593
24 46 36 41 0.154798 3.90581 25.2317
24 46 37 42 0.201064 3.94157 19.6035
24 46 38 43 0.388474 5.37325 13.8317
24 46 39 44 0.521017 4.37877 8.40426
24 46 40 45 2.90372 10.7547 3.70377
25 37 26 29 0.707659 2.83536 4.00667
25 37 27 30 0.423497 3.8805 9.16298
25 37 28 31 0.3154 4.45886 14.1372
25 37 29 32 0.200872 3.46463 17.248
25 37 30 33 0.218514 3.76893 17.248
25 37 31 34 0.269425 3.8089 14.1372
25 37 32 35 0.869261 7.96502 9.16298
25 37 33 36 1.79852 7.20607 4.00667
25 47 26 31 0.761709 2.8212 3.70377
25 47 27 32 0.468597 3.93821 8.40426
25 47 28 33 0.335196 4.63632 13.8317
25 47 29 34 0.178964 3.50832 19.6035
25 47 30 35 0.170354 4.29831 25.2317
25 47 31 36 0.143173 4.318 30.1593
25 47 32 37 0.118346 4.00393 33.8325
25 47 33 38 0.109392 3.91599 35.7978
25 47 34 39 0.123209 4.41059 35.7978
25 47 35 40 0.103693 3.50819 33.8325
25 47 36 41 0.115887 3.49507 30.1593
25 47 37 42 0.134807 3.40141 25.2317
25 47 38 43 0.215916 4.23271 19.6035
25 47 39 44 0.236584 3.27235 13.8317
25 47 40 45 0.551481 4.63479 8.40426
25 47 41 46 1.24145 4.59805 3.70377
26 38 27 30 1.72651 6.91757 4.00667
26 38 28 31 0.76925 7.04862 9.16298
26 38 29 32 0.307641 4.34917 14.1372
26 38 30 33 0.257776 4.44611 17.248
26 38 31 34 0.248134 4.27981 17.248
26 38 32 35 0.451265 6.37962 14.1372
26 38 33 36 0.612967 5.6166 9.16298
26 38 34 37 1.40566 5.632 4.00667
26 48 27 32 1.84425 6.8307 3.70377
26 48 28 33 0.83911 7.0521 8.40426
26 48 29 34 0.319968 4.42569 13.8317
26 48 30 35 0.259074 5.07876 19.6035
26 48 31 36 0.198667 5.0127 25.2317
26 48 32 37 0.145829 4.39811 30.1593
26 48 33 38 0.127276 4.30608 33.8325
26 48 34 39 0.132371 4.7386 35.7978
26 48 35 40 0.102658 3.67494 35.7978
26 48 36 41 0.11019 3.728 33.8325
26 48 37 42 0.120462 3.63303 30.1593
26 48 38 43 0.178642 4.50744 25.2317
26 48 39 44 0.183165 3.59067 19.6035
26 48 40 45 0.348702 4.82313 13.8317
26 48 41 46 0.593226 4.98563 8.40426
26 48 42 47 3.06241 11.3425 3.70377
27 39 28 31 2.66282 10.669 4.00667
27 39 29 32 0.568774 5.21166 9.16298
27 39 30 33 0.358246 5.06459 14.1372
27 39 31 34 0.268336 4.62824 17.248
27 39 32 35 0.297132 5.12493 17.248
27 39 33 36 0.314621 4.44785 14.1372
27 39 34 37 0.462451 4.23743 9.16298
27 39 35 38 0.724993 2.90481 4.00667
27 49 28 33 2.80222 10.3788 3.70377
27 49 29 34 0.61464 5.1656 8.40426
27 49 30 35 0.403809 5.58535 13.8317
27 49 31 36 0.27495 5.39 19.6035
27 49 32 37 0.17529 4.42286 25.2317
27 49 33 38 0.144539 4.35918 30.1593
27 49 34 39 0.139191 4.70919 33.8325
27 49 35 40 0.0986068 3.5299 35.7978
27 49 36 41 0.101259 3.62483 35.7978
27 49 37 42 0.102999 3.48473 33.8325
27 49 38 43 0.139571 4.20936 30.1593
27 49 39 44 0.132389 3.34039 25.2317
27 49 40 45 0.205105 4.02079 19.6035
27 49 41 46 0.281089 3.88793 13.8317
27 49 42 47 0.657927 5.52939 8.40426
27 49 43 48 1.50476 5.57331 3.70377
28 40 29 32 1.30229 5.21786 4.00667
28 40 30 33 0.593503 5.43825 9.16298
28 40 31 34 0.361236 5.10685 14.1372
28 40 32 35 0.28811 4.96931 17.248
28 40 33 36 0.270292 4.66199 17.248
28 40 34 37 0.336566 4.75809 14.1372
28 40 35 38 0.364654 3.34132 9.16298
28 40 36 39 2.55125 10.222 4.00667
28 50 29 34 1.36148 5.04261 3.70377
28 50 30 35 0.667667 5.61125 8.40426
28 50 31 36 0.394956 5.46291 13.8317
28 50 32 37 0.216032 4.23499 19.6035
28 50 33 38 0.16998 4.28887 25.2317
28 50 34 39 0.154336 4.65468 30.1593
28 50 35 40 0.10219 3.45734 33.8325
28 50 36 41 0.101605 3.63725 35.7978
28 50 37 42 0.098685 3.5327 35.7978
28 50 38 43 0.127274 4.306 33.8325
28 50 39 44 0.115935 3.49652 30.1593
28 50 40 45 0.165665 4.18001 25.2317
28 50 41 46 0.21024 4.12144 19.6035
28 50 42 47 0.386834 5.35056 13.8317
28 50 43 48 0.592302 4.97786 8.40426
28 50 44 49 1.73252 6.41687 3.70377
29 51 30 35 3.48004 12.8893 3.70377
29 51 31 36 1.18661 9.97256 8.40426
29 51 32 37 0.398655 5.51406 13.8317
29 51 33 38 0.274296 5.37717 19.6035
29 51 34 39 0.217799 5.49544 25.2317
29 51 35 40 0.123154 3.71425 30.1593
29 51 36 41 0.114868 3.88628 33.8325
29 51 37 42 0.101355 3.62829 35.7978
29 51 38 43 0.119055 4.26191 35.7978
29 51 39 44 0.1011 3.42046 33.8325
29 51 40 45 0.130311 3.9301 30.1593
29 51 41 46 0.152273 3.8421 25.2317
29 51 42 47 0.234255 4.59223 19.6035
29 51 43 48 0.292001 4.03887 13.8317
29 51 44 49 0.542332 4.5579 8.40426
29 51 45 50 1.01955 3.77619 3.70377
30 42 31 34 2.76135 11.0638 4.00667
30 42 32 35 0.576708 5.28437 9.16298
30 42 33 36 0.379362 5.3631 14.1372
30 42 34 37 0.323674 5.58271 17.248
30 42 35 38 0.211106 3.64114 17.248
30 42 36 39 0.541289 7.6523 14.1372
30 42 37 40 0.89041 8.1588 9.16298
30 42 38 41 2.231 8.93887 4.00667
30 52 31 36 2.9032 10.7528 3.70377
30 52 32 37 0.580548 4.87908 8.40426
30 52 33 38 0.366173 5.06478 13.8317
30 52 34 39 0.270145 5.29579 19.6035
30 52 35 40 0.139007 3.50738 25.2317
30 52 36 41 0.12554 3.78618 30.1593
30 52 37 42 0.105216 3.55972 33.8325
30 52 38 43 0.117579 4.20906 35.7978
30 52 39 44 0.0960511 3.43842 35.7978
30 52 40 45 0.11767 3.98109 33.8325
30 52 41 46 0.132212 3.98741 30.1593
30 52 42 47 0.186925 4.71644 25.2317
30 52 43 48 0.213936 4.19391 19.6035
30 52 44 49 0.349618 4.83581 13.8317
30 52 45 50 0.513299 4.3139 8.40426
30 52 46 51 2.9983 11.105 3.70377
31 43 32 35 1.02434 4.10419 4.00667
31 43 33 36 0.512497 4.696 9.16298
31 43 34 37 0.356667 5.04226 14.1372
31 43 35 38 0.170149 2.93472 17.248
31 43 36 39 0.250485 4.32035 17.248
31 43 37 40 0.272844 3.85725 14.1372
31 43 38 41 0.383112 3.51045 9.16298
31 43 39 42 0.902508 3.61605 4.00667
31 53 32 37 1.07189 3.97003 3.70377
31 53 33 38 0.543626 4.56878 8.40426
31 53 34 39 0.359489 4.97233 13.8317
31 53 35 40 0.163801 3.21108 19.6035
31 53 36 41 0.141344 3.56635 25.2317
31 53 37 42 0.110697 3.33855 30.1593
31 53 38 43 0.115785 3.91731 33.8325
31 53 39 44 0.089648 3.2092 35.7978
31 53 40 45 0.102392 3.6654 35.7978
31 53 41 46 0.108836 3.68219 33.8325
31 53 42 47 0.138179 4.16737 30.1593
31 53 43 48 0.141678 3.57479 25.2317
31 53 44 49 0.202758 3.97477 19.6035
31 53 45 50 0.243875 3.37319 13.8317
31 53 46 51 0.601408 5.05439 8.40426
31 53 47 52 1.37352 5.0872 3.70377
32 44 33 36 1.39496 5.58915 4.00667
32 44 34 37 0.672246 6.15978 9.16298
32 44 35 38 0.228249 3.2268 14.1372
32 44 36 39 0.268455 4.6303 17.248
32 44 37 40 0.246435 4.25049 17.248
32 44 38 41 0.297422 4.2047 14.1372
32 44 39 42 0.46251 4.23797 9.16298
32 44 40 43 2.27017 9.09581 4.00667
32 54 33 38 1.46972 5.44352 3.70377
32 54 34 39 0.702634 5.90512 8.40426
32 54 35 40 0.243437 3.36715 13.8317
32 54 36 41 0.194237 3.80773 19.6035
32 54 37 42 0.137374 3.46618 25.2317
32 54 38 43 0.132885 4.00771 30.1593
32 54 39 44 0.097211 3.28889 33.8325
32 54 40 45 0.10486 3.75375 35.7978
32 54 41 46 0.106934 3.82798 35.7978
32 54 42 47 0.127203 4.3036 33.8325
32 54 43 48 0.122338 3.68961 30.1593
32 54 44 49 0.165452 4.17464 25.2317
32 54 45 50 0.184978 3.62622 19.6035
32 54 46 51 0.358635 4.96053 13.8317
32 54 47 52 0.594337 4.99497 8.40426
32 54 48 53 2.60513 9.64882 3.70377
33 45 34 37 2.44377 9.79139 4.00667
33 45 35 38 0.369962 3.38996 9.16298
33 45 36 39 0.323746 4.57685 14.1372
33 45 37 40 0.226782 3.91153 17.248
33 45 38 41 0.221956 3.82829 17.248
33 45 39 42 0.240425 3.39893 14.1372
33 45 40 43 0.594867 5.45075 9.16298
33 45 41 44 1.11293 4.45914 4.00667
33 55 34 39 2.51325 9.30852 3.70377
33 55 35 40 0.419152 3.52266 8.40426
33 55 36 41 0.296563 4.10197 13.8317
33 55 37 42 0.180731 3.54297 19.6035
33 55 38 43 0.157493 3.97382 25.2317
33 55 39 44 0.107122 3.23074 30.1593
33 55 40 45 0.108439 3.66878 33.8325
33 55 41 46 0.105482 3.77601 35.7978
33 55 42 47 0.116488 4.16999 35.7978
33 55 43 48 0.103746 3.50998 33.8325
33 55 44 49 0.131658 3.97071 30.1593
33 55 45 50 0.136213 3.43687 25.2317
33 55 46 51 0.211661 4.14931 19.6035
33 55 47 52 0.271554 3.75605 13.8317
33 55 48 53 0.606812 5.09981 8.40426
33 55 49 54 1.3213 4.89381 3.70377
34 46 35 38 0.866804 3.473 4.00667
34 46 36 39 0.525849 4.81834 9.16298
34 46 37 40 0.271517 3.83848 14.1372
34 46 38 41 0.221658 3.82315 17.248
34 46 39 42 0.192744 3.32444 17.248
34 46 40 43 0.366345 5.17907 14.1372
34 46 41 44 0.494846 4.53426 9.16298
34 46 42 45 2.8269 11.3265 4.00667
34 56 35 40 0.951795 3.52523 3.70377
34 56 36 41 0.526857 4.42785 8.40426
34 56 37 42 0.257245 3.55812 13.8317
34 56 38 43 0.200308 3.92674 19.6035
34 56 39 44 0.127172 3.20876 25.2317
34 56 40 45 0.122413 3.69188 30.1593
34 56 41 46 0.114923 3.88814 33.8325
34 56 42 47 0.120847 4.32606 35.7978
34 56 43 48 0.102467 3.66808 35.7978
34 56 44 49 0.126267 4.27192 33.8325
34 56 45 50 0.126316 3.80959 30.1593
34 56 46 51 0.184467 4.65441 25.2317
34 56 47 52 0.221921 4.35043 19.6035
34 56 48 53 0.427232 5.90934 13.8317
34 56 49 54 0.714716 6.00666 8.40426
34 56 50 55 2.37689 8.80347 3.70377
35 47 36 39 4.20362 16.8425 4.00667
35 47 37 40 0.815472 7.47215 9.16298
35 47 38 41 0.389337 5.50412 14.1372
35 47 39 42 0.21357 3.68365 17.248
35 47 40 43 0.269443 4.64734 17.248
35 47 41 44 0.270406 3.82278 14.1372
35 47 42 45 0.548093 5.02217 9.16298
35 47 43 46 1.13515 4.54818 4.00667
35 57 36 41 4.277 15.841 3.70377
35 57 37 42 0.860663 7.23323 8.40426
35 57 38 43 0.432901 5.98774 13.8317
35 57 39 44 0.217522 4.26419 19.6035
35 57 40 45 0.181119 4.56994 25.2317
35 57 41 46 0.153666 4.63446 30.1593
35 57 42 47 0.141791 4.79714 33.8325
35 57 43 48 0.1046 3.74446 35.7978
35 57 44 49 0.119366 4.27303 35.7978
35 57 45 50 0.109221 3.69523 33.8325
35 57 46 51 0.139772 4.21544 30.1593
35 57 47 52 0.147981 3.73382 25.2317
35 57 48 53 0.230902 4.5265 19.6035
35 57 49 54 0.30102 4.16361 13.8317
35 57 50 55 0.531508 4.46693 8.40426
35 57 51 56 0.788453 2.92025 3.70377
36 48 37 40 1.76465 7.07036 4.00667
36 48 38 41 0.567431 5.19936 9.16298
36 48 39 42 0.248655 3.51527 14.1372
36 48 40 43 0.267221 4.60902 17.248
36 48 41 44 0.241984 4.17374 17.248
36 48 42 45 0.368351 5.20744 14.1372
36 48 43 46 0.521912 4.78226 9.16298
36 48 44 47 2.98839 11.9735 4.00667
36 58 37 42 1.8391 6.81162 3.70377
36 58 38 43 0.638673 5.36758 8.40426
36 58 39 44 0.275869 3.81573 13.8317
36 58 40 45 0.214774 4.21032 19.6035
36 58 41 46 0.174399 4.40039 25.2317
36 58 42 47 0.151663 4.57404 30.1593
36 58 43 48 0.104504 3.53563 33.8325
36 58 44 49 0.11454 4.10027 35.7978
36 58 45 50 0.0998556 3.57461 35.7978
36 58 46 51 0.119175 4.03201 33.8325
36 58 47 52 0.117361 3.53954 30.1593
36 58 48 53 0.165472 4.17514 25.2317
36 58 49 54 0.194921 3.82114 19.6035
36 58 50 55 0.292017 4.03908 13.8317
36 58 51 56 0.347259 2.91846 8.40426
36 58 52 57 1.78371 6.60646 3.70377
37 49 38 41 1.33421 5.34575 4.00667
37 49 39 42 0.37464 3.43282 9.16298
37 49 40 43 0.316503 4.47446 14.1372
37 49 41 44 0.248522 4.28649 17.248
37 49 42 45 0.269659 4.65106 17.248
37 49 43 46 0.25183 3.56016 14.1372
37 49 44 47 0.633829 5.80776 9.16298
37 49 45 48 1.42716 5.71814 4.00667
37 59 38 43 1.46416 5.4229 3.70377
37 59 39 44 0.443721 3.72914 8.40426
37 59 40 45 0.306843 4.24415 13.8317
37 59 41 46 0.232769 4.5631 19.6035
37 59 42 47 0.187798 4.73847 25.2317
37 59 43 48 0.117496 3.54359 30.1593
37 59 44 49 0.12311 4.16512 33.8325
37 59 45 50 0.101647 3.63874 35.7978
37 59 46 51 0.113697 4.07011 35.7978
37 59 47 52 0.104921 3.54974 33.8325
37 59 48 53 0.137094 4.13465 30.1593
37 59 49 54 0.150281 3.79185 25.2317
37 59 50 55 0.204799 4.01479 19.6035
37 59 51 56 0.219853 3.04093 13.8317
37 59 52 57 0.615857 5.17582 8.40426
37 59 53 58 2.50899 9.29272 3.70377
38 50 39 42 0.733834 2.94023 4.00667
38 50 40 43 0.439279 4.0251 9.16298
38 50 41 44 0.30561 4.32047 14.1372
38 50 42 45 0.274386 4.7326 17.248
38 50 43 46 0.20438 3.52513 17.248
38 50 44 47 0.386832 5.46871 14.1372
38 50 45 48 0.54921 5.0324 9.16298
38 50 46 49 1.64019 6.5717 4.00667
38 60 39 44 0.84277 3.12143 3.70377
38 60 40 45 0.452008 3.79879 8.40426
38 60 41 46 0.313315 4.33368 13.8317
38 60 42 47 0.233032 4.56824 19.6035
38 60 43 48 0.132922 3.35384 25.2317
38 60 44 49 0.134176 4.04664 30.1593
38 60 45 50 0.105961 3.58492 33.8325
38 60 46 51 0.112766 4.03676 35.7978
38 60 47 52 0.0989832 3.54338 35.7978
38 60 48 53 0.122753 4.15304 33.8325
38 60 49 54 0.128068 3.86243 30.1593
38 60 50 55 0.165099 4.16573 25.2317
38 60 51 56 0.167333 3.28032 19.6035
38 60 52 57 0.362089 5.0083 13.8317
38 60 53 58 0.916953 7.70631 8.40426
38 60 54 59 2.71335 10.0496 3.70377
39 51 40 43 2.5498 10.2162 4.00667
39 51 41 44 1.02549 9.39654 9.16298
39 51 42 45 0.54479 7.70178 14.1372
39 51 43 46 0.217612 3.75337 17.248
39 51 44 47 0.296026 5.10584 17.248
39 51 45 48 0.299438 4.2332 14.1372
39 51 46 49 0.514511 4.71446 9.16298
39 51 47 50 0.911051 3.65028 4.00667
39 61 40 45 2.6282 9.73424 3.70377
39 61 41 46 1.08894 9.1517 8.40426
39 61 42 47 0.558387 7.72343 13.8317
39 61 43 48 0.207913 4.07583 19.6035
39 61 44 49 0.18907 4.77056 25.2317
39 61 45 50 0.133646 4.03067 30.1593
39 61 46 51 0.128095 4.33377 33.8325
39 61 47 52 0.101613 3.63752 35.7978
39 61 48 53 0.115138 4.12168 35.7978
39 61 49 54 0.110347 3.73333 33.8325
39 61 50 55 0.130629 3.93969 30.1593
39 61 51 56 0.121858 3.07469 25.2317
39 61 52 57 0.196366 3.84946 19.6035
39 61 53 58 0.30959 4.28215 13.8317
39 61 54 59 0.516544 4.34117 8.40426
39 61 55 60 1.08833 4.03093 3.70377
40 52 41 44 2.57824 10.3302 4.00667
40 52 42 45 0.917906 8.41075 9.16298
40 52 43 46 0.257728 3.64355 14.1372
40 52 44 47 0.295066 5.08928 17.248
40 52 45 48 0.250778 4.32541 17.248
40 52 46 49 0.351001 4.96215 14.1372
40 52 47 50 0.447325 4.09883 9.16298
40 52 48 51 2.89732 11.6086 4.00667
40 62 41 46 2.68229 9.93459 3.70377
40 62 42 47 0.962651 8.09037 8.40426
40 62 43 48 0.276015 3.81775 13.8317
40 62 44 49 0.236374 4.63377 19.6035
40 62 45 50 0.157286 3.96859 25.2317
40 62 46 51 0.143077 4.3151 30.1593
40 62 47 52 0.107872 3.64959 33.8325
40 62 48 53 0.117379 4.20191 35.7978
40 62 49 54 0.108216 3.87389 35.7978
40 62 50 55 0.123862 4.19057 33.8325
40 62 51 56 0.111941 3.37607 30.1593
40 62 52 57 0.168135 4.24234 25.2317
40 62 53 58 0.240191 4.70859 19.6035
40 62 54 59 0.361844 5.00491 13.8317
40 62 55 60 0.598871 5.03307 8.40426
40 62 56 61 2.04666 7.58038 3.70377
41 53 42 45 2.24623 8.99992 4.00667
41 53 43 46 0.353273 3.23703 9.16298
41 53 44 47 0.324143 4.58247 14.1372
41 53 45 48 0.219906 3.79293 17.248
41 53 46 49 0.241585 4.16685 17.248
41 53 47 50 0.221984 3.13823 14.1372
41 53 48 51 0.562571 5.15483 9.16298
41 53 49 52 1.29711 5.19709 4.00667
41 63 42 47 2.33357 8.64301 3.70377
41 63 43 48 0.406748 3.41842 8.40426
41 63 44 49 0.315231 4.36018 13.8317
41 63 45 50 0.192131 3.76644 19.6035
41 63 46 51 0.163902 4.13551 25.2317
41 63 47 52 0.115412 3.48075 30.1593
41 63 48 53 0.119313 4.03666 33.8325
41 63 49 54 0.104469 3.73977 35.7978
41 63 50 55 0.114245 4.08971 35.7978
41 63 51 56 0.0988105 3.34301 33.8325
41 63 52 57 0.135959 4.10042 30.1593
41 63 53 58 0.173263 4.37172 25.2317
41 63 54 59 0.23583 4.62311 19.6035
41 63 55 60 0.328813 4.54804 13.8317
41 63 56 61 0.670405 5.63426 8.40426
41 63 57 62 1.46266 5.41735 3.70377
42 54 43 46 0.91161 3.65252 4.00667
42 54 44 47 0.539488 4.94332 9.16298
42 54 45 48 0.27765 3.92519 14.1372
42 54 46 49 0.25281 4.36046 17.248
42 54 47 50 0.190798 3.29088 17.248
42 54 48 51 0.348543 4.92741 14.1372
42 54 49 52 0.551372 5.05221 9.16298
42 54 50 53 2.54241 10.1866 4.00667
42 64 43 48 1.00597 3.7259 3.70377
42 64 44 49 0.558229 4.6915 8.40426
42 64 45 50 0.277392 3.83679 13.8317
42 64 46 51 0.213151 4.17852 19.6035
42 64 47 52 0.135884 3.4286 25.2317
42 64 48 53 0.132019 3.98159 30.1593
42 64 49 54 0.108796 3.68085 33.8325
42 64 50 55 0.113372 4.05846 35.7978
42 64 51 56 0.0936858 3.35374 35.7978
42 64 52 57 0.119171 4.03185 33.8325
42 64 53 58 0.137984 4.16151 30.1593
42 64 54 59 0.173899 4.38778 25.2317
42 64 55 60 0.218069 4.27492 19.6035
42 64 56 61 0.366968 5.07578 13.8317
42 64 57 62 0.53023 4.45619 8.40426
42 64 58 63 2.13392 7.90354 3.70377
43 55 44 47 2.30163 9.22187 4.00667
43 55 45 48 0.579947 5.31404 9.16298
43 55 46 49 0.377884 5.34221 14.1372
43 55 47 50 0.204979 3.53547 17.248
43 55 48 51 0.254653 4.39224 17.248
43 55 49 52 0.271364 3.83631 14.1372
43 55 50 53 0.593566 5.43883 9.16298
43 55 51 54 1.23446 4.94607 4.00667
44 56 45 48 1.11289 4.45899 4.00667
44 56 46 49 0.526 4.81973 9.16298
44 56 47 50 0.232961 3.29341 14.1372
44 56 48 51 0.253202 4.36721 17.248
44 56 49 52 0.237221 4.09157 17.248
44 56 50 53 0.42934 6.06966 14.1372
44 56 51 54 0.653323 5.98639 9.16298
44 56 52 55 2.26786 9.08658 4.00667
45 57 46 49 2.81788 11.2903 4.00667
45 57 47 50 0.482949 4.42525 9.16298
45 57 48 51 0.34923 4.93712 14.1372
45 57 49 52 0.222542 3.83839 17.248
45 57 50 53 0.281422 4.85395 17.248
45 57 51 54 0.291259 4.11757 14.1372
45 57 52 55 0.49356 4.52248 9.16298
45 57 53 56 0.67738 2.71404 4.00667
46 58 47 50 1.1301 4.52795 4.00667
46 58 48 51 0.56017 5.13283 9.16298
46 58 49 52 0.260646 3.6848 14.1372
46 58 50 53 0.262158 4.52169 17.248
46 58 51 54 0.218295 3.76514 17.248
46 58 52 55 0.290746 4.11033 14.1372
46 58 53 56 0.290588 2.66265 9.16298
46 58 54 57 1.70534 6.83273 4.00667
47 59 48 51 2.94483 11.799 4.00667
47 59 49 52 0.575532 5.27359 9.16298
47 59 50 53 0.386526 5.46438 14.1372
47 59 51 54 0.242408 4.18105 17.248
47 59 52 55 0.256095 4.41712 17.248
47 59 53 56 0.20224 2.8591 14.1372
47 59 54 57 0.580639 5.32038 9.16298
47 59 55 58 2.44113 9.7808 4.00667
48 60 49 52 1.40374 5.62432 4.00667
48 60 50 53 0.587342 5.3818 9.16298
48 60 51 54 0.290884 4.11227 14.1372
48 60 52 55 0.26274 4.53174 17.248
48 60 53 56 0.176512 3.04447 17.248
48 60 54 57 0.35473 5.01488 14.1372
48 60 55 58 0.881813 8.08003 9.16298
48 60 56 59 2.67516 10.7185 4.00667
49 61 50 53 1.65469 6.62979 4.00667
49 61 51 54 0.481817 4.41488 9.16298
49 61 52 55 0.339768 4.80336 14.1372
49 61 53 56 0.177206 3.05645 17.248
49 61 54 57 0.229435 3.95729 17.248
49 61 55 58 0.311498 4.4037 14.1372
49 61 56 59 0.518111 4.74744 9.16298
49 61 57 60 1.01087 4.05022 4.00667
50 62 51 54 0.952899 3.81795 4.00667
50 62 52 55 0.503303 4.61175 9.16298
50 62 53 56 0.213223 3.01437 14.1372
50 62 54 57 0.232602 4.0119 17.248
50 62 55 58 0.26205 4.51982 17.248
50 62 56 59 0.382315 5.40485 14.1372
50 62 57 60 0.548406 5.02503 9.16298
50 62 58 61 1.90151 7.61873 4.00667
51 63 52 55 2.91069 11.6622 4.00667
51 63 53 56 0.506538 4.6414 9.16298
51 63 54 57 0.350562 4.95596 14.1372
51 63 55 58 0.258986 4.46697 17.248
51 63 56 59 0.309643 5.34071 17.248
51 63 57 60 0.322897 4.56486 14.1372
51 63 58 61 0.595873 5.45997 9.16298
51 63 59 62 1.35346 5.42287 4.00667
52 64 53 56 1.25137 5.01383 4.00667
52 64 54 57 0.573204 5.25225 9.16298
52 64 55 58 0.292586 4.13634 14.1372
52 64 56 59 0.299109 5.15902 17.248
52 64 57 60 0.243554 4.20081 17.248
52 64 58 61 0.333444 4.71396 14.1372
52 64 59 62 0.470593 4.31204 9.16298
52 64 60 63 2.04937 8.21116 4.00667
