64
# x y z
0.0 0.0 0.0
0.5 0.0 0.0
1.0 0.0 0.0
1.5 0.0 0.0
2.0 0.0 0.0
2.5 0.0 0.0
3.0 0.0 0.0
3.5 0.0 0.0
4.0 0.0 0.0
4.5 0.0 0.0
5.0 0.0 0.0
5.5 0.0 0.0
6.0 0.0 0.0
6.5 0.0 0.0
7.0 0.0 0.0
7.5 0.0 0.0
8.0 0.0 0.0
8.5 0.0 0.0
9.0 0.0 0.0
9.5 0.0 0.0
10.0 0.0 0.0
10.5 0.0 0.0
11.0 0.0 0.0
11.5 0.0 0.0
12.0 0.0 0.0
12.5 0.0 0.0
13.0 0.0 0.0
13.5 0.0 0.0
14.0 0.0 0.0
14.5 0.0 0.0
15.0 0.0 0.0
15.5 0.0 0.0
16.0 0.0 0.0
16.5 0.0 0.0
17.0 0.0 0.0
17.5 0.0 0.0
18.0 0.0 0.0
18.5 0.0 0.0
19.0 0.0 0.0
19.5 0.0 0.0
20.0 0.0 0.0
20.5 0.0 0.0
21.0 0.0 0.0
21.5 0.0 0.0
22.0 0.0 0.0
22.5 0.0 0.0
23.0 0.0 0.0
23.5 0.0 0.0
24.0 0.0 0.0
24.5 0.0 0.0
25.0 0.0 0.0
25.5 0.0 0.0
26.0 0.0 0.0
26.5 0.0 0.0
27.0 0.0 0.0
27.5 0.0 0.0
28.0 0.0 0.0
28.5 0.0 0.0
29.0 0.0 0.0
29.5 0.0 0.0
30.0 0.0 0.0
30.5 0.0 0.0
31.0 0.0 0.0
31.5 0.0 0.0
1208
# a b m n r rhoa k
1 13 2 5 2.34737 9.40514 4.00667
1 13 3 6 0.801878 7.34759 9.16298
1 13 4 7 0.455258 6.43606 14.1372
1 13 5 8 0.314295 5.42095 17.248
1 13 6 9 0.30372 5.23855 17.248
1 13 7 10 0.400813 5.66636 14.1372
1 13 8 11 0.756218 6.92921 9.16298
1 13 9 12 2.19207 8.78289 4.00667
1 23 2 7 2.47983 9.18474 3.70377
1 23 3 8 0.858185 7.21241 8.40426
1 23 4 9 0.454742 6.28985 13.8317
1 23 5 10 0.268881 5.27101 19.6035
1 23 6 11 0.189585 4.78356 25.2317
1 23 7 12 0.145838 4.39837 30.1593
1 23 8 13 0.128249 4.33898 33.8325
1 23 9 14 0.11887 4.25527 35.7978
1 23 10 15 0.117416 4.20322 35.7978
1 23 11 16 0.127461 4.31232 33.8325
1 23 12 17 0.152646 4.6037 30.1593
1 23 13 18 0.194728 4.91333 25.2317
1 23 14 19 0.28209 5.52996 19.6035
1 23 15 20 0.442304 6.1178 13.8317
1 23 16 21 0.840888 7.06704 8.40426
1 23 17 22 2.49413 9.23771 3.70377
1 55 2 9 2.52808 9.04711 3.57865
1 55 5 12 0.275822 5.33747 19.3511
1 55 8 15 0.104462 4.36686 41.8032
1 55 11 18 0.0593085 4.09715 69.0821
1 55 14 21 0.0401013 3.94376 98.345
1 55 17 24 0.0315566 3.97123 125.845
1 55 20 27 0.0269871 3.97799 147.403
1 55 23 30 0.02504 3.98877 159.296
1 55 26 33 0.0255347 4.06757 159.296
1 55 29 36 0.0276789 4.07996 147.403
1 55 32 39 0.0313035 3.93938 125.845
1 55 35 42 0.0402059 3.95405 98.345
1 55 38 45 0.0576724 3.98413 69.0821
1 55 41 48 0.104784 4.38032 41.8032
1 55 44 51 0.258866 5.00936 19.3511
1 55 47 54 2.3808 8.52004 3.57865
2 14 3 6 2.24212 8.98342 4.00667
2 14 4 7 0.815092 7.46867 9.16298
2 14 5 8 0.416307 5.88541 14.1372
2 14 6 9 0.30647 5.28598 17.248
2 14 7 10 0.302402 5.21582 17.248
2 14 8 11 0.420514 5.94487 14.1372
2 14 9 12 0.768233 7.0393 9.16298
2 14 10 13 2.27712 9.12369 4.00667
2 24 3 8 2.36564 8.76178 3.70377
2 24 4 9 0.862737 7.25066 8.40426
2 24 5 10 0.420135 5.81117 13.8317
2 24 6 11 0.262482 5.14558 19.6035
2 24 7 12 0.183169 4.62166 25.2317
2 24 8 13 0.148193 4.46939 30.1593
2 24 9 14 0.127487 4.31321 33.8325
2 24 10 15 0.116868 4.18363 35.7978
2 24 11 16 0.117009 4.18867 35.7978
2 24 12 17 0.128918 4.36161 33.8325
2 24 13 18 0.150083 4.52638 30.1593
2 24 14 19 0.196332 4.95379 25.2317
2 24 15 20 0.273921 5.36981 19.6035
2 24 16 21 0.434849 6.01469 13.8317
2 24 17 22 0.877248 7.37262 8.40426
2 24 18 23 2.63497 9.75934 3.70377
2 56 3 10 2.41506 8.64265 3.57865
2 56 6 13 0.269289 5.21104 19.3511
2 56 9 16 0.104811 4.38144 41.8032
2 56 12 19 0.059303 4.09677 69.0821
2 56 15 22 0.040753 4.00785 98.345
2 56 18 25 0.0314947 3.96344 125.845
2 56 21 28 0.0272424 4.01563 147.403
2 56 24 31 0.0251232 4.00202 159.296
2 56 27 34 0.0257333 4.09921 159.296
2 56 30 37 0.0275188 4.05636 147.403
2 56 33 40 0.0312324 3.93043 125.845
2 56 36 43 0.0403029 3.96359 98.345
2 56 39 46 0.0588291 4.06404 69.0821
2 56 42 49 0.102894 4.3013 41.8032
2 56 45 52 0.26529 5.13366 19.3511
2 56 48 55 2.26642 8.11071 3.57865
3 15 4 7 2.37678 9.52296 4.00667
3 15 5 8 0.738346 6.76544 9.16298
3 15 6 9 0.405344 5.73042 14.1372
3 15 7 10 0.302626 5.21969 17.248
3 15 8 11 0.321436 5.54412 17.248
3 15 9 12 0.442478 6.25538 14.1372
3 15 10 13 0.839432 7.6917 9.16298
3 15 11 14 2.34048 9.37753 4.00667
3 25 4 9 2.48781 9.21428 3.70377
3 25 5 10 0.78923 6.63289 8.40426
3 25 6 11 0.409507 5.66417 13.8317
3 25 7 12 0.252681 4.95345 19.6035
3 25 8 13 0.186217 4.69858 25.2317
3 25 9 14 0.14782 4.45815 30.1593
3 25 10 15 0.125688 4.25234 33.8325
3 25 11 16 0.11636 4.16544 35.7978
3 25 12 17 0.118503 4.24216 35.7978
3 25 13 18 0.126861 4.29203 33.8325
3 25 14 19 0.151701 4.57519 30.1593
3 25 15 20 0.19246 4.8561 25.2317
3 25 16 21 0.269188 5.27704 19.6035
3 25 17 22 0.444361 6.14626 13.8317
3 25 18 23 0.887402 7.45796 8.40426
3 25 19 24 2.53005 9.37073 3.70377
3 57 4 11 2.53875 9.08528 3.57865
3 57 7 14 0.259206 5.01594 19.3511
3 57 10 17 0.104874 4.38409 41.8032
3 57 13 20 0.0577627 3.99037 69.0821
3 57 16 23 0.0407489 4.00745 98.345
3 57 19 26 0.0311617 3.92154 125.845
3 57 22 29 0.0271316 3.99929 147.403
3 57 25 32 0.0251454 4.00555 159.296
3 57 28 35 0.0258971 4.12529 159.296
3 57 31 38 0.0271776 4.00607 147.403
3 57 34 41 0.031244 3.9319 125.845
3 57 37 44 0.0401033 3.94396 98.345
3 57 40 47 0.0588138 4.06298 69.0821
3 57 43 50 0.103058 4.30815 41.8032
3 57 46 53 0.275685 5.33481 19.3511
3 57 49 56 2.37509 8.49962 3.57865
4 16 5 8 2.0307 8.13633 4.00667
4 16 6 9 0.703598 6.44705 9.16298
4 16 7 10 0.385608 5.4514 14.1372
4 16 8 11 0.309736 5.34232 17.248
4 16 9 12 0.324145 5.59084 17.248
4 16 10 13 0.457012 6.46085 14.1372
4 16 11 14 0.813313 7.45237 9.16298
4 16 12 15 2.28357 9.14953 4.00667
4 26 5 10 2.14528 7.94564 3.70377
4 26 6 11 0.756549 6.35823 8.40426
4 26 7 12 0.388251 5.37017 13.8317
4 26 8 13 0.254809 4.99516 19.6035
4 26 9 14 0.184865 4.66446 25.2317
4 26 10 15 0.145371 4.38429 30.1593
4 26 11 16 0.124739 4.22023 33.8325
4 26 12 17 0.117962 4.22277 35.7978
4 26 13 18 0.117018 4.189 35.7978
4 26 14 19 0.129469 4.38025 33.8325
4 26 15 20 0.151865 4.58015 30.1593
4 26 16 21 0.193172 4.87405 25.2317
4 26 17 22 0.281291 5.51431 19.6035
4 26 18 23 0.469299 6.4912 13.8317
4 26 19 24 0.910924 7.65564 8.40426
4 26 20 25 2.55231 9.45318 3.70377
4 58 5 12 2.19554 7.85705 3.57865
4 58 8 15 0.258033 4.99323 19.3511
4 58 11 18 0.102615 4.28961 41.8032
4 58 14 21 0.0576024 3.97929 69.0821
4 58 17 24 0.0400379 3.93753 98.345
4 58 20 27 0.031247 3.93227 125.845
4 58 23 30 0.0268008 3.95053 147.403
4 58 26 33 0.025437 4.052 159.296
4 58 29 36 0.0256504 4.08599 159.296
4 58 32 39 0.0268689 3.96057 147.403
4 58 35 42 0.031356 3.94599 125.845
4 58 38 45 0.0399411 3.92801 98.345
4 58 41 48 0.0597073 4.1247 69.0821
4 58 44 51 0.102808 4.29771 41.8032
4 58 47 54 0.277994 5.37951 19.3511
4 58 50 57 2.35385 8.42361 3.57865
5 17 6 9 2.23154 8.94105 4.00667
5 17 7 10 0.720136 6.59859 9.16298
5 17 8 11 0.413995 5.85271 14.1372
5 17 9 12 0.318395 5.49167 17.248
5 17 10 13 0.33174 5.72184 17.248
5 17 11 14 0.434235 6.13886 14.1372
5 17 12 15 0.772732 7.08053 9.16298
5 17 13 16 2.25491 9.03467 4.00667
5 27 6 11 2.35814 8.73403 3.70377
5 27 7 12 0.777144 6.53132 8.40426
5 27 8 13 0.417433 5.7738 13.8317
5 27 9 14 0.265654 5.20776 19.6035
5 27 10 15 0.188838 4.76469 25.2317
5 27 11 16 0.147734 4.45554 30.1593
5 27 12 17 0.128747 4.35584 33.8325
5 27 13 18 0.117667 4.21222 35.7978
5 27 14 19 0.120186 4.30238 35.7978
5 27 15 20 0.130659 4.42052 33.8325
5 27 16 21 0.152392 4.59605 30.1593
5 27 17 22 0.200133 5.04969 25.2317
5 27 18 23 0.295497 5.79278 19.6035
5 27 19 24 0.479272 6.62913 13.8317
5 27 20 25 0.912354 7.66766 8.40426
5 27 21 26 2.53607 9.39302 3.70377
5 59 6 13 2.41004 8.62467 3.57865
5 59 9 16 0.270336 5.23131 19.3511
5 59 12 19 0.105326 4.40295 41.8032
5 59 15 22 0.0595742 4.11551 69.0821
5 59 18 25 0.0403374 3.96698 98.345
5 59 21 28 0.0317125 3.99086 125.845
5 59 24 31 0.0269247 3.96879 147.403
5 59 27 34 0.0256351 4.08356 159.296
5 59 30 37 0.0254318 4.05117 159.296
5 59 33 40 0.0266584 3.92954 147.403
5 59 36 43 0.031248 3.9324 125.845
5 59 39 46 0.0403691 3.9701 98.345
5 59 42 49 0.0580806 4.01233 69.0821
5 59 45 52 0.103463 4.32508 41.8032
5 59 48 55 0.267646 5.17925 19.3511
5 59 51 58 2.43885 8.72779 3.57865
6 18 7 10 2.08246 8.34371 4.00667
6 18 8 11 0.744148 6.81861 9.16298
6 18 9 12 0.417941 5.9085 14.1372
6 18 10 13 0.324786 5.6019 17.248
6 18 11 14 0.321166 5.53946 17.248
6 18 12 15 0.425854 6.02037 14.1372
6 18 13 16 0.794223 7.27744 9.16298
6 18 14 17 2.47055 9.89867 4.00667
6 28 7 12 2.20871 8.18057 3.70377
6 28 8 13 0.79892 6.71433 8.40426
6 28 9 14 0.420242 5.81265 13.8317
6 28 10 15 0.264224 5.17973 19.6035
6 28 11 16 0.186831 4.71407 25.2317
6 28 12 17 0.149577 4.51114 30.1593
6 28 13 18 0.125955 4.26138 33.8325
6 28 14 19 0.119001 4.25996 35.7978
6 28 15 20 0.120168 4.30174 35.7978
6 28 16 21 0.129125 4.36863 33.8325
6 28 17 22 0.154359 4.65535 30.1593
6 28 18 23 0.206171 5.20203 25.2317
6 28 19 24 0.296709 5.81655 19.6035
6 28 20 25 0.47521 6.57295 13.8317
6 28 21 26 0.903338 7.59189 8.40426
6 28 22 27 2.51282 9.30691 3.70377
6 60 7 14 2.2637 8.101 3.57865
6 60 10 17 0.271401 5.25192 19.3511
6 60 13 20 0.102552 4.28699 41.8032
6 60 16 23 0.0594452 4.1066 69.0821
6 60 19 26 0.0398803 3.92203 98.345
6 60 22 29 0.0315121 3.96564 125.845
6 60 25 32 0.0268638 3.95982 147.403
6 60 28 35 0.0256792 4.09058 159.296
6 60 31 38 0.0250152 3.9848 159.296
6 60 34 41 0.0264885 3.90449 147.403
6 60 37 44 0.0308555 3.88301 125.845
6 60 40 47 0.0399051 3.92447 98.345
6 60 43 50 0.0573087 3.959 69.0821
6 60 46 53 0.104018 4.34827 41.8032
6 60 49 56 0.268064 5.18734 19.3511
6 60 52 59 2.37684 8.50589 3.57865
7 19 8 11 2.27252 9.10523 4.00667
7 19 9 12 0.775323 7.10427 9.16298
7 19 10 13 0.432475 6.11397 14.1372
7 19 11 14 0.317445 5.47528 17.248
7 19 12 15 0.315007 5.43323 17.248
7 19 13 16 0.423895 5.99268 14.1372
7 19 14 17 0.801762 7.34653 9.16298
7 19 15 18 2.36493 9.47548 4.00667
7 29 8 13 2.39982 8.88837 3.70377
7 29 9 14 0.831797 6.99064 8.40426
7 29 10 15 0.428621 5.92855 13.8317
7 29 11 16 0.26472 5.18945 19.6035
7 29 12 17 0.191707 4.8371 25.2317
7 29 13 18 0.147318 4.44301 30.1593
7 29 14 19 0.128217 4.3379 33.8325
7 29 15 20 0.120135 4.30055 35.7978
7 29 16 21 0.118983 4.25933 35.7978
7 29 17 22 0.129944 4.39635 33.8325
7 29 18 23 0.158129 4.76906 30.1593
7 29 19 24 0.205984 5.19734 25.2317
7 29 20 25 0.293293 5.74958 19.6035
7 29 21 26 0.466618 6.4541 13.8317
7 29 22 27 0.894167 7.51482 8.40426
7 29 23 28 2.65307 9.82638 3.70377
7 61 8 15 2.44677 8.75612 3.57865
7 61 11 18 0.271521 5.25423 19.3511
7 61 14 21 0.104082 4.35095 41.8032
7 61 17 24 0.058944 4.07197 69.0821
7 61 20 27 0.040347 3.96793 98.345
7 61 23 30 0.031273 3.93555 125.845
7 61 26 33 0.0273305 4.02861 147.403
7 61 29 36 0.0255476 4.06963 159.296
7 61 32 39 0.0248451 3.95772 159.296
7 61 35 42 0.0265983 3.92067 147.403
7 61 38 45 0.0308428 3.88141 125.845
7 61 41 48 0.040492 3.98219 98.345
7 61 44 51 0.0573243 3.96009 69.0821
7 61 47 54 0.104645 4.37448 41.8032
7 61 50 57 0.266551 5.15807 19.3511
7 61 53 60 2.31433 8.28217 3.57865
8 20 9 12 2.1265 8.5202 4.00667
8 20 10 13 0.750823 6.87977 9.16298
8 20 11 14 0.409131 5.78396 14.1372
8 20 12 15 0.312199 5.3848 17.248
8 20 13 16 0.317592 5.47781 17.248
8 20 14 17 0.451353 6.38086 14.1372
8 20 15 18 0.847238 7.76323 9.16298
8 20 16 19 2.548 10.209 4.00667
8 30 9 14 2.2504 8.33497 3.70377
8 30 10 15 0.794385 6.67622 8.40426
8 30 11 16 0.406649 5.62464 13.8317
8 30 12 17 0.262193 5.13992 19.6035
8 30 13 18 0.183078 4.61936 25.2317
8 30 14 19 0.146759 4.42614 30.1593
8 30 15 20 0.128026 4.33143 33.8325
8 30 16 21 0.11744 4.20409 35.7978
8 30 17 22 0.117846 4.21862 35.7978
8 30 18 23 0.131616 4.45289 33.8325
8 30 19 24 0.156779 4.72833 30.1593
8 30 20 25 0.202779 5.11645 25.2317
8 30 21 26 0.285296 5.5928 19.6035
8 30 22 27 0.454946 6.29267 13.8317
8 30 23 28 0.903318 7.59172 8.40426
8 30 24 29 2.48077 9.18819 3.70377
8 62 9 16 2.29718 8.2208 3.57865
8 62 12 19 0.267393 5.17436 19.3511
8 62 15 22 0.105138 4.39512 41.8032
8 62 18 25 0.058199 4.02051 69.0821
8 62 21 28 0.0403792 3.97109 98.345
8 62 24 31 0.0311019 3.91402 125.845
8 62 27 34 0.0274155 4.04114 147.403
8 62 30 37 0.0252857 4.02789 159.296
8 62 33 40 0.0246385 3.9248 159.296
8 62 36 43 0.0266195 3.92381 147.403
8 62 39 46 0.0313672 3.9474 125.845
8 62 42 49 0.0398197 3.91607 98.345
8 62 45 52 0.0584227 4.03596 69.0821
8 62 48 55 0.10339 4.32203 41.8032
8 62 51 58 0.27822 5.38388 19.3511
8 62 54 61 2.39296 8.56357 3.57865
9 21 10 13 2.17941 8.73219 4.00667
9 21 11 14 0.724786 6.6412 9.16298
9 21 12 15 0.408864 5.78018 14.1372
9 21 13 16 0.307993 5.31226 17.248
9 21 14 17 0.330162 5.69462 17.248
9 21 15 18 0.462592 6.53974 14.1372
9 21 16 19 0.868587 7.95885 9.16298
9 21 17 20 2.39473 9.59489 4.00667
9 31 10 15 2.28808 8.47454 3.70377
9 31 11 16 0.771715 6.48569 8.40426
9 31 12 17 0.412629 5.70735 13.8317
9 31 13 18 0.253427 4.96807 19.6035
9 31 14 19 0.184344 4.65131 25.2317
9 31 15 20 0.148594 4.48148 30.1593
9 31 16 21 0.125919 4.26017 33.8325
9 31 17 22 0.116131 4.15722 35.7978
9 31 18 23 0.119303 4.27077 35.7978
9 31 19 24 0.130748 4.42354 33.8325
9 31 20 25 0.155403 4.68684 30.1593
9 31 21 26 0.198325 5.00409 25.2317
9 31 22 27 0.279549 5.48015 19.6035
9 31 23 28 0.458624 6.34353 13.8317
9 31 24 29 0.864787 7.2679 8.40426
9 31 25 30 2.50366 9.27298 3.70377
9 63 10 17 2.34117 8.37821 3.57865
9 63 13 20 0.258119 4.99489 19.3511
9 63 16 23 0.104421 4.36513 41.8032
9 63 19 26 0.057305 3.95875 69.0821
9 63 22 29 0.0400277 3.93652 98.345
9 63 25 32 0.0310217 3.90392 125.845
9 63 28 35 0.0274651 4.04845 147.403
9 63 31 38 0.0248946 3.9656 159.296
9 63 34 41 0.0245183 3.90566 159.296
9 63 37 44 0.0264032 3.89192 147.403
9 63 40 47 0.0311891 3.92499 125.845
9 63 43 50 0.0396318 3.89759 98.345
9 63 46 53 0.0591177 4.08398 69.0821
9 63 49 56 0.104976 4.38832 41.8032
9 63 52 59 0.286922 5.55227 19.3511
9 63 55 62 2.33715 8.36383 3.57865
10 22 11 14 2.14633 8.59964 4.00667
10 22 12 15 0.753422 6.90359 9.16298
10 22 13 16 0.403988 5.71125 14.1372
10 22 14 17 0.319483 5.51043 17.248
10 22 15 18 0.337566 5.82232 17.248
10 22 16 19 0.463334 6.55022 14.1372
10 22 17 20 0.807298 7.39725 9.16298
10 22 18 21 2.28621 9.16007 4.00667
10 32 11 16 2.26306 8.38186 3.70377
10 32 12 17 0.811827 6.8228 8.40426
10 32 13 18 0.407261 5.63311 13.8317
10 32 14 19 0.260472 5.10617 19.6035
10 32 15 20 0.191213 4.82462 25.2317
10 32 16 21 0.148442 4.47691 30.1593
10 32 17 22 0.125495 4.24583 33.8325
10 32 18 23 0.118533 4.24323 35.7978
10 32 19 24 0.119797 4.28847 35.7978
10 32 20 25 0.131814 4.4596 33.8325
10 32 21 26 0.154742 4.6669 30.1593
10 32 22 27 0.198264 5.00253 25.2317
10 32 23 28 0.288717 5.65987 19.6035
10 32 24 29 0.464235 6.42115 13.8317
10 32 25 30 0.933486 7.84526 8.40426
10 32 26 31 2.71029 10.0383 3.70377
11 23 12 15 2.29543 9.19702 4.00667
11 23 13 16 0.743504 6.81271 9.16298
11 23 14 17 0.422092 5.96719 14.1372
11 23 15 18 0.333446 5.75127 17.248
11 23 16 19 0.337567 5.82235 17.248
11 23 17 20 0.433877 6.13379 14.1372
11 23 18 21 0.77867 7.13494 9.16298
11 23 19 22 2.34692 9.40331 4.00667
11 33 12 17 2.43157 9.00597 3.70377
11 33 13 18 0.803878 6.756 8.40426
11 33 14 19 0.42308 5.8519 13.8317
11 33 15 20 0.275273 5.39633 19.6035
11 33 16 21 0.192976 4.86912 25.2317
11 33 17 22 0.147889 4.46022 30.1593
11 33 18 23 0.127646 4.31858 33.8325
11 33 19 24 0.118404 4.23859 35.7978
11 33 20 25 0.120037 4.29706 35.7978
11 33 21 26 0.129376 4.37711 33.8325
11 33 22 27 0.150775 4.54728 30.1593
11 33 23 28 0.196717 4.96351 25.2317
11 33 24 29 0.279709 5.48329 19.6035
11 33 25 30 0.465691 6.44129 13.8317
11 33 26 31 0.933783 7.84776 8.40426
11 33 27 32 2.47006 9.14856 3.70377
12 24 13 16 2.14767 8.60502 4.00667
12 24 14 17 0.759661 6.96076 9.16298
12 24 15 18 0.445625 6.29987 14.1372
12 24 16 19 0.335581 5.78809 17.248
12 24 17 20 0.322225 5.55773 17.248
12 24 18 21 0.427972 6.05031 14.1372
12 24 19 22 0.815766 7.47485 9.16298
12 24 20 23 2.50615 10.0413 4.00667
12 34 13 18 2.28485 8.46256 3.70377
12 34 14 19 0.815711 6.85545 8.40426
12 34 15 20 0.445017 6.15533 13.8317
12 34 16 21 0.276032 5.4112 19.6035
12 34 17 22 0.190242 4.80013 25.2317
12 34 18 23 0.14958 4.51124 30.1593
12 34 19 24 0.127266 4.30573 33.8325
12 34 20 25 0.119437 4.27556 35.7978
12 34 21 26 0.118808 4.25306 35.7978
12 34 22 27 0.127059 4.29873 33.8325
12 34 23 28 0.150436 4.53704 30.1593
12 34 24 29 0.193427 4.88049 25.2317
12 34 25 30 0.282284 5.53377 19.6035
12 34 26 31 0.470549 6.50848 13.8317
12 34 27 32 0.887387 7.45783 8.40426
12 34 28 33 2.50719 9.28607 3.70377
13 25 14 17 2.25806 9.04728 4.00667
13 25 15 18 0.836165 7.66176 9.16298
13 25 16 19 0.45948 6.49574 14.1372
13 25 17 20 0.326261 5.62734 17.248
13 25 18 21 0.321039 5.53727 17.248
13 25 19 22 0.43977 6.21711 14.1372
13 25 20 23 0.833598 7.63824 9.16298
13 25 21 24 2.40464 9.63458 4.00667
13 35 14 19 2.39255 8.86148 3.70377
13 35 15 20 0.891641 7.49358 8.40426
13 35 16 21 0.457776 6.33181 13.8317
13 35 17 22 0.275782 5.4063 19.6035
13 35 18 23 0.194677 4.91204 25.2317
13 35 19 24 0.150396 4.53584 30.1593
13 35 20 25 0.129936 4.39607 33.8325
13 35 21 26 0.119002 4.26 35.7978
13 35 22 27 0.116693 4.17734 35.7978
13 35 23 28 0.125709 4.25306 33.8325
13 35 24 29 0.147057 4.43513 30.1593
13 35 25 30 0.192186 4.84917 25.2317
13 35 26 31 0.280698 5.50266 19.6035
13 35 27 32 0.443836 6.139 13.8317
13 35 28 33 0.857577 7.2073 8.40426
13 35 29 34 2.3729 8.78868 3.70377
14 26 15 18 2.34697 9.40354 4.00667
14 26 16 19 0.822086 7.53276 9.16298
14 26 17 20 0.433471 6.12805 14.1372
14 26 18 21 0.322597 5.56414 17.248
14 26 19 22 0.329618 5.68524 17.248
14 26 20 23 0.467855 6.61415 14.1372
14 26 21 24 0.858021 7.86202 9.16298
14 26 22 25 2.41377 9.67117 4.00667
14 36 15 20 2.47384 9.16254 3.70377
14 36 16 21 0.8715 7.32432 8.40426
14 36 17 22 0.436298 6.03473 13.8317
14 36 18 23 0.272462 5.34122 19.6035
14 36 19 24 0.19048 4.80612 25.2317
14 36 20 25 0.151786 4.57776 30.1593
14 36 21 26 0.12877 4.35662 33.8325
14 36 22 27 0.116788 4.18076 35.7978
14 36 23 28 0.115774 4.14444 35.7978
14 36 24 29 0.124867 4.22457 33.8325
14 36 25 30 0.149017 4.49425 30.1593
14 36 26 31 0.196876 4.96751 25.2317
14 36 27 32 0.277472 5.43944 19.6035
14 36 28 33 0.449714 6.2203 13.8317
14 36 29 34 0.875341 7.3566 8.40426
14 36 30 35 2.67108 9.89307 3.70377
15 27 16 19 2.29775 9.20632 4.00667
15 27 17 20 0.773794 7.09026 9.16298
15 27 18 21 0.42754 6.0442 14.1372
15 27 19 22 0.323497 5.57967 17.248
15 27 20 23 0.348177 6.00534 17.248
15 27 21 24 0.478507 6.76474 14.1372
15 27 22 25 0.849164 7.78087 9.16298
15 27 23 26 2.3824 9.54548 4.00667
15 37 16 21 2.41592 8.94803 3.70377
15 37 17 22 0.828788 6.96535 8.40426
15 37 18 23 0.431797 5.97248 13.8317
15 37 19 24 0.265678 5.20824 19.6035
15 37 20 25 0.192978 4.86915 25.2317
15 37 21 26 0.150554 4.54059 30.1593
15 37 22 27 0.126056 4.26479 33.8325
15 37 23 28 0.115081 4.11965 35.7978
15 37 24 29 0.114649 4.10419 35.7978
15 37 25 30 0.125749 4.25441 33.8325
15 37 26 31 0.151825 4.57894 30.1593
15 37 27 32 0.194377 4.90446 25.2317
15 37 28 33 0.277827 5.4464 19.6035
15 37 29 34 0.450059 6.22507 13.8317
15 37 30 35 0.907453 7.62647 8.40426
15 37 31 36 2.45147 9.07969 3.70377
16 28 17 20 2.25582 9.03834 4.00667
16 28 18 21 0.795715 7.29112 9.16298
16 28 19 22 0.430579 6.08717 14.1372
16 28 20 23 0.344234 5.93733 17.248
16 28 21 24 0.355295 6.12812 17.248
16 28 22 25 0.470099 6.64587 14.1372
16 28 23 26 0.832514 7.6283 9.16298
16 28 24 27 2.36047 9.45764 4.00667
16 38 17 22 2.38838 8.84601 3.70377
16 38 18 23 0.857395 7.20577 8.40426
16 38 19 24 0.432862 5.98721 13.8317
16 38 20 25 0.278693 5.46337 19.6035
16 38 21 26 0.196774 4.96494 25.2317
16 38 22 27 0.150502 4.53904 30.1593
16 38 23 28 0.125853 4.25791 33.8325
16 38 24 29 0.115541 4.13609 35.7978
16 38 25 30 0.116643 4.17556 35.7978
16 38 26 31 0.129549 4.38296 33.8325
16 38 27 32 0.152337 4.59439 30.1593
16 38 28 33 0.196955 4.96951 25.2317
16 38 29 34 0.281835 5.52497 19.6035
16 38 30 35 0.470651 6.50989 13.8317
16 38 31 36 0.88124 7.40617 8.40426
16 38 32 37 2.44237 9.04598 3.70377
17 29 18 21 2.45099 9.82032 4.00667
17 29 19 22 0.794699 7.28181 9.16298
17 29 20 23 0.462614 6.54005 14.1372
17 29 21 24 0.353424 6.09584 17.248
17 29 22 25 0.349438 6.02709 17.248
17 29 23 26 0.455586 6.4407 14.1372
17 29 24 27 0.82468 7.55652 9.16298
17 29 25 28 2.51039 10.0583 4.00667
17 39 18 23 2.59439 9.60903 3.70377
17 39 19 24 0.856258 7.19621 8.40426
17 39 20 25 0.459536 6.35615 13.8317
17 39 21 26 0.28615 5.60955 19.6035
17 39 22 27 0.197366 4.97987 25.2317
17 39 23 28 0.150086 4.52648 30.1593
17 39 24 29 0.126594 4.283 33.8325
17 39 25 30 0.117618 4.21046 35.7978
17 39 26 31 0.120478 4.31283 35.7978
17 39 27 32 0.130886 4.42819 33.8325
17 39 28 33 0.154812 4.66902 30.1593
17 39 29 34 0.200376 5.05582 25.2317
17 39 30 35 0.294648 5.77614 19.6035
17 39 31 36 0.464302 6.42208 13.8317
17 39 32 37 0.889046 7.47177 8.40426
17 39 33 38 2.4606 9.11349 3.70377
18 30 19 22 2.34006 9.37586 4.00667
18 30 20 23 0.847351 7.76426 9.16298
18 30 21 24 0.47103 6.65904 14.1372
18 30 22 25 0.345955 5.96702 17.248
18 30 23 26 0.334131 5.76308 17.248
18 30 24 27 0.444153 6.27906 14.1372
18 30 25 28 0.840163 7.6984 9.16298
18 30 26 29 2.34705 9.40386 4.00667
18 40 19 24 2.48129 9.19013 3.70377
18 40 20 25 0.90244 7.58434 8.40426
18 40 21 26 0.465383 6.43703 13.8317
18 40 22 27 0.282654 5.54101 19.6035
18 40 23 28 0.193535 4.88321 25.2317
18 40 24 29 0.149029 4.4946 30.1593
18 40 25 30 0.127156 4.302 33.8325
18 40 26 31 0.120171 4.30184 35.7978
18 40 27 32 0.120746 4.32243 35.7978
18 40 28 33 0.131231 4.43988 33.8325
18 40 29 34 0.154923 4.67238 30.1593
18 40 30 35 0.204773 5.16677 25.2317
18 40 31 36 0.285861 5.60389 19.6035
18 40 32 37 0.455525 6.30067 13.8317
18 40 33 38 0.858165 7.21225 8.40426
18 40 34 39 2.37099 8.78159 3.70377
19 31 20 23 2.54456 10.1952 4.00667
19 31 21 24 0.874825 8.01601 9.16298
19 31 22 25 0.46822 6.61931 14.1372
19 31 23 26 0.334236 5.76489 17.248
19 31 24 27 0.328624 5.66809 17.248
19 31 25 28 0.452877 6.4024 14.1372
19 31 26 29 0.808853 7.41151 9.16298
19 31 27 30 2.37405 9.51204 4.00667
19 41 20 25 2.67991 9.92579 3.70377
19 41 21 26 0.927457 7.79459 8.40426
19 41 22 27 0.464808 6.42907 13.8317
19 41 23 28 0.279316 5.47559 19.6035
19 41 24 29 0.193827 4.89058 25.2317
19 41 25 30 0.150518 4.53953 30.1593
19 41 26 31 0.130827 4.42619 33.8325
19 41 27 32 0.121446 4.34748 35.7978
19 41 28 33 0.121499 4.34938 35.7978
19 41 29 34 0.131584 4.45182 33.8325
19 41 30 35 0.15807 4.76729 30.1593
19 41 31 36 0.199972 5.04563 25.2317
19 41 32 37 0.281871 5.52568 19.6035
19 41 33 38 0.441886 6.11203 13.8317
19 41 34 39 0.835151 7.01883 8.40426
19 41 35 40 2.55238 9.45345 3.70377
20 32 21 24 2.41514 9.67665 4.00667
20 32 22 25 0.821842 7.53052 9.16298
20 32 23 26 0.438248 6.19559 14.1372
20 32 24 27 0.325162 5.60838 17.248
20 32 25 28 0.336812 5.80932 17.248
20 32 26 29 0.461371 6.52248 14.1372
20 32 27 30 0.876983 8.03577 9.16298
20 32 28 31 2.56666 10.2837 4.00667
20 42 21 26 2.5395 9.40572 3.70377
20 42 22 27 0.870672 7.31736 8.40426
20 42 23 28 0.438501 6.0652 13.8317
20 42 24 29 0.270374 5.30028 19.6035
20 42 25 30 0.190182 4.79862 25.2317
20 42 26 31 0.151742 4.57644 30.1593
20 42 27 32 0.130236 4.40622 33.8325
20 42 28 33 0.120112 4.29975 35.7978
20 42 29 34 0.119602 4.28147 35.7978
20 42 30 35 0.131148 4.43707 33.8325
20 42 31 36 0.151358 4.56486 30.1593
20 42 32 37 0.19238 4.85407 25.2317
20 42 33 38 0.264834 5.19169 19.6035
20 42 34 39 0.412427 5.70455 13.8317
20 42 35 40 0.810343 6.81034 8.40426
20 42 36 41 2.34523 8.6862 3.70377
21 33 22 25 2.30862 9.24988 4.00667
21 33 23 26 0.782185 7.16714 9.16298
21 33 24 27 0.426876 6.03482 14.1372
21 33 25 28 0.32348 5.57937 17.248
21 33 26 29 0.33392 5.75944 17.248
21 33 27 30 0.466564 6.5959 14.1372
21 33 28 31 0.874111 8.00946 9.16298
21 33 29 32 2.33216 9.34418 4.00667
21 43 22 27 2.42998 9.00008 3.70377
21 43 23 28 0.838223 7.04464 8.40426
21 43 24 29 0.432267 5.97898 13.8317
21 43 25 30 0.268059 5.25491 19.6035
21 43 26 31 0.194276 4.9019 25.2317
21 43 27 32 0.153314 4.62386 30.1593
21 43 28 33 0.130423 4.41254 33.8325
21 43 29 34 0.119815 4.28912 35.7978
21 43 30 35 0.120783 4.32377 35.7978
21 43 31 36 0.128532 4.34856 33.8325
21 43 32 37 0.149817 4.51837 30.1593
21 43 33 38 0.186891 4.71558 25.2317
21 43 34 39 0.257486 5.04764 19.6035
21 43 35 40 0.414375 5.7315 13.8317
21 43 36 41 0.806159 6.77517 8.40426
21 43 37 42 2.65531 9.83465 3.70377
22 34 23 26 2.34324 9.38859 4.00667
22 34 24 27 0.809009 7.41293 9.16298
22 34 25 28 0.437147 6.18001 14.1372
22 34 26 29 0.335067 5.77922 17.248
22 34 27 30 0.344652 5.94454 17.248
22 34 28 31 0.470912 6.65736 14.1372
22 34 29 32 0.830048 7.60571 9.16298
22 34 30 33 2.37 9.49579 4.00667
22 44 23 28 2.47884 9.18105 3.70377
22 44 24 29 0.873375 7.34007 8.40426
22 44 25 30 0.443523 6.13467 13.8317
22 44 26 31 0.283151 5.55076 19.6035
22 44 27 32 0.202047 5.09798 25.2317
22 44 28 33 0.15685 4.73049 30.1593
22 44 29 34 0.132266 4.47488 33.8325
22 44 30 35 0.122364 4.38035 35.7978
22 44 31 36 0.120224 4.30374 35.7978
22 44 32 37 0.129345 4.37607 33.8325
22 44 33 38 0.147991 4.46329 30.1593
22 44 34 39 0.185333 4.67627 25.2317
22 44 35 40 0.262177 5.13961 19.6035
22 44 36 41 0.422719 5.84692 13.8317
22 44 37 42 0.89755 7.54324 8.40426
22 44 38 43 2.66901 9.88541 3.70377
23 35 24 27 2.47414 9.91305 4.00667
23 35 25 28 0.813289 7.45215 9.16298
23 35 26 29 0.457636 6.46968 14.1372
23 35 27 30 0.346789 5.9814 17.248
23 35 28 31 0.345374 5.95699 17.248
23 35 29 32 0.446978 6.319 14.1372
23 35 30 33 0.803359 7.36116 9.16298
23 35 31 34 2.23623 8.95983 4.00667
23 45 24 29 2.62235 9.7126 3.70377
23 45 25 30 0.881444 7.40788 8.40426
23 45 26 31 0.468443 6.47935 13.8317
23 45 27 32 0.29567 5.79617 19.6035
23 45 28 33 0.207369 5.23227 25.2317
23 45 29 34 0.159331 4.80532 30.1593
23 45 30 35 0.134767 4.5595 33.8325
23 45 31 36 0.121942 4.36526 35.7978
23 45 32 37 0.12106 4.33367 35.7978
23 45 33 38 0.127364 4.30903 33.8325
23 45 34 39 0.14616 4.40807 30.1593
23 45 35 40 0.186123 4.69619 25.2317
23 45 36 41 0.26413 5.17789 19.6035
23 45 37 42 0.451934 6.251 13.8317
23 45 38 43 0.892072 7.4972 8.40426
23 45 39 44 2.52144 9.33883 3.70377
24 36 25 28 2.36665 9.48237 4.00667
24 36 26 29 0.840882 7.70498 9.16298
24 36 27 30 0.47224 6.67613 14.1372
24 36 28 31 0.351437 6.06156 17.248
24 36 29 32 0.340915 5.88009 17.248
24 36 30 33 0.452237 6.39334 14.1372
24 36 31 34 0.816917 7.48539 9.16298
24 36 32 35 2.54108 10.1813 4.00667
24 46 25 30 2.5161 9.31907 3.70377
24 46 26 31 0.909257 7.64164 8.40426
24 46 27 32 0.479203 6.62818 13.8317
24 46 28 33 0.298085 5.84352 19.6035
24 46 29 34 0.207203 5.22808 25.2317
24 46 30 35 0.159514 4.81084 30.1593
24 46 31 36 0.132724 4.4904 33.8325
24 46 32 37 0.121523 4.35024 35.7978
24 46 33 38 0.117505 4.20642 35.7978
24 46 34 39 0.123886 4.19138 33.8325
24 46 35 40 0.143132 4.31677 30.1593
24 46 36 41 0.182629 4.60803 25.2317
24 46 37 42 0.268973 5.27282 19.6035
24 46 38 43 0.430155 5.94977 13.8317
24 46 39 44 0.806373 6.77696 8.40426
24 46 40 45 2.29825 8.51219 3.70377
25 37 26 29 2.40014 9.61657 4.00667
25 37 27 30 0.84796 7.76984 9.16298
25 37 28 31 0.470358 6.64953 14.1372
25 37 29 32 0.343844 5.93061 17.248
25 37 30 33 0.339034 5.84765 17.248
25 37 31 34 0.449045 6.34822 14.1372
25 37 32 35 0.854197 7.82699 9.16298
25 37 33 36 2.32065 9.29806 4.00667
25 47 26 31 2.54738 9.43492 3.70377
25 47 27 32 0.911046 7.65666 8.40426
25 47 28 33 0.475934 6.58296 13.8317
25 47 29 34 0.29401 5.76363 19.6035
25 47 30 35 0.204853 5.16878 25.2317
25 47 31 36 0.156493 4.71971 30.1593
25 47 32 37 0.132629 4.48717 33.8325
25 47 33 38 0.118485 4.24148 35.7978
25 47 34 39 0.115678 4.14101 35.7978
25 47 35 40 0.12298 4.16071 33.8325
25 47 36 41 0.144114 4.34636 30.1593
25 47 37 42 0.190962 4.81828 25.2317
25 47 38 43 0.269536 5.28386 19.6035
25 47 39 44 0.420695 5.81891 13.8317
25 47 40 45 0.8046 6.76207 8.40426
25 47 41 46 2.55177 9.45118 3.70377
26 38 27 30 2.39609 9.60033 4.00667
26 38 28 31 0.844862 7.74146 9.16298
26 38 29 32 0.461198 6.52004 14.1372
26 38 30 33 0.340752 5.87727 17.248
26 38 31 34 0.337822 5.82674 17.248
26 38 32 35 0.472288 6.67681 14.1372
26 38 33 36 0.824107 7.55127 9.16298
26 38 34 37 2.30511 9.23581 4.00667
26 48 27 32 2.53418 9.38603 3.70377
26 48 28 33 0.905223 7.60773 8.40426
26 48 29 34 0.468081 6.47435 13.8317
26 48 30 35 0.287873 5.64334 19.6035
26 48 31 36 0.199539 5.03471 25.2317
26 48 32 37 0.155491 4.68951 30.1593
26 48 33 38 0.127701 4.32044 33.8325
26 48 34 39 0.115051 4.11857 35.7978
26 48 35 40 0.112356 4.02208 35.7978
26 48 36 41 0.121099 4.09709 33.8325
26 48 37 42 0.145521 4.38882 30.1593
26 48 38 43 0.185017 4.6683 25.2317
26 48 39 44 0.253521 4.9699 19.6035
26 48 40 45 0.394432 5.45566 13.8317
26 48 41 46 0.784261 6.59113 8.40426
26 48 42 47 2.16934 8.03473 3.70377
27 39 28 31 2.38321 9.54872 4.00667
27 39 29 32 0.835969 7.65997 9.16298
27 39 30 33 0.456327 6.45118 14.1372
27 39 31 34 0.339267 5.85167 17.248
27 39 32 35 0.354652 6.11702 17.248
27 39 33 36 0.461482 6.52404 14.1372
27 39 34 37 0.827152 7.57917 9.16298
27 39 35 38 2.31034 9.25677 4.00667
27 49 28 33 2.51942 9.33135 3.70377
27 49 29 34 0.899218 7.55726 8.40426
27 49 30 35 0.460445 6.36873 13.8317
27 49 31 36 0.283026 5.5483 19.6035
27 49 32 37 0.201146 5.07526 25.2317
27 49 33 38 0.151134 4.55808 30.1593
27 49 34 39 0.125683 4.25218 33.8325
27 49 35 40 0.11325 4.05411 35.7978
27 49 36 41 0.113196 4.05218 35.7978
27 49 37 42 0.125399 4.24258 33.8325
27 49 38 43 0.147027 4.43422 30.1593
27 49 39 44 0.184197 4.6476 25.2317
27 49 40 45 0.254343 4.98603 19.6035
27 49 41 46 0.415599 5.74843 13.8317
27 49 42 47 0.78288 6.57953 8.40426
27 49 43 48 2.43274 9.01031 3.70377
28 40 29 32 2.51179 10.0639 4.00667
28 40 30 33 0.847712 7.76757 9.16298
28 40 31 34 0.460179 6.50562 14.1372
28 40 32 35 0.356979 6.15715 17.248
28 40 33 36 0.343991 5.93314 17.248
28 40 34 37 0.451858 6.38799 14.1372
28 40 35 38 0.790544 7.24373 9.16298
28 40 36 39 2.22935 8.93225 4.00667
28 50 29 34 2.65909 9.84867 3.70377
28 50 30 35 0.911136 7.65742 8.40426
28 50 31 36 0.464141 6.41985 13.8317
28 50 32 37 0.293493 5.75351 19.6035
28 50 33 38 0.198554 5.00984 25.2317
28 50 34 39 0.150603 4.54209 30.1593
28 50 35 40 0.124265 4.20419 33.8325
28 50 36 41 0.114758 4.1081 35.7978
28 50 37 42 0.117069 4.19081 35.7978
28 50 38 43 0.127094 4.2999 33.8325
28 50 39 44 0.14708 4.43584 30.1593
28 50 40 45 0.184941 4.66638 25.2317
28 50 41 46 0.26605 5.21552 19.6035
28 50 42 47 0.416366 5.75904 13.8317
28 50 43 48 0.857283 7.20483 8.40426
28 50 44 49 2.41746 8.9537 3.70377
29 41 30 33 2.34811 9.4081 4.00667
29 41 31 34 0.812151 7.44172 9.16298
29 41 32 35 0.474607 6.7096 14.1372
29 41 33 36 0.34249 5.90725 17.248
29 41 34 37 0.33611 5.79722 17.248
29 41 35 38 0.43127 6.09693 14.1372
29 41 36 39 0.771299 7.0674 9.16298
29 41 37 40 2.41872 9.69101 4.00667
29 51 30 35 2.48953 9.22067 3.70377
29 51 31 36 0.872301 7.33104 8.40426
29 51 32 37 0.47075 6.51126 13.8317
29 51 33 38 0.282586 5.53969 19.6035
29 51 34 39 0.194276 4.90192 25.2317
29 51 35 40 0.146272 4.41145 30.1593
29 51 36 41 0.124564 4.21432 33.8325
29 51 37 42 0.117074 4.19099 35.7978
29 51 38 43 0.117892 4.22028 35.7978
29 51 39 44 0.12664 4.28456 33.8325
29 51 40 45 0.146526 4.41913 30.1593
29 51 41 46 0.190594 4.80902 25.2317
29 51 42 47 0.263263 5.16089 19.6035
29 51 43 48 0.442488 6.12035 13.8317
29 51 44 49 0.84363 7.09008 8.40426
29 51 45 50 2.38168 8.82121 3.70377
30 42 31 34 2.36536 9.4772 4.00667
30 42 32 35 0.884712 8.1066 9.16298
30 42 33 36 0.466271 6.59175 14.1372
30 42 34 37 0.33608 5.79669 17.248
30 42 35 38 0.314893 5.43126 17.248
30 42 36 39 0.407406 5.75956 14.1372
30 42 37 40 0.755783 6.92523 9.16298
30 42 38 41 2.2239 8.91044 4.00667
30 52 31 36 2.50772 9.28804 3.70377
30 52 32 37 0.939824 7.89853 8.40426
30 52 33 38 0.467788 6.47029 13.8317
30 52 34 39 0.282262 5.53333 19.6035
30 52 35 40 0.190426 4.80476 25.2317
30 52 36 41 0.147762 4.45641 30.1593
30 52 37 42 0.127024 4.29754 33.8325
30 52 38 43 0.117951 4.22237 35.7978
30 52 39 44 0.117278 4.19828 35.7978
30 52 40 45 0.125069 4.2314 33.8325
30 52 41 46 0.148364 4.47456 30.1593
30 52 42 47 0.184949 4.66658 25.2317
30 52 43 48 0.270621 5.30514 19.6035
30 52 44 49 0.425609 5.88688 13.8317
30 52 45 50 0.809575 6.80388 8.40426
30 52 46 51 2.34089 8.67012 3.70377
31 43 32 35 2.57923 10.3341 4.00667
31 43 33 36 0.875202 8.01946 9.16298
31 43 34 37 0.465346 6.57868 14.1372
31 43 35 38 0.323282 5.57595 17.248
31 43 36 39 0.311245 5.36834 17.248
31 43 37 40 0.414248 5.85629 14.1372
31 43 38 41 0.756099 6.92812 9.16298
31 43 39 42 2.54138 10.1825 4.00667
31 53 32 37 2.71327 10.0493 3.70377
31 53 33 38 0.933098 7.842 8.40426
31 53 34 39 0.467868 6.47139 13.8317
31 53 35 40 0.276473 5.41984 19.6035
31 53 36 41 0.193287 4.87695 25.2317
31 53 37 42 0.150661 4.54383 30.1593
31 53 38 43 0.128444 4.34557 33.8325
31 53 39 44 0.117964 4.22284 35.7978
31 53 40 45 0.11593 4.15004 35.7978
31 53 41 46 0.126009 4.26321 33.8325
31 53 42 47 0.143146 4.31719 30.1593
31 53 43 48 0.187402 4.72847 25.2317
31 53 44 49 0.25879 5.07319 19.6035
31 53 45 50 0.403434 5.58016 13.8317
31 53 46 51 0.764209 6.42261 8.40426
31 53 47 52 2.27777 8.43635 3.70377
32 44 33 36 2.33891 9.37123 4.00667
32 44 34 37 0.830053 7.60576 9.16298
32 44 35 38 0.433518 6.12871 14.1372
32 44 36 39 0.31832 5.49038 17.248
32 44 37 40 0.315649 5.4443 17.248
32 44 38 41 0.423124 5.98177 14.1372
32 44 39 42 0.850095 7.7894 9.16298
32 44 40 43 2.54671 10.2038 4.00667
32 54 33 38 2.46969 9.14716 3.70377
32 54 34 39 0.884337 7.4322 8.40426
32 54 35 40 0.438768 6.06889 13.8317
32 54 36 41 0.273128 5.35427 19.6035
32 54 37 42 0.1925 4.8571 25.2317
32 54 38 43 0.150549 4.54046 30.1593
32 54 39 44 0.127952 4.32896 33.8325
32 54 40 45 0.11632 4.16398 35.7978
32 54 41 46 0.116629 4.17504 35.7978
32 54 42 47 0.121983 4.12699 33.8325
32 54 43 48 0.145542 4.38946 30.1593
32 54 44 49 0.18232 4.60024 25.2317
32 54 45 50 0.250469 4.91008 19.6035
32 54 46 51 0.389961 5.39381 13.8317
32 54 47 52 0.760482 6.39129 8.40426
32 54 48 53 2.19645 8.13514 3.70377
33 45 34 37 2.37528 9.51695 4.00667
33 45 35 38 0.793122 7.26736 9.16298
33 45 36 39 0.436302 6.16807 14.1372
33 45 37 40 0.321549 5.54606 17.248
33 45 38 41 0.320548 5.5288 17.248
33 45 39 42 0.457112 6.46227 14.1372
33 45 40 43 0.840966 7.70576 9.16298
33 45 41 44 2.39521 9.59681 4.00667
33 55 34 39 2.50425 9.27519 3.70377
33 55 35 40 0.852237 7.16242 8.40426
33 55 36 41 0.445286 6.15905 13.8317
33 55 37 42 0.276284 5.41614 19.6035
33 55 38 43 0.195658 4.93679 25.2317
33 55 39 44 0.152684 4.60483 30.1593
33 55 40 45 0.128052 4.33234 33.8325
33 55 41 46 0.118553 4.24392 35.7978
33 55 42 47 0.114699 4.10595 35.7978
33 55 43 48 0.126235 4.27085 33.8325
33 55 44 49 0.146105 4.40642 30.1593
33 55 45 50 0.183176 4.62183 25.2317
33 55 46 51 0.252878 4.9573 19.6035
33 55 47 52 0.40925 5.66062 13.8317
33 55 48 53 0.801419 6.73533 8.40426
33 55 49 54 2.32535 8.61256 3.70377
34 46 35 38 2.22999 8.93483 4.00667
34 46 36 39 0.804632 7.37282 9.16298
34 46 37 40 0.435961 6.16325 14.1372
34 46 38 41 0.323123 5.57322 17.248
34 46 39 42 0.332594 5.73657 17.248
34 46 40 43 0.434717 6.14566 14.1372
34 46 41 44 0.756223 6.92926 9.16298
34 46 42 45 2.16466 8.67308 4.00667
34 56 35 40 2.36571 8.76205 3.70377
34 56 36 41 0.86954 7.30784 8.40426
34 56 37 42 0.448226 6.19972 13.8317
34 56 38 43 0.280649 5.50171 19.6035
34 56 39 44 0.198565 5.01014 25.2317
34 56 40 45 0.152255 4.5919 30.1593
34 56 41 46 0.12957 4.38367 33.8325
34 56 42 47 0.115574 4.13729 35.7978
34 56 43 48 0.117295 4.1989 35.7978
34 56 44 49 0.125893 4.25927 33.8325
34 56 45 50 0.145338 4.38329 30.1593
34 56 46 51 0.181983 4.59173 25.2317
34 56 47 52 0.259623 5.08953 19.6035
34 56 48 53 0.418802 5.79273 13.8317
34 56 49 54 0.819858 6.8903 8.40426
34 56 50 55 2.21867 8.21744 3.70377
35 47 36 39 2.51296 10.0686 4.00667
35 47 37 40 0.83453 7.64678 9.16298
35 47 38 41 0.455739 6.44286 14.1372
35 47 39 42 0.346122 5.9699 17.248
35 47 40 43 0.334465 5.76885 17.248
35 47 41 44 0.425004 6.00836 14.1372
35 47 42 45 0.74589 6.83457 9.16298
35 47 43 46 2.42083 9.69948 4.00667
35 57 36 41 2.65977 9.85119 3.70377
35 57 37 42 0.904104 7.59833 8.40426
35 57 38 43 0.468679 6.48261 13.8317
35 57 39 44 0.29242 5.73246 19.6035
35 57 40 45 0.201871 5.09356 25.2317
35 57 41 46 0.156207 4.71111 30.1593
35 57 42 47 0.127594 4.31683 33.8325
35 57 43 48 0.119115 4.26405 35.7978
35 57 44 49 0.118619 4.2463 35.7978
35 57 45 50 0.126835 4.29114 33.8325
35 57 46 51 0.14589 4.39992 30.1593
35 57 47 52 0.189008 4.769 25.2317
35 57 48 53 0.268862 5.27065 19.6035
35 57 49 54 0.436506 6.03761 13.8317
35 57 50 55 0.814571 6.84587 8.40426
35 57 51 56 2.32586 8.61445 3.70377
36 48 37 40 2.30304 9.22753 4.00667
36 48 38 41 0.813484 7.45393 9.16298
36 48 39 42 0.460187 6.50574 14.1372
36 48 40 43 0.33366 5.75496 17.248
36 48 41 44 0.314958 5.43238 17.248
36 48 42 45 0.391262 5.53134 14.1372
36 48 43 46 0.730251 6.69128 9.16298
36 48 44 47 2.05732 8.24302 4.00667
36 58 37 42 2.44923 9.07139 3.70377
36 58 38 43 0.881575 7.40899 8.40426
36 58 39 44 0.463986 6.4177 13.8317
36 58 40 45 0.284545 5.57809 19.6035
36 58 41 46 0.199558 5.03519 25.2317
36 58 42 47 0.148962 4.49259 30.1593
36 58 43 48 0.128 4.33057 33.8325
36 58 44 49 0.118354 4.2368 35.7978
36 58 45 50 0.117422 4.20344 35.7978
36 58 46 51 0.124665 4.21774 33.8325
36 58 47 52 0.148179 4.46897 30.1593
36 58 48 53 0.190363 4.80317 25.2317
36 58 49 54 0.272523 5.34242 19.6035
36 58 50 55 0.423896 5.8632 13.8317
36 58 51 56 0.820011 6.89159 8.40426
36 58 52 57 2.30189 8.52568 3.70377
37 49 38 41 2.30008 9.21564 4.00667
37 49 39 42 0.834757 7.64886 9.16298
37 49 40 43 0.452726 6.40027 14.1372
37 49 41 44 0.326821 5.63699 17.248
37 49 42 45 0.304184 5.24655 17.248
37 49 43 46 0.411721 5.82056 14.1372
37 49 44 47 0.734997 6.73476 9.16298
37 49 45 48 2.32046 9.29733 4.00667
37 59 38 43 2.44261 9.04689 3.70377
37 59 39 44 0.889146 7.47262 8.40426
37 59 40 45 0.454373 6.28474 13.8317
37 59 41 46 0.281727 5.52285 19.6035
37 59 42 47 0.18982 4.78947 25.2317
37 59 43 48 0.148998 4.49368 30.1593
37 59 44 49 0.127494 4.31345 33.8325
37 59 45 50 0.117188 4.19508 35.7978
37 59 46 51 0.114876 4.11232 35.7978
37 59 47 52 0.125944 4.26099 33.8325
37 59 48 53 0.147735 4.45559 30.1593
37 59 49 54 0.191525 4.83251 25.2317
37 59 50 55 0.264075 5.1768 19.6035
37 59 51 56 0.42223 5.84014 13.8317
37 59 52 57 0.800408 6.72684 8.40426
37 59 53 58 2.38516 8.83411 3.70377
38 50 39 42 2.34212 9.38411 4.00667
38 50 40 43 0.809639 7.4187 9.16298
38 50 41 44 0.439449 6.21256 14.1372
38 50 42 45 0.309027 5.33009 17.248
38 50 43 46 0.313458 5.40651 17.248
38 50 44 47 0.416434 5.8872 14.1372
38 50 45 48 0.809211 7.41479 9.16298
38 50 46 49 2.2898 9.17447 4.00667
38 60 39 44 2.46456 9.12819 3.70377
38 60 40 45 0.860231 7.22961 8.40426
38 60 41 46 0.444485 6.14797 13.8317
38 60 42 47 0.264128 5.17785 19.6035
38 60 43 48 0.187799 4.73848 25.2317
38 60 44 49 0.14803 4.46448 30.1593
38 60 45 50 0.126008 4.26318 33.8325
38 60 46 51 0.114219 4.08879 35.7978
38 60 47 52 0.115961 4.15114 35.7978
38 60 48 53 0.125217 4.23641 33.8325
38 60 49 54 0.149094 4.49657 30.1593
38 60 50 55 0.187234 4.72422 25.2317
38 60 51 56 0.264238 5.17999 19.6035
38 60 52 57 0.414772 5.73699 13.8317
38 60 53 58 0.818102 6.87554 8.40426
38 60 54 59 2.32366 8.60629 3.70377
39 51 40 43 2.26036 9.0565 4.00667
39 51 41 44 0.786499 7.20668 9.16298
39 51 42 45 0.408146 5.77003 14.1372
39 51 43 46 0.311062 5.36518 17.248
39 51 44 47 0.314145 5.41837 17.248
39 51 45 48 0.443209 6.26572 14.1372
39 51 46 49 0.785432 7.1969 9.16298
39 51 47 50 2.25404 9.0312 4.00667
39 61 40 45 2.37738 8.80529 3.70377
39 61 41 46 0.841281 7.07035 8.40426
39 61 42 47 0.413557 5.72019 13.8317
39 61 43 48 0.260006 5.09703 19.6035
39 61 44 49 0.186767 4.71245 25.2317
39 61 45 50 0.146278 4.41163 30.1593
39 61 46 51 0.122361 4.13979 33.8325
39 61 47 52 0.115231 4.12502 35.7978
39 61 48 53 0.114945 4.11476 35.7978
39 61 49 54 0.126717 4.28714 33.8325
39 61 50 55 0.146777 4.42669 30.1593
39 61 51 56 0.187948 4.74225 25.2317
39 61 52 57 0.261039 5.11729 19.6035
39 61 53 58 0.424645 5.87355 13.8317
39 61 54 59 0.825314 6.93616 8.40426
39 61 55 60 2.2656 8.39128 3.70377
40 52 41 44 2.43532 9.75751 4.00667
40 52 42 45 0.756463 6.93145 9.16298
40 52 43 46 0.416018 5.88131 14.1372
40 52 44 47 0.314676 5.42753 17.248
40 52 45 48 0.325944 5.62187 17.248
40 52 46 49 0.41994 5.93676 14.1372
40 52 47 50 0.7542 6.91072 9.16298
40 52 48 51 2.20681 8.84195 4.00667
40 62 41 46 2.56306 9.49299 3.70377
40 62 42 47 0.814502 6.84529 8.40426
40 62 43 48 0.41964 5.80433 13.8317
40 62 44 49 0.265954 5.21365 19.6035
40 62 45 50 0.188422 4.75421 25.2317
40 62 46 51 0.143791 4.33665 30.1593
40 62 47 52 0.125035 4.23024 33.8325
40 62 48 53 0.115028 4.11776 35.7978
40 62 49 54 0.117756 4.21539 35.7978
40 62 50 55 0.12675 4.28828 33.8325
40 62 51 56 0.149312 4.50315 30.1593
40 62 52 57 0.188705 4.76134 25.2317
40 62 53 58 0.271266 5.31778 19.6035
40 62 54 59 0.441101 6.10117 13.8317
40 62 55 60 0.841659 7.07352 8.40426
40 62 56 61 2.34218 8.67489 3.70377
41 53 42 45 2.2188 8.89001 4.00667
41 53 43 46 0.756562 6.93236 9.16298
41 53 44 47 0.421107 5.95326 14.1372
41 53 45 48 0.32146 5.54452 17.248
41 53 46 49 0.306058 5.27888 17.248
41 53 47 50 0.399969 5.65442 14.1372
41 53 48 51 0.704829 6.45833 9.16298
41 53 49 52 2.1554 8.63596 4.00667
41 63 42 47 2.34897 8.70007 3.70377
41 63 43 48 0.812142 6.82545 8.40426
41 63 44 49 0.426728 5.90236 13.8317
41 63 45 50 0.266488 5.2241 19.6035
41 63 46 51 0.183082 4.61947 25.2317
41 63 47 52 0.145999 4.40323 30.1593
41 63 48 53 0.12352 4.17899 33.8325
41 63 49 54 0.117445 4.20428 35.7978
41 63 50 55 0.117698 4.21334 35.7978
41 63 51 56 0.128294 4.34051 33.8325
41 63 52 57 0.14904 4.49495 30.1593
41 63 53 58 0.194051 4.89623 25.2317
41 63 54 59 0.280024 5.48946 19.6035
41 63 55 60 0.448595 6.20481 13.8317
41 63 56 61 0.854333 7.18003 8.40426
41 63 57 62 2.28585 8.46629 3.70377
42 54 43 46 2.52536 10.1183 4.00667
42 54 44 47 0.838708 7.68506 9.16298
42 54 45 48 0.4521 6.39141 14.1372
42 54 46 49 0.313475 5.4068 17.248
42 54 47 50 0.303871 5.24116 17.248
42 54 48 51 0.383867 5.42679 14.1372
42 54 49 52 0.708868 6.49534 9.16298
42 54 50 53 2.08739 8.36348 4.00667
43 55 44 47 2.53847 10.1708 4.00667
43 55 45 48 0.843445 7.72847 9.16298
43 55 46 49 0.424712 6.00423 14.1372
43 55 47 50 0.313145 5.40111 17.248
43 55 48 51 0.296596 5.11567 17.248
43 55 49 52 0.405517 5.73286 14.1372
43 55 50 53 0.754995 6.918 9.16298
43 55 51 54 2.21232 8.86403 4.00667
44 56 45 48 2.40958 9.6544 4.00667
44 56 46 49 0.753314 6.9026 9.16298
44 56 47 50 0.41445 5.85915 14.1372
44 56 48 51 0.294175 5.07392 17.248
44 56 49 52 0.305043 5.26138 17.248
44 56 50 53 0.419929 5.9366 14.1372
44 56 51 54 0.771843 7.07238 9.16298
44 56 52 55 2.09619 8.39874 4.00667
45 57 46 49 2.18152 8.74061 4.00667
45 57 47 50 0.751354 6.88464 9.16298
45 57 48 51 0.386603 5.46548 14.1372
45 57 49 52 0.304598 5.25369 17.248
45 57 50 53 0.319536 5.51135 17.248
45 57 51 54 0.436158 6.16604 14.1372
45 57 52 55 0.758062 6.94611 9.16298
45 57 53 56 2.19189 8.78219 4.00667
46 58 47 50 2.42329 9.70931 4.00667
46 58 48 51 0.721348 6.6097 9.16298
46 58 49 52 0.410489 5.80316 14.1372
46 58 50 53 0.321017 5.53688 17.248
46 58 51 54 0.327735 5.65277 17.248
46 58 52 55 0.420066 5.93855 14.1372
46 58 53 56 0.758931 6.95406 9.16298
46 58 54 57 2.16695 8.68226 4.00667
47 59 48 51 2.03859 8.16797 4.00667
47 59 49 52 0.730225 6.69104 9.16298
47 59 50 53 0.420838 5.94946 14.1372
47 59 51 54 0.323437 5.57862 17.248
47 59 52 55 0.312861 5.39622 17.248
47 59 53 56 0.412746 5.83506 14.1372
47 59 54 57 0.738099 6.76319 9.16298
47 59 55 58 2.2623 9.06428 4.00667
48 60 49 52 2.29866 9.20997 4.00667
48 60 50 53 0.806085 7.38614 9.16298
48 60 51 54 0.446046 6.30582 14.1372
48 60 52 55 0.319935 5.51823 17.248
48 60 53 56 0.310539 5.35616 17.248
48 60 54 57 0.405615 5.73425 14.1372
48 60 55 58 0.765365 7.01303 9.16298
48 60 56 59 2.20311 8.82711 4.00667
49 61 50 53 2.29853 9.20946 4.00667
49 61 51 54 0.798805 7.31944 9.16298
49 61 52 55 0.423343 5.98487 14.1372
49 61 53 56 0.306493 5.28639 17.248
49 61 54 57 0.301699 5.20369 17.248
49 61 55 58 0.421046 5.95239 14.1372
49 61 56 59 0.772942 7.08245 9.16298
49 61 57 60 2.14525 8.59529 4.00667
50 62 51 54 2.27481 9.1144 4.00667
50 62 52 55 0.760075 6.96455 9.16298
50 62 53 56 0.400989 5.66885 14.1372
50 62 54 57 0.297599 5.13298 17.248
50 62 55 58 0.316539 5.45965 17.248
50 62 56 59 0.436822 6.17542 14.1372
50 62 57 60 0.787571 7.2165 9.16298
50 62 58 61 2.21084 8.85811 4.00667
51 63 52 55 2.2289 8.93047 4.00667
51 63 53 56 0.714543 6.54734 9.16298
51 63 54 57 0.386643 5.46603 14.1372
51 63 55 58 0.310408 5.35391 17.248
51 63 56 59 0.326216 5.62657 17.248
51 63 57 60 0.444741 6.28738 14.1372
51 63 58 61 0.794285 7.27801 9.16298
51 63 59 62 2.14441 8.59195 4.00667
