64
# x y z
0.0 0.0 0.0
0.5 0.0 0.0
1.0 0.0 0.0
1.5 0.0 0.0
2.0 0.0 0.0
2.5 0.0 0.0
3.0 0.0 0.0
3.5 0.0 0.0
4.0 0.0 0.0
4.5 0.0 0.0
5.0 0.0 0.0
5.5 0.0 0.0
6.0 0.0 0.0
6.5 0.0 0.0
7.0 0.0 0.0
7.5 0.0 0.0
8.0 0.0 0.0
8.5 0.0 0.0
9.0 0.0 0.0
9.5 0.0 0.0
10.0 0.0 0.0
10.5 0.0 0.0
11.0 0.0 0.0
11.5 0.0 0.0
12.0 0.0 0.0
12.5 0.0 0.0
13.0 0.0 0.0
13.5 0.0 0.0
14.0 0.0 0.0
14.5 0.0 0.0
15.0 0.0 0.0
15.5 0.0 0.0
16.0 0.0 0.0
16.5 0.0 0.0
17.0 0.0 0.0
17.5 0.0 0.0
18.0 0.0 0.0
18.5 0.0 0.0
19.0 0.0 0.0
19.5 0.0 0.0
20.0 0.0 0.0
20.5 0.0 0.0
21.0 0.0 0.0
21.5 0.0 0.0
22.0 0.0 0.0
22.5 0.0 0.0
23.0 0.0 0.0
23.5 0.0 0.0
24.0 0.0 0.0
24.5 0.0 0.0
25.0 0.0 0.0
25.5 0.0 0.0
26.0 0.0 0.0
26.5 0.0 0.0
27.0 0.0 0.0
27.5 0.0 0.0
28.0 0.0 0.0
28.5 0.0 0.0
29.0 0.0 0.0
29.5 0.0 0.0
30.0 0.0 0.0
30.5 0.0 0.0
31.0 0.0 0.0
31.5 0.0 0.0
1208
# a b m n r rhoa k
1 13 2 5 2.41932 9.69342 4.00667
1 13 3 6 0.824591 7.55571 9.16298
1 13 4 7 0.450712 6.3718 14.1372
1 13 5 8 0.334169 5.76372 17.248
1 13 6 9 0.306695 5.28986 17.248
1 13 7 10 0.432465 6.11383 14.1372
1 13 8 11 0.779886 7.14608 9.16298
1 13 9 12 2.23914 8.97151 4.00667
1 23 2 7 2.55923 9.47882 3.70377
1 23 3 8 0.88053 7.40021 8.40426
1 23 4 9 0.449531 6.21777 13.8317
1 23 5 10 0.285405 5.59495 19.6035
1 23 6 11 0.197381 4.98025 25.2317
1 23 7 12 0.154123 4.64825 30.1593
1 23 8 13 0.134631 4.5549 33.8325
1 23 9 14 0.12833 4.59392 35.7978
1 23 10 15 0.123205 4.41045 35.7978
1 23 11 16 0.135988 4.60082 33.8325
1 23 12 17 0.163362 4.92689 30.1593
1 23 13 18 0.20577 5.19193 25.2317
1 23 14 19 0.295251 5.78796 19.6035
1 23 15 20 0.449562 6.2182 13.8317
1 23 16 21 0.865359 7.2727 8.40426
1 23 17 22 2.55043 9.4462 3.70377
1 55 2 9 2.60727 9.33051 3.57865
1 55 5 12 0.291272 5.63643 19.3511
1 55 8 15 0.109046 4.55849 41.8032
1 55 11 18 0.0626805 4.3301 69.0821
1 55 14 21 0.0418924 4.11991 98.345
1 55 17 24 0.0328012 4.12786 125.845
1 55 20 27 0.0281154 4.1443 147.403
1 55 23 30 0.0260936 4.15659 159.296
1 55 26 33 0.0262878 4.18754 159.296
1 55 29 36 0.0289155 4.26224 147.403
1 55 32 39 0.0324444 4.08296 125.845
1 55 35 42 0.0419802 4.12855 98.345
1 55 38 45 0.0609206 4.20852 69.0821
1 55 41 48 0.108662 4.5424 41.8032
1 55 44 51 0.263507 5.09916 19.3511
1 55 47 54 2.4505 8.76948 3.57865
2 14 3 6 2.06731 8.28304 4.00667
2 14 4 7 0.742341 6.80205 9.16298
2 14 5 8 0.425881 6.02075 14.1372
2 14 6 9 0.303741 5.23891 17.248
2 14 7 10 0.318015 5.48512 17.248
2 14 8 11 0.424644 6.00327 14.1372
2 14 9 12 0.769908 7.05465 9.16298
2 14 10 13 2.09799 8.40594 4.00667
2 24 3 8 2.18557 8.09486 3.70377
2 24 4 9 0.789026 6.63118 8.40426
2 24 5 10 0.4276 5.91442 13.8317
2 24 6 11 0.264596 5.18701 19.6035
2 24 7 12 0.189585 4.78355 25.2317
2 24 8 13 0.152664 4.60424 30.1593
2 24 9 14 0.136061 4.60327 33.8325
2 24 10 15 0.121583 4.35238 35.7978
2 24 11 16 0.124402 4.4533 35.7978
2 24 12 17 0.138006 4.66908 33.8325
2 24 13 18 0.159564 4.81235 30.1593
2 24 14 19 0.208043 5.24929 25.2317
2 24 15 20 0.285181 5.59055 19.6035
2 24 16 21 0.45894 6.34791 13.8317
2 24 17 22 0.934652 7.85506 8.40426
2 24 18 23 2.8269 10.4702 3.70377
2 56 3 10 2.2365 8.00366 3.57865
2 56 6 13 0.271512 5.25406 19.3511
2 56 9 16 0.1105 4.61925 41.8032
2 56 12 19 0.0621995 4.29687 69.0821
2 56 15 22 0.0426875 4.1981 98.345
2 56 18 25 0.0329502 4.14661 125.845
2 56 21 28 0.0282173 4.15933 147.403
2 56 24 31 0.0261917 4.17222 159.296
2 56 27 34 0.0267153 4.25563 159.296
2 56 30 37 0.0287009 4.23061 147.403
2 56 33 40 0.0325729 4.09914 125.845
2 56 36 43 0.0421934 4.14951 98.345
2 56 39 46 0.0621255 4.29176 69.0821
2 56 42 49 0.109312 4.56959 41.8032
2 56 45 52 0.279357 5.40587 19.3511
2 56 48 55 2.35702 8.43496 3.57865
3 15 4 7 1.93665 7.75952 4.00667
3 15 5 8 0.738746 6.76912 9.16298
3 15 6 9 0.397953 5.62593 14.1372
3 15 7 10 0.317241 5.47177 17.248
3 15 8 11 0.329294 5.67965 17.248
3 15 9 12 0.461243 6.52067 14.1372
3 15 10 13 0.835176 7.6527 9.16298
3 15 11 14 2.32163 9.30202 4.00667
3 25 4 9 2.04576 7.57704 3.70377
3 25 5 10 0.786418 6.60926 8.40426
3 25 6 11 0.4053 5.60598 13.8317
3 25 7 12 0.258428 5.0661 19.6035
3 25 8 13 0.189143 4.77239 25.2317
3 25 9 14 0.156365 4.71587 30.1593
3 25 10 15 0.129436 4.37915 33.8325
3 25 11 16 0.122406 4.38186 35.7978
3 25 12 17 0.125319 4.48613 35.7978
3 25 13 18 0.133152 4.50486 33.8325
3 25 14 19 0.158349 4.77569 30.1593
3 25 15 20 0.197721 4.98884 25.2317
3 25 16 21 0.277303 5.43612 19.6035
3 25 17 22 0.455195 6.29611 13.8317
3 25 18 23 0.894013 7.51352 8.40426
3 25 19 24 2.35286 8.71446 3.70377
3 57 4 11 2.1 7.51515 3.57865
3 57 7 14 0.265356 5.13494 19.3511
3 57 10 17 0.107793 4.50611 41.8032
3 57 13 20 0.0602684 4.16346 69.0821
3 57 16 23 0.0425212 4.18175 98.345
3 57 19 26 0.0325612 4.09765 125.845
3 57 22 29 0.0281606 4.15097 147.403
3 57 25 32 0.0259928 4.14053 159.296
3 57 28 35 0.02699 4.29939 159.296
3 57 31 38 0.0279758 4.12373 147.403
3 57 34 41 0.0325438 4.09547 125.845
3 57 37 44 0.0417259 4.10353 98.345
3 57 40 47 0.0617371 4.26493 69.0821
3 57 43 50 0.107996 4.5146 41.8032
3 57 46 53 0.28509 5.51681 19.3511
3 57 49 56 2.41142 8.62964 3.57865
4 16 5 8 2.2592 9.05186 4.00667
4 16 6 9 0.736109 6.74495 9.16298
4 16 7 10 0.417596 5.90363 14.1372
4 16 8 11 0.322435 5.56135 17.248
4 16 9 12 0.345843 5.96509 17.248
4 16 10 13 0.466956 6.60144 14.1372
4 16 11 14 0.836475 7.6646 9.16298
4 16 12 15 2.22121 8.89964 4.00667
4 26 5 10 2.37725 8.80481 3.70377
4 26 6 11 0.797312 6.70082 8.40426
4 26 7 12 0.415821 5.7515 13.8317
4 26 8 13 0.265934 5.21325 19.6035
4 26 9 14 0.200539 5.05993 25.2317
4 26 10 15 0.15217 4.58933 30.1593
4 26 11 16 0.132945 4.49788 33.8325
4 26 12 17 0.12581 4.50371 35.7978
4 26 13 18 0.123355 4.41582 35.7978
4 26 14 19 0.135309 4.57784 33.8325
4 26 15 20 0.156478 4.71925 30.1593
4 26 16 21 0.198325 5.00407 25.2317
4 26 17 22 0.28512 5.58937 19.6035
4 26 18 23 0.464508 6.42492 13.8317
4 26 19 24 0.845973 7.10977 8.40426
4 26 20 25 2.29592 8.50357 3.70377
4 58 5 12 2.42841 8.69042 3.57865
4 58 8 15 0.269654 5.21811 19.3511
4 58 11 18 0.109617 4.58234 41.8032
4 58 14 21 0.0607619 4.19756 69.0821
4 58 17 24 0.0420199 4.13245 98.345
4 58 20 27 0.0327597 4.12264 125.845
4 58 23 30 0.0279865 4.1253 147.403
4 58 26 33 0.0260988 4.15743 159.296
4 58 29 36 0.0266457 4.24453 159.296
4 58 32 39 0.0276383 4.07398 147.403
4 58 35 42 0.0324023 4.07767 125.845
4 58 38 45 0.041738 4.10473 98.345
4 58 41 48 0.0615745 4.25369 69.0821
4 58 44 51 0.105648 4.41643 41.8032
4 58 47 54 0.283418 5.48446 19.3511
4 58 50 57 2.03819 7.29398 3.57865
5 17 6 9 2.16046 8.65623 4.00667
5 17 7 10 0.743156 6.80952 9.16298
5 17 8 11 0.413592 5.84702 14.1372
5 17 9 12 0.336253 5.79967 17.248
5 17 10 13 0.339148 5.8496 17.248
5 17 11 14 0.452927 6.40311 14.1372
5 17 12 15 0.780635 7.15294 9.16298
5 17 13 16 2.30102 9.21942 4.00667
5 27 6 11 2.29522 8.50099 3.70377
5 27 7 12 0.795603 6.68646 8.40426
5 27 8 13 0.416865 5.76594 13.8317
5 27 9 14 0.280538 5.49954 19.6035
5 27 10 15 0.193268 4.87647 25.2317
5 27 11 16 0.155563 4.69166 30.1593
5 27 12 17 0.136442 4.61618 33.8325
5 27 13 18 0.124254 4.44802 35.7978
5 27 14 19 0.126589 4.53159 35.7978
5 27 15 20 0.137089 4.63805 33.8325
5 27 16 21 0.160277 4.83385 30.1593
5 27 17 22 0.209649 5.2898 25.2317
5 27 18 23 0.305871 5.99615 19.6035
5 27 19 24 0.47781 6.60892 13.8317
5 27 20 25 0.910807 7.65466 8.40426
5 27 21 26 2.52725 9.36036 3.70377
5 59 6 13 2.34964 8.40853 3.57865
5 59 9 16 0.284284 5.50121 19.3511
5 59 12 19 0.110965 4.63868 41.8032
5 59 15 22 0.0628366 4.34089 69.0821
5 59 18 25 0.0424861 4.17829 98.345
5 59 21 28 0.0330098 4.15412 125.845
5 59 24 31 0.0281682 4.15208 147.403
5 59 27 34 0.0265973 4.23683 159.296
5 59 30 37 0.0264117 4.20727 159.296
5 59 33 40 0.0276572 4.07677 147.403
5 59 36 43 0.0324394 4.08233 125.845
5 59 39 46 0.0423515 4.16506 98.345
5 59 42 49 0.0613177 4.23595 69.0821
5 59 45 52 0.109175 4.56385 41.8032
5 59 48 55 0.277046 5.36116 19.3511
5 59 51 58 2.58892 9.26484 3.57865
6 18 7 10 2.26203 9.0632 4.00667
6 18 8 11 0.752204 6.89243 9.16298
6 18 9 12 0.450559 6.36963 14.1372
6 18 10 13 0.336322 5.80087 17.248
6 18 11 14 0.342972 5.91557 17.248
6 18 12 15 0.445223 6.29419 14.1372
6 18 13 16 0.845549 7.74774 9.16298
6 18 14 17 2.60048 10.4193 4.00667
6 28 7 12 2.38648 8.83896 3.70377
6 28 8 13 0.810532 6.81192 8.40426
6 28 9 14 0.453239 6.26905 13.8317
6 28 10 15 0.273432 5.36023 19.6035
6 28 11 16 0.199219 5.02663 25.2317
6 28 12 17 0.160273 4.83371 30.1593
6 28 13 18 0.134269 4.54265 33.8325
6 28 14 19 0.126188 4.51726 35.7978
6 28 15 20 0.127451 4.56245 35.7978
6 28 16 21 0.137262 4.64392 33.8325
6 28 17 22 0.163771 4.93921 30.1593
6 28 18 23 0.217363 5.48443 25.2317
6 28 19 24 0.30479 5.97496 19.6035
6 28 20 25 0.493383 6.82431 13.8317
6 28 21 26 0.947887 7.96629 8.40426
6 28 22 27 2.57928 9.55306 3.70377
6 60 7 14 2.44319 8.74332 3.57865
6 60 10 17 0.281719 5.45158 19.3511
6 60 13 20 0.109149 4.56278 41.8032
6 60 16 23 0.0632145 4.36699 69.0821
6 60 19 26 0.0422958 4.15958 98.345
6 60 22 29 0.0330679 4.16142 125.845
6 60 25 32 0.0279097 4.11398 147.403
6 60 28 35 0.0268312 4.2741 159.296
6 60 31 38 0.0257368 4.09975 159.296
6 60 34 41 0.0274503 4.04626 147.403
6 60 37 44 0.0318276 4.00534 125.845
6 60 40 47 0.0415362 4.08488 98.345
6 60 43 50 0.0596343 4.11966 69.0821
6 60 46 53 0.10766 4.50053 41.8032
6 60 49 56 0.269018 5.2058 19.3511
6 60 52 59 2.24267 8.02575 3.57865
7 19 8 11 2.02995 8.13332 4.00667
7 19 9 12 0.792587 7.26246 9.16298
7 19 10 13 0.428999 6.06484 14.1372
7 19 11 14 0.333012 5.74378 17.248
7 19 12 15 0.328197 5.66073 17.248
7 19 13 16 0.447881 6.33177 14.1372
7 19 14 17 0.846599 7.75737 9.16298
7 19 15 18 2.41078 9.65919 4.00667
7 29 8 13 2.16017 8.00077 3.70377
7 29 9 14 0.851263 7.15424 8.40426
7 29 10 15 0.424427 5.87053 13.8317
7 29 11 16 0.274982 5.39062 19.6035
7 29 12 17 0.201645 5.08785 25.2317
7 29 13 18 0.154809 4.66892 30.1593
7 29 14 19 0.134285 4.54322 33.8325
7 29 15 20 0.126615 4.53254 35.7978
7 29 16 21 0.125749 4.50153 35.7978
7 29 17 22 0.137163 4.64057 33.8325
7 29 18 23 0.166281 5.0149 30.1593
7 29 19 24 0.212027 5.3498 25.2317
7 29 20 25 0.304593 5.9711 19.6035
7 29 21 26 0.485466 6.7148 13.8317
7 29 22 27 0.909941 7.64738 8.40426
7 29 23 28 2.67777 9.91787 3.70377
7 61 8 15 2.20885 7.90469 3.57865
7 61 11 18 0.281915 5.45537 19.3511
7 61 14 21 0.10861 4.54024 41.8032
7 61 17 24 0.0619449 4.27928 69.0821
7 61 20 27 0.0425227 4.18189 98.345
7 61 23 30 0.0327916 4.12665 125.845
7 61 26 33 0.0281324 4.14682 147.403
7 61 29 36 0.026557 4.2304 159.296
7 61 32 39 0.0255705 4.07327 159.296
7 61 35 42 0.0274742 4.04978 147.403
7 61 38 45 0.0322937 4.064 125.845
7 61 41 48 0.0421025 4.14058 98.345
7 61 44 51 0.0600855 4.15083 69.0821
7 61 47 54 0.111053 4.64235 41.8032
7 61 50 57 0.266633 5.15965 19.3511
7 61 53 60 2.29596 8.21645 3.57865
8 20 9 12 2.1883 8.76779 4.00667
8 20 10 13 0.732708 6.71379 9.16298
8 20 11 14 0.429384 6.07027 14.1372
8 20 12 15 0.328249 5.66163 17.248
8 20 13 16 0.336377 5.80182 17.248
8 20 14 17 0.476405 6.73501 14.1372
8 20 15 18 0.873782 8.00645 9.16298
8 20 16 19 2.5211 10.1012 4.00667
8 30 9 14 2.31763 8.58399 3.70377
8 30 10 15 0.7778 6.53684 8.40426
8 30 11 16 0.423745 5.86111 13.8317
8 30 12 17 0.277092 5.43199 19.6035
8 30 13 18 0.193071 4.87152 25.2317
8 30 14 19 0.153909 4.64179 30.1593
8 30 15 20 0.135567 4.58657 33.8325
8 30 16 21 0.124628 4.4614 35.7978
8 30 17 22 0.124824 4.46842 35.7978
8 30 18 23 0.139182 4.70887 33.8325
8 30 19 24 0.16286 4.91174 30.1593
8 30 20 25 0.212815 5.36967 25.2317
8 30 21 26 0.299296 5.86726 19.6035
8 30 22 27 0.466548 6.45314 13.8317
8 30 23 28 0.926255 7.78449 8.40426
8 30 24 29 2.6056 9.65057 3.70377
8 62 9 16 2.36638 8.46846 3.57865
8 62 12 19 0.282514 5.46697 19.3511
8 62 15 22 0.111914 4.67838 41.8032
8 62 18 25 0.0620989 4.28992 69.0821
8 62 21 28 0.0425215 4.18178 98.345
8 62 24 31 0.0328572 4.1349 125.845
8 62 27 34 0.0286417 4.22189 147.403
8 62 30 37 0.0263503 4.19748 159.296
8 62 33 40 0.0256162 4.08055 159.296
8 62 36 43 0.0276312 4.07293 147.403
8 62 39 46 0.0329361 4.14484 125.845
8 62 42 49 0.0421706 4.14727 98.345
8 62 45 52 0.0624098 4.3114 69.0821
8 62 48 55 0.110948 4.63796 41.8032
8 62 51 58 0.297832 5.76339 19.3511
8 62 54 61 2.51027 8.98336 3.57865
9 21 10 13 1.8548 7.43157 4.00667
9 21 11 14 0.717056 6.57037 9.16298
9 21 12 15 0.416143 5.88309 14.1372
9 21 13 16 0.318177 5.48791 17.248
9 21 14 17 0.342158 5.90152 17.248
9 21 15 18 0.475787 6.72629 14.1372
9 21 16 19 0.865002 7.92599 9.16298
9 21 17 20 2.17991 8.73417 4.00667
9 31 10 15 1.96314 7.27103 3.70377
9 31 11 16 0.760293 6.3897 8.40426
9 31 12 17 0.419869 5.80749 13.8317
9 31 13 18 0.259293 5.08306 19.6035
9 31 14 19 0.188372 4.75293 25.2317
9 31 15 20 0.154701 4.66569 30.1593
9 31 16 21 0.131996 4.46577 33.8325
9 31 17 22 0.121973 4.36637 35.7978
9 31 18 23 0.125721 4.50053 35.7978
9 31 19 24 0.135969 4.60016 33.8325
9 31 20 25 0.163564 4.93298 30.1593
9 31 21 26 0.208536 5.26171 25.2317
9 31 22 27 0.287539 5.63679 19.6035
9 31 23 28 0.472925 6.54134 13.8317
9 31 24 29 0.909019 7.63963 8.40426
9 31 25 30 2.6112 9.6713 3.70377
9 63 10 17 2.01854 7.22364 3.57865
9 63 13 20 0.264081 5.11027 19.3511
9 63 16 23 0.109143 4.56253 41.8032
9 63 19 26 0.0603565 4.16955 69.0821
9 63 22 29 0.0418647 4.11719 98.345
9 63 25 32 0.0321549 4.04653 125.845
9 63 28 35 0.0286293 4.22005 147.403
9 63 31 38 0.025514 4.06427 159.296
9 63 34 41 0.0252646 4.02454 159.296
9 63 37 44 0.0270257 3.98368 147.403
9 63 40 47 0.0322447 4.05783 125.845
9 63 43 50 0.0410456 4.03663 98.345
9 63 46 53 0.0614765 4.24693 69.0821
9 63 49 56 0.108357 4.52967 41.8032
9 63 52 59 0.285407 5.52295 19.3511
9 63 55 62 2.05123 7.34063 3.57865
10 22 11 14 2.31313 9.26794 4.00667
10 22 12 15 0.822296 7.53468 9.16298
10 22 13 16 0.433068 6.12236 14.1372
10 22 14 17 0.336087 5.79682 17.248
10 22 15 18 0.355874 6.1381 17.248
10 22 16 19 0.477696 6.75327 14.1372
10 22 17 20 0.787405 7.21498 9.16298
10 22 18 21 2.26132 9.06035 4.00667
10 32 11 16 2.43262 9.00986 3.70377
10 32 12 17 0.886078 7.44683 8.40426
10 32 13 18 0.436588 6.03874 13.8317
10 32 14 19 0.273927 5.36994 19.6035
10 32 15 20 0.204369 5.15658 25.2317
10 32 16 21 0.158918 4.79284 30.1593
10 32 17 22 0.133949 4.53183 33.8325
10 32 18 23 0.126692 4.53527 35.7978
10 32 19 24 0.126131 4.5152 35.7978
10 32 20 25 0.140134 4.7411 33.8325
10 32 21 26 0.163802 4.94014 30.1593
10 32 22 27 0.204929 5.1707 25.2317
10 32 23 28 0.29733 5.82872 19.6035
10 32 24 29 0.480453 6.64546 13.8317
10 32 25 30 0.946485 7.9545 8.40426
10 32 26 31 2.56759 9.50978 3.70377
11 23 12 15 2.33715 9.36417 4.00667
11 23 13 16 0.76928 7.0489 9.16298
11 23 14 17 0.430503 6.08609 14.1372
11 23 15 18 0.349358 6.02571 17.248
11 23 16 19 0.352959 6.08782 17.248
11 23 17 20 0.438534 6.19963 14.1372
11 23 18 21 0.801828 7.34714 9.16298
11 23 19 22 2.40389 9.63158 4.00667
11 33 12 17 2.47852 9.17988 3.70377
11 33 13 18 0.830867 6.98282 8.40426
11 33 14 19 0.430033 5.94807 13.8317
11 33 15 20 0.287879 5.64344 19.6035
11 33 16 21 0.203564 5.13627 25.2317
11 33 17 22 0.156412 4.71726 30.1593
11 33 18 23 0.136111 4.60498 33.8325
11 33 19 24 0.124949 4.47289 35.7978
11 33 20 25 0.12854 4.60146 35.7978
11 33 21 26 0.138455 4.68427 33.8325
11 33 22 27 0.158595 4.7831 30.1593
11 33 23 28 0.207157 5.22692 25.2317
11 33 24 29 0.297242 5.827 19.6035
11 33 25 30 0.488851 6.76163 13.8317
11 33 26 31 0.949224 7.97753 8.40426
11 33 27 32 2.40275 8.89926 3.70377
12 24 13 16 2.19646 8.80047 4.00667
12 24 14 17 0.756309 6.93004 9.16298
12 24 15 18 0.462931 6.54453 14.1372
12 24 16 19 0.352856 6.08604 17.248
12 24 17 20 0.333863 5.75846 17.248
12 24 18 21 0.452984 6.4039 14.1372
12 24 19 22 0.871067 7.98157 9.16298
12 24 20 23 2.6984 10.8116 4.00667
12 34 13 18 2.33652 8.65395 3.70377
12 34 14 19 0.813286 6.83506 8.40426
12 34 15 20 0.46128 6.38027 13.8317
12 34 16 21 0.289645 5.67807 19.6035
12 34 17 22 0.200677 5.06342 25.2317
12 34 18 23 0.159539 4.81158 30.1593
12 34 19 24 0.13465 4.55556 33.8325
12 34 20 25 0.12813 4.58677 35.7978
12 34 21 26 0.127412 4.56107 35.7978
12 34 22 27 0.13435 4.54541 33.8325
12 34 23 28 0.15952 4.811 30.1593
12 34 24 29 0.207292 5.23032 25.2317
12 34 25 30 0.300278 5.8865 19.6035
12 34 26 31 0.491025 6.7917 13.8317
12 34 27 32 0.909048 7.63988 8.40426
12 34 28 33 2.57918 9.55271 3.70377
13 25 14 17 2.07899 8.32982 4.00667
13 25 15 18 0.836156 7.66168 9.16298
13 25 16 19 0.471662 6.66797 14.1372
13 25 17 20 0.333897 5.75904 17.248
13 25 18 21 0.333431 5.751 17.248
13 25 19 22 0.452012 6.39017 14.1372
13 25 20 23 0.844268 7.73601 9.16298
13 25 21 24 2.22907 8.93115 4.00667
13 35 14 19 2.21605 8.20774 3.70377
13 35 15 20 0.894436 7.51708 8.40426
13 35 16 21 0.470934 6.51381 13.8317
13 35 17 22 0.286969 5.62561 19.6035
13 35 18 23 0.206181 5.20228 25.2317
13 35 19 24 0.158354 4.77586 30.1593
13 35 20 25 0.138722 4.6933 33.8325
13 35 21 26 0.126942 4.54422 35.7978
13 35 22 27 0.122928 4.40055 35.7978
13 35 23 28 0.132605 4.48637 33.8325
13 35 24 29 0.156517 4.72044 30.1593
13 35 25 30 0.202492 5.10921 25.2317
13 35 26 31 0.290253 5.68999 19.6035
13 35 27 32 0.449571 6.21833 13.8317
13 35 28 33 0.860007 7.22772 8.40426
13 35 29 34 2.28568 8.46565 3.70377
14 26 15 18 2.32436 9.31294 4.00667
14 26 16 19 0.841877 7.7141 9.16298
14 26 17 20 0.445916 6.30399 14.1372
14 26 18 21 0.337316 5.81802 17.248
14 26 19 22 0.337933 5.82865 17.248
14 26 20 23 0.468156 6.6184 14.1372
14 26 21 24 0.795003 7.28459 9.16298
14 26 22 25 2.15633 8.6397 4.00667
14 36 15 20 2.45902 9.10767 3.70377
14 36 16 21 0.89564 7.52719 8.40426
14 36 17 22 0.454386 6.28492 13.8317
14 36 18 23 0.289741 5.67994 19.6035
14 36 19 24 0.20133 5.07989 25.2317
14 36 20 25 0.162522 4.90154 30.1593
14 36 21 26 0.137573 4.65444 33.8325
14 36 22 27 0.123472 4.42003 35.7978
14 36 23 28 0.122505 4.38542 35.7978
14 36 24 29 0.133295 4.50971 33.8325
14 36 25 30 0.157411 4.74741 30.1593
14 36 26 31 0.204832 5.16825 25.2317
14 36 27 32 0.284238 5.57207 19.6035
14 36 28 33 0.455399 6.29893 13.8317
14 36 29 34 0.868788 7.30152 8.40426
14 36 30 35 2.58537 9.57564 3.70377
15 27 16 19 2.24075 8.97792 4.00667
15 27 17 20 0.780338 7.15022 9.16298
15 27 18 21 0.447284 6.32332 14.1372
15 27 19 22 0.337591 5.82275 17.248
15 27 20 23 0.36259 6.25394 17.248
15 27 21 24 0.476954 6.74278 14.1372
15 27 22 25 0.844319 7.73647 9.16298
15 27 23 26 2.37023 9.49672 4.00667
15 37 16 21 2.36333 8.75325 3.70377
15 37 17 22 0.839625 7.05643 8.40426
15 37 18 23 0.45158 6.24611 13.8317
15 37 19 24 0.27712 5.43253 19.6035
15 37 20 25 0.204255 5.15369 25.2317
15 37 21 26 0.159313 4.80477 30.1593
15 37 22 27 0.132578 4.48546 33.8325
15 37 23 28 0.121335 4.34352 35.7978
15 37 24 29 0.122048 4.36905 35.7978
15 37 25 30 0.132384 4.47888 33.8325
15 37 26 31 0.157844 4.76046 30.1593
15 37 27 32 0.19988 5.04332 25.2317
15 37 28 33 0.281609 5.52053 19.6035
15 37 29 34 0.448872 6.20866 13.8317
15 37 30 35 0.88954 7.47592 8.40426
15 37 31 36 2.33545 8.64999 3.70377
16 28 17 20 2.2948 9.19451 4.00667
16 28 18 21 0.847458 7.76524 9.16298
16 28 19 22 0.455497 6.43944 14.1372
16 28 20 23 0.364683 6.29003 17.248
16 28 21 24 0.365764 6.30869 17.248
16 28 22 25 0.487582 6.89303 14.1372
16 28 23 26 0.875276 8.02013 9.16298
16 28 24 27 2.42976 9.73525 4.00667
16 38 17 22 2.43673 9.02509 3.70377
16 38 18 23 0.911735 7.66246 8.40426
16 38 19 24 0.456961 6.32054 13.8317
16 38 20 25 0.297121 5.82462 19.6035
16 38 21 26 0.20934 5.28199 25.2317
16 38 22 27 0.159647 4.81484 30.1593
16 38 23 28 0.134051 4.53528 33.8325
16 38 24 29 0.124567 4.45923 35.7978
16 38 25 30 0.124434 4.45446 35.7978
16 38 26 31 0.137229 4.6428 33.8325
16 38 27 32 0.161104 4.85877 30.1593
16 38 28 33 0.20649 5.2101 25.2317
16 38 29 34 0.293315 5.75002 19.6035
16 38 30 35 0.486492 6.729 13.8317
16 38 31 36 0.900896 7.57137 8.40426
16 38 32 37 2.52403 9.34842 3.70377
17 29 18 21 2.56778 10.2882 4.00667
17 29 19 22 0.837085 7.67019 9.16298
17 29 20 23 0.488144 6.90098 14.1372
17 29 21 24 0.365397 6.30235 17.248
17 29 22 25 0.364175 6.28128 17.248
17 29 23 26 0.47667 6.73877 14.1372
17 29 24 27 0.843776 7.7315 9.16298
17 29 25 28 2.53093 10.1406 4.00667
17 39 18 23 2.71727 10.0642 3.70377
17 39 19 24 0.901071 7.57283 8.40426
17 39 20 25 0.487171 6.73839 13.8317
17 39 21 26 0.302616 5.93235 19.6035
17 39 22 27 0.209116 5.27635 25.2317
17 39 23 28 0.160021 4.82612 30.1593
17 39 24 29 0.13677 4.62729 33.8325
17 39 25 30 0.125483 4.49202 35.7978
17 39 26 31 0.127771 4.57392 35.7978
17 39 27 32 0.139397 4.71615 33.8325
17 39 28 33 0.163754 4.9387 30.1593
17 39 29 34 0.210914 5.32171 25.2317
17 39 30 35 0.309093 6.05931 19.6035
17 39 31 36 0.482814 6.67812 13.8317
17 39 32 37 0.927849 7.79788 8.40426
17 39 33 38 2.35176 8.7104 3.70377
18 30 19 22 2.38704 9.56407 4.00667
18 30 20 23 0.873641 8.00516 9.16298
18 30 21 24 0.481435 6.80612 14.1372
18 30 22 25 0.361039 6.22719 17.248
18 30 23 26 0.352614 6.08187 17.248
18 30 24 27 0.459817 6.50052 14.1372
18 30 25 28 0.860571 7.88539 9.16298
18 30 26 29 2.46278 9.86754 4.00667
18 40 19 24 2.53137 9.37561 3.70377
18 40 20 25 0.933054 7.84163 8.40426
18 40 21 26 0.481672 6.66233 13.8317
18 40 22 27 0.295556 5.79393 19.6035
18 40 23 28 0.204688 5.16464 25.2317
18 40 24 29 0.160217 4.83202 30.1593
18 40 25 30 0.134691 4.55693 33.8325
18 40 26 31 0.126743 4.53712 35.7978
18 40 27 32 0.128632 4.60473 35.7978
18 40 28 33 0.139148 4.70772 33.8325
18 40 29 34 0.163747 4.9385 30.1593
18 40 30 35 0.216353 5.45896 25.2317
18 40 31 36 0.300213 5.88524 19.6035
18 40 32 37 0.478536 6.61896 13.8317
18 40 33 38 0.849684 7.14097 8.40426
18 40 34 39 2.31053 8.55769 3.70377
19 31 20 23 2.51932 10.0941 4.00667
19 31 21 24 0.868805 7.96084 9.16298
19 31 22 25 0.481972 6.81372 14.1372
19 31 23 26 0.352089 6.07281 17.248
19 31 24 27 0.343134 5.91837 17.248
19 31 25 28 0.466001 6.58793 14.1372
19 31 26 29 0.847328 7.76405 9.16298
19 31 27 30 2.48037 9.93803 4.00667
19 41 20 25 2.66149 9.85756 3.70377
19 41 21 26 0.930164 7.81734 8.40426
19 41 22 27 0.477623 6.60633 13.8317
19 41 23 28 0.292484 5.73371 19.6035
19 41 24 29 0.207251 5.22929 25.2317
19 41 25 30 0.158371 4.77637 30.1593
19 41 26 31 0.137102 4.6385 33.8325
19 41 27 32 0.12947 4.63472 35.7978
19 41 28 33 0.129244 4.62666 35.7978
19 41 29 34 0.139713 4.72685 33.8325
19 41 30 35 0.168286 5.07538 30.1593
19 41 31 36 0.212464 5.36082 25.2317
19 41 32 37 0.300306 5.88707 19.6035
19 41 33 38 0.45129 6.2421 13.8317
19 41 34 39 0.854653 7.18273 8.40426
19 41 35 40 2.62604 9.72626 3.70377
20 32 21 24 2.20162 8.82116 4.00667
20 32 22 25 0.807782 7.40169 9.16298
20 32 23 26 0.449504 6.35471 14.1372
20 32 24 27 0.337636 5.82353 17.248
20 32 25 28 0.343146 5.91858 17.248
20 32 26 29 0.471616 6.66731 14.1372
20 32 27 30 0.891794 8.17149 9.16298
20 32 28 31 2.42868 9.7309 4.00667
20 42 21 26 2.3338 8.64385 3.70377
20 42 22 27 0.854568 7.18201 8.40426
20 42 23 28 0.445128 6.15686 13.8317
20 42 24 29 0.283292 5.55353 19.6035
20 42 25 30 0.195988 4.94512 25.2317
20 42 26 31 0.156179 4.71025 30.1593
20 42 27 32 0.13737 4.64759 33.8325
20 42 28 33 0.126811 4.53955 35.7978
20 42 29 34 0.126349 4.52303 35.7978
20 42 30 35 0.139024 4.70354 33.8325
20 42 31 36 0.160451 4.8391 30.1593
20 42 32 37 0.20466 5.16391 25.2317
20 42 33 38 0.271611 5.32453 19.6035
20 42 34 39 0.421476 5.82971 13.8317
20 42 35 40 0.829114 6.96809 8.40426
20 42 36 41 2.31002 8.55578 3.70377
21 33 22 25 2.28767 9.16593 4.00667
21 33 23 26 0.810693 7.42837 9.16298
21 33 24 27 0.452774 6.40095 14.1372
21 33 25 28 0.332944 5.7426 17.248
21 33 26 29 0.346166 5.97066 17.248
21 33 27 30 0.491729 6.95166 14.1372
21 33 28 31 0.890332 8.15809 9.16298
21 33 29 32 2.2458 8.99819 4.00667
21 43 22 27 2.40852 8.92063 3.70377
21 43 23 28 0.861695 7.24191 8.40426
21 43 24 29 0.458762 6.34545 13.8317
21 43 25 30 0.27659 5.42214 19.6035
21 43 26 31 0.199186 5.02581 25.2317
21 43 27 32 0.161915 4.88323 30.1593
21 43 28 33 0.138171 4.67468 33.8325
21 43 29 34 0.126583 4.53138 35.7978
21 43 30 35 0.127957 4.58058 35.7978
21 43 31 36 0.136186 4.6075 33.8325
21 43 32 37 0.159329 4.80524 30.1593
21 43 33 38 0.192784 4.86426 25.2317
21 43 34 39 0.264095 5.17719 19.6035
21 43 35 40 0.424578 5.87262 13.8317
21 43 36 41 0.806259 6.77601 8.40426
21 43 37 42 2.57309 9.53013 3.70377
22 34 23 26 2.40623 9.64097 4.00667
22 34 24 27 0.86778 7.95145 9.16298
22 34 25 28 0.446663 6.31454 14.1372
22 34 26 29 0.342586 5.9089 17.248
22 34 27 30 0.365925 6.31147 17.248
22 34 28 31 0.493762 6.98039 14.1372
22 34 29 32 0.843567 7.72958 9.16298
22 34 30 33 2.42663 9.72269 4.00667
22 44 23 28 2.53465 9.38776 3.70377
22 44 24 29 0.934675 7.85525 8.40426
22 44 25 30 0.45458 6.2876 13.8317
22 44 26 31 0.286748 5.62128 19.6035
22 44 27 32 0.212548 5.36296 25.2317
22 44 28 33 0.166322 5.01615 30.1593
22 44 29 34 0.139747 4.72799 33.8325
22 44 30 35 0.130022 4.6545 35.7978
22 44 31 36 0.128056 4.58413 35.7978
22 44 32 37 0.138677 4.6918 33.8325
22 44 33 38 0.155199 4.6807 30.1593
22 44 34 39 0.193722 4.88794 25.2317
22 44 35 40 0.274452 5.38023 19.6035
22 44 36 41 0.436532 6.03797 13.8317
22 44 37 42 0.912788 7.67131 8.40426
22 44 38 43 2.71103 10.041 3.70377
23 35 24 27 2.6743 10.715 4.00667
23 35 25 28 0.815145 7.46915 9.16298
23 35 26 29 0.451685 6.38555 14.1372
23 35 27 30 0.361232 6.23051 17.248
23 35 28 31 0.360109 6.21114 17.248
23 35 29 32 0.450213 6.36473 14.1372
23 35 30 33 0.800192 7.33214 9.16298
23 35 31 34 2.14091 8.57793 4.00667
23 45 24 29 2.82646 10.4685 3.70377
23 45 25 30 0.888034 7.46327 8.40426
23 45 26 31 0.462849 6.40198 13.8317
23 45 27 32 0.306779 6.01396 19.6035
23 45 28 33 0.218237 5.50649 25.2317
23 45 29 34 0.167085 5.03917 30.1593
23 45 30 35 0.142236 4.8122 33.8325
23 45 31 36 0.128896 4.61419 35.7978
23 45 32 37 0.128798 4.6107 35.7978
23 45 33 38 0.133166 4.50534 33.8325
23 45 34 39 0.15194 4.58239 30.1593
23 45 35 40 0.19287 4.86645 25.2317
23 45 36 41 0.269933 5.29163 19.6035
23 45 37 42 0.453413 6.27146 13.8317
23 45 38 43 0.886608 7.45128 8.40426
23 45 39 44 2.376 8.80016 3.70377
24 36 25 28 2.18344 8.74832 4.00667
24 36 26 29 0.774917 7.10055 9.16298
24 36 27 30 0.474463 6.70757 14.1372
24 36 28 31 0.362645 6.25488 17.248
24 36 29 32 0.345549 5.96001 17.248
24 36 30 33 0.454031 6.41872 14.1372
24 36 31 34 0.806674 7.39153 9.16298
24 36 32 35 2.45085 9.81975 4.00667
24 46 25 30 2.33653 8.65398 3.70377
24 46 26 31 0.843741 7.09102 8.40426
24 46 27 32 0.479635 6.63415 13.8317
24 46 28 33 0.306652 6.01147 19.6035
24 46 29 34 0.213523 5.38755 25.2317
24 46 30 35 0.166268 5.01453 30.1593
24 46 31 36 0.13917 4.70847 33.8325
24 46 32 37 0.128601 4.60362 35.7978
24 46 33 38 0.123284 4.41328 35.7978
24 46 34 39 0.129558 4.38327 33.8325
24 46 35 40 0.149364 4.50472 30.1593
24 46 36 41 0.188893 4.76608 25.2317
24 46 37 42 0.274753 5.38614 19.6035
24 46 38 43 0.438092 6.05954 13.8317
24 46 39 44 0.78764 6.61953 8.40426
24 46 40 45 2.24133 8.30136 3.70377
25 37 26 29 2.12607 8.51844 4.00667
25 37 27 30 0.843325 7.72737 9.16298
25 37 28 31 0.486963 6.88428 14.1372
25 37 29 32 0.351617 6.06467 17.248
25 37 30 33 0.342491 5.90726 17.248
25 37 31 34 0.447376 6.32463 14.1372
25 37 32 35 0.837783 7.67659 9.16298
25 37 33 36 2.20182 8.82196 4.00667
25 47 26 31 2.27706 8.43369 3.70377
25 47 27 32 0.907973 7.63084 8.40426
25 47 28 33 0.492112 6.80673 13.8317
25 47 29 34 0.303781 5.95519 19.6035
25 47 30 35 0.214171 5.4039 25.2317
25 47 31 36 0.164535 4.96225 30.1593
25 47 32 37 0.140608 4.75714 33.8325
25 47 33 38 0.125384 4.48847 35.7978
25 47 34 39 0.12216 4.37307 35.7978
25 47 35 40 0.129574 4.3838 33.8325
25 47 36 41 0.151044 4.55539 30.1593
25 47 37 42 0.198785 5.01568 25.2317
25 47 38 43 0.281725 5.52281 19.6035
25 47 39 44 0.426579 5.9003 13.8317
25 47 40 45 0.817283 6.86866 8.40426
25 47 41 46 2.55688 9.4701 3.70377
26 38 27 30 2.3807 9.53868 4.00667
26 38 28 31 0.88711 8.12857 9.16298
26 38 29 32 0.478751 6.76818 14.1372
26 38 30 33 0.353018 6.08883 17.248
26 38 31 34 0.349763 6.0327 17.248
26 38 32 35 0.489113 6.91467 14.1372
26 38 33 36 0.844308 7.73638 9.16298
26 38 34 37 2.38323 9.5488 4.00667
26 48 27 32 2.52315 9.34516 3.70377
26 48 28 33 0.947165 7.96022 8.40426
26 48 29 34 0.485378 6.71359 13.8317
26 48 30 35 0.301423 5.90895 19.6035
26 48 31 36 0.209837 5.29453 25.2317
26 48 32 37 0.164631 4.96514 30.1593
26 48 33 38 0.13575 4.59277 33.8325
26 48 34 39 0.122159 4.37303 35.7978
26 48 35 40 0.118846 4.25443 35.7978
26 48 36 41 0.127672 4.31948 33.8325
26 48 37 42 0.152887 4.61096 30.1593
26 48 38 43 0.196251 4.95175 25.2317
26 48 39 44 0.262944 5.15464 19.6035
26 48 40 45 0.41009 5.67223 13.8317
26 48 41 46 0.803005 6.74866 8.40426
26 48 42 47 2.21956 8.22075 3.70377
27 39 28 31 2.4432 9.78908 4.00667
27 39 29 32 0.852713 7.81339 9.16298
27 39 30 33 0.466885 6.60044 14.1372
27 39 31 34 0.349231 6.02352 17.248
27 39 32 35 0.368935 6.36337 17.248
27 39 33 36 0.481244 6.80343 14.1372
27 39 34 37 0.863896 7.91586 9.16298
27 39 35 38 2.18626 8.75964 4.00667
27 49 28 33 2.57847 9.55006 3.70377
27 49 29 34 0.914546 7.68609 8.40426
27 49 30 35 0.472677 6.53791 13.8317
27 49 31 36 0.292038 5.72498 19.6035
27 49 32 37 0.208747 5.26703 25.2317
27 49 33 38 0.158718 4.78681 30.1593
27 49 34 39 0.132205 4.47282 33.8325
27 49 35 40 0.118425 4.23933 35.7978
27 49 36 41 0.118038 4.22551 35.7978
27 49 37 42 0.130312 4.40878 33.8325
27 49 38 43 0.154507 4.65981 30.1593
27 49 39 44 0.189602 4.78398 25.2317
27 49 40 45 0.261319 5.12278 19.6035
27 49 41 46 0.417464 5.77423 13.8317
27 49 42 47 0.763328 6.41521 8.40426
27 49 43 48 2.28794 8.474 3.70377
28 40 29 32 2.53471 10.1558 4.00667
28 40 30 33 0.865571 7.93121 9.16298
28 40 31 34 0.47297 6.68645 14.1372
28 40 32 35 0.369953 6.38094 17.248
28 40 33 36 0.362593 6.25398 17.248
28 40 34 37 0.475875 6.72753 14.1372
28 40 35 38 0.775101 7.10224 9.16298
28 40 36 39 2.15743 8.64412 4.00667
28 50 29 34 2.68116 9.93041 3.70377
28 50 30 35 0.933478 7.84519 8.40426
28 50 31 36 0.478862 6.62346 13.8317
28 50 32 37 0.303027 5.94039 19.6035
28 50 33 38 0.208853 5.26972 25.2317
28 50 34 39 0.15912 4.79895 30.1593
28 50 35 40 0.130401 4.41179 33.8325
28 50 36 41 0.120233 4.30407 35.7978
28 50 37 42 0.122571 4.38778 35.7978
28 50 38 43 0.135318 4.57814 33.8325
28 50 39 44 0.154359 4.65535 30.1593
28 50 40 45 0.194465 4.90669 25.2317
28 50 41 46 0.275509 5.40094 19.6035
28 50 42 47 0.422081 5.83808 13.8317
28 50 43 48 0.849962 7.1433 8.40426
28 50 44 49 2.51546 9.31668 3.70377
29 41 30 33 2.46433 9.87375 4.00667
29 41 31 34 0.849896 7.78758 9.16298
29 41 32 35 0.491494 6.94833 14.1372
29 41 33 36 0.3651 6.29723 17.248
29 41 34 37 0.360088 6.21078 17.248
29 41 35 38 0.437244 6.18139 14.1372
29 41 36 39 0.784739 7.19055 9.16298
29 41 37 40 2.47987 9.93603 4.00667
29 51 30 35 2.61607 9.68933 3.70377
29 51 31 36 0.916004 7.69834 8.40426
29 51 32 37 0.486974 6.73566 13.8317
29 51 33 38 0.299069 5.86281 19.6035
29 51 34 39 0.206679 5.21485 25.2317
29 51 35 40 0.153969 4.64358 30.1593
29 51 36 41 0.13084 4.42664 33.8325
29 51 37 42 0.122751 4.3942 35.7978
29 51 38 43 0.12596 4.50909 35.7978
29 51 39 44 0.133699 4.52338 33.8325
29 51 40 45 0.15491 4.67198 30.1593
29 51 41 46 0.198867 5.01776 25.2317
29 51 42 47 0.269443 5.28205 19.6035
29 51 43 48 0.444217 6.14427 13.8317
29 51 44 49 0.874414 7.3488 8.40426
29 51 45 50 2.29021 8.48241 3.70377
30 42 31 34 2.45318 9.82908 4.00667
30 42 32 35 0.894687 8.19799 9.16298
30 42 33 36 0.491594 6.94974 14.1372
30 42 34 37 0.359373 6.19846 17.248
30 42 35 38 0.321416 5.54377 17.248
30 42 36 39 0.414239 5.85617 14.1372
30 42 37 40 0.769332 7.04937 9.16298
30 42 38 41 2.18794 8.76635 4.00667
30 52 31 36 2.60618 9.65269 3.70377
30 52 32 37 0.952121 8.00187 8.40426
30 52 33 38 0.4899 6.77613 13.8317
30 52 34 39 0.29898 5.86107 19.6035
30 52 35 40 0.199255 5.02755 25.2317
30 52 36 41 0.154439 4.65776 30.1593
30 52 37 42 0.132394 4.47923 33.8325
30 52 38 43 0.125691 4.49947 35.7978
30 52 39 44 0.123733 4.42938 35.7978
30 52 40 45 0.131908 4.46278 33.8325
30 52 41 46 0.154425 4.65735 30.1593
30 52 42 47 0.188655 4.76007 25.2317
30 52 43 48 0.269968 5.29232 19.6035
30 52 44 49 0.431365 5.9665 13.8317
30 52 45 50 0.76827 6.45674 8.40426
30 52 46 51 2.21568 8.20637 3.70377
31 43 32 35 2.43119 9.74096 4.00667
31 43 33 36 0.892157 8.17481 9.16298
31 43 34 37 0.489703 6.92302 14.1372
31 43 35 38 0.328864 5.67223 17.248
31 43 36 39 0.316169 5.45326 17.248
31 43 37 40 0.421067 5.95269 14.1372
31 43 38 41 0.759204 6.95657 9.16298
31 43 39 42 2.46173 9.86335 4.00667
31 53 32 37 2.56795 9.51109 3.70377
31 53 33 38 0.94769 7.96463 8.40426
31 53 34 39 0.487484 6.74272 13.8317
31 53 35 40 0.284889 5.58482 19.6035
31 53 36 41 0.199991 5.04612 25.2317
31 53 37 42 0.156025 4.7056 30.1593
31 53 38 43 0.137025 4.63592 33.8325
31 53 39 44 0.125341 4.48694 35.7978
31 53 40 45 0.123604 4.42473 35.7978
31 53 41 46 0.1334 4.51325 33.8325
31 53 42 47 0.149416 4.50629 30.1593
31 53 43 48 0.192784 4.86427 25.2317
31 53 44 49 0.271212 5.31671 19.6035
31 53 45 50 0.403795 5.58516 13.8317
31 53 46 51 0.760045 6.38761 8.40426
31 53 47 52 2.37436 8.7941 3.70377
32 44 33 36 2.27321 9.10799 4.00667
32 44 34 37 0.855788 7.84157 9.16298
32 44 35 38 0.435416 6.15554 14.1372
32 44 36 39 0.322654 5.56512 17.248
32 44 37 40 0.323163 5.57391 17.248
32 44 38 41 0.439111 6.20779 14.1372
32 44 39 42 0.866843 7.94286 9.16298
32 44 40 43 2.58127 10.3423 4.00667
32 54 33 38 2.39991 8.88871 3.70377
32 54 34 39 0.904097 7.59826 8.40426
32 54 35 40 0.442284 6.11753 13.8317
32 54 36 41 0.2775 5.43998 19.6035
32 54 37 42 0.196128 4.94864 25.2317
32 54 38 43 0.158964 4.79425 30.1593
32 54 39 44 0.135086 4.5703 33.8325
32 54 40 45 0.123282 4.41322 35.7978
32 54 41 46 0.122964 4.40184 35.7978
32 54 42 47 0.1269 4.29336 33.8325
32 54 43 48 0.149319 4.50337 30.1593
32 54 44 49 0.189923 4.79208 25.2317
32 54 45 50 0.25051 4.91089 19.6035
32 54 46 51 0.384813 5.3226 13.8317
32 54 47 52 0.754428 6.34041 8.40426
32 54 48 53 2.02354 7.49474 3.70377
33 45 34 37 2.44689 9.80389 4.00667
33 45 35 38 0.789044 7.22999 9.16298
33 45 36 39 0.436595 6.17222 14.1372
33 45 37 40 0.322597 5.56414 17.248
33 45 38 41 0.330136 5.69417 17.248
33 45 39 42 0.462406 6.53711 14.1372
33 45 40 43 0.834048 7.64236 9.16298
33 45 41 44 2.24805 9.00718 4.00667
33 55 34 39 2.56922 9.51582 3.70377
33 55 35 40 0.851648 7.15747 8.40426
33 55 36 41 0.448335 6.20122 13.8317
33 55 37 42 0.278379 5.45721 19.6035
33 55 38 43 0.205432 5.1834 25.2317
33 55 39 44 0.160975 4.8549 30.1593
33 55 40 45 0.135798 4.5944 33.8325
33 55 41 46 0.125565 4.49495 35.7978
33 55 42 47 0.120239 4.30428 35.7978
33 55 43 48 0.131044 4.43355 33.8325
33 55 44 49 0.154388 4.65624 30.1593
33 55 45 50 0.187539 4.73193 25.2317
33 55 46 51 0.257347 5.0449 19.6035
33 55 47 52 0.420142 5.81126 13.8317
33 55 48 53 0.781844 6.57082 8.40426
33 55 49 54 2.38698 8.84084 3.70377
34 46 35 38 2.1265 8.5202 4.00667
34 46 36 39 0.789583 7.23494 9.16298
34 46 37 40 0.43043 6.08506 14.1372
34 46 38 41 0.334481 5.76911 17.248
34 46 39 42 0.343744 5.92889 17.248
34 46 40 43 0.443258 6.26642 14.1372
34 46 41 44 0.736782 6.75112 9.16298
34 46 42 45 2.10782 8.44533 4.00667
34 56 35 40 2.26669 8.39531 3.70377
34 56 36 41 0.858395 7.21418 8.40426
34 56 37 42 0.444977 6.15478 13.8317
34 56 38 43 0.292827 5.74044 19.6035
34 56 39 44 0.209043 5.27452 25.2317
34 56 40 45 0.161674 4.87597 30.1593
34 56 41 46 0.137947 4.66709 33.8325
34 56 42 47 0.122031 4.36844 35.7978
34 56 43 48 0.122984 4.40257 35.7978
34 56 44 49 0.134581 4.55321 33.8325
34 56 45 50 0.151497 4.56905 30.1593
34 56 46 51 0.189709 4.78667 25.2317
34 56 47 52 0.274316 5.37756 19.6035
34 56 48 53 0.427341 5.91085 13.8317
34 56 49 54 0.865531 7.27415 8.40426
34 56 50 55 2.3052 8.53795 3.70377
35 47 36 39 2.41437 9.67359 4.00667
35 47 37 40 0.810175 7.42361 9.16298
35 47 38 41 0.470541 6.65212 14.1372
35 47 39 42 0.362229 6.24771 17.248
35 47 40 43 0.349815 6.03359 17.248
35 47 41 44 0.431872 6.10545 14.1372
35 47 42 45 0.758007 6.9456 9.16298
35 47 43 46 2.42176 9.70321 4.00667
35 57 36 41 2.56722 9.50839 3.70377
35 57 37 42 0.883725 7.42706 8.40426
35 57 38 43 0.485601 6.71667 13.8317
35 57 39 44 0.306939 6.01709 19.6035
35 57 40 45 0.214108 5.40231 25.2317
35 57 41 46 0.166705 5.0277 30.1593
35 57 42 47 0.13521 4.57451 33.8325
35 57 43 48 0.125413 4.4895 35.7978
35 57 44 49 0.127344 4.55861 35.7978
35 57 45 50 0.133112 4.50353 33.8325
35 57 46 51 0.153445 4.62779 30.1593
35 57 47 52 0.201665 5.08835 25.2317
35 57 48 53 0.279106 5.47146 19.6035
35 57 49 54 0.46376 6.41457 13.8317
35 57 50 55 0.853896 7.17637 8.40426
35 57 51 56 2.35411 8.71908 3.70377
36 48 37 40 2.17017 8.69517 4.00667
36 48 38 41 0.82858 7.59226 9.16298
36 48 39 42 0.478589 6.76589 14.1372
36 48 40 43 0.350581 6.04681 17.248
36 48 41 44 0.327602 5.65047 17.248
36 48 42 45 0.407623 5.76263 14.1372
36 48 43 46 0.746178 6.83722 9.16298
36 48 44 47 2.10763 8.44459 4.00667
36 58 37 42 2.32236 8.60151 3.70377
36 58 38 43 0.901024 7.57244 8.40426
36 58 39 44 0.481697 6.66268 13.8317
36 58 40 45 0.298987 5.86119 19.6035
36 58 41 46 0.211798 5.34401 25.2317
36 58 42 47 0.157013 4.7354 30.1593
36 58 43 48 0.133938 4.53148 33.8325
36 58 44 49 0.125927 4.50791 35.7978
36 58 45 50 0.121912 4.36419 35.7978
36 58 46 51 0.129257 4.3731 33.8325
36 58 47 52 0.154863 4.67056 30.1593
36 58 48 53 0.19298 4.8692 25.2317
36 58 49 54 0.277453 5.43905 19.6035
36 58 50 55 0.420503 5.81625 13.8317
36 58 51 56 0.767051 6.4465 8.40426
36 58 52 57 1.98024 7.33435 3.70377
37 49 38 41 2.37012 9.49628 4.00667
37 49 39 42 0.868861 7.96136 9.16298
37 49 40 43 0.473755 6.69755 14.1372
37 49 41 44 0.341205 5.8851 17.248
37 49 42 45 0.315663 5.44455 17.248
37 49 43 46 0.414494 5.85977 14.1372
37 49 44 47 0.718566 6.5842 9.16298
37 49 45 48 2.17511 8.71495 4.00667
37 59 38 43 2.52271 9.34355 3.70377
37 59 39 44 0.926184 7.78389 8.40426
37 59 40 45 0.476964 6.5972 13.8317
37 59 41 46 0.299718 5.87553 19.6035
37 59 42 47 0.20077 5.06578 25.2317
37 59 43 48 0.156775 4.72823 30.1593
37 59 44 49 0.136751 4.62665 33.8325
37 59 45 50 0.123076 4.40585 35.7978
37 59 46 51 0.121055 4.3335 35.7978
37 59 47 52 0.134376 4.54629 33.8325
37 59 48 53 0.154349 4.65505 30.1593
37 59 49 54 0.201335 5.08003 25.2317
37 59 50 55 0.273829 5.36802 19.6035
37 59 51 56 0.421577 5.83111 13.8317
37 59 52 57 0.765062 6.42978 8.40426
37 59 53 58 2.53203 9.37805 3.70377
38 50 39 42 2.22915 8.93146 4.00667
38 50 40 43 0.801947 7.34822 9.16298
38 50 41 44 0.448176 6.33594 14.1372
38 50 42 45 0.319121 5.50418 17.248
38 50 43 46 0.321245 5.54082 17.248
38 50 44 47 0.422897 5.97856 14.1372
38 50 45 48 0.798701 7.31848 9.16298
38 50 46 49 2.38387 9.55137 4.00667
38 60 39 44 2.35087 8.70708 3.70377
38 60 40 45 0.852035 7.16072 8.40426
38 60 41 46 0.454623 6.28819 13.8317
38 60 42 47 0.270702 5.30671 19.6035
38 60 43 48 0.192833 4.86551 25.2317
38 60 44 49 0.155874 4.70106 30.1593
38 60 45 50 0.130514 4.41563 33.8325
38 60 46 51 0.119235 4.26834 35.7978
38 60 47 52 0.122982 4.40248 35.7978
38 60 48 53 0.130806 4.42551 33.8325
38 60 49 54 0.156311 4.71423 30.1593
38 60 50 55 0.194462 4.90661 25.2317
38 60 51 56 0.265423 5.20323 19.6035
38 60 52 57 0.400023 5.53299 13.8317
38 60 53 58 0.822817 6.91517 8.40426
38 60 54 59 2.18526 8.09371 3.70377
39 51 40 43 2.19729 8.80383 4.00667
39 51 41 44 0.804313 7.36991 9.16298
39 51 42 45 0.420108 5.93913 14.1372
39 51 43 46 0.319114 5.50407 17.248
39 51 44 47 0.322767 5.56708 17.248
39 51 45 48 0.442913 6.26154 14.1372
39 51 46 49 0.813937 7.45809 9.16298
39 51 47 50 2.16363 8.66896 4.00667
39 61 40 45 2.3158 8.57718 3.70377
39 61 41 46 0.862662 7.25004 8.40426
39 61 42 47 0.423483 5.85747 13.8317
39 61 43 48 0.266549 5.22529 19.6035
39 61 44 49 0.196646 4.96171 25.2317
39 61 45 50 0.151548 4.57059 30.1593
39 61 46 51 0.128044 4.33206 33.8325
39 61 47 52 0.1227 4.3924 35.7978
39 61 48 53 0.12114 4.33655 35.7978
39 61 49 54 0.133903 4.53026 33.8325
39 61 50 55 0.154632 4.66359 30.1593
39 61 51 56 0.19307 4.87148 25.2317
39 61 52 57 0.259713 5.09129 19.6035
39 61 53 58 0.437102 6.04585 13.8317
39 61 54 59 0.799245 6.71706 8.40426
39 61 55 60 2.23856 8.2911 3.70377
40 52 41 44 2.50097 10.0205 4.00667
40 52 42 45 0.775485 7.10575 9.16298
40 52 43 46 0.425367 6.01349 14.1372
40 52 44 47 0.324949 5.60471 17.248
40 52 45 48 0.325305 5.61085 17.248
40 52 46 49 0.426176 6.02492 14.1372
40 52 47 50 0.715978 6.56049 9.16298
40 52 48 51 2.08707 8.36219 4.00667
40 62 41 46 2.63683 9.76622 3.70377
40 62 42 47 0.83373 7.00688 8.40426
40 62 43 48 0.429999 5.94761 13.8317
40 62 44 49 0.280503 5.49885 19.6035
40 62 45 50 0.195415 4.93065 25.2317
40 62 46 51 0.150975 4.55331 30.1593
40 62 47 52 0.133924 4.53099 33.8325
40 62 48 53 0.122692 4.39211 35.7978
40 62 49 54 0.125915 4.50749 35.7978
40 62 50 55 0.136087 4.60417 33.8325
40 62 51 56 0.157713 4.75651 30.1593
40 62 52 57 0.194981 4.91969 25.2317
40 62 53 58 0.290941 5.70347 19.6035
40 62 54 59 0.451781 6.24888 13.8317
40 62 55 60 0.881875 7.4115 8.40426
40 62 56 61 2.45427 9.09006 3.70377
41 53 42 45 2.18096 8.73837 4.00667
41 53 43 46 0.756717 6.93379 9.16298
41 53 44 47 0.434913 6.14844 14.1372
41 53 45 48 0.325234 5.60963 17.248
41 53 46 49 0.318489 5.49329 17.248
41 53 47 50 0.4021 5.68455 14.1372
41 53 48 51 0.702507 6.43706 9.16298
41 53 49 52 2.24526 8.99601 4.00667
41 63 42 47 2.30966 8.55445 3.70377
41 63 43 48 0.811911 6.82351 8.40426
41 63 44 49 0.44301 6.12757 13.8317
41 63 45 50 0.272206 5.33619 19.6035
41 63 46 51 0.189933 4.79234 25.2317
41 63 47 52 0.154769 4.66773 30.1593
41 63 48 53 0.130664 4.42069 33.8325
41 63 49 54 0.123855 4.43372 35.7978
41 63 50 55 0.124649 4.46217 35.7978
41 63 51 56 0.13358 4.51934 33.8325
41 63 52 57 0.151463 4.56803 30.1593
41 63 53 58 0.202664 5.11355 25.2317
41 63 54 59 0.277804 5.44595 19.6035
41 63 55 60 0.445678 6.16447 13.8317
41 63 56 61 0.825237 6.93551 8.40426
41 63 57 62 1.99229 7.37898 3.70377
42 54 43 46 2.43908 9.77259 4.00667
42 54 44 47 0.851931 7.80622 9.16298
42 54 45 48 0.449474 6.35429 14.1372
42 54 46 49 0.321329 5.54226 17.248
42 54 47 50 0.307176 5.29816 17.248
42 54 48 51 0.382223 5.40355 14.1372
42 54 49 52 0.700464 6.41833 9.16298
42 54 50 53 1.91778 7.6839 4.00667
43 55 44 47 2.57334 10.3105 4.00667
43 55 45 48 0.829763 7.6031 9.16298
43 55 46 49 0.432456 6.11371 14.1372
43 55 47 50 0.322215 5.55755 17.248
43 55 48 51 0.305523 5.26965 17.248
43 55 49 52 0.414594 5.86118 14.1372
43 55 50 53 0.736501 6.74854 9.16298
43 55 51 54 2.27707 9.12346 4.00667
44 56 45 48 2.25451 9.03309 4.00667
44 56 46 49 0.736209 6.74586 9.16298
44 56 47 50 0.419666 5.93289 14.1372
44 56 48 51 0.304986 5.26039 17.248
44 56 49 52 0.316767 5.46359 17.248
44 56 50 53 0.428194 6.05345 14.1372
44 56 51 54 0.817954 7.49489 9.16298
44 56 52 55 2.17343 8.70823 4.00667
45 57 46 49 2.12474 8.51312 4.00667
45 57 47 50 0.761711 6.97954 9.16298
45 57 48 51 0.402392 5.68868 14.1372
45 57 49 52 0.315753 5.4461 17.248
45 57 50 53 0.331269 5.71372 17.248
45 57 51 54 0.464942 6.57296 14.1372
45 57 52 55 0.790471 7.24307 9.16298
45 57 53 56 2.21599 8.87875 4.00667
46 58 47 50 2.42318 9.70889 4.00667
46 58 48 51 0.737864 6.76103 9.16298
46 58 49 52 0.412207 5.82745 14.1372
46 58 50 53 0.326431 5.63027 17.248
46 58 51 54 0.336344 5.80125 17.248
46 58 52 55 0.414098 5.85418 14.1372
46 58 53 56 0.708544 6.49237 9.16298
46 58 54 57 1.84436 7.38973 4.00667
47 59 48 51 2.09158 8.38028 4.00667
47 59 49 52 0.714317 6.54527 9.16298
47 59 50 53 0.42702 6.03685 14.1372
47 59 51 54 0.335285 5.78299 17.248
47 59 52 55 0.317925 5.48355 17.248
47 59 53 56 0.411891 5.82297 14.1372
47 59 54 57 0.698455 6.39993 9.16298
47 59 55 58 2.40616 9.64068 4.00667
48 60 49 52 2.16186 8.66185 4.00667
48 60 50 53 0.800028 7.33064 9.16298
48 60 51 54 0.452766 6.40083 14.1372
48 60 52 55 0.319671 5.51367 17.248
48 60 53 56 0.311753 5.3771 17.248
48 60 54 57 0.387498 5.47813 14.1372
48 60 55 58 0.768536 7.04208 9.16298
48 60 56 59 2.07153 8.29992 4.00667
49 61 50 53 2.39027 9.57702 4.00667
49 61 51 54 0.830345 7.60843 9.16298
49 61 52 55 0.426339 6.02723 14.1372
49 61 53 56 0.315438 5.44067 17.248
49 61 54 57 0.298353 5.14598 17.248
49 61 55 58 0.433524 6.1288 14.1372
49 61 56 59 0.751067 6.88201 9.16298
49 61 57 60 2.12612 8.51864 4.00667
50 62 51 54 2.19295 8.78642 4.00667
50 62 52 55 0.720391 6.60093 9.16298
50 62 53 56 0.403052 5.69801 14.1372
50 62 54 57 0.295828 5.10242 17.248
50 62 55 58 0.333925 5.75953 17.248
50 62 56 59 0.448535 6.34102 14.1372
50 62 57 60 0.829574 7.60137 9.16298
50 62 58 61 2.30913 9.25192 4.00667
51 63 52 55 2.09984 8.41335 4.00667
51 63 53 56 0.708483 6.49181 9.16298
51 63 54 57 0.375537 5.30903 14.1372
51 63 55 58 0.31844 5.49244 17.248
51 63 56 59 0.327793 5.65376 17.248
51 63 57 60 0.446723 6.31539 14.1372
51 63 58 61 0.759708 6.96119 9.16298
51 63 59 62 1.85351 7.4264 4.00667
