64
# x y z
0.0 0.0 0.0
0.5 0.0 0.0
1.0 0.0 0.0
1.5 0.0 0.0
2.0 0.0 0.0
2.5 0.0 0.0
3.0 0.0 0.0
3.5 0.0 0.0
4.0 0.0 0.0
4.5 0.0 0.0
5.0 0.0 0.0
5.5 0.0 0.0
6.0 0.0 0.0
6.5 0.0 0.0
7.0 0.0 0.0
7.5 0.0 0.0
8.0 0.0 0.0
8.5 0.0 0.0
9.0 0.0 0.0
9.5 0.0 0.0
10.0 0.0 0.0
10.5 0.0 0.0
11.0 0.0 0.0
11.5 0.0 0.0
12.0 0.0 0.0
12.5 0.0 0.0
13.0 0.0 0.0
13.5 0.0 0.0
14.0 0.0 0.0
14.5 0.0 0.0
15.0 0.0 0.0
15.5 0.0 0.0
16.0 0.0 0.0
16.5 0.0 0.0
17.0 0.0 0.0
17.5 0.0 0.0
18.0 0.0 0.0
18.5 0.0 0.0
19.0 0.0 0.0
19.5 0.0 0.0
20.0 0.0 0.0
20.5 0.0 0.0
21.0 0.0 0.0
21.5 0.0 0.0
22.0 0.0 0.0
22.5 0.0 0.0
23.0 0.0 0.0
23.5 0.0 0.0
24.0 0.0 0.0
24.5 0.0 0.0
25.0 0.0 0.0
25.5 0.0 0.0
26.0 0.0 0.0
26.5 0.0 0.0
27.0 0.0 0.0
27.5 0.0 0.0
28.0 0.0 0.0
28.5 0.0 0.0
29.0 0.0 0.0
29.5 0.0 0.0
30.0 0.0 0.0
30.5 0.0 0.0
31.0 0.0 0.0
31.5 0.0 0.0
1400
# a b m n r rhoa k
1 13 2 5 1.79433 7.18927 4.00667
1 13 3 6 0.696479 6.38182 9.16298
1 13 4 7 0.405313 5.72998 14.1372
1 13 5 8 0.29323 5.05762 17.248
1 13 6 9 0.256372 4.4219 17.248
1 13 7 10 0.358022 5.06142 14.1372
1 13 8 11 0.679555 6.22675 9.16298
1 13 9 12 1.87706 7.52076 4.00667
1 23 2 7 1.92251 7.12056 3.70377
1 23 3 8 0.744864 6.26003 8.40426
1 23 4 9 0.399481 5.52549 13.8317
1 23 5 10 0.252589 4.95163 19.6035
1 23 6 11 0.174666 4.40713 25.2317
1 23 7 12 0.134171 4.04651 30.1593
1 23 8 13 0.118472 4.00819 33.8325
1 23 9 14 0.113224 4.05317 35.7978
1 23 10 15 0.10509 3.76197 35.7978
1 23 11 16 0.118896 4.02255 33.8325
1 23 12 17 0.139242 4.19944 30.1593
1 23 13 18 0.175102 4.41812 25.2317
1 23 14 19 0.260753 5.11169 19.6035
1 23 15 20 0.400624 5.5413 13.8317
1 23 16 21 0.813812 6.83949 8.40426
1 23 17 22 2.21751 8.21316 3.70377
1 57 4 16 0.462963 5.3435 11.542
1 57 5 17 0.298054 4.84487 16.255
1 57 6 18 0.206021 4.39668 21.3409
1 57 7 19 0.155084 4.14904 26.7536
1 57 8 20 0.126505 4.10376 32.4396
1 57 9 21 0.10985 4.21146 38.3381
1 57 10 22 0.0930287 4.1287 44.381
1 57 11 23 0.0810254 4.09123 50.4932
1 57 12 24 0.0726143 4.10949 56.5934
1 57 13 25 0.0654408 4.09625 62.5948
1 57 14 26 0.0605622 4.14285 68.4065
1 57 15 27 0.0576028 4.25891 73.9358
1 57 16 28 0.0523603 4.14113 79.0892
1 57 17 29 0.0496383 4.15849 83.7758
1 57 18 30 0.0474081 4.16761 87.9092
1 57 19 31 0.0447403 4.08973 91.4105
1 57 20 32 0.0431316 4.06346 94.2106
1 57 21 33 0.0424478 4.08573 96.2531
1 57 22 34 0.0420201 4.09679 97.4958
1 57 23 35 0.0430356 4.21374 97.913
1 57 24 36 0.0428996 4.18253 97.4958
1 57 25 37 0.0442204 4.25635 96.2531
1 57 26 38 0.044043 4.14931 94.2106
1 57 27 39 0.0455303 4.16194 91.4105
1 57 28 40 0.0474482 4.17113 87.9092
1 57 29 41 0.0490472 4.10897 83.7758
1 57 30 42 0.05219 4.12767 79.0892
1 57 31 43 0.0563404 4.16557 73.9358
1 57 32 44 0.0588542 4.02601 68.4065
1 57 33 45 0.0652961 4.08719 62.5948
1 57 34 46 0.0724482 4.10009 56.5934
1 57 35 47 0.080258 4.05249 50.4932
1 57 36 48 0.0920657 4.08597 44.381
1 57 37 49 0.107497 4.12124 38.3381
1 57 38 50 0.12285 3.98521 32.4396
1 57 39 51 0.156795 4.19482 26.7536
1 57 40 52 0.202697 4.32574 21.3409
1 57 41 53 0.285633 4.64296 16.255
1 57 42 54 0.430159 4.96488 11.542
2 14 3 6 1.78934 7.16927 4.00667
2 14 4 7 0.682938 6.25775 9.16298
2 14 5 8 0.381175 5.38873 14.1372
2 14 6 9 0.259613 4.47779 17.248
2 14 7 10 0.265091 4.57227 17.248
2 14 8 11 0.368898 5.21518 14.1372
2 14 9 12 0.652547 5.97927 9.16298
2 14 10 13 1.653 6.62302 4.00667
2 24 3 8 1.89291 7.01089 3.70377
2 24 4 9 0.714913 6.00832 8.40426
2 24 5 10 0.379811 5.25342 13.8317
2 24 6 11 0.232812 4.56394 19.6035
2 24 7 12 0.162514 4.1005 25.2317
2 24 8 13 0.133236 4.01831 30.1593
2 24 9 14 0.120721 4.08429 33.8325
2 24 10 15 0.105669 3.78272 35.7978
2 24 11 16 0.110681 3.96212 35.7978
2 24 12 17 0.120722 4.08432 33.8325
2 24 13 18 0.140083 4.22479 30.1593
2 24 14 19 0.188482 4.75572 25.2317
2 24 15 20 0.259367 5.08451 19.6035
2 24 16 21 0.423993 5.86453 13.8317
2 24 17 22 0.841288 7.07041 8.40426
2 24 18 23 2.48216 9.19336 3.70377
2 58 5 17 0.440271 5.08158 11.542
2 58 6 18 0.276616 4.49639 16.255
2 58 7 19 0.194818 4.1576 21.3409
2 58 8 20 0.15261 4.08288 26.7536
2 58 9 21 0.129272 4.19354 32.4396
2 58 10 22 0.106893 4.09806 38.3381
2 58 11 23 0.0913493 4.05417 44.381
2 58 12 24 0.0805748 4.06848 50.4932
2 58 13 25 0.0715515 4.04934 56.5934
2 58 14 26 0.0654661 4.09784 62.5948
2 58 15 27 0.0617055 4.22106 68.4065
2 58 16 28 0.0554669 4.10099 73.9358
2 58 17 29 0.052086 4.11944 79.0892
2 58 18 30 0.0492597 4.12677 83.7758
2 58 19 31 0.0460731 4.05025 87.9092
2 58 20 32 0.0440949 4.03074 91.4105
2 58 21 33 0.0431003 4.0605 94.2106
2 58 22 34 0.0423412 4.07547 96.2531
2 58 23 35 0.0429393 4.1864 97.4958
2 58 24 36 0.0425191 4.16317 97.913
2 58 25 37 0.0434468 4.23588 97.4958
2 58 26 38 0.0429716 4.13615 96.2531
2 58 27 39 0.044079 4.15271 94.2106
2 58 28 40 0.0455334 4.16223 91.4105
2 58 29 41 0.0466691 4.10264 87.9092
2 58 30 42 0.0491659 4.11891 83.7758
2 58 31 43 0.0525312 4.15465 79.0892
2 58 32 44 0.0544432 4.0253 73.9358
2 58 33 45 0.0596397 4.07974 68.4065
2 58 34 46 0.0652558 4.08467 62.5948
2 58 35 47 0.0711014 4.02387 56.5934
2 58 36 48 0.0802128 4.0502 50.4932
2 58 37 49 0.0915484 4.06301 44.381
2 58 38 50 0.102626 3.93448 38.3381
2 58 39 51 0.125976 4.08661 32.4396
2 58 40 52 0.155639 4.1639 26.7536
2 58 41 53 0.20501 4.37511 21.3409
2 58 42 54 0.280418 4.5582 16.255
2 58 43 55 0.405578 4.68116 11.542
3 15 4 7 1.8738 7.50769 4.00667
3 15 5 8 0.671919 6.15678 9.16298
3 15 6 9 0.34582 4.88891 14.1372
3 15 7 10 0.264588 4.56361 17.248
3 15 8 11 0.290688 5.01378 17.248
3 15 9 12 0.409461 5.78861 14.1372
3 15 10 13 0.709406 6.50027 9.16298
3 15 11 14 1.83349 7.3462 4.00667
3 25 4 9 1.95299 7.23342 3.70377
3 25 5 10 0.703659 5.91373 8.40426
3 25 6 11 0.35287 4.88078 13.8317
3 25 7 12 0.214264 4.20033 19.6035
3 25 8 13 0.159555 4.02584 25.2317
3 25 9 14 0.135724 4.09335 30.1593
3 25 10 15 0.111671 3.77811 33.8325
3 25 11 16 0.108282 3.87626 35.7978
3 25 12 17 0.11028 3.94778 35.7978
3 25 13 18 0.118656 4.01443 33.8325
3 25 14 19 0.145776 4.39651 30.1593
3 25 15 20 0.183071 4.61918 25.2317
3 25 16 21 0.252674 4.95331 19.6035
3 25 17 22 0.407703 5.63921 13.8317
3 25 18 23 0.832146 6.99358 8.40426
3 25 19 24 2.21829 8.21603 3.70377
3 59 6 18 0.410844 4.74195 11.542
3 59 7 19 0.258798 4.20676 16.255
3 59 8 20 0.190148 4.05793 21.3409
3 59 9 21 0.155585 4.16246 26.7536
3 59 10 22 0.124798 4.0484 32.4396
3 59 11 23 0.104066 3.98968 38.3381
3 59 12 24 0.0902088 4.00355 44.381
3 59 13 25 0.0788872 3.98327 50.4932
3 59 14 26 0.0712451 4.032 56.5934
3 59 15 27 0.0665382 4.16494 62.5948
3 59 16 28 0.0590895 4.04211 68.4065
3 59 17 29 0.054979 4.06492 73.9358
3 59 18 30 0.0515207 4.07473 79.0892
3 59 19 31 0.0477186 3.99766 83.7758
3 59 20 32 0.0453287 3.98481 87.9092
3 59 21 33 0.0439517 4.01764 91.4105
3 59 22 34 0.0428108 4.03323 94.2106
3 59 23 35 0.0430233 4.14112 96.2531
3 59 24 36 0.0423013 4.1242 97.4958
3 59 25 37 0.0428701 4.19754 97.913
3 59 26 38 0.04216 4.11042 97.4958
3 59 27 39 0.0429032 4.12956 96.2531
3 59 28 40 0.0439711 4.14254 94.2106
3 59 29 41 0.0446832 4.08451 91.4105
3 59 30 42 0.0466432 4.10037 87.9092
3 59 31 43 0.0493901 4.13769 83.7758
3 59 32 44 0.0507876 4.01675 79.0892
3 59 33 45 0.0550393 4.06937 73.9358
3 59 34 46 0.0595184 4.07145 68.4065
3 59 35 47 0.0638635 3.99752 62.5948
3 59 36 48 0.0710453 4.02069 56.5934
3 59 37 49 0.0796091 4.01972 50.4932
3 59 38 50 0.0878333 3.89813 44.381
3 59 39 51 0.104645 4.0119 38.3381
3 59 40 52 0.124901 4.05173 32.4396
3 59 41 53 0.156792 4.19476 26.7536
3 59 42 54 0.200786 4.28496 21.3409
3 59 43 55 0.264751 4.30354 16.255
3 59 44 56 0.381534 4.40365 11.542
4 16 5 8 1.95238 7.82255 4.00667
4 16 6 9 0.646244 5.92152 9.16298
4 16 7 10 0.337335 4.76897 14.1372
4 16 8 11 0.267657 4.61654 17.248
4 16 9 12 0.28857 4.97724 17.248
4 16 10 13 0.366471 5.18086 14.1372
4 16 11 14 0.579054 5.30586 9.16298
4 16 12 15 1.41564 5.67198 4.00667
4 26 5 10 2.04195 7.56292 3.70377
4 26 6 11 0.700562 5.88771 8.40426
4 26 7 12 0.340648 4.71173 13.8317
4 26 8 13 0.219642 4.30577 19.6035
4 26 9 14 0.171495 4.32712 25.2317
4 26 10 15 0.130748 3.94328 30.1593
4 26 11 16 0.116759 3.95026 33.8325
4 26 12 17 0.110852 3.96827 35.7978
4 26 13 18 0.110982 3.97292 35.7978
4 26 14 19 0.126058 4.26487 33.8325
4 26 15 20 0.147062 4.43528 30.1593
4 26 16 21 0.178626 4.50704 25.2317
4 26 17 22 0.247579 4.85343 19.6035
4 26 18 23 0.398467 5.51147 13.8317
4 26 19 24 0.698605 5.87125 8.40426
4 26 20 25 1.7983 6.6605 3.70377
4 60 7 19 0.40148 4.63386 11.542
4 60 8 20 0.263639 4.28546 16.255
4 60 9 21 0.203348 4.33963 21.3409
4 60 10 22 0.155556 4.1617 26.7536
4 60 11 23 0.125079 4.05752 32.4396
4 60 12 24 0.105646 4.05025 38.3381
4 60 13 25 0.0903298 4.00893 44.381
4 60 14 26 0.0801976 4.04944 50.4932
4 60 15 27 0.0739046 4.18251 56.5934
4 60 16 28 0.0645923 4.04314 62.5948
4 60 17 29 0.0593677 4.06114 68.4065
4 60 18 30 0.055001 4.06654 73.9358
4 60 19 31 0.050374 3.98404 79.0892
4 60 20 32 0.0473695 3.96842 83.7758
4 60 21 33 0.0455574 4.00492 87.9092
4 60 22 34 0.0440265 4.02448 91.4105
4 60 23 35 0.0437935 4.12581 94.2106
4 60 24 36 0.0427335 4.11323 96.2531
4 60 25 37 0.0429067 4.18323 97.4958
4 60 26 38 0.0419258 4.10508 97.913
4 60 27 39 0.0423345 4.12744 97.4958
4 60 28 40 0.0429937 4.13827 96.2531
4 60 29 41 0.0433343 4.08255 94.2106
4 60 30 42 0.0447897 4.09425 91.4105
4 60 31 43 0.0469306 4.12563 87.9092
4 60 32 44 0.0478964 4.01256 83.7758
4 60 33 45 0.0513316 4.05977 79.0892
4 60 34 46 0.0549166 4.0603 73.9358
4 60 35 47 0.0581203 3.97581 68.4065
4 60 36 48 0.0638001 3.99355 62.5948
4 60 37 49 0.070349 3.98129 56.5934
4 60 38 50 0.0766215 3.86887 50.4932
4 60 39 51 0.0891658 3.95727 44.381
4 60 40 52 0.10365 3.97375 38.3381
4 60 41 53 0.125598 4.07435 32.4396
4 60 42 54 0.153753 4.11345 26.7536
4 60 43 55 0.191098 4.07822 21.3409
4 60 44 56 0.249974 4.06333 16.255
4 60 45 57 0.472471 5.45324 11.542
5 17 6 9 1.98339 7.9468 4.00667
5 17 7 10 0.624202 5.71955 9.16298
5 17 8 11 0.347897 4.91827 14.1372
5 17 9 12 0.291605 5.02958 17.248
5 17 10 13 0.288167 4.97029 17.248
5 17 11 14 0.354229 5.0078 14.1372
5 17 12 15 0.591451 5.41945 9.16298
5 17 13 16 2.26854 9.0893 4.00667
5 27 6 11 2.09993 7.77768 3.70377
5 27 7 12 0.672113 5.64861 8.40426
5 27 8 13 0.346792 4.79671 13.8317
5 27 9 14 0.240941 4.7233 19.6035
5 27 10 15 0.167251 4.22003 25.2317
5 27 11 16 0.136421 4.11437 30.1593
5 27 12 17 0.120728 4.08452 33.8325
5 27 13 18 0.112782 4.03736 35.7978
5 27 14 19 0.119599 4.28138 35.7978
5 27 15 20 0.131808 4.4594 33.8325
5 27 16 21 0.146715 4.42482 30.1593
5 27 17 22 0.185491 4.68026 25.2317
5 27 18 23 0.26413 5.17788 19.6035
5 27 19 24 0.392247 5.42543 13.8317
5 27 20 25 0.720811 6.05788 8.40426
5 27 21 26 1.97619 7.31936 3.70377
5 61 8 20 0.407232 4.70025 11.542
5 61 9 21 0.286374 4.65501 16.255
5 61 10 22 0.204263 4.35918 21.3409
5 61 11 23 0.156451 4.18564 26.7536
5 61 12 24 0.127763 4.14457 32.4396
5 61 13 25 0.106115 4.06826 38.3381
5 61 14 26 0.092225 4.09304 44.381
5 61 15 27 0.0837506 4.22884 50.4932
5 61 16 28 0.0718672 4.06721 56.5934
5 61 17 29 0.0651358 4.07716 62.5948
5 61 18 30 0.0595315 4.07234 68.4065
5 61 19 31 0.0538546 3.98178 73.9358
5 61 20 32 0.0501127 3.96337 79.0892
5 61 21 33 0.0477233 3.99806 83.7758
5 61 22 34 0.0457003 4.01748 87.9092
5 61 23 35 0.0449258 4.10669 91.4105
5 61 24 36 0.0434427 4.09276 94.2106
5 61 25 37 0.0432015 4.15828 96.2531
5 61 26 38 0.0418979 4.08487 97.4958
5 61 27 39 0.0419586 4.10829 97.913
5 61 28 40 0.0422431 4.11853 97.4958
5 61 29 41 0.0421714 4.05913 96.2531
5 61 30 42 0.0431636 4.06646 94.2106
5 61 31 43 0.0448235 4.09734 91.4105
5 61 32 44 0.0453642 3.98793 87.9092
5 61 33 45 0.04807 4.0271 83.7758
5 61 34 46 0.0508195 4.01928 79.0892
5 61 35 47 0.0530527 3.92249 73.9358
5 61 36 48 0.0574821 3.93215 68.4065
5 61 37 49 0.0623032 3.89986 62.5948
5 61 38 50 0.0670038 3.79197 56.5934
5 61 39 51 0.0761927 3.84722 50.4932
5 61 40 52 0.0863869 3.83394 44.381
5 61 41 53 0.101322 3.88448 38.3381
5 61 42 54 0.118991 3.86001 32.4396
5 61 43 55 0.140443 3.75734 26.7536
5 61 44 56 0.169677 3.62107 21.3409
5 61 45 57 0.258701 4.20518 16.255
5 61 46 58 0.399848 4.61502 11.542
6 18 7 10 1.77983 7.13118 4.00667
6 18 8 11 0.616253 5.64671 9.16298
6 18 9 12 0.387093 5.47241 14.1372
6 18 10 13 0.289589 4.99483 17.248
6 18 11 14 0.273577 4.71865 17.248
6 18 12 15 0.340718 4.81679 14.1372
6 18 13 16 0.807741 7.40132 9.16298
6 18 14 17 2.46719 9.88523 4.00667
6 28 7 12 1.89178 7.00672 3.70377
6 28 8 13 0.662903 5.57121 8.40426
6 28 9 14 0.387127 5.35461 13.8317
6 28 10 15 0.237586 4.65752 19.6035
6 28 11 16 0.173858 4.38674 25.2317
6 28 12 17 0.141791 4.27633 30.1593
6 28 13 18 0.122569 4.14682 33.8325
6 28 14 19 0.120831 4.32547 35.7978
6 28 15 20 0.12571 4.50015 35.7978
6 28 16 21 0.128934 4.36218 33.8325
6 28 17 22 0.150307 4.53314 30.1593
6 28 18 23 0.194696 4.91252 25.2317
6 28 19 24 0.259327 5.08373 19.6035
6 28 20 25 0.406618 5.62421 13.8317
6 28 21 26 0.779407 6.55034 8.40426
6 28 22 27 2.4119 8.93314 3.70377
6 62 9 21 0.450561 5.20036 11.542
6 62 10 22 0.290039 4.71459 16.255
6 62 11 23 0.207225 4.42238 21.3409
6 62 12 24 0.161863 4.33043 26.7536
6 62 13 25 0.129543 4.20232 32.4396
6 62 14 26 0.10957 4.2007 38.3381
6 62 15 27 0.097724 4.33709 44.381
6 62 16 28 0.0820472 4.14283 50.4932
6 62 17 29 0.0731198 4.1381 56.5934
6 62 18 30 0.0658651 4.12281 62.5948
6 62 19 31 0.0587291 4.01746 68.4065
6 62 20 32 0.0540472 3.99602 73.9358
6 62 21 33 0.0509934 4.03303 79.0892
6 62 22 34 0.0483552 4.051 83.7758
6 62 23 35 0.0470444 4.13564 87.9092
6 62 24 36 0.0451577 4.12789 91.4105
6 62 25 37 0.0445125 4.19355 94.2106
6 62 26 38 0.0428988 4.12914 96.2531
6 62 27 39 0.042648 4.158 97.4958
6 62 28 40 0.0426278 4.17382 97.913
6 62 29 41 0.0422625 4.12041 97.4958
6 62 30 42 0.0428992 4.12918 96.2531
6 62 31 43 0.0442328 4.1672 94.2106
6 62 32 44 0.0445142 4.06906 91.4105
6 62 33 45 0.0468124 4.11524 87.9092
6 62 34 46 0.0491111 4.11433 83.7758
6 62 35 47 0.0507815 4.01627 79.0892
6 62 36 48 0.0546063 4.03736 73.9358
6 62 37 49 0.0586079 4.00916 68.4065
6 62 38 50 0.0625425 3.91483 62.5948
6 62 39 51 0.0702849 3.97766 56.5934
6 62 40 52 0.0786563 3.97161 50.4932
6 62 41 53 0.0908198 4.03067 44.381
6 62 42 54 0.104687 4.01349 38.3381
6 62 43 55 0.120908 3.92221 32.4396
6 62 44 56 0.142014 3.79938 26.7536
6 62 45 57 0.200877 4.2869 21.3409
6 62 46 58 0.283625 4.61032 16.255
6 62 47 59 0.430008 4.96313 11.542
7 19 8 11 1.59762 6.40115 4.00667
7 19 9 12 0.659445 6.04248 9.16298
7 19 10 13 0.366735 5.18459 14.1372
7 19 11 14 0.265539 4.58001 17.248
7 19 12 15 0.249953 4.31118 17.248
7 19 13 16 0.398978 5.64042 14.1372
7 19 14 17 0.788453 7.22458 9.16298
7 19 15 18 2.46851 9.89049 4.00667
7 29 8 13 1.70385 6.31067 3.70377
7 29 9 14 0.707334 5.94462 8.40426
7 29 10 15 0.364232 5.03794 13.8317
7 29 11 16 0.235001 4.60686 19.6035
7 29 12 17 0.175525 4.42879 25.2317
7 29 13 18 0.139906 4.21946 30.1593
7 29 14 19 0.127909 4.32748 33.8325
7 29 15 20 0.125916 4.5075 35.7978
7 29 16 21 0.119321 4.27141 35.7978
7 29 17 22 0.128822 4.35837 33.8325
7 29 18 23 0.152834 4.60935 30.1593
7 29 19 24 0.185395 4.67784 25.2317
7 29 20 25 0.257826 5.05431 19.6035
7 29 21 26 0.406156 5.61782 13.8317
7 29 22 27 0.845261 7.10379 8.40426
7 29 23 28 2.50124 9.26401 3.70377
7 63 10 22 0.434305 5.01273 11.542
7 63 11 23 0.282561 4.59303 16.255
7 63 12 24 0.208479 4.44913 21.3409
7 63 13 25 0.159664 4.27158 26.7536
7 63 14 26 0.130901 4.24636 32.4396
7 63 15 27 0.114392 4.38556 38.3381
7 63 16 28 0.0938399 4.16471 44.381
7 63 17 29 0.0822533 4.15324 50.4932
7 63 18 30 0.0729453 4.12822 56.5934
7 63 19 31 0.0641841 4.01759 62.5948
7 63 20 32 0.0582838 3.98699 68.4065
7 63 21 33 0.0544997 4.02947 73.9358
7 63 22 34 0.0511959 4.04905 79.0892
7 63 23 35 0.0492383 4.12498 83.7758
7 63 24 36 0.0468899 4.12205 87.9092
7 63 25 37 0.0457791 4.18469 91.4105
7 63 26 38 0.0437983 4.12627 94.2106
7 63 27 39 0.0432238 4.16042 96.2531
7 63 28 40 0.042856 4.17828 97.4958
7 63 29 41 0.0421748 4.12946 97.913
7 63 30 42 0.0424534 4.13903 97.4958
7 63 31 43 0.0434047 4.17783 96.2531
7 63 32 44 0.0434027 4.089 94.2106
7 63 33 45 0.0452351 4.13497 91.4105
7 63 34 46 0.0470781 4.1386 87.9092
7 63 35 47 0.0481713 4.03559 83.7758
7 63 36 48 0.0513258 4.05932 79.0892
7 63 37 49 0.054503 4.02972 73.9358
7 63 38 50 0.0577107 3.94779 68.4065
7 63 39 51 0.0639878 4.0053 62.5948
7 63 40 52 0.0706609 3.99894 56.5934
7 63 41 53 0.0803188 4.05556 50.4932
7 63 42 54 0.0909022 4.03433 44.381
7 63 43 55 0.102846 3.94293 38.3381
7 63 44 56 0.11789 3.82431 32.4396
7 63 45 57 0.157419 4.21152 26.7536
7 63 46 58 0.20819 4.44296 21.3409
7 63 47 59 0.288326 4.68674 16.255
7 63 48 60 0.450854 5.20373 11.542
8 20 9 12 1.76203 7.05987 4.00667
8 20 10 13 0.618343 5.66587 9.16298
8 20 11 14 0.336857 4.7622 14.1372
8 20 12 15 0.244906 4.22413 17.248
8 20 13 16 0.267175 4.60822 17.248
8 20 14 17 0.365411 5.16587 14.1372
8 20 15 18 0.660322 6.05051 9.16298
8 20 16 19 1.97354 7.9073 4.00667
8 30 9 14 1.86608 6.91154 3.70377
8 30 10 15 0.656165 5.51458 8.40426
8 30 11 16 0.349586 4.83535 13.8317
8 30 12 17 0.232917 4.56599 19.6035
8 30 13 18 0.169236 4.2701 25.2317
8 30 14 19 0.143051 4.31432 30.1593
8 30 15 20 0.133118 4.50373 33.8325
8 30 16 21 0.117054 4.19027 35.7978
8 30 17 22 0.117669 4.2123 35.7978
8 30 18 23 0.128896 4.36089 33.8325
8 30 19 24 0.143691 4.33361 30.1593
8 30 20 25 0.18125 4.57326 25.2317
8 30 21 26 0.249107 4.88338 19.6035
8 30 22 27 0.411276 5.68864 13.8317
8 30 23 28 0.838581 7.04765 8.40426
8 30 24 29 2.36282 8.75133 3.70377
8 64 11 23 0.41268 4.76313 11.542
8 64 12 24 0.279103 4.53682 16.255
8 64 13 25 0.201095 4.29156 21.3409
8 64 14 26 0.158413 4.23812 26.7536
8 64 15 27 0.135126 4.38342 32.4396
8 64 16 28 0.107878 4.13583 38.3381
8 64 17 29 0.0928192 4.11941 44.381
8 64 18 30 0.0809399 4.08692 50.4932
8 64 19 31 0.0701419 3.96957 56.5934
8 64 20 32 0.0629248 3.93876 62.5948
8 64 21 33 0.058259 3.9853 68.4065
8 64 22 34 0.0542395 4.01024 73.9358
8 64 23 35 0.0516177 4.08241 79.0892
8 64 24 36 0.0487564 4.08461 83.7758
8 64 25 37 0.0471828 4.14781 87.9092
8 64 26 38 0.0448544 4.10016 91.4105
8 64 27 39 0.0439455 4.14013 94.2106
8 64 28 40 0.04325 4.16295 96.2531
8 64 29 41 0.0422441 4.11862 97.4958
8 64 30 42 0.0422082 4.13273 97.913
8 64 31 43 0.0428215 4.17491 97.4958
8 64 32 44 0.042541 4.0947 96.2531
8 64 33 45 0.0439926 4.14457 94.2106
8 64 34 46 0.0453865 4.14881 91.4105
8 64 35 47 0.045983 4.04233 87.9092
8 64 36 48 0.0485972 4.07127 83.7758
8 64 37 49 0.0510741 4.03941 79.0892
8 64 38 50 0.0537136 3.97136 73.9358
8 64 39 51 0.0588796 4.02775 68.4065
8 64 40 52 0.0642157 4.01957 62.5948
8 64 41 53 0.07202 4.07585 56.5934
8 64 42 54 0.0802361 4.05138 50.4932
8 64 43 55 0.0892405 3.96058 44.381
8 64 44 56 0.100444 3.85082 38.3381
8 64 45 57 0.128586 4.17129 32.4396
8 64 46 58 0.162577 4.34951 26.7536
8 64 47 59 0.212307 4.53083 21.3409
8 64 48 60 0.301839 4.9064 16.255
8 64 49 61 0.475444 5.48755 11.542
9 21 10 13 1.60695 6.43853 4.00667
9 21 11 14 0.572269 5.24369 9.16298
9 21 12 15 0.320687 4.53361 14.1372
9 21 13 16 0.260833 4.49884 17.248
9 21 14 17 0.277429 4.78508 17.248
9 21 15 18 0.388372 5.49048 14.1372
9 21 16 19 0.715784 6.55872 9.16298
9 21 17 20 1.76321 7.0646 4.00667
9 31 10 15 1.69103 6.26319 3.70377
9 31 11 16 0.619089 5.20299 8.40426
9 31 12 17 0.343826 4.75568 13.8317
9 31 13 18 0.220901 4.33045 19.6035
9 31 14 19 0.170199 4.2944 25.2317
9 31 15 20 0.149161 4.49859 30.1593
9 31 16 21 0.122061 4.12962 33.8325
9 31 17 22 0.11501 4.11709 35.7978
9 31 18 23 0.117354 4.20101 35.7978
9 31 19 24 0.121583 4.11345 33.8325
9 31 20 25 0.141487 4.26714 30.1593
9 31 21 26 0.176071 4.44258 25.2317
9 31 22 27 0.248461 4.87072 19.6035
9 31 23 28 0.40575 5.6122 13.8317
9 31 24 29 0.797093 6.69898 8.40426
9 31 25 30 2.15773 7.99175 3.70377
10 22 11 14 1.84475 7.39129 4.00667
10 22 12 15 0.650726 5.96259 9.16298
10 22 13 16 0.362335 5.12239 14.1372
10 22 14 17 0.283203 4.88467 17.248
10 22 15 18 0.311266 5.3687 17.248
10 22 16 19 0.418918 5.92232 14.1372
10 22 17 20 0.718629 6.58479 9.16298
10 22 18 21 2.27565 9.11779 4.00667
10 32 11 16 1.95314 7.23399 3.70377
10 32 12 17 0.721414 6.06295 8.40426
10 32 13 18 0.368761 5.10059 13.8317
10 32 14 19 0.242862 4.76096 19.6035
10 32 15 20 0.194734 4.91346 25.2317
10 32 16 21 0.144548 4.35945 30.1593
10 32 17 22 0.126066 4.26512 33.8325
10 32 18 23 0.118783 4.25218 35.7978
10 32 19 24 0.113996 4.08079 35.7978
10 32 20 25 0.122934 4.15917 33.8325
10 32 21 26 0.141157 4.25718 30.1593
10 32 22 27 0.177574 4.48049 25.2317
10 32 23 28 0.248983 4.88095 19.6035
10 32 24 29 0.397684 5.50063 13.8317
10 32 25 30 0.726755 6.10784 8.40426
10 32 26 31 1.76516 6.53775 3.70377
11 23 12 15 1.9205 7.69482 4.00667
11 23 13 16 0.668096 6.12175 9.16298
11 23 14 17 0.369995 5.23069 14.1372
11 23 15 18 0.315088 5.43462 17.248
11 23 16 19 0.306693 5.28982 17.248
11 23 17 20 0.395025 5.58453 14.1372
11 23 18 21 0.76513 7.01087 9.16298
11 23 19 22 2.08449 8.35186 4.00667
11 33 12 17 2.06084 7.63288 3.70377
11 33 13 18 0.722347 6.07079 8.40426
11 33 14 19 0.38229 5.2877 13.8317
11 33 15 20 0.274756 5.3862 19.6035
11 33 16 21 0.18339 4.62724 25.2317
11 33 17 22 0.14776 4.45633 30.1593
11 33 18 23 0.128695 4.35406 33.8325
11 33 19 24 0.114577 4.10161 35.7978
11 33 20 25 0.115079 4.11957 35.7978
11 33 21 26 0.123877 4.19106 33.8325
11 33 22 27 0.143523 4.32854 30.1593
11 33 23 28 0.182251 4.59851 25.2317
11 33 24 29 0.259327 5.08372 19.6035
11 33 25 30 0.402827 5.57177 13.8317
11 33 26 31 0.702704 5.90571 8.40426
11 33 27 32 1.73939 6.44232 3.70377
12 24 13 16 1.83508 7.35254 4.00667
12 24 14 17 0.634265 5.81175 9.16298
12 24 15 18 0.416392 5.8866 14.1372
12 24 16 19 0.30097 5.19112 17.248
12 24 17 20 0.303138 5.22851 17.248
12 24 18 21 0.421314 5.95619 14.1372
12 24 19 22 0.778303 7.13158 9.16298
12 24 20 23 2.35778 9.44683 4.00667
12 34 13 18 1.94798 7.21486 3.70377
12 34 14 19 0.693307 5.82673 8.40426
12 34 15 20 0.424701 5.87433 13.8317
12 34 16 21 0.248869 4.87871 19.6035
12 34 17 22 0.184095 4.64502 25.2317
12 34 18 23 0.147524 4.44921 30.1593
12 34 19 24 0.121553 4.11245 33.8325
12 34 20 25 0.113569 4.06552 35.7978
12 34 21 26 0.115005 4.11692 35.7978
12 34 22 27 0.123979 4.19451 33.8325
12 34 23 28 0.144748 4.36551 30.1593
12 34 24 29 0.188595 4.75857 25.2317
12 34 25 30 0.263869 5.17277 19.6035
12 34 26 31 0.398469 5.5115 13.8317
12 34 27 32 0.725623 6.09832 8.40426
12 34 28 33 2.48317 9.19711 3.70377
13 25 14 17 1.64106 6.57517 4.00667
13 25 15 18 0.723332 6.62787 9.16298
13 25 16 19 0.378673 5.35336 14.1372
13 25 17 20 0.298445 5.14757 17.248
13 25 18 21 0.300034 5.17497 17.248
13 25 19 22 0.394993 5.58408 14.1372
13 25 20 23 0.776724 7.1171 9.16298
13 25 21 24 2.10255 8.42421 4.00667
13 35 14 19 1.76406 6.53369 3.70377
13 35 15 20 0.780456 6.55916 8.40426
13 35 16 21 0.376854 5.21252 13.8317
13 35 17 22 0.250658 4.91379 19.6035
13 35 18 23 0.18193 4.59039 25.2317
13 35 19 24 0.136447 4.11513 30.1593
13 35 20 25 0.116717 3.94885 33.8325
13 35 21 26 0.110023 3.93857 35.7978
13 35 22 27 0.109073 3.90456 35.7978
13 35 23 28 0.115448 3.90591 33.8325
13 35 24 29 0.135749 4.09409 30.1593
13 35 25 30 0.169329 4.27245 25.2317
13 35 26 31 0.223965 4.3905 19.6035
13 35 27 32 0.330286 4.56841 13.8317
13 35 28 33 0.707562 5.94653 8.40426
13 35 29 34 1.89798 7.02967 3.70377
14 26 15 18 1.87112 7.49697 4.00667
14 26 16 19 0.604149 5.5358 9.16298
14 26 17 20 0.376562 5.32352 14.1372
14 26 18 21 0.287344 4.9561 17.248
14 26 19 22 0.276959 4.77697 17.248
14 26 20 23 0.384015 5.42889 14.1372
14 26 21 24 0.647717 5.93501 9.16298
14 26 22 25 1.68336 6.74466 4.00667
14 36 15 20 1.98816 7.36369 3.70377
14 36 16 21 0.644561 5.41706 8.40426
14 36 17 22 0.371942 5.14458 13.8317
14 36 18 23 0.242008 4.74422 19.6035
14 36 19 24 0.165682 4.18043 25.2317
14 36 20 25 0.130433 3.93378 30.1593
14 36 21 26 0.116333 3.93584 33.8325
14 36 22 27 0.10877 3.89373 35.7978
14 36 23 28 0.107737 3.85675 35.7978
14 36 24 29 0.118576 4.01171 33.8325
14 36 25 30 0.13761 4.15021 30.1593
14 36 26 31 0.168539 4.25252 25.2317
14 36 27 32 0.222594 4.36362 19.6035
14 36 28 33 0.379703 5.25193 13.8317
14 36 29 34 0.765914 6.43694 8.40426
14 36 30 35 3.11913 11.5526 3.70377
15 27 16 19 1.4517 5.81646 4.00667
15 27 17 20 0.630022 5.77287 9.16298
15 27 18 21 0.366007 5.1743 14.1372
15 27 19 22 0.267659 4.61657 17.248
15 27 20 23 0.283486 4.88956 17.248
15 27 21 24 0.377929 5.34285 14.1372
15 27 22 25 0.661553 6.0618 9.16298
15 27 23 26 1.84393 7.38801 4.00667
15 37 16 21 1.54214 5.71173 3.70377
15 37 17 22 0.658281 5.53237 8.40426
15 37 18 23 0.359616 4.97409 13.8317
15 37 19 24 0.21614 4.23711 19.6035
15 37 20 25 0.152316 3.84319 25.2317
15 37 21 26 0.1269 3.82721 30.1593
15 37 22 27 0.110984 3.75486 33.8325
15 37 23 28 0.101893 3.64755 35.7978
15 37 24 29 0.103923 3.72022 35.7978
15 37 25 30 0.111013 3.75586 33.8325
15 37 26 31 0.124795 3.76373 30.1593
15 37 27 32 0.147666 3.72586 25.2317
15 37 28 33 0.204487 4.00866 19.6035
15 37 29 34 0.320758 4.43662 13.8317
15 37 30 35 0.804846 6.76413 8.40426
15 37 31 36 2.06207 7.63744 3.70377
16 28 17 20 2.29464 9.19386 4.00667
16 28 18 21 0.821078 7.52352 9.16298
16 28 19 22 0.403666 5.70669 14.1372
16 28 20 23 0.287501 4.95881 17.248
16 28 21 24 0.297201 5.12611 17.248
16 28 22 25 0.397959 5.62601 14.1372
16 28 23 26 0.714591 6.54778 9.16298
16 28 24 27 2.28555 9.15744 4.00667
16 38 17 22 2.39036 8.85335 3.70377
16 38 18 23 0.866247 7.28016 8.40426
16 38 19 24 0.40395 5.5873 13.8317
16 38 20 25 0.230081 4.5104 19.6035
16 38 21 26 0.171961 4.33886 25.2317
16 38 22 27 0.137654 4.15155 30.1593
16 38 23 28 0.11595 3.92287 33.8325
16 38 24 29 0.109755 3.92899 35.7978
16 38 25 30 0.109171 3.90808 35.7978
16 38 26 31 0.115258 3.89947 33.8325
16 38 27 32 0.127571 3.84745 30.1593
16 38 28 33 0.158116 3.98952 25.2317
16 38 29 34 0.215426 4.22311 19.6035
16 38 30 35 0.410581 5.67902 13.8317
16 38 31 36 0.724124 6.08573 8.40426
16 38 32 37 2.03644 7.54251 3.70377
17 29 18 21 2.46173 9.86335 4.00667
17 29 19 22 0.776008 7.11055 9.16298
17 29 20 23 0.366565 5.18219 14.1372
17 29 21 24 0.291112 5.0211 17.248
17 29 22 25 0.30026 5.17888 17.248
17 29 23 26 0.391881 5.54008 14.1372
17 29 24 27 0.786823 7.20964 9.16298
17 29 25 28 2.38097 9.53976 4.00667
17 39 18 23 2.56908 9.51528 3.70377
17 39 19 24 0.825181 6.93504 8.40426
17 39 20 25 0.362128 5.00883 13.8317
17 39 21 26 0.239849 4.70189 19.6035
17 39 22 27 0.175538 4.42912 25.2317
17 39 23 28 0.135537 4.08769 30.1593
17 39 24 29 0.119159 4.03145 33.8325
17 39 25 30 0.110409 3.95241 35.7978
17 39 26 31 0.109732 3.92815 35.7978
17 39 27 32 0.114722 3.88135 33.8325
17 39 28 33 0.131026 3.95165 30.1593
17 39 29 34 0.162276 4.09449 25.2317
17 39 30 35 0.263498 5.1655 19.6035
17 39 31 36 0.391174 5.41059 13.8317
17 39 32 37 0.78522 6.59919 8.40426
17 39 33 38 1.79185 6.63662 3.70377
18 30 19 22 2.42362 9.71064 4.00667
18 30 20 23 0.633214 5.80213 9.16298
18 30 21 24 0.373401 5.27883 14.1372
18 30 22 25 0.295754 5.10115 17.248
18 30 23 26 0.28542 4.92291 17.248
18 30 24 27 0.401839 5.68086 14.1372
18 30 25 28 0.784083 7.18453 9.16298
18 30 26 29 2.24575 8.99799 4.00667
18 40 19 24 2.53843 9.40177 3.70377
18 40 20 25 0.678504 5.70233 8.40426
18 40 21 26 0.374336 5.17769 13.8317
18 40 22 27 0.245107 4.80496 19.6035
18 40 23 28 0.171016 4.31503 25.2317
18 40 24 29 0.138277 4.17034 30.1593
18 40 25 30 0.118463 4.0079 33.8325
18 40 26 31 0.110239 3.94632 35.7978
18 40 27 32 0.108788 3.89437 35.7978
18 40 28 33 0.115308 3.90116 33.8325
18 40 29 34 0.1311 3.95387 30.1593
18 40 30 35 0.187162 4.72242 25.2317
18 40 31 36 0.246414 4.83059 19.6035
18 40 32 37 0.409718 5.66709 13.8317
18 40 33 38 0.662796 5.57031 8.40426
18 40 34 39 2.20739 8.17567 3.70377
19 31 20 23 1.93895 7.76872 4.00667
19 31 21 24 0.702669 6.43854 9.16298
19 31 22 25 0.413221 5.84178 14.1372
19 31 23 26 0.29265 5.04762 17.248
19 31 24 27 0.293599 5.06398 17.248
19 31 25 28 0.400469 5.66149 14.1372
19 31 26 29 0.748457 6.85809 9.16298
19 31 27 30 2.04549 8.19561 4.00667
19 41 20 25 2.05629 7.61601 3.70377
19 41 21 26 0.756289 6.35605 8.40426
19 41 22 27 0.413293 5.71653 13.8317
19 41 23 28 0.249771 4.89639 19.6035
19 41 24 29 0.181174 4.57133 25.2317
19 41 25 30 0.140885 4.249 30.1593
19 41 26 31 0.121482 4.11005 33.8325
19 41 27 32 0.112942 4.04308 35.7978
19 41 28 33 0.111738 3.99999 35.7978
19 41 29 34 0.117951 3.99058 33.8325
19 41 30 35 0.152249 4.59174 30.1593
19 41 31 36 0.18427 4.64944 25.2317
19 41 32 37 0.272917 5.35014 19.6035
19 41 33 38 0.378405 5.23397 13.8317
19 41 34 39 0.848127 7.12788 8.40426
19 41 35 40 2.4548 9.09202 3.70377
20 32 21 24 1.7513 7.01687 4.00667
20 32 22 25 0.718225 6.58108 9.16298
20 32 23 26 0.384212 5.43167 14.1372
20 32 24 27 0.28969 4.99656 17.248
20 32 25 28 0.28704 4.95085 17.248
20 32 26 29 0.391573 5.53574 14.1372
20 32 27 30 0.680066 6.23143 9.16298
20 32 28 31 1.6493 6.60819 4.00667
20 42 21 26 1.86853 6.92061 3.70377
20 42 22 27 0.761071 6.39624 8.40426
20 42 23 28 0.384918 5.32405 13.8317
20 42 24 29 0.247604 4.85391 19.6035
20 42 25 30 0.173524 4.3783 25.2317
20 42 26 31 0.137962 4.16083 30.1593
20 42 27 32 0.120838 4.08826 33.8325
20 42 28 33 0.111814 4.00268 35.7978
20 42 29 34 0.109701 3.92705 35.7978
20 42 30 35 0.128497 4.34736 33.8325
20 42 31 36 0.143603 4.33097 30.1593
20 42 32 37 0.191955 4.84336 25.2317
20 42 33 38 0.237583 4.65746 19.6035
20 42 34 39 0.414506 5.73331 13.8317
20 42 35 40 0.835558 7.02224 8.40426
20 42 36 41 2.28566 8.46555 3.70377
21 33 22 25 2.27164 9.10172 4.00667
21 33 23 26 0.758473 6.94988 9.16298
21 33 24 27 0.412768 5.83537 14.1372
21 33 25 28 0.2929 5.05192 17.248
21 33 26 29 0.298907 5.15554 17.248
21 33 27 30 0.401813 5.6805 14.1372
21 33 28 31 0.651102 5.96604 9.16298
21 33 29 32 1.61797 6.48266 4.00667
21 43 22 27 2.38134 8.81995 3.70377
21 43 23 28 0.80207 6.74081 8.40426
21 43 24 29 0.416834 5.76551 13.8317
21 43 25 30 0.247782 4.85741 19.6035
21 43 26 31 0.174357 4.39933 25.2317
21 43 27 32 0.141318 4.26206 30.1593
21 43 28 33 0.121334 4.10504 33.8325
21 43 29 34 0.109978 3.93698 35.7978
21 43 30 35 0.116699 4.17758 35.7978
21 43 31 36 0.12042 4.07412 33.8325
21 43 32 37 0.145703 4.39429 30.1593
21 43 33 38 0.163006 4.11292 25.2317
21 43 34 39 0.229086 4.49089 19.6035
21 43 35 40 0.350993 4.85483 13.8317
21 43 36 41 0.634052 5.32874 8.40426
21 43 37 42 1.86867 6.92113 3.70377
22 34 23 26 2.09414 8.39052 4.00667
22 34 24 27 0.78103 7.15657 9.16298
22 34 25 28 0.396524 5.60573 14.1372
22 34 26 29 0.295367 5.09447 17.248
22 34 27 30 0.312339 5.38721 17.248
22 34 28 31 0.39607 5.5993 14.1372
22 34 29 32 0.667282 6.11429 9.16298
22 34 30 33 2.35433 9.433 4.00667
22 44 23 28 2.19825 8.14181 3.70377
22 44 24 29 0.83286 6.99957 8.40426
22 44 25 30 0.402963 5.57365 13.8317
22 44 26 31 0.244325 4.78963 19.6035
22 44 27 32 0.181885 4.58926 25.2317
22 44 28 33 0.145271 4.38128 30.1593
22 44 29 34 0.122783 4.15406 33.8325
22 44 30 35 0.120494 4.3134 35.7978
22 44 31 36 0.117282 4.19844 35.7978
22 44 32 37 0.133186 4.50601 33.8325
22 44 33 38 0.141036 4.25354 30.1593
22 44 34 39 0.179328 4.52474 25.2317
22 44 35 40 0.241775 4.73965 19.6035
22 44 36 41 0.369831 5.11538 13.8317
22 44 37 42 0.741997 6.23594 8.40426
22 44 38 43 2.23228 8.26787 3.70377
23 35 24 27 2.34222 9.38451 4.00667
23 35 25 28 0.758069 6.94617 9.16298
23 35 26 29 0.378926 5.35693 14.1372
23 35 27 30 0.29749 5.1311 17.248
23 35 28 31 0.282569 4.87373 17.248
23 35 29 32 0.333258 4.71133 14.1372
23 35 30 33 0.661765 6.06374 9.16298
23 35 31 34 1.80345 7.22581 4.00667
23 45 24 29 2.46682 9.13654 3.70377
23 45 25 30 0.824064 6.92565 8.40426
23 45 26 31 0.392815 5.43329 13.8317
23 45 27 32 0.259319 5.08357 19.6035
23 45 28 33 0.188865 4.76539 25.2317
23 45 29 34 0.146283 4.4118 30.1593
23 45 30 35 0.130624 4.41935 33.8325
23 45 31 36 0.118272 4.23388 35.7978
23 45 32 37 0.124534 4.45803 35.7978
23 45 33 38 0.124168 4.20093 33.8325
23 45 34 39 0.143331 4.32276 30.1593
23 45 35 40 0.171978 4.3393 25.2317
23 45 36 41 0.232903 4.56571 19.6035
23 45 37 42 0.376228 5.20386 13.8317
23 45 38 43 0.75144 6.3153 8.40426
23 45 39 44 1.87368 6.93968 3.70377
24 36 25 28 2.08929 8.37108 4.00667
24 36 26 29 0.639699 5.86155 9.16298
24 36 27 30 0.387645 5.48021 14.1372
24 36 28 31 0.296474 5.11357 17.248
24 36 29 32 0.27239 4.69817 17.248
24 36 30 33 0.375791 5.31262 14.1372
24 36 31 34 0.722502 6.62027 9.16298
24 36 32 35 3.03163 12.1467 4.00667
24 46 25 30 2.2177 8.21385 3.70377
24 46 26 31 0.698251 5.86828 8.40426
24 46 27 32 0.392528 5.42931 13.8317
24 46 28 33 0.258273 5.06306 19.6035
24 46 29 34 0.183012 4.61769 25.2317
24 46 30 35 0.14913 4.49765 30.1593
24 46 31 36 0.125976 4.26207 33.8325
24 46 32 37 0.123618 4.42527 35.7978
24 46 33 38 0.116766 4.17998 35.7978
24 46 34 39 0.124457 4.21069 33.8325
24 46 35 40 0.135381 4.08299 30.1593
24 46 36 41 0.16715 4.21747 25.2317
24 46 37 42 0.232845 4.56458 19.6035
24 46 38 43 0.380397 5.26152 13.8317
24 46 39 44 0.64541 5.42419 8.40426
24 46 40 45 2.36765 8.76924 3.70377
25 37 26 29 1.66589 6.67466 4.00667
25 37 27 30 0.663454 6.07921 9.16298
25 37 28 31 0.391181 5.53018 14.1372
25 37 29 32 0.273035 4.70929 17.248
25 37 30 33 0.252693 4.35844 17.248
25 37 31 34 0.32639 4.61423 14.1372
25 37 32 35 0.783707 7.18109 9.16298
25 37 33 36 1.98247 7.94309 4.00667
25 47 26 31 1.79412 6.64502 3.70377
25 47 27 32 0.719559 6.04736 8.40426
25 47 28 33 0.404445 5.59415 13.8317
25 47 29 34 0.254698 4.99299 19.6035
25 47 30 35 0.186131 4.69641 25.2317
25 47 31 36 0.145022 4.37376 30.1593
25 47 32 37 0.131905 4.4627 33.8325
25 47 33 38 0.117906 4.22078 35.7978
25 47 34 39 0.116773 4.18022 35.7978
25 47 35 40 0.116175 3.93051 33.8325
25 47 36 41 0.132723 4.00283 30.1593
25 47 37 42 0.164935 4.1616 25.2317
25 47 38 43 0.236919 4.64446 19.6035
25 47 39 44 0.330392 4.56987 13.8317
25 47 40 45 0.766963 6.44575 8.40426
25 47 41 46 2.29647 8.50561 3.70377
26 38 27 30 1.86133 7.45774 4.00667
26 38 28 31 0.728646 6.67656 9.16298
26 38 29 32 0.389026 5.49973 14.1372
26 38 30 33 0.270482 4.66526 17.248
26 38 31 34 0.259773 4.48056 17.248
26 38 32 35 0.423125 5.98179 14.1372
26 38 33 36 0.693073 6.35062 9.16298
26 38 34 37 1.94464 7.79153 4.00667
26 48 27 32 1.97767 7.32485 3.70377
26 48 28 33 0.779307 6.5495 8.40426
26 48 29 34 0.404039 5.58853 13.8317
26 48 30 35 0.25505 4.99989 19.6035
26 48 31 36 0.17971 4.53439 25.2317
26 48 32 37 0.150084 4.52644 30.1593
26 48 33 38 0.126807 4.29021 33.8325
26 48 34 39 0.117365 4.2014 35.7978
26 48 35 40 0.107621 3.8526 35.7978
26 48 36 41 0.115137 3.89539 33.8325
26 48 37 42 0.130404 3.93289 30.1593
26 48 38 43 0.170974 4.31396 25.2317
26 48 39 44 0.21044 4.12538 19.6035
26 48 40 45 0.37138 5.1368 13.8317
26 48 41 46 0.76453 6.42531 8.40426
26 48 42 47 2.27176 8.41407 3.70377
27 39 28 31 2.29702 9.20338 4.00667
27 39 29 32 0.788986 7.22946 9.16298
27 39 30 33 0.392971 5.5555 14.1372
27 39 31 34 0.276348 4.76644 17.248
27 39 32 35 0.320628 5.53018 17.248
27 39 33 36 0.401838 5.68085 14.1372
27 39 34 37 0.750329 6.87525 9.16298
27 39 35 38 1.64686 6.59843 4.00667
27 49 28 33 2.41143 8.93138 3.70377
27 49 29 34 0.844058 7.09368 8.40426
27 49 30 35 0.419196 5.79819 13.8317
27 49 31 36 0.253225 4.96411 19.6035
27 49 32 37 0.187793 4.73835 25.2317
27 49 33 38 0.147732 4.45549 30.1593
27 49 34 39 0.126891 4.29303 33.8325
27 49 35 40 0.10649 3.81211 35.7978
27 49 36 41 0.106548 3.81417 35.7978
27 49 37 42 0.110318 3.73234 33.8325
27 49 38 43 0.133658 4.03102 30.1593
27 49 39 44 0.149422 3.77017 25.2317
27 49 40 45 0.214317 4.20138 19.6035
27 49 41 46 0.338639 4.68395 13.8317
27 49 42 47 0.644997 5.42073 8.40426
27 49 43 48 1.73571 6.42869 3.70377
28 40 29 32 2.38423 9.55284 4.00667
28 40 30 33 0.775911 7.10966 9.16298
28 40 31 34 0.389117 5.50101 14.1372
28 40 32 35 0.316537 5.45961 17.248
28 40 33 36 0.307048 5.29595 17.248
28 40 34 37 0.422707 5.97588 14.1372
28 40 35 38 0.591527 5.42015 9.16298
28 40 36 39 2.08292 8.34559 4.00667
28 50 29 34 2.50237 9.2682 3.70377
28 50 30 35 0.851208 7.15377 8.40426
28 50 31 36 0.413934 5.7254 13.8317
28 50 32 37 0.263715 5.16975 19.6035
28 50 33 38 0.190761 4.81323 25.2317
28 50 34 39 0.151752 4.57674 30.1593
28 50 35 40 0.11703 3.95942 33.8325
28 50 36 41 0.110453 3.95396 35.7978
28 50 37 42 0.106517 3.81306 35.7978
28 50 38 43 0.122578 4.14714 33.8325
28 50 39 44 0.129998 3.92064 30.1593
28 50 40 45 0.169259 4.27068 25.2317
28 50 41 46 0.237957 4.66481 19.6035
28 50 42 47 0.376352 5.20557 13.8317
28 50 43 48 0.709487 5.96271 8.40426
28 50 44 49 2.14939 7.96086 3.70377
29 41 30 33 2.22894 8.93064 4.00667
29 41 31 34 0.730097 6.68986 9.16298
29 41 32 35 0.415748 5.8775 14.1372
29 41 33 36 0.318136 5.48721 17.248
29 41 34 37 0.337806 5.82646 17.248
29 41 35 38 0.354602 5.01307 14.1372
29 41 36 39 0.785233 7.19507 9.16298
29 41 37 40 2.32309 9.30786 4.00667
29 51 30 35 2.3725 8.78722 3.70377
29 51 31 36 0.802906 6.74783 8.40426
29 51 32 37 0.412114 5.70022 13.8317
29 51 33 38 0.267382 5.24163 19.6035
29 51 34 39 0.194369 4.90426 25.2317
29 51 35 40 0.135419 4.08413 30.1593
29 51 36 41 0.119185 4.03232 33.8325
29 51 37 42 0.105438 3.77443 35.7978
29 51 38 43 0.114226 4.08902 35.7978
29 51 39 44 0.114503 3.87394 33.8325
29 51 40 45 0.136008 4.1019 30.1593
29 51 41 46 0.173466 4.37685 25.2317
29 51 42 47 0.240004 4.70492 19.6035
29 51 43 48 0.372635 5.15416 13.8317
29 51 44 49 0.745708 6.26712 8.40426
29 51 45 50 1.75526 6.50107 3.70377
30 42 31 34 2.01871 8.08829 4.00667
30 42 32 35 0.697586 6.39197 9.16298
30 42 33 36 0.411187 5.81301 14.1372
30 42 34 37 0.335362 5.78431 17.248
30 42 35 38 0.263769 4.54948 17.248
30 42 36 39 0.401735 5.67939 14.1372
30 42 37 40 0.772096 7.0747 9.16298
30 42 38 41 2.18345 8.74835 4.00667
30 52 31 36 2.16546 8.02037 3.70377
30 52 32 37 0.74528 6.26353 8.40426
30 52 33 38 0.412871 5.7107 13.8317
30 52 34 39 0.27055 5.30373 19.6035
30 52 35 40 0.168771 4.25837 25.2317
30 52 36 41 0.1378 4.15595 30.1593
30 52 37 42 0.11152 3.77302 33.8325
30 52 38 43 0.11375 4.07199 35.7978
30 52 39 44 0.108217 3.87394 35.7978
30 52 40 45 0.118869 4.02165 33.8325
30 52 41 46 0.140139 4.22649 30.1593
30 52 42 47 0.175624 4.43128 25.2317
30 52 43 48 0.240403 4.71274 19.6035
30 52 44 49 0.398539 5.51246 13.8317
30 52 45 50 0.671783 5.64584 8.40426
30 52 46 51 2.38707 8.84116 3.70377
31 43 32 35 1.68612 6.75572 4.00667
31 43 33 36 0.667522 6.11649 9.16298
31 43 34 37 0.419852 5.93552 14.1372
31 43 35 38 0.249583 4.3048 17.248
31 43 36 39 0.262567 4.52874 17.248
31 43 37 40 0.333719 4.71784 14.1372
31 43 38 41 0.594416 5.44662 9.16298
31 43 39 42 1.77644 7.1176 4.00667
31 53 32 37 1.79146 6.63516 3.70377
31 53 33 38 0.71605 6.01787 8.40426
31 53 34 39 0.406529 5.62298 13.8317
31 53 35 40 0.22273 4.3663 19.6035
31 53 36 41 0.167638 4.22979 25.2317
31 53 37 42 0.123332 3.7196 30.1593
31 53 38 43 0.118283 4.0018 33.8325
31 53 39 44 0.106813 3.82368 35.7978
31 53 40 45 0.108983 3.90134 35.7978
31 53 41 46 0.119606 4.04658 33.8325
31 53 42 47 0.137165 4.13681 30.1593
31 53 43 48 0.16884 4.26011 25.2317
31 53 44 49 0.243805 4.77943 19.6035
31 53 45 50 0.336566 4.65527 13.8317
31 53 46 51 0.749555 6.29946 8.40426
31 53 47 52 2.06379 7.64381 3.70377
32 44 33 36 1.66623 6.67603 4.00667
32 44 34 37 0.722736 6.62241 9.16298
32 44 35 38 0.32745 4.62922 14.1372
32 44 36 39 0.267752 4.61818 17.248
32 44 37 40 0.255814 4.41226 17.248
32 44 38 41 0.359729 5.08554 14.1372
32 44 39 42 0.696199 6.37925 9.16298
32 44 40 43 2.10815 8.44667 4.00667
32 54 33 38 1.76657 6.54297 3.70377
32 54 34 39 0.740313 6.22178 8.40426
32 54 35 40 0.330533 4.57183 13.8317
32 54 36 41 0.222713 4.36596 19.6035
32 54 37 42 0.145905 3.68144 25.2317
32 54 38 43 0.130553 3.93739 30.1593
32 54 39 44 0.111993 3.789 33.8325
32 54 40 45 0.106958 3.82885 35.7978
32 54 41 46 0.110396 3.95191 35.7978
32 54 42 47 0.117826 3.98634 33.8325
32 54 43 48 0.133624 4.03001 30.1593
32 54 44 49 0.175957 4.4397 25.2317
32 54 45 50 0.215245 4.21957 19.6035
32 54 46 51 0.372807 5.15654 13.8317
32 54 47 52 0.723881 6.08368 8.40426
32 54 48 53 2.14637 7.94967 3.70377
33 45 34 37 2.44065 9.77888 4.00667
33 45 35 38 0.664947 6.09289 9.16298
33 45 36 39 0.379538 5.36559 14.1372
33 45 37 40 0.243908 4.20692 17.248
33 45 38 41 0.262965 4.53561 17.248
33 45 39 42 0.373 5.27316 14.1372
33 45 40 43 0.69498 6.36808 9.16298
33 45 41 44 1.76144 7.0575 4.00667
33 55 34 39 2.51229 9.30494 3.70377
33 55 35 40 0.707705 5.94773 8.40426
33 55 36 41 0.380103 5.25747 13.8317
33 55 37 42 0.202571 3.97111 19.6035
33 55 38 43 0.161972 4.08682 25.2317
33 55 39 44 0.12942 3.90321 30.1593
33 55 40 45 0.114513 3.87428 33.8325
33 55 41 46 0.11072 3.96354 35.7978
33 55 42 47 0.110163 3.9436 35.7978
33 55 43 48 0.115965 3.92339 33.8325
33 55 44 49 0.141823 4.27729 30.1593
33 55 45 50 0.158681 4.00379 25.2317
33 55 46 51 0.23035 4.51568 19.6035
33 55 47 52 0.357215 4.94088 13.8317
33 55 48 53 0.696499 5.85356 8.40426
33 55 49 54 1.86818 6.9193 3.70377
34 46 35 38 1.80215 7.22062 4.00667
34 46 36 39 0.724488 6.63847 9.16298
34 46 37 40 0.314775 4.45003 14.1372
34 46 38 41 0.254794 4.39468 17.248
34 46 39 42 0.273009 4.70885 17.248
34 46 40 43 0.370688 5.24047 14.1372
34 46 41 44 0.597758 5.47724 9.16298
34 46 42 45 2.25329 9.02819 4.00667
34 56 35 40 1.89868 7.03229 3.70377
34 56 36 41 0.767473 6.45005 8.40426
34 56 37 42 0.319557 4.42002 13.8317
34 56 38 43 0.221717 4.34644 19.6035
34 56 39 44 0.163055 4.11416 25.2317
34 56 40 45 0.133067 4.01319 30.1593
34 56 41 46 0.12075 4.08528 33.8325
34 56 42 47 0.112514 4.02774 35.7978
34 56 43 48 0.111107 3.9774 35.7978
34 56 44 49 0.128874 4.36015 33.8325
34 56 45 50 0.136149 4.10615 30.1593
34 56 46 51 0.17963 4.53236 25.2317
34 56 47 52 0.249178 4.88477 19.6035
34 56 48 53 0.406579 5.62367 13.8317
34 56 49 54 0.768813 6.4613 8.40426
34 56 50 55 1.99895 7.40365 3.70377
35 47 36 39 2.97891 11.9355 4.00667
35 47 37 40 0.732181 6.70896 9.16298
35 47 38 41 0.387786 5.4822 14.1372
35 47 39 42 0.29553 5.09728 17.248
35 47 40 43 0.288509 4.97619 17.248
35 47 41 44 0.336258 4.75374 14.1372
35 47 42 45 0.722761 6.62264 9.16298
35 47 43 46 2.18273 8.74549 4.00667
35 57 36 41 3.10101 11.4854 3.70377
35 57 37 42 0.790824 6.64629 8.40426
35 57 38 43 0.408604 5.65167 13.8317
35 57 39 44 0.256781 5.03381 19.6035
35 57 40 45 0.182366 4.60141 25.2317
35 57 41 46 0.14903 4.49465 30.1593
35 57 42 47 0.125253 4.23764 33.8325
35 57 43 48 0.11175 4.00041 35.7978
35 57 44 49 0.120094 4.29909 35.7978
35 57 45 50 0.117492 3.97505 33.8325
35 57 46 51 0.138698 4.18303 30.1593
35 57 47 52 0.171201 4.3197 25.2317
35 57 48 53 0.240582 4.71626 19.6035
35 57 49 54 0.367432 5.0822 13.8317
35 57 50 55 0.646316 5.43181 8.40426
35 57 51 56 1.58283 5.86243 3.70377
36 48 37 40 1.93004 7.73302 4.00667
36 48 38 41 0.657548 6.0251 9.16298
36 48 39 42 0.379583 5.36622 14.1372
36 48 40 43 0.285531 4.92482 17.248
36 48 41 44 0.260351 4.49052 17.248
36 48 42 45 0.369691 5.22638 14.1372
36 48 43 46 0.710726 6.51237 9.16298
36 48 44 47 2.18912 8.77107 4.00667
36 58 37 42 2.04425 7.57146 3.70377
36 58 38 43 0.722432 6.07151 8.40426
36 58 39 44 0.384622 5.31996 13.8317
36 58 40 45 0.242165 4.74728 19.6035
36 58 41 46 0.182033 4.59301 25.2317
36 58 42 47 0.141225 4.25926 30.1593
36 58 43 48 0.116489 3.94112 33.8325
36 58 44 49 0.118295 4.2347 35.7978
36 58 45 50 0.109377 3.91544 35.7978
36 58 46 51 0.119418 4.0402 33.8325
36 58 47 52 0.13639 4.11344 30.1593
36 58 48 53 0.173555 4.37907 25.2317
36 58 49 54 0.234519 4.5974 19.6035
36 58 50 55 0.350677 4.85044 13.8317
36 58 51 56 0.609312 5.12081 8.40426
36 58 52 57 2.42289 8.97385 3.70377
37 49 38 41 1.87557 7.5148 4.00667
37 49 39 42 0.711957 6.52365 9.16298
37 49 40 43 0.393348 5.56083 14.1372
37 49 41 44 0.279727 4.82471 17.248
37 49 42 45 0.265422 4.57799 17.248
37 49 43 46 0.331716 4.68952 14.1372
37 49 44 47 0.622084 5.70014 9.16298
37 49 45 48 1.6468 6.59818 4.00667
37 59 38 43 2.01664 7.46916 3.70377
37 59 39 44 0.767122 6.44709 8.40426
37 59 40 45 0.396835 5.48889 13.8317
37 59 41 46 0.26401 5.17553 19.6035
37 59 42 47 0.183547 4.63121 25.2317
37 59 43 48 0.136148 4.10614 30.1593
37 59 44 49 0.129039 4.36572 33.8325
37 59 45 50 0.111813 4.00266 35.7978
37 59 46 51 0.11257 4.02975 35.7978
37 59 47 52 0.118946 4.02425 33.8325
37 59 48 53 0.138671 4.18221 30.1593
37 59 49 54 0.169529 4.27751 25.2317
37 59 50 55 0.226386 4.43796 19.6035
37 59 51 56 0.321722 4.44996 13.8317
37 59 52 57 0.837122 7.03539 8.40426
37 59 53 58 2.30488 8.53677 3.70377
38 50 39 42 1.67946 6.72905 4.00667
38 50 40 43 0.625173 5.72845 9.16298
38 50 41 44 0.362841 5.12954 14.1372
38 50 42 45 0.270354 4.66306 17.248
38 50 43 46 0.260015 4.48472 17.248
38 50 44 47 0.381001 5.38628 14.1372
38 50 45 48 0.666018 6.10271 9.16298
38 50 46 49 2.03236 8.14299 4.00667
38 60 39 44 1.78041 6.59423 3.70377
38 60 40 45 0.655967 5.51292 8.40426
38 60 41 46 0.374966 5.18641 13.8317
38 60 42 47 0.233445 4.57635 19.6035
38 60 43 48 0.156704 3.95391 25.2317
38 60 44 49 0.140135 4.22637 30.1593
38 60 45 50 0.115186 3.89704 33.8325
38 60 46 51 0.108817 3.8954 35.7978
38 60 47 52 0.10813 3.87081 35.7978
38 60 48 53 0.117853 3.98726 33.8325
38 60 49 54 0.133468 4.0253 30.1593
38 60 50 55 0.16488 4.16021 25.2317
38 60 51 56 0.206181 4.04187 19.6035
38 60 52 57 0.414389 5.7317 13.8317
38 60 53 58 0.85502 7.18581 8.40426
38 60 54 59 2.36733 8.76806 3.70377
39 51 40 43 2.10478 8.43316 4.00667
39 51 41 44 0.786878 7.21014 9.16298
39 51 42 45 0.401387 5.67447 14.1372
39 51 43 46 0.260605 4.49491 17.248
39 51 44 47 0.291015 5.01942 17.248
39 51 45 48 0.373375 5.27847 14.1372
39 51 46 49 0.692184 6.34247 9.16298
39 51 47 50 1.63584 6.55429 4.00667
39 61 40 45 2.19439 8.12753 3.70377
39 61 41 46 0.843561 7.0895 8.40426
39 61 42 47 0.409598 5.66543 13.8317
39 61 43 48 0.22178 4.34767 19.6035
39 61 44 49 0.178238 4.49724 25.2317
39 61 45 50 0.134326 4.05119 30.1593
39 61 46 51 0.116127 3.92888 33.8325
39 61 47 52 0.106558 3.81453 35.7978
39 61 48 53 0.107205 3.83768 35.7978
39 61 49 54 0.111546 3.77388 33.8325
39 61 50 55 0.127262 3.83812 30.1593
39 61 51 56 0.140988 3.55736 25.2317
39 61 52 57 0.218988 4.29294 19.6035
39 61 53 58 0.344112 4.75965 13.8317
39 61 54 59 0.624687 5.25003 8.40426
39 61 55 60 1.70508 6.31524 3.70377
40 52 41 44 2.34394 9.39139 4.00667
40 52 42 45 0.788816 7.2279 9.16298
40 52 43 46 0.345827 4.88901 14.1372
40 52 44 47 0.295832 5.10249 17.248
40 52 45 48 0.287776 4.96355 17.248
40 52 46 49 0.39026 5.51717 14.1372
40 52 47 50 0.61562 5.64091 9.16298
40 52 48 51 2.26941 9.09276 4.00667
40 62 41 46 2.4654 9.13129 3.70377
40 62 42 47 0.842997 7.08476 8.40426
40 62 43 48 0.352991 4.88246 13.8317
40 62 44 49 0.251067 4.9218 19.6035
40 62 45 50 0.172652 4.35631 25.2317
40 62 46 51 0.137066 4.13382 30.1593
40 62 47 52 0.117257 3.96711 33.8325
40 62 48 53 0.110779 3.96565 35.7978
40 62 49 54 0.108566 3.8864 35.7978
40 62 50 55 0.118321 4.00309 33.8325
40 62 51 56 0.123522 3.72534 30.1593
40 62 52 57 0.172009 4.34009 25.2317
40 62 53 58 0.240468 4.71403 19.6035
40 62 54 59 0.371964 5.14488 13.8317
40 62 55 60 0.720612 6.05621 8.40426
40 62 56 61 2.02869 7.5138 3.70377
41 53 42 45 2.17888 8.73007 4.00667
41 53 43 46 0.584257 5.35353 9.16298
41 53 44 47 0.376046 5.31623 14.1372
41 53 45 48 0.278477 4.80316 17.248
41 53 46 49 0.280882 4.84465 17.248
41 53 47 50 0.325145 4.59663 14.1372
41 53 48 51 0.697703 6.39304 9.16298
41 53 49 52 1.94777 7.80408 4.00667
41 63 42 47 2.29047 8.48338 3.70377
41 63 43 48 0.634028 5.32853 8.40426
41 63 44 49 0.379091 5.24346 13.8317
41 63 45 50 0.232722 4.56218 19.6035
41 63 46 51 0.167814 4.23423 25.2317
41 63 47 52 0.132792 4.0049 30.1593
41 63 48 53 0.117167 3.96404 33.8325
41 63 49 54 0.107669 3.85431 35.7978
41 63 50 55 0.111951 4.00761 35.7978
41 63 51 56 0.110413 3.73556 33.8325
41 63 52 57 0.139732 4.21421 30.1593
41 63 53 58 0.177451 4.47738 25.2317
41 63 54 59 0.244959 4.80206 19.6035
41 63 55 60 0.394453 5.45595 13.8317
41 63 56 61 0.761175 6.39711 8.40426
41 63 57 62 1.7792 6.58975 3.70377
42 54 43 46 1.75527 7.03279 4.00667
42 54 44 47 0.707894 6.48642 9.16298
42 54 45 48 0.380289 5.37621 14.1372
42 54 46 49 0.284194 4.90177 17.248
42 54 47 50 0.250079 4.31335 17.248
42 54 48 51 0.364784 5.15701 14.1372
42 54 49 52 0.669465 6.13429 9.16298
42 54 50 53 2.06116 8.2584 4.00667
42 64 43 48 1.86848 6.92043 3.70377
42 64 44 49 0.757029 6.36227 8.40426
42 64 45 50 0.379465 5.24864 13.8317
42 64 46 51 0.236758 4.64129 19.6035
42 64 47 52 0.168209 4.24419 25.2317
42 64 48 53 0.13594 4.09985 30.1593
42 64 49 54 0.115548 3.9093 33.8325
42 64 50 55 0.114038 4.08231 35.7978
42 64 51 56 0.106156 3.80016 35.7978
42 64 52 57 0.123259 4.17016 33.8325
42 64 53 58 0.144032 4.3439 30.1593
42 64 54 59 0.182123 4.59528 25.2317
42 64 55 60 0.260692 5.11049 19.6035
42 64 56 61 0.425443 5.88459 13.8317
42 64 57 62 0.714974 6.00883 8.40426
42 64 58 63 2.12241 7.86093 3.70377
43 55 44 47 2.12583 8.51749 4.00667
43 55 45 48 0.703789 6.4488 9.16298
43 55 46 49 0.38105 5.38697 14.1372
43 55 47 50 0.257391 4.43946 17.248
43 55 48 51 0.265287 4.57566 17.248
43 55 49 52 0.343668 4.8585 14.1372
43 55 50 53 0.664702 6.09065 9.16298
43 55 51 54 1.77002 7.09189 4.00667
44 56 45 48 1.7915 7.17795 4.00667
44 56 46 49 0.625754 5.73377 9.16298
44 56 47 50 0.326955 4.62221 14.1372
44 56 48 51 0.259387 4.4739 17.248
44 56 49 52 0.264245 4.55768 17.248
44 56 50 53 0.403449 5.70363 14.1372
44 56 51 54 0.717005 6.56991 9.16298
44 56 52 55 1.87232 7.50177 4.00667
45 57 46 49 2.28298 9.14716 4.00667
45 57 47 50 0.713254 6.53553 9.16298
45 57 48 51 0.36508 5.1612 14.1372
45 57 49 52 0.249573 4.30463 17.248
45 57 50 53 0.285655 4.92696 17.248
45 57 51 54 0.365714 5.17016 14.1372
45 57 52 55 0.593422 5.43751 9.16298
45 57 53 56 1.46621 5.87462 4.00667
46 58 47 50 2.1764 8.72013 4.00667
46 58 48 51 0.7098 6.50389 9.16298
46 58 49 52 0.324752 4.59108 14.1372
46 58 50 53 0.284547 4.90785 17.248
46 58 51 54 0.279082 4.8136 17.248
46 58 52 55 0.343633 4.85799 14.1372
46 58 53 56 0.553956 5.07589 9.16298
46 58 54 57 2.31204 9.26358 4.00667
47 59 48 51 2.15185 8.62175 4.00667
47 59 49 52 0.584578 5.35647 9.16298
47 59 50 53 0.377043 5.33033 14.1372
47 59 51 54 0.281267 4.85128 17.248
47 59 52 55 0.266824 4.60218 17.248
47 59 53 56 0.31016 4.38478 14.1372
47 59 54 57 0.786564 7.20726 9.16298
47 59 55 58 2.21213 8.86329 4.00667
48 60 49 52 1.60692 6.43839 4.00667
48 60 50 53 0.667842 6.11942 9.16298
48 60 51 54 0.371265 5.24864 14.1372
48 60 52 55 0.274035 4.72654 17.248
48 60 53 56 0.239105 4.12408 17.248
48 60 54 57 0.407333 5.75853 14.1372
48 60 55 58 0.81675 7.48386 9.16298
48 60 56 59 2.29728 9.20443 4.00667
49 61 50 53 2.02719 8.12229 4.00667
49 61 51 54 0.687027 6.29521 9.16298
49 61 52 55 0.375934 5.31465 14.1372
49 61 53 56 0.240634 4.15044 17.248
49 61 54 57 0.259234 4.47126 17.248
49 61 55 58 0.350275 4.9519 14.1372
49 61 56 59 0.611451 5.60272 9.16298
49 61 57 60 1.60568 6.43344 4.00667
50 62 51 54 1.6658 6.67432 4.00667
50 62 52 55 0.631943 5.79048 9.16298
50 62 53 56 0.313984 4.43885 14.1372
50 62 54 57 0.257424 4.44003 17.248
50 62 55 58 0.275375 4.74967 17.248
50 62 56 59 0.385847 5.45478 14.1372
50 62 57 60 0.667938 6.1203 9.16298
50 62 58 61 1.90162 7.61917 4.00667
51 63 52 55 2.28066 9.13784 4.00667
51 63 53 56 0.679435 6.22565 9.16298
51 63 54 57 0.368232 5.20575 14.1372
51 63 55 58 0.280066 4.83058 17.248
51 63 56 59 0.307356 5.30126 17.248
51 63 57 60 0.387895 5.48373 14.1372
51 63 58 61 0.699033 6.40522 9.16298
51 63 59 62 1.66282 6.66235 4.00667
52 64 53 56 1.9304 7.73449 4.00667
52 64 54 57 0.677528 6.20817 9.16298
52 64 55 58 0.362309 5.12203 14.1372
52 64 56 59 0.312855 5.39611 17.248
52 64 57 60 0.298997 5.15708 17.248
52 64 58 61 0.409678 5.79168 14.1372
52 64 59 62 0.657409 6.02383 9.16298
52 64 60 63 1.99739 8.00286 4.00667
