64
# x y z
0.0 0.0 0.0
0.5 0.0 0.0
1.0 0.0 0.0
1.5 0.0 0.0
2.0 0.0 0.0
2.5 0.0 0.0
3.0 0.0 0.0
3.5 0.0 0.0
4.0 0.0 0.0
4.5 0.0 0.0
5.0 0.0 0.0
5.5 0.0 0.0
6.0 0.0 0.0
6.5 0.0 0.0
7.0 0.0 0.0
7.5 0.0 0.0
8.0 0.0 0.0
8.5 0.0 0.0
9.0 0.0 0.0
9.5 0.0 0.0
10.0 0.0 0.0
10.5 0.0 0.0
11.0 0.0 0.0
11.5 0.0 0.0
12.0 0.0 0.0
12.5 0.0 0.0
13.0 0.0 0.0
13.5 0.0 0.0
14.0 0.0 0.0
14.5 0.0 0.0
15.0 0.0 0.0
15.5 0.0 0.0
16.0 0.0 0.0
16.5 0.0 0.0
17.0 0.0 0.0
17.5 0.0 0.0
18.0 0.0 0.0
18.5 0.0 0.0
19.0 0.0 0.0
19.5 0.0 0.0
20.0 0.0 0.0
20.5 0.0 0.0
21.0 0.0 0.0
21.5 0.0 0.0
22.0 0.0 0.0
22.5 0.0 0.0
23.0 0.0 0.0
23.5 0.0 0.0
24.0 0.0 0.0
24.5 0.0 0.0
25.0 0.0 0.0
25.5 0.0 0.0
26.0 0.0 0.0
26.5 0.0 0.0
27.0 0.0 0.0
27.5 0.0 0.0
28.0 0.0 0.0
28.5 0.0 0.0
29.0 0.0 0.0
29.5 0.0 0.0
30.0 0.0 0.0
30.5 0.0 0.0
31.0 0.0 0.0
31.5 0.0 0.0
1400
# a b m n r rhoa k
1 13 2 5 1.64125 6.57596 4.00667
1 13 3 6 0.644735 5.90769 9.16298
1 13 4 7 0.387742 5.48157 14.1372
1 13 5 8 0.281836 4.86109 17.248
1 13 6 9 0.253465 4.37175 17.248
1 13 7 10 0.347446 4.9119 14.1372
1 13 8 11 0.644773 5.90804 9.16298
1 13 9 12 1.74969 7.01043 4.00667
1 23 2 7 1.76031 6.51978 3.70377
1 23 3 8 0.690964 5.80704 8.40426
1 23 4 9 0.383697 5.30717 13.8317
1 23 5 10 0.242466 4.7532 19.6035
1 23 6 11 0.170474 4.30134 25.2317
1 23 7 12 0.133131 4.01514 30.1593
1 23 8 13 0.117742 3.9835 33.8325
1 23 9 14 0.113395 4.05929 35.7978
1 23 10 15 0.1086 3.88765 35.7978
1 23 11 16 0.118218 3.99962 33.8325
1 23 12 17 0.139886 4.21887 30.1593
1 23 13 18 0.179856 4.53806 25.2317
1 23 14 19 0.257046 5.03901 19.6035
1 23 15 20 0.379317 5.24659 13.8317
1 23 16 21 0.745869 6.26847 8.40426
1 23 17 22 1.9182 7.10458 3.70377
1 57 4 16 0.444688 5.13257 11.542
1 57 5 17 0.286795 4.66185 16.255
1 57 6 18 0.201124 4.29217 21.3409
1 57 7 19 0.152812 4.08828 26.7536
1 57 8 20 0.124026 4.02336 32.4396
1 57 9 21 0.107217 4.11048 38.3381
1 57 10 22 0.0915496 4.06306 44.381
1 57 11 23 0.0797332 4.02599 50.4932
1 57 12 24 0.0714718 4.04483 56.5934
1 57 13 25 0.0642891 4.02416 62.5948
1 57 14 26 0.0591901 4.04899 68.4065
1 57 15 27 0.0559046 4.13335 73.9358
1 57 16 28 0.0520663 4.11789 79.0892
1 57 17 29 0.049085 4.11214 83.7758
1 57 18 30 0.0466003 4.0966 87.9092
1 57 19 31 0.0443594 4.05492 91.4105
1 57 20 32 0.0433025 4.07956 94.2106
1 57 21 33 0.0425753 4.098 96.2531
1 57 22 34 0.0423312 4.12711 97.4958
1 57 23 35 0.0422743 4.13921 97.913
1 57 24 36 0.0424622 4.13989 97.4958
1 57 25 37 0.0433632 4.17384 96.2531
1 57 26 38 0.0437135 4.11828 94.2106
1 57 27 39 0.0447765 4.09304 91.4105
1 57 28 40 0.0465963 4.09624 87.9092
1 57 29 41 0.0489176 4.09811 83.7758
1 57 30 42 0.0519957 4.1123 79.0892
1 57 31 43 0.0555316 4.10577 73.9358
1 57 32 44 0.0592267 4.0515 68.4065
1 57 33 45 0.0649415 4.065 62.5948
1 57 34 46 0.0717855 4.06258 56.5934
1 57 35 47 0.079996 4.03925 50.4932
1 57 36 48 0.0918318 4.07559 44.381
1 57 37 49 0.106649 4.08871 38.3381
1 57 38 50 0.125432 4.06896 32.4396
1 57 39 51 0.157298 4.20829 26.7536
1 57 40 52 0.202896 4.32998 21.3409
1 57 41 53 0.283194 4.60332 16.255
1 57 42 54 0.421508 4.86503 11.542
2 14 3 6 1.68731 6.76048 4.00667
2 14 4 7 0.660466 6.05183 9.16298
2 14 5 8 0.367191 5.19105 14.1372
2 14 6 9 0.256052 4.41638 17.248
2 14 7 10 0.258695 4.46196 17.248
2 14 8 11 0.352824 4.98793 14.1372
2 14 9 12 0.614139 5.62734 9.16298
2 14 10 13 1.56069 6.25319 4.00667
2 24 3 8 1.78994 6.62954 3.70377
2 24 4 9 0.69541 5.84441 8.40426
2 24 5 10 0.367768 5.08685 13.8317
2 24 6 11 0.228969 4.4886 19.6035
2 24 7 12 0.162277 4.09453 25.2317
2 24 8 13 0.132807 4.00537 30.1593
2 24 9 14 0.120584 4.07965 33.8325
2 24 10 15 0.108536 3.88536 35.7978
2 24 11 16 0.109687 3.92655 35.7978
2 24 12 17 0.120545 4.07834 33.8325
2 24 13 18 0.14256 4.2995 30.1593
2 24 14 19 0.185839 4.68902 25.2317
2 24 15 20 0.246858 4.8393 19.6035
2 24 16 21 0.400349 5.5375 13.8317
2 24 17 22 0.762468 6.40798 8.40426
2 24 18 23 2.05581 7.61425 3.70377
2 58 5 17 0.427455 4.93366 11.542
2 58 6 18 0.272444 4.42858 16.255
2 58 7 19 0.193733 4.13445 21.3409
2 58 8 20 0.150831 4.03528 26.7536
2 58 9 21 0.126971 4.1189 32.4396
2 58 10 22 0.105803 4.05628 38.3381
2 58 11 23 0.0903449 4.0096 44.381
2 58 12 24 0.07964 4.02128 50.4932
2 58 13 25 0.0705959 3.99526 56.5934
2 58 14 26 0.0642127 4.01937 62.5948
2 58 15 27 0.0600417 4.10724 68.4065
2 58 16 28 0.0553442 4.09192 73.9358
2 58 17 29 0.0516717 4.08668 79.0892
2 58 18 30 0.0485589 4.06806 83.7758
2 58 19 31 0.0458027 4.02648 87.9092
2 58 20 32 0.0443957 4.05823 91.4105
2 58 21 33 0.04326 4.07555 94.2106
2 58 22 34 0.0426534 4.10552 96.2531
2 58 23 35 0.0422366 4.11789 97.4958
2 58 24 36 0.0421129 4.1234 97.913
2 58 25 37 0.0426619 4.15936 97.4958
2 58 26 38 0.0426776 4.10785 96.2531
2 58 27 39 0.0433922 4.088 94.2106
2 58 28 40 0.0447543 4.09101 91.4105
2 58 29 41 0.0465666 4.09363 87.9092
2 58 30 42 0.0490233 4.10697 83.7758
2 58 31 43 0.0518275 4.099 79.0892
2 58 32 44 0.0547816 4.05032 73.9358
2 58 33 45 0.0593503 4.05995 68.4065
2 58 34 46 0.0646824 4.04878 62.5948
2 58 35 47 0.0710468 4.02078 56.5934
2 58 36 48 0.080137 4.04638 50.4932
2 58 37 49 0.0911572 4.04565 44.381
2 58 38 50 0.104813 4.01833 38.3381
2 58 39 51 0.126955 4.11837 32.4396
2 58 40 52 0.156906 4.1978 26.7536
2 58 41 53 0.205589 4.38746 21.3409
2 58 42 54 0.280083 4.55276 16.255
2 58 43 55 0.414782 4.78739 11.542
3 15 4 7 1.7889 7.16752 4.00667
3 15 5 8 0.639853 5.86296 9.16298
3 15 6 9 0.338691 4.78813 14.1372
3 15 7 10 0.258287 4.45492 17.248
3 15 8 11 0.275872 4.75823 17.248
3 15 9 12 0.377916 5.34267 14.1372
3 15 10 13 0.643136 5.89304 9.16298
3 15 11 14 1.67702 6.71928 4.00667
3 25 4 9 1.87174 6.9325 3.70377
3 25 5 10 0.67452 5.66885 8.40426
3 25 6 11 0.346833 4.79728 13.8317
3 25 7 12 0.215221 4.2191 19.6035
3 25 8 13 0.159986 4.03671 25.2317
3 25 9 14 0.135894 4.09846 30.1593
3 25 10 15 0.114809 3.88428 33.8325
3 25 11 16 0.108079 3.869 35.7978
3 25 12 17 0.110846 3.96803 35.7978
3 25 13 18 0.121477 4.10987 33.8325
3 25 14 19 0.145954 4.40187 30.1593
3 25 15 20 0.178169 4.49549 25.2317
3 25 16 21 0.250365 4.90805 19.6035
3 25 17 22 0.398085 5.50619 13.8317
3 25 18 23 0.7615 6.39984 8.40426
3 25 19 24 1.9655 7.27978 3.70377
3 59 6 18 0.404796 4.67214 11.542
3 59 7 19 0.25906 4.21103 16.255
3 59 8 20 0.189265 4.03909 21.3409
3 59 9 21 0.153622 4.10994 26.7536
3 59 10 22 0.124175 4.02818 32.4396
3 59 11 23 0.103436 3.96553 38.3381
3 59 12 24 0.0895305 3.97345 44.381
3 59 13 25 0.0780792 3.94247 50.4932
3 59 14 26 0.0700459 3.96414 56.5934
3 59 15 27 0.0648246 4.05768 62.5948
3 59 16 28 0.0590755 4.04115 68.4065
3 59 17 29 0.0546167 4.03813 73.9358
3 59 18 30 0.0508291 4.02003 79.0892
3 59 19 31 0.0474578 3.97581 83.7758
3 59 20 32 0.0456678 4.01462 87.9092
3 59 21 33 0.0441863 4.03909 91.4105
3 59 22 34 0.0431864 4.06862 94.2106
3 59 23 35 0.0424262 4.08365 96.2531
3 59 24 36 0.0419679 4.09169 97.4958
3 59 25 37 0.0421939 4.13133 97.913
3 59 26 38 0.0419254 4.08755 97.4958
3 59 27 39 0.0422878 4.07033 96.2531
3 59 28 40 0.043265 4.07602 94.2106
3 59 29 41 0.0446007 4.07698 91.4105
3 59 30 42 0.0465112 4.08877 87.9092
3 59 31 43 0.0487234 4.08184 83.7758
3 59 32 44 0.0510363 4.03642 79.0892
3 59 33 45 0.0547185 4.04566 73.9358
3 59 34 46 0.0589089 4.02976 68.4065
3 59 35 47 0.063825 3.99511 62.5948
3 59 36 48 0.0709221 4.01372 56.5934
3 59 37 49 0.0792394 4.00105 50.4932
3 59 38 50 0.0894446 3.96964 44.381
3 59 39 51 0.105447 4.04263 38.3381
3 59 40 52 0.126012 4.08776 32.4396
3 59 41 53 0.157639 4.21741 26.7536
3 59 42 54 0.20201 4.31108 21.3409
3 59 43 55 0.272858 4.4353 16.255
3 59 44 56 0.412791 4.76442 11.542
4 16 5 8 1.76669 7.07853 4.00667
4 16 6 9 0.613359 5.6202 9.16298
4 16 7 10 0.333283 4.71168 14.1372
4 16 8 11 0.265557 4.58031 17.248
4 16 9 12 0.286466 4.94096 17.248
4 16 10 13 0.372043 5.25963 14.1372
4 16 11 14 0.623852 5.71635 9.16298
4 16 12 15 1.57383 6.30582 4.00667
4 26 5 10 1.85391 6.86647 3.70377
4 26 6 11 0.663205 5.57375 8.40426
4 26 7 12 0.335476 4.64019 13.8317
4 26 8 13 0.217146 4.25682 19.6035
4 26 9 14 0.169164 4.26828 25.2317
4 26 10 15 0.132512 3.99645 30.1593
4 26 11 16 0.115623 3.91182 33.8325
4 26 12 17 0.110451 3.95391 35.7978
4 26 13 18 0.112422 4.02446 35.7978
4 26 14 19 0.125382 4.24198 33.8325
4 26 15 20 0.142452 4.29625 30.1593
4 26 16 21 0.178794 4.51129 25.2317
4 26 17 22 0.248501 4.8715 19.6035
4 26 18 23 0.387841 5.36449 13.8317
4 26 19 24 0.696994 5.85772 8.40426
4 26 20 25 1.75849 6.51305 3.70377
4 60 7 19 0.395183 4.56119 11.542
4 60 8 20 0.25952 4.2185 16.255
4 60 9 21 0.198724 4.24095 21.3409
4 60 10 22 0.153608 4.10957 26.7536
4 60 11 23 0.123616 4.01004 32.4396
4 60 12 24 0.104309 3.99901 38.3381
4 60 13 25 0.0890379 3.95159 44.381
4 60 14 26 0.0785212 3.96479 50.4932
4 60 15 27 0.0716736 4.05625 56.5934
4 60 16 28 0.064423 4.03254 62.5948
4 60 17 29 0.058849 4.02566 68.4065
4 60 18 30 0.0541568 4.00412 73.9358
4 60 19 31 0.0500086 3.95514 79.0892
4 60 20 32 0.0476848 3.99483 83.7758
4 60 21 33 0.0457546 4.02225 87.9092
4 60 22 34 0.0443307 4.05229 91.4105
4 60 23 35 0.043166 4.06669 94.2106
4 60 24 36 0.0423554 4.07683 96.2531
4 60 25 37 0.0422291 4.11716 97.4958
4 60 26 38 0.041675 4.08052 97.913
4 60 27 39 0.0417241 4.06792 97.4958
4 60 28 40 0.0423113 4.07259 96.2531
4 60 29 41 0.0432537 4.07496 94.2106
4 60 30 42 0.0446999 4.08604 91.4105
4 60 31 43 0.04643 4.08163 87.9092
4 60 32 44 0.0482324 4.04071 83.7758
4 60 33 45 0.0511743 4.04733 79.0892
4 60 34 46 0.0544953 4.02915 73.9358
4 60 35 47 0.0583521 3.99167 68.4065
4 60 36 48 0.0639462 4.0027 62.5948
4 60 37 49 0.0703846 3.98331 56.5934
4 60 38 50 0.0781866 3.94789 50.4932
4 60 39 51 0.0901765 4.00212 44.381
4 60 40 52 0.105011 4.02592 38.3381
4 60 41 53 0.126866 4.11549 32.4396
4 60 42 54 0.155707 4.16573 26.7536
4 60 43 55 0.198055 4.22668 21.3409
4 60 44 56 0.272107 4.4231 16.255
4 60 45 57 0.429681 4.95936 11.542
5 17 6 9 1.80973 7.25099 4.00667
5 17 7 10 0.612701 5.61417 9.16298
5 17 8 11 0.344161 4.86546 14.1372
5 17 9 12 0.286333 4.93866 17.248
5 17 10 13 0.287953 4.9666 17.248
5 17 11 14 0.368018 5.20274 14.1372
5 17 12 15 0.630553 5.77775 9.16298
5 17 13 16 1.95608 7.83738 4.00667
5 27 6 11 1.92072 7.11392 3.70377
5 27 7 12 0.660145 5.54803 8.40426
5 27 8 13 0.343746 4.75459 13.8317
5 27 9 14 0.237416 4.65419 19.6035
5 27 10 15 0.169126 4.26734 25.2317
5 27 11 16 0.135257 4.07925 30.1593
5 27 12 17 0.119961 4.05857 33.8325
5 27 13 18 0.113398 4.0594 35.7978
5 27 14 19 0.117936 4.22185 35.7978
5 27 15 20 0.12618 4.269 33.8325
5 27 16 21 0.145381 4.38459 30.1593
5 27 17 22 0.183888 4.63981 25.2317
5 27 18 23 0.254037 4.98003 19.6035
5 27 19 24 0.384707 5.32114 13.8317
5 27 20 25 0.68387 5.74742 8.40426
5 27 21 26 1.85816 6.8822 3.70377
5 61 8 20 0.402955 4.65089 11.542
5 61 9 21 0.28088 4.5657 16.255
5 61 10 22 0.202765 4.32719 21.3409
5 61 11 23 0.155484 4.15977 26.7536
5 61 12 24 0.126737 4.11131 32.4396
5 61 13 25 0.105087 4.02883 38.3381
5 61 14 26 0.0906297 4.02223 44.381
5 61 15 27 0.0814094 4.11062 50.4932
5 61 16 28 0.0719784 4.0735 56.5934
5 61 17 29 0.0648024 4.05629 62.5948
5 61 18 30 0.0588155 4.02336 68.4065
5 61 19 31 0.0536402 3.96593 73.9358
5 61 20 32 0.0506472 4.00565 79.0892
5 61 21 33 0.0481008 4.02968 83.7758
5 61 22 34 0.046152 4.05718 87.9092
5 61 23 35 0.0445072 4.06843 91.4105
5 61 24 36 0.0432757 4.07703 94.2106
5 61 25 37 0.0427768 4.1174 96.2531
5 61 26 38 0.0418809 4.08322 97.4958
5 61 27 39 0.0416207 4.0752 97.913
5 61 28 40 0.0418441 4.07963 97.4958
5 61 29 41 0.042376 4.07882 96.2531
5 61 30 42 0.0434047 4.08918 94.2106
5 61 31 43 0.0446416 4.08071 91.4105
5 61 32 44 0.046025 4.04602 87.9092
5 61 33 45 0.0483494 4.05051 83.7758
5 61 34 46 0.0509202 4.02724 79.0892
5 61 35 47 0.053947 3.98861 73.9358
5 61 36 48 0.0583994 3.9949 68.4065
5 61 37 49 0.06336 3.966 62.5948
5 61 38 50 0.069441 3.9299 56.5934
5 61 39 51 0.0786189 3.96972 50.4932
5 61 40 52 0.0895476 3.97421 44.381
5 61 41 53 0.105158 4.03155 38.3381
5 61 42 54 0.124649 4.04355 32.4396
5 61 43 55 0.151513 4.05351 26.7536
5 61 44 56 0.194374 4.14812 21.3409
5 61 45 57 0.273842 4.4513 16.255
5 61 46 58 0.418676 4.83234 11.542
6 18 7 10 1.70119 6.81609 4.00667
6 18 8 11 0.597094 5.47116 9.16298
6 18 9 12 0.372244 5.26247 14.1372
6 18 10 13 0.285222 4.9195 17.248
6 18 11 14 0.278303 4.80015 17.248
6 18 12 15 0.356536 5.04041 14.1372
6 18 13 16 0.719619 6.59386 9.16298
6 18 14 17 2.09244 8.38373 4.00667
6 28 7 12 1.81069 6.70638 3.70377
6 28 8 13 0.643688 5.40972 8.40426
6 28 9 14 0.373912 5.17183 13.8317
6 28 10 15 0.236426 4.63478 19.6035
6 28 11 16 0.170974 4.31395 25.2317
6 28 12 17 0.139809 4.21654 30.1593
6 28 13 18 0.122192 4.13408 33.8325
6 28 14 19 0.11826 4.23345 35.7978
6 28 15 20 0.119317 4.27128 35.7978
6 28 16 21 0.127273 4.30595 33.8325
6 28 17 22 0.148315 4.47308 30.1593
6 28 18 23 0.18672 4.71127 25.2317
6 28 19 24 0.252991 4.95952 19.6035
6 28 20 25 0.38537 5.33031 13.8317
6 28 21 26 0.726755 6.10784 8.40426
6 28 22 27 2.08629 7.72714 3.70377
6 62 9 21 0.434696 5.01724 11.542
6 62 10 22 0.284842 4.63011 16.255
6 62 11 23 0.204375 4.36156 21.3409
6 62 12 24 0.159508 4.26741 26.7536
6 62 13 25 0.127646 4.14078 32.4396
6 62 14 26 0.107089 4.1056 38.3381
6 62 15 27 0.0943846 4.18888 44.381
6 62 16 28 0.0818959 4.13519 50.4932
6 62 17 29 0.0725218 4.10426 56.5934
6 62 18 30 0.0648586 4.05981 62.5948
6 62 19 31 0.0583048 3.98843 68.4065
6 62 20 32 0.0545022 4.02966 73.9358
6 62 21 33 0.0512479 4.05316 79.0892
6 62 22 34 0.0486425 4.07507 83.7758
6 62 23 35 0.0464771 4.08577 87.9092
6 62 24 36 0.0447931 4.09456 91.4105
6 62 25 37 0.0438617 4.13224 94.2106
6 62 26 38 0.0426291 4.10318 96.2531
6 62 27 39 0.042036 4.09833 97.4958
6 62 28 40 0.0419314 4.10563 97.913
6 62 29 41 0.0421225 4.10677 97.4958
6 62 30 42 0.0427605 4.11583 96.2531
6 62 31 43 0.043629 4.11031 94.2106
6 62 32 44 0.0446059 4.07745 91.4105
6 62 33 45 0.0464692 4.08507 87.9092
6 62 34 46 0.0484912 4.06239 83.7758
6 62 35 47 0.0508819 4.02421 79.0892
6 62 36 48 0.0545471 4.03298 73.9358
6 62 37 49 0.0585354 4.0042 68.4065
6 62 38 50 0.0634395 3.97098 62.5948
6 62 39 51 0.0708523 4.00977 56.5934
6 62 40 52 0.0794345 4.0109 50.4932
6 62 41 53 0.0914634 4.05923 44.381
6 62 42 54 0.105898 4.05994 38.3381
6 62 43 55 0.12499 4.05461 32.4396
6 62 44 56 0.153918 4.11786 26.7536
6 62 45 57 0.203044 4.33314 21.3409
6 62 46 58 0.283118 4.60209 16.255
6 62 47 59 0.434243 5.01201 11.542
7 19 8 11 1.53195 6.13804 4.00667
7 19 9 12 0.624015 5.71784 9.16298
7 19 10 13 0.357614 5.05564 14.1372
7 19 11 14 0.266899 4.60346 17.248
7 19 12 15 0.258849 4.46461 17.248
7 19 13 16 0.367015 5.18855 14.1372
7 19 14 17 0.694729 6.36579 9.16298
7 19 15 18 2.04426 8.19067 4.00667
7 29 8 13 1.63615 6.05992 3.70377
7 29 9 14 0.672086 5.64838 8.40426
7 29 10 15 0.357721 4.94788 13.8317
7 29 11 16 0.229876 4.50638 19.6035
7 29 12 17 0.172188 4.34458 25.2317
7 29 13 18 0.138784 4.18564 30.1593
7 29 14 19 0.124954 4.2275 33.8325
7 29 15 20 0.119088 4.26308 35.7978
7 29 16 21 0.118132 4.22887 35.7978
7 29 17 22 0.127551 4.31538 33.8325
7 29 18 23 0.147607 4.45172 30.1593
7 29 19 24 0.182026 4.59282 25.2317
7 29 20 25 0.248329 4.86812 19.6035
7 29 21 26 0.385729 5.33528 13.8317
7 29 22 27 0.754475 6.34081 8.40426
7 29 23 28 2.02395 7.49625 3.70377
7 63 10 22 0.422776 4.87966 11.542
7 63 11 23 0.277185 4.50564 16.255
7 63 12 24 0.20448 4.36379 21.3409
7 63 13 25 0.156785 4.19457 26.7536
7 63 14 26 0.127486 4.13559 32.4396
7 63 15 27 0.109971 4.21606 38.3381
7 63 16 28 0.0935305 4.15097 44.381
7 63 17 29 0.0813917 4.10973 50.4932
7 63 18 30 0.0716218 4.05332 56.5934
7 63 19 31 0.0634681 3.97277 62.5948
7 63 20 32 0.0586586 4.01263 68.4065
7 63 21 33 0.0546194 4.03833 73.9358
7 63 22 34 0.0513207 4.05891 79.0892
7 63 23 35 0.0485382 4.06633 83.7758
7 63 24 36 0.0463773 4.07699 87.9092
7 63 25 37 0.0450432 4.11742 91.4105
7 63 26 38 0.0434715 4.09547 94.2106
7 63 27 39 0.0425514 4.09571 96.2531
7 63 28 40 0.0420934 4.10393 97.4958
7 63 29 41 0.0419528 4.10772 97.913
7 63 30 42 0.042238 4.11803 97.4958
7 63 31 43 0.0427173 4.11167 96.2531
7 63 32 44 0.043361 4.08506 94.2106
7 63 33 45 0.0447576 4.09131 91.4105
7 63 34 46 0.0462369 4.06465 87.9092
7 63 35 47 0.0480671 4.02686 83.7758
7 63 36 48 0.0510085 4.03422 79.0892
7 63 37 49 0.054171 4.00518 73.9358
7 63 38 50 0.0581202 3.9758 68.4065
7 63 39 51 0.0640454 4.00891 62.5948
7 63 40 52 0.0707774 4.00554 56.5934
7 63 41 53 0.0800273 4.04084 50.4932
7 63 42 54 0.0908463 4.03185 44.381
7 63 43 55 0.104653 4.01221 38.3381
7 63 44 56 0.124774 4.04762 32.4396
7 63 45 57 0.156875 4.19698 26.7536
7 63 46 58 0.205206 4.37929 21.3409
7 63 47 59 0.286377 4.65506 16.255
7 63 48 60 0.424055 4.89443 11.542
8 20 9 12 1.65354 6.62517 4.00667
8 20 10 13 0.601888 5.51509 9.16298
8 20 11 14 0.339378 4.79784 14.1372
8 20 12 15 0.257159 4.43547 17.248
8 20 13 16 0.26926 4.64419 17.248
8 20 14 17 0.37545 5.30781 14.1372
8 20 15 18 0.705916 6.46829 9.16298
8 20 16 19 1.95332 7.82629 4.00667
8 30 9 14 1.75578 6.50302 3.70377
8 30 10 15 0.640465 5.38264 8.40426
8 30 11 16 0.3424 4.73597 13.8317
8 30 12 17 0.228673 4.4828 19.6035
8 30 13 18 0.167934 4.23725 25.2317
8 30 14 19 0.13982 4.21687 30.1593
8 30 15 20 0.125862 4.25822 33.8325
8 30 16 21 0.116576 4.17316 35.7978
8 30 17 22 0.117199 4.19548 35.7978
8 30 18 23 0.125705 4.25293 33.8325
8 30 19 24 0.142741 4.30497 30.1593
8 30 20 25 0.17873 4.50967 25.2317
8 30 21 26 0.24451 4.79326 19.6035
8 30 22 27 0.390182 5.39687 13.8317
8 30 23 28 0.74325 6.24646 8.40426
8 30 24 29 1.96769 7.28787 3.70377
8 64 11 23 0.405455 4.67975 11.542
8 64 12 24 0.274239 4.45776 16.255
8 64 13 25 0.198017 4.22586 21.3409
8 64 14 26 0.154569 4.13529 26.7536
8 64 15 27 0.129893 4.21367 32.4396
8 64 16 28 0.10786 4.13514 38.3381
8 64 17 29 0.0920793 4.08657 44.381
8 64 18 30 0.0796578 4.02218 50.4932
8 64 19 31 0.0694493 3.93037 56.5934
8 64 20 32 0.0634707 3.97293 62.5948
8 64 21 33 0.0584661 3.99946 68.4065
8 64 22 34 0.0543946 4.02171 73.9358
8 64 23 35 0.0509549 4.02999 79.0892
8 64 24 36 0.0482554 4.04263 83.7758
8 64 25 37 0.0464815 4.08615 87.9092
8 64 26 38 0.044506 4.06831 91.4105
8 64 27 39 0.0432722 4.0767 94.2106
8 64 28 40 0.0424881 4.08961 96.2531
8 64 29 41 0.042011 4.0959 97.4958
8 64 30 42 0.0419878 4.11115 97.913
8 64 31 43 0.0421394 4.10842 97.4958
8 64 32 44 0.0424609 4.08699 96.2531
8 64 33 45 0.043502 4.09835 94.2106
8 64 34 46 0.0445937 4.07633 91.4105
8 64 35 47 0.0459461 4.03908 87.9092
8 64 36 48 0.0483333 4.04916 83.7758
8 64 37 49 0.0508345 4.02046 79.0892
8 64 38 50 0.0540896 3.99915 73.9358
8 64 39 51 0.0589584 4.03314 68.4065
8 64 40 52 0.064336 4.0271 62.5948
8 64 41 53 0.0717237 4.05909 56.5934
8 64 42 54 0.080094 4.0442 50.4932
8 64 43 55 0.0906018 4.021 44.381
8 64 44 56 0.105546 4.04643 38.3381
8 64 45 57 0.128279 4.16131 32.4396
8 64 46 58 0.160875 4.30398 26.7536
8 64 47 59 0.211883 4.52179 21.3409
8 64 48 60 0.289828 4.71116 16.255
8 64 49 61 0.43754 5.05006 11.542
9 21 10 13 1.57102 6.29455 4.00667
9 21 11 14 0.571427 5.23597 9.16298
9 21 12 15 0.328691 4.64675 14.1372
9 21 13 16 0.258749 4.46288 17.248
9 21 14 17 0.276655 4.77173 17.248
9 21 15 18 0.396993 5.61236 14.1372
9 21 16 19 0.70724 6.48043 9.16298
9 21 17 20 1.70736 6.84084 4.00667
9 31 10 15 1.65828 6.14188 3.70377
9 31 11 16 0.610454 5.13042 8.40426
9 31 12 17 0.339375 4.69413 13.8317
9 31 13 18 0.220119 4.31512 19.6035
9 31 14 19 0.166819 4.20911 25.2317
9 31 15 20 0.141002 4.25252 30.1593
9 31 16 21 0.122024 4.12839 33.8325
9 31 17 22 0.114548 4.10055 35.7978
9 31 18 23 0.114346 4.09335 35.7978
9 31 19 24 0.120375 4.07261 33.8325
9 31 20 25 0.139937 4.22042 30.1593
9 31 21 26 0.17363 4.38098 25.2317
9 31 22 27 0.240591 4.71644 19.6035
9 31 23 28 0.378034 5.22884 13.8317
9 31 24 29 0.699147 5.87582 8.40426
9 31 25 30 1.82256 6.75036 3.70377
10 22 11 14 1.72862 6.92601 4.00667
10 22 12 15 0.629743 5.77032 9.16298
10 22 13 16 0.348612 4.92839 14.1372
10 22 14 17 0.273284 4.71359 17.248
10 22 15 18 0.302687 5.22073 17.248
10 22 16 19 0.407417 5.75972 14.1372
10 22 17 20 0.657463 6.02432 9.16298
10 22 18 21 1.93998 7.77287 4.00667
10 32 11 16 1.82524 6.76027 3.70377
10 32 12 17 0.685703 5.76283 8.40426
10 32 13 18 0.358011 4.95189 13.8317
10 32 14 19 0.233837 4.58403 19.6035
10 32 15 20 0.18095 4.56567 25.2317
10 32 16 21 0.143875 4.33917 30.1593
10 32 17 22 0.124966 4.22791 33.8325
10 32 18 23 0.115484 4.13407 35.7978
10 32 19 24 0.112622 4.0316 35.7978
10 32 20 25 0.122343 4.13918 33.8325
10 32 21 26 0.14028 4.23073 30.1593
10 32 22 27 0.175342 4.42417 25.2317
10 32 23 28 0.242843 4.76057 19.6035
10 32 24 29 0.374596 5.18129 13.8317
10 32 25 30 0.679747 5.71277 8.40426
10 32 26 31 1.80949 6.70192 3.70377
11 23 12 15 1.79152 7.17802 4.00667
11 23 13 16 0.630958 5.78146 9.16298
11 23 14 17 0.352212 4.97928 14.1372
11 23 15 18 0.299364 5.16343 17.248
11 23 16 19 0.307209 5.29873 17.248
11 23 17 20 0.374526 5.29473 14.1372
11 23 18 21 0.689756 6.32022 9.16298
11 23 19 22 1.78665 7.15853 4.00667
11 33 12 17 1.91045 7.07588 3.70377
11 33 13 18 0.687999 5.78212 8.40426
11 33 14 19 0.363968 5.03428 13.8317
11 33 15 20 0.252325 4.94645 19.6035
11 33 16 21 0.182743 4.61091 25.2317
11 33 17 22 0.146192 4.40904 30.1593
11 33 18 23 0.124906 4.22588 33.8325
11 33 19 24 0.112717 4.03503 35.7978
11 33 20 25 0.114668 4.10487 35.7978
11 33 21 26 0.122726 4.15213 33.8325
11 33 22 27 0.141204 4.25861 30.1593
11 33 23 28 0.178165 4.49541 25.2317
11 33 24 29 0.24562 4.81502 19.6035
11 33 25 30 0.377714 5.22442 13.8317
11 33 26 31 0.688289 5.78456 8.40426
11 33 27 32 1.70801 6.32608 3.70377
12 24 13 16 1.70417 6.82803 4.00667
12 24 14 17 0.59453 5.44767 9.16298
12 24 15 18 0.383186 5.41716 14.1372
12 24 16 19 0.303838 5.24059 17.248
12 24 17 20 0.291088 5.02067 17.248
12 24 18 21 0.391842 5.53954 14.1372
12 24 19 22 0.70017 6.41564 9.16298
12 24 20 23 1.94575 7.79596 4.00667
12 34 13 18 1.82149 6.7464 3.70377
12 34 14 19 0.653193 5.48961 8.40426
12 34 15 20 0.385175 5.32762 13.8317
12 34 16 21 0.249142 4.88406 19.6035
12 34 17 22 0.182207 4.59739 25.2317
12 34 18 23 0.143201 4.31884 30.1593
12 34 19 24 0.119212 4.03324 33.8325
12 34 20 25 0.113336 4.05719 35.7978
12 34 21 26 0.113463 4.06173 35.7978
12 34 22 27 0.120995 4.09358 33.8325
12 34 23 28 0.140542 4.23865 30.1593
12 34 24 29 0.177296 4.47348 25.2317
12 34 25 30 0.244652 4.79605 19.6035
12 34 26 31 0.377535 5.22194 13.8317
12 34 27 32 0.674771 5.67095 8.40426
12 34 28 33 2.07225 7.67513 3.70377
13 25 14 17 1.54091 6.17393 4.00667
13 25 15 18 0.649624 5.95249 9.16298
13 25 16 19 0.38803 5.48565 14.1372
13 25 17 20 0.292554 5.04597 17.248
13 25 18 21 0.291093 5.02076 17.248
13 25 19 22 0.383383 5.41995 14.1372
13 25 20 23 0.713263 6.53562 9.16298
13 25 21 24 1.85447 7.43023 4.00667
13 35 14 19 1.66432 6.16427 3.70377
13 35 15 20 0.699655 5.88009 8.40426
13 35 16 21 0.382257 5.28726 13.8317
13 35 17 22 0.250485 4.91039 19.6035
13 35 18 23 0.179019 4.51695 25.2317
13 35 19 24 0.136208 4.10795 30.1593
13 35 20 25 0.120447 4.07502 33.8325
13 35 21 26 0.112655 4.03279 35.7978
13 35 22 27 0.111536 3.99273 35.7978
13 35 23 28 0.119669 4.0487 33.8325
13 35 24 29 0.138947 4.19055 30.1593
13 35 25 30 0.174631 4.40624 25.2317
13 35 26 31 0.238654 4.67845 19.6035
13 35 27 32 0.354569 4.90428 13.8317
13 35 28 33 0.723538 6.0808 8.40426
13 35 29 34 1.87188 6.93303 3.70377
14 26 15 18 1.69277 6.78237 4.00667
14 26 16 19 0.648027 5.93786 9.16298
14 26 17 20 0.379721 5.36818 14.1372
14 26 18 21 0.28501 4.91583 17.248
14 26 19 22 0.27785 4.79235 17.248
14 26 20 23 0.382164 5.40272 14.1372
14 26 21 24 0.649842 5.95449 9.16298
14 26 22 25 1.64125 6.57593 4.00667
14 36 15 20 1.80482 6.68464 3.70377
14 36 16 21 0.685419 5.76044 8.40426
14 36 17 22 0.382176 5.28614 13.8317
14 36 18 23 0.242978 4.76323 19.6035
14 36 19 24 0.167128 4.21692 25.2317
14 36 20 25 0.136705 4.12293 30.1593
14 36 21 26 0.119798 4.05306 33.8325
14 36 22 27 0.110935 3.97121 35.7978
14 36 23 28 0.111046 3.97519 35.7978
14 36 24 29 0.120368 4.07237 33.8325
14 36 25 30 0.140592 4.24016 30.1593
14 36 26 31 0.176896 4.4634 25.2317
14 36 27 32 0.236569 4.63758 19.6035
14 36 28 33 0.39914 5.52078 13.8317
14 36 29 34 0.797225 6.70009 8.40426
14 36 30 35 2.35527 8.7234 3.70377
15 27 16 19 1.61081 6.45396 4.00667
15 27 17 20 0.65288 5.98233 9.16298
15 27 18 21 0.369543 5.22428 14.1372
15 27 19 22 0.270163 4.65975 17.248
15 27 20 23 0.287482 4.95848 17.248
15 27 21 24 0.377703 5.33964 14.1372
15 27 22 25 0.625691 5.7332 9.16298
15 27 23 26 1.73539 6.95314 4.00667
15 37 16 21 1.70139 6.30157 3.70377
15 37 17 22 0.693888 5.83162 8.40426
15 37 18 23 0.369964 5.11722 13.8317
15 37 19 24 0.222558 4.36293 19.6035
15 37 20 25 0.165138 4.16672 25.2317
15 37 21 26 0.13416 4.04618 30.1593
15 37 22 27 0.115633 3.91217 33.8325
15 37 23 28 0.107478 3.84748 35.7978
15 37 24 29 0.108215 3.87386 35.7978
15 37 25 30 0.116917 3.95561 33.8325
15 37 26 31 0.134939 4.06966 30.1593
15 37 27 32 0.162951 4.11153 25.2317
15 37 28 33 0.232179 4.55152 19.6035
15 37 29 34 0.379583 5.25026 13.8317
15 37 30 35 0.75628 6.35597 8.40426
15 37 31 36 2.02711 7.50795 3.70377
16 28 17 20 1.9715 7.89915 4.00667
16 28 18 21 0.728386 6.67419 9.16298
16 28 19 22 0.372509 5.26622 14.1372
16 28 20 23 0.290756 5.01495 17.248
16 28 21 24 0.295166 5.09102 17.248
16 28 22 25 0.375087 5.30267 14.1372
16 28 23 26 0.667285 6.11432 9.16298
16 28 24 27 1.9656 7.87551 4.00667
16 38 17 22 2.07724 7.69363 3.70377
16 38 18 23 0.776753 6.52803 8.40426
16 38 19 24 0.373724 5.16923 13.8317
16 38 20 25 0.238071 4.66704 19.6035
16 38 21 26 0.174217 4.39579 25.2317
16 38 22 27 0.137642 4.15117 30.1593
16 38 23 28 0.118016 3.99279 33.8325
16 38 24 29 0.110463 3.95434 35.7978
16 38 25 30 0.11114 3.97855 35.7978
16 38 26 31 0.119559 4.04499 33.8325
16 38 27 32 0.133991 4.04107 30.1593
16 38 28 33 0.170552 4.3033 25.2317
16 38 29 34 0.243861 4.78054 19.6035
16 38 30 35 0.391904 5.42069 13.8317
16 38 31 36 0.730106 6.136 8.40426
16 38 32 37 1.87838 6.9571 3.70377
17 29 18 21 2.08893 8.36967 4.00667
17 29 19 22 0.686832 6.29343 9.16298
17 29 20 23 0.382912 5.41329 14.1372
17 29 21 24 0.295179 5.09123 17.248
17 29 22 25 0.288866 4.98235 17.248
17 29 23 26 0.375073 5.30247 14.1372
17 29 24 27 0.698712 6.40229 9.16298
17 29 25 28 1.91249 7.66272 4.00667
17 39 18 23 2.20222 8.15652 3.70377
17 39 19 24 0.736759 6.19191 8.40426
17 39 20 25 0.381559 5.2776 13.8317
17 39 21 26 0.245862 4.81977 19.6035
17 39 22 27 0.176385 4.45049 25.2317
17 39 23 28 0.138639 4.18126 30.1593
17 39 24 29 0.12038 4.07277 33.8325
17 39 25 30 0.112758 4.03647 35.7978
17 39 26 31 0.113501 4.06309 35.7978
17 39 27 32 0.119399 4.03958 33.8325
17 39 28 33 0.139399 4.20418 30.1593
17 39 29 34 0.180859 4.56338 25.2317
17 39 30 35 0.25574 5.01342 19.6035
17 39 31 36 0.399035 5.51933 13.8317
17 39 32 37 0.733068 6.16089 8.40426
17 39 33 38 1.78538 6.61264 3.70377
18 30 19 22 2.00757 8.04368 4.00667
18 30 20 23 0.690712 6.32898 9.16298
18 30 21 24 0.392022 5.54208 14.1372
18 30 22 25 0.294018 5.07121 17.248
18 30 23 26 0.285538 4.92494 17.248
18 30 24 27 0.38331 5.41892 14.1372
18 30 25 28 0.694094 6.35997 9.16298
18 30 26 29 1.85837 7.44588 4.00667
18 40 19 24 2.12523 7.87135 3.70377
18 40 20 25 0.739393 6.21406 8.40426
18 40 21 26 0.393867 5.44784 13.8317
18 40 22 27 0.250126 4.90335 19.6035
18 40 23 28 0.177407 4.47627 25.2317
18 40 24 29 0.141238 4.25963 30.1593
18 40 25 30 0.122273 4.1368 33.8325
18 40 26 31 0.114502 4.09891 35.7978
18 40 27 32 0.112982 4.04449 35.7978
18 40 28 33 0.121861 4.12287 33.8325
18 40 29 34 0.144866 4.36906 30.1593
18 40 30 35 0.185435 4.67884 25.2317
18 40 31 36 0.256624 5.03074 19.6035
18 40 32 37 0.400405 5.53827 13.8317
18 40 33 38 0.687022 5.77392 8.40426
18 40 34 39 1.86733 6.91615 3.70377
19 31 20 23 1.93301 7.74493 4.00667
19 31 21 24 0.697004 6.38664 9.16298
19 31 22 25 0.39533 5.58885 14.1372
19 31 23 26 0.28935 4.9907 17.248
19 31 24 27 0.285832 4.93002 17.248
19 31 25 28 0.376695 5.32541 14.1372
19 31 26 29 0.654567 5.99778 9.16298
19 31 27 30 1.71477 6.87052 4.00667
19 41 20 25 2.04917 7.58965 3.70377
19 41 21 26 0.749166 6.29619 8.40426
19 41 22 27 0.400626 5.54133 13.8317
19 41 23 28 0.250442 4.90955 19.6035
19 41 24 29 0.180927 4.56508 25.2317
19 41 25 30 0.143196 4.31868 30.1593
19 41 26 31 0.124055 4.19708 33.8325
19 41 27 32 0.11464 4.10387 35.7978
19 41 28 33 0.114571 4.10139 35.7978
19 41 29 34 0.12539 4.24225 33.8325
19 41 30 35 0.146925 4.43116 30.1593
19 41 31 36 0.184552 4.65656 25.2317
19 41 32 37 0.257951 5.05675 19.6035
19 41 33 38 0.375617 5.19541 13.8317
19 41 34 39 0.717259 6.02803 8.40426
19 41 35 40 2.06881 7.66242 3.70377
20 32 21 24 1.71226 6.86047 4.00667
20 32 22 25 0.658178 6.03087 9.16298
20 32 23 26 0.368431 5.20857 14.1372
20 32 24 27 0.281391 4.85343 17.248
20 32 25 28 0.282798 4.87769 17.248
20 32 26 29 0.370533 5.23829 14.1372
20 32 27 30 0.632474 5.79534 9.16298
20 32 28 31 1.69985 6.81072 4.00667
20 42 21 26 1.82164 6.74693 3.70377
20 42 22 27 0.703931 5.91602 8.40426
20 42 23 28 0.371174 5.13396 13.8317
20 42 24 29 0.24039 4.71249 19.6035
20 42 25 30 0.173504 4.37779 25.2317
20 42 26 31 0.139021 4.19276 30.1593
20 42 27 32 0.120792 4.08672 33.8325
20 42 28 33 0.112714 4.03492 35.7978
20 42 29 34 0.114368 4.09412 35.7978
20 42 30 35 0.12373 4.1861 33.8325
20 42 31 36 0.142458 4.29643 30.1593
20 42 32 37 0.181425 4.57766 25.2317
20 42 33 38 0.234316 4.59342 19.6035
20 42 34 39 0.364319 5.03914 13.8317
20 42 35 40 0.72017 6.0525 8.40426
20 42 36 41 1.94749 7.21307 3.70377
21 33 22 25 1.94418 7.78968 4.00667
21 33 23 26 0.690494 6.32698 9.16298
21 33 24 27 0.38908 5.50049 14.1372
21 33 25 28 0.289466 4.99269 17.248
21 33 26 29 0.288107 4.96926 17.248
21 33 27 30 0.376091 5.31686 14.1372
21 33 28 31 0.640289 5.86696 9.16298
21 33 29 32 1.60362 6.42516 4.00667
21 43 22 27 2.05552 7.61317 3.70377
21 43 23 28 0.737639 6.19931 8.40426
21 43 24 29 0.394454 5.45596 13.8317
21 43 25 30 0.246591 4.83406 19.6035
21 43 26 31 0.17649 4.45313 25.2317
21 43 27 32 0.141568 4.2696 30.1593
21 43 28 33 0.122381 4.14045 33.8325
21 43 29 34 0.114645 4.10405 35.7978
21 43 30 35 0.114553 4.10075 35.7978
21 43 31 36 0.121564 4.11283 33.8325
21 43 32 37 0.142514 4.29812 30.1593
21 43 33 38 0.167255 4.22013 25.2317
21 43 34 39 0.223626 4.38386 19.6035
21 43 35 40 0.355906 4.92277 13.8317
21 43 36 41 0.666314 5.59988 8.40426
21 43 37 42 1.85042 6.85352 3.70377
22 34 23 26 1.7945 7.18997 4.00667
22 34 24 27 0.702472 6.43674 9.16298
22 34 25 28 0.386428 5.463 14.1372
22 34 26 29 0.288124 4.96955 17.248
22 34 27 30 0.292332 5.04213 17.248
22 34 28 31 0.376927 5.32868 14.1372
22 34 29 32 0.625083 5.72763 9.16298
22 34 30 33 1.9599 7.85266 4.00667
22 44 23 28 1.90439 7.05341 3.70377
22 44 24 29 0.755979 6.35344 8.40426
22 44 25 30 0.394457 5.45599 13.8317
22 44 26 31 0.246949 4.84107 19.6035
22 44 27 32 0.181283 4.57407 25.2317
22 44 28 33 0.145011 4.37344 30.1593
22 44 29 34 0.125822 4.25689 33.8325
22 44 30 35 0.116942 4.18627 35.7978
22 44 31 36 0.115625 4.13911 35.7978
22 44 32 37 0.126837 4.2912 33.8325
22 44 33 38 0.13891 4.18944 30.1593
22 44 34 39 0.168322 4.24704 25.2317
22 44 35 40 0.235209 4.61092 19.6035
22 44 36 41 0.369121 5.10556 13.8317
22 44 37 42 0.704449 5.92037 8.40426
22 44 38 43 1.99615 7.39329 3.70377
23 35 24 27 1.93117 7.73757 4.00667
23 35 25 28 0.70043 6.41803 9.16298
23 35 26 29 0.377132 5.33158 14.1372
23 35 27 30 0.293351 5.0597 17.248
23 35 28 31 0.289959 5.00121 17.248
23 35 29 32 0.354046 5.00521 14.1372
23 35 30 33 0.676078 6.19489 9.16298
23 35 31 34 1.76619 7.07652 4.00667
23 45 24 29 2.04918 7.5897 3.70377
23 45 25 30 0.758169 6.37185 8.40426
23 45 26 31 0.387041 5.35343 13.8317
23 45 27 32 0.252605 4.95195 19.6035
23 45 28 33 0.18464 4.65878 25.2317
23 45 29 34 0.14706 4.43524 30.1593
23 45 30 35 0.126456 4.27834 33.8325
23 45 31 36 0.116031 4.15364 35.7978
23 45 32 37 0.118863 4.25502 35.7978
23 45 33 38 0.121936 4.1254 33.8325
23 45 34 39 0.135485 4.08614 30.1593
23 45 35 40 0.170308 4.29716 25.2317
23 45 36 41 0.235926 4.62499 19.6035
23 45 37 42 0.370714 5.1276 13.8317
23 45 38 43 0.699782 5.88115 8.40426
23 45 39 44 1.80991 6.70349 3.70377
24 36 25 28 1.844 7.3883 4.00667
24 36 26 29 0.643169 5.89335 9.16298
24 36 27 30 0.38149 5.39319 14.1372
24 36 28 31 0.29759 5.13283 17.248
24 36 29 32 0.283649 4.89236 17.248
24 36 30 33 0.395501 5.59126 14.1372
24 36 31 34 0.747617 6.8504 9.16298
24 36 32 35 2.25296 9.02688 4.00667
24 46 25 30 1.96451 7.2761 3.70377
24 46 26 31 0.699212 5.87636 8.40426
24 46 27 32 0.386263 5.34266 13.8317
24 46 28 33 0.253727 4.97394 19.6035
24 46 29 34 0.184026 4.64328 25.2317
24 46 30 35 0.145799 4.39718 30.1593
24 46 31 36 0.124033 4.19635 33.8325
24 46 32 37 0.118718 4.24985 35.7978
24 46 33 38 0.114494 4.09864 35.7978
24 46 34 39 0.117871 3.98786 33.8325
24 46 35 40 0.135435 4.08461 30.1593
24 46 36 41 0.170286 4.29659 25.2317
24 46 37 42 0.235252 4.61177 19.6035
24 46 38 43 0.368005 5.09013 13.8317
24 46 39 44 0.655852 5.51195 8.40426
24 46 40 45 1.92835 7.14219 3.70377
25 37 26 29 1.63925 6.56793 4.00667
25 37 27 30 0.631228 5.78393 9.16298
25 37 28 31 0.378291 5.34796 14.1372
25 37 29 32 0.277273 4.7824 17.248
25 37 30 33 0.276581 4.77046 17.248
25 37 31 34 0.377771 5.34061 14.1372
25 37 32 35 0.719757 6.59512 9.16298
25 37 33 36 1.92462 7.71131 4.00667
25 47 26 31 1.75761 6.5098 3.70377
25 47 27 32 0.683265 5.74233 8.40426
25 47 28 33 0.384165 5.31365 13.8317
25 47 29 34 0.248642 4.87425 19.6035
25 47 30 35 0.180024 4.54232 25.2317
25 47 31 36 0.141482 4.267 30.1593
25 47 32 37 0.126603 4.2833 33.8325
25 47 33 38 0.115186 4.12341 35.7978
25 47 34 39 0.110782 3.96575 35.7978
25 47 35 40 0.1179 3.98885 33.8325
25 47 36 41 0.136921 4.12943 30.1593
25 47 37 42 0.171593 4.32959 25.2317
25 47 38 43 0.238208 4.66971 19.6035
25 47 39 44 0.353558 4.89029 13.8317
25 47 40 45 0.702758 5.90616 8.40426
25 47 41 46 1.93948 7.1834 3.70377
26 38 27 30 1.74853 7.00579 4.00667
26 38 28 31 0.680942 6.23945 9.16298
26 38 29 32 0.375545 5.30915 14.1372
26 38 30 33 0.280001 4.82945 17.248
26 38 31 34 0.284896 4.91387 17.248
26 38 32 35 0.395403 5.58988 14.1372
26 38 33 36 0.687449 6.29908 9.16298
26 38 34 37 1.76142 7.05743 4.00667
26 48 27 32 1.86104 6.89285 3.70377
26 48 28 33 0.727792 6.11656 8.40426
26 48 29 34 0.38754 5.36033 13.8317
26 48 30 35 0.246691 4.83601 19.6035
26 48 31 36 0.175259 4.42207 25.2317
26 48 32 37 0.144708 4.36429 30.1593
26 48 33 38 0.123554 4.18013 33.8325
26 48 34 39 0.110897 3.96986 35.7978
26 48 35 40 0.109398 3.91619 35.7978
26 48 36 41 0.117964 3.99101 33.8325
26 48 37 42 0.135471 4.08569 30.1593
26 48 38 43 0.171276 4.32158 25.2317
26 48 39 44 0.224403 4.39909 19.6035
26 48 40 45 0.358658 4.96084 13.8317
26 48 41 46 0.679597 5.71151 8.40426
26 48 42 47 1.77707 6.58185 3.70377
27 39 28 31 1.98131 7.93846 4.00667
27 39 29 32 0.704152 6.45213 9.16298
27 39 30 33 0.383004 5.41459 14.1372
27 39 31 34 0.288094 4.96903 17.248
27 39 32 35 0.303599 5.23646 17.248
27 39 33 36 0.399758 5.65144 14.1372
27 39 34 37 0.678037 6.21284 9.16298
27 39 35 38 1.65852 6.64513 4.00667
27 49 28 33 2.08813 7.73397 3.70377
27 49 29 34 0.758268 6.37268 8.40426
27 49 30 35 0.394142 5.45165 13.8317
27 49 31 36 0.243436 4.77221 19.6035
27 49 32 37 0.181488 4.57924 25.2317
27 49 33 38 0.143898 4.33988 30.1593
27 49 34 39 0.120108 4.06357 33.8325
27 49 35 40 0.109886 3.93368 35.7978
27 49 36 41 0.110454 3.95402 35.7978
27 49 37 42 0.117233 3.9663 33.8325
27 49 38 43 0.137339 4.14204 30.1593
27 49 39 44 0.164409 4.14832 25.2317
27 49 40 45 0.227482 4.45946 19.6035
27 49 41 46 0.353042 4.88316 13.8317
27 49 42 47 0.63867 5.36755 8.40426
27 49 43 48 1.71755 6.36141 3.70377
28 40 29 32 1.91341 7.66641 4.00667
28 40 30 33 0.690666 6.32856 9.16298
28 40 31 34 0.377503 5.33682 14.1372
28 40 32 35 0.300288 5.17936 17.248
28 40 33 36 0.305496 5.26918 17.248
28 40 34 37 0.393956 5.56942 14.1372
28 40 35 38 0.626729 5.7427 9.16298
28 40 36 39 1.74493 6.99137 4.00667
28 50 29 34 2.02873 7.51394 3.70377
28 50 30 35 0.748799 6.29311 8.40426
28 50 31 36 0.381897 5.28228 13.8317
28 50 32 37 0.251005 4.92058 19.6035
28 50 33 38 0.18286 4.61388 25.2317
28 50 34 39 0.141317 4.26202 30.1593
28 50 35 40 0.119839 4.05446 33.8325
28 50 36 41 0.112621 4.03159 35.7978
28 50 37 42 0.11112 3.97783 35.7978
28 50 38 43 0.12222 4.135 33.8325
28 50 39 44 0.136809 4.12608 30.1593
28 50 40 45 0.171954 4.33868 25.2317
28 50 41 46 0.236288 4.63209 19.6035
28 50 42 47 0.357115 4.93949 13.8317
28 50 43 48 0.668489 5.61815 8.40426
28 50 44 49 1.86177 6.89557 3.70377
29 41 30 33 1.85119 7.41711 4.00667
29 41 31 34 0.650769 5.96298 9.16298
29 41 32 35 0.381861 5.39843 14.1372
29 41 33 36 0.300723 5.18685 17.248
29 41 34 37 0.301125 5.19379 17.248
29 41 35 38 0.363829 5.14351 14.1372
29 41 36 39 0.661147 6.05807 9.16298
29 41 37 40 1.94765 7.80358 4.00667
29 51 30 35 1.97172 7.30281 3.70377
29 51 31 36 0.702169 5.90121 8.40426
29 51 32 37 0.383644 5.30644 13.8317
29 51 33 38 0.251135 4.92314 19.6035
29 51 34 39 0.17794 4.48973 25.2317
29 51 35 40 0.138775 4.18537 30.1593
29 51 36 41 0.121461 4.10933 33.8325
29 51 37 42 0.110814 3.96691 35.7978
29 51 38 43 0.114276 4.09081 35.7978
29 51 39 44 0.120132 4.06438 33.8325
29 51 40 45 0.13897 4.19125 30.1593
29 51 41 46 0.173539 4.37869 25.2317
29 51 42 47 0.232114 4.55025 19.6035
29 51 43 48 0.360776 4.99013 13.8317
29 51 44 49 0.672512 5.65197 8.40426
29 51 45 50 1.67765 6.21362 3.70377
30 42 31 34 1.70802 6.84347 4.00667
30 42 32 35 0.638802 5.85333 9.16298
30 42 33 36 0.380542 5.37979 14.1372
30 42 34 37 0.294316 5.07634 17.248
30 42 35 38 0.272023 4.69185 17.248
30 42 36 39 0.358076 5.06218 14.1372
30 42 37 40 0.665007 6.09345 9.16298
30 42 38 41 1.8474 7.40192 4.00667
30 52 31 36 1.82163 6.74692 3.70377
30 52 32 37 0.689382 5.79375 8.40426
30 52 33 38 0.383864 5.30948 13.8317
30 52 34 39 0.244519 4.79344 19.6035
30 52 35 40 0.173495 4.37757 25.2317
30 52 36 41 0.140759 4.24518 30.1593
30 52 37 42 0.118285 4.00187 33.8325
30 52 38 43 0.114245 4.08971 35.7978
30 52 39 44 0.113128 4.04972 35.7978
30 52 40 45 0.12171 4.11776 33.8325
30 52 41 46 0.140357 4.23307 30.1593
30 52 42 47 0.171419 4.32519 25.2317
30 52 43 48 0.236918 4.64444 19.6035
30 52 44 49 0.370524 5.12497 13.8317
30 52 45 50 0.659012 5.53851 8.40426
30 52 46 51 1.93299 7.15935 3.70377
31 43 32 35 1.71047 6.85329 4.00667
31 43 33 36 0.646358 5.92257 9.16298
31 43 34 37 0.3791 5.3594 14.1372
31 43 35 38 0.270146 4.65947 17.248
31 43 36 39 0.265435 4.57821 17.248
31 43 37 40 0.345628 4.8862 14.1372
31 43 38 41 0.625471 5.73118 9.16298
31 43 39 42 1.76044 7.0535 4.00667
31 53 32 37 1.82217 6.74889 3.70377
31 53 33 38 0.697482 5.86182 8.40426
31 53 34 39 0.376476 5.20729 13.8317
31 53 35 40 0.236287 4.63206 19.6035
31 53 36 41 0.175686 4.43286 25.2317
31 53 37 42 0.134429 4.05428 30.1593
31 53 38 43 0.12099 4.09341 33.8325
31 53 39 44 0.112643 4.03238 35.7978
31 53 40 45 0.112809 4.03832 35.7978
31 53 41 46 0.120547 4.0784 33.8325
31 53 42 47 0.135285 4.08009 30.1593
31 53 43 48 0.169073 4.26599 25.2317
31 53 44 49 0.232532 4.55845 19.6035
31 53 45 50 0.341066 4.71752 13.8317
31 53 46 51 0.660951 5.5548 8.40426
31 53 47 52 1.74865 6.47659 3.70377
32 44 33 36 1.62267 6.50151 4.00667
32 44 34 37 0.640288 5.86695 9.16298
32 44 35 38 0.349892 4.94648 14.1372
32 44 36 39 0.270873 4.67201 17.248
32 44 37 40 0.263005 4.53629 17.248
32 44 38 41 0.364126 5.14771 14.1372
32 44 39 42 0.664891 6.09238 9.16298
32 44 40 43 1.888 7.5646 4.00667
32 54 33 38 1.73172 6.41391 3.70377
32 54 34 39 0.674981 5.67272 8.40426
32 54 35 40 0.353296 4.88667 13.8317
32 54 36 41 0.236315 4.63262 19.6035
32 54 37 42 0.162758 4.10665 25.2317
32 54 38 43 0.135798 4.09558 30.1593
32 54 39 44 0.119102 4.02952 33.8325
32 54 40 45 0.111793 4.00195 35.7978
32 54 41 46 0.111811 4.00259 35.7978
32 54 42 47 0.116975 3.95755 33.8325
32 54 43 48 0.135051 4.07305 30.1593
32 54 44 49 0.169849 4.28557 25.2317
32 54 45 50 0.221064 4.33364 19.6035
32 54 46 51 0.349972 4.8407 13.8317
32 54 47 52 0.645732 5.4269 8.40426
32 54 48 53 1.75353 6.49466 3.70377
33 45 34 37 1.97145 7.89895 4.00667
33 45 35 38 0.674131 6.17705 9.16298
33 45 36 39 0.388068 5.48619 14.1372
33 45 37 40 0.265822 4.58489 17.248
33 45 38 41 0.276062 4.76151 17.248
33 45 39 42 0.37458 5.2955 14.1372
33 45 40 43 0.653461 5.98765 9.16298
33 45 41 44 1.69865 6.80594 4.00667
33 55 34 39 2.06845 7.66109 3.70377
33 55 35 40 0.721138 6.06063 8.40426
33 55 36 41 0.398565 5.51283 13.8317
33 55 37 42 0.231741 4.54295 19.6035
33 55 38 43 0.172673 4.35682 25.2317
33 55 39 44 0.139744 4.21458 30.1593
33 55 40 45 0.121567 4.11292 33.8325
33 55 41 46 0.113054 4.04708 35.7978
33 55 42 47 0.110137 3.94264 35.7978
33 55 43 48 0.118175 3.99816 33.8325
33 55 44 49 0.13801 4.1623 30.1593
33 55 45 50 0.164378 4.14754 25.2317
33 55 46 51 0.227652 4.46279 19.6035
33 55 47 52 0.349467 4.83371 13.8317
33 55 48 53 0.657412 5.52506 8.40426
33 55 49 54 1.69749 6.28712 3.70377
34 46 35 38 1.75785 7.04311 4.00667
34 46 36 39 0.737177 6.75474 9.16298
34 46 37 40 0.362851 5.12968 14.1372
34 46 38 41 0.279973 4.82896 17.248
34 46 39 42 0.288799 4.9812 17.248
34 46 40 43 0.370243 5.23418 14.1372
34 46 41 44 0.608125 5.57224 9.16298
34 46 42 45 1.81665 7.2787 4.00667
34 56 35 40 1.86814 6.91917 3.70377
34 56 36 41 0.794679 6.67869 8.40426
34 56 37 42 0.377369 5.21965 13.8317
34 56 38 43 0.245244 4.80765 19.6035
34 56 39 44 0.180737 4.5603 25.2317
34 56 40 45 0.144461 4.35683 30.1593
34 56 41 46 0.124293 4.20514 33.8325
34 56 42 47 0.112371 4.02262 35.7978
34 56 43 48 0.112087 4.01247 35.7978
34 56 44 49 0.12252 4.14515 33.8325
34 56 45 50 0.135648 4.09105 30.1593
34 56 46 51 0.170474 4.30134 25.2317
34 56 47 52 0.23282 4.5641 19.6035
34 56 48 53 0.364636 5.04352 13.8317
34 56 49 54 0.658444 5.53373 8.40426
34 56 50 55 1.7139 6.3479 3.70377
35 47 36 39 2.22369 8.9096 4.00667
35 47 37 40 0.68937 6.31668 9.16298
35 47 38 41 0.379454 5.3644 14.1372
35 47 39 42 0.297823 5.13684 17.248
35 47 40 43 0.291225 5.02304 17.248
35 47 41 44 0.352423 4.98226 14.1372
35 47 42 45 0.652072 5.97492 9.16298
35 47 43 46 1.8298 7.33142 4.00667
35 57 36 41 2.34695 8.69257 3.70377
35 57 37 42 0.751477 6.31561 8.40426
35 57 38 43 0.392404 5.42761 13.8317
35 57 39 44 0.255119 5.00123 19.6035
35 57 40 45 0.184758 4.66177 25.2317
35 57 41 46 0.145868 4.39926 30.1593
35 57 42 47 0.121715 4.11793 33.8325
35 57 43 48 0.112518 4.0279 35.7978
35 57 44 49 0.115202 4.12396 35.7978
35 57 45 50 0.119208 4.03311 33.8325
35 57 46 51 0.137793 4.15573 30.1593
35 57 47 52 0.171903 4.33741 25.2317
35 57 48 53 0.238194 4.66944 19.6035
35 57 49 54 0.36091 4.99199 13.8317
35 57 50 55 0.646889 5.43662 8.40426
35 57 51 56 1.69925 6.29363 3.70377
36 48 37 40 1.89217 7.58128 4.00667
36 48 38 41 0.669302 6.1328 9.16298
36 48 39 42 0.393745 5.56643 14.1372
36 48 40 43 0.29682 5.11954 17.248
36 48 41 44 0.27297 4.70817 17.248
36 48 42 45 0.354089 5.00582 14.1372
36 48 43 46 0.631172 5.78342 9.16298
36 48 44 47 1.68496 6.75108 4.00667
36 58 37 42 2.01947 7.47966 3.70377
36 58 38 43 0.730403 6.1385 8.40426
36 58 39 44 0.398403 5.51057 13.8317
36 58 40 45 0.256239 5.02319 19.6035
36 58 41 46 0.183961 4.64164 25.2317
36 58 42 47 0.140738 4.24457 30.1593
36 58 43 48 0.120168 4.06559 33.8325
36 58 44 49 0.115235 4.12516 35.7978
36 58 45 50 0.111691 3.99828 35.7978
36 58 46 51 0.119766 4.05199 33.8325
36 58 47 52 0.138288 4.17068 30.1593
36 58 48 53 0.174418 4.40086 25.2317
36 58 49 54 0.235992 4.62628 19.6035
36 58 50 55 0.356987 4.93773 13.8317
36 58 51 56 0.657068 5.52217 8.40426
36 58 52 57 1.85657 6.8763 3.70377
37 49 38 41 1.746 6.99566 4.00667
37 49 39 42 0.678414 6.21629 9.16298
37 49 40 43 0.392786 5.55288 14.1372
37 49 41 44 0.282918 4.87977 17.248
37 49 42 45 0.269268 4.64432 17.248
37 49 43 46 0.347462 4.91212 14.1372
37 49 44 47 0.602207 5.51801 9.16298
37 49 45 48 1.62206 6.49905 4.00667
37 59 38 43 1.87272 6.93613 3.70377
37 59 39 44 0.727833 6.1169 8.40426
37 59 40 45 0.396153 5.47946 13.8317
37 59 41 46 0.254082 4.9809 19.6035
37 59 42 47 0.176291 4.44811 25.2317
37 59 43 48 0.137851 4.1575 30.1593
37 59 44 49 0.123452 4.1767 33.8325
37 59 45 50 0.112067 4.01174 35.7978
37 59 46 51 0.111692 3.99833 35.7978
37 59 47 52 0.120013 4.06034 33.8325
37 59 48 53 0.139264 4.2001 30.1593
37 59 49 54 0.172036 4.34077 25.2317
37 59 50 55 0.231808 4.54425 19.6035
37 59 51 56 0.353259 4.88616 13.8317
37 59 52 57 0.692422 5.8193 8.40426
37 59 53 58 1.81041 6.70534 3.70377
38 50 39 42 1.68759 6.76161 4.00667
38 50 40 43 0.649271 5.94926 9.16298
38 50 41 44 0.368053 5.20323 14.1372
38 50 42 45 0.26998 4.6566 17.248
38 50 43 46 0.267591 4.6154 17.248
38 50 44 47 0.355861 5.03086 14.1372
38 50 45 48 0.623333 5.71159 9.16298
38 50 46 49 1.75034 7.01304 4.00667
38 60 39 44 1.78935 6.62736 3.70377
38 60 40 45 0.688497 5.78631 8.40426
38 60 41 46 0.376036 5.2012 13.8317
38 60 42 47 0.232076 4.54951 19.6035
38 60 43 48 0.164891 4.16048 25.2317
38 60 44 49 0.137772 4.15511 30.1593
38 60 45 50 0.117524 3.97612 33.8325
38 60 46 51 0.10968 3.9263 35.7978
38 60 47 52 0.1106 3.95923 35.7978
38 60 48 53 0.119636 4.0476 33.8325
38 60 49 54 0.137215 4.13832 30.1593
38 60 50 55 0.169815 4.28473 25.2317
38 60 51 56 0.228798 4.48525 19.6035
38 60 52 57 0.370659 5.12684 13.8317
38 60 53 58 0.697355 5.86075 8.40426
38 60 54 59 1.85667 6.87667 3.70377
39 51 40 43 1.78076 7.1349 4.00667
39 51 41 44 0.674041 6.17623 9.16298
39 51 42 45 0.361015 5.10373 14.1372
39 51 43 46 0.265153 4.57335 17.248
39 51 44 47 0.273304 4.71394 17.248
39 51 45 48 0.3572 5.0498 14.1372
39 51 46 49 0.620013 5.68116 9.16298
39 51 47 50 1.57165 6.29707 4.00667
39 61 40 45 1.87586 6.94774 3.70377
39 61 41 46 0.723565 6.08103 8.40426
39 61 42 47 0.366046 5.06303 13.8317
39 61 43 48 0.224665 4.40422 19.6035
39 61 44 49 0.170564 4.30363 25.2317
39 61 45 50 0.1344 4.0534 30.1593
39 61 46 51 0.116326 3.9356 33.8325
39 61 47 52 0.109538 3.92122 35.7978
39 61 48 53 0.11027 3.94743 35.7978
39 61 49 54 0.117827 3.98638 33.8325
39 61 50 55 0.135183 4.07701 30.1593
39 61 51 56 0.164716 4.15605 25.2317
39 61 52 57 0.231337 4.53502 19.6035
39 61 53 58 0.359243 4.96893 13.8317
39 61 54 59 0.668102 5.61491 8.40426
39 61 55 60 1.65948 6.14634 3.70377
40 52 41 44 1.96736 7.88256 4.00667
40 52 42 45 0.674132 6.17706 9.16298
40 52 43 46 0.354 5.00455 14.1372
40 52 44 47 0.27954 4.82149 17.248
40 52 45 48 0.279384 4.8188 17.248
40 52 46 49 0.36214 5.11963 14.1372
40 52 47 50 0.609446 5.58434 9.16298
40 52 48 51 1.82265 7.30276 4.00667
40 62 41 46 2.07841 7.69794 3.70377
40 62 42 47 0.723245 6.07834 8.40426
40 62 43 48 0.358231 4.95493 13.8317
40 62 44 49 0.239195 4.68907 19.6035
40 62 45 50 0.170886 4.31174 25.2317
40 62 46 51 0.135674 4.09183 30.1593
40 62 47 52 0.1188 4.01929 33.8325
40 62 48 53 0.111426 3.98879 35.7978
40 62 49 54 0.111525 3.99236 35.7978
40 62 50 55 0.120242 4.06811 33.8325
40 62 51 56 0.135864 4.09755 30.1593
40 62 52 57 0.17317 4.36937 25.2317
40 62 53 58 0.238779 4.68092 19.6035
40 62 54 59 0.374063 5.17392 13.8317
40 62 55 60 0.667103 5.60651 8.40426
40 62 56 61 1.77888 6.58858 3.70377
41 53 42 45 1.839 7.36826 4.00667
41 53 43 46 0.619105 5.67285 9.16298
41 53 44 47 0.366374 5.17949 14.1372
41 53 45 48 0.277628 4.78852 17.248
41 53 46 49 0.270904 4.67254 17.248
41 53 47 50 0.336302 4.75436 14.1372
41 53 48 51 0.612571 5.61297 9.16298
41 53 49 52 1.64358 6.58529 4.00667
41 63 42 47 1.94842 7.21652 3.70377
41 63 43 48 0.668152 5.61533 8.40426
41 63 44 49 0.373081 5.16034 13.8317
41 63 45 50 0.236109 4.62857 19.6035
41 63 46 51 0.169924 4.28747 25.2317
41 63 47 52 0.137177 4.13718 30.1593
41 63 48 53 0.119231 4.03389 33.8325
41 63 49 54 0.111541 3.9929 35.7978
41 63 50 55 0.113064 4.04744 35.7978
41 63 51 56 0.119113 4.02991 33.8325
41 63 52 57 0.139471 4.20635 30.1593
41 63 53 58 0.174681 4.4075 25.2317
41 63 54 59 0.242746 4.75869 19.6035
41 63 55 60 0.36611 5.06392 13.8317
41 63 56 61 0.662087 5.56435 8.40426
41 63 57 62 1.62353 6.01319 3.70377
42 54 43 46 1.74403 6.98777 4.00667
42 54 44 47 0.658586 6.03461 9.16298
42 54 45 48 0.36894 5.21576 14.1372
42 54 46 49 0.2745 4.73456 17.248
42 54 47 50 0.261669 4.51325 17.248
42 54 48 51 0.344148 4.86528 14.1372
42 54 49 52 0.597538 5.47523 9.16298
42 54 50 53 1.6608 6.65426 4.00667
42 64 43 48 1.85308 6.86339 3.70377
42 64 44 49 0.709586 5.96355 8.40426
42 64 45 50 0.371447 5.13774 13.8317
42 64 46 51 0.235459 4.61584 19.6035
42 64 47 52 0.172609 4.35522 25.2317
42 64 48 53 0.137783 4.15543 30.1593
42 64 49 54 0.120001 4.05994 33.8325
42 64 50 55 0.11441 4.09564 35.7978
42 64 51 56 0.11295 4.04335 35.7978
42 64 52 57 0.122964 4.16017 33.8325
42 64 53 58 0.142321 4.2923 30.1593
42 64 54 59 0.181276 4.57391 25.2317
42 64 55 60 0.247085 4.84374 19.6035
42 64 56 61 0.379624 5.25083 13.8317
42 64 57 62 0.670426 5.63443 8.40426
42 64 58 63 1.8756 6.9468 3.70377
43 55 44 47 1.8869 7.56019 4.00667
43 55 45 48 0.652889 5.98241 9.16298
43 55 46 49 0.361869 5.1158 14.1372
43 55 47 50 0.267574 4.61511 17.248
43 55 48 51 0.26398 4.55311 17.248
43 55 49 52 0.341825 4.83244 14.1372
43 55 50 53 0.618746 5.66955 9.16298
43 55 51 54 1.59912 6.40714 4.00667
44 56 45 48 1.7164 6.87704 4.00667
44 56 46 49 0.614795 5.63335 9.16298
44 56 47 50 0.345737 4.88774 14.1372
44 56 48 51 0.260614 4.49506 17.248
44 56 49 52 0.262341 4.52485 17.248
44 56 50 53 0.362572 5.12574 14.1372
44 56 51 54 0.612611 5.61334 9.16298
44 56 52 55 1.60737 6.44019 4.00667
45 57 46 49 1.82933 7.32951 4.00667
45 57 47 50 0.651897 5.97332 9.16298
45 57 48 51 0.350359 4.95309 14.1372
45 57 49 52 0.263393 4.543 17.248
45 57 50 53 0.280387 4.8361 17.248
45 57 51 54 0.357916 5.05991 14.1372
45 57 52 55 0.598121 5.48057 9.16298
45 57 53 56 1.58862 6.36506 4.00667
46 58 47 50 1.82941 7.32985 4.00667
46 58 48 51 0.627309 5.74802 9.16298
46 58 49 52 0.343994 4.8631 14.1372
46 58 50 53 0.280739 4.84217 17.248
46 58 51 54 0.278271 4.79961 17.248
46 58 52 55 0.352031 4.97672 14.1372
46 58 53 56 0.60433 5.53746 9.16298
46 58 54 57 1.74691 6.99931 4.00667
47 59 48 51 1.66964 6.68968 4.00667
47 59 49 52 0.588704 5.39428 9.16298
47 59 50 53 0.358806 5.0725 14.1372
47 59 51 54 0.275757 4.75625 17.248
47 59 52 55 0.271145 4.6767 17.248
47 59 53 56 0.343232 4.85232 14.1372
47 59 54 57 0.641188 5.87519 9.16298
47 59 55 58 1.71052 6.8535 4.00667
48 60 49 52 1.60621 6.43556 4.00667
48 60 50 53 0.626503 5.74064 9.16298
48 60 51 54 0.360086 5.09059 14.1372
48 60 52 55 0.275407 4.75022 17.248
48 60 53 56 0.263503 4.54488 17.248
48 60 54 57 0.362302 5.12193 14.1372
48 60 55 58 0.653191 5.98517 9.16298
48 60 56 59 1.75839 7.04528 4.00667
49 61 50 53 1.75634 7.03709 4.00667
49 61 51 54 0.626183 5.7377 9.16298
49 61 52 55 0.362183 5.12024 14.1372
49 61 53 56 0.26093 4.5005 17.248
49 61 54 57 0.266303 4.59318 17.248
49 61 55 58 0.357157 5.04918 14.1372
49 61 56 59 0.628944 5.763 9.16298
49 61 57 60 1.5562 6.23517 4.00667
50 62 51 54 1.58839 6.36414 4.00667
50 62 52 55 0.618265 5.66515 9.16298
50 62 53 56 0.334059 4.72265 14.1372
50 62 54 57 0.261572 4.51158 17.248
50 62 55 58 0.274097 4.72761 17.248
50 62 56 59 0.371972 5.25863 14.1372
50 62 57 60 0.617835 5.66121 9.16298
50 62 58 61 1.66521 6.67193 4.00667
51 63 52 55 1.83373 7.34714 4.00667
51 63 53 56 0.610868 5.59737 9.16298
51 63 54 57 0.344929 4.87632 14.1372
51 63 55 58 0.272093 4.69304 17.248
51 63 56 59 0.285058 4.91667 17.248
51 63 57 60 0.361163 5.10582 14.1372
51 63 58 61 0.609976 5.5892 9.16298
51 63 59 62 1.50953 6.0482 4.00667
52 64 53 56 1.63955 6.56912 4.00667
52 64 54 57 0.596942 5.46976 9.16298
52 64 55 58 0.349027 4.93425 14.1372
52 64 56 59 0.284255 4.90281 17.248
52 64 57 60 0.28572 4.92809 17.248
52 64 58 61 0.37044 5.23697 14.1372
52 64 59 62 0.613641 5.62278 9.16298
52 64 60 63 1.76162 7.05823 4.00667
