64
# x y z
0.0 0.0 0.0
0.5 0.0 0.0
1.0 0.0 0.0
1.5 0.0 0.0
2.0 0.0 0.0
2.5 0.0 0.0
3.0 0.0 0.0
3.5 0.0 0.0
4.0 0.0 0.0
4.5 0.0 0.0
5.0 0.0 0.0
5.5 0.0 0.0
6.0 0.0 0.0
6.5 0.0 0.0
7.0 0.0 0.0
7.5 0.0 0.0
8.0 0.0 0.0
8.5 0.0 0.0
9.0 0.0 0.0
9.5 0.0 0.0
10.0 0.0 0.0
10.5 0.0 0.0
11.0 0.0 0.0
11.5 0.0 0.0
12.0 0.0 0.0
12.5 0.0 0.0
13.0 0.0 0.0
13.5 0.0 0.0
14.0 0.0 0.0
14.5 0.0 0.0
15.0 0.0 0.0
15.5 0.0 0.0
16.0 0.0 0.0
16.5 0.0 0.0
17.0 0.0 0.0
17.5 0.0 0.0
18.0 0.0 0.0
18.5 0.0 0.0
19.0 0.0 0.0
19.5 0.0 0.0
20.0 0.0 0.0
20.5 0.0 0.0
21.0 0.0 0.0
21.5 0.0 0.0
22.0 0.0 0.0
22.5 0.0 0.0
23.0 0.0 0.0
23.5 0.0 0.0
24.0 0.0 0.0
24.5 0.0 0.0
25.0 0.0 0.0
25.5 0.0 0.0
26.0 0.0 0.0
26.5 0.0 0.0
27.0 0.0 0.0
27.5 0.0 0.0
28.0 0.0 0.0
28.5 0.0 0.0
29.0 0.0 0.0
29.5 0.0 0.0
30.0 0.0 0.0
30.5 0.0 0.0
31.0 0.0 0.0
31.5 0.0 0.0
1400
# a b m n r rhoa k
1 13 2 5 2.1081 8.44647 4.00667
1 13 3 6 0.695297 6.37099 9.16298
1 13 4 7 0.41832 5.91386 14.1372
1 13 5 8 0.300616 5.18501 17.248
1 13 6 9 0.253804 4.37761 17.248
1 13 7 10 0.370354 5.23575 14.1372
1 13 8 11 0.695694 6.37463 9.16298
1 13 9 12 2.08931 8.37117 4.00667
1 23 2 7 2.23533 8.27917 3.70377
1 23 3 8 0.753175 6.32988 8.40426
1 23 4 9 0.414652 5.73533 13.8317
1 23 5 10 0.261716 5.13055 19.6035
1 23 6 11 0.186216 4.69855 25.2317
1 23 7 12 0.143154 4.31744 30.1593
1 23 8 13 0.125673 4.25184 33.8325
1 23 9 14 0.12365 4.42639 35.7978
1 23 10 15 0.110938 3.97133 35.7978
1 23 11 16 0.124176 4.20118 33.8325
1 23 12 17 0.141425 4.26526 30.1593
1 23 13 18 0.182339 4.60072 25.2317
1 23 14 19 0.266741 5.22906 19.6035
1 23 15 20 0.383277 5.30136 13.8317
1 23 16 21 0.744592 6.25774 8.40426
1 23 17 22 2.01307 7.45595 3.70377
1 57 4 16 0.483598 5.58167 11.542
1 57 5 17 0.308006 5.00663 16.255
1 57 6 18 0.217602 4.64384 21.3409
1 57 7 19 0.162981 4.36034 26.7536
1 57 8 20 0.129718 4.20799 32.4396
1 57 9 21 0.114884 4.40443 38.3381
1 57 10 22 0.0947158 4.20358 44.381
1 57 11 23 0.0825153 4.16647 50.4932
1 57 12 24 0.0735923 4.16484 56.5934
1 57 13 25 0.0653096 4.08804 62.5948
1 57 14 26 0.0604492 4.13512 68.4065
1 57 15 27 0.0576434 4.26191 73.9358
1 57 16 28 0.0527179 4.16942 79.0892
1 57 17 29 0.0503432 4.21754 83.7758
1 57 18 30 0.0476209 4.18631 87.9092
1 57 19 31 0.0449929 4.11282 91.4105
1 57 20 32 0.0443336 4.1767 94.2106
1 57 21 33 0.0435153 4.18848 96.2531
1 57 22 34 0.043168 4.2087 97.4958
1 57 23 35 0.0431715 4.22705 97.913
1 57 24 36 0.0432554 4.21722 97.4958
1 57 25 37 0.0442436 4.25858 96.2531
1 57 26 38 0.0441197 4.15654 94.2106
1 57 27 39 0.0454009 4.15012 91.4105
1 57 28 40 0.0476192 4.18617 87.9092
1 57 29 41 0.0493416 4.13363 83.7758
1 57 30 42 0.0537797 4.2534 79.0892
1 57 31 43 0.0573769 4.24221 73.9358
1 57 32 44 0.0601489 4.11458 68.4065
1 57 33 45 0.065935 4.12718 62.5948
1 57 34 46 0.0735917 4.16481 56.5934
1 57 35 47 0.0817746 4.12906 50.4932
1 57 36 48 0.0952646 4.22794 44.381
1 57 37 49 0.110785 4.24728 38.3381
1 57 38 50 0.128701 4.17501 32.4396
1 57 39 51 0.163295 4.36874 26.7536
1 57 40 52 0.211551 4.5147 21.3409
1 57 41 53 0.303659 4.93599 16.255
1 57 42 54 0.47032 5.42842 11.542
2 14 3 6 1.63449 6.54887 4.00667
2 14 4 7 0.680304 6.23361 9.16298
2 14 5 8 0.381088 5.3875 14.1372
2 14 6 9 0.259894 4.48263 17.248
2 14 7 10 0.275529 4.75231 17.248
2 14 8 11 0.376398 5.3212 14.1372
2 14 9 12 0.692405 6.34449 9.16298
2 14 10 13 1.80017 7.2127 4.00667
2 24 3 8 1.74856 6.47625 3.70377
2 24 4 9 0.714965 6.00875 8.40426
2 24 5 10 0.381121 5.27154 13.8317
2 24 6 11 0.24306 4.76484 19.6035
2 24 7 12 0.17162 4.33026 25.2317
2 24 8 13 0.139357 4.20292 30.1593
2 24 9 14 0.130557 4.41706 33.8325
2 24 10 15 0.110454 3.95402 35.7978
2 24 11 16 0.114767 4.1084 35.7978
2 24 12 17 0.122419 4.14175 33.8325
2 24 13 18 0.144972 4.37225 30.1593
2 24 14 19 0.1937 4.88737 25.2317
2 24 15 20 0.253963 4.97858 19.6035
2 24 16 21 0.40311 5.57568 13.8317
2 24 17 22 0.77645 6.52549 8.40426
2 24 18 23 2.56995 9.51852 3.70377
2 58 5 17 0.44221 5.10397 11.542
2 58 6 18 0.286882 4.66327 16.255
2 58 7 19 0.202904 4.33016 21.3409
2 58 8 20 0.155065 4.14854 26.7536
2 58 9 21 0.134465 4.36199 32.4396
2 58 10 22 0.108166 4.14686 38.3381
2 58 11 23 0.0924913 4.10485 44.381
2 58 12 24 0.0812055 4.10033 50.4932
2 58 13 25 0.0711245 4.02518 56.5934
2 58 14 26 0.065113 4.07573 62.5948
2 58 15 27 0.0615653 4.21147 68.4065
2 58 16 28 0.0557103 4.11899 73.9358
2 58 17 29 0.0527141 4.16912 79.0892
2 58 18 30 0.0493822 4.13703 83.7758
2 58 19 31 0.0462511 4.0659 87.9092
2 58 20 32 0.0452441 4.13578 91.4105
2 58 21 33 0.0440936 4.15408 94.2106
2 58 22 34 0.0434133 4.17867 96.2531
2 58 23 35 0.0429907 4.19141 97.4958
2 58 24 36 0.0428344 4.19404 97.913
2 58 25 37 0.0434163 4.23291 97.4958
2 58 26 38 0.042982 4.13714 96.2531
2 58 27 39 0.0439132 4.13709 94.2106
2 58 28 40 0.0456199 4.17013 91.4105
2 58 29 41 0.0468473 4.11831 87.9092
2 58 30 42 0.0504999 4.23067 83.7758
2 58 31 43 0.0533475 4.21921 79.0892
2 58 32 44 0.0554379 4.09884 73.9358
2 58 33 45 0.0600301 4.10645 68.4065
2 58 34 46 0.0660341 4.13339 62.5948
2 58 35 47 0.0722235 4.08737 56.5934
2 58 36 48 0.0825137 4.16638 50.4932
2 58 37 49 0.0939539 4.16977 44.381
2 58 38 50 0.10686 4.09682 38.3381
2 58 39 51 0.130601 4.23665 32.4396
2 58 40 52 0.161709 4.3263 26.7536
2 58 41 53 0.216128 4.61237 21.3409
2 58 42 54 0.301709 4.90429 16.255
2 58 43 55 0.436873 5.04237 11.542
3 15 4 7 2.01461 8.07188 4.00667
3 15 5 8 0.689188 6.31502 9.16298
3 15 6 9 0.357391 5.0525 14.1372
3 15 7 10 0.282485 4.87229 17.248
3 15 8 11 0.302711 5.22114 17.248
3 15 9 12 0.445289 6.29513 14.1372
3 15 10 13 0.792155 7.2585 9.16298
3 15 11 14 2.04791 8.20529 4.00667
3 25 4 9 2.1004 7.7794 3.70377
3 25 5 10 0.723368 6.07937 8.40426
3 25 6 11 0.374376 5.17824 13.8317
3 25 7 12 0.23067 4.52196 19.6035
3 25 8 13 0.168407 4.2492 25.2317
3 25 9 14 0.148536 4.47974 30.1593
3 25 10 15 0.117601 3.97874 33.8325
3 25 11 16 0.113018 4.04578 35.7978
3 25 12 17 0.112846 4.03963 35.7978
3 25 13 18 0.123081 4.16415 33.8325
3 25 14 19 0.151294 4.56291 30.1593
3 25 15 20 0.183846 4.63875 25.2317
3 25 16 21 0.252212 4.94425 19.6035
3 25 17 22 0.401094 5.5478 13.8317
3 25 18 23 0.863178 7.25438 8.40426
3 25 19 24 2.35389 8.71826 3.70377
3 59 6 18 0.433691 5.00564 11.542
3 59 7 19 0.275288 4.4748 16.255
3 59 8 20 0.196194 4.18696 21.3409
3 59 9 21 0.164739 4.40737 26.7536
3 59 10 22 0.128011 4.15262 32.4396
3 59 11 23 0.106625 4.08778 38.3381
3 59 12 24 0.0918835 4.07788 44.381
3 59 13 25 0.0790571 3.99185 50.4932
3 59 14 26 0.0713251 4.03653 56.5934
3 59 15 27 0.0667845 4.18036 62.5948
3 59 16 28 0.0596888 4.0831 68.4065
3 59 17 29 0.0559368 4.13573 73.9358
3 59 18 30 0.0518623 4.10175 79.0892
3 59 19 31 0.0480599 4.02626 83.7758
3 59 20 32 0.0466602 4.10186 87.9092
3 59 21 33 0.0450725 4.1201 91.4105
3 59 22 34 0.0440207 4.14721 94.2106
3 59 23 35 0.0431957 4.15771 96.2531
3 59 24 36 0.0427042 4.16348 97.4958
3 59 25 37 0.0429452 4.20489 97.913
3 59 26 38 0.0422343 4.11767 97.4958
3 59 27 39 0.0428155 4.12113 96.2531
3 59 28 40 0.0440976 4.15446 94.2106
3 59 29 41 0.0448867 4.10312 91.4105
3 59 30 42 0.047924 4.21296 87.9092
3 59 31 43 0.0502008 4.20561 83.7758
3 59 32 44 0.0517211 4.09058 79.0892
3 59 33 45 0.0554483 4.09962 73.9358
3 59 34 46 0.0602573 4.122 68.4065
3 59 35 47 0.0649524 4.06568 62.5948
3 59 36 48 0.0730657 4.13504 56.5934
3 59 37 49 0.0817387 4.12725 50.4932
3 59 38 50 0.0914357 4.05801 44.381
3 59 39 51 0.108732 4.16858 38.3381
3 59 40 52 0.130209 4.22393 32.4396
3 59 41 53 0.165895 4.43829 26.7536
3 59 42 54 0.216664 4.62382 21.3409
3 59 43 55 0.287823 4.67857 16.255
3 59 44 56 0.420755 4.85633 11.542
4 16 5 8 2.07351 8.30786 4.00667
4 16 6 9 0.676858 6.20204 9.16298
4 16 7 10 0.366685 5.18389 14.1372
4 16 8 11 0.280222 4.83326 17.248
4 16 9 12 0.318573 5.49474 17.248
4 16 10 13 0.409811 5.79356 14.1372
4 16 11 14 0.652223 5.97631 9.16298
4 16 12 15 1.48315 5.94247 4.00667
4 26 5 10 2.16661 8.02465 3.70377
4 26 6 11 0.742917 6.24367 8.40426
4 26 7 12 0.369631 5.11261 13.8317
4 26 8 13 0.230491 4.51843 19.6035
4 26 9 14 0.187914 4.7414 25.2317
4 26 10 15 0.137193 4.13764 30.1593
4 26 11 16 0.121532 4.11173 33.8325
4 26 12 17 0.113014 4.04566 35.7978
4 26 13 18 0.113692 4.06992 35.7978
4 26 14 19 0.129242 4.37257 33.8325
4 26 15 20 0.147012 4.43379 30.1593
4 26 16 21 0.179254 4.52287 25.2317
4 26 17 22 0.248288 4.86732 19.6035
4 26 18 23 0.415358 5.7451 13.8317
4 26 19 24 0.7438 6.25109 8.40426
4 26 20 25 1.80507 6.68558 3.70377
4 60 7 19 0.431336 4.97846 11.542
4 60 8 20 0.272199 4.42459 16.255
4 60 9 21 0.216831 4.62738 21.3409
4 60 10 22 0.160047 4.28182 26.7536
4 60 11 23 0.128467 4.16742 32.4396
4 60 12 24 0.107829 4.13395 38.3381
4 60 13 25 0.0906039 4.02109 44.381
4 60 14 26 0.0803846 4.05888 50.4932
4 60 15 27 0.0742957 4.20465 56.5934
4 60 16 28 0.0652629 4.08511 62.5948
4 60 17 29 0.0604852 4.13758 68.4065
4 60 18 30 0.0554128 4.09699 73.9358
4 60 19 31 0.0507427 4.0132 79.0892
4 60 20 32 0.04879 4.08742 83.7758
4 60 21 33 0.0467085 4.10611 87.9092
4 60 22 34 0.0451891 4.13076 91.4105
4 60 23 35 0.043907 4.13651 94.2106
4 60 24 36 0.0430418 4.1429 96.2531
4 60 25 37 0.0428981 4.18238 97.4958
4 60 26 38 0.0418928 4.10185 97.913
4 60 27 39 0.0421366 4.10814 97.4958
4 60 28 40 0.0429624 4.13527 96.2531
4 60 29 41 0.0433414 4.08322 94.2106
4 60 30 42 0.0457222 4.17949 91.4105
4 60 31 43 0.0474346 4.16994 87.9092
4 60 32 44 0.0484439 4.05843 83.7758
4 60 33 45 0.0513425 4.06064 79.0892
4 60 34 46 0.0551269 4.07585 73.9358
4 60 35 47 0.0586078 4.00916 68.4065
4 60 36 48 0.0648923 4.06192 62.5948
4 60 37 49 0.0714076 4.0412 56.5934
4 60 38 50 0.0786564 3.97162 50.4932
4 60 39 51 0.09133 4.05331 44.381
4 60 40 52 0.106272 4.07428 38.3381
4 60 41 53 0.130171 4.22269 32.4396
4 60 42 54 0.161534 4.32161 26.7536
4 60 43 55 0.202103 4.31307 21.3409
4 60 44 56 0.268384 4.36259 16.255
4 60 45 57 0.434829 5.01877 11.542
5 17 6 9 2.09332 8.38724 4.00667
5 17 7 10 0.679379 6.22514 9.16298
5 17 8 11 0.357924 5.06003 14.1372
5 17 9 12 0.322191 5.55714 17.248
5 17 10 13 0.317731 5.48022 17.248
5 17 11 14 0.395152 5.58633 14.1372
5 17 12 15 0.621168 5.69175 9.16298
5 17 13 16 2.45001 9.81636 4.00667
5 27 6 11 2.22565 8.2433 3.70377
5 27 7 12 0.727349 6.11283 8.40426
5 27 8 13 0.356458 4.93042 13.8317
5 27 9 14 0.262669 5.14925 19.6035
5 27 10 15 0.173993 4.39014 25.2317
5 27 11 16 0.14139 4.26424 30.1593
5 27 12 17 0.123081 4.16415 33.8325
5 27 13 18 0.114956 4.11517 35.7978
5 27 14 19 0.122168 4.37335 35.7978
5 27 15 20 0.132067 4.46817 33.8325
5 27 16 21 0.148514 4.47906 30.1593
5 27 17 22 0.189024 4.76939 25.2317
5 27 18 23 0.279085 5.47105 19.6035
5 27 19 24 0.424311 5.86894 13.8317
5 27 20 25 0.758961 6.37851 8.40426
5 27 21 26 2.11407 7.83005 3.70377
5 61 8 20 0.414707 4.78652 11.542
5 61 9 21 0.30543 4.96477 16.255
5 61 10 22 0.209406 4.46893 21.3409
5 61 11 23 0.160535 4.29489 26.7536
5 61 12 24 0.130437 4.23132 32.4396
5 61 13 25 0.106495 4.0828 38.3381
5 61 14 26 0.0925336 4.10673 44.381
5 61 15 27 0.084374 4.26032 50.4932
5 61 16 28 0.0728002 4.12001 56.5934
5 61 17 29 0.0665318 4.16454 62.5948
5 61 18 30 0.0601444 4.11427 68.4065
5 61 19 31 0.0544434 4.02532 73.9358
5 61 20 32 0.0518477 4.1006 79.0892
5 61 21 33 0.0491405 4.11678 83.7758
5 61 22 34 0.047122 4.14246 87.9092
5 61 23 35 0.0452133 4.13297 91.4105
5 61 24 36 0.043933 4.13896 94.2106
5 61 25 37 0.0434141 4.17874 96.2531
5 61 26 38 0.0420783 4.10246 97.4958
5 61 27 39 0.0420108 4.1134 97.913
5 61 28 40 0.0424671 4.14037 97.4958
5 61 29 41 0.0424502 4.08596 96.2531
5 61 30 42 0.0443458 4.17785 94.2106
5 61 31 43 0.045607 4.16896 91.4105
5 61 32 44 0.0461405 4.05617 87.9092
5 61 33 45 0.0484202 4.05644 83.7758
5 61 34 46 0.0514199 4.06676 79.0892
5 61 35 47 0.0540571 3.99676 73.9358
5 61 36 48 0.0590929 4.04234 68.4065
5 61 37 49 0.0641095 4.01292 62.5948
5 61 38 50 0.0697633 3.94814 56.5934
5 61 39 51 0.0794164 4.00999 50.4932
5 61 40 52 0.090414 4.01266 44.381
5 61 41 53 0.107544 4.12302 38.3381
5 61 42 54 0.128451 4.16689 32.4396
5 61 43 55 0.154054 4.1215 26.7536
5 61 44 56 0.192096 4.09951 21.3409
5 61 45 57 0.272428 4.42832 16.255
5 61 46 58 0.415372 4.79421 11.542
6 18 7 10 2.04061 8.17605 4.00667
6 18 8 11 0.605722 5.55022 9.16298
6 18 9 12 0.416435 5.88721 14.1372
6 18 10 13 0.304228 5.24731 17.248
6 18 11 14 0.290868 5.01688 17.248
6 18 12 15 0.342736 4.84532 14.1372
6 18 13 16 0.753338 6.90282 9.16298
6 18 14 17 2.08826 8.36697 4.00667
6 28 7 12 2.15162 7.96911 3.70377
6 28 8 13 0.653685 5.49374 8.40426
6 28 9 14 0.412909 5.71122 13.8317
6 28 10 15 0.240988 4.72421 19.6035
6 28 11 16 0.176465 4.45251 25.2317
6 28 12 17 0.142348 4.29313 30.1593
6 28 13 18 0.12267 4.15023 33.8325
6 28 14 19 0.121242 4.34019 35.7978
6 28 15 20 0.124274 4.44874 35.7978
6 28 16 21 0.12901 4.36474 33.8325
6 28 17 22 0.151677 4.57447 30.1593
6 28 18 23 0.20192 5.09479 25.2317
6 28 19 24 0.274094 5.37322 19.6035
6 28 20 25 0.421862 5.83505 13.8317
6 28 21 26 0.813319 6.83534 8.40426
6 28 22 27 2.45164 9.08032 3.70377
6 62 9 21 0.472935 5.45859 11.542
6 62 10 22 0.291401 4.73673 16.255
6 62 11 23 0.208984 4.45992 21.3409
6 62 12 24 0.16287 4.35736 26.7536
6 62 13 25 0.128295 4.16184 32.4396
6 62 14 26 0.108665 4.16601 38.3381
6 62 15 27 0.097483 4.32639 44.381
6 62 16 28 0.0824338 4.16235 50.4932
6 62 17 29 0.0741496 4.19638 56.5934
6 62 18 30 0.0660305 4.13316 62.5948
6 62 19 31 0.0589936 4.03555 68.4065
6 62 20 32 0.0556407 4.11384 73.9358
6 62 21 33 0.0522245 4.13039 79.0892
6 62 22 34 0.0495932 4.15471 83.7758
6 62 23 35 0.0470904 4.13968 87.9092
6 62 24 36 0.0453909 4.1492 91.4105
6 62 25 37 0.0445229 4.19453 94.2106
6 62 26 38 0.042863 4.1257 96.2531
6 62 27 39 0.0424879 4.14239 97.4958
6 62 28 40 0.0426129 4.17235 97.913
6 62 29 41 0.042294 4.12348 97.4958
6 62 30 42 0.0437944 4.21535 96.2531
6 62 31 43 0.0447311 4.21414 94.2106
6 62 32 44 0.0450118 4.11455 91.4105
6 62 33 45 0.0468428 4.11791 87.9092
6 62 34 46 0.0493317 4.1328 83.7758
6 62 35 47 0.0513678 4.06263 79.0892
6 62 36 48 0.0556447 4.11413 73.9358
6 62 37 49 0.0597656 4.08836 68.4065
6 62 38 50 0.0644408 4.03366 62.5948
6 62 39 51 0.0724354 4.09937 56.5934
6 62 40 52 0.0812237 4.10125 50.4932
6 62 41 53 0.0948899 4.21131 44.381
6 62 42 54 0.110814 4.2484 38.3381
6 62 43 55 0.12977 4.20969 32.4396
6 62 44 56 0.156829 4.19575 26.7536
6 62 45 57 0.209361 4.46795 21.3409
6 62 46 58 0.29284 4.76012 16.255
6 62 47 59 0.45143 5.21038 11.542
7 19 8 11 1.58778 6.36169 4.00667
7 19 9 12 0.735856 6.74264 9.16298
7 19 10 13 0.385621 5.45158 14.1372
7 19 11 14 0.282049 4.86476 17.248
7 19 12 15 0.256893 4.43088 17.248
7 19 13 16 0.380781 5.38317 14.1372
7 19 14 17 0.68017 6.23239 9.16298
7 19 15 18 2.39281 9.58722 4.00667
7 29 8 13 1.69951 6.2946 3.70377
7 29 9 14 0.78382 6.58743 8.40426
7 29 10 15 0.375762 5.19741 13.8317
7 29 11 16 0.241536 4.73495 19.6035
7 29 12 17 0.178152 4.49507 25.2317
7 29 13 18 0.140348 4.23281 30.1593
7 29 14 19 0.128371 4.34311 33.8325
7 29 15 20 0.124491 4.45649 35.7978
7 29 16 21 0.119111 4.26392 35.7978
7 29 17 22 0.129417 4.37852 33.8325
7 29 18 23 0.156045 4.7062 30.1593
7 29 19 24 0.191296 4.82671 25.2317
7 29 20 25 0.261957 5.13528 19.6035
7 29 21 26 0.406531 5.623 13.8317
7 29 22 27 0.778061 6.53902 8.40426
7 29 23 28 2.22004 8.22252 3.70377
7 63 10 22 0.445049 5.13674 11.542
7 63 11 23 0.289455 4.70509 16.255
7 63 12 24 0.212608 4.53725 21.3409
7 63 13 25 0.159862 4.27687 26.7536
7 63 14 26 0.131113 4.25327 32.4396
7 63 15 27 0.115264 4.41899 38.3381
7 63 16 28 0.0951747 4.22395 44.381
7 63 17 29 0.0841306 4.24803 50.4932
7 63 18 30 0.0736363 4.16733 56.5934
7 63 19 31 0.0647969 4.05594 62.5948
7 63 20 32 0.0603945 4.13138 68.4065
7 63 21 33 0.0561201 4.14929 73.9358
7 63 22 34 0.0527482 4.17181 79.0892
7 63 23 35 0.0494948 4.14647 83.7758
7 63 24 36 0.0472966 4.15781 87.9092
7 63 25 37 0.0458944 4.19523 91.4105
7 63 26 38 0.0438268 4.12895 94.2106
7 63 27 39 0.0431302 4.15141 96.2531
7 63 28 40 0.0428774 4.18037 97.4958
7 63 29 41 0.0421921 4.13115 97.913
7 63 30 42 0.0432792 4.21954 97.4958
7 63 31 43 0.0438231 4.21811 96.2531
7 63 32 44 0.0437825 4.12478 94.2106
7 63 33 45 0.0451772 4.12967 91.4105
7 63 34 46 0.0471618 4.14596 87.9092
7 63 35 47 0.0486016 4.07164 83.7758
7 63 36 48 0.0520909 4.11983 79.0892
7 63 37 49 0.0553727 4.09402 73.9358
7 63 38 50 0.059166 4.04734 68.4065
7 63 39 51 0.0656034 4.10643 62.5948
7 63 40 52 0.0724903 4.10247 56.5934
7 63 41 53 0.0831589 4.19896 50.4932
7 63 42 54 0.0950688 4.21925 44.381
7 63 43 55 0.108926 4.17603 38.3381
7 63 44 56 0.128093 4.15529 32.4396
7 63 45 57 0.163149 4.36481 26.7536
7 63 46 58 0.214607 4.57992 21.3409
7 63 47 59 0.300796 4.88944 16.255
7 63 48 60 0.483067 5.57554 11.542
8 20 9 12 2.01093 8.05712 4.00667
8 20 10 13 0.644175 5.90257 9.16298
8 20 11 14 0.357721 5.05716 14.1372
8 20 12 15 0.261175 4.50474 17.248
8 20 13 16 0.281812 4.86069 17.248
8 20 14 17 0.376735 5.32597 14.1372
8 20 15 18 0.764336 7.00359 9.16298
8 20 16 19 2.22804 8.92702 4.00667
8 30 9 14 2.11516 7.83407 3.70377
8 30 10 15 0.673106 5.65696 8.40426
8 30 11 16 0.358135 4.9536 13.8317
8 30 12 17 0.237007 4.64617 19.6035
8 30 13 18 0.170016 4.28979 25.2317
8 30 14 19 0.143961 4.34176 30.1593
8 30 15 20 0.132623 4.48696 33.8325
8 30 16 21 0.117987 4.22367 35.7978
8 30 17 22 0.119796 4.28842 35.7978
8 30 18 23 0.133029 4.50069 33.8325
8 30 19 24 0.150404 4.53609 30.1593
8 30 20 25 0.189821 4.78949 25.2317
8 30 21 26 0.260597 5.10861 19.6035
8 30 22 27 0.407954 5.64269 13.8317
8 30 23 28 0.798637 6.71195 8.40426
8 30 24 29 2.45178 9.08084 3.70377
8 64 11 23 0.42243 4.87566 11.542
8 64 12 24 0.285353 4.63842 16.255
8 64 13 25 0.202033 4.31158 21.3409
8 64 14 26 0.159408 4.26473 26.7536
8 64 15 27 0.136977 4.44347 32.4396
8 64 16 28 0.110119 4.22175 38.3381
8 64 17 29 0.0955596 4.24103 44.381
8 64 18 30 0.0821609 4.14857 50.4932
8 64 19 31 0.0711708 4.0278 56.5934
8 64 20 32 0.0655808 4.10501 62.5948
8 64 21 33 0.0602653 4.12254 68.4065
8 64 22 34 0.0560788 4.14623 73.9358
8 64 23 35 0.0520497 4.11657 79.0892
8 64 24 36 0.0492815 4.1286 83.7758
8 64 25 37 0.0474149 4.16821 87.9092
8 64 26 38 0.0449607 4.10988 91.4105
8 64 27 39 0.0439214 4.13787 94.2106
8 64 28 40 0.0433098 4.1687 96.2531
8 64 29 41 0.042269 4.12105 97.4958
8 64 30 42 0.0429929 4.20956 97.913
8 64 31 43 0.0431952 4.21135 97.4958
8 64 32 44 0.0428324 4.12275 96.2531
8 64 33 45 0.0438556 4.13166 94.2106
8 64 34 46 0.0453483 4.14531 91.4105
8 64 35 47 0.0462831 4.06872 87.9092
8 64 36 48 0.0491357 4.11638 83.7758
8 64 37 49 0.0517129 4.08993 79.0892
8 64 38 50 0.0548197 4.05314 73.9358
8 64 39 51 0.0600768 4.10965 68.4065
8 64 40 52 0.0654818 4.09882 62.5948
8 64 41 53 0.0739899 4.18734 56.5934
8 64 42 54 0.0829965 4.19076 50.4932
8 64 43 55 0.0933865 4.14459 44.381
8 64 44 56 0.107499 4.1213 38.3381
8 64 45 57 0.13208 4.28461 32.4396
8 64 46 58 0.166261 4.44808 26.7536
8 64 47 59 0.218897 4.67146 21.3409
8 64 48 60 0.317711 5.16439 16.255
8 64 49 61 0.477305 5.50903 11.542
9 21 10 13 1.49338 5.98348 4.00667
9 21 11 14 0.549989 5.03954 9.16298
9 21 12 15 0.316021 4.46765 14.1372
9 21 13 16 0.258813 4.464 17.248
9 21 14 17 0.275442 4.75081 17.248
9 21 15 18 0.422157 5.96811 14.1372
9 21 16 19 0.769716 7.05289 9.16298
9 21 17 20 1.77511 7.11227 4.00667
9 31 10 15 1.56476 5.7955 3.70377
9 31 11 16 0.584761 4.91449 8.40426
9 31 12 17 0.329338 4.55529 13.8317
9 31 13 18 0.211831 4.15264 19.6035
9 31 14 19 0.165709 4.18112 25.2317
9 31 15 20 0.145346 4.38354 30.1593
9 31 16 21 0.121344 4.10539 33.8325
9 31 17 22 0.116106 4.15635 35.7978
9 31 18 23 0.120118 4.29997 35.7978
9 31 19 24 0.12671 4.28691 33.8325
9 31 20 25 0.149451 4.50734 30.1593
9 31 21 26 0.187288 4.7256 25.2317
9 31 22 27 0.256767 5.03354 19.6035
9 31 23 28 0.409234 5.6604 13.8317
9 31 24 29 0.82667 6.94755 8.40426
9 31 25 30 2.46176 9.11781 3.70377
10 22 11 14 2.11315 8.46668 4.00667
10 22 12 15 0.697584 6.39195 9.16298
10 22 13 16 0.369431 5.22271 14.1372
10 22 14 17 0.285025 4.91611 17.248
10 22 15 18 0.333622 5.7543 17.248
10 22 16 19 0.449151 6.34973 14.1372
10 22 17 20 0.718124 6.58016 9.16298
10 22 18 21 2.33954 9.37376 4.00667
10 32 11 16 2.21579 8.2068 3.70377
10 32 12 17 0.7638 6.41917 8.40426
10 32 13 18 0.374112 5.1746 13.8317
10 32 14 19 0.245584 4.81432 19.6035
10 32 15 20 0.196341 4.95401 25.2317
10 32 16 21 0.147398 4.44543 30.1593
10 32 17 22 0.129559 4.3833 33.8325
10 32 18 23 0.121978 4.36655 35.7978
10 32 19 24 0.118108 4.22802 35.7978
10 32 20 25 0.12941 4.37827 33.8325
10 32 21 26 0.14873 4.4856 30.1593
10 32 22 27 0.182811 4.61262 25.2317
10 32 23 28 0.250586 4.91236 19.6035
10 32 24 29 0.399827 5.53027 13.8317
10 32 25 30 0.74062 6.22437 8.40426
10 32 26 31 1.70772 6.32499 3.70377
11 23 12 15 2.09225 8.38296 4.00667
11 23 13 16 0.676713 6.2007 9.16298
11 23 14 17 0.368014 5.20267 14.1372
11 23 15 18 0.327282 5.64494 17.248
11 23 16 19 0.318051 5.48573 17.248
11 23 17 20 0.381427 5.39229 14.1372
11 23 18 21 0.691575 6.33689 9.16298
11 23 19 22 1.87251 7.50252 4.00667
11 33 12 17 2.23201 8.26686 3.70377
11 33 13 18 0.733888 6.16779 8.40426
11 33 14 19 0.386045 5.33965 13.8317
11 33 15 20 0.278656 5.46264 19.6035
11 33 16 21 0.188072 4.74536 25.2317
11 33 17 22 0.152829 4.60921 30.1593
11 33 18 23 0.13196 4.46455 33.8325
11 33 19 24 0.118375 4.23755 35.7978
11 33 20 25 0.121597 4.3529 35.7978
11 33 21 26 0.130476 4.41432 33.8325
11 33 22 27 0.148346 4.47401 30.1593
11 33 23 28 0.184737 4.66122 25.2317
11 33 24 29 0.262008 5.13629 19.6035
11 33 25 30 0.409216 5.66014 13.8317
11 33 26 31 0.694613 5.83771 8.40426
11 33 27 32 1.71355 6.34659 3.70377
12 24 13 16 2.01066 8.05606 4.00667
12 24 14 17 0.649063 5.94735 9.16298
12 24 15 18 0.43964 6.21527 14.1372
12 24 16 19 0.319148 5.50466 17.248
12 24 17 20 0.305497 5.2692 17.248
12 24 18 21 0.398834 5.63838 14.1372
12 24 19 22 0.708373 6.49081 9.16298
12 24 20 23 2.45559 9.83875 4.00667
12 34 13 18 2.13321 7.90092 3.70377
12 34 14 19 0.717572 6.03066 8.40426
12 34 15 20 0.441932 6.11266 13.8317
12 34 16 21 0.261147 5.1194 19.6035
12 34 17 22 0.19407 4.89671 25.2317
12 34 18 23 0.152819 4.60893 30.1593
12 34 19 24 0.126164 4.26845 33.8325
12 34 20 25 0.121405 4.34603 35.7978
12 34 21 26 0.121869 4.36262 35.7978
12 34 22 27 0.129095 4.36762 33.8325
12 34 23 28 0.147726 4.45532 30.1593
12 34 24 29 0.192117 4.84743 25.2317
12 34 25 30 0.270006 5.29307 19.6035
12 34 26 31 0.401658 5.5556 13.8317
12 34 27 32 0.741373 6.23069 8.40426
12 34 28 33 2.41452 8.94284 3.70377
13 25 14 17 1.76014 7.05228 4.00667
13 25 15 18 0.79812 7.31315 9.16298
13 25 16 19 0.417939 5.90847 14.1372
13 25 17 20 0.31648 5.45863 17.248
13 25 18 21 0.301908 5.20729 17.248
13 25 19 22 0.385598 5.45127 14.1372
13 25 20 23 0.818224 7.49737 9.16298
13 25 21 24 2.24233 8.98426 4.00667
13 35 14 19 1.90292 7.04799 3.70377
13 35 15 20 0.852616 7.16561 8.40426
13 35 16 21 0.412323 5.70311 13.8317
13 35 17 22 0.273874 5.3689 19.6035
13 35 18 23 0.19331 4.87753 25.2317
13 35 19 24 0.145031 4.37404 30.1593
13 35 20 25 0.129031 4.36545 33.8325
13 35 21 26 0.119924 4.29299 35.7978
13 35 22 27 0.117233 4.19668 35.7978
13 35 23 28 0.121641 4.11544 33.8325
13 35 24 29 0.143242 4.32009 30.1593
13 35 25 30 0.179849 4.5379 25.2317
13 35 26 31 0.235906 4.6246 19.6035
13 35 27 32 0.353171 4.88495 13.8317
13 35 28 33 0.684244 5.75057 8.40426
13 35 29 34 1.743 6.45568 3.70377
14 26 15 18 2.07721 8.32268 4.00667
14 26 16 19 0.67357 6.17191 9.16298
14 26 17 20 0.404861 5.72358 14.1372
14 26 18 21 0.293234 5.05769 17.248
14 26 19 22 0.2774 4.78459 17.248
14 26 20 23 0.414356 5.85782 14.1372
14 26 21 24 0.70104 6.42362 9.16298
14 26 22 25 1.6925 6.78129 4.00667
14 36 15 20 2.1931 8.12276 3.70377
14 36 16 21 0.712199 5.9855 8.40426
14 36 17 22 0.408248 5.64675 13.8317
14 36 18 23 0.256283 5.02406 19.6035
14 36 19 24 0.17571 4.43346 25.2317
14 36 20 25 0.145755 4.39586 30.1593
14 36 21 26 0.127427 4.31118 33.8325
14 36 22 27 0.117275 4.19817 35.7978
14 36 23 28 0.113264 4.05461 35.7978
14 36 24 29 0.124604 4.21568 33.8325
14 36 25 30 0.145447 4.38657 30.1593
14 36 26 31 0.177228 4.47176 25.2317
14 36 27 32 0.240459 4.71384 19.6035
14 36 28 33 0.388252 5.37018 13.8317
14 36 29 34 0.745592 6.26615 8.40426
14 36 30 35 2.71733 10.0644 3.70377
15 27 16 19 1.53708 6.15857 4.00667
15 27 17 20 0.653639 5.98928 9.16298
15 27 18 21 0.362148 5.11975 14.1372
15 27 19 22 0.267542 4.61455 17.248
15 27 20 23 0.314057 5.41685 17.248
15 27 21 24 0.418779 5.92035 14.1372
15 27 22 25 0.702336 6.43549 9.16298
15 27 23 26 1.96925 7.89015 4.00667
15 37 16 21 1.62242 6.00907 3.70377
15 37 17 22 0.691773 5.81384 8.40426
15 37 18 23 0.364049 5.03541 13.8317
15 37 19 24 0.222934 4.37029 19.6035
15 37 20 25 0.170527 4.3027 25.2317
15 37 21 26 0.139505 4.20736 30.1593
15 37 22 27 0.120766 4.08581 33.8325
15 37 23 28 0.108271 3.87584 35.7978
15 37 24 29 0.110921 3.97072 35.7978
15 37 25 30 0.119854 4.05496 33.8325
15 37 26 31 0.135015 4.07197 30.1593
15 37 27 32 0.166174 4.19285 25.2317
15 37 28 33 0.228128 4.47211 19.6035
15 37 29 34 0.354675 4.90575 13.8317
15 37 30 35 0.782082 6.57282 8.40426
15 37 31 36 2.154 7.97793 3.70377
16 28 17 20 2.47832 9.92982 4.00667
16 28 18 21 0.767416 7.03182 9.16298
16 28 19 22 0.38409 5.42994 14.1372
16 28 20 23 0.319203 5.5056 17.248
16 28 21 24 0.325094 5.60721 17.248
16 28 22 25 0.419357 5.92852 14.1372
16 28 23 26 0.743048 6.80853 9.16298
16 28 24 27 2.31196 9.26324 4.00667
16 38 17 22 2.59015 9.59334 3.70377
16 38 18 23 0.824418 6.92862 8.40426
16 38 19 24 0.393963 5.44917 13.8317
16 38 20 25 0.256335 5.02508 19.6035
16 38 21 26 0.187918 4.7415 25.2317
16 38 22 27 0.14929 4.50248 30.1593
16 38 23 28 0.122157 4.13287 33.8325
16 38 24 29 0.116157 4.15816 35.7978
16 38 25 30 0.116746 4.17926 35.7978
16 38 26 31 0.123225 4.16901 33.8325
16 38 27 32 0.14178 4.27597 30.1593
16 38 28 33 0.17679 4.46072 25.2317
16 38 29 34 0.243717 4.77771 19.6035
16 38 30 35 0.426189 5.8949 13.8317
16 38 31 36 0.798126 6.70766 8.40426
16 38 32 37 2.08748 7.73156 3.70377
17 29 18 21 2.08347 8.34778 4.00667
17 29 19 22 0.668289 6.12352 9.16298
17 29 20 23 0.396102 5.59975 14.1372
17 29 21 24 0.309781 5.34309 17.248
17 29 22 25 0.310427 5.35422 17.248
17 29 23 26 0.389093 5.50067 14.1372
17 29 24 27 0.712903 6.53231 9.16298
17 29 25 28 2.10127 8.4191 4.00667
17 39 18 23 2.20451 8.16499 3.70377
17 39 19 24 0.72792 6.11763 8.40426
17 39 20 25 0.389407 5.38615 13.8317
17 39 21 26 0.254784 4.99466 19.6035
17 39 22 27 0.186564 4.70733 25.2317
17 39 23 28 0.140253 4.22993 30.1593
17 39 24 29 0.124458 4.21074 33.8325
17 39 25 30 0.116975 4.18743 35.7978
17 39 26 31 0.116136 4.15741 35.7978
17 39 27 32 0.125998 4.26283 33.8325
17 39 28 33 0.145319 4.38273 30.1593
17 39 29 34 0.18307 4.61916 25.2317
17 39 30 35 0.278661 5.46273 19.6035
17 39 31 36 0.434612 6.01141 13.8317
17 39 32 37 0.810793 6.81412 8.40426
17 39 33 38 1.82994 6.77767 3.70377
18 30 19 22 2.33245 9.34537 4.00667
18 30 20 23 0.749259 6.86544 9.16298
18 30 21 24 0.420213 5.94062 14.1372
18 30 22 25 0.323376 5.57758 17.248
18 30 23 26 0.298904 5.15548 17.248
18 30 24 27 0.395397 5.5898 14.1372
18 30 25 28 0.746026 6.83582 9.16298
18 30 26 29 2.33712 9.36408 4.00667
18 40 19 24 2.46919 9.14531 3.70377
18 40 20 25 0.795588 6.68633 8.40426
18 40 21 26 0.419346 5.80025 13.8317
18 40 22 27 0.271147 5.31544 19.6035
18 40 23 28 0.180986 4.56659 25.2317
18 40 24 29 0.14641 4.41562 30.1593
18 40 25 30 0.126327 4.27395 33.8325
18 40 26 31 0.116297 4.16316 35.7978
18 40 27 32 0.117914 4.22107 35.7978
18 40 28 33 0.125288 4.23881 33.8325
18 40 29 34 0.143917 4.34044 30.1593
18 40 30 35 0.194771 4.9144 25.2317
18 40 31 36 0.266755 5.22934 19.6035
18 40 32 37 0.415424 5.74601 13.8317
18 40 33 38 0.667675 5.61131 8.40426
18 40 34 39 2.03794 7.54808 3.70377
19 31 20 23 2.21655 8.881 4.00667
19 31 21 24 0.769814 7.05379 9.16298
19 31 22 25 0.44905 6.3483 14.1372
19 31 23 26 0.305699 5.27269 17.248
19 31 24 27 0.301159 5.19438 17.248
19 31 25 28 0.407015 5.75404 14.1372
19 31 26 29 0.777252 7.12194 9.16298
19 31 27 30 2.34736 9.40508 4.00667
19 41 20 25 2.33433 8.64581 3.70377
19 41 21 26 0.823573 6.92152 8.40426
19 41 22 27 0.448955 6.2098 13.8317
19 41 23 28 0.259239 5.082 19.6035
19 41 24 29 0.190472 4.80594 25.2317
19 41 25 30 0.149911 4.52122 30.1593
19 41 26 31 0.12767 4.31939 33.8325
19 41 27 32 0.121479 4.34868 35.7978
19 41 28 33 0.120032 4.29686 35.7978
19 41 29 34 0.127558 4.31559 33.8325
19 41 30 35 0.157611 4.75343 30.1593
19 41 31 36 0.19729 4.97795 25.2317
19 41 32 37 0.27621 5.4147 19.6035
19 41 33 38 0.383165 5.29982 13.8317
19 41 34 39 0.774329 6.50766 8.40426
19 41 35 40 2.55782 9.47358 3.70377
20 32 21 24 1.78208 7.14022 4.00667
20 32 22 25 0.727204 6.66336 9.16298
20 32 23 26 0.37273 5.26935 14.1372
20 32 24 27 0.286127 4.93511 17.248
20 32 25 28 0.28993 5.0007 17.248
20 32 26 29 0.393159 5.55815 14.1372
20 32 27 30 0.694149 6.36047 9.16298
20 32 28 31 1.59303 6.38275 4.00667
20 42 21 26 1.8932 7.01197 3.70377
20 42 22 27 0.769414 6.46635 8.40426
20 42 23 28 0.371465 5.13798 13.8317
20 42 24 29 0.246526 4.83278 19.6035
20 42 25 30 0.177956 4.49013 25.2317
20 42 26 31 0.140487 4.237 30.1593
20 42 27 32 0.125872 4.25856 33.8325
20 42 28 33 0.115948 4.15069 35.7978
20 42 29 34 0.113822 4.07458 35.7978
20 42 30 35 0.128248 4.33896 33.8325
20 42 31 36 0.146559 4.4201 30.1593
20 42 32 37 0.184834 4.66368 25.2317
20 42 33 38 0.227439 4.45861 19.6035
20 42 34 39 0.356217 4.92708 13.8317
20 42 35 40 0.738169 6.20376 8.40426
20 42 36 41 2.07423 7.68249 3.70377
21 33 22 25 2.38227 9.54496 4.00667
21 33 23 26 0.694252 6.36141 9.16298
21 33 24 27 0.393115 5.55754 14.1372
21 33 25 28 0.295042 5.08887 17.248
21 33 26 29 0.301972 5.20839 17.248
21 33 27 30 0.409359 5.78718 14.1372
21 33 28 31 0.643465 5.89606 9.16298
21 33 29 32 1.58686 6.35803 4.00667
21 43 22 27 2.49046 9.22411 3.70377
21 43 23 28 0.737197 6.1956 8.40426
21 43 24 29 0.400862 5.5446 13.8317
21 43 25 30 0.25086 4.91774 19.6035
21 43 26 31 0.177303 4.47364 25.2317
21 43 27 32 0.14749 4.44819 30.1593
21 43 28 33 0.126187 4.26921 33.8325
21 43 29 34 0.114491 4.09852 35.7978
21 43 30 35 0.118736 4.25049 35.7978
21 43 31 36 0.125636 4.25059 33.8325
21 43 32 37 0.145449 4.38665 30.1593
21 43 33 38 0.163967 4.13717 25.2317
21 43 34 39 0.217719 4.26806 19.6035
21 43 35 40 0.345208 4.7748 13.8317
21 43 36 41 0.617776 5.19195 8.40426
21 43 37 42 2.08998 7.7408 3.70377
22 34 23 26 1.8871 7.561 4.00667
22 34 24 27 0.713963 6.54203 9.16298
22 34 25 28 0.391746 5.53818 14.1372
22 34 26 29 0.298401 5.14681 17.248
22 34 27 30 0.320234 5.52338 17.248
22 34 28 31 0.399369 5.64595 14.1372
22 34 29 32 0.680336 6.23391 9.16298
22 34 30 33 2.28465 9.15384 4.00667
22 44 23 28 1.98989 7.37011 3.70377
22 44 24 29 0.770321 6.47397 8.40426
22 44 25 30 0.398463 5.51142 13.8317
22 44 26 31 0.245587 4.81437 19.6035
22 44 27 32 0.188326 4.75178 25.2317
22 44 28 33 0.14968 4.51425 30.1593
22 44 29 34 0.126118 4.26689 33.8325
22 44 30 35 0.121981 4.36665 35.7978
22 44 31 36 0.121431 4.34697 35.7978
22 44 32 37 0.132122 4.47002 33.8325
22 44 33 38 0.140958 4.2512 30.1593
22 44 34 39 0.172086 4.34203 25.2317
22 44 35 40 0.241429 4.73285 19.6035
22 44 36 41 0.366773 5.07308 13.8317
22 44 37 42 0.815041 6.84982 8.40426
22 44 38 43 2.28012 8.44505 3.70377
23 35 24 27 2.4 9.616 4.00667
23 35 25 28 0.785072 7.1936 9.16298
23 35 26 29 0.398351 5.63156 14.1372
23 35 27 30 0.317709 5.47983 17.248
23 35 28 31 0.296918 5.12122 17.248
23 35 29 32 0.353102 4.99187 14.1372
23 35 30 33 0.635682 5.82474 9.16298
23 35 31 34 1.64657 6.59727 4.00667
23 45 24 29 2.53618 9.39345 3.70377
23 45 25 30 0.853224 7.17071 8.40426
23 45 26 31 0.408717 5.65324 13.8317
23 45 27 32 0.276678 5.42387 19.6035
23 45 28 33 0.198921 5.01911 25.2317
23 45 29 34 0.152202 4.59031 30.1593
23 45 30 35 0.134768 4.55953 33.8325
23 45 31 36 0.124291 4.44934 35.7978
23 45 32 37 0.125445 4.49065 35.7978
23 45 33 38 0.125838 4.25743 33.8325
23 45 34 39 0.141251 4.26004 30.1593
23 45 35 40 0.1776 4.48116 25.2317
23 45 36 41 0.240333 4.71138 19.6035
23 45 37 42 0.426812 5.90352 13.8317
23 45 38 43 0.808719 6.79669 8.40426
23 45 39 44 2.05083 7.59581 3.70377
24 36 25 28 2.20295 8.82648 4.00667
24 36 26 29 0.682423 6.25302 9.16298
24 36 27 30 0.419849 5.93547 14.1372
24 36 28 31 0.313154 5.40126 17.248
24 36 29 32 0.289778 4.99807 17.248
24 36 30 33 0.38507 5.4438 14.1372
24 36 31 34 0.70207 6.43305 9.16298
24 36 32 35 2.61895 10.4933 4.00667
24 46 25 30 2.33805 8.65959 3.70377
24 46 26 31 0.739146 6.21198 8.40426
24 46 27 32 0.425539 5.88592 13.8317
24 46 28 33 0.274431 5.37981 19.6035
24 46 29 34 0.190353 4.80293 25.2317
24 46 30 35 0.154831 4.66958 30.1593
24 46 31 36 0.13273 4.4906 33.8325
24 46 32 37 0.12454 4.45826 35.7978
24 46 33 38 0.117763 4.21564 35.7978
24 46 34 39 0.122444 4.14259 33.8325
24 46 35 40 0.139188 4.19781 30.1593
24 46 36 41 0.171009 4.31485 25.2317
24 46 37 42 0.257808 5.05396 19.6035
24 46 38 43 0.399613 5.52732 13.8317
24 46 39 44 0.678165 5.69947 8.40426
24 46 40 45 2.30858 8.55045 3.70377
25 37 26 29 1.67294 6.70294 4.00667
25 37 27 30 0.700802 6.42144 9.16298
25 37 28 31 0.406806 5.75108 14.1372
25 37 29 32 0.286633 4.94383 17.248
25 37 30 33 0.276808 4.77437 17.248
25 37 31 34 0.359922 5.08828 14.1372
25 37 32 35 0.749454 6.86723 9.16298
25 37 33 36 2.05905 8.24995 4.00667
25 47 26 31 1.79439 6.64603 3.70377
25 47 27 32 0.757265 6.36425 8.40426
25 47 28 33 0.419304 5.79967 13.8317
25 47 29 34 0.25813 5.06025 19.6035
25 47 30 35 0.191755 4.8383 25.2317
25 47 31 36 0.152382 4.59573 30.1593
25 47 32 37 0.132984 4.49918 33.8325
25 47 33 38 0.1189 4.25637 35.7978
25 47 34 39 0.115596 4.13806 35.7978
25 47 35 40 0.120629 4.08119 33.8325
25 47 36 41 0.137303 4.14096 30.1593
25 47 37 42 0.184433 4.65355 25.2317
25 47 38 43 0.25404 4.98007 19.6035
25 47 39 44 0.356584 4.93216 13.8317
25 47 40 45 0.727295 6.11238 8.40426
25 47 41 46 2.18911 8.10797 3.70377
26 38 27 30 1.99689 8.00089 4.00667
26 38 28 31 0.757458 6.94057 9.16298
26 38 29 32 0.393521 5.56327 14.1372
26 38 30 33 0.292968 5.05309 17.248
26 38 31 34 0.292419 5.04364 17.248
26 38 32 35 0.431519 6.10045 14.1372
26 38 33 36 0.755585 6.9234 9.16298
26 38 34 37 1.97816 7.92585 4.00667
26 48 27 32 2.11615 7.83775 3.70377
26 48 28 33 0.81175 6.82216 8.40426
26 48 29 34 0.402686 5.56982 13.8317
26 48 30 35 0.26297 5.15515 19.6035
26 48 31 36 0.189854 4.79033 25.2317
26 48 32 37 0.152048 4.58567 30.1593
26 48 33 38 0.127918 4.32779 33.8325
26 48 34 39 0.116237 4.16101 35.7978
26 48 35 40 0.111435 3.98912 35.7978
26 48 36 41 0.118208 3.99927 33.8325
26 48 37 42 0.143827 4.33772 30.1593
26 48 38 43 0.181698 4.58456 25.2317
26 48 39 44 0.227299 4.45587 19.6035
26 48 40 45 0.362022 5.00737 13.8317
26 48 41 46 0.712743 5.99008 8.40426
26 48 42 47 2.11492 7.83318 3.70377
27 39 28 31 2.33337 9.34905 4.00667
27 39 29 32 0.724791 6.64124 9.16298
27 39 30 33 0.398777 5.63758 14.1372
27 39 31 34 0.30083 5.18871 17.248
27 39 32 35 0.328809 5.67129 17.248
27 39 33 36 0.435634 6.15863 14.1372
27 39 34 37 0.761759 6.97998 9.16298
27 39 35 38 1.68204 6.73937 4.00667
27 49 28 33 2.4511 9.07833 3.70377
27 49 29 34 0.775374 6.51645 8.40426
27 49 30 35 0.412935 5.71159 13.8317
27 49 31 36 0.261058 5.11767 19.6035
27 49 32 37 0.188008 4.74375 25.2317
27 49 33 38 0.147804 4.45766 30.1593
27 49 34 39 0.125568 4.24828 33.8325
27 49 35 40 0.110768 3.96526 35.7978
27 49 36 41 0.110067 3.94015 35.7978
27 49 37 42 0.122739 4.15257 33.8325
27 49 38 43 0.14453 4.35892 30.1593
27 49 39 44 0.166352 4.19735 25.2317
27 49 40 45 0.226148 4.4333 19.6035
27 49 41 46 0.355149 4.91231 13.8317
27 49 42 47 0.661957 5.56326 8.40426
27 49 43 48 1.99367 7.3841 3.70377
28 40 29 32 2.102 8.42202 4.00667
28 40 30 33 0.744538 6.82219 9.16298
28 40 31 34 0.403999 5.7114 14.1372
28 40 32 35 0.316404 5.45732 17.248
28 40 33 36 0.319821 5.51626 17.248
28 40 34 37 0.419252 5.92704 14.1372
28 40 35 38 0.59825 5.48175 9.16298
28 40 36 39 1.90662 7.63921 4.00667
28 50 29 34 2.21607 8.20782 3.70377
28 50 30 35 0.81013 6.80855 8.40426
28 50 31 36 0.418524 5.78889 13.8317
28 50 32 37 0.261219 5.12082 19.6035
28 50 33 38 0.189325 4.77699 25.2317
28 50 34 39 0.149694 4.51468 30.1593
28 50 35 40 0.121357 4.10583 33.8325
28 50 36 41 0.11329 4.05555 35.7978
28 50 37 42 0.117 4.18833 35.7978
28 50 38 43 0.130481 4.41451 33.8325
28 50 39 44 0.141899 4.27957 30.1593
28 50 40 45 0.176026 4.44144 25.2317
28 50 41 46 0.246699 4.83617 19.6035
28 50 42 47 0.377086 5.21573 13.8317
28 50 43 48 0.760107 6.38814 8.40426
28 50 44 49 2.10032 7.7791 3.70377
29 41 30 33 2.34018 9.37631 4.00667
29 41 31 34 0.769293 7.04902 9.16298
29 41 32 35 0.41376 5.8494 14.1372
29 41 33 36 0.324479 5.59659 17.248
29 41 34 37 0.333906 5.7592 17.248
29 41 35 38 0.36293 5.1308 14.1372
29 41 36 39 0.707641 6.48409 9.16298
29 41 37 40 2.4271 9.72459 4.00667
29 51 30 35 2.47527 9.16782 3.70377
29 51 31 36 0.834677 7.01484 8.40426
29 51 32 37 0.409919 5.66987 13.8317
29 51 33 38 0.265843 5.21147 19.6035
29 51 34 39 0.192825 4.86529 25.2317
29 51 35 40 0.141402 4.2646 30.1593
29 51 36 41 0.122935 4.15921 33.8325
29 51 37 42 0.116273 4.16233 35.7978
29 51 38 43 0.122046 4.36896 35.7978
29 51 39 44 0.125143 4.23392 33.8325
29 51 40 45 0.142506 4.29788 30.1593
29 51 41 46 0.182011 4.59245 25.2317
29 51 42 47 0.243689 4.77718 19.6035
29 51 43 48 0.401495 5.55335 13.8317
29 51 44 49 0.762596 6.40906 8.40426
29 51 45 50 1.8747 6.94346 3.70377
30 42 31 34 2.30939 9.25297 4.00667
30 42 32 35 0.698059 6.3963 9.16298
30 42 33 36 0.410049 5.79693 14.1372
30 42 34 37 0.324251 5.59267 17.248
30 42 35 38 0.261676 4.51338 17.248
30 42 36 39 0.346582 4.89969 14.1372
30 42 37 40 0.683769 6.26536 9.16298
30 42 38 41 1.98409 7.94961 4.00667
30 52 31 36 2.44855 9.06887 3.70377
30 52 32 37 0.748583 6.29128 8.40426
30 52 33 38 0.411752 5.69522 13.8317
30 52 34 39 0.26982 5.28943 19.6035
30 52 35 40 0.176881 4.46301 25.2317
30 52 36 41 0.142862 4.3086 30.1593
30 52 37 42 0.123214 4.16864 33.8325
30 52 38 43 0.121781 4.3595 35.7978
30 52 39 44 0.117942 4.22206 35.7978
30 52 40 45 0.124248 4.20363 33.8325
30 52 41 46 0.146446 4.4167 30.1593
30 52 42 47 0.17692 4.464 25.2317
30 52 43 48 0.254476 4.98864 19.6035
30 52 44 49 0.403083 5.57532 13.8317
30 52 45 50 0.695271 5.84324 8.40426
30 52 46 51 2.4413 9.04203 3.70377
31 43 32 35 1.6117 6.45755 4.00667
31 43 33 36 0.65254 5.97921 9.16298
31 43 34 37 0.410843 5.80815 14.1372
31 43 35 38 0.257778 4.44615 17.248
31 43 36 39 0.253665 4.3752 17.248
31 43 37 40 0.334628 4.73068 14.1372
31 43 38 41 0.584175 5.35278 9.16298
31 43 39 42 2.01157 8.0597 4.00667
31 53 32 37 1.71932 6.36799 3.70377
31 53 33 38 0.699477 5.87859 8.40426
31 53 34 39 0.402791 5.57128 13.8317
31 53 35 40 0.233147 4.5705 19.6035
31 53 36 41 0.174427 4.40108 25.2317
31 53 37 42 0.137137 4.13594 30.1593
31 53 38 43 0.127404 4.31041 33.8325
31 53 39 44 0.116615 4.17456 35.7978
31 53 40 45 0.113989 4.08054 35.7978
31 53 41 46 0.124654 4.21737 33.8325
31 53 42 47 0.137118 4.13539 30.1593
31 53 43 48 0.176447 4.45206 25.2317
31 53 44 49 0.245423 4.81116 19.6035
31 53 45 50 0.346145 4.78776 13.8317
31 53 46 51 0.721382 6.06268 8.40426
31 53 47 52 2.00473 7.42508 3.70377
32 44 33 36 1.61697 6.47867 4.00667
32 44 34 37 0.716352 6.56392 9.16298
32 44 35 38 0.339988 4.80646 14.1372
32 44 36 39 0.268018 4.62276 17.248
32 44 37 40 0.267775 4.61857 17.248
32 44 38 41 0.366674 5.18373 14.1372
32 44 39 42 0.782249 7.16773 9.16298
32 44 40 43 2.16536 8.6759 4.00667
32 54 33 38 1.71987 6.37001 3.70377
32 54 34 39 0.743215 6.24617 8.40426
32 54 35 40 0.349093 4.82854 13.8317
32 54 36 41 0.236131 4.629 19.6035
32 54 37 42 0.166102 4.19103 25.2317
32 54 38 43 0.143947 4.34133 30.1593
32 54 39 44 0.124344 4.20688 33.8325
32 54 40 45 0.113188 4.05187 35.7978
32 54 41 46 0.115669 4.14069 35.7978
32 54 42 47 0.117442 3.97334 33.8325
32 54 43 48 0.138513 4.17747 30.1593
32 54 44 49 0.176362 4.44991 25.2317
32 54 45 50 0.221144 4.3352 19.6035
32 54 46 51 0.361269 4.99696 13.8317
32 54 47 52 0.683383 5.74333 8.40426
32 54 48 53 2.14631 7.94943 3.70377
33 45 34 37 2.3471 9.40407 4.00667
33 45 35 38 0.629975 5.77245 9.16298
33 45 36 39 0.372894 5.27167 14.1372
33 45 37 40 0.265362 4.57695 17.248
33 45 38 41 0.283625 4.89196 17.248
33 45 39 42 0.436637 6.17281 14.1372
33 45 40 43 0.756133 6.92843 9.16298
33 45 41 44 1.93739 7.76247 4.00667
33 55 34 39 2.43032 9.00135 3.70377
33 55 35 40 0.681681 5.72903 8.40426
33 55 36 41 0.384898 5.32378 13.8317
33 55 37 42 0.228979 4.48881 19.6035
33 55 38 43 0.180618 4.5573 25.2317
33 55 39 44 0.145444 4.38649 30.1593
33 55 40 45 0.122764 4.15342 33.8325
33 55 41 46 0.117286 4.19858 35.7978
33 55 42 47 0.110503 3.95577 35.7978
33 55 43 48 0.121048 4.09535 33.8325
33 55 44 49 0.143967 4.34196 30.1593
33 55 45 50 0.166334 4.19689 25.2317
33 55 46 51 0.233638 4.58013 19.6035
33 55 47 52 0.359233 4.96879 13.8317
33 55 48 53 0.716593 6.02243 8.40426
33 55 49 54 2.00702 7.43355 3.70377
34 46 35 38 1.62671 6.51771 4.00667
34 46 36 39 0.682761 6.25612 9.16298
34 46 37 40 0.341936 4.834 14.1372
34 46 38 41 0.280253 4.83379 17.248
34 46 39 42 0.317085 5.46907 17.248
34 46 40 43 0.397232 5.61573 14.1372
34 46 41 44 0.630989 5.78174 9.16298
34 46 42 45 2.17658 8.72084 4.00667
34 56 35 40 1.73851 6.43905 3.70377
34 56 36 41 0.741479 6.23158 8.40426
34 56 37 42 0.356004 4.92412 13.8317
34 56 38 43 0.249567 4.89239 19.6035
34 56 39 44 0.185196 4.67281 25.2317
34 56 40 45 0.1439 4.33992 30.1593
34 56 41 46 0.128376 4.34329 33.8325
34 56 42 47 0.112217 4.01713 35.7978
34 56 43 48 0.114688 4.10559 35.7978
34 56 44 49 0.128873 4.3601 33.8325
34 56 45 50 0.139929 4.22016 30.1593
34 56 46 51 0.178568 4.50556 25.2317
34 56 47 52 0.245279 4.80834 19.6035
34 56 48 53 0.400583 5.54074 13.8317
34 56 49 54 0.772392 6.49138 8.40426
34 56 50 55 1.93963 7.18393 3.70377
35 47 36 39 2.57275 10.3082 4.00667
35 47 37 40 0.710339 6.50882 9.16298
35 47 38 41 0.40671 5.74972 14.1372
35 47 39 42 0.333419 5.75081 17.248
35 47 40 43 0.310275 5.35161 17.248
35 47 41 44 0.361458 5.11 14.1372
35 47 42 45 0.665703 6.09982 9.16298
35 47 43 46 2.06461 8.27222 4.00667
35 57 36 41 2.70989 10.0368 3.70377
35 57 37 42 0.778441 6.54222 8.40426
35 57 38 43 0.428948 5.93307 13.8317
35 57 39 44 0.277633 5.44258 19.6035
35 57 40 45 0.19151 4.83212 25.2317
35 57 41 46 0.155821 4.69946 30.1593
35 57 42 47 0.123621 4.1824 33.8325
35 57 43 48 0.115936 4.15025 35.7978
35 57 44 49 0.121936 4.36502 35.7978
35 57 45 50 0.123777 4.18768 33.8325
35 57 46 51 0.143943 4.34123 30.1593
35 57 47 52 0.179805 4.53678 25.2317
35 57 48 53 0.255915 5.01684 19.6035
35 57 49 54 0.406769 5.6263 13.8317
35 57 50 55 0.712373 5.98697 8.40426
35 57 51 56 1.81744 6.73139 3.70377
36 48 37 40 2.00817 8.04609 4.00667
36 48 38 41 0.726479 6.65671 9.16298
36 48 39 42 0.43746 6.18444 14.1372
36 48 40 43 0.311824 5.37833 17.248
36 48 41 44 0.283389 4.88787 17.248
36 48 42 45 0.348985 4.93366 14.1372
36 48 43 46 0.654146 5.99393 9.16298
36 48 44 47 2.03148 8.13945 4.00667
36 58 37 42 2.14333 7.9384 3.70377
36 58 38 43 0.799368 6.7181 8.40426
36 58 39 44 0.43226 5.97888 13.8317
36 58 40 45 0.262666 5.14919 19.6035
36 58 41 46 0.195181 4.92475 25.2317
36 58 42 47 0.141102 4.25553 30.1593
36 58 43 48 0.122112 4.13137 33.8325
36 58 44 49 0.121017 4.33213 35.7978
36 58 45 50 0.115599 4.13818 35.7978
36 58 46 51 0.124049 4.19689 33.8325
36 58 47 52 0.143026 4.31356 30.1593
36 58 48 53 0.183295 4.62483 25.2317
36 58 49 54 0.256211 5.02264 19.6035
36 58 50 55 0.378992 5.24209 13.8317
36 58 51 56 0.666704 5.60315 8.40426
36 58 52 57 2.22942 8.25727 3.70377
37 49 38 41 1.93883 7.76827 4.00667
37 49 39 42 0.763207 6.99325 9.16298
37 49 40 43 0.411767 5.82122 14.1372
37 49 41 44 0.298843 5.15443 17.248
37 49 42 45 0.261909 4.51739 17.248
37 49 43 46 0.342387 4.84038 14.1372
37 49 44 47 0.633424 5.80405 9.16298
37 49 45 48 1.9054 7.6343 4.00667
37 59 38 43 2.08395 7.71849 3.70377
37 59 39 44 0.804987 6.76532 8.40426
37 59 40 45 0.40847 5.64982 13.8317
37 59 41 46 0.272123 5.33457 19.6035
37 59 42 47 0.177192 4.47086 25.2317
37 59 43 48 0.139827 4.21707 30.1593
37 59 44 49 0.130145 4.40312 33.8325
37 59 45 50 0.116886 4.18424 35.7978
37 59 46 51 0.11618 4.15898 35.7978
37 59 47 52 0.124622 4.21627 33.8325
37 59 48 53 0.146369 4.41438 30.1593
37 59 49 54 0.185803 4.68812 25.2317
37 59 50 55 0.246936 4.84083 19.6035
37 59 51 56 0.35902 4.96584 13.8317
37 59 52 57 0.761354 6.39861 8.40426
37 59 53 58 2.18349 8.08715 3.70377
38 50 39 42 1.7489 7.00727 4.00667
38 50 40 43 0.641082 5.87422 9.16298
38 50 41 44 0.378803 5.3552 14.1372
38 50 42 45 0.25916 4.46998 17.248
38 50 43 46 0.266099 4.58967 17.248
38 50 44 47 0.37939 5.3635 14.1372
38 50 45 48 0.718265 6.58145 9.16298
38 50 46 49 1.98391 7.94888 4.00667
38 60 39 44 1.83542 6.79798 3.70377
38 60 40 45 0.668508 5.61831 8.40426
38 60 41 46 0.384821 5.32272 13.8317
38 60 42 47 0.223136 4.37426 19.6035
38 60 43 48 0.161037 4.06323 25.2317
38 60 44 49 0.141469 4.26661 30.1593
38 60 45 50 0.120277 4.06928 33.8325
38 60 46 51 0.111694 3.99838 35.7978
38 60 47 52 0.112327 4.02105 35.7978
38 60 48 53 0.12228 4.13703 33.8325
38 60 49 54 0.142981 4.31221 30.1593
38 60 50 55 0.175064 4.41716 25.2317
38 60 51 56 0.224659 4.40411 19.6035
38 60 52 57 0.374812 5.18427 13.8317
38 60 53 58 0.730512 6.13942 8.40426
38 60 54 59 2.19165 8.11738 3.70377
39 51 40 43 1.97866 7.92782 4.00667
39 51 41 44 0.732677 6.71351 9.16298
39 51 42 45 0.346439 4.89766 14.1372
39 51 43 46 0.258194 4.45332 17.248
39 51 44 47 0.288242 4.97158 17.248
39 51 45 48 0.40196 5.68257 14.1372
39 51 46 49 0.706902 6.47732 9.16298
39 51 47 50 1.7564 7.0373 4.00667
39 61 40 45 2.0581 7.62274 3.70377
39 61 41 46 0.780901 6.5629 8.40426
39 61 42 47 0.354004 4.89647 13.8317
39 61 43 48 0.216614 4.24641 19.6035
39 61 44 49 0.174649 4.4067 25.2317
39 61 45 50 0.138038 4.16312 30.1593
39 61 46 51 0.118529 4.01013 33.8325
39 61 47 52 0.111238 3.98207 35.7978
39 61 48 53 0.112412 4.02408 35.7978
39 61 49 54 0.121947 4.12578 33.8325
39 61 50 55 0.139255 4.19984 30.1593
39 61 51 56 0.162376 4.09703 25.2317
39 61 52 57 0.22937 4.49646 19.6035
39 61 53 58 0.353968 4.89596 13.8317
39 61 54 59 0.666195 5.59888 8.40426
39 61 55 60 1.94535 7.20514 3.70377
40 52 41 44 2.45579 9.83952 4.00667
40 52 42 45 0.682544 6.25414 9.16298
40 52 43 46 0.341169 4.82316 14.1372
40 52 44 47 0.292493 5.04491 17.248
40 52 45 48 0.305319 5.26613 17.248
40 52 46 49 0.395392 5.58972 14.1372
40 52 47 50 0.64044 5.86834 9.16298
40 52 48 51 2.31602 9.27953 4.00667
40 62 41 46 2.57003 9.51881 3.70377
40 62 42 47 0.738501 6.20656 8.40426
40 62 43 48 0.34797 4.81301 13.8317
40 62 44 49 0.249015 4.88157 19.6035
40 62 45 50 0.179534 4.52994 25.2317
40 62 46 51 0.140711 4.24373 30.1593
40 62 47 52 0.122709 4.15156 33.8325
40 62 48 53 0.115434 4.13228 35.7978
40 62 49 54 0.117233 4.19668 35.7978
40 62 50 55 0.126934 4.29451 33.8325
40 62 51 56 0.138772 4.18527 30.1593
40 62 52 57 0.178731 4.50969 25.2317
40 62 53 58 0.246164 4.82568 19.6035
40 62 54 59 0.386303 5.34321 13.8317
40 62 55 60 0.778966 6.54663 8.40426
40 62 56 61 2.0228 7.49199 3.70377
41 53 42 45 1.9455 7.79496 4.00667
41 53 43 46 0.568429 5.20851 9.16298
41 53 44 47 0.369355 5.22163 14.1372
41 53 45 48 0.292701 5.04849 17.248
41 53 46 49 0.284099 4.90013 17.248
41 53 47 50 0.337623 4.77304 14.1372
41 53 48 51 0.664951 6.09293 9.16298
41 53 49 52 1.88934 7.56996 4.00667
41 63 42 47 2.06142 7.63504 3.70377
41 63 43 48 0.619777 5.20877 8.40426
41 63 44 49 0.37524 5.1902 13.8317
41 63 45 50 0.24274 4.75857 19.6035
41 63 46 51 0.172507 4.35265 25.2317
41 63 47 52 0.139318 4.20173 30.1593
41 63 48 53 0.121799 4.12075 33.8325
41 63 49 54 0.115673 4.14082 35.7978
41 63 50 55 0.11874 4.25063 35.7978
41 63 51 56 0.122033 4.12868 33.8325
41 63 52 57 0.144668 4.36308 30.1593
41 63 53 58 0.181651 4.58337 25.2317
41 63 54 59 0.252472 4.94934 19.6035
41 63 55 60 0.421222 5.82621 13.8317
41 63 56 61 0.763394 6.41576 8.40426
41 63 57 62 1.86724 6.91583 3.70377
42 54 43 46 1.94664 7.79956 4.00667
42 54 44 47 0.75856 6.95067 9.16298
42 54 45 48 0.423631 5.98894 14.1372
42 54 46 49 0.298069 5.14108 17.248
42 54 47 50 0.266931 4.60402 17.248
42 54 48 51 0.355314 5.02313 14.1372
42 54 49 52 0.633438 5.80418 9.16298
42 54 50 53 2.06415 8.27038 4.00667
42 64 43 48 2.07241 7.67573 3.70377
42 64 44 49 0.817111 6.86721 8.40426
42 64 45 50 0.42468 5.87403 13.8317
42 64 46 51 0.255844 5.01544 19.6035
42 64 47 52 0.183844 4.6387 25.2317
42 64 48 53 0.145461 4.387 30.1593
42 64 49 54 0.126805 4.29013 33.8325
42 64 50 55 0.122153 4.3728 35.7978
42 64 51 56 0.117254 4.19742 35.7978
42 64 52 57 0.127984 4.33002 33.8325
42 64 53 58 0.147394 4.4453 30.1593
42 64 54 59 0.185912 4.69088 25.2317
42 64 55 60 0.273702 5.36553 19.6035
42 64 56 61 0.419781 5.80627 13.8317
42 64 57 62 0.727248 6.11198 8.40426
42 64 58 63 2.26374 8.3844 3.70377
43 55 44 47 2.15755 8.64457 4.00667
43 55 45 48 0.758244 6.94777 9.16298
43 55 46 49 0.392314 5.54621 14.1372
43 55 47 50 0.275573 4.75307 17.248
43 55 48 51 0.270604 4.66738 17.248
43 55 49 52 0.350045 4.94865 14.1372
43 55 50 53 0.685054 6.27713 9.16298
43 55 51 54 1.9106 7.65513 4.00667
44 56 45 48 1.96294 7.86484 4.00667
44 56 46 49 0.641333 5.87652 9.16298
44 56 47 50 0.346091 4.89275 14.1372
44 56 48 51 0.264182 4.55659 17.248
44 56 49 52 0.269838 4.65416 17.248
44 56 50 53 0.402213 5.68616 14.1372
44 56 51 54 0.726264 6.65474 9.16298
44 56 52 55 1.82348 7.30607 4.00667
45 57 46 49 2.22009 8.89516 4.00667
45 57 47 50 0.675483 6.18943 9.16298
45 57 48 51 0.353996 5.0045 14.1372
45 57 49 52 0.265002 4.57075 17.248
45 57 50 53 0.302656 5.2202 17.248
45 57 51 54 0.405917 5.73851 14.1372
45 57 52 55 0.658841 6.03694 9.16298
45 57 53 56 1.69038 6.77279 4.00667
46 58 47 50 2.06829 8.28694 4.00667
46 58 48 51 0.653104 5.98438 9.16298
46 58 49 52 0.342293 4.83905 14.1372
46 58 50 53 0.297893 5.13804 17.248
46 58 51 54 0.304468 5.25145 17.248
46 58 52 55 0.373589 5.28149 14.1372
46 58 53 56 0.606877 5.5608 9.16298
46 58 54 57 2.10145 8.4198 4.00667
47 59 48 51 2.00087 8.01681 4.00667
47 59 49 52 0.610158 5.59086 9.16298
47 59 50 53 0.387503 5.47819 14.1372
47 59 51 54 0.302824 5.22309 17.248
47 59 52 55 0.289457 4.99255 17.248
47 59 53 56 0.34481 4.87463 14.1372
47 59 54 57 0.698427 6.39967 9.16298
47 59 55 58 2.07762 8.32434 4.00667
48 60 49 52 1.86032 7.45367 4.00667
48 60 50 53 0.717514 6.57456 9.16298
48 60 51 54 0.406644 5.7488 14.1372
48 60 52 55 0.295493 5.09665 17.248
48 60 53 56 0.261526 4.5108 17.248
48 60 54 57 0.362139 5.11961 14.1372
48 60 55 58 0.686618 6.29147 9.16298
48 60 56 59 2.10735 8.44346 4.00667
49 61 50 53 1.98825 7.96627 4.00667
49 61 51 54 0.717384 6.57338 9.16298
49 61 52 55 0.393199 5.55872 14.1372
49 61 53 56 0.263397 4.54307 17.248
49 61 54 57 0.261646 4.51287 17.248
49 61 55 58 0.353032 4.99087 14.1372
49 61 56 59 0.637644 5.84272 9.16298
49 61 57 60 1.84799 7.4043 4.00667
50 62 51 54 1.79623 7.1969 4.00667
50 62 52 55 0.658883 6.03733 9.16298
50 62 53 56 0.334989 4.73579 14.1372
50 62 54 57 0.258981 4.4669 17.248
50 62 55 58 0.278597 4.80523 17.248
50 62 56 59 0.389704 5.50932 14.1372
50 62 57 60 0.7308 6.69631 9.16298
50 62 58 61 1.90367 7.62738 4.00667
51 63 52 55 2.3443 9.39285 4.00667
51 63 53 56 0.664523 6.08901 9.16298
51 63 54 57 0.352332 4.98098 14.1372
51 63 55 58 0.280049 4.83028 17.248
51 63 56 59 0.30295 5.22526 17.248
51 63 57 60 0.419568 5.93151 14.1372
51 63 58 61 0.70755 6.48327 9.16298
51 63 59 62 1.74676 6.99868 4.00667
52 64 53 56 1.88395 7.54838 4.00667
52 64 54 57 0.627878 5.75323 9.16298
52 64 55 58 0.357856 5.05907 14.1372
52 64 56 59 0.300448 5.18212 17.248
52 64 57 60 0.318229 5.4888 17.248
52 64 58 61 0.409781 5.79315 14.1372
52 64 59 62 0.66856 6.126 9.16298
52 64 60 63 2.12591 8.51781 4.00667
