64
# x y z
0.0 0.0 0.0
0.5 0.0 0.0
1.0 0.0 0.0
1.5 0.0 0.0
2.0 0.0 0.0
2.5 0.0 0.0
3.0 0.0 0.0
3.5 0.0 0.0
4.0 0.0 0.0
4.5 0.0 0.0
5.0 0.0 0.0
5.5 0.0 0.0
6.0 0.0 0.0
6.5 0.0 0.0
7.0 0.0 0.0
7.5 0.0 0.0
8.0 0.0 0.0
8.5 0.0 0.0
9.0 0.0 0.0
9.5 0.0 0.0
10.0 0.0 0.0
10.5 0.0 0.0
11.0 0.0 0.0
11.5 0.0 0.0
12.0 0.0 0.0
12.5 0.0 0.0
13.0 0.0 0.0
13.5 0.0 0.0
14.0 0.0 0.0
14.5 0.0 0.0
15.0 0.0 0.0
15.5 0.0 0.0
16.0 0.0 0.0
16.5 0.0 0.0
17.0 0.0 0.0
17.5 0.0 0.0
18.0 0.0 0.0
18.5 0.0 0.0
19.0 0.0 0.0
19.5 0.0 0.0
20.0 0.0 0.0
20.5 0.0 0.0
21.0 0.0 0.0
21.5 0.0 0.0
22.0 0.0 0.0
22.5 0.0 0.0
23.0 0.0 0.0
23.5 0.0 0.0
24.0 0.0 0.0
24.5 0.0 0.0
25.0 0.0 0.0
25.5 0.0 0.0
26.0 0.0 0.0
26.5 0.0 0.0
27.0 0.0 0.0
27.5 0.0 0.0
28.0 0.0 0.0
28.5 0.0 0.0
29.0 0.0 0.0
29.5 0.0 0.0
30.0 0.0 0.0
30.5 0.0 0.0
31.0 0.0 0.0
31.5 0.0 0.0
1400
# a b m n r rhoa k
1 13 2 5 2.03121 8.13837 4.00667
1 13 3 6 0.711396 6.5185 9.16298
1 13 4 7 0.422793 5.97709 14.1372
1 13 5 8 0.299765 5.17034 17.248
1 13 6 9 0.267285 4.61012 17.248
1 13 7 10 0.385561 5.45074 14.1372
1 13 8 11 0.725431 6.64711 9.16298
1 13 9 12 2.2031 8.82709 4.00667
1 23 2 7 2.15725 7.98997 3.70377
1 23 3 8 0.768303 6.45702 8.40426
1 23 4 9 0.41636 5.75895 13.8317
1 23 5 10 0.260905 5.11466 19.6035
1 23 6 11 0.187903 4.7411 25.2317
1 23 7 12 0.142657 4.30244 30.1593
1 23 8 13 0.12729 4.30653 33.8325
1 23 9 14 0.123969 4.43781 35.7978
1 23 10 15 0.115113 4.1208 35.7978
1 23 11 16 0.127475 4.3128 33.8325
1 23 12 17 0.147928 4.46141 30.1593
1 23 13 18 0.186169 4.69735 25.2317
1 23 14 19 0.270736 5.30738 19.6035
1 23 15 20 0.40189 5.55882 13.8317
1 23 16 21 0.804728 6.76315 8.40426
1 23 17 22 2.33838 8.66083 3.70377
1 57 4 16 0.484161 5.58816 11.542
1 57 5 17 0.307119 4.99223 16.255
1 57 6 18 0.218944 4.67246 21.3409
1 57 7 19 0.161917 4.33186 26.7536
1 57 8 20 0.131149 4.25443 32.4396
1 57 9 21 0.114162 4.37674 38.3381
1 57 10 22 0.094807 4.20763 44.381
1 57 11 23 0.082468 4.16407 50.4932
1 57 12 24 0.0733684 4.15217 56.5934
1 57 13 25 0.0654866 4.09912 62.5948
1 57 14 26 0.0603349 4.1273 68.4065
1 57 15 27 0.0569116 4.2078 73.9358
1 57 16 28 0.0526849 4.1668 79.0892
1 57 17 29 0.049602 4.15545 83.7758
1 57 18 30 0.0475242 4.17781 87.9092
1 57 19 31 0.0454956 4.15878 91.4105
1 57 20 32 0.0443286 4.17622 94.2106
1 57 21 33 0.0434787 4.18496 96.2531
1 57 22 34 0.0429839 4.19075 97.4958
1 57 23 35 0.0429398 4.20437 97.913
1 57 24 36 0.0430347 4.1957 97.4958
1 57 25 37 0.0438682 4.22245 96.2531
1 57 26 38 0.0438433 4.13051 94.2106
1 57 27 39 0.045049 4.11795 91.4105
1 57 28 40 0.0473725 4.16448 87.9092
1 57 29 41 0.0496311 4.15788 83.7758
1 57 30 42 0.0532624 4.21248 79.0892
1 57 31 43 0.0567424 4.19529 73.9358
1 57 32 44 0.0601951 4.11774 68.4065
1 57 33 45 0.0662626 4.14769 62.5948
1 57 34 46 0.073635 4.16726 56.5934
1 57 35 47 0.0817712 4.12889 50.4932
1 57 36 48 0.0945266 4.19518 44.381
1 57 37 49 0.110691 4.24369 38.3381
1 57 38 50 0.129825 4.21148 32.4396
1 57 39 51 0.165448 4.42633 26.7536
1 57 40 52 0.214664 4.58113 21.3409
1 57 41 53 0.301853 4.90662 16.255
1 57 42 54 0.468086 5.40263 11.542
2 14 3 6 1.8756 7.5149 4.00667
2 14 4 7 0.724784 6.64118 9.16298
2 14 5 8 0.39232 5.54629 14.1372
2 14 6 9 0.275564 4.75292 17.248
2 14 7 10 0.283484 4.88951 17.248
2 14 8 11 0.388343 5.49007 14.1372
2 14 9 12 0.709615 6.50219 9.16298
2 14 10 13 1.84343 7.38602 4.00667
2 24 3 8 1.99512 7.38947 3.70377
2 24 4 9 0.760904 6.39484 8.40426
2 24 5 10 0.396208 5.48022 13.8317
2 24 6 11 0.253447 4.96847 19.6035
2 24 7 12 0.174619 4.40592 25.2317
2 24 8 13 0.143965 4.34188 30.1593
2 24 9 14 0.132308 4.4763 33.8325
2 24 10 15 0.114971 4.1157 35.7978
2 24 11 16 0.118021 4.2249 35.7978
2 24 12 17 0.127654 4.31884 33.8325
2 24 13 18 0.147828 4.45839 30.1593
2 24 14 19 0.195806 4.94052 25.2317
2 24 15 20 0.262712 5.15008 19.6035
2 24 16 21 0.429264 5.93743 13.8317
2 24 17 22 0.867561 7.29121 8.40426
2 24 18 23 2.50822 9.28988 3.70377
2 58 5 17 0.458736 5.29471 11.542
2 58 6 18 0.298072 4.84516 16.255
2 58 7 19 0.206315 4.40297 21.3409
2 58 8 20 0.160313 4.28895 26.7536
2 58 9 21 0.135974 4.41094 32.4396
2 58 10 22 0.109907 4.21362 38.3381
2 58 11 23 0.0936727 4.15729 44.381
2 58 12 24 0.0820853 4.14475 50.4932
2 58 13 25 0.0721548 4.08349 56.5934
2 58 14 26 0.0656529 4.10953 62.5948
2 58 15 27 0.0613153 4.19437 68.4065
2 58 16 28 0.0561407 4.15081 73.9358
2 58 17 29 0.0523475 4.14012 79.0892
2 58 18 30 0.0496577 4.16011 83.7758
2 58 19 31 0.0470802 4.13879 87.9092
2 58 20 32 0.0455248 4.16144 91.4105
2 58 21 33 0.0442706 4.17076 94.2106
2 58 22 34 0.0434038 4.17775 96.2531
2 58 23 35 0.0429775 4.19013 97.4958
2 58 24 36 0.0427522 4.18599 97.913
2 58 25 37 0.0432167 4.21345 97.4958
2 58 26 38 0.0428533 4.12476 96.2531
2 58 27 39 0.0436906 4.11611 94.2106
2 58 28 40 0.0454825 4.15757 91.4105
2 58 29 41 0.0472079 4.15001 87.9092
2 58 30 42 0.0501259 4.19934 83.7758
2 58 31 43 0.0528286 4.17817 79.0892
2 58 32 44 0.0555377 4.10622 73.9358
2 58 33 45 0.0603597 4.129 68.4065
2 58 34 46 0.0661087 4.13806 62.5948
2 58 35 47 0.0723324 4.09353 56.5934
2 58 36 48 0.0820705 4.14401 50.4932
2 58 37 49 0.0940281 4.17306 44.381
2 58 38 50 0.10779 4.13247 38.3381
2 58 39 51 0.132245 4.28998 32.4396
2 58 40 52 0.163797 4.38215 26.7536
2 58 41 53 0.21518 4.59215 21.3409
2 58 42 54 0.300343 4.88208 16.255
2 58 43 55 0.442604 5.10852 11.542
3 15 4 7 2.16268 8.66514 4.00667
3 15 5 8 0.709179 6.49819 9.16298
3 15 6 9 0.37551 5.30865 14.1372
3 15 7 10 0.284615 4.90903 17.248
3 15 8 11 0.304689 5.25527 17.248
3 15 9 12 0.434217 6.13859 14.1372
3 15 10 13 0.750615 6.87787 9.16298
3 15 11 14 2.03741 8.16321 4.00667
3 25 4 9 2.25143 8.3388 3.70377
3 25 5 10 0.750806 6.30997 8.40426
3 25 6 11 0.390955 5.40756 13.8317
3 25 7 12 0.234415 4.59536 19.6035
3 25 8 13 0.174836 4.41141 25.2317
3 25 9 14 0.150231 4.53085 30.1593
3 25 10 15 0.121718 4.11803 33.8325
3 25 11 16 0.115764 4.14411 35.7978
3 25 12 17 0.116803 4.1813 35.7978
3 25 13 18 0.124906 4.22589 33.8325
3 25 14 19 0.151679 4.57453 30.1593
3 25 15 20 0.186944 4.71692 25.2317
3 25 16 21 0.263495 5.16543 19.6035
3 25 17 22 0.433228 5.99227 13.8317
3 25 18 23 0.849594 7.14021 8.40426
3 25 19 24 2.36168 8.74714 3.70377
3 59 6 18 0.451534 5.21158 11.542
3 59 7 19 0.279761 4.54752 16.255
3 59 8 20 0.203686 4.34684 21.3409
3 59 9 21 0.166643 4.45831 26.7536
3 59 10 22 0.130129 4.22132 32.4396
3 59 11 23 0.108115 4.14493 38.3381
3 59 12 24 0.0929491 4.12517 44.381
3 59 13 25 0.0802532 4.05224 50.4932
3 59 14 26 0.071991 4.07422 56.5934
3 59 15 27 0.0665216 4.1639 62.5948
3 59 16 28 0.0601998 4.11806 68.4065
3 59 17 29 0.0555876 4.10991 73.9358
3 59 18 30 0.05222 4.13004 79.0892
3 59 19 31 0.0489877 4.10398 83.7758
3 59 20 32 0.0470149 4.13304 87.9092
3 59 21 33 0.0453608 4.14646 91.4105
3 59 22 34 0.0441127 4.15588 94.2106
3 59 23 35 0.0433321 4.17085 96.2531
3 59 24 36 0.0427813 4.171 97.4958
3 59 25 37 0.0429033 4.20079 97.913
3 59 26 38 0.0422668 4.12084 97.4958
3 59 27 39 0.0427597 4.11575 96.2531
3 59 28 40 0.0441346 4.15794 94.2106
3 59 29 41 0.0454546 4.15503 91.4105
3 59 30 42 0.0478482 4.2063 87.9092
3 59 31 43 0.0499696 4.18624 83.7758
3 59 32 44 0.0520921 4.11992 79.0892
3 59 33 45 0.056045 4.14373 73.9358
3 59 34 46 0.0606722 4.15037 68.4065
3 59 35 47 0.0655263 4.1016 62.5948
3 59 36 48 0.0732794 4.14713 56.5934
3 59 37 49 0.0824748 4.16442 50.4932
3 59 38 50 0.0928488 4.12072 44.381
3 59 39 51 0.110908 4.25199 38.3381
3 59 40 52 0.133006 4.31467 32.4396
3 59 41 53 0.167225 4.47387 26.7536
3 59 42 54 0.218965 4.67291 21.3409
3 59 43 55 0.295402 4.80177 16.255
3 59 44 56 0.445683 5.14406 11.542
4 16 5 8 2.18328 8.74768 4.00667
4 16 6 9 0.716066 6.5613 9.16298
4 16 7 10 0.372868 5.2713 14.1372
4 16 8 11 0.292995 5.05356 17.248
4 16 9 12 0.322365 5.56013 17.248
4 16 10 13 0.412555 5.83235 14.1372
4 16 11 14 0.69469 6.36543 9.16298
4 16 12 15 1.77179 7.09898 4.00667
4 26 5 10 2.28569 8.46566 3.70377
4 26 6 11 0.780185 6.55688 8.40426
4 26 7 12 0.374948 5.18616 13.8317
4 26 8 13 0.24165 4.7372 19.6035
4 26 9 14 0.19017 4.79832 25.2317
4 26 10 15 0.141565 4.2695 30.1593
4 26 11 16 0.124098 4.19854 33.8325
4 26 12 17 0.116433 4.16806 35.7978
4 26 13 18 0.115098 4.12025 35.7978
4 26 14 19 0.128798 4.35758 33.8325
4 26 15 20 0.147307 4.44268 30.1593
4 26 16 21 0.184409 4.65296 25.2317
4 26 17 22 0.261152 5.1195 19.6035
4 26 18 23 0.410652 5.68 13.8317
4 26 19 24 0.740166 6.22055 8.40426
4 26 20 25 1.88367 6.9767 3.70377
4 60 7 19 0.437906 5.05429 11.542
4 60 8 20 0.284942 4.63173 16.255
4 60 9 21 0.219775 4.69021 21.3409
4 60 10 22 0.163006 4.361 26.7536
4 60 11 23 0.130593 4.23639 32.4396
4 60 12 24 0.109312 4.19083 38.3381
4 60 13 25 0.0921976 4.09182 44.381
4 60 14 26 0.0811353 4.09678 50.4932
4 60 15 27 0.0739801 4.18679 56.5934
4 60 16 28 0.0659262 4.12663 62.5948
4 60 17 29 0.0601109 4.11198 68.4065
4 60 18 30 0.0558257 4.12752 73.9358
4 60 19 31 0.0517399 4.09206 79.0892
4 60 20 32 0.0491701 4.11926 83.7758
4 60 21 33 0.0469842 4.13035 87.9092
4 60 22 34 0.0452312 4.13461 91.4105
4 60 23 35 0.0439675 4.14221 94.2106
4 60 24 36 0.0430368 4.14243 96.2531
4 60 25 37 0.0427544 4.16838 97.4958
4 60 26 38 0.0417964 4.09241 97.913
4 60 27 39 0.0419453 4.08949 97.4958
4 60 28 40 0.0428368 4.12317 96.2531
4 60 29 41 0.0437303 4.11986 94.2106
4 60 30 42 0.04551 4.16009 91.4105
4 60 31 43 0.0470044 4.13212 87.9092
4 60 32 44 0.0485609 4.06823 83.7758
4 60 33 45 0.0516326 4.08358 79.0892
4 60 34 46 0.0552262 4.08319 73.9358
4 60 35 47 0.0588644 4.02671 68.4065
4 60 36 48 0.0648099 4.05676 62.5948
4 60 37 49 0.07171 4.05831 56.5934
4 60 38 50 0.0794099 4.00966 50.4932
4 60 39 51 0.0925751 4.10857 44.381
4 60 40 52 0.107787 4.13234 38.3381
4 60 41 53 0.130419 4.23072 32.4396
4 60 42 54 0.16224 4.3405 26.7536
4 60 43 55 0.205298 4.38125 21.3409
4 60 44 56 0.278755 4.53117 16.255
4 60 45 57 0.457204 5.27703 11.542
5 17 6 9 2.2584 9.04864 4.00667
5 17 7 10 0.691303 6.33439 9.16298
5 17 8 11 0.380978 5.38595 14.1372
5 17 9 12 0.323147 5.57363 17.248
5 17 10 13 0.313649 5.4098 17.248
5 17 11 14 0.399581 5.64894 14.1372
5 17 12 15 0.663753 6.08195 9.16298
5 17 13 16 2.25229 9.0242 4.00667
5 27 6 11 2.39149 8.85755 3.70377
5 27 7 12 0.741569 6.23234 8.40426
5 27 8 13 0.381529 5.27718 13.8317
5 27 9 14 0.267713 5.24813 19.6035
5 27 10 15 0.180195 4.54662 25.2317
5 27 11 16 0.145012 4.37346 30.1593
5 27 12 17 0.126919 4.294 33.8325
5 27 13 18 0.116536 4.17172 35.7978
5 27 14 19 0.121551 4.35125 35.7978
5 27 15 20 0.131135 4.43662 33.8325
5 27 16 21 0.151158 4.55882 30.1593
5 27 17 22 0.195278 4.92718 25.2317
5 27 18 23 0.274567 5.38248 19.6035
5 27 19 24 0.419238 5.79876 13.8317
5 27 20 25 0.769173 6.46433 8.40426
5 27 21 26 2.30631 8.54206 3.70377
5 61 8 20 0.442207 5.10394 11.542
5 61 9 21 0.311725 5.06709 16.255
5 61 10 22 0.214645 4.58073 21.3409
5 61 11 23 0.164194 4.39277 26.7536
5 61 12 24 0.132895 4.31106 32.4396
5 61 13 25 0.108828 4.17226 38.3381
5 61 14 26 0.0937247 4.1596 44.381
5 61 15 27 0.0840454 4.24372 50.4932
5 61 16 28 0.0736673 4.16908 56.5934
5 61 17 29 0.0662177 4.14488 62.5948
5 61 18 30 0.0607088 4.15288 68.4065
5 61 19 31 0.055576 4.10905 73.9358
5 61 20 32 0.0522986 4.13626 79.0892
5 61 21 33 0.0494488 4.14261 83.7758
5 61 22 34 0.0471586 4.14568 87.9092
5 61 23 35 0.0454174 4.15163 91.4105
5 61 24 36 0.0440414 4.14916 94.2106
5 61 25 37 0.0433643 4.17395 96.2531
5 61 26 38 0.0420576 4.10044 97.4958
5 61 27 39 0.0418874 4.10132 97.913
5 61 28 40 0.0424056 4.13437 97.4958
5 61 29 41 0.0428992 4.12918 96.2531
5 61 30 42 0.044212 4.16524 94.2106
5 61 31 43 0.0451656 4.12861 91.4105
5 61 32 44 0.046315 4.07152 87.9092
5 61 33 45 0.0487325 4.0826 83.7758
5 61 34 46 0.0515544 4.07739 79.0892
5 61 35 47 0.0543761 4.02033 73.9358
5 61 36 48 0.0591135 4.04375 68.4065
5 61 37 49 0.0644433 4.03381 62.5948
5 61 38 50 0.0704744 3.98839 56.5934
5 61 39 51 0.0804512 4.06224 50.4932
5 61 40 52 0.0915462 4.06291 44.381
5 61 41 53 0.107628 4.12626 38.3381
5 61 42 54 0.128859 4.18014 32.4396
5 61 43 55 0.155845 4.16942 26.7536
5 61 44 56 0.197406 4.21284 21.3409
5 61 45 57 0.281755 4.57992 16.255
5 61 46 58 0.426176 4.9189 11.542
6 18 7 10 2.01064 8.05597 4.00667
6 18 8 11 0.654779 5.99972 9.16298
6 18 9 12 0.419087 5.9247 14.1372
6 18 10 13 0.307513 5.30397 17.248
6 18 11 14 0.304166 5.24625 17.248
6 18 12 15 0.382346 5.40528 14.1372
6 18 13 16 0.789586 7.23496 9.16298
6 18 14 17 2.27756 9.12544 4.00667
6 28 7 12 2.12279 7.86235 3.70377
6 28 8 13 0.702552 5.90443 8.40426
6 28 9 14 0.415625 5.74879 13.8317
6 28 10 15 0.246752 4.83722 19.6035
6 28 11 16 0.179984 4.54131 25.2317
6 28 12 17 0.145835 4.39828 30.1593
6 28 13 18 0.124065 4.19744 33.8325
6 28 14 19 0.120208 4.30319 35.7978
6 28 15 20 0.122198 4.37443 35.7978
6 28 16 21 0.129989 4.39787 33.8325
6 28 17 22 0.154121 4.64819 30.1593
6 28 18 23 0.197328 4.97892 25.2317
6 28 19 24 0.267995 5.25365 19.6035
6 28 20 25 0.417141 5.76976 13.8317
6 28 21 26 0.825324 6.93624 8.40426
6 28 22 27 2.54253 9.41694 3.70377
6 62 9 21 0.476838 5.50364 11.542
6 62 10 22 0.296003 4.81153 16.255
6 62 11 23 0.212506 4.53507 21.3409
6 62 12 24 0.165106 4.41717 26.7536
6 62 13 25 0.130638 4.23783 32.4396
6 62 14 26 0.109621 4.20264 38.3381
6 62 15 27 0.0966384 4.28891 44.381
6 62 16 28 0.0829354 4.18767 50.4932
6 62 17 29 0.0734894 4.15901 56.5934
6 62 18 30 0.066474 4.16092 62.5948
6 62 19 31 0.0600332 4.10666 68.4065
6 62 20 32 0.0559498 4.13669 73.9358
6 62 21 33 0.052386 4.14317 79.0892
6 62 22 34 0.0494623 4.14374 83.7758
6 62 23 35 0.047224 4.15143 87.9092
6 62 24 36 0.0454461 4.15425 91.4105
6 62 25 37 0.0443775 4.18083 94.2106
6 62 26 38 0.0427402 4.11387 96.2531
6 62 27 39 0.0422714 4.12129 97.4958
6 62 28 40 0.0424476 4.15617 97.913
6 62 29 41 0.0426447 4.15768 97.4958
6 62 30 42 0.0435807 4.19478 96.2531
6 62 31 43 0.044255 4.16929 94.2106
6 62 32 44 0.0450361 4.11677 91.4105
6 62 33 45 0.0470102 4.13263 87.9092
6 62 34 46 0.0493162 4.1315 83.7758
6 62 35 47 0.0515606 4.07788 79.0892
6 62 36 48 0.0555514 4.10723 73.9358
6 62 37 49 0.0599377 4.10013 68.4065
6 62 38 50 0.0649052 4.06272 62.5948
6 62 39 51 0.0731324 4.13881 56.5934
6 62 40 52 0.0819587 4.13836 50.4932
6 62 41 53 0.0945948 4.19821 44.381
6 62 42 54 0.110777 4.24696 38.3381
6 62 43 55 0.13066 4.23856 32.4396
6 62 44 56 0.160027 4.2813 26.7536
6 62 45 57 0.214857 4.58526 21.3409
6 62 46 58 0.29905 4.86107 16.255
6 62 47 59 0.451471 5.21085 11.542
7 19 8 11 1.901 7.61666 4.00667
7 19 9 12 0.765002 7.0097 9.16298
7 19 10 13 0.398873 5.63893 14.1372
7 19 11 14 0.296957 5.1219 17.248
7 19 12 15 0.283146 4.88368 17.248
7 19 13 16 0.403961 5.71086 14.1372
7 19 14 17 0.737117 6.75419 9.16298
7 19 15 18 2.42301 9.7082 4.00667
7 29 8 13 2.01652 7.46873 3.70377
7 29 9 14 0.815945 6.85742 8.40426
7 29 10 15 0.393822 5.44722 13.8317
7 29 11 16 0.251555 4.93136 19.6035
7 29 12 17 0.18566 4.68452 25.2317
7 29 13 18 0.144732 4.365 30.1593
7 29 14 19 0.12962 4.38536 33.8325
7 29 15 20 0.124067 4.4413 35.7978
7 29 16 21 0.122156 4.37291 35.7978
7 29 17 22 0.133761 4.52548 33.8325
7 29 18 23 0.157695 4.75598 30.1593
7 29 19 24 0.194909 4.91787 25.2317
7 29 20 25 0.270974 5.31205 19.6035
7 29 21 26 0.433817 6.00041 13.8317
7 29 22 27 0.858404 7.21425 8.40426
7 29 23 28 2.5317 9.37682 3.70377
7 63 10 22 0.462179 5.33445 11.542
7 63 11 23 0.29962 4.87032 16.255
7 63 12 24 0.218713 4.66755 21.3409
7 63 13 25 0.164797 4.40892 26.7536
7 63 14 26 0.133555 4.33247 32.4396
7 63 15 27 0.114967 4.40762 38.3381
7 63 16 28 0.096532 4.28419 44.381
7 63 17 29 0.0837779 4.23022 50.4932
7 63 18 30 0.0745207 4.21738 56.5934
7 63 19 31 0.0662189 4.14496 62.5948
7 63 20 32 0.0609327 4.16819 68.4065
7 63 21 33 0.0564254 4.17185 73.9358
7 63 22 34 0.0526873 4.167 79.0892
7 63 23 35 0.0497391 4.16694 83.7758
7 63 24 36 0.0474206 4.16871 87.9092
7 63 25 37 0.0458314 4.18947 91.4105
7 63 26 38 0.0437377 4.12055 94.2106
7 63 27 39 0.0429128 4.13049 96.2531
7 63 28 40 0.0426751 4.16064 97.4958
7 63 29 41 0.0425187 4.16313 97.913
7 63 30 42 0.0430528 4.19747 97.4958
7 63 31 43 0.0432922 4.16701 96.2531
7 63 32 44 0.0437332 4.12013 94.2106
7 63 33 45 0.0451914 4.13097 91.4105
7 63 34 46 0.0469562 4.12789 87.9092
7 63 35 47 0.0486039 4.07183 83.7758
7 63 36 48 0.0517983 4.09669 79.0892
7 63 37 49 0.0552559 4.08539 73.9358
7 63 38 50 0.05923 4.05172 68.4065
7 63 39 51 0.0657802 4.11749 62.5948
7 63 40 52 0.0725692 4.10694 56.5934
7 63 41 53 0.0822975 4.15546 50.4932
7 63 42 54 0.0942336 4.18218 44.381
7 63 43 55 0.108489 4.15924 38.3381
7 63 44 56 0.128842 4.17959 32.4396
7 63 45 57 0.164513 4.40131 26.7536
7 63 46 58 0.215127 4.59102 21.3409
7 63 47 59 0.295467 4.80281 16.255
7 63 48 60 0.483644 5.5822 11.542
8 20 9 12 2.04389 8.18918 4.00667
8 20 10 13 0.65577 6.00881 9.16298
8 20 11 14 0.369171 5.21903 14.1372
8 20 12 15 0.278467 4.803 17.248
8 20 13 16 0.293749 5.06656 17.248
8 20 14 17 0.397681 5.62209 14.1372
8 20 15 18 0.75145 6.88552 9.16298
8 20 16 19 2.24987 9.01449 4.00667
8 30 9 14 2.15183 7.9699 3.70377
8 30 10 15 0.691682 5.81308 8.40426
8 30 11 16 0.367837 5.0878 13.8317
8 30 12 17 0.243915 4.7816 19.6035
8 30 13 18 0.174039 4.3913 25.2317
8 30 14 19 0.144435 4.35605 30.1593
8 30 15 20 0.130693 4.42167 33.8325
8 30 16 21 0.119869 4.29104 35.7978
8 30 17 22 0.122075 4.37003 35.7978
8 30 18 23 0.133682 4.52279 33.8325
8 30 19 24 0.152279 4.59264 30.1593
8 30 20 25 0.194163 4.89907 25.2317
8 30 21 26 0.272748 5.34683 19.6035
8 30 22 27 0.436468 6.03708 13.8317
8 30 23 28 0.870044 7.31208 8.40426
8 30 24 29 2.42401 8.978 3.70377
8 64 11 23 0.431815 4.98399 11.542
8 64 12 24 0.290376 4.72007 16.255
8 64 13 25 0.20644 4.40562 21.3409
8 64 14 26 0.160955 4.30613 26.7536
8 64 15 27 0.135246 4.38732 32.4396
8 64 16 28 0.110815 4.24843 38.3381
8 64 17 29 0.0944868 4.19342 44.381
8 64 18 30 0.0826557 4.17355 50.4932
8 64 19 31 0.0723532 4.09471 56.5934
8 64 20 32 0.0658348 4.12091 62.5948
8 64 21 33 0.0602985 4.12481 68.4065
8 64 22 34 0.0557491 4.12185 73.9358
8 64 23 35 0.052123 4.12236 79.0892
8 64 24 36 0.0492665 4.12734 83.7758
8 64 25 37 0.0472094 4.15014 87.9092
8 64 26 38 0.0447421 4.0899 91.4105
8 64 27 39 0.0436058 4.10813 94.2106
8 64 28 40 0.0430135 4.14018 96.2531
8 64 29 41 0.0425392 4.1474 97.4958
8 64 30 42 0.0427369 4.18449 97.913
8 64 31 43 0.0426322 4.15647 97.4958
8 64 32 44 0.0427587 4.11565 96.2531
8 64 33 45 0.0438424 4.13042 94.2106
8 64 34 46 0.0451716 4.12916 91.4105
8 64 35 47 0.0463831 4.0775 87.9092
8 64 36 48 0.0489869 4.10392 83.7758
8 64 37 49 0.0517339 4.09159 79.0892
8 64 38 50 0.0549963 4.0662 73.9358
8 64 39 51 0.0603738 4.12997 68.4065
8 64 40 52 0.0657143 4.11337 62.5948
8 64 41 53 0.073472 4.15803 56.5934
8 64 42 54 0.0825594 4.16869 50.4932
8 64 43 55 0.0933471 4.14284 44.381
8 64 44 56 0.108396 4.1557 38.3381
8 64 45 57 0.133509 4.33098 32.4396
8 64 46 58 0.167406 4.47872 26.7536
8 64 47 59 0.21692 4.62928 21.3409
8 64 48 60 0.319441 5.19252 16.255
8 64 49 61 0.48089 5.5504 11.542
9 21 10 13 1.68433 6.74857 4.00667
9 21 11 14 0.596817 5.46862 9.16298
9 21 12 15 0.343609 4.85766 14.1372
9 21 13 16 0.273141 4.71112 17.248
9 21 14 17 0.289069 4.98585 17.248
9 21 15 18 0.411477 5.81712 14.1372
9 21 16 19 0.754464 6.91314 9.16298
9 21 17 20 1.87086 7.4959 4.00667
9 31 10 15 1.76883 6.55135 3.70377
9 31 11 16 0.633673 5.32555 8.40426
9 31 12 17 0.351417 4.86069 13.8317
9 31 13 18 0.222967 4.37094 19.6035
9 31 14 19 0.169374 4.2736 25.2317
9 31 15 20 0.144303 4.35206 30.1593
9 31 16 21 0.123446 4.17649 33.8325
9 31 17 22 0.117161 4.19411 35.7978
9 31 18 23 0.119439 4.27563 35.7978
9 31 19 24 0.125836 4.25736 33.8325
9 31 20 25 0.148165 4.46856 30.1593
9 31 21 26 0.187225 4.72401 25.2317
9 31 22 27 0.257987 5.05745 19.6035
9 31 23 28 0.413994 5.72623 13.8317
9 31 24 29 0.754963 6.34491 8.40426
9 31 25 30 2.22196 8.22963 3.70377
10 22 11 14 2.30086 9.21879 4.00667
10 22 12 15 0.746172 6.83715 9.16298
10 22 13 16 0.388049 5.48591 14.1372
10 22 14 17 0.295358 5.09433 17.248
10 22 15 18 0.319557 5.51171 17.248
10 22 16 19 0.430259 6.08264 14.1372
10 22 17 20 0.702914 6.44078 9.16298
10 22 18 21 2.26983 9.09445 4.00667
10 32 11 16 2.40847 8.92041 3.70377
10 32 12 17 0.808353 6.79361 8.40426
10 32 13 18 0.39242 5.42782 13.8317
10 32 14 19 0.251049 4.92144 19.6035
10 32 15 20 0.193699 4.88734 25.2317
10 32 16 21 0.150126 4.5277 30.1593
10 32 17 22 0.130535 4.41634 33.8325
10 32 18 23 0.122724 4.39325 35.7978
10 32 19 24 0.119161 4.26571 35.7978
10 32 20 25 0.130342 4.40981 33.8325
10 32 21 26 0.15136 4.5649 30.1593
10 32 22 27 0.18806 4.74508 25.2317
10 32 23 28 0.264821 5.19143 19.6035
10 32 24 29 0.399511 5.52591 13.8317
10 32 25 30 0.761598 6.40066 8.40426
10 32 26 31 2.09925 7.77514 3.70377
11 23 12 15 2.25239 9.02459 4.00667
11 23 13 16 0.708563 6.49255 9.16298
11 23 14 17 0.383588 5.42284 14.1372
11 23 15 18 0.319368 5.50844 17.248
11 23 16 19 0.321549 5.54607 17.248
11 23 17 20 0.396311 5.60271 14.1372
11 23 18 21 0.752147 6.89191 9.16298
11 23 19 22 2.19807 8.80693 4.00667
11 33 12 17 2.38476 8.83262 3.70377
11 33 13 18 0.763673 6.41811 8.40426
11 33 14 19 0.392752 5.43241 13.8317
11 33 15 20 0.27168 5.32589 19.6035
11 33 16 21 0.190842 4.81527 25.2317
11 33 17 22 0.152454 4.59791 30.1593
11 33 18 23 0.132747 4.49118 33.8325
11 33 19 24 0.119271 4.26964 35.7978
11 33 20 25 0.121731 4.3577 35.7978
11 33 21 26 0.131255 4.44069 33.8325
11 33 22 27 0.149929 4.52175 30.1593
11 33 23 28 0.191724 4.83752 25.2317
11 33 24 29 0.258757 5.07255 19.6035
11 33 25 30 0.409925 5.66996 13.8317
11 33 26 31 0.766961 6.44574 8.40426
11 33 27 32 1.84792 6.84426 3.70377
12 24 13 16 2.13439 8.5518 4.00667
12 24 14 17 0.677522 6.20812 9.16298
12 24 15 18 0.424854 6.00623 14.1372
12 24 16 19 0.32236 5.56006 17.248
12 24 17 20 0.310169 5.34979 17.248
12 24 18 21 0.427416 6.04245 14.1372
12 24 19 22 0.804309 7.36987 9.16298
12 24 20 23 2.39096 9.57978 4.00667
12 34 13 18 2.25658 8.35787 3.70377
12 34 14 19 0.73715 6.1952 8.40426
12 34 15 20 0.429482 5.94046 13.8317
12 34 16 21 0.266044 5.2154 19.6035
12 34 17 22 0.192947 4.86837 25.2317
12 34 18 23 0.154561 4.66144 30.1593
12 34 19 24 0.127962 4.32926 33.8325
12 34 20 25 0.121594 4.3528 35.7978
12 34 21 26 0.122009 4.36764 35.7978
12 34 22 27 0.129132 4.36886 33.8325
12 34 23 28 0.151849 4.57967 30.1593
12 34 24 29 0.188401 4.75368 25.2317
12 34 25 30 0.266349 5.22137 19.6035
12 34 26 31 0.424544 5.87215 13.8317
12 34 27 32 0.748278 6.28873 8.40426
12 34 28 33 2.3496 8.7024 3.70377
13 25 14 17 1.82045 7.29394 4.00667
13 25 15 18 0.75048 6.87663 9.16298
13 25 16 19 0.418888 5.92189 14.1372
13 25 17 20 0.312025 5.3818 17.248
13 25 18 21 0.316969 5.46706 17.248
13 25 19 22 0.424103 5.99562 14.1372
13 25 20 23 0.800752 7.33727 9.16298
13 25 21 24 2.24382 8.99023 4.00667
13 35 14 19 1.95083 7.22542 3.70377
13 35 15 20 0.808753 6.79698 8.40426
13 35 16 21 0.41743 5.77376 13.8317
13 35 17 22 0.269247 5.27819 19.6035
13 35 18 23 0.196303 4.95304 25.2317
13 35 19 24 0.148401 4.47567 30.1593
13 35 20 25 0.130595 4.41838 33.8325
13 35 21 26 0.121568 4.35185 35.7978
13 35 22 27 0.119022 4.26073 35.7978
13 35 23 28 0.128544 4.34899 33.8325
13 35 24 29 0.146777 4.42669 30.1593
13 35 25 30 0.187076 4.72026 25.2317
13 35 26 31 0.263025 5.15622 19.6035
13 35 27 32 0.388324 5.37117 13.8317
13 35 28 33 0.780132 6.55644 8.40426
13 35 29 34 2.18533 8.09396 3.70377
14 26 15 18 2.04849 8.20761 4.00667
14 26 16 19 0.706746 6.4759 9.16298
14 26 17 20 0.402101 5.68458 14.1372
14 26 18 21 0.309325 5.33522 17.248
14 26 19 22 0.301143 5.19409 17.248
14 26 20 23 0.40934 5.7869 14.1372
14 26 21 24 0.692676 6.34698 9.16298
14 26 22 25 1.75923 7.04866 4.00667
14 36 15 20 2.17408 8.0523 3.70377
14 36 16 21 0.753573 6.33323 8.40426
14 36 17 22 0.409372 5.6623 13.8317
14 36 18 23 0.266805 5.23032 19.6035
14 36 19 24 0.183275 4.62433 25.2317
14 36 20 25 0.149286 4.50236 30.1593
14 36 21 26 0.129789 4.39109 33.8325
14 36 22 27 0.118754 4.25114 35.7978
14 36 23 28 0.1193 4.27067 35.7978
14 36 24 29 0.127308 4.30715 33.8325
14 36 25 30 0.149787 4.51747 30.1593
14 36 26 31 0.193004 4.86981 25.2317
14 36 27 32 0.257589 5.04965 19.6035
14 36 28 33 0.426255 5.89582 13.8317
14 36 29 34 0.861889 7.24354 8.40426
14 36 30 35 2.75655 10.2096 3.70377
15 27 16 19 1.80358 7.22636 4.00667
15 27 17 20 0.681334 6.24305 9.16298
15 27 18 21 0.398688 5.63632 14.1372
15 27 19 22 0.295635 5.09911 17.248
15 27 20 23 0.314945 5.43216 17.248
15 27 21 24 0.413183 5.84124 14.1372
15 27 22 25 0.706659 6.4751 9.16298
15 27 23 26 2.17222 8.70337 4.00667
15 37 16 21 1.90611 7.05979 3.70377
15 37 17 22 0.728885 6.12574 8.40426
15 37 18 23 0.399459 5.52518 13.8317
15 37 19 24 0.24236 4.75112 19.6035
15 37 20 25 0.179979 4.54119 25.2317
15 37 21 26 0.145002 4.37316 30.1593
15 37 22 27 0.123611 4.18206 33.8325
15 37 23 28 0.11504 4.11818 35.7978
15 37 24 29 0.114251 4.08992 35.7978
15 37 25 30 0.12349 4.17796 33.8325
15 37 26 31 0.145096 4.37601 30.1593
15 37 27 32 0.175588 4.43037 25.2317
15 37 28 33 0.245935 4.8212 19.6035
15 37 29 34 0.396755 5.48778 13.8317
15 37 30 35 0.783613 6.58569 8.40426
15 37 31 36 2.10581 7.79944 3.70377
16 28 17 20 2.26132 9.06036 4.00667
16 28 18 21 0.80165 7.3455 9.16298
16 28 19 22 0.410759 5.80697 14.1372
16 28 20 23 0.318659 5.49622 17.248
16 28 21 24 0.317606 5.47806 17.248
16 28 22 25 0.409476 5.78884 14.1372
16 28 23 26 0.764171 7.00208 9.16298
16 28 24 27 2.41518 9.67684 4.00667
16 38 17 22 2.38285 8.82553 3.70377
16 38 18 23 0.856718 7.20008 8.40426
16 38 19 24 0.413262 5.7161 13.8317
16 38 20 25 0.26349 5.16534 19.6035
16 38 21 26 0.190877 4.81615 25.2317
16 38 22 27 0.14926 4.50157 30.1593
16 38 23 28 0.127873 4.32627 33.8325
16 38 24 29 0.118268 4.23373 35.7978
16 38 25 30 0.11855 4.24381 35.7978
16 38 26 31 0.129405 4.37808 33.8325
16 38 27 32 0.14632 4.41291 30.1593
16 38 28 33 0.18529 4.67518 25.2317
16 38 29 34 0.264018 5.17568 19.6035
16 38 30 35 0.424923 5.87739 13.8317
16 38 31 36 0.778853 6.54568 8.40426
16 38 32 37 2.20535 8.16813 3.70377
17 29 18 21 2.28207 9.1435 4.00667
17 29 19 22 0.735638 6.74064 9.16298
17 29 20 23 0.412155 5.82671 14.1372
17 29 21 24 0.31541 5.44018 17.248
17 29 22 25 0.314934 5.43198 17.248
17 29 23 26 0.423087 5.98125 14.1372
17 29 24 27 0.799605 7.32676 9.16298
17 29 25 28 2.40592 9.63972 4.00667
17 39 18 23 2.40464 8.90623 3.70377
17 39 19 24 0.787793 6.62082 8.40426
17 39 20 25 0.409817 5.66845 13.8317
17 39 21 26 0.263298 5.16157 19.6035
17 39 22 27 0.188463 4.75524 25.2317
17 39 23 28 0.148575 4.4809 30.1593
17 39 24 29 0.128202 4.33739 33.8325
17 39 25 30 0.119393 4.27399 35.7978
17 39 26 31 0.12146 4.34798 35.7978
17 39 27 32 0.129273 4.37363 33.8325
17 39 28 33 0.150727 4.54583 30.1593
17 39 29 34 0.195827 4.94105 25.2317
17 39 30 35 0.278722 5.46394 19.6035
17 39 31 36 0.42745 5.91235 13.8317
17 39 32 37 0.828891 6.96622 8.40426
17 39 33 38 2.03871 7.55094 3.70377
18 30 19 22 2.39304 9.58812 4.00667
18 30 20 23 0.744836 6.82492 9.16298
18 30 21 24 0.41347 5.8453 14.1372
18 30 22 25 0.31568 5.44483 17.248
18 30 23 26 0.316498 5.45895 17.248
18 30 24 27 0.429812 6.07632 14.1372
18 30 25 28 0.814429 7.4626 9.16298
18 30 26 29 2.29554 9.19745 4.00667
18 40 19 24 2.51378 9.31048 3.70377
18 40 20 25 0.794463 6.67687 8.40426
18 40 21 26 0.415736 5.75032 13.8317
18 40 22 27 0.263517 5.16587 19.6035
18 40 23 28 0.187257 4.72482 25.2317
18 40 24 29 0.148609 4.48195 30.1593
18 40 25 30 0.127164 4.30226 33.8325
18 40 26 31 0.11925 4.2689 35.7978
18 40 27 32 0.118744 4.25077 35.7978
18 40 28 33 0.127107 4.30035 33.8325
18 40 29 34 0.150549 4.54045 30.1593
18 40 30 35 0.192166 4.84867 25.2317
18 40 31 36 0.258084 5.05937 19.6035
18 40 32 37 0.410693 5.68057 13.8317
18 40 33 38 0.688642 5.78753 8.40426
18 40 34 39 2.15099 7.96678 3.70377
19 31 20 23 2.24147 8.98084 4.00667
19 31 21 24 0.7514 6.88506 9.16298
19 31 22 25 0.42493 6.00731 14.1372
19 31 23 26 0.314374 5.42232 17.248
19 31 24 27 0.310247 5.35112 17.248
19 31 25 28 0.413322 5.84321 14.1372
19 31 26 29 0.701861 6.43114 9.16298
19 31 27 30 2.10355 8.42822 4.00667
19 41 20 25 2.36632 8.76431 3.70377
19 41 21 26 0.811456 6.81969 8.40426
19 41 22 27 0.429781 5.94459 13.8317
19 41 23 28 0.268032 5.25438 19.6035
19 41 24 29 0.193268 4.87649 25.2317
19 41 25 30 0.15073 4.54592 30.1593
19 41 26 31 0.129936 4.39605 33.8325
19 41 27 32 0.121354 4.34421 35.7978
19 41 28 33 0.120399 4.31001 35.7978
19 41 29 34 0.131954 4.46434 33.8325
19 41 30 35 0.154788 4.66831 30.1593
19 41 31 36 0.189567 4.78309 25.2317
19 41 32 37 0.269492 5.28299 19.6035
19 41 33 38 0.383984 5.31114 13.8317
19 41 34 39 0.77398 6.50473 8.40426
19 41 35 40 2.6967 9.98796 3.70377
20 32 21 24 1.87531 7.51377 4.00667
20 32 22 25 0.707135 6.47947 9.16298
20 32 23 26 0.398076 5.62767 14.1372
20 32 24 27 0.305575 5.27054 17.248
20 32 25 28 0.308308 5.31768 17.248
20 32 26 29 0.389763 5.51015 14.1372
20 32 27 30 0.708533 6.49227 9.16298
20 32 28 31 1.97549 7.91513 4.00667
20 42 21 26 1.99773 7.39913 3.70377
20 42 22 27 0.755379 6.34841 8.40426
20 42 23 28 0.396922 5.49009 13.8317
20 42 24 29 0.257864 5.05504 19.6035
20 42 25 30 0.183128 4.62064 25.2317
20 42 26 31 0.145138 4.37725 30.1593
20 42 27 32 0.127474 4.31276 33.8325
20 42 28 33 0.117517 4.20683 35.7978
20 42 29 34 0.119342 4.27219 35.7978
20 42 30 35 0.128877 4.36024 33.8325
20 42 31 36 0.144311 4.35231 30.1593
20 42 32 37 0.185535 4.68136 25.2317
20 42 33 38 0.234185 4.59085 19.6035
20 42 34 39 0.369981 5.11746 13.8317
20 42 35 40 0.811913 6.82353 8.40426
20 42 36 41 2.44703 9.06325 3.70377
21 33 22 25 2.2706 9.09753 4.00667
21 33 23 26 0.754585 6.91425 9.16298
21 33 24 27 0.422871 5.9782 14.1372
21 33 25 28 0.312529 5.39048 17.248
21 33 26 29 0.298883 5.15512 17.248
21 33 27 30 0.40718 5.75637 14.1372
21 33 28 31 0.71239 6.52762 9.16298
21 33 29 32 1.73307 6.94382 4.00667
21 43 22 27 2.38984 8.85144 3.70377
21 43 23 28 0.801389 6.73508 8.40426
21 43 24 29 0.426388 5.89765 13.8317
21 43 25 30 0.261441 5.12517 19.6035
21 43 26 31 0.184075 4.64452 25.2317
21 43 27 32 0.14974 4.51605 30.1593
21 43 28 33 0.127517 4.31421 33.8325
21 43 29 34 0.119765 4.28731 35.7978
21 43 30 35 0.119347 4.27234 35.7978
21 43 31 36 0.122952 4.15979 33.8325
21 43 32 37 0.144826 4.36785 30.1593
21 43 33 38 0.166145 4.19212 25.2317
21 43 34 39 0.22171 4.3463 19.6035
21 43 35 40 0.368236 5.09333 13.8317
21 43 36 41 0.68391 5.74776 8.40426
21 43 37 42 2.13618 7.91193 3.70377
22 34 23 26 2.20845 8.84855 4.00667
22 34 24 27 0.805993 7.3853 9.16298
22 34 25 28 0.426456 6.02888 14.1372
22 34 26 29 0.302175 5.2119 17.248
22 34 27 30 0.318034 5.48544 17.248
22 34 28 31 0.422462 5.97242 14.1372
22 34 29 32 0.697789 6.39382 9.16298
22 34 30 33 2.22847 8.92874 4.00667
22 44 23 28 2.32313 8.60436 3.70377
22 44 24 29 0.862045 7.24485 8.40426
22 44 25 30 0.429759 5.94429 13.8317
22 44 26 31 0.260447 5.10568 19.6035
22 44 27 32 0.194279 4.902 25.2317
22 44 28 33 0.152475 4.59852 30.1593
22 44 29 34 0.132956 4.49825 33.8325
22 44 30 35 0.123297 4.41376 35.7978
22 44 31 36 0.118492 4.24174 35.7978
22 44 32 37 0.130756 4.42382 33.8325
22 44 33 38 0.140902 4.2495 30.1593
22 44 34 39 0.171722 4.33284 25.2317
22 44 35 40 0.250303 4.90683 19.6035
22 44 36 41 0.387461 5.35924 13.8317
22 44 37 42 0.80063 6.7287 8.40426
22 44 38 43 2.40833 8.91992 3.70377
23 35 24 27 2.37433 9.51317 4.00667
23 35 25 28 0.786686 7.20839 9.16298
23 35 26 29 0.394448 5.57637 14.1372
23 35 27 30 0.316771 5.46366 17.248
23 35 28 31 0.317313 5.473 17.248
23 35 29 32 0.391095 5.52898 14.1372
23 35 30 33 0.730814 6.69643 9.16298
23 35 31 34 2.05919 8.25048 4.00667
23 45 24 29 2.50158 9.26527 3.70377
23 45 25 30 0.843912 7.09246 8.40426
23 45 26 31 0.4085 5.65024 13.8317
23 45 27 32 0.272838 5.34859 19.6035
23 45 28 33 0.194917 4.91808 25.2317
23 45 29 34 0.156314 4.71431 30.1593
23 45 30 35 0.134054 4.53538 33.8325
23 45 31 36 0.119222 4.26787 35.7978
23 45 32 37 0.122588 4.38838 35.7978
23 45 33 38 0.123825 4.18933 33.8325
23 45 34 39 0.138621 4.18072 30.1593
23 45 35 40 0.180925 4.56505 25.2317
23 45 36 41 0.24726 4.84716 19.6035
23 45 37 42 0.412152 5.70075 13.8317
23 45 38 43 0.807484 6.7863 8.40426
23 45 39 44 2.19275 8.12146 3.70377
24 36 25 28 2.23652 8.96101 4.00667
24 36 26 29 0.677773 6.21042 9.16298
24 36 27 30 0.414822 5.86441 14.1372
24 36 28 31 0.321726 5.54912 17.248
24 36 29 32 0.311845 5.37869 17.248
24 36 30 33 0.425481 6.0151 14.1372
24 36 31 34 0.801346 7.34272 9.16298
24 36 32 35 2.64273 10.5885 4.00667
24 46 25 30 2.36051 8.7428 3.70377
24 46 26 31 0.741456 6.23139 8.40426
24 46 27 32 0.420996 5.82308 13.8317
24 46 28 33 0.268619 5.26589 19.6035
24 46 29 34 0.196451 4.95679 25.2317
24 46 30 35 0.155269 4.68279 30.1593
24 46 31 36 0.12771 4.32076 33.8325
24 46 32 37 0.122358 4.38013 35.7978
24 46 33 38 0.116133 4.15732 35.7978
24 46 34 39 0.120408 4.07371 33.8325
24 46 35 40 0.142564 4.29964 30.1593
24 46 36 41 0.176533 4.45423 25.2317
24 46 37 42 0.253255 4.96469 19.6035
24 46 38 43 0.400768 5.5433 13.8317
24 46 39 44 0.702525 5.9042 8.40426
24 46 40 45 2.42264 8.9729 3.70377
25 37 26 29 1.74605 6.99586 4.00667
25 37 27 30 0.70782 6.48574 9.16298
25 37 28 31 0.411448 5.81671 14.1372
25 37 29 32 0.306192 5.28119 17.248
25 37 30 33 0.30009 5.17594 17.248
25 37 31 34 0.390849 5.5255 14.1372
25 37 32 35 0.742054 6.79943 9.16298
25 37 33 36 1.99921 8.01017 4.00667
25 47 26 31 1.88085 6.96624 3.70377
25 47 27 32 0.768164 6.45585 8.40426
25 47 28 33 0.415174 5.74255 13.8317
25 47 29 34 0.270669 5.30606 19.6035
25 47 30 35 0.195387 4.92995 25.2317
25 47 31 36 0.147868 4.45961 30.1593
25 47 32 37 0.132106 4.46949 33.8325
25 47 33 38 0.1181 4.22773 35.7978
25 47 34 39 0.114471 4.09782 35.7978
25 47 35 40 0.12499 4.22873 33.8325
25 47 36 41 0.143474 4.32709 30.1593
25 47 37 42 0.185725 4.68616 25.2317
25 47 38 43 0.261052 5.11755 19.6035
25 47 39 44 0.379362 5.24721 13.8317
25 47 40 45 0.799258 6.71717 8.40426
25 47 41 46 2.48064 9.18774 3.70377
26 38 27 30 2.17795 8.7263 4.00667
26 38 28 31 0.774783 7.09932 9.16298
26 38 29 32 0.426118 6.0241 14.1372
26 38 30 33 0.315549 5.44259 17.248
26 38 31 34 0.30566 5.27201 17.248
26 38 32 35 0.426133 6.02432 14.1372
26 38 33 36 0.731341 6.70126 9.16298
26 38 34 37 2.08086 8.33731 4.00667
26 48 27 32 2.30872 8.55096 3.70377
26 48 28 33 0.823714 6.92271 8.40426
26 48 29 34 0.434099 6.00432 13.8317
26 48 30 35 0.27446 5.38039 19.6035
26 48 31 36 0.186507 4.70589 25.2317
26 48 32 37 0.153189 4.62007 30.1593
26 48 33 38 0.128121 4.33467 33.8325
26 48 34 39 0.115677 4.14097 35.7978
26 48 35 40 0.116303 4.16339 35.7978
26 48 36 41 0.12405 4.19693 33.8325
26 48 37 42 0.146221 4.40991 30.1593
26 48 38 43 0.187473 4.73026 25.2317
26 48 39 44 0.241503 4.73432 19.6035
26 48 40 45 0.394862 5.4616 13.8317
26 48 41 46 0.784442 6.59265 8.40426
26 48 42 47 2.31113 8.55991 3.70377
27 39 28 31 2.4245 9.71415 4.00667
27 39 29 32 0.808405 7.40739 9.16298
27 39 30 33 0.434559 6.14343 14.1372
27 39 31 34 0.309142 5.33207 17.248
27 39 32 35 0.328287 5.66229 17.248
27 39 33 36 0.426454 6.02886 14.1372
27 39 34 37 0.770857 7.06335 9.16298
27 39 35 38 1.90065 7.61527 4.00667
27 49 28 33 2.53897 9.40376 3.70377
27 49 29 34 0.86227 7.24674 8.40426
27 49 30 35 0.441282 6.10367 13.8317
27 49 31 36 0.259114 5.07956 19.6035
27 49 32 37 0.192187 4.84919 25.2317
27 49 33 38 0.149183 4.49925 30.1593
27 49 34 39 0.125305 4.23938 33.8325
27 49 35 40 0.116011 4.15294 35.7978
27 49 36 41 0.115303 4.1276 35.7978
27 49 37 42 0.124618 4.21615 33.8325
27 49 38 43 0.147785 4.45709 30.1593
27 49 39 44 0.173917 4.38821 25.2317
27 49 40 45 0.240631 4.71721 19.6035
27 49 41 46 0.377594 5.22276 13.8317
27 49 42 47 0.693353 5.82712 8.40426
27 49 43 48 2.10966 7.8137 3.70377
28 40 29 32 2.41064 9.65864 4.00667
28 40 30 33 0.814751 7.46555 9.16298
28 40 31 34 0.406795 5.75093 14.1372
28 40 32 35 0.31892 5.50071 17.248
28 40 33 36 0.312368 5.38771 17.248
28 40 34 37 0.41007 5.79723 14.1372
28 40 35 38 0.629566 5.7687 9.16298
28 40 36 39 2.03139 8.1391 4.00667
28 50 29 34 2.53494 9.38882 3.70377
28 50 30 35 0.876022 7.36232 8.40426
28 50 31 36 0.415166 5.74244 13.8317
28 50 32 37 0.270424 5.30126 19.6035
28 50 33 38 0.192396 4.85447 25.2317
28 50 34 39 0.149706 4.51504 30.1593
28 50 35 40 0.127719 4.32105 33.8325
28 50 36 41 0.118699 4.24917 35.7978
28 50 37 42 0.118693 4.24894 35.7978
28 50 38 43 0.132332 4.47714 33.8325
28 50 39 44 0.146188 4.40892 30.1593
28 50 40 45 0.183114 4.62027 25.2317
28 50 41 46 0.254941 4.99775 19.6035
28 50 42 47 0.384335 5.316 13.8317
28 50 43 48 0.760824 6.39416 8.40426
28 50 44 49 2.23653 8.28361 3.70377
29 41 30 33 2.31048 9.25731 4.00667
29 41 31 34 0.701133 6.42447 9.16298
29 41 32 35 0.405026 5.72592 14.1372
29 41 33 36 0.311017 5.36441 17.248
29 41 34 37 0.318729 5.49742 17.248
29 41 35 38 0.372497 5.26605 14.1372
29 41 36 39 0.717584 6.5752 9.16298
29 41 37 40 2.57063 10.2996 4.00667
29 51 30 35 2.43431 9.01614 3.70377
29 51 31 36 0.756603 6.35868 8.40426
29 51 32 37 0.40666 5.62479 13.8317
29 51 33 38 0.260522 5.10715 19.6035
29 51 34 39 0.186868 4.71499 25.2317
29 51 35 40 0.146316 4.41279 30.1593
29 51 36 41 0.126931 4.29439 33.8325
29 51 37 42 0.116988 4.18791 35.7978
29 51 38 43 0.122484 4.38464 35.7978
29 51 39 44 0.127285 4.30637 33.8325
29 51 40 45 0.145944 4.40158 30.1593
29 51 41 46 0.185031 4.66864 25.2317
29 51 42 47 0.245742 4.81741 19.6035
29 51 43 48 0.396054 5.47809 13.8317
29 51 44 49 0.775428 6.5169 8.40426
29 51 45 50 2.0727 7.67681 3.70377
30 42 31 34 2.08898 8.36986 4.00667
30 42 32 35 0.711764 6.52187 9.16298
30 42 33 36 0.40439 5.71692 14.1372
30 42 34 37 0.31555 5.44259 17.248
30 42 35 38 0.278215 4.79865 17.248
30 42 36 39 0.367911 5.20122 14.1372
30 42 37 40 0.758615 6.95118 9.16298
30 42 38 41 2.35135 9.42108 4.00667
30 52 31 36 2.21645 8.20921 3.70377
30 52 32 37 0.768288 6.45689 8.40426
30 52 33 38 0.411149 5.68688 13.8317
30 52 34 39 0.26417 5.17867 19.6035
30 52 35 40 0.186124 4.69622 25.2317
30 52 36 41 0.149096 4.49663 30.1593
30 52 37 42 0.125426 4.24349 33.8325
30 52 38 43 0.122725 4.39329 35.7978
30 52 39 44 0.11991 4.29253 35.7978
30 52 40 45 0.126558 4.28178 33.8325
30 52 41 46 0.147825 4.45829 30.1593
30 52 42 47 0.177783 4.48577 25.2317
30 52 43 48 0.249904 4.899 19.6035
30 52 44 49 0.401451 5.55274 13.8317
30 52 45 50 0.719077 6.04331 8.40426
30 52 46 51 2.54616 9.43041 3.70377
31 43 32 35 1.97941 7.93085 4.00667
31 43 33 36 0.707997 6.48736 9.16298
31 43 34 37 0.421264 5.95548 14.1372
31 43 35 38 0.285331 4.92138 17.248
31 43 36 39 0.273279 4.71351 17.248
31 43 37 40 0.364029 5.14634 14.1372
31 43 38 41 0.649881 5.95485 9.16298
31 43 39 42 2.05353 8.2278 4.00667
31 53 32 37 2.10666 7.80259 3.70377
31 53 33 38 0.767521 6.45045 8.40426
31 53 34 39 0.420791 5.82024 13.8317
31 53 35 40 0.260809 5.11279 19.6035
31 53 36 41 0.191013 4.81959 25.2317
31 53 37 42 0.145237 4.38024 30.1593
31 53 38 43 0.132342 4.47746 33.8325
31 53 39 44 0.121335 4.3435 35.7978
31 53 40 45 0.118048 4.22586 35.7978
31 53 41 46 0.127721 4.32111 33.8325
31 53 42 47 0.140671 4.24255 30.1593
31 53 43 48 0.177515 4.47901 25.2317
31 53 44 49 0.249835 4.89765 19.6035
31 53 45 50 0.363024 5.02123 13.8317
31 53 46 51 0.76731 6.44867 8.40426
31 53 47 52 2.2331 8.27088 3.70377
32 44 33 36 1.73767 6.96227 4.00667
32 44 34 37 0.710432 6.50967 9.16298
32 44 35 38 0.375493 5.30841 14.1372
32 44 36 39 0.286912 4.94865 17.248
32 44 37 40 0.285236 4.91974 17.248
32 44 38 41 0.389279 5.5033 14.1372
32 44 39 42 0.766876 7.02687 9.16298
32 44 40 43 2.28869 9.17002 4.00667
32 54 33 38 1.85659 6.8764 3.70377
32 54 34 39 0.74695 6.27756 8.40426
32 54 35 40 0.387429 5.3588 13.8317
32 54 36 41 0.256426 5.02686 19.6035
32 54 37 42 0.175513 4.4285 25.2317
32 54 38 43 0.148993 4.49353 30.1593
32 54 39 44 0.128823 4.3584 33.8325
32 54 40 45 0.116555 4.1724 35.7978
32 54 41 46 0.117949 4.22231 35.7978
32 54 42 47 0.12064 4.08157 33.8325
32 54 43 48 0.139833 4.21725 30.1593
32 54 44 49 0.179591 4.53138 25.2317
32 54 45 50 0.230828 4.52505 19.6035
32 54 46 51 0.383515 5.30465 13.8317
32 54 47 52 0.740029 6.21939 8.40426
32 54 48 53 2.27757 8.43559 3.70377
33 45 34 37 2.25049 9.01697 4.00667
33 45 35 38 0.721699 6.61291 9.16298
33 45 36 39 0.40954 5.78973 14.1372
33 45 37 40 0.285916 4.93147 17.248
33 45 38 41 0.29762 5.13335 17.248
33 45 39 42 0.424715 6.00427 14.1372
33 45 40 43 0.754591 6.9143 9.16298
33 45 41 44 2.07545 8.31563 4.00667
33 55 34 39 2.34961 8.70241 3.70377
33 55 35 40 0.780539 6.55986 8.40426
33 55 36 41 0.426417 5.89806 13.8317
33 55 37 42 0.246765 4.83746 19.6035
33 55 38 43 0.1895 4.78141 25.2317
33 55 39 44 0.151926 4.58199 30.1593
33 55 40 45 0.126582 4.28258 33.8325
33 55 41 46 0.1194 4.27426 35.7978
33 55 42 47 0.113535 4.0643 35.7978
33 55 43 48 0.121858 4.12275 33.8325
33 55 44 49 0.14528 4.38153 30.1593
33 55 45 50 0.170724 4.30766 25.2317
33 55 46 51 0.243133 4.76627 19.6035
33 55 47 52 0.378319 5.23278 13.8317
33 55 48 53 0.728377 6.12147 8.40426
33 55 49 54 2.13521 7.90832 3.70377
34 46 35 38 2.05433 8.231 4.00667
34 46 36 39 0.791726 7.25457 9.16298
34 46 37 40 0.382458 5.40687 14.1372
34 46 38 41 0.301303 5.19685 17.248
34 46 39 42 0.319281 5.50695 17.248
34 46 40 43 0.399746 5.65128 14.1372
34 46 41 44 0.653146 5.98476 9.16298
34 46 42 45 2.30087 9.21882 4.00667
34 56 35 40 2.18163 8.08027 3.70377
34 56 36 41 0.859319 7.22194 8.40426
34 56 37 42 0.395224 5.46661 13.8317
34 56 38 43 0.267314 5.2403 19.6035
34 56 39 44 0.196292 4.95278 25.2317
34 56 40 45 0.149327 4.50361 30.1593
34 56 41 46 0.130946 4.43023 33.8325
34 56 42 47 0.115555 4.13661 35.7978
34 56 43 48 0.115284 4.12692 35.7978
34 56 44 49 0.129012 4.36479 33.8325
34 56 45 50 0.141468 4.26657 30.1593
34 56 46 51 0.182308 4.59994 25.2317
34 56 47 52 0.252537 4.95062 19.6035
34 56 48 53 0.399259 5.52242 13.8317
34 56 49 54 0.772177 6.48958 8.40426
34 56 50 55 2.03486 7.53664 3.70377
35 47 36 39 2.61567 10.4801 4.00667
35 47 37 40 0.719458 6.59238 9.16298
35 47 38 41 0.413385 5.84409 14.1372
35 47 39 42 0.332506 5.73505 17.248
35 47 40 43 0.312768 5.39462 17.248
35 47 41 44 0.378359 5.34893 14.1372
35 47 42 45 0.742017 6.79908 9.16298
35 47 43 46 2.35495 9.43552 4.00667
35 57 36 41 2.75543 10.2055 3.70377
35 57 37 42 0.780964 6.56343 8.40426
35 57 38 43 0.428557 5.92766 13.8317
35 57 39 44 0.279219 5.47369 19.6035
35 57 40 45 0.190586 4.80881 25.2317
35 57 41 46 0.153755 4.63715 30.1593
35 57 42 47 0.124899 4.22567 33.8325
35 57 43 48 0.114981 4.11605 35.7978
35 57 44 49 0.120468 4.3125 35.7978
35 57 45 50 0.123351 4.17329 33.8325
35 57 46 51 0.145274 4.38136 30.1593
35 57 47 52 0.183558 4.63147 25.2317
35 57 48 53 0.255273 5.00426 19.6035
35 57 49 54 0.4049 5.60044 13.8317
35 57 50 55 0.730412 6.13857 8.40426
35 57 51 56 2.0193 7.47904 3.70377
36 48 37 40 1.979 7.92918 4.00667
36 48 38 41 0.721846 6.61426 9.16298
36 48 39 42 0.434442 6.14178 14.1372
36 48 40 43 0.310278 5.35166 17.248
36 48 41 44 0.290721 5.01435 17.248
36 48 42 45 0.385462 5.44934 14.1372
36 48 43 46 0.724804 6.64136 9.16298
36 48 44 47 2.21258 8.86509 4.00667
36 58 37 42 2.10494 7.79624 3.70377
36 58 38 43 0.786709 6.61171 8.40426
36 58 39 44 0.431583 5.96951 13.8317
36 58 40 45 0.259334 5.08387 19.6035
36 58 41 46 0.191515 4.83225 25.2317
36 58 42 47 0.142869 4.30883 30.1593
36 58 43 48 0.121442 4.10868 33.8325
36 58 44 49 0.119436 4.27555 35.7978
36 58 45 50 0.114693 4.10575 35.7978
36 58 46 51 0.124677 4.21812 33.8325
36 58 47 52 0.145592 4.39094 30.1593
36 58 48 53 0.183281 4.62449 25.2317
36 58 49 54 0.254761 4.99421 19.6035
36 58 50 55 0.383609 5.30595 13.8317
36 58 51 56 0.708272 5.9525 8.40426
36 58 52 57 2.38127 8.81968 3.70377
37 49 38 41 2.06998 8.29374 4.00667
37 49 39 42 0.782445 7.16953 9.16298
37 49 40 43 0.409761 5.79287 14.1372
37 49 41 44 0.299805 5.17103 17.248
37 49 42 45 0.281643 4.85777 17.248
37 49 43 46 0.36588 5.17251 14.1372
37 49 44 47 0.656075 6.0116 9.16298
37 49 45 48 2.007 8.04137 4.00667
37 59 38 43 2.20739 8.17568 3.70377
37 59 39 44 0.828821 6.96563 8.40426
37 59 40 45 0.407955 5.6427 13.8317
37 59 41 46 0.26833 5.26022 19.6035
37 59 42 47 0.180766 4.56104 25.2317
37 59 43 48 0.140181 4.22776 30.1593
37 59 44 49 0.129106 4.36797 33.8325
37 59 45 50 0.116246 4.16133 35.7978
37 59 46 51 0.117216 4.19607 35.7978
37 59 47 52 0.127759 4.32242 33.8325
37 59 48 53 0.148409 4.47591 30.1593
37 59 49 54 0.187604 4.73357 25.2317
37 59 50 55 0.253066 4.961 19.6035
37 59 51 56 0.382449 5.28991 13.8317
37 59 52 57 0.824573 6.92993 8.40426
37 59 53 58 2.36461 8.75799 3.70377
38 50 39 42 1.95398 7.82896 4.00667
38 50 40 43 0.66049 6.05206 9.16298
38 50 41 44 0.383297 5.41873 14.1372
38 50 42 45 0.277824 4.7919 17.248
38 50 43 46 0.278762 4.80807 17.248
38 50 44 47 0.381812 5.39773 14.1372
38 50 45 48 0.710696 6.5121 9.16298
38 50 46 49 2.11457 8.47237 4.00667
38 60 39 44 2.05062 7.59501 3.70377
38 60 40 45 0.692876 5.82311 8.40426
38 60 41 46 0.388247 5.3701 13.8317
38 60 42 47 0.232818 4.56406 19.6035
38 60 43 48 0.163941 4.13651 25.2317
38 60 44 49 0.141557 4.26926 30.1593
38 60 45 50 0.119881 4.05589 33.8325
38 60 46 51 0.112576 4.02997 35.7978
38 60 47 52 0.114891 4.11284 35.7978
38 60 48 53 0.123809 4.18877 33.8325
38 60 49 54 0.14367 4.33299 30.1593
38 60 50 55 0.177413 4.47642 25.2317
38 60 51 56 0.234155 4.59027 19.6035
38 60 52 57 0.396214 5.4803 13.8317
38 60 53 58 0.77135 6.48262 8.40426
38 60 54 59 2.32583 8.61434 3.70377
39 51 40 43 2.07501 8.31388 4.00667
39 51 41 44 0.734704 6.73208 9.16298
39 51 42 45 0.370283 5.23475 14.1372
39 51 43 46 0.268889 4.63778 17.248
39 51 44 47 0.287327 4.95581 17.248
39 51 45 48 0.390598 5.52195 14.1372
39 51 46 49 0.716996 6.56982 9.16298
39 51 47 50 1.95907 7.84935 4.00667
39 61 40 45 2.16209 8.0079 3.70377
39 61 41 46 0.783284 6.58293 8.40426
39 61 42 47 0.371488 5.1383 13.8317
39 61 43 48 0.221678 4.34568 19.6035
39 61 44 49 0.174864 4.41211 25.2317
39 61 45 50 0.137121 4.13548 30.1593
39 61 46 51 0.119087 4.02902 33.8325
39 61 47 52 0.113579 4.06587 35.7978
39 61 48 53 0.113934 4.07858 35.7978
39 61 49 54 0.12242 4.14178 33.8325
39 61 50 55 0.140306 4.23153 30.1593
39 61 51 56 0.166964 4.21277 25.2317
39 61 52 57 0.237923 4.66414 19.6035
39 61 53 58 0.365176 5.05099 13.8317
39 61 54 59 0.665986 5.59712 8.40426
39 61 55 60 2.12653 7.87619 3.70377
40 52 41 44 2.5884 10.3709 4.00667
40 52 42 45 0.760779 6.971 9.16298
40 52 43 46 0.363914 5.14471 14.1372
40 52 44 47 0.295046 5.08895 17.248
40 52 45 48 0.296846 5.11998 17.248
40 52 46 49 0.392906 5.55458 14.1372
40 52 47 50 0.669381 6.13353 9.16298
40 52 48 51 2.43084 9.73956 4.00667
40 62 41 46 2.70751 10.028 3.70377
40 62 42 47 0.81246 6.82813 8.40426
40 62 43 48 0.367191 5.07886 13.8317
40 62 44 49 0.253944 4.9782 19.6035
40 62 45 50 0.180092 4.54403 25.2317
40 62 46 51 0.14233 4.29257 30.1593
40 62 47 52 0.126109 4.26658 33.8325
40 62 48 53 0.117734 4.21463 35.7978
40 62 49 54 0.118032 4.22529 35.7978
40 62 50 55 0.127672 4.31946 33.8325
40 62 51 56 0.141794 4.27642 30.1593
40 62 52 57 0.184004 4.64273 25.2317
40 62 53 58 0.253245 4.9645 19.6035
40 62 54 59 0.386841 5.35066 13.8317
40 62 55 60 0.814942 6.84898 8.40426
40 62 56 61 2.19076 8.11406 3.70377
41 53 42 45 2.33086 9.339 4.00667
41 53 43 46 0.632933 5.79955 9.16298
41 53 44 47 0.38361 5.42316 14.1372
41 53 45 48 0.29137 5.02554 17.248
41 53 46 49 0.288124 4.96954 17.248
41 53 47 50 0.358848 5.07309 14.1372
41 53 48 51 0.716409 6.56444 9.16298
41 53 49 52 2.11529 8.47528 4.00667
41 63 42 47 2.44409 9.05233 3.70377
41 63 43 48 0.68108 5.72397 8.40426
41 63 44 49 0.390985 5.40798 13.8317
41 63 45 50 0.245999 4.82245 19.6035
41 63 46 51 0.175663 4.43227 25.2317
41 63 47 52 0.144034 4.34396 30.1593
41 63 48 53 0.124902 4.22574 33.8325
41 63 49 54 0.116583 4.17342 35.7978
41 63 50 55 0.118851 4.2546 35.7978
41 63 51 56 0.123235 4.16936 33.8325
41 63 52 57 0.146472 4.4175 30.1593
41 63 53 58 0.18372 4.63557 25.2317
41 63 54 59 0.24847 4.87089 19.6035
41 63 55 60 0.422201 5.83974 13.8317
41 63 56 61 0.767503 6.4503 8.40426
41 63 57 62 1.96121 7.26388 3.70377
42 54 43 46 2.01018 8.05413 4.00667
42 54 44 47 0.74443 6.82119 9.16298
42 54 45 48 0.404993 5.72545 14.1372
42 54 46 49 0.294235 5.07495 17.248
42 54 47 50 0.278903 4.81051 17.248
42 54 48 51 0.381579 5.39444 14.1372
42 54 49 52 0.688504 6.30875 9.16298
42 54 50 53 2.18389 8.75014 4.00667
42 64 43 48 2.12628 7.87526 3.70377
42 64 44 49 0.80263 6.74551 8.40426
42 64 45 50 0.409508 5.66418 13.8317
42 64 46 51 0.251579 4.93184 19.6035
42 64 47 52 0.186195 4.69801 25.2317
42 64 48 53 0.147545 4.44986 30.1593
42 64 49 54 0.126951 4.29506 33.8325
42 64 50 55 0.121414 4.34636 35.7978
42 64 51 56 0.117544 4.20782 35.7978
42 64 52 57 0.128941 4.36242 33.8325
42 64 53 58 0.149307 4.50299 30.1593
42 64 54 59 0.184519 4.65573 25.2317
42 64 55 60 0.275131 5.39354 19.6035
42 64 56 61 0.421867 5.83512 13.8317
42 64 57 62 0.74432 6.25546 8.40426
42 64 58 63 2.46812 9.14134 3.70377
43 55 44 47 2.28059 9.13758 4.00667
43 55 45 48 0.74856 6.85904 9.16298
43 55 46 49 0.390852 5.52554 14.1372
43 55 47 50 0.287681 4.96191 17.248
43 55 48 51 0.287606 4.96061 17.248
43 55 49 52 0.3708 5.24207 14.1372
43 55 50 53 0.690777 6.32958 9.16298
43 55 51 54 2.02928 8.13067 4.00667
44 56 45 48 2.08576 8.35694 4.00667
44 56 46 49 0.657528 6.02491 9.16298
44 56 47 50 0.368904 5.21525 14.1372
44 56 48 51 0.282671 4.8755 17.248
44 56 49 52 0.282928 4.87994 17.248
44 56 50 53 0.398935 5.63981 14.1372
44 56 51 54 0.721942 6.61513 9.16298
44 56 52 55 1.91523 7.6737 4.00667
45 57 46 49 2.31574 9.27839 4.00667
45 57 47 50 0.744072 6.81791 9.16298
45 57 48 51 0.388637 5.49422 14.1372
45 57 49 52 0.28206 4.86496 17.248
45 57 50 53 0.30406 5.24442 17.248
45 57 51 54 0.402892 5.69575 14.1372
45 57 52 55 0.675667 6.19112 9.16298
45 57 53 56 1.89867 7.60736 4.00667
46 58 47 50 2.35746 9.44556 4.00667
46 58 48 51 0.728013 6.67076 9.16298
46 58 49 52 0.367667 5.19777 14.1372
46 58 50 53 0.30236 5.21509 17.248
46 58 51 54 0.302736 5.22157 17.248
46 58 52 55 0.377611 5.33835 14.1372
46 58 53 56 0.653514 5.98813 9.16298
46 58 54 57 2.25948 9.05298 4.00667
47 59 48 51 2.19952 8.81276 4.00667
47 59 49 52 0.644257 5.90331 9.16298
47 59 50 53 0.391263 5.53135 14.1372
47 59 51 54 0.301468 5.1997 17.248
47 59 52 55 0.292822 5.05059 17.248
47 59 53 56 0.371206 5.2478 14.1372
47 59 54 57 0.764883 7.00861 9.16298
47 59 55 58 2.25249 9.02499 4.00667
48 60 49 52 1.99007 7.97354 4.00667
48 60 50 53 0.71817 6.58058 9.16298
48 60 51 54 0.399214 5.64375 14.1372
48 60 52 55 0.29213 5.03865 17.248
48 60 53 56 0.273915 4.72447 17.248
48 60 54 57 0.387341 5.4759 14.1372
48 60 55 58 0.725522 6.64794 9.16298
48 60 56 59 2.22999 8.93484 4.00667
49 61 50 53 2.12349 8.50811 4.00667
49 61 51 54 0.726633 6.65812 9.16298
49 61 52 55 0.391343 5.53249 14.1372
49 61 53 56 0.274531 4.73509 17.248
49 61 54 57 0.276383 4.76704 17.248
49 61 55 58 0.364653 5.15516 14.1372
49 61 56 59 0.631084 5.78261 9.16298
49 61 57 60 2.02227 8.10258 4.00667
50 62 51 54 1.98529 7.95441 4.00667
50 62 52 55 0.679493 6.22618 9.16298
50 62 53 56 0.356103 5.03429 14.1372
50 62 54 57 0.27638 4.767 17.248
50 62 55 58 0.28935 4.9907 17.248
50 62 56 59 0.38678 5.46797 14.1372
50 62 57 60 0.762147 6.98354 9.16298
50 62 58 61 2.06934 8.29114 4.00667
51 63 52 55 2.43882 9.77155 4.00667
51 63 53 56 0.710883 6.51381 9.16298
51 63 54 57 0.377745 5.34024 14.1372
51 63 55 58 0.290474 5.01008 17.248
51 63 56 59 0.298061 5.14095 17.248
51 63 57 60 0.418906 5.92215 14.1372
51 63 58 61 0.712302 6.52681 9.16298
51 63 59 62 1.84931 7.40958 4.00667
52 64 53 56 2.10846 8.44788 4.00667
52 64 54 57 0.685428 6.28056 9.16298
52 64 55 58 0.376502 5.32267 14.1372
52 64 56 59 0.300544 5.18377 17.248
52 64 57 60 0.319509 5.51089 17.248
52 64 58 61 0.41289 5.8371 14.1372
52 64 59 62 0.692149 6.34214 9.16298
52 64 60 63 2.33161 9.34197 4.00667
