64
# x y z
0.0 0.0 0.0
0.5 0.0 0.0
1.0 0.0 0.0
1.5 0.0 0.0
2.0 0.0 0.0
2.5 0.0 0.0
3.0 0.0 0.0
3.5 0.0 0.0
4.0 0.0 0.0
4.5 0.0 0.0
5.0 0.0 0.0
5.5 0.0 0.0
6.0 0.0 0.0
6.5 0.0 0.0
7.0 0.0 0.0
7.5 0.0 0.0
8.0 0.0 0.0
8.5 0.0 0.0
9.0 0.0 0.0
9.5 0.0 0.0
10.0 0.0 0.0
10.5 0.0 0.0
11.0 0.0 0.0
11.5 0.0 0.0
12.0 0.0 0.0
12.5 0.0 0.0
13.0 0.0 0.0
13.5 0.0 0.0
14.0 0.0 0.0
14.5 0.0 0.0
15.0 0.0 0.0
15.5 0.0 0.0
16.0 0.0 0.0
16.5 0.0 0.0
17.0 0.0 0.0
17.5 0.0 0.0
18.0 0.0 0.0
18.5 0.0 0.0
19.0 0.0 0.0
19.5 0.0 0.0
20.0 0.0 0.0
20.5 0.0 0.0
21.0 0.0 0.0
21.5 0.0 0.0
22.0 0.0 0.0
22.5 0.0 0.0
23.0 0.0 0.0
23.5 0.0 0.0
24.0 0.0 0.0
24.5 0.0 0.0
25.0 0.0 0.0
25.5 0.0 0.0
26.0 0.0 0.0
26.5 0.0 0.0
27.0 0.0 0.0
27.5 0.0 0.0
28.0 0.0 0.0
28.5 0.0 0.0
29.0 0.0 0.0
29.5 0.0 0.0
30.0 0.0 0.0
30.5 0.0 0.0
31.0 0.0 0.0
31.5 0.0 0.0
1400
# a b m n r rhoa
1 13 2 5 1.5464793 6.196230502712528
1 13 3 6 0.553974354 5.0760551356770245
1 13 4 7 0.362796869 5.128919902781015
1 13 5 8 0.290410591 5.008990160370113
1 13 6 9 0.22671584 3.910385664137314
1 13 7 10 0.395082467 5.585346791502006
1 13 8 11 0.68683343 6.293440002289648
1 13 9 12 2.37545589 9.517665217676136
1 23 2 7 1.66820489 6.178651215115115
1 23 3 8 0.605644127 5.0899910753545345
1 23 4 9 0.360950635 4.99255156332806
1 23 5 10 0.245467151 4.812024661262309
1 23 6 11 0.173212793 4.370451328791344
1 23 7 12 0.142862966 4.308645546774223
1 23 8 13 0.116283347 3.93416055490804
1 23 9 14 0.123693061 4.42793517096518
1 23 10 15 0.101346496 3.6279780811025604
1 23 11 16 0.122948234 4.159650586067182
1 23 12 17 0.134914587 4.068928083660488
1 23 13 18 0.18403942 4.643625414486494
1 23 14 19 0.247894633 4.859611897278139
1 23 15 20 0.354088595 4.897638062124163
1 23 16 21 0.754977963 6.345031549788884
1 23 17 22 1.82830576 6.771628397292352
1 57 4 16 0.431580942 4.9812872171591245
1 57 5 17 0.288514747 4.68980916424188
1 57 6 18 0.20560037 4.387705550556853
1 57 7 19 0.160916893 4.305106635444593
1 57 8 20 0.123473405 4.0054255199640165
1 57 9 21 0.115139788 4.414238385152779
1 57 10 22 0.09123649 4.049165899750699
1 57 11 23 0.081628878 4.121706216365579
1 57 12 24 0.072389787 4.0967845794993165
1 57 13 25 0.06562216 4.107602813806433
1 57 14 26 0.060153553 4.114896300976734
1 57 15 27 0.058707154 4.340557939262167
1 57 16 28 0.052038412 4.115676419981671
1 57 17 29 0.050937817 4.267356578056033
1 57 18 30 0.046923096 4.124972777503079
1 57 19 31 0.044729536 4.088748237046938
1 57 20 32 0.044325017 4.175886536098925
1 57 21 33 0.042901708 4.129420310172903
1 57 22 34 0.043016651 4.193943005719617
1 57 23 35 0.043980922 4.306302741961362
1 57 24 36 0.043162902 4.208201864656114
1 57 25 37 0.044338766 4.267741527875855
1 57 26 38 0.043691172 4.116171617061812
1 57 27 39 0.046065916 4.210907370757263
1 57 28 40 0.047997692 4.219439673865027
1 57 29 41 0.048542278 4.066668372088357
1 57 30 42 0.053020491 4.193348263289634
1 57 31 43 0.057895746 4.280565873620885
1 57 32 44 0.059350329 4.0599505280070805
1 57 33 45 0.065493935 4.0995766017646424
1 57 34 46 0.072660334 4.112095755613563
1 57 35 47 0.081459044 4.113130748091346
1 57 36 48 0.093186657 4.135716245069981
1 57 37 49 0.109306311 4.190594078179538
1 57 38 50 0.123941029 4.020595046578656
1 57 39 51 0.158432908 4.238651087450357
1 57 40 52 0.198945672 4.245688027184305
1 57 41 53 0.294886383 4.793380150524994
1 57 42 54 0.435093923 5.021833880939803
2 14 3 6 1.36828959 5.4822833348639195
2 14 4 7 0.620623721 5.686761857400054
2 14 5 8 0.374846923 5.2992735278289365
2 14 6 9 0.236061257 4.071575039622437
2 14 7 10 0.279003965 4.812249135188211
2 14 8 11 0.334116167 4.723456030617522
2 14 9 12 0.640837961 5.871984505388932
2 14 10 13 1.31913871 5.285352032976359
2 24 3 8 1.47859721 5.476387524695674
2 24 4 9 0.660955175 5.55483953691405
2 24 5 10 0.373823943 5.170610964665873
2 24 6 11 0.234001618 4.587259647590411
2 24 7 12 0.17724896 4.472290639403775
2 24 8 13 0.13126243 3.9587816234913054
2 24 9 14 0.13322382 4.507299722101814
2 24 10 15 0.102331696 3.6632460395083672
2 24 11 16 0.114455525 4.097252024984526
2 24 12 17 0.116900085 3.955026365661775
2 24 13 18 0.146352648 4.413891876386042
2 24 14 19 0.179430907 4.527344847585167
2 24 15 20 0.234526338 4.5975460161328865
2 24 16 21 0.38248215 5.290368462511716
2 24 17 22 0.651819617 5.47806192673773
2 24 18 23 2.36728972 8.767902307855914
2 58 5 17 0.432598703 4.993034167420479
2 58 6 18 0.279949348 4.550578545553302
2 58 7 19 0.207217615 4.4222190821380964
2 58 8 20 0.150635757 4.030049206803411
2 58 9 21 0.137869154 4.472417585369489
2 58 10 22 0.105945696 4.061754551996633
2 58 11 23 0.09312159 4.132828507087085
2 58 12 24 0.080879828 4.083884257801251
2 58 13 25 0.072386278 4.096585993238945
2 58 14 26 0.065412392 4.094472437923552
2 58 15 27 0.063346479 4.333313314294176
2 58 16 28 0.055264502 4.0860228536281955
2 58 17 29 0.05363293 4.241785574385467
2 58 18 30 0.04890263 4.096857150645861
2 58 19 31 0.046197158 4.06115613402851
2 58 20 32 0.045467736 4.156227451420816
2 58 21 33 0.043637335 4.111099600880883
2 58 22 34 0.043389805 4.17640113585785
2 58 23 35 0.043797439 4.270066560097427
2 58 24 36 0.042831761 4.193784974251648
2 58 25 37 0.043517686 4.242791816238844
2 58 26 38 0.042509893 4.091706920793851
2 58 27 39 0.044437746 4.186506803053992
2 58 28 40 0.045966234 4.201795391554857
2 58 29 41 0.046072104 4.050162734408888
2 58 30 42 0.049750568 4.167893838419184
2 58 31 43 0.053693684 4.246590559695541
2 58 32 44 0.054542982 4.032676725414649
2 58 33 45 0.05938814 4.062537047610274
2 58 34 46 0.06497169 4.066886805642474
2 58 35 47 0.071345665 4.03769415962122
2 58 36 48 0.080208783 4.050001024125528
2 58 37 49 0.091923526 4.0796572387215555
2 58 38 50 0.102214219 3.9186968888479496
2 58 39 51 0.125401778 4.067981132050761
2 58 40 52 0.151015445 4.040207228734636
2 58 41 53 0.206769277 4.412651126929039
2 58 42 54 0.276402243 4.492920329782695
2 58 43 55 0.393180297 4.5380687534736595
3 15 4 7 2.20057748 8.816985332528066
3 15 5 8 0.748389686 6.857478657049919
3 15 6 9 0.355924932 5.031770182202921
3 15 7 10 0.310465116 5.354889798706293
3 15 8 11 0.295144187 5.090635033256885
3 15 9 12 0.474275032 6.704905303405202
3 15 10 13 0.736555767 6.749044710818653
3 15 11 14 2.36019194 9.456507624049193
3 25 4 9 2.29827002 8.512269048519357
3 25 5 10 0.778631614 6.543822996980696
3 25 6 11 0.38335659 5.3024634316452
3 25 7 12 0.24920297 4.885259931581685
3 25 8 13 0.162589227 4.102400815102078
3 25 9 14 0.156033625 4.705863264124651
3 25 10 15 0.111853528 3.7842885429235364
3 25 11 16 0.115279067 4.126732988242174
3 25 12 17 0.110542144 3.9571617302889575
3 25 13 18 0.127448527 4.311906912212738
3 25 14 19 0.145582483 4.390664247207943
3 25 15 20 0.178892641 4.513763487258373
3 25 16 21 0.24906841 4.882622079487091
3 25 17 22 0.360433501 4.985398734354231
3 25 18 23 0.83114488 6.9851581695047384
3 25 19 24 2.39503085 8.870649139261717
3 59 6 18 0.445649566 5.143666622907347
3 59 7 19 0.293276392 4.767209735928659
3 59 8 20 0.193960418 4.139298011219179
3 59 9 21 0.172652967 4.619088897403061
3 59 10 22 0.127099655 4.123059550480706
3 59 11 23 0.108799986 4.171182549904339
3 59 12 24 0.092323883 4.097425479390683
3 59 13 25 0.08127716 4.103946836321085
3 59 14 26 0.072242405 4.088443730190066
3 59 15 27 0.069417133 4.345148206599347
3 59 16 28 0.059683006 4.082707809804223
3 59 17 29 0.057345862 4.239909783191544
3 59 18 30 0.051718576 4.090380846330015
3 59 19 31 0.048296942 4.046115151414728
3 59 20 32 0.047134052 4.143517754954076
3 59 21 33 0.044798269 4.0950311533860875
3 59 22 34 0.044266577 4.170380868516899
3 59 23 35 0.044129415 4.247590855288297
3 59 24 36 0.042826327 4.175387214181577
3 59 25 37 0.043215845 4.231391779819377
3 59 26 38 0.041876778 4.082810170302963
3 59 27 39 0.043400028 4.17738513080348
3 59 28 40 0.044377056 4.180789161617422
3 59 29 41 0.044098424 4.031057987870663
3 59 30 42 0.047169847 4.1466644654902
3 59 31 43 0.050510061 4.231520975199261
3 59 32 44 0.05088632 4.0245583843650286
3 59 33 45 0.054872543 4.057043067803196
3 59 34 46 0.059315208 4.057548021990742
3 59 35 47 0.064050207 4.00920680602535
3 59 36 48 0.071062661 4.021677999452982
3 59 37 49 0.080041433 4.041550981049978
3 59 38 50 0.087714996 3.8928785039841953
3 59 39 51 0.104609956 4.010544845230593
3 59 40 52 0.122421549 3.971303752076209
3 59 41 53 0.159461527 4.266170351585319
3 59 42 54 0.20100883 4.2897177621905005
3 59 43 55 0.263383415 4.281299192572372
3 59 44 56 0.347099677 4.006208374511961
4 16 5 8 2.04983909 8.213026514555024
4 16 6 9 0.647110836 5.929462724604853
4 16 7 10 0.387986989 5.485036834488719
4 16 8 11 0.254740879 4.3937604064689
4 16 9 12 0.316177741 5.453420924297661
4 16 10 13 0.345224391 4.880494847725257
4 16 11 14 0.585185523 5.362042408461378
4 16 12 15 1.0347691 4.145977162891473
4 26 5 10 2.13373671 7.902875117442695
4 26 6 11 0.723048543 6.076688383239452
4 26 7 12 0.387550342 5.360470042725993
4 26 8 13 0.213685716 4.188996087511089
4 26 9 14 0.192849271 4.865912835308833
4 26 10 15 0.127693088 3.85113280487995
4 26 11 16 0.121348625 4.105531756557778
4 26 12 17 0.108518944 3.8847356914677764
4 26 13 18 0.114995586 4.116585001927886
4 26 14 19 0.12144286 4.108719965613128
4 26 15 20 0.140294787 4.231191092890988
4 26 16 21 0.168555164 4.252931482251677
4 26 17 22 0.213211426 4.1796983253979425
4 26 18 23 0.360069002 4.9803571029625
4 26 19 24 0.62818998 5.279472299460015
4 26 20 25 1.29892945 4.8109390355469515
4 60 7 19 0.447977857 5.170539649650326
4 60 8 20 0.258830765 4.207295836024411
4 60 9 21 0.222270333 4.743458262396221
4 60 10 22 0.155281968 4.154352090315931
4 60 11 23 0.129025605 4.185536561462744
4 60 12 24 0.106850902 4.096458411896657
4 60 13 25 0.092266092 4.094860657502944
4 60 14 26 0.080458893 4.062629887427743
4 60 15 27 0.076609528 4.3355940935856205
4 60 16 28 0.064581961 4.042491815641809
4 60 17 29 0.061563813 4.211367305065478
4 60 18 30 0.054989364 4.065680317004929
4 60 19 31 0.050808616 4.018412837100092
4 60 20 32 0.04912206 4.115240075338587
4 60 21 33 0.046296568 4.069895189605993
4 60 22 34 0.04534213 4.144745747003794
4 60 23 35 0.044673482 4.208715633531684
4 60 24 36 0.043107287 4.14920791625015
4 60 25 37 0.043164659 4.2083731647850104
4 60 26 38 0.041533924 4.066709897660054
4 60 27 39 0.042724645 4.165473645765766
4 60 28 40 0.043509345 4.187907225635862
4 60 29 41 0.042700409 4.022831238373069
4 60 30 42 0.045252498 4.136552443098674
4 60 31 43 0.048010505 4.220566054703115
4 60 32 44 0.048002285 4.021430024307293
4 60 33 45 0.051220512 4.050989362584474
4 60 34 46 0.054920162 4.06056381467009
4 60 35 47 0.058362843 3.9924000295574493
4 60 36 48 0.063913981 4.000679773374892
4 60 37 49 0.070925037 4.013889388595914
4 60 38 50 0.076786888 3.877218471690466
4 60 39 51 0.089528569 3.973366672131705
4 60 40 52 0.10256191 3.932026694165745
4 60 41 53 0.128755975 4.176789877244001
4 60 42 54 0.155944431 4.172075362272446
4 60 43 55 0.194125434 4.142819608087564
4 60 44 56 0.240291215 3.9059353253572713
4 60 45 57 0.406519331 4.692027265278036
5 17 6 9 1.93505491 7.753124311308691
5 17 7 10 0.713908275 6.541526226891139
5 17 8 11 0.318552388 4.503428288659294
5 17 9 12 0.328877479 5.672465493100175
5 17 10 13 0.284466581 4.90646811563125
5 17 11 14 0.388270541 5.489045456449218
5 17 12 15 0.518489313 4.750906465333055
5 17 13 16 2.86180272 11.466295931933704
5 27 6 11 2.0738617 7.681111708457886
5 27 7 12 0.752737784 6.3262045016778465
5 27 8 13 0.31739464 4.390099233719167
5 27 9 14 0.265206732 5.198990290626642
5 27 10 15 0.159535521 4.025350654924601
5 27 11 16 0.14023209 4.229300195918808
5 27 12 17 0.117490351 3.9749965615153853
5 27 13 18 0.117363608 4.20135489778663
5 27 14 19 0.116651107 4.175848954189294
5 27 15 20 0.129694724 4.3879014536835195
5 27 16 21 0.143830443 4.3378239656771065
5 27 17 22 0.171209422 4.319902894709965
5 27 18 23 0.25718402 5.041716749800787
5 27 19 24 0.391374588 5.413365767222644
5 27 20 25 0.642597394 5.400555961316342
5 27 21 26 2.07557407 7.687453937188091
5 61 8 20 0.378038206 4.363299441395555
5 61 9 21 0.307181157 4.9932317850672066
5 61 10 22 0.198563269 4.237527186979349
5 61 11 23 0.158812783 4.248814112305302
5 61 12 24 0.127355474 4.131358211646579
5 61 13 25 0.107410181 4.117900094851726
5 61 14 26 0.091577795 4.064313354101633
5 61 15 27 0.086361357 4.360664396252844
5 61 16 28 0.071268494 4.033326789914986
5 61 17 29 0.067164169 4.20412448434143
5 61 18 30 0.05917903 4.048232556477441
5 61 19 31 0.054184247 4.00615338121811
5 61 20 32 0.051880782 4.103209589247449
5 61 21 33 0.048384 4.053408505367694
5 61 22 34 0.047051785 4.136285727138033
5 61 23 35 0.045743843 4.181466524088288
5 61 24 36 0.043834016 4.1296290362967
5 61 25 37 0.043540272 4.190884043760043
5 61 26 38 0.041560934 4.052016705356133
5 61 27 39 0.042400711 4.1515795880862
5 61 28 40 0.042944089 4.186868515137329
5 61 29 41 0.041705749 4.0143056069369845
5 61 30 42 0.043785291 4.125038624713294
5 61 31 43 0.046035024 4.208083518291214
5 61 32 44 0.045666177 4.014478008391374
5 61 33 45 0.048215757 4.039313812759215
5 61 34 46 0.051215415 4.050586244927604
5 61 35 47 0.053685826 3.9693022467099546
5 61 36 48 0.058112144 3.975250578921365
5 61 37 49 0.063551226 3.9779732142076485
5 61 38 50 0.068049912 3.851176273220496
5 61 39 51 0.077667392 3.9216779681242495
5 61 40 52 0.087304313 3.874651985195415
5 61 41 53 0.106159032 4.069933444597468
5 61 42 54 0.124185864 4.028537391387082
5 61 43 55 0.148155066 3.9636817851767225
5 61 44 56 0.174824214 3.730913393490192
5 61 45 57 0.254437433 4.135882194644211
5 61 46 58 0.40428023 4.666183665378696
6 18 7 10 2.26591193 9.078758840888602
6 18 8 11 0.524206564 4.803293513742347
6 18 9 12 0.42662773 6.031307440735617
6 18 10 13 0.267594566 4.615460281414153
6 18 11 14 0.274723443 4.738418864379501
6 18 12 15 0.273191359 3.862151849063762
6 18 13 16 0.713420182 6.537053841190522
6 18 14 17 1.94465567 7.791591377735783
6 28 7 12 2.36780573 8.769813491447705
6 28 8 13 0.573843873 4.822733453530015
6 28 9 14 0.423841425 5.862436476907549
6 28 10 15 0.221965799 4.351315010556311
6 28 11 16 0.176638734 4.456893606734467
6 28 12 17 0.136562688 4.118633638802637
6 28 13 18 0.12745158 4.312010202945968
6 28 14 19 0.118212682 4.231749849588754
6 28 15 20 0.12611653 4.514689945518329
6 28 16 21 0.12888963 4.36066308172822
6 28 17 22 0.144648982 4.362510520324244
6 28 18 23 0.196607161 4.960730747193388
6 28 19 24 0.271973104 5.331635122322574
6 28 20 25 0.396150597 5.4794259673921735
6 28 21 26 0.861649366 7.2415258193775776
6 28 22 27 2.52003317 9.333629280963741
6 62 9 21 0.482420961 5.568080358652445
6 62 10 22 0.275824241 4.483524903362603
6 62 11 23 0.207759827 4.433790396926969
6 62 12 24 0.159288588 4.261543610274653
6 62 13 25 0.130275604 4.226086005244014
6 62 14 26 0.107804145 4.133003918137978
6 62 15 27 0.100394864 4.4556236196603916
6 62 16 28 0.081211495 4.100631197967001
6 62 17 29 0.075136665 4.252239760382304
6 62 18 30 0.065054831 4.0720909958968425
6 62 19 31 0.059028181 4.037913498647123
6 62 20 32 0.055951137 4.13678973291901
6 62 21 33 0.0516597 4.085724390539188
6 62 22 34 0.049847633 4.176025536843736
6 62 23 35 0.047867835 4.20802404626091
6 62 24 36 0.045525509 4.1615085089282955
6 62 25 37 0.044882103 4.228369943535614
6 62 26 38 0.042535716 4.094192463343104
6 62 27 39 0.04309397 4.201481283844969
6 62 28 40 0.043219974 4.231796062476789
6 62 29 41 0.041798237 4.075152752304239
6 62 30 42 0.043536509 4.190521843527195
6 62 31 43 0.045469343 4.283694177465604
6 62 32 44 0.044831194 4.098040843352573
6 62 33 45 0.047008065 4.132442336032033
6 62 34 46 0.049577454 4.153391073868956
6 62 35 47 0.051422645 4.066975900025319
6 62 36 48 0.055272538 4.086617001380613
6 62 37 49 0.059901177 4.0976321325766465
6 62 38 50 0.063656334 3.984552423373478
6 62 39 51 0.07177935 4.062237870743898
6 62 40 52 0.079727563 4.025702669008612
6 62 41 53 0.095343832 4.231453810706215
6 62 42 54 0.109578653 4.201035147519438
6 62 43 55 0.128027344 4.153153392917381
6 62 44 56 0.148016988 3.959987701212468
6 62 45 57 0.203666308 4.346430845786034
6 62 46 58 0.296476699 4.819230747863233
6 62 47 59 0.454913221 5.250587299297344
7 19 8 11 1.14262944 4.578137831799841
7 19 9 12 0.699075532 6.405614120603765
7 19 10 13 0.324566247 4.588447217302855
7 19 11 14 0.26823028 4.626425050845753
7 19 12 15 0.219002762 3.777350805886682
7 19 13 16 0.390968557 5.527187759051122
7 19 14 17 0.694887196 6.3672364875793654
7 19 15 18 2.71926121 10.895179298064306
7 29 8 13 1.24129144 4.597460965402152
7 29 9 14 0.737118311 6.194934380120569
7 29 10 15 0.318233146 4.401697175474166
7 29 11 16 0.227456654 4.458955196071055
7 29 12 17 0.163402274 4.122915364171901
7 29 13 18 0.140020654 4.222923436389485
7 29 14 19 0.120296216 4.069926090895005
7 29 15 20 0.122663806 4.3910901420076405
7 29 16 21 0.114028308 4.0819586110723725
7 29 17 22 0.119149933 4.031144429722476
7 29 18 23 0.143836879 4.338018070864164
7 29 19 24 0.178429035 4.502065924834474
7 29 20 25 0.230854388 4.525562804192148
7 29 21 26 0.378482522 5.235046911341344
7 29 22 27 0.689457216 5.794378117165798
7 29 23 28 1.7228333 6.3809824118701535
7 63 10 22 0.38942631 4.494740409618102
7 63 11 23 0.272930049 4.436479792823849
7 63 12 24 0.198644584 4.239262525669857
7 63 13 25 0.157158954 4.204568228178079
7 63 14 26 0.126054675 4.089160837151693
7 63 15 27 0.115869512 4.442214602126248
7 63 16 28 0.091672937 4.0685358504080344
7 63 17 29 0.083639074 4.223207517771598
7 63 18 30 0.071264471 4.033099114644117
7 63 19 31 0.063939391 4.002270306016592
7 63 20 32 0.05992872 4.099516253849052
7 63 21 33 0.054834916 4.054261087031643
7 63 22 34 0.052664907 4.165225408885029
7 63 23 35 0.049954383 4.184968603930955
7 63 24 36 0.047048664 4.13601136246187
7 63 25 37 0.045966017 4.201775555481273
7 63 26 38 0.043101872 4.060653309291663
7 63 27 39 0.043365109 4.174024070497654
7 63 28 40 0.043191649 4.211004576554475
7 63 29 41 0.041359205 4.049602641273461
7 63 30 42 0.042762935 4.169206760128597
7 63 31 43 0.044305846 4.264572877420006
7 63 32 44 0.043397121 4.088468895327347
7 63 33 45 0.045100542 4.122662072603691
7 63 34 46 0.047029191 4.134299506217425
7 63 35 47 0.048243353 4.041625689849042
7 63 36 48 0.051468858 4.070630849265442
7 63 37 49 0.055220399 4.082762064886924
7 63 38 50 0.058209562 3.9819146070270457
7 63 39 51 0.064723437 4.0513474707389
7 63 40 52 0.070908814 4.012971273776303
7 63 41 53 0.083267973 4.204469427330132
7 63 42 54 0.093805939 4.16320059433341
7 63 43 55 0.107242302 4.111463936346198
7 63 44 56 0.12145569 3.939971690833653
7 63 45 57 0.158935644 4.252101086696097
7 63 46 58 0.215899014 4.607488313798033
7 63 47 59 0.301232587 4.8965377394760665
7 63 48 60 0.47199116 5.447700079212735
8 20 9 12 2.3377203 9.366471203119422
8 20 10 13 0.572245993 5.243477772327072
8 20 11 14 0.354845993 5.016517041440599
8 20 12 15 0.231641828 3.9953489064802943
8 20 13 16 0.287298471 4.955312440131972
8 20 14 17 0.360880943 5.1018341370721165
8 20 15 18 0.79422478 7.277464641261995
8 20 16 19 1.99479276 7.992474096550864
8 30 9 14 2.43472736 9.017675977042614
8 30 10 15 0.606039053 5.093310136377024
8 30 11 16 0.356181973 4.926592984468424
8 30 12 17 0.225992078 4.430244324569178
8 30 13 18 0.176466242 4.452541342230506
8 30 14 19 0.13922672 4.198978951059868
8 30 15 20 0.135986121 4.600755370871393
8 30 16 21 0.116393045 4.166610911271999
8 30 17 22 0.115281972 4.126836980750466
8 30 18 23 0.127865105 4.326000802506784
8 30 19 24 0.147960367 4.462379539100635
8 30 20 25 0.178843489 4.512523299279229
8 30 21 26 0.258123226 5.060128510460385
8 30 22 27 0.394847965 5.461408386046068
8 30 23 28 0.712941957 5.991750000699332
8 30 24 29 2.86064614 10.595182195470825
8 64 11 23 0.418820588 4.834007803077338
8 64 12 24 0.275857842 4.484071087844908
8 64 13 25 0.205936338 4.394875424124733
8 64 14 26 0.157032401 4.201182479485831
8 64 15 27 0.141594397 4.593262907325804
8 64 16 28 0.108212727 4.148668167475335
8 64 17 29 0.096723701 4.292693765256452
8 64 18 30 0.080667196 4.073147780004774
8 64 19 31 0.071249329 4.0322421772959975
8 64 20 32 0.065877946 4.123613674974861
8 64 21 33 0.059480596 4.068861642475076
8 64 22 34 0.056591247 4.184116751062337
8 64 23 35 0.052847098 4.179634749481989
8 64 24 36 0.049259389 4.126744922739249
8 64 25 37 0.047733616 4.196224958638395
8 64 26 38 0.044466226 4.064678944258011
8 64 27 39 0.044387646 4.18178685189281
8 64 28 40 0.043910145 4.226485448682769
8 64 29 41 0.041594794 4.055317913304043
8 64 30 42 0.042637636 4.174777618749113
8 64 31 43 0.043791026 4.26944131950174
8 64 32 44 0.042542641 4.09485901572484
8 64 33 45 0.043837374 4.129945395498281
8 64 34 46 0.045222445 4.133805284023115
8 64 35 47 0.045865638 4.032012469356472
8 64 36 48 0.048550489 4.067356255215787
8 64 37 49 0.051529326 4.075413215064065
8 64 38 50 0.053892576 3.9845884647055065
8 64 39 51 0.059123128 4.044408494197736
8 64 40 52 0.063846915 3.9964817937547346
8 64 41 53 0.07377282 4.17505512707447
8 64 42 54 0.081624331 4.121476623620646
8 64 43 55 0.091460184 4.0590936612941215
8 64 44 56 0.101792733 3.9025379249283314
8 64 45 57 0.127850909 4.147429915447761
8 64 46 58 0.164918297 4.41215860861123
8 64 47 59 0.215199683 4.592563931558952
8 64 48 60 0.303717268 4.936926245939542
8 64 49 61 0.451573294 5.212038016758949
9 21 10 13 1.04750663 4.197012228097464
9 21 11 14 0.476590439 4.366987980639475
9 21 12 15 0.257945411 3.646617337011607
9 21 13 16 0.249232273 4.298748192360787
9 21 14 17 0.246650059 4.2542102694378245
9 21 15 18 0.409332768 5.786805675700701
9 21 16 19 0.630256887 5.77503035104792
9 21 17 20 1.33345984 5.342732059038985
9 31 10 15 1.11425352 4.126941424619787
9 31 11 16 0.507322096 4.263667103916549
9 31 12 17 0.28400583 3.9282760939339623
9 31 13 18 0.205575546 4.030008060444977
9 31 14 19 0.152287504 3.8424709439049174
9 31 15 20 0.144329339 4.352870314558758
9 31 16 21 0.116890718 3.9547094562945393
9 31 17 22 0.111186558 3.9802303114380844
9 31 18 23 0.115900805 4.1489898192646155
9 31 19 24 0.127131902 4.30119468541643
9 31 20 25 0.145855597 4.398901171393471
9 31 21 26 0.192259929 4.851042741233203
9 31 22 27 0.26318915 5.15943854490194
9 31 23 28 0.397154662 5.493313867285833
9 31 24 29 0.998595302 8.392455153900908
9 31 25 30 2.72440349 10.09057042984232
10 22 11 14 2.26750474 9.085140703165727
10 22 12 15 0.658479487 6.033633430121429
10 22 13 16 0.396988541 5.612293277842198
10 22 14 17 0.273227084 4.712609724700496
10 22 15 18 0.359168821 6.1949293381684365
10 22 16 19 0.424473128 6.000847472569872
10 22 17 20 0.674445373 6.179928501437915
10 22 18 21 2.81414106 11.275331441492794
10 32 11 16 2.36480475 8.758698544575958
10 32 12 17 0.739024908 6.210957918171484
10 32 13 18 0.398456323 5.511318018076351
10 32 14 19 0.235259176 4.611912233829812
10 32 15 20 0.204964203 5.171593032138271
10 32 16 21 0.1444349 4.356053959314972
10 32 17 22 0.126935876 4.294562628661679
10 32 18 23 0.117515575 4.206794976790949
10 32 19 24 0.118000456 4.224152633043249
10 32 20 25 0.125380464 4.2419390957577745
10 32 21 26 0.147899709 4.460550136919692
10 32 22 27 0.180594982 4.556716425991404
10 32 23 28 0.229687934 4.50269617869313
10 32 24 29 0.410552654 5.67863052673722
10 32 25 30 0.680817372 5.721766616629519
10 32 26 31 1.3622962 5.04563505474241
11 23 12 15 1.77998594 7.131814293167347
11 23 13 16 0.69150273 6.336224698140418
11 23 14 17 0.328320891 4.641527246335459
11 23 15 18 0.339163397 5.849876591899853
11 23 16 19 0.289033215 4.985233234676139
11 23 17 20 0.34858862 4.928055514726529
11 23 18 21 0.698914802 6.404141355057731
11 23 19 22 1.70686521 6.83884373895003
11 33 12 17 1.92885843 7.144052600340078
11 33 13 18 0.742840166 6.2430223406671965
11 33 14 19 0.347164263 4.801862958274844
11 33 15 20 0.281376779 5.515980424014269
11 33 16 21 0.17762429 4.4817608492469665
11 33 17 22 0.147021018 4.434049440692088
11 33 18 23 0.124522233 4.212902964322726
11 33 19 24 0.117702155 4.213474123846731
11 33 20 25 0.118265312 4.233633885978215
11 33 21 26 0.129928363 4.3958060536249715
11 33 22 27 0.148874582 4.48995161392753
11 33 23 28 0.174277977 4.397327720237831
11 33 24 29 0.272108805 5.334295342054207
11 33 25 30 0.393465245 5.4422830535815745
11 33 26 31 0.606666091 5.098579927136356
11 33 27 32 1.57958151 5.850410387020786
12 24 13 16 2.28767073 9.165939147965728
12 24 14 17 0.576589872 5.2832806425276475
12 24 15 18 0.467622084 6.610851466878385
12 24 16 19 0.290684169 5.013708822679828
12 24 17 20 0.284738664 4.911160992241262
12 24 18 21 0.37415627 5.289509651069528
12 24 19 22 0.593287621 5.436281758831482
12 24 20 23 2.25926493 9.05212651276657
12 34 13 18 2.40285384 8.899623713643486
12 34 14 19 0.647906408 5.4451742985117955
12 34 15 20 0.461510937 6.383468891839871
12 34 16 21 0.24780086 4.857773614694411
12 34 17 22 0.190552335 4.807957260437704
12 34 18 23 0.14452304 4.358712199089251
12 34 19 24 0.126735109 4.2877701718524746
12 34 20 25 0.119652569 4.2832945865204035
12 34 21 26 0.122340051 4.379500436492342
12 34 22 27 0.132129242 4.470267372217096
12 34 23 28 0.143259064 4.320591581016478
12 34 24 29 0.2025373 5.110358170339134
12 34 25 30 0.268753521 5.2685199041279365
12 34 26 31 0.369435831 5.109916029399563
12 34 27 32 0.72039263 6.054367398251318
12 34 28 33 2.44533507 9.05696452047872
13 25 14 17 1.29256567 5.17888266025485
13 25 15 18 0.779337208 7.141050138022443
13 25 16 19 0.35752327 5.054366153337311
13 25 17 20 0.292761587 5.049540044554845
13 25 18 21 0.282559509 4.873575014693628
13 25 19 22 0.343116275 4.850692059901939
13 25 20 23 0.789537993 7.23451971240492
13 25 21 24 2.2808687 9.138685665965443
13 35 14 19 1.42269539 5.2693399071394476
13 35 15 20 0.814240583 6.8430900522238085
13 35 16 21 0.355975459 4.9237365501154295
13 35 17 22 0.251994695 4.939987619146946
13 35 18 23 0.171763131 4.33387390801043
13 35 19 24 0.138514546 4.177500289237682
13 35 20 25 0.121495653 4.1105060867004
13 35 21 26 0.113649869 4.068411340557619
13 35 22 27 0.114114366 4.085039295161376
13 35 23 28 0.111510702 3.7726898698444336
13 35 24 29 0.138359625 4.172827981953009
13 35 25 30 0.164014822 4.138370984823134
13 35 26 31 0.196574109 3.85354804673504
13 35 27 32 0.298707239 4.131621192595654
13 35 28 33 0.545677702 4.586017612286647
13 35 29 34 1.24372069 4.606458354484448
14 26 15 18 2.41372784 9.671008249159511
14 26 16 19 0.589398946 5.400649913129238
14 26 17 20 0.389528138 5.506824315182913
14 26 18 21 0.265616759 4.581347146049503
14 26 19 22 0.242730429 4.186604649289173
14 26 20 23 0.365660266 5.169400224188815
14 26 21 24 0.585892381 5.36851933316951
14 26 22 25 1.21429609 4.865282368915354
14 36 15 20 2.50917543 9.293414683316563
14 36 16 21 0.63560169 5.341762241806168
14 36 17 22 0.395659391 5.472631766065402
14 36 18 23 0.233169019 4.570937761323265
14 36 19 24 0.172654262 4.356358648286382
14 36 20 25 0.140998101 4.252402543408429
14 36 21 26 0.123175158 4.167328000527586
14 36 22 27 0.117755706 4.215391129978063
14 36 23 28 0.107839241 3.8604038429778234
14 36 24 29 0.124697477 4.218831913308726
14 36 25 30 0.139960341 4.221104439163412
14 36 26 31 0.157835847 3.982465009106211
14 36 27 32 0.219976984 4.312327199813812
14 36 28 33 0.342854102 4.742246215839288
14 36 29 34 0.60381606 5.074627523888691
14 36 30 35 3.28329391 12.160573337368383
15 27 16 19 1.09404708 4.383484401310495
15 27 17 20 0.564285269 5.1705338288897424
15 27 18 21 0.302528405 4.276894565926079
15 27 19 22 0.234177507 4.0390841956001635
15 27 20 23 0.287707869 4.962373720323628
15 27 21 24 0.376296673 5.319768885601874
15 27 22 25 0.596387285 5.4646839136468905
15 27 23 26 1.9455533 7.795187883932892
15 37 16 21 1.17358437 4.346689388819983
15 37 17 22 0.594968725 5.000272214915849
15 37 18 23 0.298665878 4.1310491007216195
15 37 19 24 0.203958106 3.998300513686053
15 37 20 25 0.15626 3.942703727645194
15 37 21 26 0.128707513 3.8817271421050807
15 37 22 27 0.118099701 3.9956124174911616
15 37 23 28 0.101539023 3.6348701174687754
15 37 24 29 0.109699554 3.926998891197252
15 37 25 30 0.116212655 3.9317688652540816
15 37 26 31 0.122559462 3.6963062922923253
15 37 27 32 0.156113234 3.9390005735731886
15 37 28 33 0.210271985 4.122074881590076
15 37 29 34 0.29940286 4.1412427955914035
15 37 30 35 0.852896757 7.167966612394518
15 37 31 36 2.05723889 7.619544603709063
16 28 17 20 2.8370289 11.36703543801522
16 28 18 21 0.710729174 6.512396192546831
16 28 19 22 0.378560914 5.35177883861388
16 28 20 23 0.313458053 5.406511855367469
16 28 21 24 0.311679151 5.375829425420337
16 28 22 25 0.400250105 5.6584025525994575
16 28 23 26 0.794893765 7.283594536482633
16 28 24 27 2.37345916 9.509664981700341
16 38 17 22 2.94209493 10.8968499752021
16 38 18 23 0.757981132 6.370270964696611
16 38 19 24 0.397781552 5.5019848054863845
16 38 20 25 0.249431494 4.889739810535795
16 38 21 26 0.178795163 4.511303952675221
16 38 22 27 0.151569761 4.57123629757402
16 38 23 28 0.117462793 3.974064204480872
16 38 24 29 0.116205724 4.159905238072106
16 38 25 30 0.115140932 4.121788063927937
16 38 26 31 0.113497217 3.839898710631697
16 38 27 32 0.134981045 4.070932409720381
16 38 28 33 0.166281972 4.19557500860485
16 38 29 34 0.209256801 4.102173683308278
16 38 30 35 0.439864419 6.08406130863529
16 38 31 36 0.737526986 6.1983689913220745
16 38 32 37 1.75879405 6.514172844901405
17 29 18 21 1.89607422 7.59694159331513
17 29 19 22 0.669025754 6.130268648667252
17 29 20 23 0.375707529 5.3114400585214945
17 29 21 24 0.278135553 4.797270800038074
17 29 22 25 0.284744468 4.9112610993991686
17 29 23 26 0.367181558 5.190906983159056
17 29 24 27 0.62681069 5.743452921778686
17 29 25 28 1.61328985 6.463918255023859
17 39 18 23 1.99530252 7.390146386467104
17 39 19 24 0.736588625 6.190482760939359
17 39 20 25 0.370463376 5.12412869700199
17 39 21 26 0.233551226 4.578430370832173
17 39 22 27 0.185165239 4.6720317293972435
17 39 23 28 0.132193277 3.9868553076207394
17 39 24 29 0.121149238 4.0987859886486255
17 39 25 30 0.113241751 4.053801628165556
17 39 26 31 0.104924697 3.756069680813904
17 39 27 32 0.117656115 3.980604778057551
17 39 28 33 0.134558234 4.058180730378394
17 39 29 34 0.154377738 3.8952110781904077
17 39 30 35 0.272091672 5.333959474634939
17 39 31 36 0.386198747 5.341775221119054
17 39 32 37 0.664711776 5.586410990695634
17 39 33 38 1.4354989 5.31676119399303
18 30 19 22 2.61233283 10.466752684296093
18 30 20 23 0.755131239 6.919251362737462
18 30 21 24 0.389809541 5.510802556371653
18 30 22 25 0.323036387 5.571718573874297
18 30 23 26 0.301189121 5.194897811077157
18 30 24 27 0.378692861 5.353644195380264
18 30 25 28 0.667607792 6.117275893243966
18 30 26 29 2.74312809 10.9908059836983
18 40 19 24 2.76426252 10.2381992047123
18 40 20 25 0.800813577 6.7302459946957285
18 40 21 26 0.392491413 5.428813326692137
18 40 22 27 0.280372937 5.496301569062264
18 40 23 28 0.177229784 4.471806796534958
18 40 24 29 0.144967061 4.372103556960991
18 40 25 30 0.125804219 4.256275802164626
18 40 26 31 0.107976515 3.865317945416108
18 40 27 32 0.113749654 4.071983420571346
18 40 28 33 0.121269007 4.102838077685079
18 40 29 34 0.127977303 3.8597045273379336
18 40 30 35 0.198510222 5.0087481905482845
18 40 31 36 0.25460784 4.991214506867878
18 40 32 37 0.37502278 5.187192887394796
18 40 33 38 0.589705974 4.956042684028625
18 40 34 39 2.16780777 8.029066568823263
19 31 20 23 1.99968761 8.012086139774594
19 31 21 24 0.639986077 5.864178710550275
19 31 22 25 0.434700434 6.145432604850139
19 31 23 26 0.303335586 5.231919952823284
19 31 24 27 0.293935496 5.0697875796393
19 31 25 28 0.394114156 5.57165761724405
19 31 26 29 0.93796173 8.594523234256089
19 31 27 30 2.59734446 10.40669924848228
19 41 20 25 2.10474222 7.795486125872156
19 41 21 26 0.687483417 5.77778979599391
19 41 22 27 0.435043453 6.017379277891525
19 41 23 28 0.241473216 4.733729404087638
19 41 24 29 0.179921412 4.539721117212253
19 41 25 30 0.14533172 4.383101413301459
19 41 26 31 0.116339909 3.9360741908245114
19 41 27 32 0.116191038 4.15937951209043
19 41 28 33 0.116966966 4.187156000549526
19 41 29 34 0.115239419 3.898841822985368
19 41 30 35 0.162721685 4.907570401687221
19 41 31 36 0.195225234 4.925862394868842
19 41 32 37 0.262726058 5.150360303209091
19 41 33 38 0.363008028 5.021008752878454
19 41 34 39 0.867368513 7.289591021186495
19 41 35 40 2.49763921 9.250687150177132
20 32 21 24 1.34439768 5.386556362307569
20 32 22 25 0.689472014 6.31761729094463
20 32 23 26 0.353108554 4.991954576247528
20 32 24 27 0.262916772 4.534777879172707
20 32 25 28 0.26547318 4.578870701248508
20 32 26 29 0.395036565 5.5846978672650724
20 32 27 30 0.630461843 5.776908358484321
20 32 28 31 1.26852683 5.082566987838266
20 42 21 26 1.44451827 5.350166887588661
20 42 22 27 0.731799594 6.150234496384495
20 42 23 28 0.34034922 4.7075995042604255
20 42 24 29 0.227136059 4.452670399755162
20 42 25 30 0.170686541 4.30670972391888
20 42 26 31 0.126845298 3.8255640608563954
20 42 27 32 0.120106178 4.063496623367436
20 42 28 33 0.113982118 4.080305112291653
20 42 29 34 0.104325981 3.7346369859449524
20 42 30 35 0.133673789 4.522523314614432
20 42 31 36 0.149459946 4.507605776251459
20 42 32 37 0.183380365 4.626996343673597
20 42 33 38 0.227496864 4.459743454340404
20 42 34 39 0.408210161 5.64622992689
20 42 35 40 0.761183676 6.397185979061855
20 42 36 41 2.03481868 7.536505248897175
21 33 22 25 2.88323314 11.552160529080231
21 33 23 26 0.725447852 6.647263123683278
21 33 24 27 0.374509691 5.294506022747036
21 33 25 28 0.283523305 4.89019852922862
21 33 26 29 0.301958658 5.208170754215241
21 33 27 30 0.388467755 5.4918335036903505
21 33 28 31 0.567644313 5.201312677087406
21 33 29 32 1.43762301 5.760079391921637
21 43 22 27 2.99463391 11.091442398808956
21 43 23 28 0.751658302 6.317132253634721
21 43 24 29 0.383289046 5.301529185047204
21 43 25 30 0.247982011 4.861324815235343
21 43 26 31 0.161385773 4.072035638013575
21 43 27 32 0.14158486 4.270098777941176
21 43 28 33 0.124913928 4.226154999616781
21 43 29 34 0.104426848 3.7382477991407694
21 43 30 35 0.121000881 4.331561143091709
21 43 31 36 0.125768128 4.255054752098126
21 43 32 37 0.14028802 4.230987004979115
21 43 33 38 0.158067056 3.9882988026948785
21 43 34 39 0.226444087 4.439105300248618
21 43 35 40 0.318374572 4.403653333820849
21 43 36 41 0.536101181 4.505534034142506
21 43 37 42 1.69702764 6.285404120815121
22 34 23 26 1.76032638 7.053044945694085
22 34 24 27 0.606651499 5.558734686597272
22 34 25 28 0.355021322 5.018995696783224
22 34 26 29 0.27935575 4.8183167086795855
22 34 27 30 0.302588248 5.219029897141842
22 34 28 31 0.368717884 5.2126262802970915
22 34 29 32 0.641331268 5.8765046668598275
22 34 30 33 2.30723304 9.24431884688929
22 44 23 28 1.82432879 6.756898605604128
22 44 24 29 0.654852999 5.5035552595710255
22 44 25 30 0.361975472 5.00672677475692
22 44 26 31 0.207438617 4.066530843885285
22 44 27 32 0.171158505 4.318618172799684
22 44 28 33 0.143279382 4.3212043574600205
22 44 29 34 0.112836545 3.817546501229501
22 44 30 35 0.122577559 4.388002692140988
22 44 31 36 0.12212577 4.371829655539079
22 44 32 37 0.129351494 4.376289112259764
22 44 33 38 0.139401138 4.2042392740114245
22 44 34 39 0.183701592 4.6351014434452615
22 44 35 40 0.234272697 4.592573755110852
22 44 36 41 0.346428082 4.791680342576046
22 44 37 42 0.746624788 6.2748292902351075
22 44 38 43 2.3145372 8.572518980692557
23 35 24 27 2.22326253 8.907876816665977
23 35 25 28 0.75111328 6.882434890513389
23 35 26 29 0.348399594 4.92538322260831
23 35 27 30 0.284876401 4.913536674461884
23 35 28 31 0.263595247 4.5464801886076165
23 35 29 32 0.290336975 4.104542284764684
23 35 30 33 0.502661016 4.605872119075446
23 35 31 34 1.17575594 4.710864748835268
23 45 24 29 2.3504356 8.70547848351519
23 45 25 30 0.825665072 6.939104435024034
23 45 26 31 0.348878813 4.825578055168647
23 45 27 32 0.255443063 5.007587832819152
23 45 28 33 0.195209945 4.92547662757528
23 45 29 34 0.137143525 4.136151270023116
23 45 30 35 0.135454424 4.582766712834546
23 45 31 36 0.125951111 4.508768314974754
23 45 32 37 0.122995347 4.40295856892382
23 45 33 38 0.124595039 4.2153661759583585
23 45 34 39 0.149218985 4.500338563700403
23 45 35 40 0.170259366 4.29593137715799
23 45 36 41 0.2262595 4.435486741950573
23 45 37 42 0.386272204 5.34279125440623
23 45 38 43 0.775534124 6.51779088380873
23 45 39 44 1.75255488 6.491064379308902
24 36 25 28 2.24651566 9.001044409267791
24 36 26 29 0.575889343 5.276861710310904
24 36 27 30 0.381443915 5.392536305042395
24 36 28 31 0.294983669 5.087866425267094
24 36 29 32 0.253670271 4.375294602865981
24 36 30 33 0.33822425 4.781532685796639
24 36 31 34 0.578697307 5.302591024276575
24 36 32 35 3.20152372 12.827445494434802
24 46 25 30 2.38253459 8.824365836475454
24 46 26 31 0.613823782 5.158735027608659
24 46 27 32 0.389702089 5.390232306058031
24 46 28 33 0.270043981 5.293817485979826
24 46 29 34 0.170887352 4.311776524624449
24 46 30 35 0.155110252 4.678014990524749
24 46 31 36 0.135735767 4.5922852600861965
24 46 32 37 0.123195283 4.4101158309333846
24 46 33 38 0.118095356 4.227549840973325
24 46 34 39 0.130726139 4.422796839079852
24 46 35 40 0.135410862 4.083895385044426
24 46 36 41 0.166022593 4.18903043833624
24 46 37 42 0.243980417 4.782879414561918
24 46 38 43 0.39917695 5.521285495915603
24 46 39 44 0.620867832 5.217935059501895
24 46 40 45 2.32118622 8.597145437399757
25 37 26 29 1.19023121 4.768862362840836
25 37 27 30 0.588573491 5.393086286651287
25 37 28 31 0.37562887 5.310328043107071
25 37 29 32 0.246248682 4.247287335130656
25 37 30 33 0.249633562 4.305669608847504
25 37 31 34 0.314370285 4.444305200383193
25 37 32 35 0.825538217 7.564388993539048
25 37 33 36 1.97205447 7.901369297361167
25 47 26 31 1.27710009 4.730088054652641
25 47 27 32 0.639059402 5.370821754540692
25 47 28 33 0.393124452 5.4375693158569645
25 47 29 34 0.220910442 4.330626279336077
25 47 30 35 0.184068843 4.644367806472789
25 47 31 36 0.151545217 4.57049606797316
25 47 32 37 0.127758015 4.322377676197691
25 47 33 38 0.116108778 4.15643478791416
25 47 34 39 0.119403949 4.274394546103379
25 47 35 40 0.112931759 3.8207678323378587
25 47 36 41 0.128636754 3.8795931009411575
25 47 37 42 0.167482195 4.2258586621061
25 47 38 43 0.238130148 4.668193442983512
25 47 39 44 0.303583177 4.199063578130148
25 47 40 45 0.61494032 5.168118703932651
25 47 41 46 1.69265351 6.26920333888385
26 38 27 30 1.95842808 7.846772864444246
26 38 28 31 0.789177242 7.231214158721741
26 38 29 32 0.355196767 5.021475992037216
26 38 30 33 0.277996206 4.79486734860239
26 38 31 34 0.271588185 4.6843420608505895
26 38 32 35 0.451154212 6.378042411248828
26 38 33 36 0.702407336 6.4361433692651016
26 38 34 37 1.67789257 6.722759963556394
26 48 27 32 2.07718106 7.693405862383669
26 48 28 33 0.852812932 7.167262125249558
26 48 29 34 0.36663184 5.071132139600871
26 48 30 35 0.26447969 5.184737695036882
26 48 31 36 0.19831586 5.003844109005263
26 48 32 37 0.151187778 4.559715961702698
26 48 33 38 0.129223097 4.3719451161003775
26 48 34 39 0.123755585 4.430173390444844
26 48 35 40 0.107236192 3.838816036391685
26 48 36 41 0.11527554 3.900063888027956
26 48 37 42 0.137825549 4.156720629267646
26 48 38 43 0.180774399 4.561243419941889
26 48 39 44 0.21028676 4.1223645238663655
26 48 40 45 0.343138344 4.746177758559703
26 48 41 46 0.652396197 5.482907655315608
26 48 42 47 2.38702734 8.841005959887818
27 39 28 31 2.34946098 9.413512220440888
27 39 29 32 0.62543737 5.730869220044854
27 39 30 33 0.372341881 5.263859330880333
27 39 31 34 0.284596857 4.908715110824797
27 39 32 35 0.325709143 5.617818161561408
27 39 33 36 0.392763882 5.552568568289749
27 39 34 37 0.637117608 5.837894990566046
27 39 35 38 1.27928211 5.125659833634013
27 49 28 33 2.4762436 9.171442680557679
27 49 29 34 0.674312263 5.667095985349363
27 49 30 35 0.401014054 5.546695719801749
27 49 31 36 0.268055626 5.25483869286488
27 49 32 37 0.182535794 4.605686390838828
27 49 33 38 0.146601755 4.4214047665091565
27 49 34 39 0.131336129 4.44343434787884
27 49 35 40 0.104378161 3.7365049133400143
27 49 36 41 0.106106095 3.7983610891824617
27 49 37 42 0.116854566 3.953486342443327
27 49 38 43 0.142144485 4.286976670313321
27 49 39 44 0.152727303 3.8535678155081086
27 49 40 45 0.21142458 4.144669821653757
27 49 41 46 0.31963227 4.421049402721224
27 49 42 47 0.654192429 5.498003657145188
27 49 43 48 1.78084501 6.595844581757694
28 40 29 32 1.59706238 6.398900155786545
28 40 30 33 0.655424344 6.00563922027507
28 40 31 34 0.384912804 5.441576567935727
28 40 32 35 0.309213315 5.333298785547473
28 40 33 36 0.303031977 5.226683317036817
28 40 34 37 0.387777095 5.482069527970773
28 40 35 38 0.503954949 4.617728399429305
28 40 36 39 2.03977532 8.172704320364462
28 50 29 34 1.69228724 6.267846758169978
28 50 30 35 0.726457506 6.105338196673891
28 50 31 36 0.410460375 5.6773541536794125
28 50 32 37 0.241095007 4.7263151695242875
28 50 33 38 0.181056698 4.5683663005230395
28 50 34 39 0.152369648 4.59536032115388
28 50 35 40 0.111621172 3.7764273501261174
28 50 36 41 0.108265189 3.8756518295257694
28 50 37 42 0.111966603 4.008154179297055
28 50 38 43 0.129571166 4.383721173167141
28 50 39 44 0.132796046 4.005034392377971
28 50 40 45 0.169809583 4.284582592371534
28 50 41 46 0.233206192 4.571666483647228
28 50 42 47 0.387882953 5.365070609692803
28 50 43 48 0.715454505 6.012866108866265
28 50 44 49 2.08141529 7.709088486557356
29 41 30 33 2.75419044 11.03512915731057
29 41 31 34 0.927080309 8.49481700678962
29 41 32 35 0.435358079 6.154729842003155
29 41 33 36 0.332677013 5.737999702284688
29 41 34 37 0.33630195 5.80052246945526
29 41 35 38 0.327812744 4.634343487365812
29 41 36 39 0.798207933 7.313962186853858
29 41 37 40 2.38741977 9.565600523494192
29 51 30 35 2.91136876 10.783047235056474
29 51 31 36 1.00862493 8.476746761353624
29 51 32 37 0.417607443 5.776210069299598
29 51 33 38 0.274905359 5.389117695105234
29 51 34 39 0.206817831 5.218363197409406
29 51 35 40 0.133378912 4.022613216796793
29 51 36 41 0.120340525 4.071425176744567
29 51 37 42 0.113111145 4.049126225226509
29 51 38 43 0.121686893 4.3561188396831465
29 51 39 44 0.11707757 3.9610311333615544
29 51 40 45 0.136670723 4.121891897641011
29 51 41 46 0.170926751 4.312770627940496
29 51 42 47 0.243323514 4.77000179153505
29 51 43 48 0.364867803 5.0467325546489885
29 51 44 49 0.701109822 5.89230965468176
29 51 45 50 1.51316243 5.604409232241275
30 42 31 34 2.56334072 10.27045752122844
30 42 32 35 0.65904527 6.03881768762738
30 42 33 36 0.401265131 5.672752144611069
30 42 34 37 0.327788559 5.653683844859839
30 42 35 38 0.237952101 4.104188240670586
30 42 36 39 0.38948678 5.506239630232559
30 42 37 40 0.712102108 6.5249763573709325
30 42 38 41 1.94071221 7.775791239228771
30 52 31 36 2.71023334 10.03808741948748
30 52 32 37 0.687383179 5.776947369719691
30 52 33 38 0.396385542 5.4826756500725935
30 52 34 39 0.274292842 5.377110194723064
30 52 35 40 0.158484506 3.9988317712799635
30 52 36 41 0.135608757 4.089863757634975
30 52 37 42 0.118235942 4.000221796065045
30 52 38 43 0.120653847 4.31913810139723
30 52 39 44 0.110667629 3.961653812871736
30 52 40 45 0.121074745 4.096265701524307
30 52 41 46 0.141947723 4.2810424681977475
30 52 42 47 0.183358799 4.6264521970680015
30 52 43 48 0.245061768 4.8040777201530425
30 52 44 49 0.399291464 5.522869416247874
30 52 45 50 0.64042673 5.382313135381049
30 52 46 51 2.65414959 9.830365974620051
31 43 32 35 1.31178504 5.255888312148746
31 43 33 36 0.584026992 5.351426813732256
31 43 34 37 0.388187283 5.487868424204031
31 43 35 38 0.214667094 3.7025693790941876
31 43 36 39 0.249475141 4.302937169829135
31 43 37 40 0.311363259 4.401794371824802
31 43 38 41 0.503676821 4.615179918524762
31 43 39 42 1.60452131 6.428785618581681
31 53 32 37 1.38556969 5.131834764460602
31 53 33 38 0.620829429 5.217612310681998
31 53 34 39 0.38312949 5.299322258448395
31 53 35 40 0.196061194 3.843493097960524
31 53 36 41 0.158046093 3.9877698707977665
31 53 37 42 0.127296279 3.8391653273828785
31 53 38 43 0.122130269 4.1319767555375595
31 53 39 44 0.106134816 3.7993892368005833
31 53 40 45 0.108089926 3.869377805780259
31 53 41 46 0.118087959 3.995215155850286
31 53 42 47 0.137452073 4.145456858471882
31 53 43 48 0.16397981 4.137487572926857
31 53 44 49 0.232294864 4.553801230424408
31 53 45 50 0.304617486 4.213369803176446
31 53 46 51 0.660023212 5.547007076990666
31 53 47 52 1.62684506 6.025463818639821
32 44 33 36 1.50279067 6.021184627977754
32 44 34 37 0.70696386 6.477894701044326
32 44 35 38 0.282729987 3.9970010254893285
32 44 36 39 0.263408427 4.543257924782671
32 44 37 40 0.261221571 4.505539120697643
32 44 38 41 0.343857004 4.861163869433093
32 44 39 42 0.696275812 6.379960346233449
32 44 40 43 2.19863143 8.809188154531693
32 54 33 38 1.58987852 5.888548168374823
32 54 34 39 0.734193688 6.170355086266083
32 54 35 40 0.292894661 4.051223507796273
32 54 36 41 0.215581391 4.226158024709515
32 54 37 42 0.155872126 3.9329170114948253
32 54 38 43 0.139008585 4.192400154450356
32 54 39 44 0.114090399 3.859967562161069
32 54 40 45 0.10875544 3.8932017197779056
32 54 41 46 0.111910693 4.006152726237302
32 54 42 47 0.120431788 4.074512835502124
32 54 43 48 0.132888381 4.007819150371596
32 54 44 49 0.17396485 4.3894269971473
32 54 45 50 0.207087563 4.059648943400626
32 54 46 51 0.352244401 4.872129771668378
32 54 47 52 0.61459725 5.165235454247936
32 54 48 53 2.20353765 8.161401911922464
33 45 34 37 2.37570405 9.518659512628258
33 45 35 38 0.48901777 4.480859348311684
33 45 36 39 0.341233116 4.824069526742202
33 45 37 40 0.24982523 4.308975490780914
33 45 38 41 0.261487664 4.510128682029252
33 45 39 42 0.37755091 5.337500243454647
33 45 40 43 0.720502766 6.601951406623783
33 45 41 44 1.65641768 6.636717189844261
33 55 34 39 2.44277889 9.047497011566758
33 55 35 40 0.537058353 4.513578357071405
33 55 36 41 0.33714861 4.66332970969668
33 55 37 42 0.208578306 4.088872780685494
33 55 38 43 0.169589986 4.27904178915587
33 55 39 44 0.130251999 3.928307742468335
33 55 40 45 0.11615308 3.9297532919058304
33 55 41 46 0.112514657 4.027773287778719
33 55 42 47 0.112304906 4.020264670702413
33 55 43 48 0.115337283 3.9021528103148393
33 55 44 49 0.1413134 4.261911737220439
33 55 45 50 0.155914588 3.933988399474367
33 55 46 51 0.224989437 4.410589013466501
33 55 47 52 0.318807557 4.409642241247615
33 55 48 53 0.680103545 5.715767428496803
33 55 49 54 1.73768596 6.435993283919984
34 46 35 38 1.14334883 4.581020189333723
34 46 36 39 0.576485363 5.282323028799965
34 46 37 40 0.305346454 4.316733795087431
34 46 38 41 0.252966045 4.363148141221692
34 46 39 42 0.275258436 4.747646402065503
34 46 40 43 0.387780118 5.482112264626436
34 46 41 44 0.57880592 5.303586242868321
34 46 42 45 2.20322372 8.8275879400156
34 56 35 40 1.23908543 4.589290406468558
34 56 36 41 0.611393451 5.138309892535637
34 56 37 42 0.308552769 4.267801355274391
34 56 38 43 0.224204281 4.3951971778602035
34 56 39 44 0.159972943 4.036387550802971
34 56 40 45 0.133380055 4.022647688864662
34 56 41 46 0.122387785 4.140689174947518
34 56 42 47 0.114516986 4.099452191439641
34 56 43 48 0.110913799 3.970466148763694
34 56 44 49 0.129903562 4.394966972892954
34 56 45 50 0.136696146 4.12265863725732
34 56 46 51 0.181715371 4.584985732830726
34 56 47 52 0.235390079 4.614478395785362
34 56 48 53 0.418352259 5.786512121504581
34 56 49 54 0.775727648 6.519417309937464
34 56 50 55 2.07937725 7.701540050272378
35 47 36 39 3.14215163 12.589561188406396
35 47 37 40 0.774379368 7.095621556334228
35 47 38 41 0.406576167 5.747835147173548
35 47 39 42 0.298210561 5.1435237283321085
35 47 40 43 0.296416838 5.112585666374756
35 47 41 44 0.320475488 4.5306154744038265
35 47 42 45 0.572164198 5.242728286494696
35 47 43 46 1.57688597 6.318059961496694
35 57 36 41 3.26016825 12.074921156322842
35 57 37 42 0.838483677 7.046835331997621
35 57 38 43 0.438384947 6.063597734034569
35 57 39 44 0.262144844 5.138966452381894
35 57 40 45 0.189959607 4.793001731863024
35 57 41 46 0.156897163 4.7319069566388485
35 57 42 47 0.13028807 4.40797585374884
35 57 43 48 0.113519376 4.063739982766055
35 57 44 49 0.123328349 4.414879296375149
35 57 45 50 0.120403744 4.073564035854984
35 57 46 51 0.143247154 4.320232383878837
35 57 47 52 0.166607411 4.203786384250703
35 57 48 53 0.250067534 4.902208444946064
35 57 49 54 0.372786349 5.156259302570031
35 57 50 55 0.648834409 5.4529734607546745
35 57 51 56 1.31319216 4.863764867074358
36 48 37 40 1.92279721 7.704011766036925
36 48 38 41 0.662194396 6.067673061688963
36 48 39 42 0.371478109 5.251648041917239
36 48 40 43 0.296405478 5.112389729552941
36 48 41 44 0.267335137 4.610985660485764
36 48 42 45 0.338136714 4.780295174751279
36 48 43 46 0.589281107 5.399570156897178
36 48 44 47 2.31086038 9.25885239722631
36 58 37 42 2.03847054 7.550030907143166
36 58 38 43 0.735200504 6.178816630308306
36 58 39 44 0.374246784 5.176459563590181
36 58 40 45 0.244857744 4.800078127883812
36 58 41 46 0.188414804 4.7540237429562175
36 58 42 47 0.144205897 4.349147391547452
36 58 43 48 0.116467579 3.9403935907300296
36 58 44 49 0.12010669 4.299551103511069
36 58 45 50 0.110975141 3.9726620552847343
36 58 46 51 0.121975357 4.1267356896789895
36 58 47 52 0.131122312 3.954555764168722
36 58 48 53 0.176282253 4.447898988997781
36 58 49 54 0.231852123 4.54512194033662
36 58 50 55 0.340427046 4.708675968131912
36 58 51 56 0.502004256 4.218974590717021
36 58 52 57 1.8559458 6.874000814347088
37 49 38 41 1.61660147 6.477186819858444
37 49 39 42 0.603057263 5.525800779143072
37 49 40 43 0.371521442 5.2522606477722995
37 49 41 44 0.277649218 4.788882513573537
37 49 42 45 0.253635763 4.3746994102738
37 49 43 46 0.301064546 4.256199746864768
37 49 44 47 0.630921363 5.781118930398173
37 49 45 48 1.70402343 6.827457667427444
37 59 38 43 1.75558937 6.50230343959349
37 59 39 44 0.651017513 5.471320835691856
37 59 40 45 0.364690815 5.044284514306601
37 59 41 46 0.256494387 5.028197502969994
37 59 42 47 0.179084317 4.518599796484664
37 59 43 48 0.13187336 3.977206838209938
37 59 44 49 0.128592175 4.350599424652197
37 59 45 50 0.112288396 4.01967364959677
37 59 46 51 0.114684085 4.105433962228975
37 59 47 52 0.114968725 3.889683558412451
37 59 48 53 0.14181963 4.277179274331095
37 59 49 54 0.170612811 4.304849391486785
37 59 50 55 0.226577625 4.441723117527214
37 59 51 56 0.28764678 3.978636527887761
37 59 52 57 0.648550384 5.450586440637203
37 59 53 58 2.20607144 8.17078649337058
38 50 39 42 1.33688664 5.356462111996496
38 50 40 43 0.563916045 5.167150637289116
38 50 41 44 0.353775073 5.001377266619978
38 50 42 45 0.258410602 4.457055640761109
38 50 43 46 0.243361246 4.197484955462284
38 50 44 47 0.392153189 5.543935099398955
38 50 45 48 0.677427748 6.207255939659477
38 50 46 49 1.97433571 7.910509470703293
38 60 39 44 1.4282244 5.289818101730331
38 60 40 45 0.584077325 4.908738050995663
38 60 41 46 0.360849783 4.991156611327865
38 60 42 47 0.225655646 4.42364906701947
38 60 43 48 0.151608764 3.8253451872934887
38 60 44 49 0.140476833 4.236681470902656
38 60 45 50 0.116677033 3.947479950781806
38 60 46 51 0.111916243 4.006351403834898
38 60 47 52 0.105750311 3.785624817041321
38 60 48 53 0.12185272 4.122586568928516
38 60 49 54 0.136725818 4.123553523694607
38 60 50 55 0.169446449 4.275420108207739
38 60 51 56 0.196490495 3.8519089164954634
38 60 52 57 0.349868511 4.839267235399961
38 60 53 58 0.7600545 6.387696089692376
38 60 54 59 2.31421248 8.571316291721555
39 51 40 43 2.08105631 8.338103578809223
39 51 41 44 0.804818579 7.374535394505348
39 51 42 45 0.386929479 5.470086639076779
39 51 43 46 0.244196312 4.211888140149372
39 51 44 47 0.296800262 5.119198948062026
39 51 45 48 0.372196126 5.2617987681128255
39 51 46 49 0.656311743 6.013770438297744
39 51 47 50 1.39212732 5.577793226099725
39 61 40 45 2.15917703 7.99710027229218
39 61 41 46 0.859598203 7.22428731098848
39 61 42 47 0.401667082 5.555728190300926
39 61 43 48 0.21569654 4.228415352524917
39 61 44 49 0.181973448 4.591497451440221
39 61 45 50 0.139136085 4.19624546385835
39 61 46 51 0.122355525 4.139597737327466
39 61 47 52 0.106726449 3.820568376097683
39 61 48 53 0.113601316 4.066673251657419
39 61 49 54 0.118084539 3.9950994485762443
39 61 50 55 0.136522958 4.117435410231818
39 61 51 56 0.145408586 3.668904224074087
39 61 52 57 0.214926237 4.213314688270887
39 61 53 58 0.343984997 4.7578883869639075
39 61 54 59 0.63598352 5.344971240631814
39 61 55 60 1.76177728 6.525222049813199
40 52 41 44 2.40914128 9.652631421888353
40 52 42 45 0.716027819 6.560947563147606
40 52 43 46 0.310904116 4.39530339058394
40 52 44 47 0.299986857 5.17416121009635
40 52 45 48 0.294942803 5.087161570147352
40 52 46 49 0.395334085 5.588903957173405
40 52 47 50 0.576010139 5.277968561470604
40 52 48 51 2.53344465 10.150673867580293
40 62 41 46 2.52260551 9.34315664283755
40 62 42 47 0.773200056 6.498174768074034
40 62 43 48 0.322794983 4.46479501833015
40 62 44 49 0.247861522 4.8589628045261755
40 62 45 50 0.174991246 4.415324701839736
40 62 46 51 0.142445669 4.2960601657543975
40 62 47 52 0.116338728 3.9360342345991772
40 62 48 53 0.116674307 4.176679462345014
40 62 49 54 0.114700437 4.1060193272876955
40 62 50 55 0.126896631 4.293234870775786
40 62 51 56 0.128675956 3.8807754054071357
40 62 52 57 0.17488215 4.412572025493446
40 62 53 58 0.248942768 4.880159051745793
40 62 54 59 0.392707425 5.431801134286097
40 62 55 60 0.767048421 6.446474824405897
40 62 56 61 2.02771186 7.510183205189101
41 53 42 45 1.91238254 7.662283631732325
41 53 43 46 0.482517588 4.4212983199252776
41 53 44 47 0.35904227 5.0758405099209245
41 53 45 48 0.272276039 4.696206138899215
41 53 46 49 0.272908165 4.7071090226515295
41 53 47 50 0.287957588 4.070904493528072
41 53 48 51 0.60928489 5.582864391904524
41 53 49 52 1.52386776 6.105633548804834
41 63 42 47 2.02459691 7.498646139377884
41 63 43 48 0.536754327 4.511023243337633
41 63 44 49 0.358488703 4.958498922153437
41 63 45 50 0.229093673 4.491046560503581
41 63 46 51 0.170697068 4.306975337909287
41 63 47 52 0.129270945 3.898719850892256
41 63 48 53 0.121452812 4.109056667014081
41 63 49 54 0.112167158 4.01533360012336
41 63 50 55 0.118218821 4.231969612070131
41 63 51 56 0.113632524 3.8444764896167047
41 63 52 57 0.142048009 4.284067022701984
41 63 53 58 0.182135589 4.595588542731044
41 63 54 59 0.255389574 5.006539259166598
41 63 55 60 0.41130577 5.689047381837551
41 63 56 61 0.752819268 6.326889314448736
41 63 57 62 1.68524143 6.241750681615515
42 54 43 46 1.5565851 6.236721097196601
42 54 44 47 0.708512613 6.492085891598149
42 54 45 48 0.384643849 5.437774306201069
42 54 46 49 0.288924879 4.98336465971768
42 54 47 50 0.235531679 4.0624408996380295
42 54 48 51 0.344920728 4.876201913200405
42 54 49 52 0.566025997 5.186484082255112
42 54 50 53 2.13142468 8.539912960005536
42 64 43 48 1.67739333 6.212683105508994
42 64 44 49 0.752325871 6.3227426774805116
42 64 45 50 0.384821445 5.3227248286650415
42 64 46 51 0.245609254 4.8148103828452316
42 64 47 52 0.165159943 4.167264321795519
42 64 48 53 0.141886351 4.279191532284121
42 64 49 54 0.120843137 4.088429815464018
42 64 50 55 0.120120813 4.300056675350863
42 64 51 56 0.108531623 3.88518957133443
42 64 52 57 0.124714581 4.219410585009079
42 64 53 58 0.144846683 4.368473042012634
42 64 54 59 0.184325357 4.65084008795233
42 64 55 60 0.260483373 5.106395742234319
42 64 56 61 0.400427764 5.538586347571211
42 64 57 62 0.631895155 5.310611555735883
42 64 58 63 2.09671527 7.765756130073396
43 55 44 47 2.2104758 8.856644623350522
43 55 45 48 0.723687128 6.631129647398365
43 55 46 49 0.393511794 5.563141925091043
43 55 47 50 0.246008342 4.243141960504345
43 55 48 51 0.263056675 4.537190920473967
43 55 49 52 0.310973802 4.396288553199401
43 55 50 53 0.656936922 6.019498940079015
43 55 51 54 1.64729852 6.600179735155333
44 56 45 48 1.69170525 6.778102798821118
44 56 46 49 0.603214177 5.527238578762872
44 56 47 50 0.295037421 4.170993274564564
44 56 48 51 0.258670921 4.461545612373603
44 56 49 52 0.253334424 4.369501927355777
44 56 50 53 0.420878868 5.95003481891996
44 56 51 54 0.725417289 6.646983075569153
44 56 52 55 1.96747512 7.8830213581727175
45 57 46 49 2.25753244 9.045184998978675
45 57 47 50 0.560133028 5.132486933576934
45 57 48 51 0.339954961 4.8060000361305315
45 57 49 52 0.240747462 4.152402514452641
45 57 50 53 0.297629931 5.133509045510794
45 57 51 54 0.369531837 5.224133269740345
45 57 52 55 0.602882779 5.524201985989746
45 57 53 56 1.18914811 4.7645227397644145
46 58 47 50 1.57641098 6.316156833839903
46 58 48 51 0.602407164 5.519843935935764
46 58 49 52 0.300376701 4.24647556727013
46 58 50 53 0.285689851 4.927567027252817
46 58 51 54 0.272550356 4.700937547451123
46 58 52 55 0.339301069 4.7967558557650465
46 58 53 56 0.442124956 4.051181498403406
46 58 54 57 1.74845676 7.005487308485745
47 59 48 51 2.26986343 9.094591193013501
47 59 49 52 0.586093851 5.3703653984626065
47 59 50 53 0.394760632 5.5807969563794995
47 59 51 54 0.284101258 4.900167039261908
47 59 52 55 0.277130061 4.779928114576816
47 59 53 56 0.272334785 3.8500423194283098
47 59 54 57 0.5956005 5.457474619550355
47 59 55 58 2.11875598 8.48915367381935
48 60 49 52 1.65025895 6.612041197941899
48 60 50 53 0.686354856 6.289054838982068
48 60 51 54 0.368269919 5.206293324308298
48 60 52 55 0.287460696 4.958110490388914
48 60 53 56 0.222061435 3.830106674424513
48 60 54 57 0.337546969 4.771957851233567
48 60 55 58 0.721384146 6.6100274726784285
48 60 56 59 2.25187401 9.022513543522747
49 61 50 53 1.98023492 7.934145651894923
49 61 51 54 0.651645294 5.971011866098887
49 61 52 55 0.388827794 5.496923435138676
49 61 53 56 0.229075733 3.951089003419201
49 61 54 57 0.245841443 4.240263293283921
49 61 55 58 0.345701316 4.887237216068667
49 61 56 59 0.623921596 5.716980215361388
49 61 57 60 1.67143754 6.69689679566147
50 62 51 54 1.44661156 5.7960935355866425
50 62 52 55 0.613770685 5.623967635372261
50 62 53 56 0.282560595 3.9946063025068326
50 62 54 57 0.244846067 4.223095088182653
50 62 55 58 0.277465138 4.785707509158079
50 62 56 59 0.40587429 5.737912594852392
50 62 57 60 0.719029921 6.588455759447477
50 62 58 61 1.89186738 7.580086178355465
51 63 52 55 2.57031855 10.29841537561986
51 63 53 56 0.588156684 5.389267093041222
51 63 54 57 0.342089908 4.836182138280047
51 63 55 58 0.276132096 4.762715254507971
51 63 56 59 0.318318934 5.490352134800426
51 63 57 60 0.409977828 5.795924996607761
51 63 58 61 0.685186969 6.278353515425417
51 63 59 62 1.55640637 6.236004985265617
52 64 53 56 1.5054614 6.031885358786443
52 64 54 57 0.571264963 5.234488615457631
52 64 55 58 0.329498011 4.65816838828523
52 64 56 59 0.305851626 5.2753165092632575
52 64 57 60 0.299207432 5.160717719133079
52 64 58 61 0.377923085 5.3427617435609704
52 64 59 62 0.565799094 5.184404974927968
52 64 60 63 1.97147348 7.899041462801875
