64
# x y z
0.0 0.0 0.0
0.5 0.0 0.0
1.0 0.0 0.0
1.5 0.0 0.0
2.0 0.0 0.0
2.5 0.0 0.0
3.0 0.0 0.0
3.5 0.0 0.0
4.0 0.0 0.0
4.5 0.0 0.0
5.0 0.0 0.0
5.5 0.0 0.0
6.0 0.0 0.0
6.5 0.0 0.0
7.0 0.0 0.0
7.5 0.0 0.0
8.0 0.0 0.0
8.5 0.0 0.0
9.0 0.0 0.0
9.5 0.0 0.0
10.0 0.0 0.0
10.5 0.0 0.0
11.0 0.0 0.0
11.5 0.0 0.0
12.0 0.0 0.0
12.5 0.0 0.0
13.0 0.0 0.0
13.5 0.0 0.0
14.0 0.0 0.0
14.5 0.0 0.0
15.0 0.0 0.0
15.5 0.0 0.0
16.0 0.0 0.0
16.5 0.0 0.0
17.0 0.0 0.0
17.5 0.0 0.0
18.0 0.0 0.0
18.5 0.0 0.0
19.0 0.0 0.0
19.5 0.0 0.0
20.0 0.0 0.0
20.5 0.0 0.0
21.0 0.0 0.0
21.5 0.0 0.0
22.0 0.0 0.0
22.5 0.0 0.0
23.0 0.0 0.0
23.5 0.0 0.0
24.0 0.0 0.0
24.5 0.0 0.0
25.0 0.0 0.0
25.5 0.0 0.0
26.0 0.0 0.0
26.5 0.0 0.0
27.0 0.0 0.0
27.5 0.0 0.0
28.0 0.0 0.0
28.5 0.0 0.0
29.0 0.0 0.0
29.5 0.0 0.0
30.0 0.0 0.0
30.5 0.0 0.0
31.0 0.0 0.0
31.5 0.0 0.0
1389
# a b m n r rhoa
1 13 2 5 1.22153042 4.89426793387745
1 13 3 6 0.474329819 4.346273968017847
1 13 4 7 0.318858505 4.50775591579182
1 13 5 8 0.283515003 4.890055336667467
1 13 6 9 0.212781951 3.6700545086640983
1 13 7 10 0.409076546 5.783183422512704
1 13 8 11 0.674231635 6.1779700247236855
1 13 9 12 2.68255001 10.748089675053393
1 23 2 7 1.32834161 4.919874981732291
1 23 3 8 0.523702218 4.4013299178964465
1 23 4 9 0.31926462 4.415964187724283
1 23 5 10 0.234600514 4.599000128179324
1 23 6 11 0.164482782 4.150178406021066
1 23 7 12 0.141542228 4.268813027112301
1 23 8 13 0.109511639 3.7050564983920604
1 23 9 14 0.122282943 4.377456097709721
1 23 10 15 0.095171362 3.406922083272392
1 23 11 16 0.122792655 4.154386953906921
1 23 12 17 0.129643208 3.909947038469888
1 23 13 18 0.183610386 4.632800162015697
1 23 14 19 0.237129769 4.648582475084148
1 23 15 20 0.338906511 4.687644423496051
1 23 16 21 0.799942568 6.722925808073076
1 23 17 22 1.87068693 6.928598604662084
1 57 4 16 0.389255801 4.492772402647788
1 57 5 17 0.274757101 4.466178535443568
1 57 6 18 0.197326744 4.211138578797845
1 57 7 19 0.157887676 4.224064167101002
1 57 8 20 0.118382918 3.840292254716775
1 57 9 21 0.113630698 4.356382772246403
1 57 10 22 0.088454798 3.9257116503598106
1 57 11 23 0.080826296 4.081181253881799
1 57 12 24 0.07098853 4.017482673699877
1 57 13 25 0.065234401 4.083331135466696
1 57 14 26 0.059514303 4.071167421646874
1 57 15 27 0.058983591 4.360996518435258
1 57 16 28 0.051465579 4.070371515775767
1 57 17 29 0.051014927 4.273816530309855
1 57 18 30 0.046241069 4.065016315795564
1 57 19 31 0.044313208 4.050691495836091
1 57 20 32 0.04403714 4.148765470621329
1 57 21 33 0.042219217 4.063728468791899
1 57 22 34 0.042980737 4.190441541388806
1 57 23 35 0.044296155 4.337168141560231
1 57 24 36 0.042764026 4.16931312805155
1 57 25 37 0.044222798 4.2565792539978515
1 57 26 38 0.043072885 4.05792242657092
1 57 27 39 0.046334031 4.235415890889818
1 57 28 40 0.047919189 4.212538536353719
1 57 29 41 0.047671165 3.9936901800551157
1 57 30 42 0.051889405 4.10389157542661
1 57 31 43 0.057805068 4.27386152694422
1 57 32 44 0.058403925 3.9952103069459977
1 57 33 45 0.065069651 4.073018650117622
1 57 34 46 0.071035385 4.020134357720891
1 57 35 47 0.080543011 4.066877277469148
1 57 36 48 0.09071352 4.025955972553888
1 57 37 49 0.106469545 4.0818379167829555
1 57 38 50 0.11944184 3.874643240683764
1 57 39 51 0.153867585 4.11651224935927
1 57 40 52 0.189811521 4.050756641397769
1 57 41 53 0.283356785 4.605966457039078
1 57 42 54 0.400326441 4.620549216105345
2 14 3 6 1.26898259 5.084393067252273
2 14 4 7 0.563381327 5.162251027712535
2 14 5 8 0.37196146 5.258481255695413
2 14 6 9 0.224647982 3.8747193327567113
2 14 7 10 0.277791174 4.791330964935992
2 14 8 11 0.300781608 4.252199805124771
2 14 9 12 0.601040179 5.507318281671191
2 14 10 13 1.08209377 4.335591445982623
2 24 3 8 1.37924791 5.108420330230828
2 24 4 9 0.607782483 5.1079623764383
2 24 5 10 0.369798734 5.114935585439371
2 24 6 11 0.228211664 4.473756063416029
2 24 7 12 0.179861522 4.538209991356317
2 24 8 13 0.125050041 3.7714203853123416
2 24 9 14 0.133225451 4.507354902968469
2 24 10 15 0.096941883 3.4703027785470644
2 24 11 16 0.11491007 4.113523720227692
2 24 12 17 0.112513231 3.8066079685980876
2 24 13 18 0.145775189 4.396476123245408
2 24 14 19 0.170534803 4.302881117889024
2 24 15 20 0.223231569 4.37612858105107
2 24 16 21 0.375929332 5.199732019248209
2 24 17 22 0.604186739 5.077742806804365
2 24 18 23 2.27379893 8.421633700984984
2 58 5 17 0.426887168 4.927111895334014
2 58 6 18 0.275959798 4.4857283833146235
2 58 7 19 0.208782988 4.455625616381162
2 58 8 20 0.146877642 3.9295060909028083
2 58 9 21 0.138624687 4.496926759303544
2 58 10 22 0.104314206 3.9992063581177897
2 58 11 23 0.093729371 4.159802430565689
2 58 12 24 0.080442138 4.0617838732554645
2 58 13 25 0.072983727 4.13039766684198
2 58 14 26 0.065483507 4.0989238636935035
2 58 15 27 0.064432231 4.407585849593597
2 58 16 28 0.054894781 4.058687251192724
2 58 17 29 0.054239682 4.289773105195914
2 58 18 30 0.048675241 4.077807454328338
2 58 19 31 0.046210168 4.062299832982972
2 58 20 32 0.045520317 4.161033905729936
2 58 21 33 0.043191375 4.069085440804223
2 58 22 34 0.043557307 4.192523714492588
2 58 23 35 0.044249986 4.314187994037261
2 58 24 36 0.042816225 4.192263798333618
2 58 25 37 0.043641842 4.2548965053699925
2 58 26 38 0.042088157 4.051113543860442
2 58 27 39 0.044853665 4.2256907824353815
2 58 28 40 0.046191453 4.222382767851348
2 58 29 41 0.04540127 3.991190240602778
2 58 30 42 0.048815017 4.089517301121622
2 58 31 43 0.053674769 4.2450945874609545
2 58 32 44 0.053752621 3.9742407856749504
2 58 33 45 0.05904341 4.038955261812256
2 58 34 46 0.063701852 3.987401611283155
2 58 35 47 0.070402061 3.9842923956907104
2 58 36 48 0.078177419 3.9474308818959454
2 58 37 49 0.089754636 3.9833997497682834
2 58 38 50 0.098861611 3.7901643356703265
2 58 39 51 0.121988369 3.95725157438873
2 58 40 52 0.14486753 3.875728352917357
2 58 41 53 0.199729659 4.262419048200777
2 58 42 54 0.257981858 4.1934968469966885
2 58 43 55 0.36638492 4.228797754827339
3 15 4 7 2.25507378 9.035333962441813
3 15 5 8 0.808856635 7.411536015109803
3 15 6 9 0.362823218 5.129292402992747
3 15 7 10 0.326848383 5.637467727132177
3 15 8 11 0.281069384 4.847873398795186
3 15 9 12 0.481838445 6.811830535631097
3 15 10 13 0.684754894 6.274394421458501
3 15 11 14 2.58915528 10.3738879157291
3 25 4 9 2.36444481 8.757365408741327
3 25 5 10 0.835890902 7.0250449752153745
3 25 6 11 0.394107661 5.451168742354796
3 25 7 12 0.261806389 5.132331536874492
3 25 8 13 0.157316117 3.9693513433672565
3 25 9 14 0.158954385 4.793951310450081
3 25 10 15 0.107947235 3.652128743322022
3 25 11 16 0.117524469 4.207113362115819
3 25 12 17 0.108002807 3.866259140262237
3 25 13 18 0.1293594 4.37655659229151
3 25 14 19 0.141980246 4.282023338769325
3 25 15 20 0.176290209 4.448099732315694
3 25 16 21 0.250575611 4.91216855180297
3 25 17 22 0.347268947 4.803310913250337
3 25 18 23 0.82301253 6.9168117807983895
3 25 19 24 2.57985412 9.55519246401306
3 59 6 18 0.458685273 5.294124148545102
3 59 7 19 0.305202792 4.961073448608879
3 59 8 20 0.191046173 4.077105277995098
3 59 9 21 0.175892549 4.705759387394854
3 59 10 22 0.126143401 4.0920390714134305
3 59 11 23 0.1104952 4.236173799582933
3 59 12 24 0.092279661 4.0954628631784775
3 59 13 25 0.082594844 4.1704809657502
3 59 14 26 0.072687477 4.113631870422705
3 59 15 27 0.071023067 4.4456712466392885
3 59 16 28 0.05958085 4.07571967152214
3 59 17 29 0.058359561 4.31485838728283
3 59 18 30 0.051744533 4.092433764717176
3 59 19 31 0.048510904 4.064039990010658
3 59 20 32 0.047357677 4.1631764543154555
3 59 21 33 0.044493976 4.067215585004252
3 59 22 34 0.04436281 4.179447037381052
3 59 23 35 0.044587716 4.291703725050326
3 59 24 36 0.042809106 4.173708238928448
3 59 25 37 0.043389863 4.248430399213274
3 59 26 38 0.041476039 4.043739799014201
3 59 27 39 0.043775382 4.213514098701556
3 59 28 40 0.044605843 4.20234332262168
3 59 29 41 0.043457202 3.9724435787684604
3 59 30 42 0.04646583 4.08477488003106
3 59 31 43 0.050686429 4.246296346216016
3 59 32 44 0.050371463 3.9838387556691623
3 59 33 45 0.054833613 4.054164748738786
3 59 34 46 0.05852651 4.0035959223901125
3 59 35 47 0.063647819 3.9840194290624167
3 59 36 48 0.069691649 3.9440877612069634
3 59 37 49 0.078598367 3.968685908681523
3 59 38 50 0.085357553 3.7882528459146445
3 59 39 51 0.102334821 3.923320537952864
3 59 40 52 0.118578884 3.846649309642451
3 59 41 53 0.155711261 4.165837224712914
3 59 42 54 0.191036535 4.076899593997076
3 59 43 55 0.250297531 4.068588059628425
3 59 44 56 0.311090121 3.5905877491730975
4 16 5 8 2.20345165 8.828501180056048
4 16 6 9 0.661394428 6.060342972045902
4 16 7 10 0.405810916 5.7370166660346635
4 16 8 11 0.23480449 4.049898373095913
4 16 9 12 0.30985168 5.34430927932015
4 16 10 13 0.305702465 4.321766782027318
4 16 11 14 0.539754865 4.9457622626514395
4 16 12 15 0.789611502 3.163711841461476
4 26 5 10 2.28174095 8.451049135394525
4 26 6 11 0.740087488 6.219888117401915
4 26 7 12 0.404260633 5.591601342593957
4 26 8 13 0.202238782 3.9645956800454
4 26 9 14 0.193733935 4.888234402251835
4 26 10 15 0.121721046 3.6710202614483047
4 26 11 16 0.122137596 4.132224646530806
4 26 12 17 0.104639276 3.7458522468348705
4 26 13 18 0.114664196 4.104721980474272
4 26 14 19 0.115958344 3.9231648791228673
4 26 15 20 0.135535242 4.08764659746926
4 26 16 21 0.161080836 4.06434156245619
4 26 17 22 0.194465268 3.812207301721541
4 26 18 23 0.317723259 4.394644584642817
4 26 19 24 0.542483182 4.559170033708474
4 26 20 25 1.00012895 3.7042499930504964
4 60 7 19 0.464022447 5.355725563331286
4 60 8 20 0.249875914 4.061734672441252
4 60 9 21 0.22378648 4.775814267433372
4 60 10 22 0.152353063 4.075993329374115
4 60 11 23 0.130091778 4.220122766831395
4 60 12 24 0.106072119 4.0666013670642975
4 60 13 25 0.093337831 4.14242549709983
4 60 14 26 0.080546562 4.067056578950841
4 60 15 27 0.078209453 4.426139298095691
4 60 16 28 0.064161924 4.016199703905427
4 60 17 29 0.062629756 4.284284775256341
4 60 18 30 0.055033276 4.068926984016396
4 60 19 31 0.051066652 4.038820698137557
4 60 20 32 0.049400979 4.138606738841163
4 60 21 33 0.046006823 4.044423932606718
4 60 22 34 0.04557883 4.166382606990649
4 60 23 35 0.045219997 4.260203140694424
4 60 24 36 0.043205079 4.15862069466383
4 60 25 37 0.043470775 4.238218190543498
4 60 26 38 0.041254916 4.039391395436996
4 60 27 39 0.043222586 4.214020804265181
4 60 28 40 0.043916659 4.227112441060333
4 60 29 41 0.042337364 3.9886285503628645
4 60 30 42 0.044746009 4.090254041840193
4 60 31 43 0.048385409 4.253523572983174
4 60 32 44 0.047758064 4.00097021365523
4 60 33 45 0.051474299 4.071061173607414
4 60 34 46 0.054639095 4.039782912936809
4 60 35 47 0.05837062 3.992932027202421
4 60 36 48 0.063247375 3.9589537362968645
4 60 37 49 0.070378733 3.9829721847240647
4 60 38 50 0.075714076 3.8230487219924294
4 60 39 51 0.088736318 3.9382057871256793
4 60 40 52 0.101041186 3.8737250560385053
4 60 41 53 0.128203163 4.158856887605121
4 60 42 54 0.152205366 4.072041902504748
4 60 43 55 0.190168601 4.058377064931019
4 60 44 56 0.225636387 3.6677209970796647
4 60 45 57 0.403411926 4.656161740879981
5 17 6 9 1.92959508 7.731248580294622
5 17 7 10 0.733907903 6.724782389722514
5 17 8 11 0.286912861 4.056135013521142
5 17 9 12 0.325248987 5.609881409432987
5 17 10 13 0.262043244 4.519711303460915
5 17 11 14 0.383310119 5.418919142536644
5 17 12 15 0.448443711 4.109080115076255
5 17 13 16 3.26428355 13.078903352933814
5 27 6 11 2.06359 7.643067669583082
5 27 7 12 0.766341376 6.4405326339685836
5 27 8 13 0.287355447 3.974606904766031
5 27 9 14 0.258685473 5.071150540979331
5 27 10 15 0.148764542 3.7535806622605277
5 27 11 16 0.139191877 4.197928110936709
5 27 12 17 0.112025067 3.790092142362658
5 27 13 18 0.117082763 4.191301274381759
5 27 14 19 0.111897637 4.005685350613117
5 27 15 20 0.126822535 4.290728015168365
5 27 16 21 0.139518046 4.207765136225305
5 27 17 22 0.160568629 4.051417714713799
5 27 18 23 0.236208824 4.630528694634861
5 27 19 24 0.358947263 4.96484157464629
5 27 20 25 0.551522488 4.635138716993335
5 27 21 26 2.0207142 7.484265465275293
5 61 8 20 0.349097319 4.029265065831431
5 61 9 21 0.299952059 4.875722748173496
5 61 10 22 0.189726796 4.048948530095387
5 61 11 23 0.156994272 4.200162391365543
5 61 12 24 0.124002032 4.022573958336976
5 61 13 25 0.107057862 4.104392860900431
5 61 14 26 0.090310061 4.008050062048699
5 61 15 27 0.086965863 4.391187860486057
5 61 16 28 0.06982541 3.951657751738065
5 61 17 29 0.067308039 4.213129991274185
5 61 18 30 0.058449169 3.9983052923451425
5 61 19 31 0.053858008 3.982032653418105
5 61 20 32 0.051575625 4.079074965975464
5 61 21 33 0.047558728 3.9842706799700043
5 61 22 34 0.046725313 4.107585828209434
5 61 23 35 0.045947762 4.200106857217395
5 61 24 36 0.043605798 4.108128481124991
5 61 25 37 0.043541305 4.190983473162258
5 61 26 38 0.040976476 3.9950345023195255
5 61 27 39 0.042539765 4.165194778360762
5 61 28 40 0.043027597 4.195010194798111
5 61 29 41 0.04105586 3.951751807541446
5 61 30 42 0.04300361 4.051395987116013
5 61 31 43 0.04602611 4.207268685296187
5 61 32 44 0.04508721 3.9635814709149764
5 61 33 45 0.048018371 4.0227776418919765
5 61 34 46 0.05058145 4.000446459693695
5 61 35 47 0.053156256 3.9301480872714802
5 61 36 48 0.056997592 3.8990079353314475
5 61 37 49 0.062463505 3.9098875882508626
5 61 38 50 0.066469071 3.761711097263558
5 61 39 51 0.076080864 3.8415690351062306
5 61 40 52 0.085054244 3.77479169172198
5 61 41 53 0.104316897 3.99930952589064
5 61 42 54 0.119819489 3.8868940160000265
5 61 43 55 0.142980058 3.8252316767764882
5 61 44 56 0.162858832 3.475560871430368
5 61 45 57 0.242487824 3.941641219511985
5 61 46 58 0.389839016 4.499503843130059
6 18 7 10 2.47056508 9.89873625054821
6 18 8 11 0.461047468 4.224568070406178
6 18 9 12 0.418761618 5.920102902213801
6 18 10 13 0.243305674 4.1965264518476815
6 18 11 14 0.266498594 4.596557000562247
6 18 12 15 0.234646228 3.3172328973481076
6 18 13 16 0.70945652 6.500734891214026
6 18 14 17 1.86813021 7.4849791977433915
6 28 7 12 2.56500491 9.500194369977981
6 28 8 13 0.512201192 4.304672298202529
6 28 9 14 0.415026954 5.740517586334161
6 28 10 15 0.20693611 4.056679928735922
6 28 11 16 0.176300833 4.448367793779936
6 28 12 17 0.129804178 3.9148017792965915
6 28 13 18 0.128589195 4.350498603694114
6 28 14 19 0.114934847 4.114410681459342
6 28 15 20 0.125984317 4.509957015570393
6 28 16 21 0.127817384 4.324386280043471
6 28 17 22 0.140454331 4.2360028265709015
6 28 18 23 0.188320709 4.75164956717705
6 28 19 24 0.263364764 5.162881200652089
6 28 20 25 0.366863055 5.074330230136756
6 28 21 26 0.875936809 7.361601213685227
6 28 22 27 2.67921865 9.923216066931431
6 62 9 21 0.472437114 5.452847259598752
6 62 10 22 0.262602169 4.268600033557365
6 62 11 23 0.206000469 4.39624404006965
6 62 12 24 0.155057613 4.148349785764879
6 62 13 25 0.130277976 4.226162951930091
6 62 14 26 0.106403352 4.079300204264079
6 62 15 27 0.101411861 4.500758955013042
6 62 16 28 0.079041656 3.991069004856709
6 62 17 29 0.075501743 4.272900767724603
6 62 18 30 0.064289056 4.024157499883566
6 62 19 31 0.05878687 4.0214062485885105
6 62 20 32 0.055719308 4.119649280045052
6 62 21 33 0.050853679 4.021976833759206
6 62 22 34 0.049707143 4.164255874126328
6 62 23 35 0.048215671 4.238602037769304
6 62 24 36 0.045343195 4.144843099162164
6 62 25 37 0.045121087 4.250884770048666
6 62 26 38 0.042133658 4.055493153957391
6 62 27 39 0.043439446 4.235163744477341
6 62 28 40 0.04384521 4.293014776836005
6 62 29 41 0.041251904 4.021887576822683
6 62 30 42 0.043032111 4.141971996849515
6 62 31 43 0.045740465 4.309236744306361
6 62 32 44 0.044543336 4.071727606165855
6 62 33 45 0.047046624 4.135832027652716
6 62 34 46 0.049127395 4.1156870192534365
6 62 35 47 0.051277178 4.055471031241363
6 62 36 48 0.054555807 4.033624951512801
6 62 37 49 0.059298227 4.056386410571266
6 62 38 50 0.062664391 3.9224619975487935
6 62 39 51 0.070879155 4.011292769958584
6 62 40 52 0.078415906 3.9594728623139828
6 62 41 53 0.094701013 4.202924866042607
6 62 42 54 0.107187303 4.109355380293054
6 62 43 55 0.12542539 4.068747095436783
6 62 44 56 0.140805531 3.767055245190444
6 62 45 57 0.19841697 4.234405028520486
6 62 46 58 0.29309305 4.764229510478379
6 62 47 59 0.438682372 5.063251592876507
7 19 8 11 0.916330324 3.6714322035408133
7 19 9 12 0.655751351 6.008635578409281
7 19 10 13 0.287654979 4.066626459577177
7 19 11 14 0.260961615 4.501055410094509
7 19 12 15 0.194735347 3.3587874107499736
7 19 13 16 0.399985813 5.654666212474246
7 19 14 17 0.694282197 6.361692894705697
7 19 15 18 3.03188622 12.147764200347066
7 29 8 13 1.00960993 3.7393653850198145
7 29 9 14 0.687479043 5.777753035758037
7 29 10 15 0.283936327 3.9273147510863287
7 29 11 16 0.220107315 4.314882148545535
7 29 12 17 0.152539895 3.8488391951305934
7 29 13 18 0.138510148 4.177367648682574
7 29 14 19 0.114724157 3.8814092026821094
7 29 15 20 0.12088867 4.327544240045958
7 29 16 21 0.110845758 3.9680304330126894
7 29 17 22 0.11432032 3.8677463727326726
7 29 18 23 0.13528358 4.080056650361538
7 29 19 24 0.169549379 4.278017205959476
7 29 20 25 0.210662223 4.129724927113934
7 29 21 26 0.362239197 5.010374533019041
7 29 22 27 0.667528299 5.610081783979048
7 29 23 28 1.57861065 5.846814542556677
7 63 10 22 0.35549332 4.103087412746455
7 63 11 23 0.263207451 4.278438896562003
7 63 12 24 0.188311029 4.018734728806045
7 63 13 25 0.154283567 4.127641266549687
7 63 14 26 0.122110373 3.961209333026209
7 63 15 27 0.115246853 4.4183430516708935
7 63 16 28 0.088915212 3.9461452802437287
7 63 17 29 0.083052643 4.193596718782429
7 63 18 30 0.069659231 3.9422531161830987
7 63 19 31 0.063090461 3.949131743422421
7 63 20 32 0.059120919 4.044257384155598
7 63 21 33 0.053539104 3.958454244404061
7 63 22 34 0.052263041 4.133442148085443
7 63 23 35 0.04993592 4.1834218512599355
7 63 24 36 0.046545002 4.091734828810665
7 63 25 37 0.045761425 4.1830737031009155
7 63 26 38 0.042403338 3.994844000620505
7 63 27 39 0.043404878 4.177851958103324
7 63 28 40 0.043229014 4.214647507297939
7 63 29 41 0.040664861 3.981617357311828
7 63 30 42 0.042041562 4.0988759189883845
7 63 31 43 0.044343909 4.268236557319793
7 63 32 44 0.042924361 4.043929891116562
7 63 33 45 0.044991815 4.112723285633725
7 63 34 46 0.046416374 4.080427241638143
7 63 35 47 0.047778662 4.002695827667994
7 63 36 48 0.050693654 4.009320584388884
7 63 37 49 0.0545582 4.033801879782031
7 63 38 50 0.057220509 3.9142569155325813
7 63 39 51 0.063776916 3.992100223727725
7 63 40 52 0.0696781 3.94332097715402
7 63 41 53 0.082671636 4.174358442343315
7 63 42 54 0.09201526 4.083728484608456
7 63 43 55 0.105242073 4.034778997245079
7 63 44 56 0.116194985 3.7693166249917227
7 63 45 57 0.155283716 4.154398855613585
7 63 46 58 0.213342304 4.552925714235765
7 63 47 59 0.291555889 4.739242948024727
7 63 48 60 0.44444881 5.129807552842739
8 20 9 12 2.59100118 10.381283825835984
8 20 10 13 0.523650309 4.79819656109624
8 20 11 14 0.355106646 5.020201936415312
8 20 12 15 0.210498388 3.630667706143576
8 20 13 16 0.287651684 4.96140464370975
8 20 14 17 0.337184976 4.766840295761039
8 20 15 18 0.775609861 7.106896537327418
8 20 16 19 1.82692079 7.319866696591199
8 30 9 14 2.6819185 9.933215696822893
8 30 10 15 0.560896815 4.713923004069324
8 30 11 16 0.357264761 4.941569755245272
8 30 12 17 0.215605498 4.2266306072039
8 30 13 18 0.178835981 4.512333859758001
8 30 14 19 0.135289292 4.080228920223016
8 30 15 20 0.137212047 4.642231556730028
8 30 16 21 0.115124845 4.121212185277029
8 30 17 22 0.113458662 4.061566557241644
8 30 18 23 0.123372103 4.173991149383169
8 30 19 24 0.145108789 4.376377972739627
8 30 20 25 0.169613315 4.279630419229224
8 30 21 26 0.255043364 4.999752318220778
8 30 22 27 0.393989436 5.449533492679797
8 30 23 28 0.682963832 5.739806025841201
8 30 24 29 3.21321971 11.901034450044886
8 64 11 23 0.418041324 4.82501357412922
8 64 12 24 0.266773651 4.336407501686785
8 64 13 25 0.207078683 4.419254142398202
8 64 14 26 0.154677717 4.1381861990842745
8 64 15 27 0.143603663 4.658442654436494
8 64 16 28 0.106578421 4.0860120135636615
8 64 17 29 0.09757797 4.33060707060187
8 64 18 30 0.079924017 4.035622267230088
8 64 19 31 0.071366616 4.038879848062672
8 64 20 32 0.065920199 4.126258491020107
8 64 21 33 0.05883106 4.024429133496741
8 64 22 34 0.056988573 4.2134933501012775
8 64 23 35 0.053611804 4.240114735927742
8 64 24 36 0.049307124 4.1307439607477585
8 64 25 37 0.048129079 4.230989802576009
8 64 26 38 0.044113382 4.032425305790745
8 64 27 39 0.044666666 4.208073494068318
8 64 28 40 0.044412972 4.274884081816521
8 64 29 41 0.041064453 4.003611890731613
8 64 30 42 0.042122401 4.124329429116925
8 64 31 43 0.04403516 4.293243360291907
8 64 32 44 0.042274647 4.069063775437332
8 64 33 45 0.04392102 4.137825735514813
8 64 34 46 0.044682961 4.084490794064734
8 64 35 47 0.045575677 4.00652222396564
8 64 36 48 0.047931621 4.015510090886672
8 64 37 49 0.051015176 4.034749502433219
8 64 38 50 0.053093434 3.9255032950735766
8 64 39 51 0.058306652 3.988556197788307
8 64 40 52 0.062820177 3.9322133835432758
8 64 41 53 0.073362625 4.151840795050151
8 64 42 54 0.080190318 4.049068666519373
8 64 43 55 0.089852167 3.987728272263708
8 64 44 56 0.097835549 3.7508270887931072
8 64 45 57 0.125113973 4.058644858447767
8 64 46 58 0.162862784 4.357166230306097
8 64 47 59 0.208605575 4.451839455856057
8 64 48 60 0.287581142 4.6746334086511885
8 64 49 61 0.431891379 4.984870266616005
9 21 10 13 0.872811386 3.4970662284635807
9 21 11 14 0.450020236 4.123525779871007
9 21 12 15 0.225186549 3.1834998361153777
9 21 13 16 0.242703758 4.1861446289568995
9 21 14 17 0.223838215 3.860752504201232
9 21 15 18 0.38798805 5.485051834022843
9 21 16 19 0.541717052 4.9637417400886
9 21 17 20 1.09839192 4.400892736577192
9 31 10 15 0.93814822 3.4746874764652453
9 31 11 16 0.478962861 4.025328702504325
9 31 12 17 0.257642467 3.5636266477285683
9 31 13 18 0.201315842 3.946502790537486
9 31 14 19 0.144111483 3.636176124539723
9 31 15 20 0.14296813 4.311817218292515
9 31 16 21 0.114064324 3.8590853787778436
9 31 17 22 0.108977561 3.9011531552113774
9 31 18 23 0.111977555 4.008546236422979
9 31 19 24 0.125662466 4.251479938650826
9 31 20 25 0.140391504 4.23410800889109
9 31 21 26 0.192353042 4.853392139493745
9 31 22 27 0.266397944 5.222342260523386
9 31 23 28 0.389073192 5.3815336076874845
9 31 24 29 1.10117492 9.254560996022411
9 31 25 30 2.87347747 10.642706521272341
10 22 11 14 2.50815887 10.0493621194561
10 22 12 15 0.625401623 5.7305416710498065
10 22 13 16 0.412743891 5.83502929100851
10 22 14 17 0.258150454 4.452568618549718
10 22 15 18 0.362587453 6.253893765019956
10 22 16 19 0.396450227 5.604683042957438
10 22 17 20 0.627046038 5.745609410459877
10 22 18 21 3.2273429 12.930894399745739
10 32 11 16 2.60030317 9.630931090837521
10 32 12 17 0.712105315 5.984718643300787
10 32 13 18 0.411622711 5.693431206470613
10 32 14 19 0.225724383 4.424996555421864
10 32 15 20 0.20750712 5.2357551231084
10 32 16 21 0.141557583 4.2692761230021805
10 32 17 22 0.125975835 4.262082006709041
10 32 18 23 0.113818562 4.074450172984894
10 32 19 24 0.116843937 4.1827518372784045
10 32 20 25 0.120914413 4.090841263319157
10 32 21 26 0.145955291 4.401907871598338
10 32 22 27 0.179144866 4.5201275500236715
10 32 23 28 0.218258858 4.278645851211873
10 32 24 29 0.409645237 5.666079430485677
10 32 25 30 0.638721839 5.367984787119113
10 32 26 31 1.21934087 4.5161610502562555
11 23 12 15 1.58638583 6.356122755032629
11 23 13 16 0.696512806 6.382131917177371
11 23 14 17 0.297151012 4.200873463376885
11 23 15 18 0.336947524 5.811657303769174
11 23 16 19 0.269666551 4.6511977951243
11 23 17 20 0.332174134 4.6960011858912925
11 23 18 21 0.744601976 6.822771951479294
11 23 19 22 1.76274392 7.062731228006125
11 33 12 17 1.73396138 6.422198287345676
11 33 13 18 0.7408549 6.226337647838986
11 33 14 19 0.316989602 4.384496880089543
11 33 15 20 0.275528946 5.401342206654816
11 33 16 21 0.168839936 4.260116760799795
11 33 17 22 0.143349019 4.323304559901153
11 33 18 23 0.119213263 4.033287044244418
11 33 19 24 0.116011607 4.152956283259012
11 33 20 25 0.114225783 4.089027774781454
11 33 21 26 0.128453796 4.34591771211577
11 33 22 27 0.149020067 4.494339338156722
11 33 23 28 0.168916122 4.262039062260146
11 33 24 29 0.275734715 5.405376007098132
11 33 25 30 0.383126791 5.2992849267598965
11 33 26 31 0.569453302 4.785833950654607
11 33 27 32 1.53126671 5.671463364675081
12 24 13 16 2.60091716 10.421013874431065
12 24 14 17 0.525403218 4.8142584287036065
12 24 15 18 0.473461296 6.693401381727175
12 24 16 19 0.270710403 4.669202112318375
12 24 17 20 0.273829797 4.723005294215132
12 24 18 21 0.367362357 5.19346296880485
12 24 19 22 0.551063488 5.049382932890238
12 24 20 23 2.17613584 8.719055773881973
12 34 13 18 2.71024209 10.038119827495908
12 34 14 19 0.59972461 5.040241911848802
12 34 15 20 0.465208736 6.434615642636758
12 34 16 21 0.237673254 4.659236704020167
12 34 17 22 0.189109829 4.771560397623482
12 34 18 23 0.139763812 4.2151772641622856
12 34 19 24 0.125711555 4.253140744023756
12 34 20 25 0.116623206 4.174850160738745
12 34 21 26 0.121268959 4.3411577364265765
12 34 22 27 0.133036882 4.50097513543668
12 34 23 28 0.139957793 4.221027593293831
12 34 24 29 0.20521159 5.1778350239920465
12 34 25 30 0.262620463 5.148290267597255
12 34 26 31 0.347220722 4.802643880765018
12 34 27 32 0.689313151 5.793167357362177
12 34 28 33 2.35689132 8.729389001019094
13 25 14 17 1.06198201 4.255010282836609
13 25 15 18 0.74636661 6.838941255010429
13 25 16 19 0.320337714 4.528667740365677
13 25 17 20 0.280107929 4.831290261733774
13 25 18 21 0.276802645 4.7742808566145625
13 25 19 22 0.328493665 4.6439697812165495
13 25 20 23 0.784239539 7.185970091933051
13 25 21 24 2.45804253 9.84856253902052
13 35 14 19 1.18462766 4.387591221434422
13 35 15 20 0.771970313 6.487839687428599
13 35 16 21 0.321455362 4.446265817189344
13 35 17 22 0.239704317 4.699052725042782
13 35 18 23 0.159677017 4.028920837995424
13 35 19 24 0.133696446 4.032189816620777
13 35 20 25 0.11540283 3.9043704315696917
13 35 21 26 0.109267667 3.9115383017209946
13 35 22 27 0.111961632 4.007976228605585
13 35 23 28 0.106866533 3.615565853710578
13 35 24 29 0.135118769 4.075086067703962
13 35 25 30 0.155773436 3.9304268961045694
13 35 26 31 0.178411167 3.4974901201692288
13 35 27 32 0.272188395 3.7648211838635652
13 35 28 33 0.482502572 4.055077356203949
13 35 29 34 1.23100773 4.559372444220926
14 26 15 18 2.64702657 10.60575901308509
14 26 16 19 0.530494759 4.860912109790006
14 26 17 20 0.379907242 5.37081210230743
14 26 18 21 0.251119835 4.33130478560531
14 26 19 22 0.22392782 3.8622980076271727
14 26 20 23 0.325631244 4.603503257683684
14 26 21 24 0.49906388 4.572911638983387
14 26 22 25 0.927833076 3.717519922146253
14 36 15 20 2.7337604 10.125226294771013
14 36 16 21 0.581959738 4.890941298000341
14 36 17 22 0.387686995 5.362360182492012
14 36 18 23 0.220061396 4.31398197367684
14 36 19 24 0.169535172 4.277658739353444
14 36 20 25 0.13595232 4.100225373604689
14 36 21 26 0.119646245 4.047935923463428
14 36 22 27 0.117361414 4.2012763574894905
14 36 23 28 0.105535864 3.777948093659013
14 36 24 29 0.124197246 4.201907829858134
14 36 25 30 0.13688989 4.12850181863726
14 36 26 31 0.147924406 3.7323826119666017
14 36 27 32 0.208085068 4.0792035707313214
14 36 28 33 0.319849403 4.424052715621893
14 36 29 34 0.580418013 4.8779842393237836
14 36 30 35 3.79498865 14.055774188307632
15 27 16 19 0.85210055 3.414084766144702
15 27 17 20 0.505835518 4.634960012881297
15 27 18 21 0.272259189 3.848973606156226
15 27 19 22 0.214760012 3.704172025010504
15 27 20 23 0.262524973 4.528020145823227
15 27 21 24 0.337886068 4.776751750406146
15 27 22 25 0.509808237 4.6713619519547285
15 27 23 26 1.90857036 7.6470094887173925
15 37 16 21 0.928887549 3.4403880588877493
15 37 17 22 0.532659284 4.4766074347894005
15 37 18 23 0.264142207 3.6535289333921637
15 37 19 24 0.191259182 3.749356672481428
15 37 20 25 0.145558662 3.672690895036778
15 37 21 26 0.121529058 3.6652300397806816
15 37 22 27 0.115505538 3.9078453037048524
15 37 23 28 0.098341006 3.5203882553726906
15 37 24 29 0.108504754 3.8842277211777048
15 37 25 30 0.114023589 3.8577072104129084
15 37 26 31 0.115581389 3.4858525687113984
15 37 27 32 0.149090524 3.761805738713524
15 37 28 33 0.199707725 3.9149780075648137
15 37 29 34 0.279819998 3.870379029712345
15 37 30 35 0.899263667 7.557646207342142
15 37 31 36 2.06117686 7.6341299482740155
16 28 17 20 3.21577668 12.88455238587909
16 28 18 21 0.702274211 6.434923547742574
16 28 19 22 0.380156419 5.374334759154326
16 28 20 23 0.301020189 5.19198407875473
16 28 21 24 0.294924027 5.086837722456648
16 28 22 25 0.372582335 5.267258669220002
16 28 23 26 0.817716145 7.492715515406818
16 28 24 27 2.53913744 10.173482992179336
16 38 17 22 3.3200304 12.296636934794694
16 38 18 23 0.741251177 6.229668063017549
16 38 19 24 0.402650775 5.569334311329041
16 38 20 25 0.241115239 4.726711788308308
16 38 21 26 0.171595977 4.329656330262505
16 38 22 27 0.151207925 4.560323580907739
16 38 23 28 0.115628053 3.911990296885901
16 38 24 29 0.115713971 4.14230157957644
16 38 25 30 0.114303894 4.091823974029358
16 38 26 31 0.107786214 3.6466809944993823
16 38 27 32 0.129807971 3.9149161734815685
16 38 28 33 0.159372958 4.021248915861007
16 38 29 34 0.195011014 3.8229058542573355
16 38 30 35 0.444104194 6.142704494854949
16 38 31 36 0.699680313 5.880295688512913
16 38 32 37 1.61307634 5.9744676136361425
17 29 18 21 1.81069494 7.254855088157489
17 29 19 22 0.665844195 6.101116091721612
17 29 20 23 0.348719576 4.929906861560474
17 29 21 24 0.253125008 4.365889928634201
17 29 22 25 0.262396488 4.525804041725442
17 29 23 26 0.35681097 5.044296249325127
17 29 24 27 0.608015562 5.571233566638452
17 29 25 28 1.48182024 5.9371630584546455
17 39 18 23 1.8897831 6.999326471893395
17 39 19 24 0.732152809 6.1532030072930155
17 39 20 25 0.345225059 4.77504052045918
17 39 21 26 0.215592872 4.226383092931112
17 39 22 27 0.179627101 4.532295153582489
17 39 23 28 0.127507195 3.8455264040816735
17 39 24 29 0.117644417 3.980209005048271
17 39 25 30 0.110292682 3.948231548153524
17 39 26 31 0.097462231 3.48893007414242
17 39 27 32 0.11059965 3.7418666700110976
17 39 28 33 0.126074001 3.8023022913626114
17 39 29 34 0.13959768 3.5222852509063163
17 39 30 35 0.257390292 5.045760410823796
17 39 31 36 0.345047793 4.772588634911383
17 39 32 37 0.563917093 4.739306207471691
17 39 33 38 1.16286408 4.306983874688031
18 30 19 22 2.91431652 11.676701340769984
18 30 20 23 0.723445891 6.628919197936357
18 30 21 24 0.359002577 5.075279363353529
18 30 22 25 0.310389653 5.35358821592596
18 30 23 26 0.30226643 5.213479193257801
18 30 24 27 0.376830885 5.327321129827842
18 30 25 28 0.640728253 5.870979253335649
18 30 26 29 3.08809094 12.372957903528489
18 40 19 24 3.06703408 11.359596149602146
18 40 20 25 0.768852133 6.4616336901047795
18 40 21 26 0.364924484 5.047516547770821
18 40 22 27 0.277071214 5.431576116243296
18 40 23 28 0.174142226 4.3939024932204775
18 40 24 29 0.142465577 4.296660576889256
18 40 25 30 0.125178066 4.235091458081915
18 40 26 31 0.102244344 3.6601190331110227
18 40 27 32 0.109608122 3.9237258299173496
18 40 28 33 0.117659978 3.9807354731451596
18 40 29 34 0.121054487 3.650917315615497
18 40 30 35 0.197189362 4.975420661777663
18 40 31 36 0.242541555 4.754672628440245
18 40 32 37 0.345665137 4.78112753595061
18 40 33 38 0.527693963 4.434877583133018
18 40 34 39 2.39004145 8.852169537291065
19 31 20 23 1.83660352 7.35866218966733
19 31 21 24 0.553541273 5.072086823753665
19 31 22 25 0.408629851 5.7768684207259255
19 31 23 26 0.300840804 5.188890053509907
19 31 24 27 0.292056446 5.037377801027461
19 31 25 28 0.386811395 5.4684172658557
19 31 26 29 1.0335329 9.470239817159783
19 31 27 30 2.7348399 10.95759795065817
19 41 20 25 1.93408948 7.16342721890916
19 41 21 26 0.600060094 5.0430614068125905
19 41 22 27 0.413356233 5.717408717886167
19 41 23 28 0.231262282 4.533558969785731
19 41 24 29 0.17317385 4.369468731125494
19 41 25 30 0.142849079 4.30822672472129
19 41 26 31 0.109076157 3.690323037832378
19 41 27 32 0.11165425 3.9969726399020797
19 41 28 33 0.114140116 4.085961087618695
19 41 29 34 0.110264266 3.730519778666912
19 41 30 35 0.164812242 4.970620115413084
19 41 31 36 0.191741903 4.837972070292354
19 41 32 37 0.252651614 4.952865555830424
19 41 33 38 0.344669676 4.767358643781236
19 41 34 39 0.984644124 8.275205818284578
19 41 35 40 2.6030064 9.640943239479668
20 32 21 24 1.10367093 4.422043981722293
20 32 22 25 0.635247363 5.820757975704842
20 32 23 26 0.342425053 4.84092013909454
20 32 24 27 0.251525334 4.338298816002224
20 32 25 28 0.253463464 4.371727604071177
20 32 26 29 0.387895162 5.483738660860014
20 32 27 30 0.583115509 5.343074914533629
20 32 28 31 1.13639505 4.553158695329144
20 42 21 26 1.19899465 4.440803282346824
20 42 22 27 0.681047978 5.723704689549894
20 42 23 28 0.32278189 4.464613920220659
20 42 24 29 0.215482832 4.224225919592162
20 42 25 30 0.167151083 4.217504147088387
20 42 26 31 0.118351778 3.5694055325192635
20 42 27 32 0.115405205 3.9044507838433313
20 42 28 33 0.111997073 4.009244937206743
20 42 29 34 0.100858407 3.610505585619073
20 42 30 35 0.137119956 4.63911588463244
20 42 31 36 0.150803094 4.548114165590503
20 42 32 37 0.182976075 4.61679542411613
20 42 33 38 0.22721105 4.454140488685199
20 42 34 39 0.470989516 6.514573507861889
20 42 35 40 0.823712212 6.92269209066489
20 42 36 41 2.1354015 7.909041120682508
21 33 22 25 3.27457854 13.120151969105475
21 33 23 26 0.77808769 7.129600831361903
21 33 24 27 0.371678984 5.254487845326543
21 33 25 28 0.282635083 4.874878511997485
21 33 26 29 0.298044373 5.140657324411008
21 33 27 30 0.372020004 5.259308901996816
21 33 28 31 0.536406586 4.9150820539181135
21 33 29 32 1.38444512 5.547013194341178
21 43 22 27 3.39451434 12.572508495384332
21 43 23 28 0.794667062 6.678589080841873
21 43 24 29 0.37781886 5.225867354819379
21 43 25 30 0.24993556 4.899621287601148
21 43 26 31 0.150726941 3.8030953035790174
21 43 27 32 0.13610566 4.104849999052703
21 43 28 33 0.122914713 4.158516485618895
21 43 29 34 0.099824296 3.5734867227130778
21 43 30 35 0.121179673 4.3379614971510785
21 43 31 36 0.124052191 4.197000251309572
21 43 32 37 0.135748392 4.0940750500207415
21 43 33 38 0.152181779 3.839803323582344
21 43 34 39 0.232035682 4.548720346197438
21 43 35 40 0.300842284 4.1611524393062345
21 43 36 41 0.482368793 4.0539530426248795
21 43 37 42 1.48074803 5.484353672430976
22 34 23 26 1.82243512 7.301894102144508
22 34 24 27 0.567355672 5.198667865789126
22 34 25 28 0.343730194 4.859371135293285
22 34 26 29 0.264253389 4.557831795278623
22 34 27 30 0.284163678 4.901243656904307
22 34 28 31 0.346999891 4.905595387629276
22 34 29 32 0.603211935 5.527218035364911
22 34 30 33 2.20717357 8.84341368113683
22 44 23 28 1.87145757 6.931452879817947
22 44 24 29 0.608357709 5.112796725647322
22 44 25 30 0.350027655 4.841468463349025
22 44 26 31 0.18558067 3.638037745806494
22 44 27 32 0.159492719 4.024270688170789
22 44 28 33 0.13828397 4.1705462809078195
22 44 29 34 0.105916845 3.583435500005937
22 44 30 35 0.12231241 4.37851095046078
22 44 31 36 0.121137954 4.336468050179162
22 44 32 37 0.126757138 4.288515468793953
22 44 33 38 0.136956805 4.130519927492444
22 44 34 39 0.192372228 4.853876234679452
22 44 35 40 0.228763982 4.4845834504046
22 44 36 41 0.32743035 4.528909904185523
22 44 37 42 0.685654424 5.762418462182749
22 44 38 43 2.41092322 8.929510860504818
23 35 24 27 2.12212904 8.50266840839063
23 35 25 28 0.746156012 6.837011550048918
23 35 26 29 0.309137442 4.370327625315342
23 35 27 30 0.258528558 4.459090141091562
23 35 28 31 0.245049868 4.2266102396107
23 35 29 32 0.260137237 3.677603547079569
23 35 30 33 0.442874954 4.058053714007176
23 35 31 34 1.18275362 4.738902135604183
23 45 24 29 2.23871009 8.291672624139695
23 45 25 30 0.820386636 6.894743083309266
23 45 26 31 0.30478717 4.215716816970928
23 45 27 32 0.235074008 4.608282285876098
23 45 28 33 0.188117689 4.746527029670417
23 45 29 34 0.128109691 3.863697255352879
23 45 30 35 0.133899341 4.530154310835075
23 45 31 36 0.124450622 4.455054161868409
23 45 32 37 0.119919447 4.292848222536872
23 45 33 38 0.12202758 4.128502526220588
23 45 34 39 0.153391045 4.626164928945227
23 45 35 40 0.163959306 4.13697022237501
23 45 36 41 0.212082071 4.157558971561063
23 45 37 42 0.346500496 4.792681949427096
23 45 38 43 0.738401206 6.205716164025521
23 45 39 44 1.53549563 5.687126321817369
24 36 25 28 2.40315736 9.62865583577492
24 36 26 29 0.492428962 4.5121160275159715
24 36 27 30 0.344234787 4.866504650771622
24 36 28 31 0.279334846 4.817956157330712
24 36 29 32 0.232887638 4.01683658711275
24 36 30 33 0.313767166 4.4357788063948105
24 36 31 34 0.571460477 5.236280106050347
24 36 32 35 3.71355362 14.87897976630048
24 46 25 30 2.53585891 9.39224421985239
24 46 26 31 0.520664695 4.375801783019999
24 46 27 32 0.354032327 4.89685978148375
24 46 28 33 0.259688779 5.090818888434883
24 46 29 34 0.159197296 4.016816666902824
24 46 30 35 0.153196461 4.620296413762128
24 46 31 36 0.134942833 4.565458291771934
24 46 32 37 0.121100007 4.335109632378081
24 46 33 38 0.117280581 4.19838271672435
24 46 34 39 0.135696598 4.59096007347306
24 46 35 40 0.133101472 4.014245823524998
24 46 36 41 0.160899133 4.059756888864584
24 46 37 42 0.229423975 4.497521648364377
24 46 38 43 0.397907492 5.50372676652736
24 46 39 44 0.579070354 4.866658161885207
24 46 40 45 2.48347947 9.198242696092889
25 37 26 29 0.906859619 3.63348622443641
25 37 27 30 0.500879317 4.589546449314963
25 37 28 31 0.34595629 4.890841826072321
25 37 29 32 0.222532194 3.8382263066692803
25 37 30 33 0.232842123 4.016051546228518
25 37 31 34 0.298631272 4.221800146113198
25 37 32 35 0.869261525 7.965024727882426
25 37 33 36 1.98135162 7.9386198990461
25 47 26 31 0.97587555 3.614420919728051
25 47 27 32 0.547694091 4.602963870917573
25 47 28 33 0.364082961 5.035876875854946
25 47 29 34 0.199641714 3.9136839584074394
25 47 30 35 0.176938458 4.464456149496945
25 47 31 36 0.147595565 4.451377369981772
25 47 32 37 0.123123743 4.165588500675294
25 47 33 38 0.113326487 4.05683498760879
25 47 34 39 0.120690194 4.320439242773778
25 47 35 40 0.108481148 3.670192374259241
25 47 36 41 0.122276124 3.6877610195312105
25 47 37 42 0.154259925 3.892238457210854
25 47 38 43 0.228106866 4.471701651824104
25 47 39 44 0.270836399 3.7461208157552965
25 47 40 45 0.570262063 4.7926309888633085
25 47 41 46 1.46848291 5.438926459595309
26 38 27 30 1.90609561 7.637093984878067
26 38 28 31 0.799660642 7.327273328293618
26 38 29 32 0.334463562 4.728367211727044
26 38 30 33 0.26797456 4.622014402599767
26 38 31 34 0.263584052 4.546287097699148
26 38 32 35 0.45479858 6.429563450059828
26 38 33 36 0.669310579 6.132878494039299
26 38 34 37 1.54007412 6.170567067261848
26 48 27 32 2.02494659 7.499941274507779
26 48 28 33 0.866471039 7.282048415807012
26 48 29 34 0.347957103 4.812829262798645
26 48 30 35 0.263356956 5.162728136226149
26 48 31 36 0.200003577 5.046428059517935
26 48 32 37 0.149373092 4.504986321323444
26 48 33 38 0.129363773 4.376704541972615
26 48 34 39 0.127462452 4.562870945430489
26 48 35 40 0.105237947 3.767283330804382
26 48 36 41 0.112822138 3.8170590758794676
26 48 37 42 0.131890137 3.977712820609451
26 48 38 43 0.180318528 4.5497410246326275
26 48 39 44 0.197844522 3.878452636457468
26 48 40 45 0.339429833 4.694882842869448
26 48 41 46 0.624703443 5.250170533913639
26 48 42 47 2.73767486 10.139724563647036
27 39 28 31 2.49990748 10.01630153183118
27 39 29 32 0.596300701 5.463890546310128
27 39 30 33 0.3621713 5.120076129394803
27 39 31 34 0.278718409 4.807323876817608
27 39 32 35 0.313644712 5.409731342270908
27 39 33 36 0.356969973 5.046544101280271
27 39 34 37 0.543784228 4.9826832294831584
27 39 35 38 1.01245504 4.056572112845632
27 49 28 33 2.62770941 9.732437565907102
27 49 29 34 0.646939421 5.4370474877650885
27 49 30 35 0.400225114 5.5357833588070875
27 49 31 36 0.271006719 5.312690557099368
27 49 32 37 0.179203341 4.521602973039632
27 49 33 38 0.146301262 4.412342111137107
27 49 34 39 0.133802931 4.52689251601334
27 49 35 40 0.101618109 3.6377012195378797
27 49 36 41 0.103646329 3.710306963141031
27 49 37 42 0.112008726 3.7895392848874794
27 49 38 43 0.141313698 4.261920724688701
27 49 39 44 0.143378496 3.6176816244935464
27 49 40 45 0.206231733 4.042871647338522
27 49 41 46 0.30165934 4.172453691650967
27 49 42 47 0.667257985 5.60780999467869
27 49 43 48 1.74085894 6.447745279643085
28 40 29 32 1.44485502 5.789055661411906
28 40 30 33 0.619081063 5.672626515200633
28 40 31 34 0.374722112 5.297509053885844
28 40 32 35 0.299782759 5.170640936024282
28 40 33 36 0.289302626 4.989880024737923
28 40 34 37 0.358481225 5.067908923094425
28 40 35 38 0.436727546 4.001725146223871
28 40 36 39 2.27263714 9.10570453058464
28 50 37 42 0.1070875 3.8334931950688307
28 50 38 43 0.128665833 4.353091461608731
28 50 39 44 0.124932824 3.7678852038780133
28 50 40 45 0.166320929 4.196557959514346
28 50 41 46 0.222566108 4.363083190944643
28 50 42 47 0.390504784 5.401334921730464
28 50 43 48 0.670294935 5.633333313913813
28 50 44 49 2.01145363 7.449966421778808
29 41 30 33 3.08470583 12.359394888597064
29 41 31 34 1.02345684 9.37791309527982
29 41 32 35 0.438582384 6.200312380057352
29 41 33 36 0.334343215 5.766738287177375
29 41 34 37 0.331481055 5.7173718669375395
29 41 35 38 0.302134877 4.27133119489406
29 41 36 39 0.918386528 8.415156077768524
29 41 37 40 2.50340539 10.03031649901357
29 51 30 35 3.24855348 12.03190269186205
29 51 31 36 1.11042751 9.3323221736255
29 51 32 37 0.414247391 5.729734924947896
29 51 33 38 0.278085847 5.451466512975568
29 51 34 39 0.212025789 5.34976877414062
29 51 35 40 0.128961277 3.889380484039279
29 51 36 41 0.117814494 3.985963141319367
29 51 37 42 0.10920007 3.909118480177798
29 51 38 43 0.120839761 4.325793407141299
29 51 39 44 0.1097611 3.713496396722369
29 51 40 45 0.132810499 4.005470284588746
29 51 41 46 0.162195136 4.092457233541016
29 51 42 47 0.239738117 4.699715324632536
29 51 43 48 0.332564698 4.599926532634093
29 51 44 49 0.633458578 5.32375097005898
29 51 45 50 1.30159613 4.820815811308186
30 42 31 34 2.72026264 10.899191696492355
30 42 32 35 0.627163553 5.74668619788688
30 42 33 36 0.395146549 5.586252729433928
30 42 34 37 0.319298641 5.507250081621676
30 42 35 38 0.224632584 3.8744537486737625
30 42 36 39 0.449386862 6.35305708925538
30 42 37 40 0.777317906 7.122547317064087
30 42 38 41 2.03961685 8.17206938354522
30 52 31 36 2.86240598 10.60170024227646
30 52 32 37 0.643435277 5.407597748402294
30 52 33 38 0.386087939 5.340242560971139
30 52 34 39 0.268677449 5.267028623773151
30 52 35 40 0.14891587 3.757398923297883
30 52 36 41 0.130609914 3.939102204560587
30 52 37 42 0.113427909 3.8375538452079354
30 52 38 43 0.119442631 4.27577927526198
30 52 39 44 0.10386624 3.7181792855131177
30 52 40 45 0.118682725 4.015337598117109
30 52 41 46 0.137443539 4.145199479095507
30 52 42 47 0.185099683 4.670377640791269
30 52 43 48 0.231579955 4.539786484563125
30 52 44 49 0.378249134 5.231818764577557
30 52 45 50 0.584070497 4.9086806667042735
30 52 46 51 2.80700465 10.396506325764506
31 43 32 35 1.18702346 4.756009970704015
31 43 33 36 0.556049403 5.095068765201889
31 43 34 37 0.369934349 5.229823649080163
31 43 35 38 0.19282259 3.325796255161646
31 43 36 39 0.252121937 4.3485890004832966
31 43 37 40 0.296776735 4.1955822469456505
31 43 38 41 0.452127894 4.142838204964155
31 43 39 42 1.37556104 5.511417627375271
31 53 32 37 1.2465811 4.6170526620711065
31 53 33 38 0.589042197 4.950464129139037
31 53 34 39 0.363450608 5.027130375218578
31 53 35 40 0.178891457 3.5069055035113266
31 53 36 41 0.149465373 3.771263812114293
31 53 37 42 0.120593737 3.6370214229901388
31 53 38 43 0.11918213 4.032233735892743
31 53 39 44 0.09821541 3.5158921992379613
31 53 40 45 0.104706837 3.7482707796585153
31 53 41 46 0.113718291 3.8473782047549245
31 53 42 47 0.137517561 4.1474319300209865
31 53 43 48 0.153833147 3.8814701274305077
31 53 44 49 0.218687304 4.287044908721687
31 53 45 50 0.275834305 3.81525022292109
31 53 46 51 0.630827728 5.301640621054314
31 53 47 52 1.53991085 5.703479291756213
32 44 33 36 1.47009651 5.890189954170893
32 44 34 37 0.669223667 6.132082121245565
32 44 35 38 0.255569944 3.6130349634694046
32 44 36 39 0.265982356 4.587652948359794
32 44 37 40 0.256356163 4.421620759751275
32 44 38 41 0.323969486 4.580010707421885
32 44 39 42 0.620216258 5.683028282661776
32 44 40 43 2.29431011 9.192540945270808
32 54 33 38 1.54983872 5.740249862569612
32 54 34 39 0.697118213 5.858763132424632
32 54 35 40 0.267919421 3.705774126590742
32 54 36 41 0.204320545 4.0054056004526455
32 54 37 42 0.148531938 3.7477116704656654
32 54 38 43 0.136116096 4.105164741397659
32 54 39 44 0.105948971 3.5845224040661288
32 54 40 45 0.106248472 3.8034578676172397
32 54 41 46 0.109577196 3.92261874822667
32 54 42 47 0.123143726 4.166264576247565
32 54 43 48 0.128237461 3.867550707769031
32 54 44 49 0.170159186 4.293403666551081
32 54 45 50 0.197062792 3.8631279625729014
32 54 46 51 0.352660541 4.877885684544285
32 54 47 52 0.605383625 5.087801748659203
32 54 48 53 2.39672436 8.876921514844616
33 45 35 38 0.428530013 3.9266113269936542
33 45 36 39 0.330510775 4.67248600202522
33 45 37 40 0.240224211 4.143377502309045
33 45 38 41 0.24349117 4.199725879374029
33 45 39 42 0.323396817 4.571914790166862
33 45 40 43 0.682534756 6.254051344535465
33 45 41 44 1.45620788 5.834542812403855
33 55 35 40 0.47651117 4.004724052424844
33 55 36 41 0.31352339 4.336553365211321
33 55 37 42 0.195899518 3.8403236763252266
33 55 38 43 0.163133778 4.116140756594417
33 55 39 44 0.118633425 3.577899805921877
33 55 40 45 0.111706968 3.779330046407889
33 55 41 46 0.1091274 3.9065170565710687
33 55 42 47 0.113595251 4.066456138210676
33 55 43 48 0.110097816 3.7248883530048658
33 55 44 49 0.136914502 4.1292440990698065
33 55 45 50 0.147014211 3.7094168547710042
33 55 46 51 0.218330308 4.280046524013291
33 55 47 52 0.296635934 4.102971576794647
33 55 48 53 0.650051159 5.46319934484211
33 55 49 54 1.58120602 5.856427202308666
34 46 36 39 0.564297755 5.170648237840204
34 46 37 40 0.290830188 4.111514919283231
34 46 38 41 0.237410013 4.094838328710748
34 46 39 42 0.241100089 4.158484610726054
34 46 40 43 0.38118085 5.38881731122102
34 46 41 44 0.544498497 4.989228061025495
34 46 42 45 2.38097163 9.53976496154793
34 56 35 40 1.21153692 4.487256995700824
34 56 36 41 0.581793715 4.889545997442421
34 56 37 42 0.286179056 3.9583354477948163
34 56 38 43 0.211982168 4.1556005192884236
34 56 39 44 0.143558167 3.6222150272930453
34 56 40 45 0.127632474 3.8493047297077445
34 56 41 46 0.118960578 4.024738069817178
34 56 42 47 0.116786295 4.1806883824890955
34 56 43 48 0.107371619 3.843664020357401
34 56 44 49 0.128662478 4.352977953449547
34 56 45 50 0.132751327 4.003685699111963
34 56 46 51 0.183275672 4.624354762454102
34 56 47 52 0.230196505 4.512665969697886
34 56 48 53 0.425979453 5.892008983502085
34 56 49 54 0.765504215 6.433496914758787
34 56 50 55 2.25610685 8.356106263530997
35 47 36 39 3.67072523 14.70738058841296
35 47 37 40 0.817129594 7.4873409611618635
35 47 38 41 0.40089289 5.667489711451727
35 47 39 42 0.261804662 4.5155962507476985
35 47 40 43 0.284780981 4.911890874150481
35 47 41 44 0.296735366 4.194997406486462
35 47 42 45 0.542997628 4.97547563053766
35 47 43 46 1.35570919 5.431877837540855
35 57 36 41 3.78698731 14.026139046119823
35 57 37 42 0.875656181 7.35924274284102
35 57 38 43 0.439621847 6.080706131776217
35 57 39 44 0.242096739 4.7459526610107785
35 57 40 45 0.186069051 4.69483643272177
35 57 41 46 0.156132145 4.708834557323675
35 57 42 47 0.134964658 4.5661966868760135
35 57 43 48 0.109734068 3.9282344152699458
35 57 44 49 0.121874496 4.362834607852863
35 57 45 50 0.115952696 3.922973792958017
35 57 46 51 0.141718507 4.274129476501569
35 57 47 52 0.158005294 3.986740443117079
35 57 48 53 0.241361056 4.731530671247792
35 57 49 54 0.340399229 4.708291212452408
35 57 50 55 0.5961162 5.009915893850084
35 57 51 56 1.03988554 3.8514993534766813
36 48 37 40 1.93879255 7.768099797224448
36 48 38 41 0.623815215 5.716005448537818
36 48 39 42 0.315560217 4.461127467715813
36 48 40 43 0.28368317 4.892955874300748
36 48 41 44 0.256709336 4.427712273410666
36 48 42 45 0.343126553 4.85083736170376
36 48 43 46 0.557377775 5.107240609374822
36 48 44 47 2.66643748 10.683532102338472
36 58 37 42 2.03734055 7.545845681378382
36 58 38 43 0.697071566 5.8583710988803315
36 58 39 44 0.327191848 4.525611022240193
36 58 40 45 0.230780785 4.524119924973076
36 58 41 46 0.182894863 4.614746308186721
36 58 42 47 0.146954031 4.432029160368063
36 58 43 48 0.11134945 3.7672343057059154
36 58 44 49 0.117860274 4.2191344307033765
36 58 45 50 0.106539485 3.813875482700014
36 58 46 51 0.120635615 4.081408819872313
36 58 47 52 0.124260727 3.747615235900096
36 58 48 53 0.171020171 4.31512777232957
36 58 49 54 0.214571806 4.206366586637867
36 58 50 55 0.317093563 4.385934834764634
36 58 51 56 0.419945718 3.5293332527491876
36 58 52 57 1.80174984 6.673271313962799
37 49 38 41 1.47545635 5.911665058362496
37 49 39 42 0.489262537 4.483102143088055
37 49 40 43 0.343802613 4.8603949347859965
37 49 41 44 0.264338472 4.55929930343095
37 49 42 45 0.255933217 4.414325804202054
37 49 43 46 0.277571904 3.924080345021999
37 49 44 47 0.644942417 5.909593547770631
37 49 45 48 1.66630341 6.676326036705374
37 59 38 43 1.61030687 5.964210127110777
37 59 39 44 0.544544163 4.576491055128162
37 59 40 45 0.334553838 4.627439668929527
37 59 41 46 0.245415404 4.811010236973226
37 59 42 47 0.181560068 4.5810671758294825
37 59 43 48 0.125301181 3.778994589270958
37 59 44 49 0.126132597 4.267385662759709
37 59 45 50 0.107982282 3.8655243911287824
37 59 46 51 0.114124967 4.085418787271669
37 59 47 52 0.109993273 3.721351398165651
37 59 48 53 0.139269759 4.200276976719559
37 59 49 54 0.161115465 4.065215310615569
37 59 50 55 0.216042814 4.235203548097179
37 59 51 56 0.25215965 3.487790109624704
37 59 52 57 0.622748019 5.233736641030313
37 59 53 58 2.39547914 8.872309503387148
38 50 39 42 1.04992608 4.206706163147088
38 50 40 43 0.504398061 4.621788625190731
38 50 41 44 0.333577351 4.715838698874958
38 50 42 45 0.261898594 4.517216386095116
38 50 43 46 0.225173411 3.883781910956461
38 50 44 47 0.39443725 5.576225251059735
38 50 45 48 0.632579305 5.7963106174194
38 50 46 49 1.91227349 7.661846704489703
38 60 39 44 1.14700164 4.24823300735261
38 60 40 45 0.520088308 4.370957676464418
38 60 41 46 0.340771827 4.713444866572986
38 60 42 47 0.228046987 4.470527811562717
38 60 43 48 0.143382835 3.617791104792242
38 60 44 49 0.137897246 4.158882959845097
38 60 45 50 0.112593467 3.809322555978201
38 60 46 51 0.112290625 4.019753442815697
38 60 47 52 0.102537808 3.670624388516627
38 60 48 53 0.12190405 4.1243231930152255
38 60 49 54 0.132580626 3.998537478239383
38 60 50 55 0.166915942 4.211571142498458
38 60 51 56 0.181012064 3.5484769037547976
38 60 52 57 0.347796587 4.8106090577926635
38 60 53 58 0.82135488 6.902880458211551
38 60 54 59 2.47346018 9.16113352640745
39 51 40 43 2.29306033 9.187533490623546
39 51 41 44 0.909862559 8.337051132464863
39 51 42 45 0.446083638 6.3063588601233524
39 51 43 46 0.23394962 4.035153609815583
39 51 44 47 0.299228555 5.16108204778512
39 51 45 48 0.342677334 4.844486677707621
39 51 46 49 0.59713315 5.471518258660218
39 51 47 50 1.18294783 4.739680270769608
39 61 40 45 2.37209463 8.785698600858039
39 61 41 46 0.969601427 8.148783072540256
39 61 42 47 0.463317133 6.40845160634175
39 61 43 48 0.215178696 4.218263777910819
39 61 44 49 0.1867662 4.71242667949653
39 61 45 50 0.13853444 4.178100278142487
39 61 46 51 0.125498112 4.2459194259848
39 61 47 52 0.104457567 3.7393474706940255
39 61 48 53 0.114458037 4.097341948971041
39 61 49 54 0.114916749 3.8879250785073114
39 61 50 55 0.134144389 4.045699459225836
39 61 51 56 0.133944686 3.3796506642164665
39 61 52 57 0.205399196 4.026550976490743
39 61 53 58 0.331437139 4.5843305039744
39 61 54 59 0.586563313 4.929630942001008
39 61 55 60 1.53087271 5.670004078352791
40 52 41 44 2.51527761 10.077884553561026
40 52 42 45 0.787399144 7.214921484847101
40 52 43 46 0.288573804 4.0796160419918825
40 52 44 47 0.300048913 5.17523154948143
40 52 45 48 0.278008536 4.79508001594508
40 52 46 49 0.377330971 5.334390929094776
40 52 47 50 0.517053258 4.737747924138448
40 52 48 51 2.6957181 10.800849851617324
40 62 41 46 2.62485708 9.721873184801368
40 62 42 47 0.84157339 7.072802085234884
40 62 43 48 0.304156855 4.206998505286453
40 62 44 49 0.244069536 4.784626462279056
40 62 45 50 0.168713111 4.256916751838713
40 62 46 51 0.143303605 4.32193490592896
40 62 47 52 0.112317661 3.799991339479875
40 62 48 53 0.117027143 4.189310202673953
40 62 49 54 0.112044374 4.010938207304746
40 62 50 55 0.125790457 4.255810198800487
40 62 51 56 0.120652783 3.6388022083964477
40 62 52 57 0.170925696 4.31274400850857
40 62 53 58 0.245922826 4.820957503512638
40 62 54 59 0.379989485 5.255890732495801
40 62 55 60 0.712508329 5.988105677983025
40 62 56 61 2.04178774 7.562317060920584
41 53 42 45 2.02376775 8.108567287616397
41 53 43 46 0.426886037 3.911547610131177
41 53 44 47 0.345912861 4.890227863049233
41 53 45 48 0.251031631 4.329783446570861
41 53 46 49 0.259070497 4.468437483105411
41 53 47 50 0.255252152 3.6085422849128412
41 53 48 51 0.585274962 5.362861936101965
41 53 49 52 1.4465033 5.795659773612445
41 63 42 47 2.12728598 7.8789830817630255
41 63 43 48 0.481587721 4.0473887099879855
41 63 44 49 0.34081312 4.714016017893178
41 63 45 50 0.2142551 4.200158028481872
41 63 46 51 0.168065232 4.240569670382404
41 63 47 52 0.122607336 3.697750138116626
41 63 48 53 0.12054858 4.078464205078103
41 63 49 54 0.108988292 3.901537301031163
41 63 50 55 0.116797968 4.1811062498038245
41 63 51 56 0.106765877 3.612160405939842
41 63 52 57 0.138674926 4.182337236083597
41 63 53 58 0.179239052 4.52250402188654
41 63 54 59 0.248024916 4.86216590504003
41 63 55 60 0.383472545 5.304067283419905
41 63 56 61 0.72707319 6.1105125654583485
41 63 57 62 1.62370031 6.013816380411336
42 54 43 46 1.34625984 5.394017420850631
42 54 44 47 0.66043723 6.051572187281812
42 54 45 48 0.345104992 4.8788068841296495
42 54 46 49 0.276180448 4.763549227853779
42 54 47 50 0.214581004 3.7010845022464753
42 54 48 51 0.344464071 4.869746076956559
42 54 49 52 0.560183492 5.13294933412764
42 54 50 53 2.33044819 9.337334266206604
42 64 43 48 1.46028657 5.4085690817911365
42 64 44 49 0.693374636 5.827301135733128
42 64 45 50 0.345099796 4.773307923461597
42 64 46 51 0.234695041 4.600853191830823
42 64 47 52 0.152368146 3.844505677771581
42 64 48 53 0.138280677 4.170446966367579
42 64 49 54 0.11608161 3.9273352805386543
42 64 50 55 0.117682439 4.21276833510543
42 64 51 56 0.101798615 3.6441629309670294
42 64 52 57 0.121910386 4.124537555965029
42 64 53 58 0.141976765 4.281918354282665
42 64 54 59 0.179600007 4.531611526199942
42 64 55 60 0.244153485 4.786272159703915
42 64 56 61 0.384516276 5.318503830499934
42 64 57 62 0.583512874 4.903994257694626
42 64 58 63 2.08701102 7.7298137968422065
43 55 44 47 2.31663357 9.28198365800423
43 55 45 48 0.680253562 6.233148812792676
43 55 46 49 0.389983178 5.513257291627815
43 55 47 50 0.226341988 3.9039374799199735
43 55 48 51 0.258632555 4.460883877153027
43 55 49 52 0.29270875 4.13807246388654
43 55 50 53 0.632449858 5.795124497332065
43 55 51 54 1.49270585 5.980778093407026
44 56 45 48 1.47948739 5.927816100931029
44 56 46 49 0.572519525 5.245984140182094
44 56 47 50 0.264412367 3.7380417735847047
44 56 48 51 0.256025649 4.4159200676099735
44 56 49 52 0.246756428 4.256044917659619
44 56 50 53 0.428661679 6.060061717298411
44 56 51 54 0.710158976 6.50717148049048
44 56 52 55 2.14393457 8.59003594710506
45 57 46 49 2.41999554 9.696120847770983
45 57 47 50 0.510280861 4.6756925955398
45 57 48 51 0.33883861 4.790217995678606
45 57 49 52 0.230910208 3.982729954228894
45 57 50 53 0.289961122 5.001237737186651
45 57 51 54 0.334101927 4.72325471736028
45 57 52 55 0.553442495 5.071181723056184
45 57 53 56 0.920579931 3.688458971708962
46 58 47 50 1.35139243 5.414582009536633
46 58 48 51 0.582245864 5.335106376032539
46 58 49 52 0.281725357 3.9827984034652366
46 58 50 53 0.274964459 4.742575898626546
46 58 51 54 0.247413727 4.267381984300625
46 58 52 55 0.315912104 4.466102152979236
46 58 53 56 0.361225176 3.3098985477054
46 58 54 57 1.70217033 6.820032909304541
47 59 48 51 2.61642378 10.483143766397916
47 59 49 52 0.592563865 5.429649998111424
47 59 50 53 0.394830154 5.581779800499581
47 59 51 54 0.266349947 4.5939931431016605
47 59 52 55 0.267500261 4.6138337125777795
47 59 53 56 0.235833406 3.334016230922973
47 59 54 57 0.577948151 5.295726523900763
47 59 55 58 2.31349233 9.269397749415385
48 60 49 52 1.62281548 6.502084300417131
48 60 50 53 0.652403266 5.977957147293798
48 60 51 54 0.333995829 4.721754792222158
48 60 52 55 0.276217864 4.76419457751267
48 60 53 56 0.198658899 3.4264606773964386
48 60 54 57 0.337163474 4.76653631839747
48 60 55 58 0.782340481 7.1685690641702235
48 60 56 59 2.41636787 9.681585975233231
49 61 50 53 1.91930959 7.69003802747743
49 61 51 54 0.579370623 5.308760604357413
49 61 52 55 0.367959667 5.20190723999047
49 61 53 56 0.203757789 3.5144061264617226
49 61 54 57 0.236831279 4.084856348020961
49 61 55 58 0.333126758 4.709468590411443
49 61 56 59 0.583023109 5.342228255313487
49 61 57 60 1.44131616 5.774876621138408
50 62 51 54 1.23586286 4.95169327536524
50 62 52 55 0.564432409 5.171882069556969
50 62 53 56 0.248178197 3.5085366021436295
50 62 54 57 0.237379806 4.0943173195930935
50 62 55 58 0.271081845 4.675608728952919
50 62 56 59 0.397812384 5.623940083866501
50 62 57 60 0.6635613 6.080197973752271
50 62 58 61 1.89888215 7.608192039095736
51 63 52 55 2.7274814 10.92811487761981
51 63 53 56 0.547950121 5.020855217779444
51 63 54 57 0.342841606 4.846809018395379
51 63 55 58 0.269016535 4.639986345373547
51 63 56 59 0.317160144 5.470365371618172
51 63 57 60 0.380629358 5.381020776750308
51 63 58 61 0.654079927 5.993320356110932
51 63 59 62 1.49854133 6.004158929590199
52 64 53 56 1.41551299 5.671491862596425
52 64 54 57 0.572630785 5.247003613178123
52 64 55 58 0.312762365 4.421573766915172
52 64 56 59 0.304595244 5.253646483201205
52 64 57 60 0.277208972 4.781289168322081
52 64 58 61 0.35594507 5.032054876470782
52 64 59 62 0.519063353 4.756166381553083
52 64 60 63 1.97462389 7.911664112544454
