64
# x y z
0.0 0.0 0.0
0.5 0.0 0.0
1.0 0.0 0.0
1.5 0.0 0.0
2.0 0.0 0.0
2.5 0.0 0.0
3.0 0.0 0.0
3.5 0.0 0.0
4.0 0.0 0.0
4.5 0.0 0.0
5.0 0.0 0.0
5.5 0.0 0.0
6.0 0.0 0.0
6.5 0.0 0.0
7.0 0.0 0.0
7.5 0.0 0.0
8.0 0.0 0.0
8.5 0.0 0.0
9.0 0.0 0.0
9.5 0.0 0.0
10.0 0.0 0.0
10.5 0.0 0.0
11.0 0.0 0.0
11.5 0.0 0.0
12.0 0.0 0.0
12.5 0.0 0.0
13.0 0.0 0.0
13.5 0.0 0.0
14.0 0.0 0.0
14.5 0.0 0.0
15.0 0.0 0.0
15.5 0.0 0.0
16.0 0.0 0.0
16.5 0.0 0.0
17.0 0.0 0.0
17.5 0.0 0.0
18.0 0.0 0.0
18.5 0.0 0.0
19.0 0.0 0.0
19.5 0.0 0.0
20.0 0.0 0.0
20.5 0.0 0.0
21.0 0.0 0.0
21.5 0.0 0.0
22.0 0.0 0.0
22.5 0.0 0.0
23.0 0.0 0.0
23.5 0.0 0.0
24.0 0.0 0.0
24.5 0.0 0.0
25.0 0.0 0.0
25.5 0.0 0.0
26.0 0.0 0.0
26.5 0.0 0.0
27.0 0.0 0.0
27.5 0.0 0.0
28.0 0.0 0.0
28.5 0.0 0.0
29.0 0.0 0.0
29.5 0.0 0.0
30.0 0.0 0.0
30.5 0.0 0.0
31.0 0.0 0.0
31.5 0.0 0.0
1398
# a b m n r rhoa k
1 13 2 5 1.21921 4.88495 4.00667
1 13 3 6 0.429548 3.93594 9.16298
1 13 4 7 0.299349 4.23195 14.1372
1 13 5 8 0.272816 4.70552 17.248
1 13 6 9 0.198634 3.42603 17.248
1 13 7 10 0.411434 5.81651 14.1372
1 13 8 11 0.659107 6.03939 9.16298
1 13 9 12 3.08187 12.348 4.00667
1 23 2 7 1.32051 4.89088 3.70377
1 23 3 8 0.476756 4.00678 8.40426
1 23 4 9 0.297699 4.11768 13.8317
1 23 5 10 0.224449 4.39999 19.6035
1 23 6 11 0.155957 3.93506 25.2317
1 23 7 12 0.136263 4.10961 30.1593
1 23 8 13 0.10288 3.4807 33.8325
1 23 9 14 0.117277 4.19827 35.7978
1 23 10 15 0.0887547 3.17722 35.7978
1 23 11 16 0.119492 4.04272 33.8325
1 23 12 17 0.120199 3.62513 30.1593
1 23 13 18 0.17131 4.32245 25.2317
1 23 14 19 0.209633 4.10955 19.6035
1 23 15 20 0.316097 4.37215 13.8317
1 23 16 21 0.769536 6.46738 8.40426
1 23 17 22 1.69597 6.28148 3.70377
1 57 4 16 0.367317 4.23956 11.542
1 57 5 17 0.262916 4.2737 16.255
1 57 6 18 0.189957 4.05387 21.3409
1 57 7 19 0.152475 4.07925 26.7536
1 57 8 20 0.114772 3.72315 32.4396
1 57 9 21 0.111981 4.29312 38.3381
1 57 10 22 0.0859322 3.81376 44.381
1 57 11 23 0.0807756 4.07862 50.4932
1 57 12 24 0.0692328 3.91812 56.5934
1 57 13 25 0.0646171 4.04469 62.5948
1 57 14 26 0.0591074 4.04333 68.4065
1 57 15 27 0.0589493 4.35846 73.9358
1 57 16 28 0.0499929 3.9539 79.0892
1 57 17 29 0.0507112 4.24837 83.7758
1 57 18 30 0.0457373 4.02073 87.9092
1 57 19 31 0.0440991 4.03112 91.4105
1 57 20 32 0.0434009 4.08882 94.2106
1 57 21 33 0.0415177 3.9962 96.2531
1 57 22 34 0.0421601 4.11043 97.4958
1 57 23 35 0.0440499 4.31306 97.913
1 57 24 36 0.0427309 4.16608 97.4958
1 57 25 37 0.0443116 4.26512 96.2531
1 57 26 38 0.0426804 4.02094 94.2106
1 57 27 39 0.046666 4.26576 91.4105
1 57 28 40 0.0480392 4.22309 87.9092
1 57 29 41 0.0473179 3.96409 83.7758
1 57 30 42 0.0502065 3.9708 79.0892
1 57 31 43 0.0573781 4.24229 73.9358
1 57 32 44 0.057142 3.90888 68.4065
1 57 33 45 0.0646719 4.04812 62.5948
1 57 34 46 0.0697175 3.94555 56.5934
1 57 35 47 0.0791031 3.99417 50.4932
1 57 36 48 0.0879042 3.90128 44.381
1 57 37 49 0.104063 3.98957 38.3381
1 57 38 50 0.11373 3.68936 32.4396
1 57 39 51 0.148135 3.96314 26.7536
1 57 40 52 0.178193 3.8028 21.3409
1 57 41 53 0.270855 4.40275 16.255
1 57 42 54 0.361201 4.16896 11.542
2 14 3 6 1.17829 4.72103 4.00667
2 14 4 7 0.536948 4.92005 9.16298
2 14 5 8 0.356948 5.04623 14.1372
2 14 6 9 0.21081 3.63604 17.248
2 14 7 10 0.268475 4.63064 17.248
2 14 8 11 0.275146 3.88979 14.1372
2 14 9 12 0.589047 5.39743 9.16298
2 14 10 13 1.01598 4.07069 4.00667
2 24 3 8 1.28774 4.76948 3.70377
2 24 4 9 0.579375 4.86921 8.40426
2 24 5 10 0.354787 4.90729 13.8317
2 24 6 11 0.21758 4.26534 19.6035
2 24 7 12 0.17332 4.37316 25.2317
2 24 8 13 0.118417 3.57137 30.1593
2 24 9 14 0.129375 4.37708 33.8325
2 24 10 15 0.0919196 3.29052 35.7978
2 24 11 16 0.113919 4.07803 35.7978
2 24 12 17 0.106861 3.61539 33.8325
2 24 13 18 0.14018 4.22774 30.1593
2 24 14 19 0.157804 3.98165 25.2317
2 24 15 20 0.215983 4.23403 19.6035
2 24 16 21 0.367094 5.07752 13.8317
2 24 17 22 0.565516 4.75275 8.40426
2 24 18 23 2.53047 9.3723 3.70377
2 58 5 17 0.409128 4.72214 11.542
2 58 6 18 0.265693 4.31884 16.255
2 58 7 19 0.201447 4.29908 21.3409
2 58 8 20 0.14195 3.79768 26.7536
2 58 9 21 0.136427 4.42562 32.4396
2 58 10 22 0.101123 3.87687 38.3381
2 58 11 23 0.0933548 4.14318 44.381
2 58 12 24 0.0783187 3.95456 50.4932
2 58 13 25 0.0722889 4.09107 56.5934
2 58 14 26 0.0649836 4.06763 62.5948
2 58 15 27 0.0643508 4.40201 68.4065
2 58 16 28 0.0537399 3.9733 73.9358
2 58 17 29 0.0539276 4.26509 79.0892
2 58 18 30 0.0480925 4.02899 83.7758
2 58 19 31 0.0460027 4.04406 87.9092
2 58 20 32 0.0447663 4.09211 91.4105
2 58 21 33 0.0424095 3.99542 94.2106
2 58 22 34 0.0427152 4.11146 96.2531
2 58 23 35 0.0439165 4.28168 97.4958
2 58 24 36 0.0424856 4.15989 97.913
2 58 25 37 0.0436859 4.2592 97.4958
2 58 26 38 0.0416915 4.01293 96.2531
2 58 27 39 0.0450858 4.24756 94.2106
2 58 28 40 0.0460998 4.21401 91.4105
2 58 29 41 0.044997 3.95565 87.9092
2 58 30 42 0.047274 3.96042 83.7758
2 58 31 43 0.0533554 4.21983 79.0892
2 58 32 44 0.0527136 3.89742 73.9358
2 58 33 45 0.0588211 4.02375 68.4065
2 58 34 46 0.0627427 3.92736 62.5948
2 58 35 47 0.0696702 3.94287 56.5934
2 58 36 48 0.0763174 3.85351 50.4932
2 58 37 49 0.0884341 3.92479 44.381
2 58 38 50 0.0952801 3.65286 38.3381
2 58 39 51 0.118871 3.85613 32.4396
2 58 40 52 0.138494 3.70522 26.7536
2 58 41 53 0.194808 4.15739 21.3409
2 58 42 54 0.241548 3.92637 16.255
2 58 43 55 0.34321 3.96131 11.542
3 15 4 7 2.95901 11.8558 4.00667
3 15 5 8 0.897924 8.22766 9.16298
3 15 6 9 0.375782 5.31249 14.1372
3 15 7 10 0.330901 5.70737 17.248
3 15 8 11 0.263275 4.54096 17.248
3 15 9 12 0.477775 6.75438 14.1372
3 15 10 13 0.6316 5.78734 9.16298
3 15 11 14 2.43908 9.77258 4.00667
3 25 4 9 3.07732 11.3977 3.70377
3 25 5 10 0.926107 7.78324 8.40426
3 25 6 11 0.411174 5.68722 13.8317
3 25 7 12 0.26844 5.26237 19.6035
3 25 8 13 0.153586 3.87524 25.2317
3 25 9 14 0.1591 4.79833 30.1593
3 25 10 15 0.104578 3.53814 33.8325
3 25 11 16 0.119696 4.28484 35.7978
3 25 12 17 0.105271 3.76847 35.7978
3 25 13 18 0.12946 4.37997 33.8325
3 25 14 19 0.136948 4.13025 30.1593
3 25 15 20 0.177552 4.47994 25.2317
3 25 16 21 0.255166 5.00216 19.6035
3 25 17 22 0.345564 4.77972 13.8317
3 25 18 23 0.940855 7.90719 8.40426
3 25 19 24 3.08181 11.4143 3.70377
3 59 6 18 0.477671 5.51325 11.542
3 59 7 19 0.3104 5.04555 16.255
3 59 8 20 0.189388 4.04172 21.3409
3 59 9 21 0.177566 4.75054 26.7536
3 59 10 22 0.124463 4.03753 32.4396
3 59 11 23 0.111935 4.29136 38.3381
3 59 12 24 0.09127 4.05065 44.381
3 59 13 25 0.082928 4.1873 50.4932
3 59 14 26 0.0729061 4.126 56.5934
3 59 15 27 0.0716532 4.48511 62.5948
3 59 16 28 0.0587432 4.01842 68.4065
3 59 17 29 0.058353 4.31437 73.9358
3 59 18 30 0.0513617 4.06215 79.0892
3 59 19 31 0.0486415 4.07498 83.7758
3 59 20 32 0.0468301 4.1168 87.9092
3 59 21 33 0.0439254 4.01524 91.4105
3 59 22 34 0.0438046 4.12686 94.2106
3 59 23 35 0.0443067 4.26465 96.2531
3 59 24 36 0.0427585 4.16877 97.4958
3 59 25 37 0.0437086 4.27964 97.913
3 59 26 38 0.0413163 4.02817 97.4958
3 59 27 39 0.0442102 4.25537 96.2531
3 59 28 40 0.0449168 4.23164 94.2106
3 59 29 41 0.0434626 3.97294 91.4105
3 59 30 42 0.0452871 3.98115 87.9092
3 59 31 43 0.0505876 4.23802 83.7758
3 59 32 44 0.0496058 3.92328 79.0892
3 59 33 45 0.0547575 4.04854 73.9358
3 59 34 46 0.0579811 3.96629 68.4065
3 59 35 47 0.0631953 3.95569 62.5948
3 59 36 48 0.068322 3.86657 56.5934
3 59 37 49 0.0777794 3.92733 50.4932
3 59 38 50 0.0829455 3.68121 44.381
3 59 39 51 0.10025 3.8434 38.3381
3 59 40 52 0.114236 3.70576 32.4396
3 59 41 53 0.152746 4.0865 26.7536
3 59 42 54 0.181191 3.86679 21.3409
3 59 43 55 0.236925 3.85122 16.255
3 59 44 56 0.280508 3.23761 11.542
4 16 5 8 2.40847 9.64995 4.00667
4 16 6 9 0.681921 6.24843 9.16298
4 16 7 10 0.407789 5.76499 14.1372
4 16 8 11 0.216989 3.74261 17.248
4 16 9 12 0.299973 5.17393 17.248
4 16 10 13 0.268946 3.80214 14.1372
4 16 11 14 0.473839 4.34177 9.16298
4 16 12 15 0.754107 3.02146 4.00667
4 26 5 10 2.48556 9.20594 3.70377
4 26 6 11 0.761992 6.40398 8.40426
4 26 7 12 0.408632 5.65206 13.8317
4 26 8 13 0.1939 3.80113 19.6035
4 26 9 14 0.191524 4.83246 25.2317
4 26 10 15 0.116246 3.5059 30.1593
4 26 11 16 0.122832 4.15571 33.8325
4 26 12 17 0.100212 3.58738 35.7978
4 26 13 18 0.113799 4.07373 35.7978
4 26 14 19 0.110724 3.74607 33.8325
4 26 15 20 0.133733 4.03329 30.1593
4 26 16 21 0.155917 3.93404 25.2317
4 26 17 22 0.182998 3.58742 19.6035
4 26 18 23 0.309304 4.27819 13.8317
4 26 19 24 0.508747 4.27564 8.40426
4 26 20 25 0.906157 3.3562 3.70377
4 60 7 19 0.465702 5.37511 11.542
4 60 8 20 0.243384 3.9562 16.255
4 60 9 21 0.222895 4.7568 21.3409
4 60 10 22 0.148495 3.97279 26.7536
4 60 11 23 0.130683 4.2393 32.4396
4 60 12 24 0.103831 3.98067 38.3381
4 60 13 25 0.0931895 4.13584 44.381
4 60 14 26 0.080383 4.0588 50.4932
4 60 15 27 0.0783981 4.43681 56.5934
4 60 16 28 0.0632571 3.95956 62.5948
4 60 17 29 0.0623548 4.26547 68.4065
4 60 18 30 0.0542362 4.01 73.9358
4 60 19 31 0.051025 4.03553 79.0892
4 60 20 32 0.0486472 4.07545 83.7758
4 60 21 33 0.0453077 3.98296 87.9092
4 60 22 34 0.0450888 4.12159 91.4105
4 60 23 35 0.0452174 4.25996 94.2106
4 60 24 36 0.0432033 4.15845 96.2531
4 60 25 37 0.0438957 4.27964 97.4958
4 60 26 38 0.0412109 4.03508 97.913
4 60 27 39 0.0437453 4.26499 97.4958
4 60 28 40 0.0442234 4.25664 96.2531
4 60 29 41 0.0424255 3.99693 94.2106
4 60 30 42 0.0439944 4.02155 91.4105
4 60 31 43 0.0486985 4.28104 87.9092
4 60 32 44 0.0474732 3.9771 83.7758
4 60 33 45 0.0519672 4.11004 79.0892
4 60 34 46 0.0545562 4.03366 73.9358
4 60 35 47 0.0585227 4.00334 68.4065
4 60 36 48 0.062935 3.9394 62.5948
4 60 37 49 0.0707902 4.00626 56.5934
4 60 38 50 0.0748564 3.77974 50.4932
4 60 39 51 0.0886293 3.93346 44.381
4 60 40 52 0.0995618 3.81701 38.3381
4 60 41 53 0.129182 4.19062 32.4396
4 60 42 54 0.149569 4.0015 26.7536
4 60 43 55 0.187402 3.99933 21.3409
4 60 44 56 0.214454 3.48596 16.255
4 60 45 57 0.440082 5.0794 11.542
5 17 6 9 2.02098 8.09738 4.00667
5 17 7 10 0.737627 6.75886 9.16298
5 17 8 11 0.265427 3.75238 14.1372
5 17 9 12 0.319383 5.50871 17.248
5 17 10 13 0.239101 4.12401 17.248
5 17 11 14 0.35917 5.07764 14.1372
5 17 12 15 0.434445 3.98081 9.16298
5 17 13 16 3.80438 15.2429 4.00667
5 27 6 11 2.15073 7.96582 3.70377
5 27 7 12 0.766626 6.44292 8.40426
5 27 8 13 0.269574 3.72866 13.8317
5 27 9 14 0.251838 4.93692 19.6035
5 27 10 15 0.139715 3.52524 25.2317
5 27 11 16 0.138491 4.17678 30.1593
5 27 12 17 0.106505 3.60334 33.8325
5 27 13 18 0.115284 4.1269 35.7978
5 27 14 19 0.106531 3.81359 35.7978
5 27 15 20 0.124461 4.21084 33.8325
5 27 16 21 0.133892 4.0381 30.1593
5 27 17 22 0.150694 3.80227 25.2317
5 27 18 23 0.226157 4.43347 19.6035
5 27 19 24 0.329057 4.5514 13.8317
5 27 20 25 0.476237 4.00242 8.40426
5 27 21 26 1.95587 7.24412 3.70377
5 61 8 20 0.332279 3.83515 11.542
5 61 9 21 0.293727 4.77454 16.255
5 61 10 22 0.181642 3.87641 21.3409
5 61 11 23 0.155709 4.16578 26.7536
5 61 12 24 0.119819 3.88688 32.4396
5 61 13 25 0.105872 4.05892 38.3381
5 61 14 26 0.0893027 3.96334 44.381
5 61 15 27 0.0865999 4.37271 50.4932
5 61 16 28 0.0685801 3.88118 56.5934
5 61 17 29 0.066911 4.18827 62.5948
5 61 18 30 0.0575066 3.93383 68.4065
5 61 19 31 0.0537041 3.97065 73.9358
5 61 20 32 0.0506832 4.00849 79.0892
5 61 21 33 0.046732 3.91501 83.7758
5 61 22 34 0.0461467 4.05672 87.9092
5 61 23 35 0.045478 4.15716 91.4105
5 61 24 36 0.0433514 4.08416 94.2106
5 61 25 37 0.0437416 4.21027 96.2531
5 61 26 38 0.0406906 3.96716 97.4958
5 61 27 39 0.0427408 4.18488 97.913
5 61 28 40 0.0429747 4.18985 97.4958
5 61 29 41 0.0408781 3.93464 96.2531
5 61 30 42 0.0419949 3.95637 94.2106
5 61 31 43 0.0459914 4.2041 91.4105
5 61 32 44 0.0444662 3.90899 87.9092
5 61 33 45 0.0480061 4.02175 83.7758
5 61 34 46 0.050042 3.95778 79.0892
5 61 35 47 0.0527644 3.90118 73.9358
5 61 36 48 0.0559704 3.82874 68.4065
5 61 37 49 0.0618624 3.87226 62.5948
5 61 38 50 0.0647316 3.66338 56.5934
5 61 39 51 0.0743877 3.75608 50.4932
5 61 40 52 0.0819793 3.63832 44.381
5 61 41 53 0.102262 3.92054 38.3381
5 61 42 54 0.114711 3.72119 32.4396
5 61 43 55 0.136196 3.64373 26.7536
5 61 44 56 0.150061 3.20245 21.3409
5 61 45 57 0.234139 3.80592 16.255
5 61 46 58 0.372678 4.30143 11.542
6 18 7 10 2.6869 10.7655 4.00667
6 18 8 11 0.431591 3.95466 9.16298
6 18 9 12 0.414325 5.85738 14.1372
6 18 10 13 0.221924 3.82774 17.248
6 18 11 14 0.252791 4.36013 17.248
6 18 12 15 0.216077 3.05471 14.1372
6 18 13 16 0.7539 6.90797 9.16298
6 18 14 17 1.94356 7.7872 4.00667
6 28 7 12 2.77217 10.2675 3.70377
6 28 8 13 0.48484 4.07472 8.40426
6 28 9 14 0.408581 5.65136 13.8317
6 28 10 15 0.193965 3.8024 19.6035
6 28 11 16 0.17591 4.43851 25.2317
6 28 12 17 0.125349 3.78044 30.1593
6 28 13 18 0.127444 4.31176 33.8325
6 28 14 19 0.110844 3.96797 35.7978
6 28 15 20 0.125207 4.48212 35.7978
6 28 16 21 0.124671 4.21795 33.8325
6 28 17 22 0.135075 4.07377 30.1593
6 28 18 23 0.185799 4.68802 25.2317
6 28 19 24 0.251418 4.92869 19.6035
6 28 20 25 0.332487 4.59885 13.8317
6 28 21 26 0.858494 7.215 8.40426
6 28 22 27 3.15768 11.6953 3.70377
6 62 9 21 0.466155 5.38034 11.542
6 62 10 22 0.250101 4.06539 16.255
6 62 11 23 0.204374 4.36154 21.3409
6 62 12 24 0.149234 3.99256 26.7536
6 62 13 25 0.128839 4.17947 32.4396
6 62 14 26 0.105064 4.02795 38.3381
6 62 15 27 0.100861 4.47632 44.381
6 62 16 28 0.0779546 3.93618 50.4932
6 62 17 29 0.0750895 4.24957 56.5934
6 62 18 30 0.0634555 3.97198 62.5948
6 62 19 31 0.0586689 4.01334 68.4065
6 62 20 32 0.0547256 4.04618 73.9358
6 62 21 33 0.0499731 3.95233 79.0892
6 62 22 34 0.0491547 4.11798 83.7758
6 62 23 35 0.0479299 4.21348 87.9092
6 62 24 36 0.0451558 4.12771 91.4105
6 62 25 37 0.0452697 4.26489 94.2106
6 62 26 38 0.0417943 4.02283 96.2531
6 62 27 39 0.0435629 4.2472 97.4958
6 62 28 40 0.0435891 4.26794 97.913
6 62 29 41 0.0411054 4.0076 97.4958
6 62 30 42 0.0420438 4.04684 96.2531
6 62 31 43 0.0457195 4.30726 94.2106
6 62 32 44 0.0439781 4.02006 91.4105
6 62 33 45 0.0471365 4.14374 87.9092
6 62 34 46 0.0487401 4.08324 83.7758
6 62 35 47 0.0507247 4.01178 79.0892
6 62 36 48 0.0537849 3.97663 73.9358
6 62 37 49 0.0589758 4.03433 68.4065
6 62 38 50 0.0613645 3.84109 62.5948
6 62 39 51 0.0696995 3.94453 56.5934
6 62 40 52 0.0762029 3.84773 50.4932
6 62 41 53 0.0937083 4.15887 44.381
6 62 42 54 0.103969 3.98596 38.3381
6 62 43 55 0.121189 3.93131 32.4396
6 62 44 56 0.132161 3.53579 26.7536
6 62 45 57 0.194572 4.15234 21.3409
6 62 46 58 0.285046 4.63343 16.255
6 62 47 59 0.422684 4.8786 11.542
7 19 8 11 0.880193 3.52664 4.00667
7 19 9 12 0.661516 6.06146 9.16298
7 19 10 13 0.263937 3.73132 14.1372
7 19 11 14 0.254627 4.3918 17.248
7 19 12 15 0.181851 3.13656 17.248
7 19 13 16 0.433007 6.12149 14.1372
7 19 14 17 0.746551 6.84063 9.16298
7 19 15 18 3.39875 13.6177 4.00667
7 29 8 13 0.973525 3.60572 3.70377
7 29 9 14 0.686503 5.76955 8.40426
7 29 10 15 0.263853 3.64953 13.8317
7 29 11 16 0.219015 4.29347 19.6035
7 29 12 17 0.144098 3.63584 25.2317
7 29 13 18 0.137252 4.13942 30.1593
7 29 14 19 0.110871 3.75105 33.8325
7 29 15 20 0.120472 4.31261 35.7978
7 29 16 21 0.10826 3.87548 35.7978
7 29 17 22 0.111229 3.76316 33.8325
7 29 18 23 0.13415 4.04588 30.1593
7 29 19 24 0.164613 4.15347 25.2317
7 29 20 25 0.194233 3.80765 19.6035
7 29 21 26 0.351306 4.85915 13.8317
7 29 22 27 0.733496 6.16449 8.40426
7 29 23 28 1.81609 6.7264 3.70377
7 63 10 22 0.335123 3.86798 11.542
7 63 11 23 0.260203 4.22961 16.255
7 63 12 24 0.18024 3.84648 21.3409
7 63 13 25 0.152153 4.07063 26.7536
7 63 14 26 0.120218 3.89983 32.4396
7 63 15 27 0.114326 4.38306 38.3381
7 63 16 28 0.0864529 3.83686 44.381
7 63 17 29 0.0823793 4.1596 50.4932
7 63 18 30 0.0684987 3.87657 56.5934
7 63 19 31 0.0629103 3.93785 62.5948
7 63 20 32 0.057885 3.95972 68.4065
7 63 21 33 0.0524168 3.87548 73.9358
7 63 22 34 0.0513106 4.05811 79.0892
7 63 23 35 0.0494896 4.14603 83.7758
7 63 24 36 0.0461574 4.05766 87.9092
7 63 25 37 0.0459548 4.20075 91.4105
7 63 26 38 0.0421043 3.96667 94.2106
7 63 27 39 0.0435308 4.18997 96.2531
7 63 28 40 0.0433091 4.22246 97.4958
7 63 29 41 0.0404918 3.96467 97.913
7 63 30 42 0.0411837 4.01524 97.4958
7 63 31 43 0.0443761 4.27134 96.2531
7 63 32 44 0.0424167 3.9961 94.2106
7 63 33 45 0.0450639 4.11931 91.4105
7 63 34 46 0.0461935 4.06084 87.9092
7 63 35 47 0.0473048 3.963 83.7758
7 63 36 48 0.0499306 3.94897 79.0892
7 63 37 49 0.054159 4.00428 73.9358
7 63 38 50 0.0559663 3.82846 68.4065
7 63 39 51 0.0624796 3.91089 62.5948
7 63 40 52 0.0675726 3.82416 56.5934
7 63 41 53 0.0814655 4.11346 50.4932
7 63 42 54 0.0890514 3.95219 44.381
7 63 43 55 0.10126 3.88213 38.3381
7 63 44 56 0.108921 3.53334 32.4396
7 63 45 57 0.150622 4.02967 26.7536
7 63 46 58 0.204327 4.36054 21.3409
7 63 47 59 0.275164 4.47279 16.255
7 63 48 60 0.39368 4.54384 11.542
8 20 9 12 2.81494 11.2785 4.00667
8 20 10 13 0.470792 4.31385 9.16298
8 20 11 14 0.344281 4.86716 14.1372
8 20 12 15 0.188838 3.25707 17.248
8 20 13 16 0.279624 4.82295 17.248
8 20 14 17 0.307533 4.34765 14.1372
8 20 15 18 0.691783 6.33879 9.16298
8 20 16 19 1.48569 5.95267 4.00667
8 30 9 14 2.89567 10.7249 3.70377
8 30 10 15 0.511752 4.3009 8.40426
8 30 11 16 0.353509 4.88963 13.8317
8 30 12 17 0.201101 3.9423 19.6035
8 30 13 18 0.176309 4.44858 25.2317
8 30 14 19 0.130546 3.93719 30.1593
8 30 15 20 0.136402 4.61483 33.8325
8 30 16 21 0.112187 4.01606 35.7978
8 30 17 22 0.110892 3.96968 35.7978
8 30 18 23 0.122561 4.14654 33.8325
8 30 19 24 0.142043 4.28391 30.1593
8 30 20 25 0.157882 3.98364 25.2317
8 30 21 26 0.246279 4.82795 19.6035
8 30 22 27 0.41242 5.70446 13.8317
8 30 23 28 0.705591 5.92997 8.40426
8 30 24 29 3.48713 12.9155 3.70377
8 64 11 23 0.411519 4.74973 11.542
8 64 12 24 0.251968 4.09575 16.255
8 64 13 25 0.203063 4.33357 21.3409
8 64 14 26 0.151291 4.04758 26.7536
8 64 15 27 0.141655 4.59523 32.4396
8 64 16 28 0.102904 3.94515 38.3381
8 64 17 29 0.0963822 4.27754 44.381
8 64 18 30 0.0783567 3.95648 50.4932
8 64 19 31 0.0709967 4.01794 56.5934
8 64 20 32 0.0642799 4.02358 62.5948
8 64 21 33 0.0574026 3.92671 68.4065
8 64 22 34 0.0559241 4.13479 73.9358
8 64 23 35 0.0531148 4.2008 79.0892
8 64 24 36 0.0488768 4.09469 83.7758
8 64 25 37 0.0482605 4.24254 87.9092
8 64 26 38 0.0437205 3.99651 91.4105
8 64 27 39 0.044769 4.21772 94.2106
8 64 28 40 0.0442789 4.26198 96.2531
8 64 29 41 0.0409783 3.99521 97.4958
8 64 30 42 0.0413967 4.05327 97.913
8 64 31 43 0.0441874 4.30809 97.4958
8 64 32 44 0.0419085 4.03382 96.2531
8 64 33 45 0.0441545 4.15982 94.2106
8 64 34 46 0.0447963 4.09485 91.4105
8 64 35 47 0.0450324 3.95876 87.9092
8 64 36 48 0.0474914 3.97863 83.7758
8 64 37 49 0.0509643 4.03073 79.0892
8 64 38 50 0.0523531 3.87076 73.9358
8 64 39 51 0.0575844 3.93915 68.4065
8 64 40 52 0.0616521 3.8591 62.5948
8 64 41 53 0.0731786 4.14143 56.5934
8 64 42 54 0.0789741 3.98766 50.4932
8 64 43 55 0.0881359 3.91156 44.381
8 64 44 56 0.0939049 3.60014 38.3381
8 64 45 57 0.124137 4.02696 32.4396
8 64 46 58 0.160363 4.29028 26.7536
8 64 47 59 0.203764 4.34851 21.3409
8 64 48 60 0.268767 4.36881 16.255
8 64 49 61 0.422069 4.8715 11.542
9 21 10 13 0.745278 2.98608 4.00667
9 21 11 14 0.425782 3.90143 9.16298
9 21 12 15 0.197378 2.79037 14.1372
9 21 13 16 0.235109 4.05515 17.248
9 21 14 17 0.207402 3.57726 17.248
9 21 15 18 0.358237 5.06445 14.1372
9 21 16 19 0.454781 4.16715 9.16298
9 21 17 20 1.11849 4.48142 4.00667
9 31 10 15 0.809668 2.99883 3.70377
9 31 11 16 0.457606 3.84584 8.40426
9 31 12 17 0.232325 3.21345 13.8317
9 31 13 18 0.194106 3.80516 19.6035
9 31 14 19 0.136888 3.45392 25.2317
9 31 15 20 0.140168 4.22738 30.1593
9 31 16 21 0.11011 3.72529 33.8325
9 31 17 22 0.106327 3.80627 35.7978
9 31 18 23 0.111328 3.9853 35.7978
9 31 19 24 0.123931 4.19291 33.8325
9 31 20 25 0.131944 3.97933 30.1593
9 31 21 26 0.187068 4.72003 25.2317
9 31 22 27 0.276142 5.41336 19.6035
9 31 23 28 0.393133 5.43769 13.8317
9 31 24 29 1.18085 9.92421 8.40426
9 31 25 30 3.05289 11.3072 3.70377
10 22 11 14 2.88155 11.5454 4.00667
10 22 12 15 0.594766 5.44983 9.16298
10 22 13 16 0.422404 5.9716 14.1372
10 22 14 17 0.247076 4.26156 17.248
10 22 15 18 0.349192 6.02285 17.248
10 22 16 19 0.349964 4.9475 14.1372
10 22 17 20 0.634383 5.81284 9.16298
10 22 18 21 3.71843 14.8985 4.00667
10 32 11 16 2.97584 11.0218 3.70377
10 32 12 17 0.682402 5.73508 8.40426
10 32 13 18 0.417423 5.77366 13.8317
10 32 14 19 0.21764 4.26652 19.6035
10 32 15 20 0.205359 5.18154 25.2317
10 32 16 21 0.136282 4.11018 30.1593
10 32 17 22 0.12341 4.17528 33.8325
10 32 18 23 0.112475 4.02636 35.7978
10 32 19 24 0.115335 4.12873 35.7978
10 32 20 25 0.112888 3.81928 33.8325
10 32 21 26 0.139155 4.19682 30.1593
10 32 22 27 0.177402 4.47616 25.2317
10 32 23 28 0.205902 4.0364 19.6035
10 32 24 29 0.39156 5.41593 13.8317
10 32 25 30 0.58472 4.91414 8.40426
10 32 26 31 1.08378 4.01407 3.70377
11 23 12 15 1.44766 5.8003 4.00667
11 23 13 16 0.693523 6.35474 9.16298
11 23 14 17 0.273815 3.87097 14.1372
11 23 15 18 0.315052 5.43401 17.248
11 23 16 19 0.231587 3.9944 17.248
11 23 17 20 0.312439 4.417 14.1372
11 23 18 21 0.724778 6.64113 9.16298
11 23 19 22 1.59883 6.40599 4.00667
11 33 12 17 1.58886 5.88479 3.70377
11 33 13 18 0.731109 6.14443 8.40426
11 33 14 19 0.294226 4.06964 13.8317
11 33 15 20 0.263144 5.15855 19.6035
11 33 16 21 0.15776 3.98055 25.2317
11 33 17 22 0.137887 4.15858 30.1593
11 33 18 23 0.116522 3.94222 33.8325
11 33 19 24 0.114103 4.08462 35.7978
11 33 20 25 0.106609 3.81636 35.7978
11 33 21 26 0.123041 4.1628 33.8325
11 33 22 27 0.148451 4.47718 30.1593
11 33 23 28 0.160671 4.054 25.2317
11 33 24 29 0.269392 5.28104 19.6035
11 33 25 30 0.365092 5.04983 13.8317
11 33 26 31 0.529547 4.45045 8.40426
11 33 27 32 1.55454 5.75766 3.70377
12 24 13 16 2.97929 11.937 4.00667
12 24 14 17 0.508748 4.66165 9.16298
12 24 15 18 0.461886 6.52976 14.1372
12 24 16 19 0.242264 4.17856 17.248
12 24 17 20 0.26693 4.60399 17.248
12 24 18 21 0.361401 5.10919 14.1372
12 24 19 22 0.520378 4.76822 9.16298
12 24 20 23 2.42449 9.71413 4.00667
12 34 13 18 3.0776 11.3987 3.70377
12 34 14 19 0.580373 4.8776 8.40426
12 34 15 20 0.457412 6.32677 13.8317
12 34 16 21 0.224056 4.39228 19.6035
12 34 17 22 0.184933 4.66616 25.2317
12 34 18 23 0.137522 4.14756 30.1593
12 34 19 24 0.126094 4.26607 33.8325
12 34 20 25 0.110195 3.94472 35.7978
12 34 21 26 0.117647 4.21151 35.7978
12 34 22 27 0.134277 4.54294 33.8325
12 34 23 28 0.135622 4.09026 30.1593
12 34 24 29 0.205055 5.17388 25.2317
12 34 25 30 0.259951 5.09595 19.6035
12 34 26 31 0.336495 4.65428 13.8317
12 34 27 32 0.705944 5.93293 8.40426
12 34 28 33 2.74851 10.1799 3.70377
13 25 14 17 1.0074 4.0363 4.00667
13 25 15 18 0.702082 6.43317 9.16298
13 25 16 19 0.280057 3.95921 14.1372
13 25 17 20 0.271875 4.68928 17.248
13 25 18 21 0.276868 4.77541 17.248
13 25 19 22 0.328623 4.6458 14.1372
13 25 20 23 0.901333 8.2589 9.16298
13 25 21 24 2.94332 11.7929 4.00667
13 35 14 19 1.11816 4.14142 3.70377
13 35 15 20 0.724376 6.08784 8.40426
13 35 16 21 0.287588 3.97783 13.8317
13 35 17 22 0.225384 4.41832 19.6035
13 35 18 23 0.151005 3.8101 25.2317
13 35 19 24 0.129876 3.91696 30.1593
13 35 20 25 0.105574 3.57183 33.8325
13 35 21 26 0.102563 3.67151 35.7978
13 35 22 27 0.108897 3.89826 35.7978
13 35 23 28 0.0992995 3.35955 33.8325
13 35 24 29 0.12851 3.87577 30.1593
13 35 25 30 0.146747 3.70268 25.2317
13 35 26 31 0.162338 3.18239 19.6035
13 35 27 32 0.250343 3.46267 13.8317
13 35 28 33 0.456731 3.83849 8.40426
13 35 29 34 0.918898 3.40339 3.70377
14 26 15 18 2.49391 9.99227 4.00667
14 26 16 19 0.451751 4.13939 9.16298
14 26 17 20 0.359078 5.07634 14.1372
14 26 18 21 0.237416 4.09495 17.248
14 26 19 22 0.213804 3.68768 17.248
14 26 20 23 0.311894 4.4093 14.1372
14 26 21 24 0.459922 4.21426 9.16298
14 26 22 25 0.840604 3.36802 4.00667
14 36 15 20 2.57507 9.53746 3.70377
14 36 16 21 0.508908 4.27699 8.40426
14 36 17 22 0.361739 5.00346 13.8317
14 36 18 23 0.206084 4.03998 19.6035
14 36 19 24 0.164775 4.15754 25.2317
14 36 20 25 0.123848 3.73517 30.1593
14 36 21 26 0.11228 3.79871 33.8325
14 36 22 27 0.114463 4.09751 35.7978
14 36 23 28 0.098963 3.54266 35.7978
14 36 24 29 0.119818 4.05374 33.8325
14 36 25 30 0.131989 3.98069 30.1593
14 36 26 31 0.138248 3.48824 25.2317
14 36 27 32 0.196199 3.8462 19.6035
14 36 28 33 0.308618 4.2687 13.8317
14 36 29 34 0.510313 4.28881 8.40426
14 36 30 35 4.06168 15.0435 3.70377
15 27 16 19 0.802319 3.21463 4.00667
15 27 17 20 0.500873 4.58949 9.16298
15 27 18 21 0.258288 3.65146 14.1372
15 27 19 22 0.206565 3.56283 17.248
15 27 20 23 0.245586 4.23586 17.248
15 27 21 24 0.302428 4.27548 14.1372
15 27 22 25 0.439782 4.02972 9.16298
15 27 23 26 1.84855 7.40651 4.00667
15 37 16 21 0.885056 3.27805 3.70377
15 37 17 22 0.521136 4.37976 8.40426
15 37 18 23 0.249523 3.45132 13.8317
15 37 19 24 0.187014 3.66614 19.6035
15 37 20 25 0.132013 3.33092 25.2317
15 37 21 26 0.113456 3.42177 30.1593
15 37 22 27 0.112098 3.79255 33.8325
15 37 23 28 0.0922023 3.30064 35.7978
15 37 24 29 0.104533 3.74203 35.7978
15 37 25 30 0.110461 3.73718 33.8325
15 37 26 31 0.108512 3.27265 30.1593
15 37 27 32 0.140533 3.54589 25.2317
15 37 28 33 0.190508 3.73464 19.6035
15 37 29 34 0.25473 3.52334 13.8317
15 37 30 35 0.966668 8.12413 8.40426
15 37 31 36 2.22309 8.23381 3.70377
16 28 17 20 3.7779 15.1368 4.00667
16 28 18 21 0.741998 6.79891 9.16298
16 28 19 22 0.408676 5.77751 14.1372
16 28 20 23 0.287632 4.96106 17.248
16 28 21 24 0.274318 4.73142 17.248
16 28 22 25 0.34001 4.80678 14.1372
16 28 23 26 0.799516 7.32595 9.16298
16 28 24 27 3.02885 12.1356 4.00667
16 38 17 22 3.86698 14.3224 3.70377
16 38 18 23 0.777636 6.53545 8.40426
16 38 19 24 0.432061 5.97612 13.8317
16 38 20 25 0.223896 4.38916 19.6035
16 38 21 26 0.162793 4.10753 25.2317
16 38 22 27 0.148716 4.48518 30.1593
16 38 23 28 0.110014 3.72207 33.8325
16 38 24 29 0.112538 4.0286 35.7978
16 38 25 30 0.112444 4.02525 35.7978
16 38 26 31 0.102381 3.46383 33.8325
16 38 27 32 0.123198 3.71556 30.1593
16 38 28 33 0.151916 3.8331 25.2317
16 38 29 34 0.178004 3.48951 19.6035
16 38 30 35 0.446401 6.17448 13.8317
16 38 31 36 0.671502 5.64348 8.40426
16 38 32 37 1.58411 5.86717 3.70377
17 29 18 21 1.90598 7.63664 4.00667
17 29 19 22 0.723971 6.63373 9.16298
17 29 20 23 0.320402 4.52957 14.1372
17 29 21 24 0.232875 4.01663 17.248
17 29 22 25 0.242132 4.17628 17.248
17 29 23 26 0.341047 4.82144 14.1372
17 29 24 27 0.677233 6.20547 9.16298
17 29 25 28 1.75455 7.02991 4.00667
17 39 18 23 1.98167 7.33966 3.70377
17 39 19 24 0.787781 6.62071 8.40426
17 39 20 25 0.309373 4.27914 13.8317
17 39 21 26 0.198519 3.89168 19.6035
17 39 22 27 0.172176 4.34429 25.2317
17 39 23 28 0.11801 3.55911 30.1593
17 39 24 29 0.111942 3.78728 33.8325
17 39 25 30 0.10664 3.81748 35.7978
17 39 26 31 0.0907681 3.2493 35.7978
17 39 27 32 0.102391 3.46415 33.8325
17 39 28 33 0.116922 3.52627 30.1593
17 39 29 34 0.123203 3.10862 25.2317
17 39 30 35 0.240983 4.72412 19.6035
17 39 31 36 0.304242 4.20818 13.8317
17 39 32 37 0.483337 4.06209 8.40426
17 39 33 38 0.953765 3.53253 3.70377
18 30 19 22 3.27319 13.1146 4.00667
18 30 20 23 0.642148 5.88399 9.16298
18 30 21 24 0.325726 4.60484 14.1372
18 30 22 25 0.287316 4.95562 17.248
18 30 23 26 0.281806 4.86058 17.248
18 30 24 27 0.394574 5.57815 14.1372
18 30 25 28 0.678629 6.21826 9.16298
18 30 26 29 3.36797 13.4943 4.00667
18 40 19 24 3.4147 12.6473 3.70377
18 40 20 25 0.672503 5.65189 8.40426
18 40 21 26 0.331499 4.58518 13.8317
18 40 22 27 0.263379 5.16316 19.6035
18 40 23 28 0.158895 4.00918 25.2317
18 40 24 29 0.13597 4.10075 30.1593
18 40 25 30 0.122608 4.14815 33.8325
18 40 26 31 0.0966718 3.46064 35.7978
18 40 27 32 0.103378 3.70069 35.7978
18 40 28 33 0.112203 3.79611 33.8325
18 40 29 34 0.110565 3.33458 30.1593
18 40 30 35 0.192036 4.84539 25.2317
18 40 31 36 0.227117 4.4523 19.6035
18 40 32 37 0.317717 4.39455 13.8317
18 40 33 38 0.468031 3.93346 8.40426
18 40 34 39 2.89702 10.7299 3.70377
19 31 20 23 1.51058 6.05238 4.00667
19 31 21 24 0.474974 4.35217 9.16298
19 31 22 25 0.365327 5.16469 14.1372
19 31 23 26 0.272073 4.69271 17.248
19 31 24 27 0.293814 5.06769 17.248
19 31 25 28 0.396788 5.60946 14.1372
19 31 26 29 1.11171 10.1866 9.16298
19 31 27 30 2.90105 11.6235 4.00667
19 41 20 25 1.58251 5.86124 3.70377
19 41 21 26 0.514275 4.3221 8.40426
19 41 22 27 0.374834 5.18458 13.8317
19 41 23 28 0.203484 3.989 19.6035
19 41 24 29 0.159771 4.03128 25.2317
19 41 25 30 0.137561 4.14873 30.1593
19 41 26 31 0.101982 3.4503 33.8325
19 41 27 32 0.104591 3.74411 35.7978
19 41 28 33 0.109191 3.90878 35.7978
19 41 29 34 0.101988 3.4505 33.8325
19 41 30 35 0.162388 4.89752 30.1593
19 41 31 36 0.183775 4.63695 25.2317
19 41 32 37 0.238453 4.67453 19.6035
19 41 33 38 0.316315 4.37516 13.8317
19 41 34 39 1.14816 9.64945 8.40426
19 41 35 40 2.83252 10.491 3.70377
20 32 21 24 1.11352 4.4615 4.00667
20 32 22 25 0.627476 5.74955 9.16298
20 32 23 26 0.314504 4.4462 14.1372
20 32 24 27 0.245103 4.22753 17.248
20 32 25 28 0.24806 4.27854 17.248
20 32 26 29 0.370218 5.23384 14.1372
20 32 27 30 0.522423 4.78695 9.16298
20 32 28 31 1.00641 4.03234 4.00667
20 42 21 26 1.2044 4.46084 3.70377
20 42 22 27 0.681625 5.72855 8.40426
20 42 23 28 0.297651 4.11701 13.8317
20 42 24 29 0.206398 4.04614 19.6035
20 42 25 30 0.167158 4.21768 25.2317
20 42 26 31 0.113807 3.43233 30.1593
20 42 27 32 0.111088 3.75838 33.8325
20 42 28 33 0.110819 3.96707 35.7978
20 42 29 34 0.097209 3.47987 35.7978
20 42 30 35 0.141542 4.78872 33.8325
20 42 31 36 0.15312 4.618 30.1593
20 42 32 37 0.184983 4.66743 25.2317
20 42 33 38 0.227702 4.46376 19.6035
20 42 34 39 0.591535 8.18192 13.8317
20 42 35 40 1.00959 8.48482 8.40426
20 42 36 41 2.88697 10.6927 3.70377
21 33 22 25 3.73534 14.9663 4.00667
21 33 23 26 0.758215 6.94751 9.16298
21 33 24 27 0.367186 5.19096 14.1372
21 33 25 28 0.286598 4.94323 17.248
21 33 26 29 0.289162 4.98746 17.248
21 33 27 30 0.345232 4.8806 14.1372
21 33 28 31 0.498531 4.56803 9.16298
21 33 29 32 1.41466 5.66806 4.00667
21 43 22 27 3.86849 14.328 3.70377
21 43 23 28 0.774699 6.51077 8.40426
21 43 24 29 0.367274 5.08001 13.8317
21 43 25 30 0.254862 4.9962 19.6035
21 43 26 31 0.14386 3.62983 25.2317
21 43 27 32 0.129176 3.89585 30.1593
21 43 28 33 0.120062 4.062 33.8325
21 43 29 34 0.095185 3.40741 35.7978
21 43 30 35 0.121153 4.33702 35.7978
21 43 31 36 0.12216 4.13297 33.8325
21 43 32 37 0.131646 3.97035 30.1593
21 43 33 38 0.145726 3.67691 25.2317
21 43 34 39 0.243813 4.77959 19.6035
21 43 35 40 0.297755 4.11845 13.8317
21 43 36 41 0.485292 4.07852 8.40426
21 43 37 42 1.31756 4.87995 3.70377
22 34 23 26 1.67225 6.70017 4.00667
22 34 24 27 0.534765 4.90004 9.16298
22 34 25 28 0.344042 4.86377 14.1372
22 34 26 29 0.254496 4.38954 17.248
22 34 27 30 0.267559 4.61485 17.248
22 34 28 31 0.334257 4.72545 14.1372
22 34 29 32 0.621331 5.69324 9.16298
22 34 30 33 2.61441 10.4751 4.00667
22 44 23 28 1.70348 6.30931 3.70377
22 44 24 29 0.564473 4.74397 8.40426
22 44 25 30 0.347094 4.8009 13.8317
22 44 26 31 0.171868 3.36921 19.6035
22 44 27 32 0.14752 3.72217 25.2317
22 44 28 33 0.132874 4.00739 30.1593
22 44 29 34 0.100628 3.4045 33.8325
22 44 30 35 0.12187 4.36269 35.7978
22 44 31 36 0.119658 4.28348 35.7978
22 44 32 37 0.123862 4.19056 33.8325
22 44 33 38 0.132872 4.00731 30.1593
22 44 34 39 0.202101 5.09934 25.2317
22 44 35 40 0.226115 4.43265 19.6035
22 44 36 41 0.32268 4.4632 13.8317
22 44 37 42 0.603308 5.07036 8.40426
22 44 38 43 2.52733 9.36064 3.70377
23 35 25 28 0.884708 8.10656 9.16298
23 35 26 29 0.299422 4.23297 14.1372
23 35 27 30 0.238863 4.1199 17.248
23 35 28 31 0.228837 3.94697 17.248
23 35 29 32 0.243919 3.44833 14.1372
23 35 30 33 0.423646 3.88186 9.16298
23 35 31 34 0.876004 3.50986 4.00667
23 45 25 30 0.959031 8.05995 8.40426
23 45 26 31 0.296964 4.1075 13.8317
23 45 27 32 0.224283 4.39674 19.6035
23 45 28 33 0.18513 4.67113 25.2317
23 45 29 34 0.124259 3.74755 30.1593
23 45 30 35 0.134175 4.53949 33.8325
23 45 31 36 0.123699 4.42815 35.7978
23 45 32 37 0.116799 4.18115 35.7978
23 45 33 38 0.117859 3.98747 33.8325
23 45 34 39 0.157114 4.73844 30.1593
23 45 35 40 0.156204 3.9413 25.2317
23 45 36 41 0.198792 3.89703 19.6035
23 45 37 42 0.288474 3.99007 13.8317
23 45 38 43 0.663117 5.57301 8.40426
23 45 39 44 1.30857 4.84664 3.70377
24 36 25 28 2.92746 11.7294 4.00667
24 36 26 29 0.45994 4.21442 9.16298
24 36 27 30 0.308566 4.36224 14.1372
24 36 28 31 0.260587 4.49459 17.248
24 36 29 32 0.220845 3.80913 17.248
24 36 30 33 0.303096 4.28492 14.1372
24 36 31 34 0.498183 4.56484 9.16298
24 36 32 35 3.98353 15.9607 4.00667
24 46 25 30 3.05148 11.302 3.70377
24 46 26 31 0.484867 4.07495 8.40426
24 46 27 32 0.321784 4.45082 13.8317
24 46 28 33 0.247433 4.85056 19.6035
24 46 29 34 0.151059 3.81147 25.2317
24 46 30 35 0.151228 4.56094 30.1593
24 46 31 36 0.133514 4.51711 33.8325
24 46 32 37 0.11837 4.23736 35.7978
24 46 33 38 0.114805 4.10975 35.7978
24 46 34 39 0.141744 4.79556 33.8325
24 46 35 40 0.131034 3.95191 30.1593
24 46 36 41 0.157584 3.97612 25.2317
24 46 37 42 0.205934 4.03704 19.6035
24 46 38 43 0.388891 5.37901 13.8317
24 46 39 44 0.542195 4.55675 8.40426
24 46 40 45 3.09447 11.4612 3.70377
25 37 26 29 0.823261 3.29854 4.00667
25 37 27 30 0.428536 3.92667 9.16298
25 37 28 31 0.313077 4.42602 14.1372
25 37 29 32 0.207575 3.58024 17.248
25 37 30 33 0.21985 3.79197 17.248
25 37 31 34 0.273047 3.86012 14.1372
25 37 32 35 0.940888 8.62133 9.16298
25 37 33 36 2.14798 8.60625 4.00667
25 47 26 31 0.88378 3.27332 3.70377
25 47 27 32 0.474054 3.98407 8.40426
25 47 28 33 0.33317 4.6083 13.8317
25 47 29 34 0.184026 3.60757 19.6035
25 47 30 35 0.169169 4.26841 25.2317
25 47 31 36 0.14269 4.30342 30.1593
25 47 32 37 0.117606 3.9789 33.8325
25 47 33 38 0.108882 3.89773 35.7978
25 47 34 39 0.123323 4.4147 35.7978
25 47 35 40 0.103943 3.51667 33.8325
25 47 36 41 0.116938 3.52677 30.1593
25 47 37 42 0.136353 3.44041 25.2317
25 47 38 43 0.213823 4.19169 19.6035
25 47 39 44 0.238258 3.29551 13.8317
25 47 40 45 0.576553 4.8455 8.40426
25 47 41 46 1.43223 5.30465 3.70377
26 38 27 30 1.84463 7.3908 4.00667
26 38 28 31 0.787619 7.21693 9.16298
26 38 29 32 0.325848 4.60657 14.1372
26 38 30 33 0.257927 4.44872 17.248
26 38 31 34 0.246273 4.24771 17.248
26 38 32 35 0.455915 6.44535 14.1372
26 38 33 36 0.643024 5.89201 9.16298
26 38 34 37 1.52602 6.11426 4.00667
26 48 27 32 1.96398 7.27412 3.70377
26 48 28 33 0.858097 7.21167 8.40426
26 48 29 34 0.336841 4.65907 13.8317
26 48 30 35 0.258044 5.05857 19.6035
26 48 31 36 0.197598 4.98574 25.2317
26 48 32 37 0.144322 4.35266 30.1593
26 48 33 38 0.12619 4.26934 33.8325
26 48 34 39 0.13189 4.72136 35.7978
26 48 35 40 0.102232 3.65968 35.7978
26 48 36 41 0.110061 3.72364 33.8325
26 48 37 42 0.120367 3.63019 30.1593
26 48 38 43 0.174523 4.40351 25.2317
26 48 39 44 0.18033 3.53511 19.6035
26 48 40 45 0.345507 4.77894 13.8317
26 48 41 46 0.615415 5.17211 8.40426
26 48 42 47 3.21107 11.8931 3.70377
27 39 28 31 3.01282 12.0714 4.00667
27 39 29 32 0.664595 6.08967 9.16298
27 39 30 33 0.373277 5.27707 14.1372
27 39 31 34 0.271776 4.68759 17.248
27 39 32 35 0.297203 5.12614 17.248
27 39 33 36 0.320641 4.53295 14.1372
27 39 34 37 0.47873 4.38659 9.16298
27 39 35 38 0.813734 3.26036 4.00667
27 49 28 33 3.16048 11.7057 3.70377
27 49 29 34 0.71331 5.99484 8.40426
27 49 30 35 0.419223 5.79856 13.8317
27 49 31 36 0.280378 5.49641 19.6035
27 49 32 37 0.175934 4.43911 25.2317
27 49 33 38 0.144818 4.36762 30.1593
27 49 34 39 0.139726 4.7273 33.8325
27 49 35 40 0.0985147 3.52661 35.7978
27 49 36 41 0.101036 3.61686 35.7978
27 49 37 42 0.102596 3.47109 33.8325
27 49 38 43 0.135984 4.10119 30.1593
27 49 39 44 0.129312 3.26276 25.2317
27 49 40 45 0.199244 3.90589 19.6035
27 49 41 46 0.277021 3.83167 13.8317
27 49 42 47 0.666143 5.59844 8.40426
27 49 43 48 1.6327 6.04716 3.70377
28 40 29 32 1.75796 7.04356 4.00667
28 40 30 33 0.654859 6.00046 9.16298
28 40 31 34 0.378 5.34385 14.1372
28 40 32 35 0.291641 5.0302 17.248
28 40 33 36 0.273404 4.71566 17.248
28 40 34 37 0.33957 4.80056 14.1372
28 40 35 38 0.374685 3.43323 9.16298
28 40 36 39 2.78597 11.1624 4.00667
28 50 29 34 1.84052 6.81687 3.70377
28 50 30 35 0.731897 6.15105 8.40426
28 50 31 36 0.415029 5.74055 13.8317
28 50 32 37 0.220272 4.31811 19.6035
28 50 33 38 0.172272 4.34672 25.2317
28 50 34 39 0.156655 4.7246 30.1593
28 50 35 40 0.103752 3.51018 33.8325
28 50 36 41 0.102462 3.66792 35.7978
28 50 37 42 0.0995469 3.56355 35.7978
28 50 38 43 0.125974 4.26203 33.8325
28 50 39 44 0.11523 3.47527 30.1593
28 50 40 45 0.164199 4.14301 25.2317
28 50 41 46 0.210719 4.13084 19.6035
28 50 42 47 0.396315 5.4817 13.8317
28 50 43 48 0.640159 5.38006 8.40426
28 50 44 49 2.19144 8.11658 3.70377
29 41 30 33 3.34329 13.3955 4.00667
29 41 31 34 1.09784 10.0595 9.16298
29 41 32 35 0.424762 6.00493 14.1372
29 41 33 36 0.324181 5.59147 17.248
29 41 34 37 0.325245 5.6098 17.248
29 41 35 38 0.26888 3.8012 14.1372
29 41 36 39 1.08422 9.93465 9.16298
29 41 37 40 2.74973 11.0173 4.00667
29 51 30 35 3.50885 12.996 3.70377
29 51 31 36 1.19265 10.0233 8.40426
29 51 32 37 0.396442 5.48345 13.8317
29 51 33 38 0.272051 5.33317 19.6035
29 51 34 39 0.218065 5.50215 25.2317
29 51 35 40 0.122606 3.69771 30.1593
29 51 36 41 0.114304 3.86719 33.8325
29 51 37 42 0.101301 3.62636 35.7978
29 51 38 43 0.117232 4.19665 35.7978
29 51 39 44 0.099989 3.38288 33.8325
29 51 40 45 0.128447 3.87387 30.1593
29 51 41 46 0.150993 3.8098 25.2317
29 51 42 47 0.235176 4.61028 19.6035
29 51 43 48 0.302683 4.18662 13.8317
29 51 44 49 0.591757 4.97328 8.40426
29 51 45 50 1.09449 4.05375 3.70377
30 42 31 34 2.91312 11.6719 4.00667
30 42 32 35 0.584178 5.35281 9.16298
30 42 33 36 0.381755 5.39694 14.1372
30 42 34 37 0.327156 5.64277 17.248
30 42 35 38 0.212751 3.66953 17.248
30 42 36 39 0.564372 7.97862 14.1372
30 42 37 40 0.965305 8.84507 9.16298
30 42 38 41 2.79788 11.2102 4.00667
30 52 31 36 3.06061 11.3358 3.70377
30 52 32 37 0.589112 4.95105 8.40426
30 52 33 38 0.367437 5.08227 13.8317
30 52 34 39 0.273515 5.36187 19.6035
30 52 35 40 0.139634 3.52321 25.2317
30 52 36 41 0.125597 3.78792 30.1593
30 52 37 42 0.105578 3.57198 33.8325
30 52 38 43 0.116376 4.166 35.7978
30 52 39 44 0.095449 3.41686 35.7978
30 52 40 45 0.116481 3.94085 33.8325
30 52 41 46 0.131366 3.96191 30.1593
30 52 42 47 0.188019 4.74403 25.2317
30 52 43 48 0.221465 4.34149 19.6035
30 52 44 49 0.374777 5.18379 13.8317
30 52 45 50 0.539589 4.53484 8.40426
30 52 46 51 3.33646 12.3575 3.70377
31 43 32 35 1.06489 4.26665 4.00667
31 43 33 36 0.52117 4.77547 9.16298
31 43 34 37 0.365251 5.16362 14.1372
31 43 35 38 0.172847 2.98125 17.248
31 43 36 39 0.259361 4.47345 17.248
31 43 37 40 0.294885 4.16883 14.1372
31 43 38 41 0.457282 4.19007 9.16298
31 43 39 42 1.19183 4.77526 4.00667
31 53 32 37 1.11288 4.12185 3.70377
31 53 33 38 0.550549 4.62695 8.40426
31 53 34 39 0.366599 5.07067 13.8317
31 53 35 40 0.164945 3.2335 19.6035
31 53 36 41 0.141215 3.5631 25.2317
31 53 37 42 0.110826 3.34243 30.1593
31 53 38 43 0.114336 3.86827 33.8325
31 53 39 44 0.088767 3.17766 35.7978
31 53 40 45 0.100806 3.60864 35.7978
31 53 41 46 0.107198 3.62678 33.8325
31 53 42 47 0.137147 4.13627 30.1593
31 53 43 48 0.143751 3.62708 25.2317
31 53 44 49 0.208584 4.08899 19.6035
31 53 45 50 0.244421 3.38075 13.8317
31 53 46 51 0.624801 5.25099 8.40426
31 53 47 52 1.47458 5.46151 3.70377
32 44 33 36 1.50182 6.01731 4.00667
32 44 34 37 0.708878 6.49543 9.16298
32 44 35 38 0.233239 3.29733 14.1372
32 44 36 39 0.270706 4.66912 17.248
32 44 37 40 0.253279 4.36855 17.248
32 44 38 41 0.319252 4.51332 14.1372
32 44 39 42 0.520875 4.77276 9.16298
32 44 40 43 2.40557 9.63831 4.00667
32 54 33 38 1.57572 5.83612 3.70377
32 54 34 39 0.739789 6.21738 8.40426
32 54 35 40 0.248498 3.43714 13.8317
32 54 36 41 0.195141 3.82546 19.6035
32 54 37 42 0.138281 3.48905 25.2317
32 54 38 43 0.131676 3.97125 30.1593
32 54 39 44 0.0965176 3.26544 33.8325
32 54 40 45 0.103555 3.70704 35.7978
32 54 41 46 0.105529 3.7777 35.7978
32 54 42 47 0.126572 4.28225 33.8325
32 54 43 48 0.124452 3.75337 30.1593
32 54 44 49 0.169894 4.28672 25.2317
32 54 45 50 0.185532 3.63708 19.6035
32 54 46 51 0.366966 5.07576 13.8317
32 54 47 52 0.617131 5.18653 8.40426
32 54 48 53 2.9095 10.7761 3.70377
33 45 34 37 2.69977 10.8171 4.00667
33 45 35 38 0.398188 3.64859 9.16298
33 45 36 39 0.328498 4.64404 14.1372
33 45 37 40 0.230234 3.97107 17.248
33 45 38 41 0.228291 3.93756 17.248
33 45 39 42 0.25149 3.55535 14.1372
33 45 40 43 0.605801 5.55094 9.16298
33 45 41 44 1.2417 4.97507 4.00667
33 55 34 39 2.77855 10.2911 3.70377
33 55 35 40 0.447213 3.75849 8.40426
33 55 36 41 0.301728 4.1734 13.8317
33 55 37 42 0.182644 3.58048 19.6035
33 55 38 43 0.156041 3.93717 25.2317
33 55 39 44 0.106383 3.20843 30.1593
33 55 40 45 0.107457 3.63554 33.8325
33 55 41 46 0.104078 3.72577 35.7978
33 55 42 47 0.115946 4.15062 35.7978
33 55 43 48 0.105672 3.57517 33.8325
33 55 44 49 0.13484 4.06668 30.1593
33 55 45 50 0.136469 3.44333 25.2317
33 55 46 51 0.214635 4.20761 19.6035
33 55 47 52 0.276504 3.82452 13.8317
33 55 48 53 0.657127 5.52267 8.40426
33 55 49 54 1.51893 5.62576 3.70377
34 46 35 38 0.838246 3.35857 4.00667
34 46 36 39 0.519637 4.76142 9.16298
34 46 37 40 0.27681 3.9133 14.1372
34 46 38 41 0.225072 3.88203 17.248
34 46 39 42 0.19675 3.39354 17.248
34 46 40 43 0.364341 5.15074 14.1372
34 46 41 44 0.511365 4.68563 9.16298
34 46 42 45 3.03125 12.1452 4.00667
34 56 35 40 0.916603 3.39489 3.70377
34 56 36 41 0.521107 4.37952 8.40426
34 56 37 42 0.261202 3.61286 13.8317
34 56 38 43 0.198053 3.88254 19.6035
34 56 39 44 0.125654 3.17046 25.2317
34 56 40 45 0.120606 3.6374 30.1593
34 56 41 46 0.112864 3.81848 33.8325
34 56 42 47 0.119992 4.29545 35.7978
34 56 43 48 0.104243 3.73168 35.7978
34 56 44 49 0.128897 4.36092 33.8325
34 56 45 50 0.126396 3.81203 30.1593
34 56 46 51 0.185747 4.68671 25.2317
34 56 47 52 0.222849 4.36862 19.6035
34 56 48 53 0.444934 6.15418 13.8317
34 56 49 54 0.762547 6.40865 8.40426
34 56 50 55 2.52964 9.36923 3.70377
35 47 36 39 3.96595 15.8902 4.00667
35 47 37 40 0.893708 8.18902 9.16298
35 47 38 41 0.399638 5.64974 14.1372
35 47 39 42 0.216648 3.73674 17.248
35 47 40 43 0.265229 4.57466 17.248
35 47 41 44 0.268579 3.79694 14.1372
35 47 42 45 0.571963 5.24088 9.16298
35 47 43 46 1.32992 5.32854 4.00667
35 57 36 41 4.04508 14.9821 3.70377
35 57 37 42 0.938388 7.88645 8.40426
35 57 38 43 0.438542 6.06577 13.8317
35 57 39 44 0.218188 4.27726 19.6035
35 57 40 45 0.17948 4.52859 25.2317
35 57 41 46 0.151241 4.56133 30.1593
35 57 42 47 0.140959 4.76901 33.8325
35 57 43 48 0.106393 3.80862 35.7978
35 57 44 49 0.120945 4.32958 35.7978
35 57 45 50 0.108847 3.68259 33.8325
35 57 46 51 0.139216 4.19866 30.1593
35 57 47 52 0.146255 3.69027 25.2317
35 57 48 53 0.2314 4.53625 19.6035
35 57 49 54 0.301645 4.17226 13.8317
35 57 50 55 0.531846 4.46977 8.40426
35 57 51 56 0.813992 3.01484 3.70377
36 48 37 40 2.11077 8.45715 4.00667
36 48 38 41 0.598623 5.48517 9.16298
36 48 39 42 0.253522 3.58408 14.1372
36 48 40 43 0.262143 4.52143 17.248
36 48 41 44 0.236512 4.07936 17.248
36 48 42 45 0.365074 5.16111 14.1372
36 48 43 46 0.549761 5.03745 9.16298
36 48 44 47 3.1411 12.5853 4.00667
36 58 37 42 2.18655 8.09849 3.70377
36 58 38 43 0.666113 5.59819 8.40426
36 58 39 44 0.279998 3.87284 13.8317
36 58 40 45 0.214273 4.2005 19.6035
36 58 41 46 0.172403 4.35001 25.2317
36 58 42 47 0.151807 4.57839 30.1593
36 58 43 48 0.107022 3.62082 33.8325
36 58 44 49 0.11675 4.17939 35.7978
36 58 45 50 0.100372 3.59308 35.7978
36 58 46 51 0.119776 4.05234 33.8325
36 58 47 52 0.117319 3.53825 30.1593
36 58 48 53 0.167658 4.23029 25.2317
36 58 49 54 0.197471 3.87113 19.6035
36 58 50 55 0.297555 4.11569 13.8317
36 58 51 56 0.361411 3.03739 8.40426
36 58 52 57 2.13518 7.90823 3.70377
37 49 38 41 1.45667 5.83638 4.00667
37 49 39 42 0.390279 3.57611 9.16298
37 49 40 43 0.312407 4.41655 14.1372
37 49 41 44 0.242009 4.17417 17.248
37 49 42 45 0.263115 4.5382 17.248
37 49 43 46 0.253121 3.57841 14.1372
37 49 44 47 0.645206 5.912 9.16298
37 49 45 48 1.5568 6.23757 4.00667
37 59 38 43 1.58109 5.856 3.70377
37 59 39 44 0.45848 3.85319 8.40426
37 59 40 45 0.306983 4.24609 13.8317
37 59 41 46 0.22956 4.50019 19.6035
37 59 42 47 0.187264 4.725 25.2317
37 59 43 48 0.120068 3.62117 30.1593
37 59 44 49 0.124656 4.21744 33.8325
37 59 45 50 0.10182 3.64491 35.7978
37 59 46 51 0.113491 4.06274 35.7978
37 59 47 52 0.104106 3.52219 33.8325
37 59 48 53 0.13713 4.13573 30.1593
37 59 49 54 0.149753 3.77852 25.2317
37 59 50 55 0.204822 4.01523 19.6035
37 59 51 56 0.221321 3.06124 13.8317
37 59 52 57 0.67783 5.69666 8.40426
37 59 53 58 2.6437 9.79166 3.70377
38 50 39 42 0.826026 3.30961 4.00667
38 50 40 43 0.446059 4.08723 9.16298
38 50 41 44 0.301698 4.26515 14.1372
38 50 42 45 0.273015 4.70895 17.248
38 50 43 46 0.209341 3.61071 17.248
38 50 44 47 0.397999 5.62659 14.1372
38 50 45 48 0.597325 5.47328 9.16298
38 50 46 49 2.09582 8.39726 4.00667
38 60 39 44 0.93483 3.4624 3.70377
38 60 40 45 0.46196 3.88243 8.40426
38 60 41 46 0.310864 4.29977 13.8317
38 60 42 47 0.233576 4.57891 19.6035
38 60 43 48 0.136215 3.43694 25.2317
38 60 44 49 0.135731 4.09354 30.1593
38 60 45 50 0.106158 3.5916 33.8325
38 60 46 51 0.112494 4.02703 35.7978
38 60 47 52 0.0981663 3.51414 35.7978
38 60 48 53 0.122459 4.14309 33.8325
38 60 49 54 0.127142 3.8345 30.1593
38 60 50 55 0.164673 4.15499 25.2317
38 60 51 56 0.167488 3.28336 19.6035
38 60 52 57 0.385984 5.33881 13.8317
38 60 53 58 0.973667 8.18295 8.40426
38 60 54 59 3.09925 11.4789 3.70377
39 51 40 43 2.81514 11.2793 4.00667
39 51 41 44 1.05543 9.6709 9.16298
39 51 42 45 0.56695 8.01506 14.1372
39 51 43 46 0.229258 3.95424 17.248
39 51 44 47 0.300913 5.19014 17.248
39 51 45 48 0.311862 4.40884 14.1372
39 51 46 49 0.564169 5.16947 9.16298
39 51 47 50 0.982562 3.9368 4.00667
39 61 40 45 2.90442 10.7573 3.70377
39 61 41 46 1.12223 9.43155 8.40426
39 61 42 47 0.583381 8.06913 13.8317
39 61 43 48 0.220044 4.31365 19.6035
39 61 44 49 0.193143 4.87333 25.2317
39 61 45 50 0.134725 4.06322 30.1593
39 61 46 51 0.128118 4.33456 33.8325
39 61 47 52 0.100946 3.61365 35.7978
39 61 48 53 0.11446 4.09741 35.7978
39 61 49 54 0.108938 3.68566 33.8325
39 61 50 55 0.12989 3.9174 30.1593
39 61 51 56 0.121107 3.05574 25.2317
39 61 52 57 0.201027 3.94084 19.6035
39 61 53 58 0.315503 4.36394 13.8317
39 61 54 59 0.556093 4.67355 8.40426
39 61 55 60 1.30388 4.82928 3.70377
40 52 41 44 2.73399 10.9542 4.00667
40 52 42 45 0.992111 9.09069 9.16298
40 52 43 46 0.281196 3.97531 14.1372
40 52 44 47 0.302948 5.22523 17.248
40 52 45 48 0.259468 4.4753 17.248
40 52 46 49 0.376936 5.32881 14.1372
40 52 47 50 0.471152 4.31716 9.16298
40 52 48 51 3.22858 12.9358 4.00667
40 62 41 46 2.84396 10.5334 3.70377
40 62 42 47 1.03837 8.72675 8.40426
40 62 43 48 0.300397 4.155 13.8317
40 62 44 49 0.243903 4.78136 19.6035
40 62 45 50 0.158684 4.00387 25.2317
40 62 46 51 0.143426 4.32562 30.1593
40 62 47 52 0.107233 3.62798 33.8325
40 62 48 53 0.116463 4.16912 35.7978
40 62 49 54 0.1065 3.81246 35.7978
40 62 50 55 0.122874 4.15713 33.8325
40 62 51 56 0.110773 3.34085 30.1593
40 62 52 57 0.16976 4.28334 25.2317
40 62 53 58 0.238091 4.66743 19.6035
40 62 54 59 0.369096 5.10521 13.8317
40 62 55 60 0.63858 5.36679 8.40426
40 62 56 61 2.15649 7.98714 3.70377
41 53 42 45 2.80489 11.2383 4.00667
41 53 43 46 0.425691 3.9006 9.16298
41 53 44 47 0.344129 4.86502 14.1372
41 53 45 48 0.2285 3.94116 17.248
41 53 46 49 0.250939 4.32819 17.248
41 53 47 50 0.222685 3.14813 14.1372
41 53 48 51 0.583778 5.34915 9.16298
41 53 49 52 1.39103 5.57341 4.00667
41 63 42 47 2.89745 10.7315 3.70377
41 63 43 48 0.482468 4.05478 8.40426
41 63 44 49 0.337521 4.66848 13.8317
41 63 45 50 0.198166 3.88476 19.6035
41 63 46 51 0.166216 4.1939 25.2317
41 63 47 52 0.115577 3.48573 30.1593
41 63 48 53 0.118716 4.01647 33.8325
41 63 49 54 0.102862 3.68222 35.7978
41 63 50 55 0.113547 4.06472 35.7978
41 63 51 56 0.0978268 3.30973 33.8325
41 63 52 57 0.136574 4.11898 30.1593
41 63 53 58 0.170229 4.29517 25.2317
41 63 54 59 0.235922 4.62491 19.6035
41 63 55 60 0.336396 4.65292 13.8317
41 63 56 61 0.680247 5.71697 8.40426
41 63 57 62 1.62506 6.01886 3.70377
42 54 43 46 1.20913 4.84458 4.00667
42 54 44 47 0.599778 5.49576 9.16298
42 54 45 48 0.29244 4.13427 14.1372
42 54 46 49 0.262851 4.53365 17.248
42 54 47 50 0.191768 3.3076 17.248
42 54 48 51 0.3546 5.01303 14.1372
42 54 49 52 0.568326 5.20756 9.16298
42 54 50 53 2.84628 11.4041 4.00667
42 64 43 48 1.31232 4.86052 3.70377
42 64 44 49 0.622429 5.23105 8.40426
42 64 45 50 0.290425 4.01706 13.8317
42 64 46 51 0.217776 4.26917 19.6035
42 64 47 52 0.136712 3.44948 25.2317
42 64 48 53 0.13155 3.96745 30.1593
42 64 49 54 0.10727 3.6292 33.8325
42 64 50 55 0.113373 4.05849 35.7978
42 64 51 56 0.0934597 3.34565 35.7978
42 64 52 57 0.120784 4.08644 33.8325
42 64 53 58 0.137251 4.13939 30.1593
42 64 54 59 0.176245 4.44696 25.2317
42 64 55 60 0.2257 4.42452 19.6035
42 64 56 61 0.379333 5.24681 13.8317
42 64 57 62 0.583034 4.89997 8.40426
42 64 58 63 2.43344 9.01292 3.70377
43 55 44 47 2.44498 9.79623 4.00667
43 55 45 48 0.606751 5.55965 9.16298
43 55 46 49 0.38528 5.44677 14.1372
43 55 47 50 0.204081 3.51999 17.248
43 55 48 51 0.253252 4.36807 17.248
43 55 49 52 0.270178 3.81955 14.1372
43 55 50 53 0.644706 5.90743 9.16298
43 55 51 54 1.43115 5.73415 4.00667
44 56 45 48 1.28455 5.14678 4.00667
44 56 46 49 0.553416 5.07094 9.16298
44 56 47 50 0.234985 3.32202 14.1372
44 56 48 51 0.250726 4.32451 17.248
44 56 49 52 0.232436 4.00904 17.248
44 56 50 53 0.44823 6.3367 14.1372
44 56 51 54 0.702019 6.43258 9.16298
44 56 52 55 2.41709 9.68449 4.00667
45 57 46 49 3.09314 12.3932 4.00667
45 57 47 50 0.515148 4.72029 9.16298
45 57 48 51 0.348546 4.92746 14.1372
45 57 49 52 0.214652 3.70231 17.248
45 57 50 53 0.283986 4.89818 17.248
45 57 51 54 0.293838 4.15404 14.1372
45 57 52 55 0.495018 4.53584 9.16298
45 57 53 56 0.700642 2.80724 4.00667
46 58 47 50 1.31364 5.26333 4.00667
46 58 48 51 0.58036 5.31783 9.16298
46 58 49 52 0.254641 3.5999 14.1372
46 58 50 53 0.267164 4.60803 17.248
46 58 51 54 0.222241 3.8332 17.248
46 58 52 55 0.296493 4.19157 14.1372
46 58 53 56 0.301756 2.76498 9.16298
46 58 54 57 2.05866 8.24836 4.00667
47 59 48 51 3.06881 12.2957 4.00667
47 59 49 52 0.578122 5.29732 9.16298
47 59 50 53 0.39801 5.62673 14.1372
47 59 51 54 0.245078 4.22709 17.248
47 59 52 55 0.257847 4.44733 17.248
47 59 53 56 0.202165 2.85804 14.1372
47 59 54 57 0.641355 5.87672 9.16298
47 59 55 58 2.58456 10.3555 4.00667
48 60 49 52 1.51178 6.05721 4.00667
48 60 50 53 0.632283 5.79359 9.16298
48 60 51 54 0.299507 4.23417 14.1372
48 60 52 55 0.267684 4.61701 17.248
48 60 53 56 0.17577 3.03167 17.248
48 60 54 57 0.377569 5.33775 14.1372
48 60 55 58 0.938274 8.59738 9.16298
48 60 56 59 3.05005 12.2205 4.00667
49 61 50 53 2.10091 8.41765 4.00667
49 61 51 54 0.526517 4.82446 9.16298
49 61 52 55 0.360695 5.09921 14.1372
49 61 53 56 0.178763 3.0833 17.248
49 61 54 57 0.236318 4.076 17.248
49 61 55 58 0.320372 4.52915 14.1372
49 61 56 59 0.560073 5.13194 9.16298
49 61 57 60 1.20921 4.84491 4.00667
50 62 51 54 1.02694 4.11461 4.00667
50 62 52 55 0.52743 4.83283 9.16298
50 62 53 56 0.211313 2.98737 14.1372
50 62 54 57 0.234171 4.03898 17.248
50 62 55 58 0.261376 4.50821 17.248
50 62 56 59 0.390727 5.52378 14.1372
50 62 57 60 0.584106 5.35215 9.16298
50 62 58 61 2.01087 8.05689 4.00667
51 63 52 55 3.24029 12.9828 4.00667
51 63 53 56 0.526746 4.82656 9.16298
51 63 54 57 0.358909 5.07396 14.1372
51 63 55 58 0.259469 4.47532 17.248
51 63 56 59 0.312135 5.3837 17.248
51 63 57 60 0.329037 4.65165 14.1372
51 63 58 61 0.608723 5.57772 9.16298
51 63 59 62 1.51811 6.08258 4.00667
52 64 53 56 1.34831 5.40223 4.00667
52 64 54 57 0.596608 5.4667 9.16298
52 64 55 58 0.297191 4.20144 14.1372
52 64 56 59 0.303532 5.23531 17.248
52 64 57 60 0.24883 4.29181 17.248
52 64 58 61 0.346775 4.90242 14.1372
52 64 59 62 0.522113 4.78411 9.16298
52 64 60 63 2.34379 9.39078 4.00667
