64
# x y z
0.0 0.0 0.0
0.5 0.0 0.0
1.0 0.0 0.0
1.5 0.0 0.0
2.0 0.0 0.0
2.5 0.0 0.0
3.0 0.0 0.0
3.5 0.0 0.0
4.0 0.0 0.0
4.5 0.0 0.0
5.0 0.0 0.0
5.5 0.0 0.0
6.0 0.0 0.0
6.5 0.0 0.0
7.0 0.0 0.0
7.5 0.0 0.0
8.0 0.0 0.0
8.5 0.0 0.0
9.0 0.0 0.0
9.5 0.0 0.0
10.0 0.0 0.0
10.5 0.0 0.0
11.0 0.0 0.0
11.5 0.0 0.0
12.0 0.0 0.0
12.5 0.0 0.0
13.0 0.0 0.0
13.5 0.0 0.0
14.0 0.0 0.0
14.5 0.0 0.0
15.0 0.0 0.0
15.5 0.0 0.0
16.0 0.0 0.0
16.5 0.0 0.0
17.0 0.0 0.0
17.5 0.0 0.0
18.0 0.0 0.0
18.5 0.0 0.0
19.0 0.0 0.0
19.5 0.0 0.0
20.0 0.0 0.0
20.5 0.0 0.0
21.0 0.0 0.0
21.5 0.0 0.0
22.0 0.0 0.0
22.5 0.0 0.0
23.0 0.0 0.0
23.5 0.0 0.0
24.0 0.0 0.0
24.5 0.0 0.0
25.0 0.0 0.0
25.5 0.0 0.0
26.0 0.0 0.0
26.5 0.0 0.0
27.0 0.0 0.0
27.5 0.0 0.0
28.0 0.0 0.0
28.5 0.0 0.0
29.0 0.0 0.0
29.5 0.0 0.0
30.0 0.0 0.0
30.5 0.0 0.0
31.0 0.0 0.0
31.5 0.0 0.0
1400
# a b m n r rhoa k
1 13 2 5 1.88832 7.56585 4.00667
1 13 3 6 0.646089 5.9201 9.16298
1 13 4 7 0.401097 5.67037 14.1372
1 13 5 8 0.296766 5.1186 17.248
1 13 6 9 0.241884 4.17201 17.248
1 13 7 10 0.377927 5.34281 14.1372
1 13 8 11 0.692398 6.34443 9.16298
1 13 9 12 2.18026 8.73558 4.00667
1 23 2 7 2.01926 7.47888 3.70377
1 23 3 8 0.701249 5.89348 8.40426
1 23 4 9 0.397681 5.50059 13.8317
1 23 5 10 0.255798 5.01455 19.6035
1 23 6 11 0.181247 4.57317 25.2317
1 23 7 12 0.142777 4.30606 30.1593
1 23 8 13 0.122242 4.13576 33.8325
1 23 9 14 0.123764 4.43048 35.7978
1 23 10 15 0.107014 3.83086 35.7978
1 23 11 16 0.123041 4.16278 33.8325
1 23 12 17 0.138544 4.17838 30.1593
1 23 13 18 0.181899 4.58962 25.2317
1 23 14 19 0.25796 5.05693 19.6035
1 23 15 20 0.368242 5.0934 13.8317
1 23 16 21 0.731777 6.15004 8.40426
1 23 17 22 1.8722 6.93421 3.70377
1 57 4 16 0.467561 5.39656 11.542
1 57 5 17 0.301002 4.89279 16.255
1 57 6 18 0.213008 4.54578 21.3409
1 57 7 19 0.16226 4.34103 26.7536
1 57 8 20 0.127439 4.13406 32.4396
1 57 9 21 0.115221 4.41735 38.3381
1 57 10 22 0.0934494 4.14738 44.381
1 57 11 23 0.0822404 4.15258 50.4932
1 57 12 24 0.0732425 4.14504 56.5934
1 57 13 25 0.0653452 4.09027 62.5948
1 57 14 26 0.0603155 4.12597 68.4065
1 57 15 27 0.0579981 4.28814 73.9358
1 57 16 28 0.0523651 4.14152 79.0892
1 57 17 29 0.0505284 4.23306 83.7758
1 57 18 30 0.047298 4.15793 87.9092
1 57 19 31 0.0448092 4.09603 91.4105
1 57 20 32 0.0443008 4.1736 94.2106
1 57 21 33 0.0432622 4.16412 96.2531
1 57 22 34 0.0431188 4.20391 97.4958
1 57 23 35 0.0433344 4.243 97.913
1 57 24 36 0.0431668 4.20858 97.4958
1 57 25 37 0.0442746 4.26156 96.2531
1 57 26 38 0.0439123 4.13701 94.2106
1 57 27 39 0.0455473 4.1635 91.4105
1 57 28 40 0.0477704 4.19946 87.9092
1 57 29 41 0.0489923 4.10437 83.7758
1 57 30 42 0.0535792 4.23753 79.0892
1 57 31 43 0.057529 4.25345 73.9358
1 57 32 44 0.0597986 4.09062 68.4065
1 57 33 45 0.0656733 4.11081 62.5948
1 57 34 46 0.0732062 4.14299 56.5934
1 57 35 47 0.081598 4.12015 50.4932
1 57 36 48 0.0945995 4.19842 44.381
1 57 37 49 0.110728 4.24511 38.3381
1 57 38 50 0.126942 4.11793 32.4396
1 57 39 51 0.161579 4.32282 26.7536
1 57 40 52 0.206677 4.41068 21.3409
1 57 41 53 0.300279 4.88103 16.255
1 57 42 54 0.459509 5.30363 11.542
2 14 3 6 1.54384 6.18567 4.00667
2 14 4 7 0.666544 6.10752 9.16298
2 14 5 8 0.379002 5.35802 14.1372
2 14 6 9 0.249568 4.30454 17.248
2 14 7 10 0.276706 4.77261 17.248
2 14 8 11 0.362054 5.11841 14.1372
2 14 9 12 0.6758 6.19234 9.16298
2 14 10 13 1.61826 6.48382 4.00667
2 24 3 8 1.65556 6.13183 3.70377
2 24 4 9 0.70262 5.90501 8.40426
2 24 5 10 0.378438 5.23443 13.8317
2 24 6 11 0.239296 4.69105 19.6035
2 24 7 12 0.173232 4.37093 25.2317
2 24 8 13 0.13642 4.11434 30.1593
2 24 9 14 0.131748 4.45738 33.8325
2 24 10 15 0.107277 3.84027 35.7978
2 24 11 16 0.114336 4.09298 35.7978
2 24 12 17 0.120438 4.07474 33.8325
2 24 13 18 0.145177 4.37843 30.1593
2 24 14 19 0.188075 4.74544 25.2317
2 24 15 20 0.24568 4.8162 19.6035
2 24 16 21 0.391858 5.42005 13.8317
2 24 17 22 0.717673 6.03151 8.40426
2 24 18 23 2.53561 9.39133 3.70377
2 58 5 17 0.438914 5.06593 11.542
2 58 6 18 0.283975 4.61602 16.255
2 58 7 19 0.204451 4.36318 21.3409
2 58 8 20 0.153522 4.10726 26.7536
2 58 9 21 0.136082 4.41443 32.4396
2 58 10 22 0.107489 4.12092 38.3381
2 58 11 23 0.0928258 4.1197 44.381
2 58 12 24 0.081332 4.10671 50.4932
2 58 13 25 0.0715839 4.05118 56.5934
2 58 14 26 0.065293 4.087 62.5948
2 58 15 27 0.0622842 4.26064 68.4065
2 58 16 28 0.0555713 4.10871 73.9358
2 58 17 29 0.0531364 4.20252 79.0892
2 58 18 30 0.0492589 4.12671 83.7758
2 58 19 31 0.046266 4.06721 87.9092
2 58 20 32 0.0453766 4.1479 91.4105
2 58 21 33 0.0439698 4.14242 94.2106
2 58 22 34 0.043496 4.18662 96.2531
2 58 23 35 0.0432199 4.21376 97.4958
2 58 24 36 0.0428484 4.19541 97.913
2 58 25 37 0.0435179 4.24282 97.4958
2 58 26 38 0.0428364 4.12313 96.2531
2 58 27 39 0.0440866 4.15343 94.2106
2 58 28 40 0.0458248 4.18886 91.4105
2 58 29 41 0.0465839 4.09516 87.9092
2 58 30 42 0.0503685 4.21966 83.7758
2 58 31 43 0.0535344 4.234 79.0892
2 58 32 44 0.0551611 4.07838 73.9358
2 58 33 45 0.0598288 4.09268 68.4065
2 58 34 46 0.0657373 4.11481 62.5948
2 58 35 47 0.0720933 4.08 56.5934
2 58 36 48 0.0819362 4.13723 50.4932
2 58 37 49 0.0937344 4.16003 44.381
2 58 38 50 0.105357 4.03918 38.3381
2 58 39 51 0.12912 4.18861 32.4396
2 58 40 52 0.158119 4.23026 26.7536
2 58 41 53 0.213386 4.55385 21.3409
2 58 42 54 0.294755 4.79125 16.255
2 58 43 55 0.422914 4.88125 11.542
3 15 4 7 2.11185 8.4615 4.00667
3 15 5 8 0.704824 6.45828 9.16298
3 15 6 9 0.352779 4.98729 14.1372
3 15 7 10 0.291319 5.02466 17.248
3 15 8 11 0.301072 5.19288 17.248
3 15 9 12 0.457997 6.47478 14.1372
3 15 10 13 0.780864 7.15504 9.16298
3 15 11 14 2.17419 8.71125 4.00667
3 25 4 9 2.20026 8.14926 3.70377
3 25 5 10 0.736918 6.19325 8.40426
3 25 6 11 0.374139 5.17497 13.8317
3 25 7 12 0.235653 4.61963 19.6035
3 25 8 13 0.165867 4.18512 25.2317
3 25 9 14 0.15123 4.56098 30.1593
3 25 10 15 0.115234 3.89867 33.8325
3 25 11 16 0.11338 4.05876 35.7978
3 25 12 17 0.111927 4.00675 35.7978
3 25 13 18 0.124383 4.2082 33.8325
3 25 14 19 0.149036 4.49481 30.1593
3 25 15 20 0.181537 4.58048 25.2317
3 25 16 21 0.249337 4.88789 19.6035
3 25 17 22 0.381318 5.27427 13.8317
3 25 18 23 0.856457 7.19788 8.40426
3 25 19 24 2.39957 8.88748 3.70377
3 59 6 18 0.434178 5.01126 11.542
3 59 7 19 0.280067 4.55249 16.255
3 59 8 20 0.194698 4.15503 21.3409
3 59 9 21 0.167441 4.47966 26.7536
3 59 10 22 0.127409 4.1331 32.4396
3 59 11 23 0.107145 4.10772 38.3381
3 59 12 24 0.0920393 4.08479 44.381
3 59 13 25 0.0796772 4.02316 50.4932
3 59 14 26 0.0716407 4.05439 56.5934
3 59 15 27 0.0677322 4.23968 62.5948
3 59 16 28 0.0596588 4.08105 68.4065
3 59 17 29 0.0564732 4.17539 73.9358
3 59 18 30 0.0518233 4.09866 79.0892
3 59 19 31 0.0481378 4.03278 83.7758
3 59 20 32 0.0468532 4.11883 87.9092
3 59 21 33 0.0450155 4.11489 91.4105
3 59 22 34 0.0441573 4.16008 94.2106
3 59 23 35 0.0434472 4.18193 96.2531
3 59 24 36 0.0427299 4.16599 97.4958
3 59 25 37 0.043075 4.2176 97.913
3 59 26 38 0.0421068 4.10523 97.4958
3 59 27 39 0.0429882 4.13774 96.2531
3 59 28 40 0.0442896 4.17255 94.2106
3 59 29 41 0.0445906 4.07605 91.4105
3 59 30 42 0.0476754 4.19111 87.9092
3 59 31 43 0.0502534 4.21002 83.7758
3 59 32 44 0.051346 4.06091 79.0892
3 59 33 45 0.0551411 4.0769 73.9358
3 59 34 46 0.0598577 4.09465 68.4065
3 59 35 47 0.0646126 4.04441 62.5948
3 59 36 48 0.0723563 4.09489 56.5934
3 59 37 49 0.0813559 4.10792 50.4932
3 59 38 50 0.0900708 3.99743 44.381
3 59 39 51 0.107305 4.11385 38.3381
3 59 40 52 0.127216 4.12684 32.4396
3 59 41 53 0.163367 4.37066 26.7536
3 59 42 54 0.211271 4.50872 21.3409
3 59 43 55 0.278297 4.52372 16.255
3 59 44 56 0.390794 4.51052 11.542
4 16 5 8 2.06764 8.28435 4.00667
4 16 6 9 0.661507 6.06137 9.16298
4 16 7 10 0.373314 5.2776 14.1372
4 16 8 11 0.271151 4.6768 17.248
4 16 9 12 0.318569 5.49467 17.248
4 16 10 13 0.387603 5.47961 14.1372
4 16 11 14 0.629828 5.7711 9.16298
4 16 12 15 1.29847 5.20255 4.00667
4 26 5 10 2.15733 7.99025 3.70377
4 26 6 11 0.732312 6.15454 8.40426
4 26 7 12 0.37494 5.18605 13.8317
4 26 8 13 0.224115 4.39345 19.6035
4 26 9 14 0.190128 4.79724 25.2317
4 26 10 15 0.133541 4.0275 30.1593
4 26 11 16 0.121089 4.09676 33.8325
4 26 12 17 0.111331 3.98541 35.7978
4 26 13 18 0.11399 4.0806 35.7978
4 26 14 19 0.126322 4.27378 33.8325
4 26 15 20 0.144325 4.35274 30.1593
4 26 16 21 0.174465 4.40205 25.2317
4 26 17 22 0.232844 4.56456 19.6035
4 26 18 23 0.395967 5.47689 13.8317
4 26 19 24 0.704641 5.92199 8.40426
4 26 20 25 1.58844 5.88321 3.70377
4 60 7 19 0.436306 5.03582 11.542
4 60 8 20 0.266962 4.33947 16.255
4 60 9 21 0.21923 4.67858 21.3409
4 60 10 22 0.158274 4.2344 26.7536
4 60 11 23 0.128543 4.16987 32.4396
4 60 12 24 0.107618 4.12586 38.3381
4 60 13 25 0.0911426 4.045 44.381
4 60 14 26 0.0804651 4.06294 50.4932
4 60 15 27 0.0751672 4.25397 56.5934
4 60 16 28 0.0650198 4.0699 62.5948
4 60 17 29 0.0609203 4.16734 68.4065
4 60 18 30 0.055271 4.0865 73.9358
4 60 19 31 0.0507568 4.01431 79.0892
4 60 20 32 0.0489267 4.09888 83.7758
4 60 21 33 0.0466016 4.09671 87.9092
4 60 22 34 0.045361 4.14647 91.4105
4 60 23 35 0.0440967 4.15438 94.2106
4 60 24 36 0.0430191 4.14071 96.2531
4 60 25 37 0.0430034 4.19265 97.4958
4 60 26 38 0.0417302 4.08593 97.913
4 60 27 39 0.0422924 4.12333 97.4958
4 60 28 40 0.0431799 4.1562 96.2531
4 60 29 41 0.0430695 4.0576 94.2106
4 60 30 42 0.0456076 4.16901 91.4105
4 60 31 43 0.0476377 4.18779 87.9092
4 60 32 44 0.0482623 4.04322 83.7758
4 60 33 45 0.0512491 4.05325 79.0892
4 60 34 46 0.0550022 4.06663 73.9358
4 60 35 47 0.0585321 4.00398 68.4065
4 60 36 48 0.0645783 4.04226 62.5948
4 60 37 49 0.0714427 4.04319 56.5934
4 60 38 50 0.0779463 3.93576 50.4932
4 60 39 51 0.0906531 4.02327 44.381
4 60 40 52 0.104712 4.01447 38.3381
4 60 41 53 0.12937 4.19672 32.4396
4 60 42 54 0.159547 4.26845 26.7536
4 60 43 55 0.198639 4.23915 21.3409
4 60 44 56 0.25668 4.17234 16.255
4 60 45 57 0.423511 4.88815 11.542
5 17 6 9 2.02522 8.11439 4.00667
5 17 7 10 0.690467 6.32674 9.16298
5 17 8 11 0.343528 4.85652 14.1372
5 17 9 12 0.325783 5.6191 17.248
5 17 10 13 0.306663 5.2893 17.248
5 17 11 14 0.393359 5.56098 14.1372
5 17 12 15 0.582685 5.33913 9.16298
5 17 13 16 2.6297 10.5363 4.00667
5 27 6 11 2.1616 8.00609 3.70377
5 27 7 12 0.734925 6.1765 8.40426
5 27 8 13 0.341848 4.72833 13.8317
5 27 9 14 0.264734 5.18972 19.6035
5 27 10 15 0.168592 4.25387 25.2317
5 27 11 16 0.140675 4.24266 30.1593
5 27 12 17 0.121207 4.10074 33.8325
5 27 13 18 0.115788 4.14494 35.7978
5 27 14 19 0.120408 4.31034 35.7978
5 27 15 20 0.131462 4.44771 33.8325
5 27 16 21 0.14674 4.42558 30.1593
5 27 17 22 0.181867 4.5888 25.2317
5 27 18 23 0.27338 5.35921 19.6035
5 27 19 24 0.417727 5.77786 13.8317
5 27 20 25 0.720988 6.05937 8.40426
5 27 21 26 2.13018 7.88969 3.70377
5 61 8 20 0.400823 4.62628 11.542
5 61 9 21 0.307178 4.99318 16.255
5 61 10 22 0.205433 4.38414 21.3409
5 61 11 23 0.159772 4.27449 26.7536
5 61 12 24 0.129527 4.20181 32.4396
5 61 13 25 0.106762 4.09305 38.3381
5 61 14 26 0.092267 4.0949 44.381
5 61 15 27 0.0852099 4.30252 50.4932
5 61 16 28 0.0723027 4.09186 56.5934
5 61 17 29 0.0668332 4.1834 62.5948
5 61 18 30 0.0597825 4.08951 68.4065
5 61 19 31 0.0543202 4.0162 73.9358
5 61 20 32 0.0518625 4.10176 79.0892
5 61 21 33 0.0488891 4.09573 83.7758
5 61 22 34 0.0472265 4.15164 87.9092
5 61 23 35 0.0453386 4.14442 91.4105
5 61 24 36 0.0438526 4.13138 94.2106
5 61 25 37 0.0434668 4.18381 96.2531
5 61 26 38 0.0418653 4.08169 97.4958
5 61 27 39 0.0420976 4.12191 97.913
5 61 28 40 0.0426313 4.15638 97.4958
5 61 29 41 0.0421299 4.05513 96.2531
5 61 30 42 0.044195 4.16364 94.2106
5 61 31 43 0.0457472 4.18177 91.4105
5 61 32 44 0.0459683 4.04104 87.9092
5 61 33 45 0.048327 4.04863 83.7758
5 61 34 46 0.0513119 4.05822 79.0892
5 61 35 47 0.0539415 3.9882 73.9358
5 61 36 48 0.0587866 4.02138 68.4065
5 61 37 49 0.0640991 4.01227 62.5948
5 61 38 50 0.0691425 3.91301 56.5934
5 61 39 51 0.0788412 3.98095 50.4932
5 61 40 52 0.0891779 3.9578 44.381
5 61 41 53 0.106896 4.09818 38.3381
5 61 42 54 0.12696 4.11852 32.4396
5 61 43 55 0.151567 4.05497 26.7536
5 61 44 56 0.184952 3.94705 21.3409
5 61 45 57 0.265072 4.30874 16.255
5 61 46 58 0.406075 4.6869 11.542
6 18 7 10 2.13383 8.54954 4.00667
6 18 8 11 0.577504 5.29166 9.16298
6 18 9 12 0.423218 5.9831 14.1372
6 18 10 13 0.291477 5.02738 17.248
6 18 11 14 0.284264 4.90298 17.248
6 18 12 15 0.31456 4.44699 14.1372
6 18 13 16 0.737144 6.75443 9.16298
6 18 14 17 2.05617 8.23839 4.00667
6 28 7 12 2.24207 8.30411 3.70377
6 28 8 13 0.626071 5.26167 8.40426
6 28 9 14 0.420374 5.81448 13.8317
6 28 10 15 0.234422 4.5955 19.6035
6 28 11 16 0.1763 4.44836 25.2317
6 28 12 17 0.1408 4.24641 30.1593
6 28 13 18 0.124397 4.20866 33.8325
6 28 14 19 0.120337 4.30779 35.7978
6 28 15 20 0.125254 4.48383 35.7978
6 28 16 21 0.128973 4.36347 33.8325
6 28 17 22 0.148795 4.48755 30.1593
6 28 18 23 0.201444 5.08276 25.2317
6 28 19 24 0.276435 5.4191 19.6035
6 28 20 25 0.416005 5.75405 13.8317
6 28 21 26 0.840959 7.06764 8.40426
6 28 22 27 2.51185 9.30332 3.70377
6 62 9 21 0.479814 5.53799 11.542
6 62 10 22 0.286174 4.65175 16.255
6 62 11 23 0.208475 4.44905 21.3409
6 62 12 24 0.16191 4.33168 26.7536
6 62 13 25 0.128901 4.1815 32.4396
6 62 14 26 0.1084 4.15584 38.3381
6 62 15 27 0.0986264 4.37714 44.381
6 62 16 28 0.0819841 4.13964 50.4932
6 62 17 29 0.0745802 4.22075 56.5934
6 62 18 30 0.0656395 4.10869 62.5948
6 62 19 31 0.0589735 4.03418 68.4065
6 62 20 32 0.0557515 4.12203 73.9358
6 62 21 33 0.0520375 4.11561 79.0892
6 62 22 34 0.049815 4.17329 83.7758
6 62 23 35 0.0472851 4.1568 87.9092
6 62 24 36 0.0453566 4.14607 91.4105
6 62 25 37 0.0446067 4.20242 94.2106
6 62 26 38 0.0426704 4.10716 96.2531
6 62 27 39 0.0426141 4.1547 97.4958
6 62 28 40 0.0428193 4.19257 97.913
6 62 29 41 0.0420071 4.09552 97.4958
6 62 30 42 0.0436978 4.20605 96.2531
6 62 31 43 0.0449262 4.23252 94.2106
6 62 32 44 0.0448599 4.10067 91.4105
6 62 33 45 0.0468087 4.11492 87.9092
6 62 34 46 0.0493021 4.13032 83.7758
6 62 35 47 0.0513456 4.06088 79.0892
6 62 36 48 0.0554786 4.10185 73.9358
6 62 37 49 0.0599003 4.09757 68.4065
6 62 38 50 0.0640788 4.011 62.5948
6 62 39 51 0.0721785 4.08483 56.5934
6 62 40 52 0.0805272 4.06608 50.4932
6 62 41 53 0.0949054 4.212 44.381
6 62 42 54 0.110409 4.23287 38.3381
6 62 43 55 0.12891 4.1818 32.4396
6 62 44 56 0.153155 4.09744 26.7536
6 62 45 57 0.206961 4.41674 21.3409
6 62 46 58 0.291384 4.73644 16.255
6 62 47 59 0.452071 5.21778 11.542
7 19 8 11 1.40902 5.64549 4.00667
7 19 9 12 0.729734 6.68653 9.16298
7 19 10 13 0.363547 5.13952 14.1372
7 19 11 14 0.276311 4.76579 17.248
7 19 12 15 0.241962 4.17335 17.248
7 19 13 16 0.383176 5.41703 14.1372
7 19 14 17 0.68658 6.29111 9.16298
7 19 15 18 2.52046 10.0986 4.00667
7 29 8 13 1.51567 5.61371 3.70377
7 29 9 14 0.774166 6.5063 8.40426
7 29 10 15 0.354443 4.90255 13.8317
7 29 11 16 0.235867 4.62382 19.6035
7 29 12 17 0.172874 4.36189 25.2317
7 29 13 18 0.14007 4.22441 30.1593
7 29 14 19 0.125459 4.2446 33.8325
7 29 15 20 0.123916 4.4359 35.7978
7 29 16 21 0.11697 4.18728 35.7978
7 29 17 22 0.124916 4.22623 33.8325
7 29 18 23 0.151613 4.57254 30.1593
7 29 19 24 0.186925 4.71644 25.2317
7 29 20 25 0.249645 4.89393 19.6035
7 29 21 26 0.394599 5.45796 13.8317
7 29 22 27 0.733376 6.16349 8.40426
7 29 23 28 1.98289 7.34418 3.70377
7 63 10 22 0.424583 4.90052 11.542
7 63 11 23 0.283052 4.601 16.255
7 63 12 24 0.207751 4.4336 21.3409
7 63 13 25 0.158714 4.24618 26.7536
7 63 14 26 0.129311 4.19479 32.4396
7 63 15 27 0.115639 4.43337 38.3381
7 63 16 28 0.093931 4.16875 44.381
7 63 17 29 0.084015 4.24219 50.4932
7 63 18 30 0.072689 4.11372 56.5934
7 63 19 31 0.0644166 4.03214 62.5948
7 63 20 32 0.060194 4.11767 68.4065
7 63 21 33 0.0556455 4.11419 73.9358
7 63 22 34 0.0527734 4.1738 79.0892
7 63 23 35 0.0495355 4.14988 83.7758
7 63 24 36 0.0471184 4.14214 87.9092
7 63 25 37 0.0458877 4.19462 91.4105
7 63 26 38 0.0435078 4.09889 94.2106
7 63 27 39 0.0431456 4.15289 96.2531
7 63 28 40 0.0429854 4.1909 97.4958
7 63 29 41 0.041812 4.09394 97.913
7 63 30 42 0.0431198 4.204 97.4958
7 63 31 43 0.0439645 4.23172 96.2531
7 63 32 44 0.0436008 4.10766 94.2106
7 63 33 45 0.0450948 4.12214 91.4105
7 63 34 46 0.0470503 4.13616 87.9092
7 63 35 47 0.048444 4.05843 83.7758
7 63 36 48 0.0518406 4.10004 79.0892
7 63 37 49 0.0554059 4.09648 73.9358
7 63 38 50 0.0587743 4.02054 68.4065
7 63 39 51 0.0652996 4.08742 62.5948
7 63 40 52 0.0718426 4.06581 56.5934
7 63 41 53 0.0830974 4.19586 50.4932
7 63 42 54 0.0947041 4.20306 44.381
7 63 43 55 0.108255 4.1503 38.3381
7 63 44 56 0.125519 4.07178 32.4396
7 63 45 57 0.161692 4.32583 26.7536
7 63 46 58 0.213912 4.56508 21.3409
7 63 47 59 0.301399 4.89924 16.255
7 63 48 60 0.48162 5.55884 11.542
8 20 9 12 2.14748 8.60423 4.00667
8 20 10 13 0.620258 5.68341 9.16298
8 20 11 14 0.35587 5.03099 14.1372
8 20 12 15 0.250181 4.31512 17.248
8 20 13 16 0.283067 4.88232 17.248
8 20 14 17 0.371945 5.25825 14.1372
8 20 15 18 0.782457 7.16963 9.16298
8 20 16 19 2.15204 8.6225 4.00667
8 30 9 14 2.24959 8.33197 3.70377
8 30 10 15 0.650198 5.46443 8.40426
8 30 11 16 0.356637 4.93289 13.8317
8 30 12 17 0.233462 4.57669 19.6035
8 30 13 18 0.172027 4.34053 25.2317
8 30 14 19 0.142347 4.29308 30.1593
8 30 15 20 0.134053 4.53535 33.8325
8 30 16 21 0.116814 4.18168 35.7978
8 30 17 22 0.117759 4.21549 35.7978
8 30 18 23 0.131386 4.44514 33.8325
8 30 19 24 0.150043 4.52521 30.1593
8 30 20 25 0.185921 4.69109 25.2317
8 30 21 26 0.259771 5.09244 19.6035
8 30 22 27 0.400579 5.54068 13.8317
8 30 23 28 0.759936 6.3867 8.40426
8 30 24 29 2.63427 9.75674 3.70377
8 64 11 23 0.420494 4.85332 11.542
8 64 12 24 0.282465 4.59146 16.255
8 64 13 25 0.203098 4.3343 21.3409
8 64 14 26 0.158596 4.24302 26.7536
8 64 15 27 0.138821 4.50328 32.4396
8 64 16 28 0.109445 4.1959 38.3381
8 64 17 29 0.0960375 4.26224 44.381
8 64 18 30 0.0815681 4.11864 50.4932
8 64 19 31 0.0711763 4.02811 56.5934
8 64 20 32 0.0657014 4.11256 62.5948
8 64 21 33 0.0600262 4.10618 68.4065
8 64 22 34 0.0563275 4.16462 73.9358
8 64 23 35 0.0522246 4.1304 79.0892
8 64 24 36 0.0492314 4.1244 83.7758
8 64 25 37 0.0475472 4.17984 87.9092
8 64 26 38 0.0447667 4.09215 91.4105
8 64 27 39 0.0440613 4.15104 94.2106
8 64 28 40 0.0435702 4.19377 96.2531
8 64 29 41 0.0419969 4.09452 97.4958
8 64 30 42 0.0429331 4.20371 97.913
8 64 31 43 0.0434293 4.23417 97.4958
8 64 32 44 0.0427396 4.11381 96.2531
8 64 33 45 0.0438564 4.13174 94.2106
8 64 34 46 0.0453671 4.14702 91.4105
8 64 35 47 0.0462268 4.06376 87.9092
8 64 36 48 0.0490053 4.10546 83.7758
8 64 37 49 0.0518341 4.09952 79.0892
8 64 38 50 0.054562 4.03408 73.9358
8 64 39 51 0.0598766 4.09595 68.4065
8 64 40 52 0.0649662 4.06654 62.5948
8 64 41 53 0.073977 4.18661 56.5934
8 64 42 54 0.0827066 4.17612 50.4932
8 64 43 55 0.0927933 4.11826 44.381
8 64 44 56 0.105473 4.04365 38.3381
8 64 45 57 0.130809 4.24338 32.4396
8 64 46 58 0.165303 4.42245 26.7536
8 64 47 59 0.218164 4.65583 21.3409
8 64 48 60 0.314399 5.11056 16.255
8 64 49 61 0.47189 5.44654 11.542
9 21 10 13 1.30082 5.21194 4.00667
9 21 11 14 0.516306 4.7309 9.16298
9 21 12 15 0.292315 4.13251 14.1372
9 21 13 16 0.253939 4.37992 17.248
9 21 14 17 0.265053 4.57163 17.248
9 21 15 18 0.421198 5.95455 14.1372
9 21 16 19 0.722829 6.62327 9.16298
9 21 17 20 1.60616 6.43536 4.00667
9 31 10 15 1.36882 5.06979 3.70377
9 31 11 16 0.549114 4.6149 8.40426
9 31 12 17 0.310706 4.29758 13.8317
9 31 13 18 0.208229 4.08202 19.6035
9 31 14 19 0.160319 4.04511 25.2317
9 31 15 20 0.14496 4.37188 30.1593
9 31 16 21 0.119423 4.04038 33.8325
9 31 17 22 0.115476 4.13378 35.7978
9 31 18 23 0.118744 4.25077 35.7978
9 31 19 24 0.1273 4.30688 33.8325
9 31 20 25 0.148379 4.47502 30.1593
9 31 21 26 0.189344 4.77746 25.2317
9 31 22 27 0.258165 5.06094 19.6035
9 31 23 28 0.402291 5.56436 13.8317
9 31 24 29 0.891553 7.49284 8.40426
9 31 25 30 2.58163 9.56176 3.70377
10 22 11 14 2.17811 8.72695 4.00667
10 22 12 15 0.687537 6.29989 9.16298
10 22 13 16 0.378019 5.34412 14.1372
10 22 14 17 0.281552 4.85619 17.248
10 22 15 18 0.345664 5.962 17.248
10 22 16 19 0.444391 6.28243 14.1372
10 22 17 20 0.708211 6.48932 9.16298
10 22 18 21 2.52607 10.1211 4.00667
10 32 11 16 2.27902 8.44098 3.70377
10 32 12 17 0.759709 6.38479 8.40426
10 32 13 18 0.381836 5.28143 13.8317
10 32 14 19 0.24229 4.74974 19.6035
10 32 15 20 0.200182 5.05094 25.2317
10 32 16 21 0.146412 4.41568 30.1593
10 32 17 22 0.128473 4.34657 33.8325
10 32 18 23 0.120596 4.31706 35.7978
10 32 19 24 0.118489 4.24163 35.7978
10 32 20 25 0.128175 4.33648 33.8325
10 32 21 26 0.148738 4.48582 30.1593
10 32 22 27 0.181592 4.58186 25.2317
10 32 23 28 0.241415 4.7326 19.6035
10 32 24 29 0.405535 5.60923 13.8317
10 32 25 30 0.720725 6.05716 8.40426
10 32 26 31 1.56926 5.81217 3.70377
11 23 12 15 2.00456 8.0316 4.00667
11 23 13 16 0.680506 6.23546 9.16298
11 23 14 17 0.353766 5.00125 14.1372
11 23 15 18 0.332786 5.73987 17.248
11 23 16 19 0.306369 5.28423 17.248
11 23 17 20 0.365628 5.16895 14.1372
11 23 18 21 0.677991 6.21242 9.16298
11 23 19 22 1.7408 6.97481 4.00667
11 33 12 17 2.14995 7.96291 3.70377
11 33 13 18 0.736557 6.19021 8.40426
11 33 14 19 0.372945 5.15846 13.8317
11 33 15 20 0.281324 5.51494 19.6035
11 33 16 21 0.184555 4.65663 25.2317
11 33 17 22 0.150717 4.54553 30.1593
11 33 18 23 0.12968 4.38741 33.8325
11 33 19 24 0.118499 4.24199 35.7978
11 33 20 25 0.120665 4.31954 35.7978
11 33 21 26 0.13064 4.41989 33.8325
11 33 22 27 0.148476 4.47793 30.1593
11 33 23 28 0.179921 4.53971 25.2317
11 33 24 29 0.266755 5.22935 19.6035
11 33 25 30 0.404835 5.59955 13.8317
11 33 26 31 0.662031 5.56388 8.40426
11 33 27 32 1.66801 6.17792 3.70377
12 24 13 16 2.09214 8.38252 4.00667
12 24 14 17 0.623583 5.71388 9.16298
12 24 15 18 0.452503 6.39712 14.1372
12 24 16 19 0.308928 5.32838 17.248
12 24 17 20 0.296918 5.12123 17.248
12 24 18 21 0.385731 5.45314 14.1372
12 24 19 22 0.653307 5.98624 9.16298
12 24 20 23 2.43106 9.74044 4.00667
12 34 13 18 2.21308 8.19673 3.70377
12 34 14 19 0.69378 5.83071 8.40426
12 34 15 20 0.451567 6.24593 13.8317
12 34 16 21 0.256553 5.02935 19.6035
12 34 17 22 0.192823 4.86525 25.2317
12 34 18 23 0.150051 4.52542 30.1593
12 34 19 24 0.126479 4.27911 33.8325
12 34 20 25 0.121011 4.33194 35.7978
12 34 21 26 0.122344 4.37966 35.7978
12 34 22 27 0.130189 4.40463 33.8325
12 34 23 28 0.145367 4.38418 30.1593
12 34 24 29 0.19662 4.96107 25.2317
12 34 25 30 0.270661 5.30591 19.6035
12 34 26 31 0.39138 5.41343 13.8317
12 34 27 32 0.739606 6.21584 8.40426
12 34 28 33 2.47118 9.15269 3.70377
13 25 14 17 1.58187 6.33801 4.00667
13 25 15 18 0.801432 7.34351 9.16298
13 25 16 19 0.397105 5.61394 14.1372
13 25 17 20 0.308347 5.31835 17.248
13 25 18 21 0.292628 5.04724 17.248
13 25 19 22 0.365113 5.16166 14.1372
13 25 20 23 0.8155 7.47241 9.16298
13 25 21 24 2.28767 9.16593 4.00667
13 35 14 19 1.72135 6.37548 3.70377
13 35 15 20 0.848317 7.12948 8.40426
13 35 16 21 0.392801 5.4331 13.8317
13 35 17 22 0.266607 5.22645 19.6035
13 35 18 23 0.185542 4.68154 25.2317
13 35 19 24 0.142923 4.31045 30.1593
13 35 20 25 0.1265 4.2798 33.8325
13 35 21 26 0.117919 4.22125 35.7978
13 35 22 27 0.116117 4.15673 35.7978
13 35 23 28 0.116999 3.95839 33.8325
13 35 24 29 0.141414 4.26496 30.1593
13 35 25 30 0.173672 4.38205 25.2317
13 35 26 31 0.220041 4.31359 19.6035
13 35 27 32 0.331235 4.58154 13.8317
13 35 28 33 0.623978 5.24407 8.40426
13 35 29 34 1.50691 5.58124 3.70377
14 26 15 18 2.21698 8.88272 4.00667
14 26 16 19 0.6458 5.91745 9.16298
14 26 17 20 0.400576 5.66302 14.1372
14 26 18 21 0.281518 4.85561 17.248
14 26 19 22 0.261745 4.51457 17.248
14 26 20 23 0.398586 5.63488 14.1372
14 26 21 24 0.66315 6.07643 9.16298
14 26 22 25 1.4887 5.96474 4.00667
14 36 15 20 2.32476 8.6104 3.70377
14 36 16 21 0.686755 5.77166 8.40426
14 36 17 22 0.404908 5.60055 13.8317
14 36 18 23 0.247694 4.85568 19.6035
14 36 19 24 0.174635 4.40633 25.2317
14 36 20 25 0.144107 4.34618 30.1593
14 36 21 26 0.126078 4.26554 33.8325
14 36 22 27 0.117444 4.20425 35.7978
14 36 23 28 0.110341 3.94995 35.7978
14 36 24 29 0.124339 4.2067 33.8325
14 36 25 30 0.142964 4.3117 30.1593
14 36 26 31 0.169114 4.26703 25.2317
14 36 27 32 0.231679 4.54173 19.6035
14 36 28 33 0.367098 5.07758 13.8317
14 36 29 34 0.681822 5.73021 8.40426
14 36 30 35 2.88655 10.6911 3.70377
15 27 16 19 1.35477 5.42812 4.00667
15 27 17 20 0.620854 5.68888 9.16298
15 27 18 21 0.337036 4.76473 14.1372
15 27 19 22 0.253316 4.36918 17.248
15 27 20 23 0.307024 5.29554 17.248
15 27 21 24 0.409157 5.78432 14.1372
15 27 22 25 0.669317 6.13294 9.16298
15 27 23 26 1.98802 7.96535 4.00667
15 37 16 21 1.43685 5.32177 3.70377
15 37 17 22 0.655419 5.50831 8.40426
15 37 18 23 0.337457 4.6676 13.8317
15 37 19 24 0.21529 4.22044 19.6035
15 37 20 25 0.164984 4.16282 25.2317
15 37 21 26 0.135492 4.08633 30.1593
15 37 22 27 0.119743 4.05122 33.8325
15 37 23 28 0.104859 3.75371 35.7978
15 37 24 29 0.110068 3.9402 35.7978
15 37 25 30 0.11807 3.99461 33.8325
15 37 26 31 0.129731 3.91258 30.1593
15 37 27 32 0.161719 4.08043 25.2317
15 37 28 33 0.219301 4.29908 19.6035
15 37 29 34 0.331898 4.5907 13.8317
15 37 30 35 0.798843 6.71368 8.40426
15 37 31 36 2.10681 7.80313 3.70377
16 28 17 20 2.64439 10.5952 4.00667
16 28 18 21 0.745326 6.82941 9.16298
16 28 19 22 0.380283 5.37612 14.1372
16 28 20 23 0.319209 5.5057 17.248
16 28 21 24 0.324129 5.59057 17.248
16 28 22 25 0.416927 5.89417 14.1372
16 28 23 26 0.769832 7.05396 9.16298
16 28 24 27 2.36669 9.48253 4.00667
16 38 17 22 2.75285 10.1959 3.70377
16 38 18 23 0.799829 6.72197 8.40426
16 38 19 24 0.394874 5.46177 13.8317
16 38 20 25 0.253956 4.97843 19.6035
16 38 21 26 0.184988 4.66756 25.2317
16 38 22 27 0.150429 4.53682 30.1593
16 38 23 28 0.119575 4.04552 33.8325
16 38 24 29 0.115889 4.14858 35.7978
16 38 25 30 0.116 4.15254 35.7978
16 38 26 31 0.119453 4.04141 33.8325
16 38 27 32 0.13933 4.2021 30.1593
16 38 28 33 0.172366 4.34909 25.2317
16 38 29 34 0.231338 4.53505 19.6035
16 38 30 35 0.431797 5.97247 13.8317
16 38 31 36 0.783076 6.58117 8.40426
16 38 32 37 1.99269 7.38048 3.70377
17 29 18 21 2.03629 8.15875 4.00667
17 29 19 22 0.667607 6.11727 9.16298
17 29 20 23 0.390326 5.5181 14.1372
17 29 21 24 0.29996 5.17369 17.248
17 29 22 25 0.301502 5.2003 17.248
17 29 23 26 0.378336 5.34859 14.1372
17 29 24 27 0.66744 6.11574 9.16298
17 29 25 28 1.87082 7.49575 4.00667
17 39 18 23 2.15203 7.97061 3.70377
17 39 19 24 0.732253 6.15405 8.40426
17 39 20 25 0.383572 5.30545 13.8317
17 39 21 26 0.247962 4.86093 19.6035
17 39 22 27 0.186797 4.71321 25.2317
17 39 23 28 0.136463 4.11563 30.1593
17 39 24 29 0.12302 4.16209 33.8325
17 39 25 30 0.115611 4.13863 35.7978
17 39 26 31 0.112072 4.01192 35.7978
17 39 27 32 0.12338 4.17427 33.8325
17 39 28 33 0.141556 4.26921 30.1593
17 39 29 34 0.173381 4.37469 25.2317
17 39 30 35 0.278263 5.45493 19.6035
17 39 31 36 0.422587 5.84509 13.8317
17 39 32 37 0.77072 6.47733 8.40426
17 39 33 38 1.70519 6.31562 3.70377
18 30 19 22 2.43422 9.75313 4.00667
18 30 20 23 0.758902 6.9538 9.16298
18 30 21 24 0.413667 5.84808 14.1372
18 30 22 25 0.326095 5.62448 17.248
18 30 23 26 0.298107 5.14174 17.248
18 30 24 27 0.385245 5.44627 14.1372
18 30 25 28 0.711265 6.5173 9.16298
18 30 26 29 2.52286 10.1082 4.00667
18 40 19 24 2.58012 9.55619 3.70377
18 40 20 25 0.803637 6.75397 8.40426
18 40 21 26 0.413023 5.71281 13.8317
18 40 22 27 0.276702 5.42433 19.6035
18 40 23 28 0.17829 4.49855 25.2317
18 40 24 29 0.145544 4.38952 30.1593
18 40 25 30 0.126015 4.2634 33.8325
18 40 26 31 0.113171 4.05126 35.7978
18 40 27 32 0.116634 4.17523 35.7978
18 40 28 33 0.123753 4.18688 33.8325
18 40 29 34 0.138106 4.16517 30.1593
18 40 30 35 0.196011 4.94569 25.2317
18 40 31 36 0.263292 5.16145 19.6035
18 40 32 37 0.40305 5.57485 13.8317
18 40 33 38 0.639095 5.37112 8.40426
18 40 34 39 2.05283 7.60322 3.70377
19 31 20 23 2.15026 8.61538 4.00667
19 31 21 24 0.7282 6.67248 9.16298
19 31 22 25 0.44919 6.35028 14.1372
19 31 23 26 0.302657 5.22022 17.248
19 31 24 27 0.29596 5.10471 17.248
19 31 25 28 0.399495 5.64773 14.1372
19 31 26 29 0.838127 7.67974 9.16298
19 31 27 30 2.46169 9.86317 4.00667
19 41 20 25 2.2612 8.37496 3.70377
19 41 21 26 0.778647 6.54395 8.40426
19 41 22 27 0.448377 6.20181 13.8317
19 41 23 28 0.250365 4.90805 19.6035
19 41 24 29 0.18595 4.69182 25.2317
19 41 25 30 0.14793 4.46148 30.1593
19 41 26 31 0.123294 4.17136 33.8325
19 41 27 32 0.119748 4.28672 35.7978
19 41 28 33 0.118916 4.25694 35.7978
19 41 29 34 0.123046 4.16294 33.8325
19 41 30 35 0.159288 4.80401 30.1593
19 41 31 36 0.197112 4.97347 25.2317
19 41 32 37 0.272656 5.34502 19.6035
19 41 33 38 0.375874 5.19896 13.8317
19 41 34 39 0.792234 6.65814 8.40426
19 41 35 40 2.57656 9.543 3.70377
20 32 21 24 1.61854 6.48495 4.00667
20 32 22 25 0.722503 6.62028 9.16298
20 32 23 26 0.361401 5.10918 14.1372
20 32 24 27 0.27465 4.73715 17.248
20 32 25 28 0.278772 4.80824 17.248
20 32 26 29 0.395769 5.59506 14.1372
20 32 27 30 0.673694 6.17304 9.16298
20 32 28 31 1.46333 5.86307 4.00667
20 42 21 26 1.7241 6.38568 3.70377
20 42 22 27 0.763602 6.41751 8.40426
20 42 23 28 0.355371 4.91538 13.8317
20 42 24 29 0.237731 4.66037 19.6035
20 42 25 30 0.174592 4.40526 25.2317
20 42 26 31 0.135019 4.07206 30.1593
20 42 27 32 0.123859 4.19046 33.8325
20 42 28 33 0.11516 4.12248 35.7978
20 42 29 34 0.110068 3.94018 35.7978
20 42 30 35 0.129695 4.38792 33.8325
20 42 31 36 0.147425 4.44623 30.1593
20 42 32 37 0.184213 4.64801 25.2317
20 42 33 38 0.226137 4.43309 19.6035
20 42 34 39 0.365116 5.05017 13.8317
20 42 35 40 0.739874 6.21809 8.40426
20 42 36 41 2.03055 7.5207 3.70377
21 33 22 25 2.59189 10.3848 4.00667
21 33 23 26 0.690156 6.32388 9.16298
21 33 24 27 0.381344 5.39112 14.1372
21 33 25 28 0.288157 4.97013 17.248
21 33 26 29 0.302753 5.22187 17.248
21 33 27 30 0.403719 5.70744 14.1372
21 33 28 31 0.616215 5.64637 9.16298
21 33 29 32 1.53369 6.14499 4.00667
21 43 22 27 2.69942 9.99804 3.70377
21 43 23 28 0.726101 6.10234 8.40426
21 43 24 29 0.390384 5.39966 13.8317
21 43 25 30 0.248076 4.86317 19.6035
21 43 26 31 0.170669 4.30626 25.2317
21 43 27 32 0.145449 4.38665 30.1593
21 43 28 33 0.125783 4.25555 33.8325
21 43 29 34 0.110551 3.95748 35.7978
21 43 30 35 0.119416 4.27482 35.7978
21 43 31 36 0.125876 4.2587 33.8325
21 43 32 37 0.143962 4.3418 30.1593
21 43 33 38 0.161702 4.08001 25.2317
21 43 34 39 0.218134 4.2762 19.6035
21 43 35 40 0.334964 4.63311 13.8317
21 43 36 41 0.582995 4.89964 8.40426
21 43 37 42 1.9392 7.18237 3.70377
22 34 23 26 1.77569 7.1146 4.00667
22 34 24 27 0.66071 6.05407 9.16298
22 34 25 28 0.37338 5.27854 14.1372
22 34 26 29 0.290696 5.01392 17.248
22 34 27 30 0.315236 5.43718 17.248
22 34 28 31 0.390296 5.51767 14.1372
22 34 29 32 0.670366 6.14255 9.16298
22 34 30 33 2.33861 9.37005 4.00667
22 44 23 28 1.86228 6.89746 3.70377
22 44 24 29 0.714864 6.00791 8.40426
22 44 25 30 0.380885 5.26828 13.8317
22 44 26 31 0.229448 4.49799 19.6035
22 44 27 32 0.181835 4.588 25.2317
22 44 28 33 0.147291 4.44219 30.1593
22 44 29 34 0.120565 4.07901 33.8325
22 44 30 35 0.121948 4.36547 35.7978
22 44 31 36 0.121842 4.36169 35.7978
22 44 32 37 0.131482 4.44836 33.8325
22 44 33 38 0.140448 4.23582 30.1593
22 44 34 39 0.174669 4.40718 25.2317
22 44 35 40 0.239082 4.68685 19.6035
22 44 36 41 0.358818 4.96305 13.8317
22 44 37 42 0.795114 6.68234 8.40426
22 44 38 43 2.2954 8.50163 3.70377
23 35 24 27 2.36851 9.48985 4.00667
23 35 25 28 0.777534 7.12453 9.16298
23 35 26 29 0.382061 5.40126 14.1372
23 35 27 30 0.308329 5.31804 17.248
23 35 28 31 0.28545 4.92344 17.248
23 35 29 32 0.327441 4.62909 14.1372
23 35 30 33 0.577206 5.28893 9.16298
23 35 31 34 1.42371 5.70434 4.00667
23 45 24 29 2.50405 9.27444 3.70377
23 45 25 30 0.850099 7.14446 8.40426
23 45 26 31 0.388383 5.37198 13.8317
23 45 27 32 0.271789 5.32802 19.6035
23 45 28 33 0.199135 5.02452 25.2317
23 45 29 34 0.146591 4.42108 30.1593
23 45 30 35 0.135448 4.58253 33.8325
23 45 31 36 0.125488 4.49218 35.7978
23 45 32 37 0.125206 4.48208 35.7978
23 45 33 38 0.125768 4.25507 33.8325
23 45 34 39 0.143367 4.32385 30.1593
23 45 35 40 0.175349 4.42436 25.2317
23 45 36 41 0.23539 4.61447 19.6035
23 45 37 42 0.415324 5.74462 13.8317
23 45 38 43 0.800317 6.72607 8.40426
23 45 39 44 1.95063 7.22467 3.70377
24 36 25 28 2.22946 8.93271 4.00667
24 36 26 29 0.644774 5.90805 9.16298
24 36 27 30 0.410044 5.79686 14.1372
24 36 28 31 0.308157 5.31509 17.248
24 36 29 32 0.274624 4.73671 17.248
24 36 30 33 0.363366 5.13696 14.1372
24 36 31 34 0.64637 5.92268 9.16298
24 36 32 35 2.79702 11.2068 4.00667
24 46 25 30 2.36781 8.76984 3.70377
24 46 26 31 0.694175 5.83403 8.40426
24 46 27 32 0.416952 5.76715 13.8317
24 46 28 33 0.275173 5.39436 19.6035
24 46 29 34 0.182896 4.61478 25.2317
24 46 30 35 0.155207 4.68092 30.1593
24 46 31 36 0.134258 4.5423 33.8325
24 46 32 37 0.124505 4.45699 35.7978
24 46 33 38 0.118123 4.22855 35.7978
24 46 34 39 0.124702 4.219 33.8325
24 46 35 40 0.137859 4.15774 30.1593
24 46 36 41 0.168865 4.26074 25.2317
24 46 37 42 0.253569 4.97086 19.6035
24 46 38 43 0.398914 5.51764 13.8317
24 46 39 44 0.655901 5.51237 8.40426
24 46 40 45 2.32541 8.61277 3.70377
25 37 26 29 1.46818 5.8825 4.00667
25 37 27 30 0.664632 6.09001 9.16298
25 37 28 31 0.398075 5.62766 14.1372
25 37 29 32 0.269451 4.64748 17.248
25 37 30 33 0.264329 4.55913 17.248
25 37 31 34 0.341437 4.82695 14.1372
25 37 32 35 0.769058 7.04686 9.16298
25 37 33 36 2.01766 8.08408 4.00667
25 47 26 31 1.57541 5.83497 3.70377
25 47 27 32 0.718868 6.04156 8.40426
25 47 28 33 0.412679 5.70804 13.8317
25 47 29 34 0.243024 4.76412 19.6035
25 47 30 35 0.188934 4.76714 25.2317
25 47 31 36 0.152419 4.59684 30.1593
25 47 32 37 0.131422 4.44634 33.8325
25 47 33 38 0.118068 4.22658 35.7978
25 47 34 39 0.116437 4.16818 35.7978
25 47 35 40 0.117739 3.98339 33.8325
25 47 36 41 0.133724 4.03303 30.1593
25 47 37 42 0.1783 4.49882 25.2317
25 47 38 43 0.247421 4.85033 19.6035
25 47 39 44 0.335125 4.63534 13.8317
25 47 40 45 0.678946 5.70604 8.40426
25 47 41 46 1.98909 7.36713 3.70377
26 38 27 30 2.01374 8.06839 4.00667
26 38 28 31 0.778699 7.1352 9.16298
26 38 29 32 0.376868 5.32784 14.1372
26 38 30 33 0.286578 4.94289 17.248
26 38 31 34 0.285312 4.92105 17.248
26 38 32 35 0.439613 6.21488 14.1372
26 38 33 36 0.744019 6.81743 9.16298
26 38 34 37 1.89345 7.58642 4.00667
26 48 27 32 2.13271 7.89907 3.70377
26 48 28 33 0.836572 7.03077 8.40426
26 48 29 34 0.38711 5.35438 13.8317
26 48 30 35 0.263572 5.16694 19.6035
26 48 31 36 0.193156 4.87365 25.2317
26 48 32 37 0.152042 4.58547 30.1593
26 48 33 38 0.128592 4.35059 33.8325
26 48 34 39 0.118418 4.23909 35.7978
26 48 35 40 0.10979 3.93023 35.7978
26 48 36 41 0.116738 3.94955 33.8325
26 48 37 42 0.141594 4.27038 30.1593
26 48 38 43 0.180722 4.55992 25.2317
26 48 39 44 0.220243 4.31754 19.6035
26 48 40 45 0.351596 4.86316 13.8317
26 48 41 46 0.684757 5.75488 8.40426
26 48 42 47 2.2011 8.15238 3.70377
27 39 28 31 2.38234 9.54523 4.00667
27 39 29 32 0.675328 6.18802 9.16298
27 39 30 33 0.386543 5.46462 14.1372
27 39 31 34 0.294813 5.08492 17.248
27 39 32 35 0.329218 5.67834 17.248
27 39 33 36 0.425719 6.01846 14.1372
27 39 34 37 0.728701 6.67707 9.16298
27 39 35 38 1.55148 6.21625 4.00667
27 49 28 33 2.50291 9.27019 3.70377
27 49 29 34 0.724803 6.09143 8.40426
27 49 30 35 0.406236 5.61893 13.8317
27 49 31 36 0.262685 5.14956 19.6035
27 49 32 37 0.185662 4.68457 25.2317
27 49 33 38 0.147177 4.43874 30.1593
27 49 34 39 0.126887 4.2929 33.8325
27 49 35 40 0.10802 3.86686 35.7978
27 49 36 41 0.107927 3.86354 35.7978
27 49 37 42 0.120067 4.06218 33.8325
27 49 38 43 0.142648 4.30216 30.1593
27 49 39 44 0.160183 4.04169 25.2317
27 49 40 45 0.217291 4.25968 19.6035
27 49 41 46 0.335818 4.64492 13.8317
27 49 42 47 0.643431 5.40756 8.40426
27 49 43 48 1.84988 6.85155 3.70377
28 40 29 32 1.85277 7.42345 4.00667
28 40 30 33 0.706154 6.47047 9.16298
28 40 31 34 0.39503 5.5846 14.1372
28 40 32 35 0.312766 5.39458 17.248
28 40 33 36 0.314786 5.42942 17.248
28 40 34 37 0.409985 5.79603 14.1372
28 40 35 38 0.563243 5.16098 9.16298
28 40 36 39 1.92012 7.6933 4.00667
28 50 29 34 1.95902 7.25577 3.70377
28 50 30 35 0.774203 6.50661 8.40426
28 50 31 36 0.413695 5.72209 13.8317
28 50 32 37 0.253002 4.95974 19.6035
28 50 33 38 0.18599 4.69284 25.2317
28 50 34 39 0.149968 4.52293 30.1593
28 50 35 40 0.117444 3.97344 33.8325
28 50 36 41 0.110934 3.97117 35.7978
28 50 37 42 0.115041 4.11822 35.7978
28 50 38 43 0.129935 4.39602 33.8325
28 50 39 44 0.138686 4.18268 30.1593
28 50 40 45 0.172975 4.36444 25.2317
28 50 41 46 0.24125 4.72936 19.6035
28 50 42 47 0.380726 5.26608 13.8317
28 50 43 48 0.748892 6.29388 8.40426
28 50 44 49 2.16279 8.01048 3.70377
29 41 30 33 2.5409 10.1805 4.00667
29 41 31 34 0.82722 7.5798 9.16298
29 41 32 35 0.423243 5.98345 14.1372
29 41 33 36 0.329725 5.68708 17.248
29 41 34 37 0.337208 5.81616 17.248
29 41 35 38 0.350262 4.95171 14.1372
29 41 36 39 0.72396 6.63363 9.16298
29 41 37 40 2.45293 9.82807 4.00667
29 51 30 35 2.68544 9.94624 3.70377
29 51 31 36 0.899472 7.55939 8.40426
29 51 32 37 0.414875 5.73842 13.8317
29 51 33 38 0.270531 5.30336 19.6035
29 51 34 39 0.198544 5.00961 25.2317
29 51 35 40 0.138694 4.1829 30.1593
29 51 36 41 0.12182 4.12147 33.8325
29 51 37 42 0.115204 4.12405 35.7978
29 51 38 43 0.122022 4.36812 35.7978
29 51 39 44 0.12266 4.1499 33.8325
29 51 40 45 0.140097 4.22522 30.1593
29 51 41 46 0.177955 4.4901 25.2317
29 51 42 47 0.243731 4.77799 19.6035
29 51 43 48 0.390774 5.40505 13.8317
29 51 44 49 0.757828 6.36898 8.40426
29 51 45 50 1.74481 6.46237 3.70377
30 42 31 34 2.41277 9.66716 4.00667
30 42 32 35 0.685237 6.27881 9.16298
30 42 33 36 0.408771 5.77886 14.1372
30 42 34 37 0.327443 5.64772 17.248
30 42 35 38 0.251395 4.33606 17.248
30 42 36 39 0.351679 4.97174 14.1372
30 42 37 40 0.686759 6.29276 9.16298
30 42 38 41 1.94047 7.77482 4.00667
30 52 31 36 2.55647 9.4686 3.70377
30 52 32 37 0.728098 6.11913 8.40426
30 52 33 38 0.407723 5.63949 13.8317
30 52 34 39 0.272642 5.34475 19.6035
30 52 35 40 0.169888 4.28657 25.2317
30 52 36 41 0.139742 4.21452 30.1593
30 52 37 42 0.121236 4.10172 33.8325
30 52 38 43 0.12138 4.34515 35.7978
30 52 39 44 0.115708 4.14211 35.7978
30 52 40 45 0.122824 4.15545 33.8325
30 52 41 46 0.144788 4.36669 30.1593
30 52 42 47 0.179122 4.51956 25.2317
30 52 43 48 0.252413 4.94818 19.6035
30 52 44 49 0.408889 5.65562 13.8317
30 52 45 50 0.678617 5.70328 8.40426
30 52 46 51 2.56434 9.49773 3.70377
31 43 32 35 1.49139 5.97549 4.00667
31 43 33 36 0.628941 5.76297 9.16298
31 43 34 37 0.406453 5.74609 14.1372
31 43 35 38 0.240727 4.15205 17.248
31 43 36 39 0.248094 4.27911 17.248
31 43 37 40 0.324609 4.58905 14.1372
31 43 38 41 0.55024 5.04183 9.16298
31 43 39 42 1.85956 7.45063 4.00667
31 53 32 37 1.58649 5.876 3.70377
31 53 33 38 0.671056 5.63973 8.40426
31 53 34 39 0.397956 5.5044 13.8317
31 53 35 40 0.218479 4.28297 19.6035
31 53 36 41 0.16744 4.22478 25.2317
31 53 37 42 0.133056 4.01289 30.1593
31 53 38 43 0.125395 4.24244 33.8325
31 53 39 44 0.113195 4.05213 35.7978
31 53 40 45 0.111625 3.99593 35.7978
31 53 41 46 0.122258 4.13629 33.8325
31 53 42 47 0.137136 4.13592 30.1593
31 53 43 48 0.172643 4.35607 25.2317
31 53 44 49 0.243954 4.78236 19.6035
31 53 45 50 0.331772 4.58896 13.8317
31 53 46 51 0.704376 5.91976 8.40426
31 53 47 52 1.86507 6.90778 3.70377
32 44 33 36 1.58139 6.33613 4.00667
32 44 34 37 0.722754 6.62258 9.16298
32 44 35 38 0.317062 4.48236 14.1372
32 44 36 39 0.262634 4.5299 17.248
32 44 37 40 0.264225 4.55733 17.248
32 44 38 41 0.358005 5.06118 14.1372
32 44 39 42 0.758559 6.95066 9.16298
32 44 40 43 2.17988 8.73405 4.00667
32 54 33 38 1.67687 6.21075 3.70377
32 54 34 39 0.747589 6.28294 8.40426
32 54 35 40 0.326567 4.51697 13.8317
32 54 36 41 0.227019 4.45038 19.6035
32 54 37 42 0.161476 4.07431 25.2317
32 54 38 43 0.14193 4.2805 30.1593
32 54 39 44 0.121019 4.09437 33.8325
32 54 40 45 0.111245 3.98232 35.7978
32 54 41 46 0.114135 4.08579 35.7978
32 54 42 47 0.118071 3.99463 33.8325
32 54 43 48 0.13657 4.11886 30.1593
32 54 44 49 0.176785 4.46059 25.2317
32 54 45 50 0.215555 4.22565 19.6035
32 54 46 51 0.356991 4.93778 13.8317
32 54 47 52 0.652998 5.48797 8.40426
32 54 48 53 2.15364 7.97659 3.70377
33 45 34 37 2.43523 9.75717 4.00667
33 45 35 38 0.570618 5.22856 9.16298
33 45 36 39 0.355218 5.02178 14.1372
33 45 37 40 0.257313 4.43812 17.248
33 45 38 41 0.275291 4.74822 17.248
33 45 39 42 0.420115 5.93923 14.1372
33 45 40 43 0.74629 6.83824 9.16298
33 45 41 44 1.84222 7.38117 4.00667
33 55 34 39 2.51227 9.30488 3.70377
33 55 35 40 0.62065 5.21611 8.40426
33 55 36 41 0.362785 5.01792 13.8317
33 55 37 42 0.219265 4.29838 19.6035
33 55 38 43 0.175978 4.44022 25.2317
33 55 39 44 0.140283 4.23084 30.1593
33 55 40 45 0.119994 4.0597 33.8325
33 55 41 46 0.115421 4.1318 35.7978
33 55 42 47 0.110803 3.96651 35.7978
33 55 43 48 0.119239 4.03414 33.8325
33 55 44 49 0.144253 4.35056 30.1593
33 55 45 50 0.162759 4.10668 25.2317
33 55 46 51 0.230865 4.52577 19.6035
33 55 47 52 0.344135 4.75996 13.8317
33 55 48 53 0.704283 5.91898 8.40426
33 55 49 54 1.92507 7.13001 3.70377
34 46 35 38 1.41054 5.65159 4.00667
34 46 36 39 0.630936 5.78125 9.16298
34 46 37 40 0.325122 4.5963 14.1372
34 46 38 41 0.270065 4.65807 17.248
34 46 39 42 0.304815 5.25743 17.248
34 46 40 43 0.393172 5.55834 14.1372
34 46 41 44 0.610043 5.58981 9.16298
34 46 42 45 2.19669 8.80143 4.00667
34 56 35 40 1.51787 5.62185 3.70377
34 56 36 41 0.68278 5.73826 8.40426
34 56 37 42 0.335695 4.64323 13.8317
34 56 38 43 0.240259 4.70992 19.6035
34 56 39 44 0.176997 4.46592 25.2317
34 56 40 45 0.139914 4.2197 30.1593
34 56 41 46 0.126286 4.27258 33.8325
34 56 42 47 0.112787 4.03752 35.7978
34 56 43 48 0.113665 4.06895 35.7978
34 56 44 49 0.130352 4.41013 33.8325
34 56 45 50 0.139098 4.19509 30.1593
34 56 46 51 0.180023 4.54229 25.2317
34 56 47 52 0.241828 4.74068 19.6035
34 56 48 53 0.407168 5.63182 13.8317
34 56 49 54 0.780605 6.56041 8.40426
34 56 50 55 1.99379 7.38455 3.70377
35 47 36 39 2.74868 11.0131 4.00667
35 47 37 40 0.725079 6.64388 9.16298
35 47 38 41 0.407558 5.76172 14.1372
35 47 39 42 0.324496 5.59689 17.248
35 47 40 43 0.304356 5.24952 17.248
35 47 41 44 0.343998 4.86315 14.1372
35 47 42 45 0.623374 5.71196 9.16298
35 47 43 46 1.86918 7.4892 4.00667
35 57 36 41 2.88293 10.6777 3.70377
35 57 37 42 0.792568 6.66095 8.40426
35 57 38 43 0.433518 5.99627 13.8317
35 57 39 44 0.274619 5.3835 19.6035
35 57 40 45 0.190743 4.81277 25.2317
35 57 41 46 0.156201 4.7109 30.1593
35 57 42 47 0.125449 4.24426 33.8325
35 57 43 48 0.11526 4.12605 35.7978
35 57 44 49 0.123284 4.4133 35.7978
35 57 45 50 0.122769 4.15359 33.8325
35 57 46 51 0.143761 4.33573 30.1593
35 57 47 52 0.174758 4.40943 25.2317
35 57 48 53 0.253354 4.96664 19.6035
35 57 49 54 0.395796 5.47452 13.8317
35 57 50 55 0.688697 5.78799 8.40426
35 57 51 56 1.61476 5.98069 3.70377
36 48 37 40 1.96355 7.86729 4.00667
36 48 38 41 0.709051 6.49702 9.16298
36 48 39 42 0.420282 5.9416 14.1372
36 48 40 43 0.306281 5.28273 17.248
36 48 41 44 0.276627 4.77126 17.248
36 48 42 45 0.340583 4.81488 14.1372
36 48 43 46 0.625104 5.72781 9.16298
36 48 44 47 2.12213 8.50266 4.00667
36 58 37 42 2.09321 7.75276 3.70377
36 58 38 43 0.782584 6.57704 8.40426
36 58 39 44 0.416884 5.7662 13.8317
36 58 40 45 0.256815 5.03449 19.6035
36 58 41 46 0.193248 4.87596 25.2317
36 58 42 47 0.141804 4.27672 30.1593
36 58 43 48 0.120469 4.07578 33.8325
36 58 44 49 0.121662 4.35522 35.7978
36 58 45 50 0.114403 4.09538 35.7978
36 58 46 51 0.123675 4.18422 33.8325
36 58 47 52 0.138965 4.1911 30.1593
36 58 48 53 0.181144 4.57057 25.2317
36 58 49 54 0.249022 4.88171 19.6035
36 58 50 55 0.366918 5.0751 13.8317
36 58 51 56 0.60576 5.09097 8.40426
36 58 52 57 2.14757 7.9541 3.70377
37 49 38 41 1.84493 7.39203 4.00667
37 49 39 42 0.718938 6.58761 9.16298
37 49 40 43 0.398165 5.62892 14.1372
37 49 41 44 0.290728 5.01446 17.248
37 49 42 45 0.254764 4.39416 17.248
37 49 43 46 0.321792 4.54923 14.1372
37 49 44 47 0.618606 5.66828 9.16298
37 49 45 48 1.76934 7.08916 4.00667
37 59 38 43 1.98917 7.36745 3.70377
37 59 39 44 0.762151 6.40531 8.40426
37 59 40 45 0.394382 5.45497 13.8317
37 59 41 46 0.26765 5.24688 19.6035
37 59 42 47 0.177333 4.47441 25.2317
37 59 43 48 0.137316 4.14135 30.1593
37 59 44 49 0.13045 4.41344 33.8325
37 59 45 50 0.115566 4.13699 35.7978
37 59 46 51 0.115735 4.14306 35.7978
37 59 47 52 0.120984 4.09318 33.8325
37 59 48 53 0.144381 4.35442 30.1593
37 59 49 54 0.180213 4.54709 25.2317
37 59 50 55 0.239046 4.68615 19.6035
37 59 51 56 0.330264 4.5681 13.8317
37 59 52 57 0.720649 6.05653 8.40426
37 59 53 58 2.15526 7.98258 3.70377
38 50 39 42 1.62029 6.49195 4.00667
38 50 40 43 0.613327 5.6199 9.16298
38 50 41 44 0.369524 5.22402 14.1372
38 50 42 45 0.256065 4.41659 17.248
38 50 43 46 0.257255 4.43712 17.248
38 50 44 47 0.384484 5.43552 14.1372
38 50 45 48 0.709422 6.50042 9.16298
38 50 46 49 2.05037 8.21516 4.00667
38 60 39 44 1.70602 6.31871 3.70377
38 60 40 45 0.637802 5.36026 8.40426
38 60 41 46 0.376184 5.20326 13.8317
38 60 42 47 0.222301 4.35789 19.6035
38 60 43 48 0.157559 3.97548 25.2317
38 60 44 49 0.141689 4.27324 30.1593
38 60 45 50 0.11916 4.03148 33.8325
38 60 46 51 0.111688 3.99819 35.7978
38 60 47 52 0.109696 3.92687 35.7978
38 60 48 53 0.121656 4.11593 33.8325
38 60 49 54 0.140368 4.23339 30.1593
38 60 50 55 0.17253 4.35322 25.2317
38 60 51 56 0.213137 4.17824 19.6035
38 60 52 57 0.36497 5.04815 13.8317
38 60 53 58 0.727438 6.11358 8.40426
38 60 54 59 2.25848 8.3649 3.70377
39 51 40 43 1.9917 7.98007 4.00667
39 51 41 44 0.744803 6.82461 9.16298
39 51 42 45 0.351036 4.96265 14.1372
39 51 43 46 0.251171 4.33219 17.248
39 51 44 47 0.290942 5.01815 17.248
39 51 45 48 0.393752 5.56653 14.1372
39 51 46 49 0.705869 6.46786 9.16298
39 51 47 50 1.62467 6.50953 4.00667
39 61 40 45 2.06929 7.66418 3.70377
39 61 41 46 0.79474 6.6792 8.40426
39 61 42 47 0.361535 5.00063 13.8317
39 61 43 48 0.214289 4.20082 19.6035
39 61 44 49 0.176654 4.45728 25.2317
39 61 45 50 0.13798 4.16138 30.1593
39 61 46 51 0.119319 4.03685 33.8325
39 61 47 52 0.109082 3.90487 35.7978
39 61 48 53 0.112176 4.01565 35.7978
39 61 49 54 0.119955 4.05838 33.8325
39 61 50 55 0.137745 4.15431 30.1593
39 61 51 56 0.155309 3.91871 25.2317
39 61 52 57 0.223283 4.37715 19.6035
39 61 53 58 0.345179 4.7744 13.8317
39 61 54 59 0.652745 5.48584 8.40426
39 61 55 60 1.88007 6.96334 3.70377
40 52 41 44 2.47988 9.93608 4.00667
40 52 42 45 0.68579 6.28388 9.16298
40 52 43 46 0.32966 4.66045 14.1372
40 52 44 47 0.295884 5.10339 17.248
40 52 45 48 0.303778 5.23956 17.248
40 52 46 49 0.402921 5.69616 14.1372
40 52 47 50 0.620005 5.68109 9.16298
40 52 48 51 2.43933 9.77358 4.00667
40 62 41 46 2.59345 9.60556 3.70377
40 62 42 47 0.742992 6.2443 8.40426
40 62 43 48 0.338512 4.68219 13.8317
40 62 44 49 0.249522 4.89151 19.6035
40 62 45 50 0.178398 4.50127 25.2317
40 62 46 51 0.141271 4.26065 30.1593
40 62 47 52 0.12019 4.06634 33.8325
40 62 48 53 0.115457 4.13312 35.7978
40 62 49 54 0.115859 4.1475 35.7978
40 62 50 55 0.126681 4.28593 33.8325
40 62 51 56 0.134713 4.06285 30.1593
40 62 52 57 0.177078 4.46797 25.2317
40 62 53 58 0.244537 4.7938 19.6035
40 62 54 59 0.387712 5.36271 13.8317
40 62 55 60 0.776755 6.52805 8.40426
40 62 56 61 2.03073 7.52136 3.70377
41 53 42 45 1.90242 7.62237 4.00667
41 53 43 46 0.532743 4.88151 9.16298
41 53 44 47 0.365942 5.17338 14.1372
41 53 45 48 0.286884 4.94816 17.248
41 53 46 49 0.283608 4.89166 17.248
41 53 47 50 0.319717 4.5199 14.1372
41 53 48 51 0.648811 5.94504 9.16298
41 53 49 52 1.74963 7.01018 4.00667
41 63 42 47 2.01801 7.47426 3.70377
41 63 43 48 0.5854 4.91985 8.40426
41 63 44 49 0.369795 5.11488 13.8317
41 63 45 50 0.238368 4.67286 19.6035
41 63 46 51 0.171731 4.33307 25.2317
41 63 47 52 0.135357 4.08227 30.1593
41 63 48 53 0.121257 4.10242 33.8325
41 63 49 54 0.113921 4.07811 35.7978
41 63 50 55 0.118472 4.24103 35.7978
41 63 51 56 0.118865 4.02151 33.8325
41 63 52 57 0.143832 4.33788 30.1593
41 63 53 58 0.180731 4.56015 25.2317
41 63 54 59 0.253737 4.97414 19.6035
41 63 55 60 0.420418 5.81509 13.8317
41 63 56 61 0.767245 6.44813 8.40426
41 63 57 62 1.82955 6.77623 3.70377
42 54 43 46 1.79635 7.19737 4.00667
42 54 44 47 0.745199 6.82824 9.16298
42 54 45 48 0.41324 5.84204 14.1372
42 54 46 49 0.297443 5.13028 17.248
42 54 47 50 0.254857 4.39575 17.248
42 54 48 51 0.3501 4.94942 14.1372
42 54 49 52 0.601606 5.51251 9.16298
42 54 50 53 2.07542 8.31553 4.00667
42 64 43 48 1.92018 7.11191 3.70377
42 64 44 49 0.799073 6.71562 8.40426
42 64 45 50 0.413484 5.71917 13.8317
42 64 46 51 0.252868 4.95712 19.6035
42 64 47 52 0.17701 4.46627 25.2317
42 64 48 53 0.143927 4.34075 30.1593
42 64 49 54 0.124129 4.1996 33.8325
42 64 50 55 0.121544 4.35101 35.7978
42 64 51 56 0.114152 4.08637 35.7978
42 64 52 57 0.127054 4.29857 33.8325
42 64 53 58 0.145976 4.40254 30.1593
42 64 54 59 0.185636 4.68392 25.2317
42 64 55 60 0.270734 5.30734 19.6035
42 64 56 61 0.416904 5.76648 13.8317
42 64 57 62 0.701996 5.89976 8.40426
42 64 58 63 2.26128 8.37528 3.70377
43 55 44 47 2.18063 8.73705 4.00667
43 55 45 48 0.75078 6.87938 9.16298
43 55 46 49 0.394542 5.57771 14.1372
43 55 47 50 0.264093 4.55507 17.248
43 55 48 51 0.2672 4.60865 17.248
43 55 49 52 0.33321 4.71064 14.1372
43 55 50 53 0.675848 6.19278 9.16298
43 55 51 54 1.83244 7.34199 4.00667
44 56 45 48 1.87517 7.51321 4.00667
44 56 46 49 0.62819 5.7561 9.16298
44 56 47 50 0.325182 4.59715 14.1372
44 56 48 51 0.260787 4.49804 17.248
44 56 49 52 0.261248 4.50599 17.248
44 56 50 53 0.408926 5.78105 14.1372
44 56 51 54 0.733718 6.72305 9.16298
44 56 52 55 1.87907 7.5288 4.00667
45 57 46 49 2.25005 9.01521 4.00667
45 57 47 50 0.626952 5.74474 9.16298
45 57 48 51 0.345373 4.8826 14.1372
45 57 49 52 0.251722 4.3417 17.248
45 57 50 53 0.299974 5.17393 17.248
45 57 51 54 0.394699 5.57992 14.1372
45 57 52 55 0.638022 5.84619 9.16298
45 57 53 56 1.4894 5.96753 4.00667
46 58 47 50 1.87136 7.4979 4.00667
46 58 48 51 0.628293 5.75704 9.16298
46 58 49 52 0.319816 4.5213 14.1372
46 58 50 53 0.293308 5.05896 17.248
46 58 51 54 0.295085 5.08961 17.248
46 58 52 55 0.362926 5.13075 14.1372
46 58 53 56 0.545732 5.00053 9.16298
46 58 54 57 2.02378 8.1086 4.00667
47 59 48 51 2.08425 8.35088 4.00667
47 59 49 52 0.584558 5.35629 9.16298
47 59 50 53 0.389737 5.50978 14.1372
47 59 51 54 0.297151 5.12524 17.248
47 59 52 55 0.284723 4.91088 17.248
47 59 53 56 0.316105 4.46883 14.1372
47 59 54 57 0.660694 6.05392 9.16298
47 59 55 58 2.05726 8.24275 4.00667
48 60 49 52 1.71523 6.87235 4.00667
48 60 50 53 0.709998 6.5057 9.16298
48 60 51 54 0.395478 5.59094 14.1372
48 60 52 55 0.293286 5.05859 17.248
48 60 53 56 0.246661 4.2544 17.248
48 60 54 57 0.351998 4.97625 14.1372
48 60 55 58 0.685762 6.28362 9.16298
48 60 56 59 2.18557 8.75686 4.00667
49 61 50 53 2.05165 8.22029 4.00667
49 61 51 54 0.71001 6.5058 9.16298
49 61 52 55 0.397398 5.61808 14.1372
49 61 53 56 0.25262 4.35718 17.248
49 61 54 57 0.255406 4.40524 17.248
49 61 55 58 0.345891 4.88992 14.1372
49 61 56 59 0.631874 5.78984 9.16298
49 61 57 60 1.78745 7.16172 4.00667
50 62 51 54 1.67127 6.69624 4.00667
50 62 52 55 0.645651 5.91609 9.16298
50 62 53 56 0.316162 4.46963 14.1372
50 62 54 57 0.252572 4.35636 17.248
50 62 55 58 0.275433 4.75065 17.248
50 62 56 59 0.395479 5.59096 14.1372
50 62 57 60 0.729118 6.68089 9.16298
50 62 58 61 1.90825 7.64574 4.00667
51 63 52 55 2.47195 9.9043 4.00667
51 63 53 56 0.641592 5.8789 9.16298
51 63 54 57 0.347157 4.90781 14.1372
51 63 55 58 0.277454 4.78552 17.248
51 63 56 59 0.309359 5.33582 17.248
51 63 57 60 0.418937 5.92258 14.1372
51 63 58 61 0.708612 6.493 9.16298
51 63 59 62 1.70552 6.83347 4.00667
52 64 53 56 1.74478 6.99077 4.00667
52 64 54 57 0.602079 5.51684 9.16298
52 64 55 58 0.34634 4.89627 14.1372
52 64 56 59 0.303288 5.2311 17.248
52 64 57 60 0.312951 5.39777 17.248
52 64 58 61 0.403468 5.7039 14.1372
52 64 59 62 0.640287 5.86694 9.16298
52 64 60 63 2.12607 8.51845 4.00667
