64
# x y z
0.0 0.0 0.0
0.5 0.0 0.0
1.0 0.0 0.0
1.5 0.0 0.0
2.0 0.0 0.0
2.5 0.0 0.0
3.0 0.0 0.0
3.5 0.0 0.0
4.0 0.0 0.0
4.5 0.0 0.0
5.0 0.0 0.0
5.5 0.0 0.0
6.0 0.0 0.0
6.5 0.0 0.0
7.0 0.0 0.0
7.5 0.0 0.0
8.0 0.0 0.0
8.5 0.0 0.0
9.0 0.0 0.0
9.5 0.0 0.0
10.0 0.0 0.0
10.5 0.0 0.0
11.0 0.0 0.0
11.5 0.0 0.0
12.0 0.0 0.0
12.5 0.0 0.0
13.0 0.0 0.0
13.5 0.0 0.0
14.0 0.0 0.0
14.5 0.0 0.0
15.0 0.0 0.0
15.5 0.0 0.0
16.0 0.0 0.0
16.5 0.0 0.0
17.0 0.0 0.0
17.5 0.0 0.0
18.0 0.0 0.0
18.5 0.0 0.0
19.0 0.0 0.0
19.5 0.0 0.0
20.0 0.0 0.0
20.5 0.0 0.0
21.0 0.0 0.0
21.5 0.0 0.0
22.0 0.0 0.0
22.5 0.0 0.0
23.0 0.0 0.0
23.5 0.0 0.0
24.0 0.0 0.0
24.5 0.0 0.0
25.0 0.0 0.0
25.5 0.0 0.0
26.0 0.0 0.0
26.5 0.0 0.0
27.0 0.0 0.0
27.5 0.0 0.0
28.0 0.0 0.0
28.5 0.0 0.0
29.0 0.0 0.0
29.5 0.0 0.0
30.0 0.0 0.0
30.5 0.0 0.0
31.0 0.0 0.0
31.5 0.0 0.0
1400
# a b m n r rhoa k
1 13 2 5 1.77762 7.12235 4.00667
1 13 3 6 0.608416 5.5749 9.16298
1 13 4 7 0.385443 5.44908 14.1372
1 13 5 8 0.294349 5.07693 17.248
1 13 6 9 0.234629 4.04687 17.248
1 13 7 10 0.385286 5.44685 14.1372
1 13 8 11 0.691488 6.33609 9.16298
1 13 9 12 2.27477 9.11426 4.00667
1 23 2 7 1.9092 7.07123 3.70377
1 23 3 8 0.661951 5.56321 8.40426
1 23 4 9 0.382234 5.28694 13.8317
1 23 5 10 0.251725 4.93471 19.6035
1 23 6 11 0.177785 4.48582 25.2317
1 23 7 12 0.142508 4.29795 30.1593
1 23 8 13 0.119541 4.04439 33.8325
1 23 9 14 0.123561 4.42321 35.7978
1 23 10 15 0.10412 3.72726 35.7978
1 23 11 16 0.12222 4.135 33.8325
1 23 12 17 0.136029 4.10255 30.1593
1 23 13 18 0.180718 4.55983 25.2317
1 23 14 19 0.250619 4.91302 19.6035
1 23 15 20 0.355495 4.91709 13.8317
1 23 16 21 0.720073 6.05168 8.40426
1 23 17 22 1.7713 6.5605 3.70377
1 57 4 16 0.453011 5.22863 11.542
1 57 5 17 0.296392 4.81785 16.255
1 57 6 18 0.210211 4.4861 21.3409
1 57 7 19 0.161888 4.33108 26.7536
1 57 8 20 0.126033 4.08846 32.4396
1 57 9 21 0.115571 4.43078 38.3381
1 57 10 22 0.0927118 4.11464 44.381
1 57 11 23 0.0823232 4.15677 50.4932
1 57 12 24 0.0730383 4.13349 56.5934
1 57 13 25 0.0655628 4.10389 62.5948
1 57 14 26 0.0603654 4.12939 68.4065
1 57 15 27 0.058403 4.31807 73.9358
1 57 16 28 0.0525785 4.15839 79.0892
1 57 17 29 0.0507941 4.25531 83.7758
1 57 18 30 0.0472257 4.15157 87.9092
1 57 19 31 0.0448469 4.09947 91.4105
1 57 20 32 0.0444231 4.18513 94.2106
1 57 21 33 0.0432182 4.15989 96.2531
1 57 22 34 0.0431685 4.20874 97.4958
1 57 23 35 0.0435772 4.26678 97.913
1 57 24 36 0.0432811 4.21972 97.4958
1 57 25 37 0.0444211 4.27566 96.2531
1 57 26 38 0.0439124 4.13701 94.2106
1 57 27 39 0.0458492 4.1911 91.4105
1 57 28 40 0.0477809 4.20038 87.9092
1 57 29 41 0.0489109 4.09755 83.7758
1 57 30 42 0.0534937 4.23077 79.0892
1 57 31 43 0.057779 4.27193 73.9358
1 57 32 44 0.0596795 4.08246 68.4065
1 57 33 45 0.0656619 4.11009 62.5948
1 57 34 46 0.0730881 4.13631 56.5934
1 57 35 47 0.0816338 4.12195 50.4932
1 57 36 48 0.0940707 4.17495 44.381
1 57 37 49 0.110545 4.2381 38.3381
1 57 38 50 0.125548 4.07271 32.4396
1 57 39 51 0.160152 4.28463 26.7536
1 57 40 52 0.202922 4.33054 21.3409
1 57 41 53 0.29802 4.84431 16.255
1 57 42 54 0.450135 5.19544 11.542
2 14 3 6 1.46868 5.88453 4.00667
2 14 4 7 0.645787 5.91733 9.16298
2 14 5 8 0.376723 5.3258 14.1372
2 14 6 9 0.242793 4.18768 17.248
2 14 7 10 0.277382 4.78428 17.248
2 14 8 11 0.350458 4.95449 14.1372
2 14 9 12 0.662269 6.06836 9.16298
2 14 10 13 1.50003 6.01011 4.00667
2 24 3 8 1.57934 5.8495 3.70377
2 24 4 9 0.683076 5.74075 8.40426
2 24 5 10 0.376117 5.20233 13.8317
2 24 6 11 0.236734 4.64082 19.6035
2 24 7 12 0.174624 4.40606 25.2317
2 24 8 13 0.134311 4.05074 30.1593
2 24 9 14 0.132591 4.48588 33.8325
2 24 10 15 0.105125 3.76324 35.7978
2 24 11 16 0.114357 4.09372 35.7978
2 24 12 17 0.119004 4.02622 33.8325
2 24 13 18 0.145681 4.39363 30.1593
2 24 14 19 0.184544 4.65636 25.2317
2 24 15 20 0.240435 4.71338 19.6035
2 24 16 21 0.386692 5.3486 13.8317
2 24 17 22 0.68598 5.76515 8.40426
2 24 18 23 2.62923 9.73806 3.70377
2 58 5 17 0.435831 5.03034 11.542
2 58 6 18 0.281881 4.58198 16.255
2 58 7 19 0.205309 4.38149 21.3409
2 58 8 20 0.152299 4.07454 26.7536
2 58 9 21 0.137005 4.44439 32.4396
2 58 10 22 0.10684 4.09604 38.3381
2 58 11 23 0.0931088 4.13226 44.381
2 58 12 24 0.0812077 4.10044 50.4932
2 58 13 25 0.0718728 4.06752 56.5934
2 58 14 26 0.0653152 4.08839 62.5948
2 58 15 27 0.0627055 4.28947 68.4065
2 58 16 28 0.0555049 4.10379 73.9358
2 58 17 29 0.053307 4.21601 79.0892
2 58 18 30 0.0490933 4.11283 83.7758
2 58 19 31 0.0461866 4.06023 87.9092
2 58 20 32 0.0454025 4.15026 91.4105
2 58 21 33 0.0437938 4.12584 94.2106
2 58 22 34 0.0433663 4.17413 96.2531
2 58 23 35 0.0432654 4.21819 97.4958
2 58 24 36 0.0428064 4.1913 97.913
2 58 25 37 0.0434911 4.2402 97.4958
2 58 26 38 0.0426549 4.10567 96.2531
2 58 27 39 0.0441894 4.16311 94.2106
2 58 28 40 0.0458026 4.18683 91.4105
2 58 29 41 0.0462936 4.06964 87.9092
2 58 30 42 0.0500618 4.19396 83.7758
2 58 31 43 0.0535113 4.23217 79.0892
2 58 32 44 0.0547905 4.05098 73.9358
2 58 33 45 0.0595187 4.07147 68.4065
2 58 34 46 0.0653622 4.09133 62.5948
2 58 35 47 0.0716412 4.05442 56.5934
2 58 36 48 0.081097 4.09485 50.4932
2 58 37 49 0.0931682 4.1349 44.381
2 58 38 50 0.103795 3.97928 38.3381
2 58 39 51 0.127308 4.12983 32.4396
2 58 40 52 0.15456 4.13504 26.7536
2 58 41 53 0.210157 4.48495 21.3409
2 58 42 54 0.286569 4.65818 16.255
2 58 43 55 0.409026 4.72096 11.542
3 15 4 7 2.17179 8.70165 4.00667
3 15 5 8 0.725291 6.64582 9.16298
3 15 6 9 0.353652 4.99964 14.1372
3 15 7 10 0.299055 5.1581 17.248
3 15 8 11 0.299208 5.16073 17.248
3 15 9 12 0.466105 6.5894 14.1372
3 15 10 13 0.767579 7.03331 9.16298
3 15 11 14 2.28773 9.16619 4.00667
3 25 4 9 2.26307 8.38189 3.70377
3 25 5 10 0.756753 6.35995 8.40426
3 25 6 11 0.378211 5.23129 13.8317
3 25 7 12 0.24094 4.72327 19.6035
3 25 8 13 0.164681 4.15517 25.2317
3 25 9 14 0.153606 4.63265 30.1593
3 25 10 15 0.113803 3.85025 33.8325
3 25 11 16 0.114145 4.08614 35.7978
3 25 12 17 0.111449 3.98964 35.7978
3 25 13 18 0.125588 4.24896 33.8325
3 25 14 19 0.147769 4.45662 30.1593
3 25 15 20 0.180273 4.5486 25.2317
3 25 16 21 0.248844 4.87822 19.6035
3 25 17 22 0.371499 5.13845 13.8317
3 25 18 23 0.88001 7.39583 8.40426
3 25 19 24 2.43675 9.02516 3.70377
3 59 6 18 0.43921 5.06934 11.542
3 59 7 19 0.285372 4.63873 16.255
3 59 8 20 0.194618 4.15333 21.3409
3 59 9 21 0.170017 4.54857 26.7536
3 59 10 22 0.127378 4.1321 32.4396
3 59 11 23 0.108074 4.14335 38.3381
3 59 12 24 0.0922649 4.09481 44.381
3 59 13 25 0.0804126 4.06029 50.4932
3 59 14 26 0.071959 4.0724 56.5934
3 59 15 27 0.0684956 4.28747 62.5948
3 59 16 28 0.0598237 4.09233 68.4065
3 59 17 29 0.0568764 4.2052 73.9358
3 59 18 30 0.0518606 4.10161 79.0892
3 59 19 31 0.0482308 4.04057 83.7758
3 59 20 32 0.0470388 4.13515 87.9092
3 59 21 33 0.0449915 4.1127 91.4105
3 59 22 34 0.0441941 4.16355 94.2106
3 59 23 35 0.0435952 4.19617 96.2531
3 59 24 36 0.042807 4.1735 97.4958
3 59 25 37 0.0431755 4.22744 97.913
3 59 26 38 0.0420357 4.0983 97.4958
3 59 27 39 0.0431911 4.15728 96.2531
3 59 28 40 0.04431 4.17447 94.2106
3 59 29 41 0.0444162 4.06011 91.4105
3 59 30 42 0.0475069 4.17629 87.9092
3 59 31 43 0.0503717 4.21993 83.7758
3 59 32 44 0.0511417 4.04476 79.0892
3 59 33 45 0.0550169 4.06772 73.9358
3 59 34 46 0.059706 4.08428 68.4065
3 59 35 47 0.0643604 4.02862 62.5948
3 59 36 48 0.0718196 4.06452 56.5934
3 59 37 49 0.081027 4.09132 50.4932
3 59 38 50 0.0889942 3.94965 44.381
3 59 39 51 0.106106 4.06791 38.3381
3 59 40 52 0.124965 4.05381 32.4396
3 59 41 53 0.161635 4.32432 26.7536
3 59 42 54 0.206953 4.41658 21.3409
3 59 43 55 0.271699 4.41647 16.255
3 59 44 56 0.370457 4.27579 11.542
4 16 5 8 2.07884 8.32922 4.00667
4 16 6 9 0.656534 6.01581 9.16298
4 16 7 10 0.379305 5.36229 14.1372
4 16 8 11 0.264624 4.56422 17.248
4 16 9 12 0.318236 5.48892 17.248
4 16 10 13 0.369856 5.22872 14.1372
4 16 11 14 0.612736 5.61449 9.16298
4 16 12 15 1.19171 4.77478 4.00667
4 26 5 10 2.1663 8.02347 3.70377
4 26 6 11 0.730321 6.13781 8.40426
4 26 7 12 0.380077 5.25709 13.8317
4 26 8 13 0.220074 4.31423 19.6035
4 26 9 14 0.191894 4.84181 25.2317
4 26 10 15 0.13107 3.95297 30.1593
4 26 11 16 0.121154 4.09893 33.8325
4 26 12 17 0.110219 3.9456 35.7978
4 26 13 18 0.114271 4.09063 35.7978
4 26 14 19 0.124278 4.20465 33.8325
4 26 15 20 0.142382 4.29414 30.1593
4 26 16 21 0.17151 4.32749 25.2317
4 26 17 22 0.223495 4.38129 19.6035
4 26 18 23 0.389074 5.38155 13.8317
4 26 19 24 0.672205 5.64939 8.40426
4 26 20 25 1.4575 5.39823 3.70377
4 60 7 19 0.441095 5.0911 11.542
4 60 8 20 0.263837 4.28866 16.255
4 60 9 21 0.221068 4.71779 21.3409
4 60 10 22 0.157022 4.20092 26.7536
4 60 11 23 0.128876 4.18069 32.4396
4 60 12 24 0.107327 4.11473 38.3381
4 60 13 25 0.0915697 4.06395 44.381
4 60 14 26 0.0804388 4.06162 50.4932
4 60 15 27 0.0757569 4.28734 56.5934
4 60 16 28 0.064783 4.05507 62.5948
4 60 17 29 0.0611505 4.18309 68.4065
4 60 18 30 0.0551791 4.07971 73.9358
4 60 19 31 0.0507211 4.0115 79.0892
4 60 20 32 0.0489912 4.10428 83.7758
4 60 21 33 0.046446 4.08303 87.9092
4 60 22 34 0.0452663 4.13782 91.4105
4 60 23 35 0.0441362 4.1581 94.2106
4 60 24 36 0.0430338 4.14213 96.2531
4 60 25 37 0.0430585 4.19802 97.4958
4 60 26 38 0.0416261 4.07573 97.913
4 60 27 39 0.0424501 4.13871 97.4958
4 60 28 40 0.0433538 4.17293 96.2531
4 60 29 41 0.0429002 4.04165 94.2106
4 60 30 42 0.0454689 4.15633 91.4105
4 60 31 43 0.0477457 4.19729 87.9092
4 60 32 44 0.0480889 4.02868 83.7758
4 60 33 45 0.0511714 4.0471 79.0892
4 60 34 46 0.0550086 4.0671 73.9358
4 60 35 47 0.0583958 3.99466 68.4065
4 60 36 48 0.0642509 4.02177 62.5948
4 60 37 49 0.0713509 4.03799 56.5934
4 60 38 50 0.0773184 3.90405 50.4932
4 60 39 51 0.0899674 3.99284 44.381
4 60 40 52 0.103511 3.96841 38.3381
4 60 41 53 0.128884 4.18095 32.4396
4 60 42 54 0.157887 4.22403 26.7536
4 60 43 55 0.196439 4.19219 21.3409
4 60 44 56 0.2489 4.04587 16.255
4 60 45 57 0.415112 4.79121 11.542
5 17 6 9 1.99005 7.97346 4.00667
5 17 7 10 0.699134 6.40615 9.16298
5 17 8 11 0.333294 4.71183 14.1372
5 17 9 12 0.32789 5.65544 17.248
5 17 10 13 0.297184 5.12582 17.248
5 17 11 14 0.391151 5.52976 14.1372
5 17 12 15 0.555636 5.09128 9.16298
5 17 13 16 2.74752 11.0084 4.00667
5 27 6 11 2.12894 7.88509 3.70377
5 27 7 12 0.741347 6.23048 8.40426
5 27 8 13 0.331886 4.59054 13.8317
5 27 9 14 0.265912 5.21282 19.6035
5 27 10 15 0.164749 4.15689 25.2317
5 27 11 16 0.140478 4.23671 30.1593
5 27 12 17 0.119763 4.05188 33.8325
5 27 13 18 0.116475 4.16954 35.7978
5 27 14 19 0.119023 4.26075 35.7978
5 27 15 20 0.13079 4.42495 33.8325
5 27 16 21 0.145519 4.38875 30.1593
5 27 17 22 0.177199 4.47103 25.2317
5 27 18 23 0.272156 5.33523 19.6035
5 27 19 24 0.40883 5.65481 13.8317
5 27 20 25 0.691367 5.81043 8.40426
5 27 21 26 2.15004 7.96325 3.70377
5 61 8 20 0.39149 4.51855 11.542
5 61 9 21 0.308067 5.00763 16.255
5 61 10 22 0.202482 4.32116 21.3409
5 61 11 23 0.15948 4.26667 26.7536
5 61 12 24 0.12866 4.17367 32.4396
5 61 13 25 0.10701 4.10254 38.3381
5 61 14 26 0.091984 4.08234 44.381
5 61 15 27 0.0857135 4.32795 50.4932
5 61 16 28 0.071842 4.06578 56.5934
5 61 17 29 0.0669039 4.18783 62.5948
5 61 18 30 0.0595509 4.07367 68.4065
5 61 19 31 0.0541978 4.00716 73.9358
5 61 20 32 0.0518539 4.10108 79.0892
5 61 21 33 0.0486658 4.07702 83.7758
5 61 22 34 0.0471064 4.14108 87.9092
5 61 23 35 0.0453195 4.14268 91.4105
5 61 24 36 0.0438559 4.13169 94.2106
5 61 25 37 0.0435203 4.18896 96.2531
5 61 26 38 0.0417441 4.06987 97.4958
5 61 27 39 0.0422379 4.13564 97.913
5 61 28 40 0.0428827 4.18089 97.4958
5 61 29 41 0.0419721 4.03994 96.2531
5 61 30 42 0.0440698 4.15184 94.2106
5 61 31 43 0.0458907 4.19489 91.4105
5 61 32 44 0.0458722 4.03259 87.9092
5 61 33 45 0.0483061 4.04688 83.7758
5 61 34 46 0.0513873 4.06418 79.0892
5 61 35 47 0.0538533 3.98169 73.9358
5 61 36 48 0.0585585 4.00578 68.4065
5 61 37 49 0.0640759 4.01082 62.5948
5 61 38 50 0.0686723 3.8864 56.5934
5 61 39 51 0.0783702 3.95716 50.4932
5 61 40 52 0.0883118 3.91936 44.381
5 61 41 53 0.106559 4.08527 38.3381
5 61 42 54 0.125825 4.0817 32.4396
5 61 43 55 0.150082 4.01522 26.7536
5 61 44 56 0.180346 3.84876 21.3409
5 61 45 57 0.260116 4.22818 16.255
5 61 46 58 0.406132 4.68755 11.542
6 18 7 10 2.20904 8.85088 4.00667
6 18 8 11 0.557266 5.10622 9.16298
6 18 9 12 0.427165 6.0389 14.1372
6 18 10 13 0.281514 4.85554 17.248
6 18 11 14 0.280146 4.83195 17.248
6 18 12 15 0.296457 4.19107 14.1372
6 18 13 16 0.728792 6.67791 9.16298
6 18 14 17 2.03767 8.16428 4.00667
6 28 7 12 2.31568 8.57676 3.70377
6 28 8 13 0.606351 5.09593 8.40426
6 28 9 14 0.424366 5.86969 13.8317
6 28 10 15 0.229237 4.49385 19.6035
6 28 11 16 0.176325 4.44899 25.2317
6 28 12 17 0.138877 4.18843 30.1593
6 28 13 18 0.125517 4.24657 33.8325
6 28 14 19 0.119399 4.27421 35.7978
6 28 15 20 0.125442 4.49055 35.7978
6 28 16 21 0.128564 4.34966 33.8325
6 28 17 22 0.146473 4.41752 30.1593
6 28 18 23 0.202083 5.0989 25.2317
6 28 19 24 0.274115 5.37362 19.6035
6 28 20 25 0.40646 5.62202 13.8317
6 28 21 26 0.849123 7.13625 8.40426
6 28 22 27 2.49632 9.24581 3.70377
6 62 9 21 0.483481 5.58031 11.542
6 62 10 22 0.281956 4.5832 16.255
6 62 11 23 0.208326 4.44588 21.3409
6 62 12 24 0.16088 4.30411 26.7536
6 62 13 25 0.12944 4.19898 32.4396
6 62 14 26 0.108134 4.14567 38.3381
6 62 15 27 0.0993687 4.41008 44.381
6 62 16 28 0.0817395 4.12729 50.4932
6 62 17 29 0.0747844 4.2323 56.5934
6 62 18 30 0.0654176 4.0948 62.5948
6 62 19 31 0.0589661 4.03367 68.4065
6 62 20 32 0.055861 4.13012 73.9358
6 62 21 33 0.051914 4.10583 79.0892
6 62 22 34 0.0498738 4.17822 83.7758
6 62 23 35 0.0473581 4.16321 87.9092
6 62 24 36 0.0454576 4.1553 91.4105
6 62 25 37 0.0447475 4.21568 94.2106
6 62 26 38 0.042622 4.1025 96.2531
6 62 27 39 0.0428342 4.17615 97.4958
6 62 28 40 0.0429389 4.20427 97.913
6 62 29 41 0.0419516 4.09011 97.4958
6 62 30 42 0.0436821 4.20453 96.2531
6 62 31 43 0.0451851 4.25691 94.2106
6 62 32 44 0.0448663 4.10125 91.4105
6 62 33 45 0.0469661 4.12875 87.9092
6 62 34 46 0.0495941 4.15479 83.7758
6 62 35 47 0.0514455 4.06878 79.0892
6 62 36 48 0.0554944 4.10302 73.9358
6 62 37 49 0.0601511 4.11473 68.4065
6 62 38 50 0.0639524 4.00309 62.5948
6 62 39 51 0.0721116 4.08104 56.5934
6 62 40 52 0.0802602 4.05259 50.4932
6 62 41 53 0.0950951 4.22041 44.381
6 62 42 54 0.110126 4.22202 38.3381
6 62 43 55 0.128579 4.17106 32.4396
6 62 44 56 0.150894 4.03696 26.7536
6 62 45 57 0.205494 4.38543 21.3409
6 62 46 58 0.294351 4.78467 16.255
6 62 47 59 0.454827 5.2496 11.542
7 19 8 11 1.30635 5.2341 4.00667
7 19 9 12 0.724937 6.64258 9.16298
7 19 10 13 0.347407 4.91135 14.1372
7 19 11 14 0.272711 4.7037 17.248
7 19 12 15 0.231719 3.99669 17.248
7 19 13 16 0.385795 5.45405 14.1372
7 19 14 17 0.692007 6.34084 9.16298
7 19 15 18 2.63564 10.5602 4.00667
7 29 8 13 1.40969 5.22118 3.70377
7 29 9 14 0.766756 6.44402 8.40426
7 29 10 15 0.339532 4.6963 13.8317
7 29 11 16 0.23238 4.55548 19.6035
7 29 12 17 0.169017 4.26458 25.2317
7 29 13 18 0.14007 4.2244 30.1593
7 29 14 19 0.123373 4.17401 33.8325
7 29 15 20 0.123422 4.41824 35.7978
7 29 16 21 0.115577 4.13741 35.7978
7 29 17 22 0.122167 4.13321 33.8325
7 29 18 23 0.150069 4.52596 30.1593
7 29 19 24 0.18332 4.62548 25.2317
7 29 20 25 0.241493 4.73413 19.6035
7 29 21 26 0.388263 5.37032 13.8317
7 29 22 27 0.711865 5.9827 8.40426
7 29 23 28 1.89561 7.02091 3.70377
7 63 10 22 0.410228 4.73484 11.542
7 63 11 23 0.279088 4.53658 16.255
7 63 12 24 0.20402 4.35398 21.3409
7 63 13 25 0.158121 4.2303 26.7536
7 63 14 26 0.128002 4.15235 32.4396
7 63 15 27 0.11585 4.44148 38.3381
7 63 16 28 0.0937573 4.16104 44.381
7 63 17 29 0.083848 4.23376 50.4932
7 63 18 30 0.0720448 4.07726 56.5934
7 63 19 31 0.0641128 4.01312 62.5948
7 63 20 32 0.0600433 4.10735 68.4065
7 63 21 33 0.0552731 4.08666 73.9358
7 63 22 34 0.0527364 4.17088 79.0892
7 63 23 35 0.0494506 4.14276 83.7758
7 63 24 36 0.0470379 4.13507 87.9092
7 63 25 37 0.0458878 4.19462 91.4105
7 63 26 38 0.0433586 4.08484 94.2106
7 63 27 39 0.0432799 4.16583 96.2531
7 63 28 40 0.04293 4.18549 97.4958
7 63 29 41 0.0416712 4.08015 97.913
7 63 30 42 0.0430289 4.19514 97.4958
7 63 31 43 0.0441457 4.24916 96.2531
7 63 32 44 0.0435385 4.10179 94.2106
7 63 33 45 0.0451219 4.12462 91.4105
7 63 34 46 0.0470929 4.1399 87.9092
7 63 35 47 0.0483304 4.04892 83.7758
7 63 36 48 0.051688 4.08796 79.0892
7 63 37 49 0.0554602 4.10049 73.9358
7 63 38 50 0.0584996 4.00175 68.4065
7 63 39 51 0.0650637 4.07265 62.5948
7 63 40 52 0.0714129 4.0415 56.5934
7 63 41 53 0.0831735 4.1997 50.4932
7 63 42 54 0.094299 4.18508 44.381
7 63 43 55 0.107783 4.1322 38.3381
7 63 44 56 0.123643 4.01093 32.4396
7 63 45 57 0.160342 4.28972 26.7536
7 63 46 58 0.215067 4.58973 21.3409
7 63 47 59 0.301704 4.90419 16.255
7 63 48 60 0.480169 5.54208 11.542
8 20 9 12 2.26791 9.08675 4.00667
8 20 10 13 0.601457 5.51114 9.16298
8 20 11 14 0.355043 5.01931 14.1372
8 20 12 15 0.242033 4.17457 17.248
8 20 13 16 0.285009 4.91582 17.248
8 20 14 17 0.368794 5.2137 14.1372
8 20 15 18 0.792796 7.26437 9.16298
8 20 16 19 2.12973 8.53313 4.00667
8 30 9 14 2.36778 8.76971 3.70377
8 30 10 15 0.632827 5.31844 8.40426
8 30 11 16 0.35605 4.92476 13.8317
8 30 12 17 0.230307 4.51483 19.6035
8 30 13 18 0.173808 4.38546 25.2317
8 30 14 19 0.141084 4.25499 30.1593
8 30 15 20 0.13488 4.56332 33.8325
8 30 16 21 0.116744 4.17918 35.7978
8 30 17 22 0.116405 4.16703 35.7978
8 30 18 23 0.1312 4.43883 33.8325
8 30 19 24 0.149061 4.49558 30.1593
8 30 20 25 0.182771 4.61162 25.2317
8 30 21 26 0.259219 5.08161 19.6035
8 30 22 27 0.396608 5.48575 13.8317
8 30 23 28 0.744673 6.25842 8.40426
8 30 24 29 2.73903 10.1448 3.70377
8 64 11 23 0.419521 4.8421 11.542
8 64 12 24 0.279503 4.54333 16.255
8 64 13 25 0.204103 4.35575 21.3409
8 64 14 26 0.157831 4.22255 26.7536
8 64 15 27 0.139964 4.54038 32.4396
8 64 16 28 0.10965 4.20376 38.3381
8 64 17 29 0.0961851 4.26879 44.381
8 64 18 30 0.0811242 4.09622 50.4932
8 64 19 31 0.0711486 4.02654 56.5934
8 64 20 32 0.065803 4.11892 62.5948
8 64 21 33 0.0598419 4.09358 68.4065
8 64 22 34 0.0565426 4.18052 73.9358
8 64 23 35 0.0523451 4.13994 79.0892
8 64 24 36 0.0492892 4.12924 83.7758
8 64 25 37 0.0476727 4.19087 87.9092
8 64 26 38 0.0446783 4.08406 91.4105
8 64 27 39 0.0441854 4.16273 94.2106
8 64 28 40 0.0436213 4.19869 96.2531
8 64 29 41 0.0418056 4.07587 97.4958
8 64 30 42 0.0428087 4.19152 97.913
8 64 31 43 0.0435613 4.24705 97.4958
8 64 32 44 0.0426241 4.1027 96.2531
8 64 33 45 0.043815 4.12784 94.2106
8 64 34 46 0.0452976 4.14067 91.4105
8 64 35 47 0.0459423 4.03875 87.9092
8 64 36 48 0.0487289 4.08231 83.7758
8 64 37 49 0.0517268 4.09103 79.0892
8 64 38 50 0.0541497 4.0036 73.9358
8 64 39 51 0.0594592 4.0674 68.4065
8 64 40 52 0.064331 4.02678 62.5948
8 64 41 53 0.0737571 4.17416 56.5934
8 64 42 54 0.0821143 4.14622 50.4932
8 64 43 55 0.0920252 4.08417 44.381
8 64 44 56 0.103602 3.97189 38.3381
8 64 45 57 0.129145 4.18941 32.4396
8 64 46 58 0.16496 4.41326 26.7536
8 64 47 59 0.216502 4.62036 21.3409
8 64 48 60 0.309909 5.03757 16.255
8 64 49 61 0.462554 5.33877 11.542
9 21 10 13 1.18725 4.75692 4.00667
9 21 11 14 0.496437 4.54884 9.16298
9 21 12 15 0.276242 3.90527 14.1372
9 21 13 16 0.251643 4.34033 17.248
9 21 14 17 0.257715 4.44505 17.248
9 21 15 18 0.417641 5.90426 14.1372
9 21 16 19 0.688959 6.31291 9.16298
9 21 17 20 1.49713 5.9985 4.00667
9 31 10 15 1.25446 4.64623 3.70377
9 31 11 16 0.528075 4.43808 8.40426
9 31 12 17 0.298032 4.12228 13.8317
9 31 13 18 0.206468 4.04749 19.6035
9 31 14 19 0.1566 3.95127 25.2317
9 31 15 20 0.144478 4.35736 30.1593
9 31 16 21 0.118035 3.99343 33.8325
9 31 17 22 0.112386 4.02317 35.7978
9 31 18 23 0.118554 4.24396 35.7978
9 31 19 24 0.127202 4.30357 33.8325
9 31 20 25 0.147386 4.44505 30.1593
9 31 21 26 0.190913 4.81705 25.2317
9 31 22 27 0.259949 5.09592 19.6035
9 31 23 28 0.400074 5.5337 13.8317
9 31 24 29 0.940938 7.90789 8.40426
9 31 25 30 2.69385 9.97742 3.70377
10 22 11 14 2.23754 8.96508 4.00667
10 22 12 15 0.677509 6.208 9.16298
10 22 13 16 0.386579 5.46513 14.1372
10 22 14 17 0.278829 4.80923 17.248
10 22 15 18 0.352427 6.07864 17.248
10 22 16 19 0.439076 6.20729 14.1372
10 22 17 20 0.696834 6.38507 9.16298
10 22 18 21 2.68409 10.7542 4.00667
10 32 11 16 2.33701 8.65576 3.70377
10 32 12 17 0.753576 6.33325 8.40426
10 32 13 18 0.389286 5.38448 13.8317
10 32 14 19 0.239603 4.69706 19.6035
10 32 15 20 0.202375 5.10627 25.2317
10 32 16 21 0.145251 4.38067 30.1593
10 32 17 22 0.12755 4.31535 33.8325
10 32 18 23 0.120171 4.30186 35.7978
10 32 19 24 0.118226 4.23222 35.7978
10 32 20 25 0.127045 4.29826 33.8325
10 32 21 26 0.148604 4.4818 30.1593
10 32 22 27 0.180938 4.56537 25.2317
10 32 23 28 0.236881 4.64371 19.6035
10 32 24 29 0.408882 5.65553 13.8317
10 32 25 30 0.708081 5.9509 8.40426
10 32 26 31 1.48686 5.50698 3.70377
11 23 12 15 1.91168 7.65949 4.00667
11 23 13 16 0.685791 6.28389 9.16298
11 23 14 17 0.342492 4.84186 14.1372
11 23 15 18 0.334371 5.76722 17.248
11 23 16 19 0.296475 5.11358 17.248
11 23 17 20 0.352041 4.97686 14.1372
11 23 18 21 0.666678 6.10876 9.16298
11 23 19 22 1.64591 6.59462 4.00667
11 33 12 17 2.06 7.62977 3.70377
11 33 13 18 0.740408 6.22258 8.40426
11 33 14 19 0.362228 5.01021 13.8317
11 33 15 20 0.281818 5.52463 19.6035
11 33 16 21 0.181441 4.57807 25.2317
11 33 17 22 0.14881 4.48799 30.1593
11 33 18 23 0.128231 4.33838 33.8325
11 33 19 24 0.1181 4.22772 35.7978
11 33 20 25 0.119731 4.28612 35.7978
11 33 21 26 0.130549 4.41679 33.8325
11 33 22 27 0.148526 4.47945 30.1593
11 33 23 28 0.177595 4.48101 25.2317
11 33 24 29 0.269576 5.28464 19.6035
11 33 25 30 0.401684 5.55596 13.8317
11 33 26 31 0.639165 5.37171 8.40426
11 33 27 32 1.63921 6.07126 3.70377
12 24 13 16 2.19263 8.78513 4.00667
12 24 14 17 0.605272 5.5461 9.16298
12 24 15 18 0.460248 6.5066 14.1372
12 24 16 19 0.30139 5.19836 17.248
12 24 17 20 0.290828 5.01619 17.248
12 24 18 21 0.379396 5.36359 14.1372
12 24 19 22 0.623394 5.71215 9.16298
12 24 20 23 2.50171 10.0235 4.00667
12 34 13 18 2.31137 8.56079 3.70377
12 34 14 19 0.676045 5.68166 8.40426
12 34 15 20 0.457157 6.32324 13.8317
12 34 16 21 0.252763 4.95504 19.6035
12 34 17 22 0.191513 4.83219 25.2317
12 34 18 23 0.148435 4.47668 30.1593
12 34 19 24 0.126541 4.2812 33.8325
12 34 20 25 0.120487 4.31318 35.7978
12 34 21 26 0.122494 4.38502 35.7978
12 34 22 27 0.130894 4.42849 33.8325
12 34 23 28 0.144129 4.34683 30.1593
12 34 24 29 0.198954 5.01995 25.2317
12 34 25 30 0.269616 5.28542 19.6035
12 34 26 31 0.379476 5.24878 13.8317
12 34 27 32 0.724881 6.09209 8.40426
12 34 28 33 2.42272 8.97322 3.70377
13 25 14 17 1.46672 5.87667 4.00667
13 25 15 18 0.798117 7.31312 9.16298
13 25 16 19 0.380639 5.38116 14.1372
13 25 17 20 0.301075 5.19292 17.248
13 25 18 21 0.287822 4.96435 17.248
13 25 19 22 0.354361 5.00966 14.1372
13 25 20 23 0.836623 7.66596 9.16298
13 25 21 24 2.32532 9.31677 4.00667
13 35 14 19 1.60247 5.9352 3.70377
13 35 15 20 0.83987 7.05849 8.40426
13 35 16 21 0.377026 5.2149 13.8317
13 35 17 22 0.259874 5.09445 19.6035
13 35 18 23 0.180362 4.55084 25.2317
13 35 19 24 0.140826 4.24721 30.1593
13 35 20 25 0.124366 4.20761 33.8325
13 35 21 26 0.116165 4.15843 35.7978
13 35 22 27 0.115095 4.12015 35.7978
13 35 23 28 0.114145 3.86181 33.8325
13 35 24 29 0.139946 4.22066 30.1593
13 35 25 30 0.169434 4.2751 25.2317
13 35 26 31 0.20906 4.09831 19.6035
13 35 27 32 0.315795 4.36797 13.8317
13 35 28 33 0.585349 4.91942 8.40426
13 35 29 34 1.40171 5.19161 3.70377
14 26 15 18 2.33818 9.3683 4.00667
14 26 16 19 0.623979 5.7175 9.16298
14 26 17 20 0.395553 5.592 14.1372
14 26 18 21 0.274116 4.72793 17.248
14 26 19 22 0.252217 4.35022 17.248
14 26 20 23 0.392585 5.55004 14.1372
14 26 21 24 0.630802 5.78002 9.16298
14 26 22 25 1.36378 5.46422 4.00667
14 36 15 20 2.44078 9.04011 3.70377
14 36 16 21 0.666719 5.60328 8.40426
14 36 17 22 0.40072 5.54264 13.8317
14 36 18 23 0.242223 4.74843 19.6035
14 36 19 24 0.173493 4.37753 25.2317
14 36 20 25 0.142814 4.30717 30.1593
14 36 21 26 0.124939 4.22701 33.8325
14 36 22 27 0.117458 4.20472 35.7978
14 36 23 28 0.108645 3.88927 35.7978
14 36 24 29 0.124322 4.20612 33.8325
14 36 25 30 0.141603 4.27063 30.1593
14 36 26 31 0.163709 4.13066 25.2317
14 36 27 32 0.225895 4.42834 19.6035
14 36 28 33 0.354164 4.89868 13.8317
14 36 29 34 0.641997 5.39551 8.40426
14 36 30 35 3.05878 11.329 3.70377
15 27 16 19 1.25416 5.02499 4.00667
15 27 17 20 0.59779 5.47754 9.16298
15 27 18 21 0.32199 4.55202 14.1372
15 27 19 22 0.244438 4.21606 17.248
15 27 20 23 0.304795 5.2571 17.248
15 27 21 24 0.397747 5.62302 14.1372
15 27 22 25 0.642 5.88263 9.16298
15 27 23 26 2.00672 8.04025 4.00667
15 37 16 21 1.33445 4.9425 3.70377
15 37 17 22 0.630573 5.2995 8.40426
15 37 18 23 0.321581 4.448 13.8317
15 37 19 24 0.210128 4.11925 19.6035
15 37 20 25 0.161364 4.07148 25.2317
15 37 21 26 0.132737 4.00324 30.1593
15 37 22 27 0.119055 4.02795 33.8325
15 37 23 28 0.102721 3.67719 35.7978
15 37 24 29 0.109828 3.93158 35.7978
15 37 25 30 0.117303 3.96866 33.8325
15 37 26 31 0.126389 3.81181 30.1593
15 37 27 32 0.159067 4.01352 25.2317
15 37 28 33 0.213413 4.18365 19.6035
15 37 29 34 0.31312 4.33098 13.8317
15 37 30 35 0.822989 6.91661 8.40426
15 37 31 36 2.10952 7.81317 3.70377
16 28 17 20 2.74463 10.9968 4.00667
16 28 18 21 0.730923 6.69743 9.16298
16 28 19 22 0.378003 5.34389 14.1372
16 28 20 23 0.320579 5.52933 17.248
16 28 21 24 0.319258 5.50654 17.248
16 28 22 25 0.409481 5.78891 14.1372
16 28 23 26 0.777068 7.12026 9.16298
16 28 24 27 2.3536 9.43011 4.00667
16 38 17 22 2.8511 10.5598 3.70377
16 38 18 23 0.78409 6.5897 8.40426
16 38 19 24 0.395307 5.46776 13.8317
16 38 20 25 0.252348 4.94691 19.6035
16 38 21 26 0.182635 4.60819 25.2317
16 38 22 27 0.150984 4.55357 30.1593
16 38 23 28 0.117434 3.9731 33.8325
16 38 24 29 0.115919 4.14965 35.7978
16 38 25 30 0.115669 4.1407 35.7978
16 38 26 31 0.116711 3.94862 33.8325
16 38 27 32 0.137405 4.14405 30.1593
16 38 28 33 0.169299 4.27171 25.2317
16 38 29 34 0.219113 4.29539 19.6035
16 38 30 35 0.436372 6.03575 13.8317
16 38 31 36 0.768786 6.46108 8.40426
16 38 32 37 1.90776 7.0659 3.70377
17 29 18 21 1.99436 7.99073 4.00667
17 29 19 22 0.668338 6.12396 9.16298
17 29 20 23 0.388314 5.48967 14.1372
17 29 21 24 0.291524 5.0282 17.248
17 29 22 25 0.294706 5.08307 17.248
17 29 23 26 0.371076 5.24597 14.1372
17 29 24 27 0.646958 5.92806 9.16298
17 29 25 28 1.77431 7.10906 4.00667
17 39 18 23 2.1038 7.792 3.70377
17 39 19 24 0.734696 6.17457 8.40426
17 39 20 25 0.379167 5.24451 13.8317
17 39 21 26 0.242471 4.75328 19.6035
17 39 22 27 0.186441 4.70423 25.2317
17 39 23 28 0.133232 4.01817 30.1593
17 39 24 29 0.122208 4.13461 33.8325
17 39 25 30 0.11474 4.10745 35.7978
17 39 26 31 0.108947 3.90005 35.7978
17 39 27 32 0.121069 4.09607 33.8325
17 39 28 33 0.138313 4.17142 30.1593
17 39 29 34 0.163741 4.13145 25.2317
17 39 30 35 0.276694 5.42418 19.6035
17 39 31 36 0.40954 5.66463 13.8317
17 39 32 37 0.729217 6.12853 8.40426
17 39 33 38 1.60424 5.94176 3.70377
18 30 19 22 2.53837 10.1704 4.00667
18 30 20 23 0.765858 7.01754 9.16298
18 30 21 24 0.405201 5.7284 14.1372
18 30 22 25 0.325645 5.61671 17.248
18 30 23 26 0.296026 5.10584 17.248
18 30 24 27 0.380573 5.38023 14.1372
18 30 25 28 0.697514 6.39131 9.16298
18 30 26 29 2.6228 10.5087 4.00667
18 40 19 24 2.68808 9.95603 3.70377
18 40 20 25 0.80748 6.78627 8.40426
18 40 21 26 0.405851 5.6136 13.8317
18 40 22 27 0.279009 5.46956 19.6035
18 40 23 28 0.175472 4.42746 25.2317
18 40 24 29 0.145232 4.3801 30.1593
18 40 25 30 0.126016 4.26343 33.8325
18 40 26 31 0.110871 3.96893 35.7978
18 40 27 32 0.11554 4.13606 35.7978
18 40 28 33 0.122359 4.13971 33.8325
18 40 29 34 0.132862 4.00702 30.1593
18 40 30 35 0.197507 4.98343 25.2317
18 40 31 36 0.260709 5.11082 19.6035
18 40 32 37 0.392412 5.42771 13.8317
18 40 33 38 0.620144 5.21185 8.40426
18 40 34 39 2.11174 7.8214 3.70377
19 31 20 23 2.13496 8.55407 4.00667
19 31 21 24 0.696584 6.38279 9.16298
19 31 22 25 0.446184 6.30778 14.1372
19 31 23 26 0.298449 5.14763 17.248
19 31 24 27 0.294471 5.07903 17.248
19 31 25 28 0.40112 5.6707 14.1372
19 31 26 29 0.884561 8.10521 9.16298
19 31 27 30 2.574 10.3132 4.00667
19 41 20 25 2.23831 8.29021 3.70377
19 41 21 26 0.745625 6.26643 8.40426
19 41 22 27 0.445671 6.16438 13.8317
19 41 23 28 0.242768 4.75912 19.6035
19 41 24 29 0.183478 4.62945 25.2317
19 41 25 30 0.147032 4.43438 30.1593
19 41 26 31 0.120244 4.06815 33.8325
19 41 27 32 0.118411 4.23886 35.7978
19 41 28 33 0.117682 4.21274 35.7978
19 41 29 34 0.118873 4.02178 33.8325
19 41 30 35 0.16099 4.85534 30.1593
19 41 31 36 0.19663 4.96132 25.2317
19 41 32 37 0.268568 5.26489 19.6035
19 41 33 38 0.3702 5.12048 13.8317
19 41 34 39 0.819506 6.88734 8.40426
19 41 35 40 2.51717 9.32301 3.70377
20 32 21 24 1.50986 6.04952 4.00667
20 32 22 25 0.712625 6.52977 9.16298
20 32 23 26 0.350552 4.95581 14.1372
20 32 24 27 0.268706 4.63463 17.248
20 32 25 28 0.274714 4.73825 17.248
20 32 26 29 0.396442 5.60456 14.1372
20 32 27 30 0.660318 6.05048 9.16298
20 32 28 31 1.38454 5.5474 4.00667
20 42 21 26 1.61246 5.97219 3.70377
20 42 22 27 0.753851 6.33556 8.40426
20 42 23 28 0.341909 4.72917 13.8317
20 42 24 29 0.232724 4.56222 19.6035
20 42 25 30 0.172779 4.3595 25.2317
20 42 26 31 0.131169 3.95597 30.1593
20 42 27 32 0.122262 4.13642 33.8325
20 42 28 33 0.114015 4.08149 35.7978
20 42 29 34 0.107171 3.83647 35.7978
20 42 30 35 0.131474 4.4481 33.8325
20 42 31 36 0.148278 4.47194 30.1593
20 42 32 37 0.1836 4.63254 25.2317
20 42 33 38 0.226038 4.43114 19.6035
20 42 34 39 0.379518 5.24937 13.8317
20 42 35 40 0.738747 6.20862 8.40426
20 42 36 41 2.03391 7.53313 3.70377
21 33 22 25 2.755 11.0384 4.00667
21 33 23 26 0.682371 6.25255 9.16298
21 33 24 27 0.377095 5.33105 14.1372
21 33 25 28 0.285976 4.9325 17.248
21 33 26 29 0.302635 5.21984 17.248
21 33 27 30 0.399435 5.64688 14.1372
21 33 28 31 0.596153 5.46254 9.16298
21 33 29 32 1.50084 6.01335 4.00667
21 43 22 27 2.86486 10.6108 3.70377
21 43 23 28 0.71508 6.00972 8.40426
21 43 24 29 0.386541 5.34651 13.8317
21 43 25 30 0.247795 4.85767 19.6035
21 43 26 31 0.166271 4.19529 25.2317
21 43 27 32 0.143931 4.34087 30.1593
21 43 28 33 0.124397 4.20867 33.8325
21 43 29 34 0.107959 3.86468 35.7978
21 43 30 35 0.120136 4.30061 35.7978
21 43 31 36 0.12597 4.26188 33.8325
21 43 32 37 0.142478 4.29704 30.1593
21 43 33 38 0.160127 4.04028 25.2317
21 43 34 39 0.221505 4.34228 19.6035
21 43 35 40 0.326365 4.51417 13.8317
21 43 36 41 0.564673 4.74566 8.40426
21 43 37 42 1.86388 6.90337 3.70377
22 34 23 26 1.68821 6.76411 4.00667
22 34 24 27 0.634329 5.81234 9.16298
22 34 25 28 0.366662 5.18356 14.1372
22 34 26 29 0.284984 4.91539 17.248
22 34 27 30 0.3099 5.34513 17.248
22 34 28 31 0.376377 5.32091 14.1372
22 34 29 32 0.650446 5.96002 9.16298
22 34 30 33 2.28257 9.14549 4.00667
22 44 23 28 1.7636 6.53197 3.70377
22 44 24 29 0.686407 5.76875 8.40426
22 44 25 30 0.372218 5.14839 13.8317
22 44 26 31 0.219199 4.29708 19.6035
22 44 27 32 0.177428 4.47681 25.2317
22 44 28 33 0.145297 4.38205 30.1593
22 44 29 34 0.116775 3.95078 33.8325
22 44 30 35 0.122271 4.37702 35.7978
22 44 31 36 0.122196 4.37436 35.7978
22 44 32 37 0.130768 4.42422 33.8325
22 44 33 38 0.140141 4.22656 30.1593
22 44 34 39 0.178466 4.50299 25.2317
22 44 35 40 0.236588 4.63797 19.6035
22 44 36 41 0.355118 4.91188 13.8317
22 44 37 42 0.784429 6.59255 8.40426
22 44 38 43 2.33997 8.66672 3.70377
23 35 24 27 2.42782 9.72746 4.00667
23 35 25 28 0.791691 7.25425 9.16298
23 35 26 29 0.372827 5.27072 14.1372
23 35 27 30 0.302495 5.21742 17.248
23 35 28 31 0.27677 4.77372 17.248
23 35 29 32 0.310557 4.3904 14.1372
23 35 30 33 0.540876 4.95604 9.16298
23 35 31 34 1.31255 5.25895 4.00667
23 45 24 29 2.56972 9.51764 3.70377
23 45 25 30 0.867803 7.29325 8.40426
23 45 26 31 0.3775 5.22146 13.8317
23 45 27 32 0.269405 5.2813 19.6035
23 45 28 33 0.199386 5.03085 25.2317
23 45 29 34 0.143288 4.32148 30.1593
23 45 30 35 0.136181 4.60736 33.8325
23 45 31 36 0.126474 4.52747 35.7978
23 45 32 37 0.124875 4.47023 35.7978
23 45 33 38 0.125722 4.2535 33.8325
23 45 34 39 0.146135 4.40733 30.1593
23 45 35 40 0.173104 4.3677 25.2317
23 45 36 41 0.232394 4.55575 19.6035
23 45 37 42 0.406522 5.62288 13.8317
23 45 38 43 0.795795 6.68807 8.40426
23 45 39 44 1.88524 6.98249 3.70377
24 36 25 28 2.28549 9.15721 4.00667
24 36 26 29 0.616739 5.65116 9.16298
24 36 27 30 0.400997 5.66896 14.1372
24 36 28 31 0.302487 5.21728 17.248
24 36 29 32 0.26482 4.5676 17.248
24 36 30 33 0.350285 4.95204 14.1372
24 36 31 34 0.610674 5.5956 9.16298
24 36 32 35 2.97296 11.9117 4.00667
24 46 25 30 2.42468 8.98047 3.70377
24 46 26 31 0.661428 5.55882 8.40426
24 46 27 32 0.408414 5.64904 13.8317
24 46 28 33 0.273718 5.36585 19.6035
24 46 29 34 0.177693 4.48349 25.2317
24 46 30 35 0.155273 4.68292 30.1593
24 46 31 36 0.135248 4.57578 33.8325
24 46 32 37 0.124138 4.44385 35.7978
24 46 33 38 0.118235 4.23256 35.7978
24 46 34 39 0.127332 4.30797 33.8325
24 46 35 40 0.136408 4.11398 30.1593
24 46 36 41 0.16772 4.23185 25.2317
24 46 37 42 0.250358 4.90791 19.6035
24 46 38 43 0.398829 5.51647 13.8317
24 46 39 44 0.639348 5.37325 8.40426
24 46 40 45 2.3292 8.62684 3.70377
25 37 26 29 1.34161 5.37538 4.00667
25 37 27 30 0.636306 5.83046 9.16298
25 37 28 31 0.389422 5.50532 14.1372
25 37 29 32 0.258863 4.46486 17.248
25 37 30 33 0.256936 4.43163 17.248
25 37 31 34 0.325922 4.60761 14.1372
25 37 32 35 0.795535 7.28947 9.16298
25 37 33 36 2.02243 8.10321 4.00667
25 47 26 31 1.43975 5.33251 3.70377
25 47 27 32 0.68857 5.78692 8.40426
25 47 28 33 0.403663 5.58334 13.8317
25 47 29 34 0.233055 4.56871 19.6035
25 47 30 35 0.186719 4.71124 25.2317
25 47 31 36 0.152294 4.59308 30.1593
25 47 32 37 0.129976 4.39741 33.8325
25 47 33 38 0.117295 4.1989 35.7978
25 47 34 39 0.117598 4.20973 35.7978
25 47 35 40 0.115312 3.90131 33.8325
25 47 36 41 0.131493 3.96574 30.1593
25 47 37 42 0.174032 4.39112 25.2317
25 47 38 43 0.243149 4.76658 19.6035
25 47 39 44 0.32043 4.43209 13.8317
25 47 40 45 0.648527 5.45039 8.40426
25 47 41 46 1.86297 6.90003 3.70377
26 38 27 30 2.0352 8.15436 4.00667
26 38 28 31 0.788758 7.22737 9.16298
26 38 29 32 0.367581 5.19655 14.1372
26 38 30 33 0.282238 4.86804 17.248
26 38 31 34 0.277251 4.78202 17.248
26 38 32 35 0.446422 6.31114 14.1372
26 38 33 36 0.731903 6.70641 9.16298
26 38 34 37 1.81863 7.28663 4.00667
26 48 27 32 2.15342 7.97577 3.70377
26 48 28 33 0.8434 7.08815 8.40426
26 48 29 34 0.378562 5.23615 13.8317
26 48 30 35 0.263954 5.17443 19.6035
26 48 31 36 0.195828 4.94108 25.2317
26 48 32 37 0.151924 4.58191 30.1593
26 48 33 38 0.128996 4.36426 33.8325
26 48 34 39 0.120573 4.31623 35.7978
26 48 35 40 0.108382 3.87982 35.7978
26 48 36 41 0.116057 3.92649 33.8325
26 48 37 42 0.140267 4.23035 30.1593
26 48 38 43 0.180564 4.55593 25.2317
26 48 39 44 0.215534 4.22522 19.6035
26 48 40 45 0.34678 4.79655 13.8317
26 48 41 46 0.670777 5.63739 8.40426
26 48 42 47 2.28875 8.47702 3.70377
27 39 28 31 2.34162 9.38208 4.00667
27 39 29 32 0.651097 5.96599 9.16298
27 39 30 33 0.378739 5.3543 14.1372
27 39 31 34 0.289079 4.98602 17.248
27 39 32 35 0.329099 5.67628 17.248
27 39 33 36 0.414295 5.85696 14.1372
27 39 34 37 0.694703 6.36555 9.16298
27 39 35 38 1.44829 5.80283 4.00667
27 49 28 33 2.46734 9.13848 3.70377
27 49 29 34 0.700314 5.88562 8.40426
27 49 30 35 0.402486 5.56705 13.8317
27 49 31 36 0.264906 5.1931 19.6035
27 49 32 37 0.184177 4.6471 25.2317
27 49 33 38 0.146766 4.42636 30.1593
27 49 34 39 0.128267 4.33958 33.8325
27 49 35 40 0.105863 3.78966 35.7978
27 49 36 41 0.106743 3.82115 35.7978
27 49 37 42 0.118449 4.00743 33.8325
27 49 38 43 0.141684 4.2731 30.1593
27 49 39 44 0.155938 3.93459 25.2317
27 49 40 45 0.212646 4.16861 19.6035
27 49 41 46 0.325202 4.49808 13.8317
27 49 42 47 0.637527 5.35794 8.40426
27 49 43 48 1.79186 6.63664 3.70377
28 40 29 32 1.74933 7.00897 4.00667
28 40 30 33 0.685265 6.27907 9.16298
28 40 31 34 0.39242 5.54771 14.1372
28 40 32 35 0.312809 5.39531 17.248
28 40 33 36 0.311539 5.37341 17.248
28 40 34 37 0.402458 5.68961 14.1372
28 40 35 38 0.53928 4.94141 9.16298
28 40 36 39 1.98109 7.93758 4.00667
28 50 29 34 1.85173 6.85837 3.70377
28 50 30 35 0.75518 6.34673 8.40426
28 50 31 36 0.414601 5.73462 13.8317
28 50 32 37 0.248701 4.87542 19.6035
28 50 33 38 0.184343 4.65129 25.2317
28 50 34 39 0.150856 4.54971 30.1593
28 50 35 40 0.114694 3.8804 33.8325
28 50 36 41 0.109774 3.92967 35.7978
28 50 37 42 0.114019 4.08163 35.7978
28 50 38 43 0.129862 4.39357 33.8325
28 50 39 44 0.136254 4.10932 30.1593
28 50 40 45 0.171608 4.32996 25.2317
28 50 41 46 0.238199 4.66955 19.6035
28 50 42 47 0.38498 5.32492 13.8317
28 50 43 48 0.743418 6.24787 8.40426
28 50 44 49 2.22456 8.23926 3.70377
29 41 30 33 2.63197 10.5454 4.00667
29 41 31 34 0.872841 7.99783 9.16298
29 41 32 35 0.429856 6.07694 14.1372
29 41 33 36 0.332024 5.72674 17.248
29 41 34 37 0.337344 5.8185 17.248
29 41 35 38 0.339892 4.80511 14.1372
29 41 36 39 0.749762 6.87006 9.16298
29 41 37 40 2.39827 9.60909 4.00667
29 51 30 35 2.78278 10.3068 3.70377
29 51 31 36 0.949685 7.9814 8.40426
29 51 32 37 0.417223 5.77089 13.8317
29 51 33 38 0.272945 5.35068 19.6035
29 51 34 39 0.201337 5.08008 25.2317
29 51 35 40 0.136009 4.10192 30.1593
29 51 36 41 0.121041 4.09513 33.8325
29 51 37 42 0.114456 4.09727 35.7978
29 51 38 43 0.121838 4.36151 35.7978
29 51 39 44 0.120263 4.06881 33.8325
29 51 40 45 0.138498 4.17699 30.1593
29 51 41 46 0.174918 4.41348 25.2317
29 51 42 47 0.243574 4.7749 19.6035
29 51 43 48 0.381561 5.27763 13.8317
29 51 44 49 0.749243 6.29683 8.40426
29 51 45 50 1.65638 6.13484 3.70377
30 42 31 34 2.53027 10.138 4.00667
30 42 32 35 0.678675 6.21868 9.16298
30 42 33 36 0.407408 5.75959 14.1372
30 42 34 37 0.324197 5.59173 17.248
30 42 35 38 0.244414 4.21564 17.248
30 42 36 39 0.363322 5.13634 14.1372
30 42 37 40 0.687413 6.29875 9.16298
30 42 38 41 1.94188 7.78047 4.00667
30 52 31 36 2.67332 9.90137 3.70377
30 52 32 37 0.715171 6.01048 8.40426
30 52 33 38 0.404582 5.59605 13.8317
30 52 34 39 0.271718 5.32664 19.6035
30 52 35 40 0.164451 4.14939 25.2317
30 52 36 41 0.13788 4.15838 30.1593
30 52 37 42 0.120104 4.06342 33.8325
30 52 38 43 0.121123 4.33595 35.7978
30 52 39 44 0.113663 4.06887 35.7978
30 52 40 45 0.122088 4.13055 33.8325
30 52 41 46 0.143638 4.33203 30.1593
30 52 42 47 0.18098 4.56642 25.2317
30 52 43 48 0.250344 4.90762 19.6035
30 52 44 49 0.411221 5.68788 13.8317
30 52 45 50 0.664379 5.58361 8.40426
30 52 46 51 2.65643 9.83882 3.70377
31 43 32 35 1.42238 5.69902 4.00667
31 43 33 36 0.611501 5.60317 9.16298
31 43 34 37 0.395791 5.59537 14.1372
31 43 35 38 0.227786 3.92884 17.248
31 43 36 39 0.247243 4.26444 17.248
31 43 37 40 0.317284 4.4855 14.1372
31 43 38 41 0.532229 4.8768 9.16298
31 43 39 42 1.77908 7.12817 4.00667
31 53 32 37 1.50694 5.58138 3.70377
31 53 33 38 0.650599 5.46781 8.40426
31 53 34 39 0.38757 5.36074 13.8317
31 53 35 40 0.207215 4.06215 19.6035
31 53 36 41 0.162846 4.10887 25.2317
31 53 37 42 0.130478 3.93513 30.1593
31 53 38 43 0.12385 4.19015 33.8325
31 53 39 44 0.110111 3.94172 35.7978
31 53 40 45 0.109931 3.93527 35.7978
31 53 41 46 0.120239 4.06799 33.8325
31 53 42 47 0.136899 4.12879 30.1593
31 53 43 48 0.168885 4.26125 25.2317
31 53 44 49 0.2407 4.71857 19.6035
31 53 45 50 0.318765 4.40905 13.8317
31 53 46 51 0.684178 5.75001 8.40426
31 53 47 52 1.73835 6.43847 3.70377
32 44 33 36 1.55821 6.24324 4.00667
32 44 34 37 0.697839 6.39428 9.16298
32 44 35 38 0.299622 4.2358 14.1372
32 44 36 39 0.261428 4.5091 17.248
32 44 37 40 0.262094 4.52059 17.248
32 44 38 41 0.353657 4.99971 14.1372
32 44 39 42 0.74239 6.8025 9.16298
32 44 40 43 2.2251 8.91523 4.00667
32 54 33 38 1.6491 6.10788 3.70377
32 54 34 39 0.720342 6.05394 8.40426
32 54 35 40 0.309013 4.27417 13.8317
32 54 36 41 0.221162 4.33555 19.6035
32 54 37 42 0.158852 4.0081 25.2317
32 54 38 43 0.140512 4.23773 30.1593
32 54 39 44 0.118033 3.99336 33.8325
32 54 40 45 0.110065 3.94006 35.7978
32 54 41 46 0.113006 4.04536 35.7978
32 54 42 47 0.118756 4.01781 33.8325
32 54 43 48 0.135003 4.0716 30.1593
32 54 44 49 0.176703 4.45851 25.2317
32 54 45 50 0.211317 4.14256 19.6035
32 54 46 51 0.354315 4.90078 13.8317
32 54 47 52 0.631423 5.30664 8.40426
32 54 48 53 2.18733 8.10139 3.70377
33 45 34 37 2.34177 9.38271 4.00667
33 45 35 38 0.529557 4.85232 9.16298
33 45 36 39 0.346632 4.90039 14.1372
33 45 37 40 0.253074 4.36501 17.248
33 45 38 41 0.270148 4.6595 17.248
33 45 39 42 0.405778 5.73656 14.1372
33 45 40 43 0.741442 6.79382 9.16298
33 45 41 44 1.7798 7.13107 4.00667
33 55 34 39 2.41263 8.93582 3.70377
33 55 35 40 0.579541 4.87062 8.40426
33 55 36 41 0.349646 4.83619 13.8317
33 55 37 42 0.214107 4.19726 19.6035
33 55 38 43 0.172933 4.36339 25.2317
33 55 39 44 0.135924 4.09937 30.1593
33 55 40 45 0.118244 4.00048 33.8325
33 55 41 46 0.113966 4.07972 35.7978
33 55 42 47 0.111159 3.97925 35.7978
33 55 43 48 0.117639 3.98002 33.8325
33 55 44 49 0.143905 4.34008 30.1593
33 55 45 50 0.159612 4.02727 25.2317
33 55 46 51 0.228303 4.47555 19.6035
33 55 47 52 0.331992 4.59201 13.8317
33 55 48 53 0.697271 5.86004 8.40426
33 55 49 54 1.86981 6.92534 3.70377
34 46 35 38 1.27557 5.11079 4.00667
34 46 36 39 0.599811 5.49606 9.16298
34 46 37 40 0.312208 4.41373 14.1372
34 46 38 41 0.261251 4.50604 17.248
34 46 39 42 0.292657 5.04773 17.248
34 46 40 43 0.390518 5.52082 14.1372
34 46 41 44 0.593857 5.4415 9.16298
34 46 42 45 2.20399 8.83065 4.00667
34 56 35 40 1.39456 5.16514 3.70377
34 56 36 41 0.650664 5.46835 8.40426
34 56 37 42 0.321578 4.44797 13.8317
34 56 38 43 0.231979 4.54761 19.6035
34 56 39 44 0.169071 4.26595 25.2317
34 56 40 45 0.136798 4.12573 30.1593
34 56 41 46 0.124 4.19523 33.8325
34 56 42 47 0.112954 4.0435 35.7978
34 56 43 48 0.112385 4.02312 35.7978
34 56 44 49 0.130821 4.426 33.8325
34 56 45 50 0.137926 4.15975 30.1593
34 56 46 51 0.180724 4.55998 25.2317
34 56 47 52 0.238627 4.67793 19.6035
34 56 48 53 0.413698 5.72214 13.8317
34 56 49 54 0.786089 6.6065 8.40426
34 56 50 55 2.06253 7.63914 3.70377
35 47 36 39 2.91693 11.6872 4.00667
35 47 37 40 0.74646 6.83979 9.16298
35 47 38 41 0.408605 5.77652 14.1372
35 47 39 42 0.315289 5.4381 17.248
35 47 40 43 0.301324 5.19723 17.248
35 47 41 44 0.332245 4.697 14.1372
35 47 42 45 0.597556 5.47539 9.16298
35 47 43 46 1.74457 6.98992 4.00667
35 57 36 41 3.05734 11.3237 3.70377
35 57 37 42 0.814778 6.84761 8.40426
35 57 38 43 0.437179 6.04692 13.8317
35 57 39 44 0.270521 5.30317 19.6035
35 57 40 45 0.190857 4.81565 25.2317
35 57 41 46 0.156429 4.7178 30.1593
35 57 42 47 0.127094 4.29993 33.8325
35 57 43 48 0.114596 4.10227 35.7978
35 57 44 49 0.123946 4.43701 35.7978
35 57 45 50 0.121685 4.1169 33.8325
35 57 46 51 0.143392 4.3246 30.1593
35 57 47 52 0.170709 4.30728 25.2317
35 57 48 53 0.252 4.9401 19.6035
35 57 49 54 0.386321 5.34346 13.8317
35 57 50 55 0.672844 5.65475 8.40426
35 57 51 56 1.4821 5.48937 3.70377
36 48 37 40 1.96982 7.89241 4.00667
36 48 38 41 0.694554 6.36418 9.16298
36 48 39 42 0.402778 5.69415 14.1372
36 48 40 43 0.303109 5.22802 17.248
36 48 41 44 0.271903 4.68977 17.248
36 48 42 45 0.337503 4.77134 14.1372
36 48 43 46 0.60975 5.58713 9.16298
36 48 44 47 2.2119 8.86235 4.00667
36 58 37 42 2.0953 7.76051 3.70377
36 58 38 43 0.767884 6.45349 8.40426
36 58 39 44 0.40123 5.54968 13.8317
36 58 40 45 0.252754 4.95488 19.6035
36 58 41 46 0.191266 4.82596 25.2317
36 58 42 47 0.142608 4.30096 30.1593
36 58 43 48 0.118918 4.02329 33.8325
36 58 44 49 0.121625 4.35392 35.7978
36 58 45 50 0.112925 4.04245 35.7978
36 58 46 51 0.122947 4.15961 33.8325
36 58 47 52 0.135188 4.07718 30.1593
36 58 48 53 0.178848 4.51264 25.2317
36 58 49 54 0.240974 4.72395 19.6035
36 58 50 55 0.354467 4.90287 13.8317
36 58 51 56 0.555036 4.66467 8.40426
36 58 52 57 2.0046 7.42459 3.70377
37 49 38 41 1.76159 7.05811 4.00667
37 49 39 42 0.673732 6.17339 9.16298
37 49 40 43 0.387508 5.47827 14.1372
37 49 41 44 0.28376 4.89428 17.248
37 49 42 45 0.251517 4.33815 17.248
37 49 43 46 0.309861 4.38056 14.1372
37 49 44 47 0.614741 5.63286 9.16298
37 49 45 48 1.71346 6.86526 4.00667
37 59 38 43 1.90362 7.05059 3.70377
37 59 39 44 0.718357 6.03726 8.40426
37 59 40 45 0.382794 5.29468 13.8317
37 59 41 46 0.262693 5.14971 19.6035
37 59 42 47 0.177533 4.47946 25.2317
37 59 43 48 0.135053 4.07309 30.1593
37 59 44 49 0.130228 4.40593 33.8325
37 59 45 50 0.114171 4.08707 35.7978
37 59 46 51 0.115145 4.12194 35.7978
37 59 47 52 0.118065 3.99444 33.8325
37 59 48 53 0.143174 4.31801 30.1593
37 59 49 54 0.17568 4.43271 25.2317
37 59 50 55 0.233425 4.57595 19.6035
37 59 51 56 0.310034 4.28829 13.8317
37 59 52 57 0.685387 5.76017 8.40426
37 59 53 58 2.19086 8.11444 3.70377
38 50 39 42 1.51536 6.07154 4.00667
38 50 40 43 0.594348 5.446 9.16298
38 50 41 44 0.36191 5.11638 14.1372
38 50 42 45 0.255611 4.40877 17.248
38 50 43 46 0.251715 4.34158 17.248
38 50 44 47 0.389578 5.50754 14.1372
38 50 45 48 0.704662 6.4568 9.16298
38 50 46 49 2.11483 8.47344 4.00667
38 60 39 44 1.60177 5.93261 3.70377
38 60 40 45 0.616678 5.18272 8.40426
38 60 41 46 0.369024 5.10422 13.8317
38 60 42 47 0.222697 4.36564 19.6035
38 60 43 48 0.154995 3.91078 25.2317
38 60 44 49 0.141668 4.27261 30.1593
38 60 45 50 0.11808 3.99496 33.8325
38 60 46 51 0.111632 3.99617 35.7978
38 60 47 52 0.107717 3.85603 35.7978
38 60 48 53 0.12163 4.11505 33.8325
38 60 49 54 0.138438 4.17519 30.1593
38 60 50 55 0.171142 4.3182 25.2317
38 60 51 56 0.205318 4.02496 19.6035
38 60 52 57 0.357188 4.94051 13.8317
38 60 53 58 0.743723 6.25044 8.40426
38 60 54 59 2.30345 8.53144 3.70377
39 51 40 43 2.04179 8.18077 4.00667
39 51 41 44 0.764981 7.00951 9.16298
39 51 42 45 0.361792 5.11471 14.1372
39 51 43 46 0.24794 4.27646 17.248
39 51 44 47 0.293879 5.06881 17.248
39 51 45 48 0.386528 5.46441 14.1372
39 51 46 49 0.700078 6.4148 9.16298
39 51 47 50 1.53399 6.1462 4.00667
39 61 40 45 2.11908 7.84858 3.70377
39 61 41 46 0.817233 6.86824 8.40426
39 61 42 47 0.37451 5.1801 13.8317
39 61 43 48 0.214509 4.20513 19.6035
39 61 44 49 0.179288 4.52374 25.2317
39 61 45 50 0.138415 4.17451 30.1593
39 61 46 51 0.120394 4.07323 33.8325
39 61 47 52 0.107808 3.85929 35.7978
39 61 48 53 0.112672 4.0334 35.7978
39 61 49 54 0.118779 4.01858 33.8325
39 61 50 55 0.137229 4.13873 30.1593
39 61 51 56 0.150702 3.80247 25.2317
39 61 52 57 0.219169 4.2965 19.6035
39 61 53 58 0.34554 4.7794 13.8317
39 61 54 59 0.64788 5.44495 8.40426
39 61 55 60 1.85811 6.88203 3.70377
40 52 41 44 2.42537 9.71765 4.00667
40 52 42 45 0.688565 6.3093 9.16298
40 52 43 46 0.320898 4.53659 14.1372
40 52 44 47 0.298009 5.14005 17.248
40 52 45 48 0.301191 5.19493 17.248
40 52 46 49 0.405922 5.73859 14.1372
40 52 47 50 0.602466 5.52039 9.16298
40 52 48 51 2.53303 10.149 4.00667
40 62 41 46 2.53919 9.40459 3.70377
40 62 42 47 0.74614 6.27075 8.40426
40 62 43 48 0.330871 4.5765 13.8317
40 62 44 49 0.24926 4.88637 19.6035
40 62 45 50 0.176901 4.46352 25.2317
40 62 46 51 0.141494 4.26736 30.1593
40 62 47 52 0.118249 4.00067 33.8325
40 62 48 53 0.115876 4.14811 35.7978
40 62 49 54 0.114963 4.11541 35.7978
40 62 50 55 0.126858 4.29193 33.8325
40 62 51 56 0.131989 3.98068 30.1593
40 62 52 57 0.175985 4.44039 25.2317
40 62 53 58 0.247254 4.84706 19.6035
40 62 54 59 0.391435 5.41421 13.8317
40 62 55 60 0.781864 6.57099 8.40426
40 62 56 61 2.06331 7.64202 3.70377
41 53 42 45 1.90388 7.6282 4.00667
41 53 43 46 0.512783 4.69862 9.16298
41 53 44 47 0.364744 5.15645 14.1372
41 53 45 48 0.281691 4.8586 17.248
41 53 46 49 0.281238 4.85078 17.248
41 53 47 50 0.3046 4.30618 14.1372
41 53 48 51 0.63077 5.77973 9.16298
41 53 49 52 1.62591 6.51447 4.00667
41 63 42 47 2.01944 7.47955 3.70377
41 63 43 48 0.566322 4.75952 8.40426
41 63 44 49 0.367255 5.07975 13.8317
41 63 45 50 0.235187 4.6105 19.6035
41 63 46 51 0.1713 4.32218 25.2317
41 63 47 52 0.132602 3.99919 30.1593
41 63 48 53 0.12134 4.10525 33.8325
41 63 49 54 0.112753 4.03631 35.7978
41 63 50 55 0.118471 4.24099 35.7978
41 63 51 56 0.116504 3.94162 33.8325
41 63 52 57 0.142915 4.31021 30.1593
41 63 53 58 0.181675 4.58396 25.2317
41 63 54 59 0.254945 4.99782 19.6035
41 63 55 60 0.419111 5.797 13.8317
41 63 56 61 0.766026 6.43788 8.40426
41 63 57 62 1.77997 6.59261 3.70377
42 54 43 46 1.71804 6.88362 4.00667
42 54 44 47 0.738671 6.76843 9.16298
42 54 45 48 0.404233 5.71471 14.1372
42 54 46 49 0.295816 5.10222 17.248
42 54 47 50 0.245851 4.24043 17.248
42 54 48 51 0.347228 4.90882 14.1372
42 54 49 52 0.579512 5.31006 9.16298
42 54 50 53 2.11295 8.46591 4.00667
42 64 43 48 1.84195 6.82216 3.70377
42 64 44 49 0.789183 6.6325 8.40426
42 64 45 50 0.404232 5.5912 13.8317
42 64 46 51 0.25023 4.9054 19.6035
42 64 47 52 0.171895 4.3372 25.2317
42 64 48 53 0.143108 4.31603 30.1593
42 64 49 54 0.122147 4.13253 33.8325
42 64 50 55 0.121059 4.33366 35.7978
42 64 51 56 0.111652 3.99691 35.7978
42 64 52 57 0.125875 4.25867 33.8325
42 64 53 58 0.145512 4.38853 30.1593
42 64 54 59 0.184871 4.66461 25.2317
42 64 55 60 0.266546 5.22525 19.6035
42 64 56 61 0.409424 5.66303 13.8317
42 64 57 62 0.668397 5.61738 8.40426
42 64 58 63 2.18329 8.08642 3.70377
43 55 44 47 2.23091 8.93851 4.00667
43 55 45 48 0.745611 6.83202 9.16298
43 55 46 49 0.395453 5.59058 14.1372
43 55 47 50 0.255597 4.40853 17.248
43 55 48 51 0.2651 4.57244 17.248
43 55 49 52 0.320652 4.53311 14.1372
43 55 50 53 0.671693 6.15471 9.16298
43 55 51 54 1.77856 7.12609 4.00667
44 56 45 48 1.81523 7.27302 4.00667
44 56 46 49 0.617356 5.65682 9.16298
44 56 47 50 0.310619 4.39127 14.1372
44 56 48 51 0.259306 4.47249 17.248
44 56 49 52 0.255479 4.40649 17.248
44 56 50 53 0.416248 5.88457 14.1372
44 56 51 54 0.738479 6.76667 9.16298
44 56 52 55 1.94948 7.81092 4.00667
45 57 46 49 2.26171 9.06193 4.00667
45 57 47 50 0.594815 5.45027 9.16298
45 57 48 51 0.341677 4.83035 14.1372
45 57 49 52 0.243635 4.20221 17.248
45 57 50 53 0.29955 5.16663 17.248
45 57 51 54 0.385113 5.44441 14.1372
45 57 52 55 0.624948 5.72639 9.16298
45 57 53 56 1.35832 5.44235 4.00667
46 58 47 50 1.74392 6.98729 4.00667
46 58 48 51 0.616602 5.64991 9.16298
46 58 49 52 0.306513 4.33323 14.1372
46 58 50 53 0.290624 5.01267 17.248
46 58 51 54 0.285392 4.92243 17.248
46 58 52 55 0.352087 4.97752 14.1372
46 58 53 56 0.494746 4.53335 9.16298
46 58 54 57 1.89196 7.58045 4.00667
47 59 48 51 2.17094 8.69825 4.00667
47 59 49 52 0.573578 5.25568 9.16298
47 59 50 53 0.393763 5.56669 14.1372
47 59 51 54 0.292104 5.03821 17.248
47 59 52 55 0.281638 4.85768 17.248
47 59 53 56 0.295101 4.17189 14.1372
47 59 54 57 0.628665 5.76045 9.16298
47 59 55 58 2.09816 8.40663 4.00667
48 60 49 52 1.65445 6.62882 4.00667
48 60 50 53 0.708794 6.49467 9.16298
48 60 51 54 0.385726 5.45307 14.1372
48 60 52 55 0.291825 5.03339 17.248
48 60 53 56 0.235176 4.05631 17.248
48 60 54 57 0.344416 4.86906 14.1372
48 60 55 58 0.703649 6.44752 9.16298
48 60 56 59 2.2358 8.95813 4.00667
49 61 50 53 2.11735 8.48351 4.00667
49 61 51 54 0.699921 6.41336 9.16298
49 61 52 55 0.399458 5.6472 14.1372
49 61 53 56 0.243077 4.19259 17.248
49 61 54 57 0.251155 4.33191 17.248
49 61 55 58 0.347357 4.91064 14.1372
49 61 56 59 0.631746 5.78868 9.16298
49 61 57 60 1.76683 7.07911 4.00667
50 62 51 54 1.58594 6.35435 4.00667
50 62 52 55 0.634243 5.81155 9.16298
50 62 53 56 0.300032 4.24161 14.1372
50 62 54 57 0.248201 4.28096 17.248
50 62 55 58 0.277146 4.7802 17.248
50 62 56 59 0.402062 5.68401 14.1372
50 62 57 60 0.734407 6.72935 9.16298
50 62 58 61 1.93372 7.7478 4.00667
51 63 52 55 2.57031 10.2984 4.00667
51 63 53 56 0.617437 5.65756 9.16298
51 63 54 57 0.343954 4.86253 14.1372
51 63 55 58 0.277588 4.78782 17.248
51 63 56 59 0.314236 5.41993 17.248
51 63 57 60 0.418197 5.91212 14.1372
51 63 58 61 0.702839 6.4401 9.16298
51 63 59 62 1.65299 6.62298 4.00667
52 64 53 56 1.61689 6.47835 4.00667
52 64 54 57 0.583335 5.34509 9.16298
52 64 55 58 0.338403 4.78407 14.1372
52 64 56 59 0.304413 5.2505 17.248
52 64 57 60 0.307453 5.30293 17.248
52 64 58 61 0.391506 5.53479 14.1372
52 64 59 62 0.604557 5.53954 9.16298
52 64 60 63 2.05591 8.23737 4.00667
