64
# x y z
0.0 0.0 0.0
0.5 0.0 0.0
1.0 0.0 0.0
1.5 0.0 0.0
2.0 0.0 0.0
2.5 0.0 0.0
3.0 0.0 0.0
3.5 0.0 0.0
4.0 0.0 0.0
4.5 0.0 0.0
5.0 0.0 0.0
5.5 0.0 0.0
6.0 0.0 0.0
6.5 0.0 0.0
7.0 0.0 0.0
7.5 0.0 0.0
8.0 0.0 0.0
8.5 0.0 0.0
9.0 0.0 0.0
9.5 0.0 0.0
10.0 0.0 0.0
10.5 0.0 0.0
11.0 0.0 0.0
11.5 0.0 0.0
12.0 0.0 0.0
12.5 0.0 0.0
13.0 0.0 0.0
13.5 0.0 0.0
14.0 0.0 0.0
14.5 0.0 0.0
15.0 0.0 0.0
15.5 0.0 0.0
16.0 0.0 0.0
16.5 0.0 0.0
17.0 0.0 0.0
17.5 0.0 0.0
18.0 0.0 0.0
18.5 0.0 0.0
19.0 0.0 0.0
19.5 0.0 0.0
20.0 0.0 0.0
20.5 0.0 0.0
21.0 0.0 0.0
21.5 0.0 0.0
22.0 0.0 0.0
22.5 0.0 0.0
23.0 0.0 0.0
23.5 0.0 0.0
24.0 0.0 0.0
24.5 0.0 0.0
25.0 0.0 0.0
25.5 0.0 0.0
26.0 0.0 0.0
26.5 0.0 0.0
27.0 0.0 0.0
27.5 0.0 0.0
28.0 0.0 0.0
28.5 0.0 0.0
29.0 0.0 0.0
29.5 0.0 0.0
30.0 0.0 0.0
30.5 0.0 0.0
31.0 0.0 0.0
31.5 0.0 0.0
1392
# a b m n r rhoa k
1 13 2 5 0.978781 3.92165 4.00667
1 13 3 6 0.398122 3.64798 9.16298
1 13 4 7 0.276337 3.90662 14.1372
1 13 5 8 0.271274 4.67892 17.248
1 13 6 9 0.19625 3.38492 17.248
1 13 7 10 0.416157 5.88328 14.1372
1 13 8 11 0.644043 5.90135 9.16298
1 13 9 12 2.7936 11.193 4.00667
1 23 2 7 1.06967 3.96181 3.70377
1 23 3 8 0.445953 3.74791 8.40426
1 23 4 9 0.280251 3.87634 13.8317
1 23 5 10 0.220984 4.33206 19.6035
1 23 6 11 0.155369 3.92021 25.2317
1 23 7 12 0.138911 4.18947 30.1593
1 23 8 13 0.102067 3.45318 33.8325
1 23 9 14 0.118548 4.24377 35.7978
1 23 10 15 0.0881243 3.15465 35.7978
1 23 11 16 0.120725 4.08443 33.8325
1 23 12 17 0.120334 3.62918 30.1593
1 23 13 18 0.174106 4.39298 25.2317
1 23 14 19 0.213794 4.19113 19.6035
1 23 15 20 0.316788 4.38171 13.8317
1 23 16 21 0.785662 6.60291 8.40426
1 23 17 22 1.64332 6.08647 3.70377
1 57 4 16 0.350017 4.03988 11.542
1 57 5 17 0.258873 4.20799 16.255
1 57 6 18 0.188913 4.03158 21.3409
1 57 7 19 0.154771 4.14068 26.7536
1 57 8 20 0.113884 3.69434 32.4396
1 57 9 21 0.111986 4.29333 38.3381
1 57 10 22 0.0857518 3.80575 44.381
1 57 11 23 0.0805518 4.06732 50.4932
1 57 12 24 0.0698114 3.95086 56.5934
1 57 13 25 0.0648309 4.05808 62.5948
1 57 14 26 0.0591062 4.04325 68.4065
1 57 15 27 0.0593342 4.38692 73.9358
1 57 16 28 0.0502094 3.97102 79.0892
1 57 17 29 0.0512422 4.29286 83.7758
1 57 18 30 0.045866 4.03204 87.9092
1 57 19 31 0.0441541 4.03615 91.4105
1 57 20 32 0.043537 4.10165 94.2106
1 57 21 33 0.0416762 4.01146 96.2531
1 57 22 34 0.0425405 4.14752 97.4958
1 57 23 35 0.04446 4.35321 97.913
1 57 24 36 0.0425662 4.15002 97.4958
1 57 25 37 0.0444251 4.27605 96.2531
1 57 26 38 0.0427089 4.02363 94.2106
1 57 27 39 0.0468663 4.28407 91.4105
1 57 28 40 0.0482529 4.24187 87.9092
1 57 29 41 0.0470195 3.9391 83.7758
1 57 30 42 0.0502238 3.97216 79.0892
1 57 31 43 0.0578849 4.27976 73.9358
1 57 32 44 0.0573874 3.92568 68.4065
1 57 33 45 0.065299 4.08737 62.5948
1 57 34 46 0.0697889 3.94959 56.5934
1 57 35 47 0.0792437 4.00127 50.4932
1 57 36 48 0.0874681 3.88192 44.381
1 57 37 49 0.102538 3.93109 38.3381
1 57 38 50 0.114082 3.70078 32.4396
1 57 39 51 0.14826 3.9665 26.7536
1 57 40 52 0.178731 3.81429 21.3409
1 57 41 53 0.268532 4.36498 16.255
1 57 42 54 0.35584 4.10709 11.542
2 14 3 6 1.03419 4.14365 4.00667
2 14 4 7 0.478725 4.38655 9.16298
2 14 5 8 0.350596 4.95643 14.1372
2 14 6 9 0.208143 3.59004 17.248
2 14 7 10 0.273069 4.70989 17.248
2 14 8 11 0.268486 3.79562 14.1372
2 14 9 12 0.551232 5.05092 9.16298
2 14 10 13 0.861243 3.45071 4.00667
2 24 3 8 1.14262 4.232 3.70377
2 24 4 9 0.526579 4.4255 8.40426
2 24 5 10 0.34734 4.80429 13.8317
2 24 6 11 0.216246 4.23919 19.6035
2 24 7 12 0.177811 4.48646 25.2317
2 24 8 13 0.11716 3.53345 30.1593
2 24 9 14 0.130428 4.4127 33.8325
2 24 10 15 0.0909631 3.25628 35.7978
2 24 11 16 0.114479 4.09808 35.7978
2 24 12 17 0.106665 3.60875 33.8325
2 24 13 18 0.1414 4.26453 30.1593
2 24 14 19 0.158844 4.0079 25.2317
2 24 15 20 0.215738 4.22924 19.6035
2 24 16 21 0.367409 5.08188 13.8317
2 24 17 22 0.549236 4.61592 8.40426
2 24 18 23 2.37374 8.7918 3.70377
2 58 5 17 0.401369 4.63258 11.542
2 58 6 18 0.264402 4.29785 16.255
2 58 7 19 0.205798 4.39192 21.3409
2 58 8 20 0.141221 3.77816 26.7536
2 58 9 21 0.136958 4.44284 32.4396
2 58 10 22 0.101259 3.88208 38.3381
2 58 11 23 0.0934567 4.1477 44.381
2 58 12 24 0.0790899 3.9935 50.4932
2 58 13 25 0.0726853 4.11351 56.5934
2 58 14 26 0.0650603 4.07244 62.5948
2 58 15 27 0.0648683 4.43741 68.4065
2 58 16 28 0.053685 3.96924 73.9358
2 58 17 29 0.0543603 4.29931 79.0892
2 58 18 30 0.0481922 4.03734 83.7758
2 58 19 31 0.0460489 4.04812 87.9092
2 58 20 32 0.0448858 4.10304 91.4105
2 58 21 33 0.0425006 4.004 94.2106
2 58 22 34 0.0429199 4.13117 96.2531
2 58 23 35 0.0440565 4.29532 97.4958
2 58 24 36 0.0425274 4.16398 97.913
2 58 25 37 0.0437285 4.26334 97.4958
2 58 26 38 0.0416109 4.00518 96.2531
2 58 27 39 0.0451813 4.25656 94.2106
2 58 28 40 0.0462897 4.23136 91.4105
2 58 29 41 0.0448085 3.93908 87.9092
2 58 30 42 0.0471972 3.95398 83.7758
2 58 31 43 0.0536436 4.24263 79.0892
2 58 32 44 0.0527562 3.90057 73.9358
2 58 33 45 0.0590316 4.03815 68.4065
2 58 34 46 0.0625844 3.91746 62.5948
2 58 35 47 0.0695246 3.93463 56.5934
2 58 36 48 0.0755355 3.81403 50.4932
2 58 37 49 0.0865468 3.84103 44.381
2 58 38 50 0.0947014 3.63067 38.3381
2 58 39 51 0.117735 3.81926 32.4396
2 58 40 52 0.137432 3.67681 26.7536
2 58 41 53 0.190818 4.07223 21.3409
2 58 42 54 0.23516 3.82253 16.255
2 58 43 55 0.334908 3.8655 11.542
3 15 4 7 2.41603 9.68023 4.00667
3 15 5 8 0.880545 8.06842 9.16298
3 15 6 9 0.375133 5.30332 14.1372
3 15 7 10 0.345017 5.95084 17.248
3 15 8 11 0.263382 4.5428 17.248
3 15 9 12 0.472036 6.67325 14.1372
3 15 10 13 0.604865 5.54237 9.16298
3 15 11 14 2.51359 10.0711 4.00667
3 25 4 9 2.5412 9.41201 3.70377
3 25 5 10 0.906338 7.6171 8.40426
3 25 6 11 0.41135 5.68965 13.8317
3 25 7 12 0.278724 5.46399 19.6035
3 25 8 13 0.152454 3.84668 25.2317
3 25 9 14 0.161121 4.8593 30.1593
3 25 10 15 0.10422 3.52603 33.8325
3 25 11 16 0.120142 4.3008 35.7978
3 25 12 17 0.104982 3.75812 35.7978
3 25 13 18 0.129773 4.39054 33.8325
3 25 14 19 0.136971 4.13095 30.1593
3 25 15 20 0.176954 4.46486 25.2317
3 25 16 21 0.252159 4.94321 19.6035
3 25 17 22 0.33388 4.61812 13.8317
3 25 18 23 0.867865 7.29376 8.40426
3 25 19 24 2.56418 9.49713 3.70377
3 59 6 18 0.478073 5.51789 11.542
3 59 7 19 0.321505 5.22606 16.255
3 59 8 20 0.189025 4.03396 21.3409
3 59 9 21 0.179223 4.79486 26.7536
3 59 10 22 0.125247 4.06296 32.4396
3 59 11 23 0.112576 4.31593 38.3381
3 59 12 24 0.0924394 4.10255 44.381
3 59 13 25 0.0837859 4.23062 50.4932
3 59 14 26 0.0732424 4.14504 56.5934
3 59 15 27 0.0724745 4.53653 62.5948
3 59 16 28 0.0588719 4.02722 68.4065
3 59 17 29 0.0592958 4.38408 73.9358
3 59 18 30 0.0517672 4.09423 79.0892
3 59 19 31 0.0488378 4.09142 83.7758
3 59 20 32 0.0470927 4.13988 87.9092
3 59 21 33 0.0441067 4.03182 91.4105
3 59 22 34 0.0442705 4.17075 94.2106
3 59 23 35 0.044817 4.31377 96.2531
3 59 24 36 0.0430067 4.19298 97.4958
3 59 25 37 0.0439101 4.29937 97.913
3 59 26 38 0.0414033 4.03665 97.4958
3 59 27 39 0.0444761 4.28096 96.2531
3 59 28 40 0.0452273 4.26089 94.2106
3 59 29 41 0.0432623 3.95462 91.4105
3 59 30 42 0.0451683 3.97071 87.9092
3 59 31 43 0.0509397 4.26752 83.7758
3 59 32 44 0.0497436 3.93418 79.0892
3 59 33 45 0.0552187 4.08264 73.9358
3 59 34 46 0.0580335 3.96987 68.4065
3 59 35 47 0.0631433 3.95244 62.5948
3 59 36 48 0.0679445 3.84521 56.5934
3 59 37 49 0.0766431 3.86996 50.4932
3 59 38 50 0.0829321 3.68061 44.381
3 59 39 51 0.100021 3.83462 38.3381
3 59 40 52 0.114452 3.71279 32.4396
3 59 41 53 0.151486 4.0528 26.7536
3 59 42 54 0.179235 3.82505 21.3409
3 59 43 55 0.235508 3.82818 16.255
3 59 44 56 0.275894 3.18436 11.542
4 16 5 8 2.32205 9.30367 4.00667
4 16 6 9 0.677267 6.20578 9.16298
4 16 7 10 0.427428 6.04263 14.1372
4 16 8 11 0.214547 3.7005 17.248
4 16 9 12 0.298133 5.14219 17.248
4 16 10 13 0.264742 3.74271 14.1372
4 16 11 14 0.470431 4.31055 9.16298
4 16 12 15 0.582437 2.33363 4.00667
4 26 5 10 2.39603 8.87434 3.70377
4 26 6 11 0.758336 6.37326 8.40426
4 26 7 12 0.42593 5.89133 13.8317
4 26 8 13 0.191238 3.74893 19.6035
4 26 9 14 0.19326 4.87629 25.2317
4 26 10 15 0.115902 3.49551 30.1593
4 26 11 16 0.123206 4.16836 33.8325
4 26 12 17 0.100386 3.5936 35.7978
4 26 13 18 0.113713 4.07068 35.7978
4 26 14 19 0.11021 3.7287 33.8325
4 26 15 20 0.133367 4.02224 30.1593
4 26 16 21 0.154161 3.88974 25.2317
4 26 17 22 0.178994 3.50891 19.6035
4 26 18 23 0.293852 4.06446 13.8317
4 26 19 24 0.465728 3.9141 8.40426
4 26 20 25 0.779075 2.88552 3.70377
4 60 7 19 0.484654 5.59386 11.542
4 60 8 20 0.241732 3.92935 16.255
4 60 9 21 0.224652 4.79429 21.3409
4 60 10 22 0.149383 3.99654 26.7536
4 60 11 23 0.131376 4.26178 32.4396
4 60 12 24 0.105216 4.03378 38.3381
4 60 13 25 0.094239 4.18242 44.381
4 60 14 26 0.0808174 4.08073 50.4932
4 60 15 27 0.0794544 4.49659 56.5934
4 60 16 28 0.0635124 3.97554 62.5948
4 60 17 29 0.063483 4.34265 68.4065
4 60 18 30 0.0548194 4.05312 73.9358
4 60 19 31 0.0513296 4.05961 79.0892
4 60 20 32 0.0490419 4.10853 83.7758
4 60 21 33 0.0456003 4.00868 87.9092
4 60 22 34 0.0455214 4.16114 91.4105
4 60 23 35 0.0446676 4.20816 94.2106
4 60 24 36 0.0433867 4.1761 96.2531
4 60 25 37 0.0440138 4.29116 97.4958
4 60 26 38 0.0412136 4.03534 97.913
4 60 27 39 0.0439378 4.28375 97.4958
4 60 28 40 0.0444072 4.27433 96.2531
4 60 29 41 0.0421798 3.97378 94.2106
4 60 30 42 0.0438782 4.01093 91.4105
4 60 31 43 0.049047 4.31168 87.9092
4 60 32 44 0.0476276 3.99004 83.7758
4 60 33 45 0.0524546 4.14859 79.0892
4 60 34 46 0.0547029 4.0445 73.9358
4 60 35 47 0.0586518 4.01217 68.4065
4 60 36 48 0.0626499 3.92155 62.5948
4 60 37 49 0.0698487 3.95298 56.5934
4 60 38 50 0.074901 3.78199 50.4932
4 60 39 51 0.0884872 3.92715 44.381
4 60 40 52 0.0998649 3.82863 38.3381
4 60 41 53 0.128438 4.16647 32.4396
4 60 42 54 0.148463 3.97191 26.7536
4 60 43 55 0.18695 3.98969 21.3409
4 60 44 56 0.212554 3.45507 16.255
4 60 45 57 0.41649 4.8071 11.542
5 17 6 9 1.89446 7.59047 4.00667
5 17 7 10 0.755436 6.92205 9.16298
5 17 8 11 0.257263 3.63697 14.1372
5 17 9 12 0.317234 5.47165 17.248
5 17 10 13 0.237908 4.10342 17.248
5 17 11 14 0.364199 5.14874 14.1372
5 17 12 15 0.381633 3.4969 9.16298
5 17 13 16 3.78997 15.1852 4.00667
5 27 6 11 2.02256 7.49111 3.70377
5 27 7 12 0.781828 6.57069 8.40426
5 27 8 13 0.259902 3.59488 13.8317
5 27 9 14 0.250196 4.90473 19.6035
5 27 10 15 0.138445 3.4932 25.2317
5 27 11 16 0.138221 4.16866 30.1593
5 27 12 17 0.106304 3.59652 33.8325
5 27 13 18 0.115614 4.13872 35.7978
5 27 14 19 0.106464 3.81118 35.7978
5 27 15 20 0.12519 4.2355 33.8325
5 27 16 21 0.134272 4.04954 30.1593
5 27 17 22 0.150305 3.79245 25.2317
5 27 18 23 0.223184 4.37519 19.6035
5 27 19 24 0.323126 4.46937 13.8317
5 27 20 25 0.468697 3.93905 8.40426
5 27 21 26 1.87 6.92604 3.70377
5 61 8 20 0.322955 3.72753 11.542
5 61 9 21 0.291502 4.73837 16.255
5 61 10 22 0.181084 3.86451 21.3409
5 61 11 23 0.155291 4.15459 26.7536
5 61 12 24 0.120578 3.91151 32.4396
5 61 13 25 0.106374 4.07817 38.3381
5 61 14 26 0.0892777 3.96223 44.381
5 61 15 27 0.0873033 4.40822 50.4932
5 61 16 28 0.0681931 3.85928 56.5934
5 61 17 29 0.0674871 4.22434 62.5948
5 61 18 30 0.0577332 3.94933 68.4065
5 61 19 31 0.0537484 3.97393 73.9358
5 61 20 32 0.0508484 4.02156 79.0892
5 61 21 33 0.0467897 3.91984 83.7758
5 61 22 34 0.0463976 4.07878 87.9092
5 61 23 35 0.0457295 4.18015 91.4105
5 61 24 36 0.0435531 4.10316 94.2106
5 61 25 37 0.0438179 4.21761 96.2531
5 61 26 38 0.0406484 3.96305 97.4958
5 61 27 39 0.042903 4.20076 97.913
5 61 28 40 0.0432566 4.21734 97.4958
5 61 29 41 0.0406396 3.91168 96.2531
5 61 30 42 0.0418917 3.94664 94.2106
5 61 31 43 0.0462586 4.22852 91.4105
5 61 32 44 0.0445139 3.91318 87.9092
5 61 33 45 0.0481348 4.03253 83.7758
5 61 34 46 0.049746 3.93437 79.0892
5 61 35 47 0.0522573 3.86368 73.9358
5 61 36 48 0.0556402 3.80615 68.4065
5 61 37 49 0.0610126 3.81907 62.5948
5 61 38 50 0.0646702 3.65991 56.5934
5 61 39 51 0.0742016 3.74668 50.4932
5 61 40 52 0.0822576 3.65068 44.381
5 61 41 53 0.101752 3.90099 38.3381
5 61 42 54 0.114077 3.70061 32.4396
5 61 43 55 0.136022 3.63907 26.7536
5 61 44 56 0.149412 3.1886 21.3409
5 61 45 57 0.228002 3.70617 16.255
5 61 46 58 0.363984 4.20109 11.542
6 18 7 10 2.62236 10.5069 4.00667
6 18 8 11 0.398355 3.65012 9.16298
6 18 9 12 0.402074 5.68419 14.1372
6 18 10 13 0.218808 3.774 17.248
6 18 11 14 0.253735 4.37642 17.248
6 18 12 15 0.20394 2.88314 14.1372
6 18 13 16 0.737571 6.75835 9.16298
6 18 14 17 1.74495 6.99144 4.00667
6 28 7 12 2.70499 10.0187 3.70377
6 28 8 13 0.449708 3.77947 8.40426
6 28 9 14 0.397471 5.4977 13.8317
6 28 10 15 0.190772 3.73981 19.6035
6 28 11 16 0.174607 4.40562 25.2317
6 28 12 17 0.123102 3.71266 30.1593
6 28 13 18 0.127673 4.31952 33.8325
6 28 14 19 0.110558 3.95773 35.7978
6 28 15 20 0.126195 4.51752 35.7978
6 28 16 21 0.125233 4.23694 33.8325
6 28 17 22 0.135422 4.08422 30.1593
6 28 18 23 0.184659 4.65925 25.2317
6 28 19 24 0.249584 4.89273 19.6035
6 28 20 25 0.333218 4.60896 13.8317
6 28 21 26 0.847646 7.12384 8.40426
6 28 22 27 2.89554 10.7244 3.70377
6 62 9 21 0.454279 5.24326 11.542
6 62 10 22 0.24759 4.02457 16.255
6 62 11 23 0.202782 4.32757 21.3409
6 62 12 24 0.149654 4.00379 26.7536
6 62 13 25 0.129067 4.18686 32.4396
6 62 14 26 0.104698 4.01394 38.3381
6 62 15 27 0.101495 4.50444 44.381
6 62 16 28 0.0782442 3.9508 50.4932
6 62 17 29 0.0757835 4.28885 56.5934
6 62 18 30 0.0636009 3.98109 62.5948
6 62 19 31 0.0586928 4.01497 68.4065
6 62 20 32 0.054887 4.05811 73.9358
6 62 21 33 0.0500555 3.95885 79.0892
6 62 22 34 0.0494573 4.14333 83.7758
6 62 23 35 0.0481864 4.23603 87.9092
6 62 24 36 0.0452334 4.1348 91.4105
6 62 25 37 0.0453195 4.26957 94.2106
6 62 26 38 0.0417171 4.0154 96.2531
6 62 27 39 0.0437106 4.2616 97.4958
6 62 28 40 0.043548 4.26391 97.913
6 62 29 41 0.0407608 3.97401 97.4958
6 62 30 42 0.0419232 4.03524 96.2531
6 62 31 43 0.0459819 4.33199 94.2106
6 62 32 44 0.0440641 4.02792 91.4105
6 62 33 45 0.0473838 4.16547 87.9092
6 62 34 46 0.0487062 4.0804 83.7758
6 62 35 47 0.0507639 4.01487 79.0892
6 62 36 48 0.0535986 3.96286 73.9358
6 62 37 49 0.0583333 3.99038 68.4065
6 62 38 50 0.0614582 3.84696 62.5948
6 62 39 51 0.0697416 3.94691 56.5934
6 62 40 52 0.0765601 3.86577 50.4932
6 62 41 53 0.0936497 4.15626 44.381
6 62 42 54 0.103879 3.98251 38.3381
6 62 43 55 0.121715 3.94837 32.4396
6 62 44 56 0.132517 3.54531 26.7536
6 62 45 57 0.192443 4.10692 21.3409
6 62 46 58 0.28631 4.65396 16.255
6 62 47 59 0.413372 4.77112 11.542
7 19 8 11 0.711545 2.85092 4.00667
7 19 9 12 0.596803 5.46849 9.16298
7 19 10 13 0.252144 3.5646 14.1372
7 19 11 14 0.249656 4.30605 17.248
7 19 12 15 0.173859 2.99872 17.248
7 19 13 16 0.424321 5.99869 14.1372
7 19 14 17 0.687927 6.30346 9.16298
7 19 15 18 3.14278 12.5921 4.00667
7 29 8 13 0.798006 2.95563 3.70377
7 29 9 14 0.621612 5.22419 8.40426
7 29 10 15 0.250779 3.46869 13.8317
7 29 11 16 0.211552 4.14716 19.6035
7 29 12 17 0.141374 3.56711 25.2317
7 29 13 18 0.135174 4.07676 30.1593
7 29 14 19 0.108835 3.68217 33.8325
7 29 15 20 0.119623 4.28222 35.7978
7 29 16 21 0.106979 3.82962 35.7978
7 29 17 22 0.109793 3.71458 33.8325
7 29 18 23 0.130726 3.9426 30.1593
7 29 19 24 0.159803 4.03211 25.2317
7 29 20 25 0.190043 3.72552 19.6035
7 29 21 26 0.336986 4.66108 13.8317
7 29 22 27 0.654189 5.49798 8.40426
7 29 23 28 1.46298 5.41854 3.70377
7 63 10 22 0.321859 3.71488 11.542
7 63 11 23 0.252093 4.09777 16.255
7 63 12 24 0.177627 3.79073 21.3409
7 63 13 25 0.15021 4.01865 26.7536
7 63 14 26 0.11836 3.83956 32.4396
7 63 15 27 0.113851 4.36483 38.3381
7 63 16 28 0.0856808 3.8026 44.381
7 63 17 29 0.0824861 4.16499 50.4932
7 63 18 30 0.0681955 3.85942 56.5934
7 63 19 31 0.0624943 3.91181 62.5948
7 63 20 32 0.0577391 3.94973 68.4065
7 63 21 33 0.0523123 3.86775 73.9358
7 63 22 34 0.05154 4.07625 79.0892
7 63 23 35 0.0497116 4.16463 83.7758
7 63 24 36 0.0463608 4.07555 87.9092
7 63 25 37 0.0458528 4.19143 91.4105
7 63 26 38 0.0419225 3.94954 94.2106
7 63 27 39 0.0435851 4.1952 96.2531
7 63 28 40 0.04328 4.21962 97.4958
7 63 29 41 0.0401246 3.92872 97.913
7 63 30 42 0.0410339 4.00063 97.4958
7 63 31 43 0.0445874 4.29168 96.2531
7 63 32 44 0.042478 4.00188 94.2106
7 63 33 45 0.0452356 4.13501 91.4105
7 63 34 46 0.0460827 4.05109 87.9092
7 63 35 47 0.0472798 3.9609 83.7758
7 63 36 48 0.0497397 3.93388 79.0892
7 63 37 49 0.0535961 3.96267 73.9358
7 63 38 50 0.0560652 3.83522 68.4065
7 63 39 51 0.0625806 3.91722 62.5948
7 63 40 52 0.0680192 3.84944 56.5934
7 63 41 53 0.0815503 4.11774 50.4932
7 63 42 54 0.0891668 3.95731 44.381
7 63 43 55 0.101833 3.90408 38.3381
7 63 44 56 0.109455 3.55067 32.4396
7 63 45 57 0.149913 4.01071 26.7536
7 63 46 58 0.206759 4.41244 21.3409
7 63 47 59 0.273889 4.45207 16.255
7 63 48 60 0.383548 4.4269 11.542
8 20 9 12 2.77979 11.1377 4.00667
8 20 10 13 0.462637 4.23913 9.16298
8 20 11 14 0.344222 4.86632 14.1372
8 20 12 15 0.187948 3.24172 17.248
8 20 13 16 0.280124 4.83157 17.248
8 20 14 17 0.293735 4.15258 14.1372
8 20 15 18 0.665143 6.09469 9.16298
8 20 16 19 1.3168 5.27598 4.00667
8 30 9 14 2.86413 10.6081 3.70377
8 30 10 15 0.503589 4.23229 8.40426
8 30 11 16 0.35188 4.86709 13.8317
8 30 12 17 0.202882 3.97721 19.6035
8 30 13 18 0.177717 4.4841 25.2317
8 30 14 19 0.130406 3.93295 30.1593
8 30 15 20 0.138073 4.67137 33.8325
8 30 16 21 0.112608 4.0311 35.7978
8 30 17 22 0.111483 3.99083 35.7978
8 30 18 23 0.121954 4.12601 33.8325
8 30 19 24 0.141285 4.26105 30.1593
8 30 20 25 0.158574 4.00108 25.2317
8 30 21 26 0.246762 4.83742 19.6035
8 30 22 27 0.39994 5.53184 13.8317
8 30 23 28 0.660829 5.55378 8.40426
8 30 24 29 3.51794 13.0296 3.70377
8 64 11 23 0.410044 4.73271 11.542
8 64 12 24 0.254914 4.14362 16.255
8 64 13 25 0.204908 4.37294 21.3409
8 64 14 26 0.151483 4.05272 26.7536
8 64 15 27 0.14359 4.658 32.4396
8 64 16 28 0.103518 3.96869 38.3381
8 64 17 29 0.0977612 4.33874 44.381
8 64 18 30 0.0788923 3.98353 50.4932
8 64 19 31 0.0712889 4.03448 56.5934
8 64 20 32 0.0647396 4.05236 62.5948
8 64 21 33 0.0577725 3.95201 68.4065
8 64 22 34 0.0566264 4.18672 73.9358
8 64 23 35 0.0535907 4.23844 79.0892
8 64 24 36 0.0491133 4.11451 83.7758
8 64 25 37 0.0484151 4.25614 87.9092
8 64 26 38 0.04369 3.99372 91.4105
8 64 27 39 0.0449163 4.23159 94.2106
8 64 28 40 0.0444317 4.27668 96.2531
8 64 29 41 0.0405998 3.95831 97.4958
8 64 30 42 0.0412909 4.04292 97.913
8 64 31 43 0.0443506 4.324 97.4958
8 64 32 44 0.0419094 4.03391 96.2531
8 64 33 45 0.0443058 4.17407 94.2106
8 64 34 46 0.0445483 4.07218 91.4105
8 64 35 47 0.0450502 3.96033 87.9092
8 64 36 48 0.0472622 3.95943 83.7758
8 64 37 49 0.0503396 3.98132 79.0892
8 64 38 50 0.0522896 3.86607 73.9358
8 64 39 51 0.0574439 3.92954 68.4065
8 64 40 52 0.0616139 3.85671 62.5948
8 64 41 53 0.0728712 4.12403 56.5934
8 64 42 54 0.0785501 3.96625 50.4932
8 64 43 55 0.0878206 3.89756 44.381
8 64 44 56 0.0934966 3.58448 38.3381
8 64 45 57 0.12218 3.96347 32.4396
8 64 46 58 0.159983 4.28013 26.7536
8 64 47 59 0.200029 4.2688 21.3409
8 64 48 60 0.259411 4.21673 16.255
8 64 49 61 0.408846 4.71888 11.542
9 21 10 13 0.670276 2.68557 4.00667
9 21 11 14 0.406424 3.72405 9.16298
9 21 12 15 0.193601 2.73696 14.1372
9 21 13 16 0.234301 4.04121 17.248
9 21 14 17 0.200785 3.46313 17.248
9 21 15 18 0.357512 5.05421 14.1372
9 21 16 19 0.448 4.10502 9.16298
9 21 17 20 0.94834 3.79969 4.00667
9 31 10 15 0.73246 2.71287 3.70377
9 31 11 16 0.436058 3.66474 8.40426
9 31 12 17 0.229782 3.17827 13.8317
9 31 13 18 0.192796 3.77949 19.6035
9 31 14 19 0.135479 3.41836 25.2317
9 31 15 20 0.140985 4.25202 30.1593
9 31 16 21 0.110081 3.72433 33.8325
9 31 17 22 0.106606 3.81626 35.7978
9 31 18 23 0.110719 3.9635 35.7978
9 31 19 24 0.123483 4.17774 33.8325
9 31 20 25 0.13289 4.00786 30.1593
9 31 21 26 0.188836 4.76464 25.2317
9 31 22 27 0.27313 5.3543 19.6035
9 31 23 28 0.382643 5.29259 13.8317
9 31 24 29 1.20024 10.0871 8.40426
9 31 25 30 2.9393 10.8865 3.70377
10 22 11 14 2.7507 11.0212 4.00667
10 22 12 15 0.590686 5.41244 9.16298
10 22 13 16 0.422393 5.97144 14.1372
10 22 14 17 0.241441 4.16436 17.248
10 22 15 18 0.354562 6.11547 17.248
10 22 16 19 0.354685 5.01424 14.1372
10 22 17 20 0.60332 5.52821 9.16298
10 22 18 21 3.79632 15.2106 4.00667
10 32 11 16 2.84137 10.5238 3.70377
10 32 12 17 0.679859 5.71371 8.40426
10 32 13 18 0.416145 5.75599 13.8317
10 32 14 19 0.215346 4.22155 19.6035
10 32 15 20 0.207857 5.24458 25.2317
10 32 16 21 0.136668 4.12181 30.1593
10 32 17 22 0.124536 4.21336 33.8325
10 32 18 23 0.112179 4.01575 35.7978
10 32 19 24 0.114972 4.11573 35.7978
10 32 20 25 0.113605 3.84353 33.8325
10 32 21 26 0.140461 4.23619 30.1593
10 32 22 27 0.176662 4.45749 25.2317
10 32 23 28 0.203809 3.99537 19.6035
10 32 24 29 0.39482 5.46103 13.8317
10 32 25 30 0.570907 4.79805 8.40426
10 32 26 31 1.02569 3.79893 3.70377
11 23 12 15 1.40566 5.63203 4.00667
11 23 13 16 0.681404 6.24369 9.16298
11 23 14 17 0.265472 3.75302 14.1372
11 23 15 18 0.320153 5.52198 17.248
11 23 16 19 0.235737 4.06599 17.248
11 23 17 20 0.312966 4.42446 14.1372
11 23 18 21 0.737278 6.75566 9.16298
11 23 19 22 1.54611 6.19473 4.00667
11 33 12 17 1.54789 5.73304 3.70377
11 33 13 18 0.717761 6.03225 8.40426
11 33 14 19 0.288255 3.98705 13.8317
11 33 15 20 0.265776 5.21015 19.6035
11 33 16 21 0.158067 3.98829 25.2317
11 33 17 22 0.139195 4.19801 30.1593
11 33 18 23 0.116221 3.93203 33.8325
11 33 19 24 0.113853 4.07569 35.7978
11 33 20 25 0.107368 3.84355 35.7978
11 33 21 26 0.124182 4.20139 33.8325
11 33 22 27 0.148342 4.4739 30.1593
11 33 23 28 0.160063 4.03867 25.2317
11 33 24 29 0.273177 5.35524 19.6035
11 33 25 30 0.36196 5.00651 13.8317
11 33 26 31 0.517177 4.34649 8.40426
11 33 27 32 1.45573 5.39168 3.70377
12 24 13 16 2.70782 10.8493 4.00667
12 24 14 17 0.46931 4.30028 9.16298
12 24 15 18 0.458124 6.47658 14.1372
12 24 16 19 0.242117 4.17602 17.248
12 24 17 20 0.266973 4.60474 17.248
12 24 18 21 0.361913 5.11642 14.1372
12 24 19 22 0.503691 4.61531 9.16298
12 24 20 23 2.28926 9.17231 4.00667
12 34 13 18 2.80195 10.3778 3.70377
12 34 14 19 0.542733 4.56127 8.40426
12 34 15 20 0.452221 6.25497 13.8317
12 34 16 21 0.221962 4.35125 19.6035
12 34 17 22 0.185227 4.67359 25.2317
12 34 18 23 0.136554 4.11838 30.1593
12 34 19 24 0.124914 4.22614 33.8325
12 34 20 25 0.110333 3.94969 35.7978
12 34 21 26 0.118097 4.2276 35.7978
12 34 22 27 0.133732 4.52448 33.8325
12 34 23 28 0.134405 4.05357 30.1593
12 34 24 29 0.20622 5.20327 25.2317
12 34 25 30 0.255205 5.00292 19.6035
12 34 26 31 0.325985 4.50891 13.8317
12 34 27 32 0.66763 5.61094 8.40426
12 34 28 33 2.5318 9.37722 3.70377
13 25 14 17 0.850108 3.4061 4.00667
13 25 15 18 0.678987 6.22155 9.16298
13 25 16 19 0.277213 3.919 14.1372
13 25 17 20 0.271856 4.68896 17.248
13 25 18 21 0.273844 4.72325 17.248
13 25 19 22 0.315098 4.4546 14.1372
13 25 20 23 0.827938 7.58638 9.16298
13 25 21 24 2.42925 9.73322 4.00667
13 35 14 19 0.963123 3.56719 3.70377
13 35 15 20 0.700571 5.88778 8.40426
13 35 16 21 0.283761 3.92489 13.8317
13 35 17 22 0.225854 4.42753 19.6035
13 35 18 23 0.150181 3.78931 25.2317
13 35 19 24 0.129083 3.89306 30.1593
13 35 20 25 0.105898 3.58281 33.8325
13 35 21 26 0.103214 3.69485 35.7978
13 35 22 27 0.109174 3.90817 35.7978
13 35 23 28 0.0989869 3.34898 33.8325
13 35 24 29 0.133193 4.01702 30.1593
13 35 25 30 0.145468 3.6704 25.2317
13 35 26 31 0.159344 3.1237 19.6035
13 35 27 32 0.244329 3.37948 13.8317
13 35 28 33 0.422035 3.5469 8.40426
13 35 29 34 0.953924 3.53312 3.70377
14 26 15 18 2.57019 10.2979 4.00667
14 26 16 19 0.446921 4.09513 9.16298
14 26 17 20 0.363846 5.14375 14.1372
14 26 18 21 0.237483 4.09609 17.248
14 26 19 22 0.208615 3.59818 17.248
14 26 20 23 0.298176 4.21536 14.1372
14 26 21 24 0.419024 3.83951 9.16298
14 26 22 25 0.719371 2.88228 4.00667
14 36 15 20 2.65264 9.82477 3.70377
14 36 16 21 0.504356 4.23874 8.40426
14 36 17 22 0.367297 5.08033 13.8317
14 36 18 23 0.207564 4.069 19.6035
14 36 19 24 0.165159 4.16724 25.2317
14 36 20 25 0.125417 3.78248 30.1593
14 36 21 26 0.113865 3.85234 33.8325
14 36 22 27 0.115862 4.14761 35.7978
14 36 23 28 0.100461 3.59626 35.7978
14 36 24 29 0.122487 4.14405 33.8325
14 36 25 30 0.132283 3.98955 30.1593
14 36 26 31 0.137406 3.46699 25.2317
14 36 27 32 0.195449 3.83149 19.6035
14 36 28 33 0.302467 4.18363 13.8317
14 36 29 34 0.515497 4.33237 8.40426
14 36 30 35 4.42427 16.3865 3.70377
15 27 16 19 0.63662 2.55072 4.00667
15 27 17 20 0.453171 4.1524 9.16298
15 27 18 21 0.248418 3.51193 14.1372
15 27 19 22 0.199105 3.43415 17.248
15 27 20 23 0.241315 4.1622 17.248
15 27 21 24 0.295483 4.1773 14.1372
15 27 22 25 0.432978 3.96736 9.16298
15 27 23 26 1.76583 7.07509 4.00667
15 37 16 21 0.713897 2.64411 3.70377
15 37 17 22 0.47155 3.96303 8.40426
15 37 18 23 0.23809 3.29318 13.8317
15 37 19 24 0.180603 3.54046 19.6035
15 37 20 25 0.130685 3.2974 25.2317
15 37 21 26 0.113242 3.41531 30.1593
15 37 22 27 0.112018 3.78987 33.8325
15 37 23 28 0.0923709 3.30667 35.7978
15 37 24 29 0.105972 3.79357 35.7978
15 37 25 30 0.109922 3.71895 33.8325
15 37 26 31 0.107142 3.23133 30.1593
15 37 27 32 0.139322 3.51533 25.2317
15 37 28 33 0.188221 3.6898 19.6035
15 37 29 34 0.247393 3.42186 13.8317
15 37 30 35 0.892099 7.49743 8.40426
15 37 31 36 1.84835 6.84586 3.70377
16 28 17 20 3.74602 15.0091 4.00667
16 28 18 21 0.725902 6.65143 9.16298
16 28 19 22 0.398455 5.63302 14.1372
16 28 20 23 0.285242 4.91983 17.248
16 28 21 24 0.272598 4.70176 17.248
16 28 22 25 0.343056 4.84984 14.1372
16 28 23 26 0.793089 7.26705 9.16298
16 28 24 27 2.78175 11.1456 4.00667
16 38 17 22 3.83381 14.1995 3.70377
16 38 18 23 0.760086 6.38796 8.40426
16 38 19 24 0.423362 5.85581 13.8317
16 38 20 25 0.223367 4.37879 19.6035
16 38 21 26 0.163785 4.13258 25.2317
16 38 22 27 0.150369 4.53503 30.1593
16 38 23 28 0.110787 3.74819 33.8325
16 38 24 29 0.114745 4.10762 35.7978
16 38 25 30 0.112409 4.024 35.7978
16 38 26 31 0.101558 3.43597 33.8325
16 38 27 32 0.123231 3.71656 30.1593
16 38 28 33 0.152567 3.84951 25.2317
16 38 29 34 0.17665 3.46297 19.6035
16 38 30 35 0.436307 6.03485 13.8317
16 38 31 36 0.635273 5.339 8.40426
16 38 32 37 1.46074 5.41024 3.70377
17 29 18 21 1.72362 6.90596 4.00667
17 29 19 22 0.670846 6.14694 9.16298
17 29 20 23 0.307409 4.34589 14.1372
17 29 21 24 0.226259 3.9025 17.248
17 29 22 25 0.239201 4.12573 17.248
17 29 23 26 0.330003 4.6653 14.1372
17 29 24 27 0.599384 5.49215 9.16298
17 29 25 28 1.35977 5.44816 4.00667
17 39 18 23 1.79548 6.65003 3.70377
17 39 19 24 0.735193 6.17875 8.40426
17 39 20 25 0.2997 4.14536 13.8317
17 39 21 26 0.19643 3.85072 19.6035
17 39 22 27 0.17214 4.34339 25.2317
17 39 23 28 0.118069 3.56087 30.1593
17 39 24 29 0.113326 3.83412 33.8325
17 39 25 30 0.106055 3.79653 35.7978
17 39 26 31 0.0895786 3.20671 35.7978
17 39 27 32 0.102159 3.4563 33.8325
17 39 28 33 0.11702 3.52923 30.1593
17 39 29 34 0.122359 3.08732 25.2317
17 39 30 35 0.238489 4.67523 19.6035
17 39 31 36 0.295333 4.08495 13.8317
17 39 32 37 0.463148 3.89242 8.40426
17 39 33 38 0.850418 3.14976 3.70377
18 30 19 22 3.02627 12.1253 4.00667
18 30 20 23 0.609872 5.58824 9.16298
18 30 21 24 0.321409 4.54382 14.1372
18 30 22 25 0.291349 5.02518 17.248
18 30 23 26 0.286086 4.9344 17.248
18 30 24 27 0.382684 5.41007 14.1372
18 30 25 28 0.625783 5.73404 9.16298
18 30 26 29 3.39762 13.6131 4.00667
18 40 19 24 3.17199 11.7483 3.70377
18 40 20 25 0.643859 5.41116 8.40426
18 40 21 26 0.330088 4.56567 13.8317
18 40 22 27 0.266631 5.22691 19.6035
18 40 23 28 0.161434 4.07326 25.2317
18 40 24 29 0.138201 4.16803 30.1593
18 40 25 30 0.122628 4.14881 33.8325
18 40 26 31 0.0958551 3.4314 35.7978
18 40 27 32 0.103909 3.71972 35.7978
18 40 28 33 0.112957 3.82162 33.8325
18 40 29 34 0.110722 3.3393 30.1593
18 40 30 35 0.193493 4.88215 25.2317
18 40 31 36 0.225664 4.42381 19.6035
18 40 32 37 0.316029 4.37121 13.8317
18 40 33 38 0.455806 3.83071 8.40426
18 40 34 39 2.73553 10.1318 3.70377
19 31 20 23 1.34029 5.37009 4.00667
19 31 21 24 0.466283 4.27254 9.16298
19 31 22 25 0.372314 5.26346 14.1372
19 31 23 26 0.278825 4.80916 17.248
19 31 24 27 0.292008 5.03654 17.248
19 31 25 28 0.380424 5.37811 14.1372
19 31 26 29 1.12888 10.3439 9.16298
19 31 27 30 2.78957 11.1769 4.00667
19 41 20 25 1.41632 5.24572 3.70377
19 41 21 26 0.508902 4.27694 8.40426
19 41 22 27 0.381059 5.27069 13.8317
19 41 23 28 0.20615 4.04128 19.6035
19 41 24 29 0.16337 4.1221 25.2317
19 41 25 30 0.138088 4.16464 30.1593
19 41 26 31 0.101371 3.42965 33.8325
19 41 27 32 0.105499 3.77664 35.7978
19 41 28 33 0.110729 3.96385 35.7978
19 41 29 34 0.101841 3.44553 33.8325
19 41 30 35 0.16426 4.95396 30.1593
19 41 31 36 0.184057 4.64406 25.2317
19 41 32 37 0.240256 4.70987 19.6035
19 41 33 38 0.31604 4.37136 13.8317
19 41 34 39 1.13586 9.54605 8.40426
19 41 35 40 2.65125 9.81964 3.70377
20 32 21 24 0.939089 3.76262 4.00667
20 32 22 25 0.597716 5.47686 9.16298
20 32 23 26 0.315557 4.46109 14.1372
20 32 24 27 0.243708 4.20346 17.248
20 32 25 28 0.240791 4.15315 17.248
20 32 26 29 0.370806 5.24214 14.1372
20 32 27 30 0.510028 4.67338 9.16298
20 32 28 31 0.954732 3.82529 4.00667
20 42 21 26 1.0321 3.82265 3.70377
20 42 22 27 0.650144 5.46398 8.40426
20 42 23 28 0.29633 4.09874 13.8317
20 42 24 29 0.20775 4.07264 19.6035
20 42 25 30 0.165844 4.18453 25.2317
20 42 26 31 0.112098 3.3808 30.1593
20 42 27 32 0.111377 3.76815 33.8325
20 42 28 33 0.110735 3.96407 35.7978
20 42 29 34 0.0968772 3.46799 35.7978
20 42 30 35 0.140975 4.76954 33.8325
20 42 31 36 0.152694 4.60513 30.1593
20 42 32 37 0.185497 4.68041 25.2317
20 42 33 38 0.226875 4.44756 19.6035
20 42 34 39 0.578323 7.99917 13.8317
20 42 35 40 0.941638 7.91377 8.40426
20 42 36 41 2.35921 8.73798 3.70377
21 33 22 25 3.82615 15.3301 4.00667
21 33 23 26 0.767316 7.0309 9.16298
21 33 24 27 0.368335 5.20721 14.1372
21 33 25 28 0.282488 4.87234 17.248
21 33 26 29 0.290638 5.01291 17.248
21 33 27 30 0.343543 4.85672 14.1372
21 33 28 31 0.487851 4.47017 9.16298
21 33 29 32 1.31094 5.25249 4.00667
21 43 22 27 3.95591 14.6518 3.70377
21 43 23 28 0.779692 6.55273 8.40426
21 43 24 29 0.371093 5.13283 13.8317
21 43 25 30 0.251663 4.93349 19.6035
21 43 26 31 0.141115 3.56056 25.2317
21 43 27 32 0.129407 3.90281 30.1593
21 43 28 33 0.120238 4.06796 33.8325
21 43 29 34 0.0936696 3.35316 35.7978
21 43 30 35 0.120817 4.32497 35.7978
21 43 31 36 0.120663 4.08234 33.8325
21 43 32 37 0.130288 3.92941 30.1593
21 43 33 38 0.143121 3.61119 25.2317
21 43 34 39 0.233089 4.56937 19.6035
21 43 35 40 0.271513 3.75548 13.8317
21 43 36 41 0.405961 3.4118 8.40426
21 43 37 42 1.00085 3.70691 3.70377
22 34 23 26 1.60786 6.44217 4.00667
22 34 24 27 0.52361 4.79783 9.16298
22 34 25 28 0.331527 4.68685 14.1372
22 34 26 29 0.25195 4.34563 17.248
22 34 27 30 0.263903 4.55179 17.248
22 34 28 31 0.325775 4.60553 14.1372
22 34 29 32 0.579041 5.30574 9.16298
22 34 30 33 2.39768 9.60673 4.00667
22 44 23 28 1.63969 6.07304 3.70377
22 44 24 29 0.556529 4.67721 8.40426
22 44 25 30 0.336179 4.64992 13.8317
22 44 26 31 0.166755 3.26899 19.6035
22 44 27 32 0.147217 3.71454 25.2317
22 44 28 33 0.132753 4.00374 30.1593
22 44 29 34 0.0990358 3.35063 33.8325
22 44 30 35 0.121924 4.3646 35.7978
22 44 31 36 0.118949 4.25811 35.7978
22 44 32 37 0.123734 4.18625 33.8325
22 44 33 38 0.13229 3.98977 30.1593
22 44 34 39 0.199593 5.03606 25.2317
22 44 35 40 0.218037 4.2743 19.6035
22 44 36 41 0.299521 4.14287 13.8317
22 44 37 42 0.535762 4.50268 8.40426
22 44 38 43 2.40392 8.90357 3.70377
23 35 24 27 2.32466 9.31414 4.00667
23 45 24 29 2.44542 9.05728 3.70377
23 45 25 30 0.886731 7.45232 8.40426
23 45 26 31 0.280309 3.87714 13.8317
23 45 27 32 0.221749 4.34707 19.6035
23 45 28 33 0.184315 4.65059 25.2317
23 45 29 34 0.120724 3.64095 30.1593
23 45 30 35 0.133732 4.52449 33.8325
23 45 31 36 0.122881 4.39888 35.7978
23 45 32 37 0.116631 4.17513 35.7978
23 45 33 38 0.117481 3.97466 33.8325
23 45 34 39 0.156227 4.71168 30.1593
23 45 35 40 0.153156 3.86439 25.2317
23 45 36 41 0.19163 3.75662 19.6035
23 45 37 42 0.272586 3.77032 13.8317
23 45 38 43 0.645128 5.42182 8.40426
23 45 39 44 1.1554 4.27935 3.70377
24 36 25 28 2.42958 9.7345 4.00667
24 36 26 29 0.422894 3.87497 9.16298
24 36 27 30 0.304482 4.30452 14.1372
24 36 28 31 0.258809 4.46393 17.248
24 36 29 32 0.214379 3.6976 17.248
24 36 30 33 0.296729 4.19491 14.1372
24 36 31 34 0.505294 4.62999 9.16298
24 36 32 35 4.38401 17.5653 4.00667
24 46 25 30 2.55452 9.46136 3.70377
24 46 26 31 0.442654 3.72018 8.40426
24 46 27 32 0.31698 4.38436 13.8317
24 46 28 33 0.246127 4.82495 19.6035
24 46 29 34 0.145994 3.68368 25.2317
24 46 31 36 0.132994 4.49953 33.8325
24 46 32 37 0.11844 4.23989 35.7978
24 46 33 38 0.114719 4.10668 35.7978
24 46 34 39 0.141571 4.78972 33.8325
24 46 35 40 0.129419 3.90319 30.1593
24 46 36 41 0.154223 3.89131 25.2317
24 46 37 42 0.199172 3.90447 19.6035
24 46 38 43 0.388102 5.3681 13.8317
24 46 39 44 0.518624 4.35865 8.40426
24 46 40 45 2.95782 10.9551 3.70377
25 37 26 29 0.700862 2.80812 4.00667
25 37 27 30 0.419652 3.84526 9.16298
25 37 28 31 0.311451 4.40303 14.1372
25 37 29 32 0.199517 3.44126 17.248
25 37 30 33 0.217702 3.75492 17.248
25 37 31 34 0.268369 3.79397 14.1372
25 37 32 35 0.870823 7.97933 9.16298
25 37 33 36 1.77409 7.10818 4.00667
25 47 26 31 0.75404 2.79279 3.70377
25 47 27 32 0.465127 3.90905 8.40426
25 47 28 33 0.332341 4.59684 13.8317
25 47 29 34 0.178356 3.4964 19.6035
25 47 30 35 0.170063 4.29098 25.2317
25 47 31 36 0.142967 4.31177 30.1593
25 47 32 37 0.117946 3.99043 33.8325
25 47 33 38 0.109085 3.90499 35.7978
25 47 34 39 0.123194 4.41008 35.7978
25 47 35 40 0.102974 3.48388 33.8325
25 47 36 41 0.115299 3.47734 30.1593
25 47 37 42 0.13331 3.36363 25.2317
25 47 38 43 0.214619 4.20728 19.6035
25 47 39 44 0.233723 3.23278 13.8317
25 47 40 45 0.549989 4.62225 8.40426
25 47 41 46 1.23314 4.56727 3.70377
26 38 27 30 1.74299 6.9836 4.00667
26 38 28 31 0.763732 6.99806 9.16298
26 38 29 32 0.30769 4.34987 14.1372
26 38 30 33 0.257241 4.43688 17.248
26 38 31 34 0.247778 4.27366 17.248
26 38 32 35 0.450133 6.36361 14.1372
26 38 33 36 0.606557 5.55787 9.16298
26 38 34 37 1.40275 5.62037 4.00667
26 48 27 32 1.86129 6.89379 3.70377
26 48 28 33 0.833783 7.00733 8.40426
26 48 29 34 0.319985 4.42593 13.8317
26 48 30 35 0.259049 5.07828 19.6035
26 48 31 36 0.198822 5.0166 25.2317
26 48 32 37 0.14544 4.38637 30.1593
26 48 33 38 0.12705 4.29841 33.8325
26 48 34 39 0.132465 4.74194 35.7978
26 48 35 40 0.102169 3.65742 35.7978
26 48 36 41 0.109903 3.71829 33.8325
26 48 37 42 0.119476 3.60332 30.1593
26 48 38 43 0.178123 4.49433 25.2317
26 48 39 44 0.181626 3.56051 19.6035
26 48 40 45 0.348953 4.82661 13.8317
26 48 41 46 0.592097 4.97614 8.40426
26 48 42 47 3.11493 11.537 3.70377
27 39 28 31 2.66793 10.6895 4.00667
27 39 29 32 0.574355 5.2628 9.16298
27 39 30 33 0.359539 5.08287 14.1372
27 39 31 34 0.269227 4.64361 17.248
27 39 32 35 0.295396 5.09498 17.248
27 39 33 36 0.310822 4.39414 14.1372
27 39 34 37 0.457324 4.19045 9.16298
27 39 35 38 0.711228 2.84966 4.00667
27 49 28 33 2.78528 10.3161 3.70377
27 49 29 34 0.622748 5.23373 8.40426
27 49 30 35 0.405833 5.61335 13.8317
27 49 31 36 0.27632 5.41686 19.6035
27 49 32 37 0.174997 4.41548 25.2317
27 49 33 38 0.144451 4.35653 30.1593
27 49 34 39 0.139182 4.70887 33.8325
27 49 35 40 0.0981101 3.51212 35.7978
27 49 36 41 0.101037 3.6169 35.7978
27 49 37 42 0.102216 3.45824 33.8325
27 49 38 43 0.139204 4.19829 30.1593
27 49 39 44 0.131332 3.31372 25.2317
27 49 40 45 0.204891 4.01659 19.6035
27 49 41 46 0.279565 3.86685 13.8317
27 49 42 47 0.660448 5.55058 8.40426
27 49 43 48 1.51176 5.59921 3.70377
28 40 29 32 1.3186 5.28321 4.00667
28 40 30 33 0.600775 5.50488 9.16298
28 40 31 34 0.365604 5.16861 14.1372
28 40 32 35 0.288302 4.97262 17.248
28 40 33 36 0.269041 4.6404 17.248
28 40 34 37 0.33507 4.73694 14.1372
28 40 35 38 0.361445 3.31191 9.16298
28 40 36 39 2.62688 10.525 4.00667
28 50 29 34 1.39233 5.15686 3.70377
28 50 30 35 0.674452 5.66827 8.40426
28 50 31 36 0.398519 5.51218 13.8317
28 50 32 37 0.21566 4.22769 19.6035
28 50 33 38 0.169953 4.2882 25.2317
28 50 34 39 0.154823 4.66935 30.1593
28 50 35 40 0.101947 3.44912 33.8325
28 50 36 41 0.101456 3.63188 35.7978
28 50 37 42 0.0978833 3.504 35.7978
28 50 38 43 0.126872 4.29239 33.8325
28 50 39 44 0.114945 3.46665 30.1593
28 50 40 45 0.165253 4.16961 25.2317
28 50 41 46 0.208774 4.09271 19.6035
28 50 42 47 0.385679 5.33459 13.8317
28 50 43 48 0.587238 4.9353 8.40426
28 50 44 49 1.71091 6.33682 3.70377
29 41 30 33 3.38791 13.5742 4.00667
29 41 31 34 1.11459 10.213 9.16298
29 41 32 35 0.427559 6.04447 14.1372
29 41 33 36 0.324728 5.6009 17.248
29 41 34 37 0.323788 5.58469 17.248
29 41 35 38 0.266805 3.77187 14.1372
29 41 36 39 1.07399 9.84099 9.16298
29 41 37 40 2.56348 10.271 4.00667
29 51 30 35 3.55175 13.1549 3.70377
29 51 31 36 1.20638 10.1388 8.40426
29 51 32 37 0.397553 5.49882 13.8317
29 51 33 38 0.274111 5.37354 19.6035
29 51 34 39 0.217622 5.49098 25.2317
29 51 35 40 0.122527 3.69534 30.1593
29 51 36 41 0.114612 3.87763 33.8325
29 51 37 42 0.100606 3.60146 35.7978
29 51 38 43 0.118722 4.24998 35.7978
29 51 39 44 0.100281 3.39275 33.8325
29 51 40 45 0.130105 3.92387 30.1593
29 51 41 46 0.151448 3.82128 25.2317
29 51 42 47 0.233917 4.58561 19.6035
29 51 43 48 0.290024 4.01151 13.8317
29 51 44 49 0.538161 4.52284 8.40426
29 51 45 50 1.01426 3.75657 3.70377
30 42 31 34 2.80097 11.2226 4.00667
30 42 32 35 0.572399 5.24488 9.16298
30 42 33 36 0.377736 5.34011 14.1372
30 42 34 37 0.322885 5.56911 17.248
30 42 35 38 0.210019 3.6224 17.248
30 42 36 39 0.552265 7.80746 14.1372
30 42 37 40 0.892812 8.18082 9.16298
30 42 38 41 2.25947 9.05295 4.00667
30 52 31 36 2.94212 10.8969 3.70377
30 52 32 37 0.575581 4.83733 8.40426
30 52 33 38 0.364793 5.0457 13.8317
30 52 34 39 0.269332 5.27987 19.6035
30 52 35 40 0.137899 3.47943 25.2317
30 52 36 41 0.125071 3.77204 30.1593
30 52 37 42 0.104383 3.53153 33.8325
30 52 38 43 0.117151 4.19376 35.7978
30 52 39 44 0.0952465 3.40961 35.7978
30 52 40 45 0.117544 3.97681 33.8325
30 52 41 46 0.131607 3.96916 30.1593
30 52 42 47 0.186826 4.71394 25.2317
30 52 43 48 0.212798 4.1716 19.6035
30 52 44 49 0.347747 4.80992 13.8317
30 52 45 50 0.511635 4.29992 8.40426
30 52 46 51 3.03103 11.2262 3.70377
31 43 32 35 1.01032 4.04803 4.00667
31 43 33 36 0.509116 4.66502 9.16298
31 43 34 37 0.35431 5.00894 14.1372
31 43 35 38 0.168422 2.90493 17.248
31 43 36 39 0.25049 4.32044 17.248
31 43 37 40 0.268862 3.80095 14.1372
31 43 38 41 0.378256 3.46596 9.16298
31 43 39 42 0.885333 3.54724 4.00667
31 53 32 37 1.05705 3.91506 3.70377
31 53 33 38 0.540388 4.54156 8.40426
31 53 34 39 0.357084 4.93907 13.8317
31 53 35 40 0.162044 3.17664 19.6035
31 53 36 41 0.140565 3.5467 25.2317
31 53 37 42 0.109595 3.3053 30.1593
31 53 38 43 0.115171 3.89653 33.8325
31 53 39 44 0.0887648 3.17758 35.7978
31 53 40 45 0.102119 3.65564 35.7978
31 53 41 46 0.108238 3.66197 33.8325
31 53 42 47 0.13795 4.16047 30.1593
31 53 43 48 0.140663 3.54916 25.2317
31 53 44 49 0.201243 3.94508 19.6035
31 53 45 50 0.241948 3.34654 13.8317
31 53 46 51 0.599183 5.03569 8.40426
31 53 47 52 1.37122 5.07867 3.70377
32 44 33 36 1.40714 5.63796 4.00667
32 44 34 37 0.672264 6.15994 9.16298
32 44 35 38 0.225446 3.18717 14.1372
32 44 36 39 0.269063 4.64079 17.248
32 44 37 40 0.243878 4.20639 17.248
32 44 38 41 0.29491 4.16919 14.1372
32 44 39 42 0.454454 4.16415 9.16298
32 44 40 43 2.2893 9.17247 4.00667
32 54 33 38 1.48232 5.49017 3.70377
32 54 34 39 0.703158 5.90952 8.40426
32 54 35 40 0.241586 3.34154 13.8317
32 54 36 41 0.193698 3.79717 19.6035
32 54 37 42 0.136192 3.43635 25.2317
32 54 38 43 0.132314 3.99049 30.1593
32 54 39 44 0.096331 3.25912 33.8325
32 54 40 45 0.104743 3.74958 35.7978
32 54 41 46 0.106564 3.81474 35.7978
32 54 42 47 0.127327 4.30779 33.8325
32 54 43 48 0.121823 3.6741 30.1593
32 54 44 49 0.16486 4.1597 25.2317
32 54 45 50 0.184266 3.61226 19.6035
32 54 46 51 0.358746 4.96206 13.8317
32 54 47 52 0.59565 5.006 8.40426
32 54 48 53 2.65198 9.82232 3.70377
33 45 34 37 2.45081 9.81957 4.00667
33 45 35 38 0.364879 3.34338 9.16298
33 45 36 39 0.324129 4.58226 14.1372
33 45 37 40 0.224846 3.87813 17.248
33 45 38 41 0.219955 3.79378 17.248
33 45 39 42 0.235325 3.32683 14.1372
33 45 40 43 0.591418 5.41915 9.16298
33 45 41 44 1.09815 4.39993 4.00667
33 55 34 39 2.50652 9.28359 3.70377
33 55 35 40 0.413105 3.47184 8.40426
33 55 36 41 0.295933 4.09325 13.8317
33 55 37 42 0.179426 3.51739 19.6035
33 55 38 43 0.156773 3.95566 25.2317
33 55 39 44 0.10601 3.19718 30.1593
33 55 40 45 0.108163 3.65943 33.8325
33 55 41 46 0.105045 3.76036 35.7978
33 55 42 47 0.116444 4.16844 35.7978
33 55 43 48 0.103116 3.48868 33.8325
33 55 44 49 0.130948 3.94929 30.1593
33 55 45 50 0.135357 3.4153 25.2317
33 55 46 51 0.210377 4.12413 19.6035
33 55 47 52 0.269279 3.72457 13.8317
33 55 48 53 0.604056 5.07664 8.40426
33 55 49 54 1.30545 4.83508 3.70377
34 46 35 38 0.868113 3.47824 4.00667
34 46 36 39 0.530202 4.85823 9.16298
34 46 37 40 0.26941 3.80869 14.1372
34 46 38 41 0.220112 3.79649 17.248
34 46 39 42 0.189433 3.26733 17.248
34 46 40 43 0.366401 5.17987 14.1372
34 46 41 44 0.493226 4.51942 9.16298
34 46 42 45 2.88609 11.5636 4.00667
34 56 35 40 0.951724 3.52497 3.70377
34 56 36 41 0.529401 4.44922 8.40426
34 56 37 42 0.255124 3.52879 13.8317
34 56 38 43 0.199124 3.90354 19.6035
34 56 39 44 0.125749 3.17285 25.2317
34 56 40 45 0.122176 3.68474 30.1593
34 56 41 46 0.114491 3.87352 33.8325
34 56 42 47 0.120952 4.32982 35.7978
34 56 43 48 0.10208 3.65425 35.7978
34 56 44 49 0.125968 4.2618 33.8325
34 56 45 50 0.125938 3.79821 30.1593
34 56 46 51 0.184196 4.64757 25.2317
34 56 47 52 0.221238 4.33704 19.6035
34 56 48 53 0.428219 5.92299 13.8317
34 56 49 54 0.714513 6.00495 8.40426
34 56 50 55 2.42698 8.98899 3.70377
35 47 36 39 4.32087 17.3123 4.00667
35 47 37 40 0.813084 7.45028 9.16298
35 47 38 41 0.387435 5.47723 14.1372
35 47 39 42 0.209702 3.61693 17.248
35 47 40 43 0.268483 4.63078 17.248
35 47 41 44 0.268186 3.79139 14.1372
35 47 42 45 0.548281 5.02389 9.16298
35 47 43 46 1.12768 4.51824 4.00667
35 57 36 41 4.39195 16.2668 3.70377
35 57 37 42 0.858042 7.21121 8.40426
35 57 38 43 0.431427 5.96735 13.8317
35 57 39 44 0.215211 4.21889 19.6035
35 57 40 45 0.180992 4.56673 25.2317
35 57 41 46 0.153256 4.62208 30.1593
35 57 42 47 0.142038 4.80549 33.8325
35 57 43 48 0.104099 3.7265 35.7978
35 57 44 49 0.118888 4.25594 35.7978
35 57 45 50 0.108608 3.67449 33.8325
35 57 46 51 0.139139 4.19634 30.1593
35 57 47 52 0.146893 3.70636 25.2317
35 57 48 53 0.229672 4.50239 19.6035
35 57 49 54 0.297853 4.11981 13.8317
35 57 50 55 0.527973 4.43722 8.40426
35 57 51 56 0.775246 2.87133 3.70377
36 48 37 40 1.74056 6.97383 4.00667
36 48 38 41 0.561108 5.14142 9.16298
36 48 39 42 0.243178 3.43784 14.1372
36 48 40 43 0.266161 4.59074 17.248
36 48 41 44 0.24032 4.14502 17.248
36 48 42 45 0.369624 5.22544 14.1372
36 48 43 46 0.520647 4.77068 9.16298
36 48 44 47 3.04159 12.1866 4.00667
36 58 37 42 1.81418 6.71931 3.70377
36 58 38 43 0.632067 5.31206 8.40426
36 58 39 44 0.271255 3.75191 13.8317
36 58 40 45 0.213699 4.18925 19.6035
36 58 41 46 0.173301 4.37267 25.2317
36 58 42 47 0.151662 4.57402 30.1593
36 58 43 48 0.103759 3.51044 33.8325
36 58 44 49 0.113975 4.08005 35.7978
36 58 45 50 0.0992688 3.5536 35.7978
36 58 46 51 0.118725 4.01675 33.8325
36 58 47 52 0.116572 3.51573 30.1593
36 58 48 53 0.164671 4.15493 25.2317
36 58 49 54 0.193146 3.78635 19.6035
36 58 50 55 0.289867 4.00934 13.8317
36 58 51 56 0.342106 2.87515 8.40426
36 58 52 57 1.78904 6.62618 3.70377
37 49 38 41 1.33107 5.33318 4.00667
37 49 39 42 0.367626 3.36855 9.16298
37 49 40 43 0.31558 4.4614 14.1372
37 49 41 44 0.247308 4.26556 17.248
37 49 42 45 0.269934 4.65581 17.248
37 49 43 46 0.249949 3.53358 14.1372
37 49 44 47 0.63621 5.82958 9.16298
37 49 45 48 1.43318 5.74228 4.00667
37 59 38 43 1.46078 5.4104 3.70377
37 59 39 44 0.437211 3.67444 8.40426
37 59 40 45 0.305892 4.23099 13.8317
37 59 41 46 0.231834 4.54477 19.6035
37 59 42 47 0.187878 4.74049 25.2317
37 59 43 48 0.116819 3.52318 30.1593
37 59 44 49 0.122719 4.15188 33.8325
37 59 45 50 0.10113 3.62023 35.7978
37 59 46 51 0.113463 4.06173 35.7978
37 59 47 52 0.104422 3.53285 33.8325
37 59 48 53 0.136732 4.12375 30.1593
37 59 49 54 0.149313 3.76742 25.2317
37 59 50 55 0.203854 3.99626 19.6035
37 59 51 56 0.217216 3.00446 13.8317
37 59 52 57 0.616759 5.1834 8.40426
37 59 53 58 2.55306 9.45597 3.70377
38 50 39 42 0.716409 2.87041 4.00667
38 50 40 43 0.437408 4.00796 9.16298
38 50 41 44 0.303757 4.29427 14.1372
38 50 42 45 0.274631 4.73683 17.248
38 50 43 46 0.202385 3.49072 17.248
38 50 44 47 0.385567 5.45083 14.1372
38 50 45 48 0.543938 4.98409 9.16298
38 50 46 49 1.61969 6.48957 4.00667
38 60 39 44 0.82601 3.05935 3.70377
38 60 40 45 0.449928 3.78131 8.40426
38 60 41 46 0.31158 4.30967 13.8317
38 60 42 47 0.233092 4.56943 19.6035
38 60 43 48 0.132049 3.33182 25.2317
38 60 44 49 0.133698 4.03224 30.1593
38 60 45 50 0.105387 3.56551 33.8325
38 60 46 51 0.112546 4.02889 35.7978
38 60 47 52 0.098586 3.52916 35.7978
38 60 48 53 0.122634 4.149 33.8325
38 60 49 54 0.127563 3.8472 30.1593
38 60 50 55 0.164796 4.15808 25.2317
38 60 51 56 0.166195 3.25802 19.6035
38 60 52 57 0.362941 5.02008 13.8317
38 60 53 58 0.933877 7.84854 8.40426
38 60 54 59 2.75628 10.2086 3.70377
39 51 40 43 2.62589 10.5211 4.00667
39 51 41 44 1.04639 9.58804 9.16298
39 51 42 45 0.555657 7.85542 14.1372
39 51 43 46 0.21631 3.73091 17.248
39 51 44 47 0.295931 5.10421 17.248
39 51 45 48 0.297203 4.20161 14.1372
39 51 46 49 0.510947 4.68179 9.16298
39 51 47 50 0.906079 3.63036 4.00667
39 61 40 45 2.70395 10.0148 3.70377
39 61 41 46 1.10997 9.3285 8.40426
39 61 42 47 0.569134 7.87208 13.8317
39 61 43 48 0.207258 4.063 19.6035
39 61 44 49 0.189028 4.7695 25.2317
39 61 45 50 0.1332 4.01722 30.1593
39 61 46 51 0.128076 4.33314 33.8325
39 61 47 52 0.101218 3.62336 35.7978
39 61 48 53 0.114957 4.11519 35.7978
39 61 49 54 0.109804 3.71495 33.8325
39 61 50 55 0.130103 3.92381 30.1593
39 61 51 56 0.120778 3.04742 25.2317
39 61 52 57 0.194725 3.8173 19.6035
39 61 53 58 0.307776 4.25705 13.8317
39 61 54 59 0.510222 4.28804 8.40426
39 61 55 60 1.0596 3.92453 3.70377
40 52 41 44 2.57223 10.3061 4.00667
40 52 42 45 0.926098 8.48582 9.16298
40 52 43 46 0.254309 3.59522 14.1372
40 52 44 47 0.293748 5.06655 17.248
40 52 45 48 0.248615 4.28811 17.248
40 52 46 49 0.348989 4.93371 14.1372
40 52 47 50 0.445528 4.08237 9.16298
40 52 48 51 2.93113 11.7441 4.00667
40 62 41 46 2.67795 9.9185 3.70377
40 62 42 47 0.970484 8.1562 8.40426
40 62 43 48 0.272726 3.77226 13.8317
40 62 44 49 0.23476 4.60213 19.6035
40 62 45 50 0.156026 3.9368 25.2317
40 62 46 51 0.142578 4.30006 30.1593
40 62 47 52 0.107241 3.62822 33.8325
40 62 48 53 0.117093 4.19166 35.7978
40 62 49 54 0.107695 3.85525 35.7978
40 62 50 55 0.123442 4.17634 33.8325
40 62 51 56 0.111129 3.35158 30.1593
40 62 52 57 0.167164 4.21783 25.2317
40 62 53 58 0.239761 4.70017 19.6035
40 62 54 59 0.360016 4.97962 13.8317
40 62 55 60 0.591869 4.97422 8.40426
40 62 56 61 2.07905 7.70032 3.70377
41 53 42 45 2.2845 9.15323 4.00667
41 53 43 46 0.348334 3.19177 9.16298
41 53 44 47 0.322343 4.55702 14.1372
41 53 45 48 0.21765 3.75401 17.248
41 53 46 49 0.239993 4.13938 17.248
41 53 47 50 0.219977 3.10985 14.1372
41 53 48 51 0.560849 5.13905 9.16298
41 53 49 52 1.29537 5.19011 4.00667
41 63 42 47 2.37082 8.78097 3.70377
41 63 43 48 0.401781 3.37668 8.40426
41 63 44 49 0.31307 4.33028 13.8317
41 63 45 50 0.19046 3.73369 19.6035
41 63 46 51 0.163325 4.12096 25.2317
41 63 47 52 0.114658 3.45801 30.1593
41 63 48 53 0.119007 4.0263 33.8325
41 63 49 54 0.104007 3.7232 35.7978
41 63 50 55 0.11386 4.07593 35.7978
41 63 51 56 0.0981521 3.32073 33.8325
41 63 52 57 0.135277 4.07986 30.1593
41 63 53 58 0.172845 4.36118 25.2317
41 63 54 59 0.234598 4.59895 19.6035
41 63 55 60 0.32513 4.49709 13.8317
41 63 56 61 0.670251 5.63296 8.40426
41 63 57 62 1.47362 5.45795 3.70377
42 54 43 46 0.900091 3.60637 4.00667
42 54 44 47 0.535665 4.90829 9.16298
42 54 45 48 0.27435 3.87853 14.1372
42 54 46 49 0.251466 4.33728 17.248
42 54 47 50 0.189464 3.26786 17.248
42 54 48 51 0.348576 4.92788 14.1372
42 54 49 52 0.55345 5.07125 9.16298
42 54 50 53 2.59049 10.3792 4.00667
42 64 43 48 0.998741 3.69911 3.70377
42 64 44 49 0.554978 4.66418 8.40426
42 64 45 50 0.274605 3.79824 13.8317
42 64 46 51 0.212134 4.15858 19.6035
42 64 47 52 0.134777 3.40065 25.2317
42 64 48 53 0.131544 3.96726 30.1593
42 64 49 54 0.108237 3.66193 33.8325
42 64 50 55 0.112922 4.04236 35.7978
42 64 51 56 0.093099 3.33274 35.7978
42 64 52 57 0.118502 4.00923 33.8325
42 64 53 58 0.137529 4.14777 30.1593
42 64 54 59 0.173004 4.36517 25.2317
42 64 55 60 0.215647 4.22745 19.6035
42 64 56 61 0.365623 5.05718 13.8317
42 64 57 62 0.527843 4.43613 8.40426
42 64 58 63 2.12915 7.88588 3.70377
43 55 44 47 2.31852 9.28955 4.00667
43 55 45 48 0.575467 5.27299 9.16298
43 55 46 49 0.377301 5.33396 14.1372
43 55 47 50 0.203309 3.50667 17.248
43 55 48 51 0.253313 4.36913 17.248
43 55 49 52 0.269476 3.80963 14.1372
43 55 50 53 0.591006 5.41537 9.16298
43 55 51 54 1.21892 4.88381 4.00667
44 56 45 48 1.09748 4.39725 4.00667
44 56 46 49 0.524455 4.80557 9.16298
44 56 47 50 0.230696 3.26139 14.1372
44 56 48 51 0.252164 4.34931 17.248
44 56 49 52 0.236395 4.07733 17.248
44 56 50 53 0.429894 6.07748 14.1372
44 56 51 54 0.652718 5.98084 9.16298
44 56 52 55 2.3171 9.28387 4.00667
45 57 46 49 2.87918 11.5359 4.00667
45 57 47 50 0.481767 4.41442 9.16298
45 57 48 51 0.349403 4.93957 14.1372
45 57 49 52 0.221511 3.82061 17.248
45 57 50 53 0.280098 4.83112 17.248
45 57 51 54 0.288203 4.07438 14.1372
45 57 52 55 0.491013 4.49914 9.16298
45 57 53 56 0.665338 2.66579 4.00667
46 58 47 50 1.12162 4.49398 4.00667
46 58 48 51 0.559327 5.1251 9.16298
46 58 49 52 0.259067 3.66247 14.1372
46 58 50 53 0.260329 4.49014 17.248
46 58 51 54 0.215951 3.72472 17.248
46 58 52 55 0.288782 4.08255 14.1372
46 58 53 56 0.285591 2.61686 9.16298
46 58 54 57 1.72489 6.91106 4.00667
47 59 48 51 2.99752 12.0101 4.00667
47 59 49 52 0.577535 5.29195 9.16298
47 59 50 53 0.384937 5.44192 14.1372
47 59 51 54 0.240857 4.15429 17.248
47 59 52 55 0.255249 4.40252 17.248
47 59 53 56 0.199671 2.82279 14.1372
47 59 54 57 0.584399 5.35484 9.16298
47 59 55 58 2.48618 9.96128 4.00667
48 60 49 52 1.41105 5.65363 4.00667
48 60 50 53 0.582956 5.34161 9.16298
48 60 51 54 0.288766 4.08234 14.1372
48 60 52 55 0.261983 4.51867 17.248
48 60 53 56 0.17472 3.01357 17.248
48 60 54 57 0.356902 5.04558 14.1372
48 60 55 58 0.899299 8.24026 9.16298
48 60 56 59 2.72135 10.9035 4.00667
49 61 50 53 1.63461 6.54934 4.00667
49 61 51 54 0.477659 4.37678 9.16298
49 61 52 55 0.338013 4.77855 14.1372
49 61 53 56 0.17495 3.01754 17.248
49 61 54 57 0.228168 3.93543 17.248
49 61 55 58 0.309612 4.37704 14.1372
49 61 56 59 0.512254 4.69377 9.16298
49 61 57 60 0.98378 3.94168 4.00667
50 62 51 54 0.947874 3.79782 4.00667
50 62 52 55 0.502168 4.60136 9.16298
50 62 53 56 0.210881 2.98126 14.1372
50 62 54 57 0.231974 4.00108 17.248
50 62 55 58 0.261417 4.50892 17.248
50 62 56 59 0.380801 5.38345 14.1372
50 62 57 60 0.54191 4.96551 9.16298
50 62 58 61 1.93322 7.74577 4.00667
51 63 52 55 2.94759 11.81 4.00667
51 63 53 56 0.504215 4.62011 9.16298
51 63 54 57 0.35102 4.96243 14.1372
51 63 55 58 0.257913 4.44847 17.248
51 63 56 59 0.308695 5.32436 17.248
51 63 57 60 0.319296 4.51394 14.1372
51 63 58 61 0.595201 5.45381 9.16298
51 63 59 62 1.3654 5.47072 4.00667
52 64 53 56 1.24914 5.0049 4.00667
52 64 54 57 0.576292 5.28055 9.16298
52 64 55 58 0.290754 4.11044 14.1372
52 64 56 59 0.29823 5.14387 17.248
52 64 57 60 0.240418 4.14672 17.248
52 64 58 61 0.331594 4.68781 14.1372
52 64 59 62 0.468602 4.29379 9.16298
52 64 60 63 2.04577 8.19671 4.00667
