64
# x y z
0.0 0.0 0.0
0.5 0.0 0.0
1.0 0.0 0.0
1.5 0.0 0.0
2.0 0.0 0.0
2.5 0.0 0.0
3.0 0.0 0.0
3.5 0.0 0.0
4.0 0.0 0.0
4.5 0.0 0.0
5.0 0.0 0.0
5.5 0.0 0.0
6.0 0.0 0.0
6.5 0.0 0.0
7.0 0.0 0.0
7.5 0.0 0.0
8.0 0.0 0.0
8.5 0.0 0.0
9.0 0.0 0.0
9.5 0.0 0.0
10.0 0.0 0.0
10.5 0.0 0.0
11.0 0.0 0.0
11.5 0.0 0.0
12.0 0.0 0.0
12.5 0.0 0.0
13.0 0.0 0.0
13.5 0.0 0.0
14.0 0.0 0.0
14.5 0.0 0.0
15.0 0.0 0.0
15.5 0.0 0.0
16.0 0.0 0.0
16.5 0.0 0.0
17.0 0.0 0.0
17.5 0.0 0.0
18.0 0.0 0.0
18.5 0.0 0.0
19.0 0.0 0.0
19.5 0.0 0.0
20.0 0.0 0.0
20.5 0.0 0.0
21.0 0.0 0.0
21.5 0.0 0.0
22.0 0.0 0.0
22.5 0.0 0.0
23.0 0.0 0.0
23.5 0.0 0.0
24.0 0.0 0.0
24.5 0.0 0.0
25.0 0.0 0.0
25.5 0.0 0.0
26.0 0.0 0.0
26.5 0.0 0.0
27.0 0.0 0.0
27.5 0.0 0.0
28.0 0.0 0.0
28.5 0.0 0.0
29.0 0.0 0.0
29.5 0.0 0.0
30.0 0.0 0.0
30.5 0.0 0.0
31.0 0.0 0.0
31.5 0.0 0.0
1400
# a b m n r rhoa k
1 13 2 5 1.83933 7.3696 4.00667
1 13 3 6 0.709399 6.50021 9.16298
1 13 4 7 0.411968 5.82406 14.1372
1 13 5 8 0.295065 5.08927 17.248
1 13 6 9 0.257473 4.44088 17.248
1 13 7 10 0.358257 5.06474 14.1372
1 13 8 11 0.687983 6.30397 9.16298
1 13 9 12 1.92163 7.69933 4.00667
1 23 2 7 1.96961 7.29499 3.70377
1 23 3 8 0.757936 6.36989 8.40426
1 23 4 9 0.405958 5.61507 13.8317
1 23 5 10 0.25442 4.98753 19.6035
1 23 6 11 0.175276 4.4225 25.2317
1 23 7 12 0.134467 4.05544 30.1593
1 23 8 13 0.119005 4.02623 33.8325
1 23 9 14 0.113595 4.06644 35.7978
1 23 10 15 0.105874 3.79007 35.7978
1 23 11 16 0.118478 4.00842 33.8325
1 23 12 17 0.13931 4.20149 30.1593
1 23 13 18 0.175998 4.44073 25.2317
1 23 14 19 0.262296 5.14194 19.6035
1 23 15 20 0.4009 5.54511 13.8317
1 23 16 21 0.815533 6.85395 8.40426
1 23 17 22 2.23486 8.2774 3.70377
1 57 4 16 0.469539 5.4194 11.542
1 57 5 17 0.30019 4.87959 16.255
1 57 6 18 0.206811 4.41354 21.3409
1 57 7 19 0.155489 4.1599 26.7536
1 57 8 20 0.126871 4.11564 32.4396
1 57 9 21 0.110051 4.21916 38.3381
1 57 10 22 0.0933245 4.14183 44.381
1 57 11 23 0.0812215 4.10113 50.4932
1 57 12 24 0.0726957 4.1141 56.5934
1 57 13 25 0.0654807 4.09875 62.5948
1 57 14 26 0.0605432 4.14155 68.4065
1 57 15 27 0.0575012 4.25139 73.9358
1 57 16 28 0.0524928 4.15161 79.0892
1 57 17 29 0.0497087 4.16439 83.7758
1 57 18 30 0.0474291 4.16945 87.9092
1 57 19 31 0.0447869 4.09399 91.4105
1 57 20 32 0.0431845 4.06844 94.2106
1 57 21 33 0.0425055 4.09128 96.2531
1 57 22 34 0.0421088 4.10543 97.4958
1 57 23 35 0.0430528 4.21543 97.913
1 57 24 36 0.0429579 4.18821 97.4958
1 57 25 37 0.0442016 4.25454 96.2531
1 57 26 38 0.0440535 4.15031 94.2106
1 57 27 39 0.0455699 4.16556 91.4105
1 57 28 40 0.0475049 4.17612 87.9092
1 57 29 41 0.0491249 4.11548 83.7758
1 57 30 42 0.0523034 4.13663 79.0892
1 57 31 43 0.0563759 4.1682 73.9358
1 57 32 44 0.0589058 4.02954 68.4065
1 57 33 45 0.0653312 4.08939 62.5948
1 57 34 46 0.0724911 4.10252 56.5934
1 57 35 47 0.0804971 4.06456 50.4932
1 57 36 48 0.0923401 4.09815 44.381
1 57 37 49 0.107686 4.12848 38.3381
1 57 38 50 0.122995 3.98992 32.4396
1 57 39 51 0.157004 4.20042 26.7536
1 57 40 52 0.203371 4.34013 21.3409
1 57 41 53 0.287495 4.67323 16.255
1 57 42 54 0.434251 5.01211 11.542
2 14 3 6 1.83111 7.33666 4.00667
2 14 4 7 0.697907 6.39491 9.16298
2 14 5 8 0.384455 5.43511 14.1372
2 14 6 9 0.260552 4.494 17.248
2 14 7 10 0.26475 4.5664 17.248
2 14 8 11 0.371253 5.24847 14.1372
2 14 9 12 0.661269 6.05919 9.16298
2 14 10 13 1.69991 6.81098 4.00667
2 24 3 8 1.93619 7.17122 3.70377
2 24 4 9 0.730118 6.1361 8.40426
2 24 5 10 0.383261 5.30113 13.8317
2 24 6 11 0.233682 4.58099 19.6035
2 24 7 12 0.162835 4.10859 25.2317
2 24 8 13 0.133755 4.03395 30.1593
2 24 9 14 0.12105 4.09544 33.8325
2 24 10 15 0.106394 3.80867 35.7978
2 24 11 16 0.110289 3.94809 35.7978
2 24 12 17 0.120661 4.08227 33.8325
2 24 13 18 0.140488 4.23701 30.1593
2 24 14 19 0.189078 4.77077 25.2317
2 24 15 20 0.258802 5.07344 19.6035
2 24 16 21 0.423471 5.85731 13.8317
2 24 17 22 0.842042 7.07674 8.40426
2 24 18 23 2.52692 9.35914 3.70377
2 58 5 17 0.443968 5.12426 11.542
2 58 6 18 0.277589 4.51221 16.255
2 58 7 19 0.195172 4.16516 21.3409
2 58 8 20 0.15291 4.09089 26.7536
2 58 9 21 0.129379 4.19699 32.4396
2 58 10 22 0.107138 4.10748 38.3381
2 58 11 23 0.0914623 4.05919 44.381
2 58 12 24 0.0806369 4.07162 50.4932
2 58 13 25 0.0716013 4.05216 56.5934
2 58 14 26 0.0654611 4.09752 62.5948
2 58 15 27 0.0616158 4.21492 68.4065
2 58 16 28 0.0556414 4.11389 73.9358
2 58 17 29 0.0521897 4.12764 79.0892
2 58 18 30 0.0493067 4.13071 83.7758
2 58 19 31 0.0461458 4.05664 87.9092
2 58 20 32 0.0441552 4.03625 91.4105
2 58 21 33 0.0431361 4.06388 94.2106
2 58 22 34 0.0424087 4.08196 96.2531
2 58 23 35 0.042934 4.18588 97.4958
2 58 24 36 0.0425515 4.16635 97.913
2 58 25 37 0.0434038 4.23168 97.4958
2 58 26 38 0.0429595 4.13498 96.2531
2 58 27 39 0.0440957 4.15428 94.2106
2 58 28 40 0.0455423 4.16304 91.4105
2 58 29 41 0.0466827 4.10384 87.9092
2 58 30 42 0.0492054 4.12222 83.7758
2 58 31 43 0.0524928 4.15161 79.0892
2 58 32 44 0.0544239 4.02387 73.9358
2 58 33 45 0.0596002 4.07704 68.4065
2 58 34 46 0.0652136 4.08203 62.5948
2 58 35 47 0.0712144 4.03026 56.5934
2 58 36 48 0.080339 4.05658 50.4932
2 58 37 49 0.0916362 4.06691 44.381
2 58 38 50 0.102668 3.93608 38.3381
2 58 39 51 0.126022 4.0881 32.4396
2 58 40 52 0.155902 4.17094 26.7536
2 58 41 53 0.205757 4.39105 21.3409
2 58 42 54 0.281799 4.58064 16.255
2 58 43 55 0.408531 4.71524 11.542
3 15 4 7 1.9379 7.76454 4.00667
3 15 5 8 0.682073 6.24982 9.16298
3 15 6 9 0.347599 4.91407 14.1372
3 15 7 10 0.263946 4.55253 17.248
3 15 8 11 0.291011 5.01935 17.248
3 15 9 12 0.410787 5.80736 14.1372
3 15 10 13 0.717898 6.57808 9.16298
3 15 11 14 1.86198 7.46036 4.00667
3 25 4 9 2.01699 7.47047 3.70377
3 25 5 10 0.713918 5.99995 8.40426
3 25 6 11 0.354737 4.90661 13.8317
3 25 7 12 0.214634 4.20759 19.6035
3 25 8 13 0.16002 4.03757 25.2317
3 25 9 14 0.135905 4.09881 30.1593
3 25 10 15 0.112278 3.79865 33.8325
3 25 11 16 0.107849 3.86076 35.7978
3 25 12 17 0.110036 3.93905 35.7978
3 25 13 18 0.11865 4.01424 33.8325
3 25 14 19 0.145721 4.39485 30.1593
3 25 15 20 0.181987 4.59183 25.2317
3 25 16 21 0.251272 4.92582 19.6035
3 25 17 22 0.404759 5.59849 13.8317
3 25 18 23 0.835018 7.0177 8.40426
3 25 19 24 2.25424 8.34918 3.70377
3 59 6 18 0.412737 4.76379 11.542
3 59 7 19 0.25915 4.21248 16.255
3 59 8 20 0.190383 4.06296 21.3409
3 59 9 21 0.155545 4.16138 26.7536
3 59 10 22 0.124968 4.05391 32.4396
3 59 11 23 0.104075 3.99005 38.3381
3 59 12 24 0.0901849 4.0025 44.381
3 59 13 25 0.0788142 3.97959 50.4932
3 59 14 26 0.0711554 4.02693 56.5934
3 59 15 27 0.0663614 4.15387 62.5948
3 59 16 28 0.0592135 4.05059 68.4065
3 59 17 29 0.0550269 4.06846 73.9358
3 59 18 30 0.0515016 4.07322 79.0892
3 59 19 31 0.0477281 3.99846 83.7758
3 59 20 32 0.0453339 3.98527 87.9092
3 59 21 33 0.0439664 4.01899 91.4105
3 59 22 34 0.0428927 4.04094 94.2106
3 59 23 35 0.0430279 4.14157 96.2531
3 59 24 36 0.0423443 4.12839 97.4958
3 59 25 37 0.0428373 4.19433 97.913
3 59 26 38 0.0421652 4.11093 97.4958
3 59 27 39 0.0429323 4.13236 96.2531
3 59 28 40 0.0439935 4.14466 94.2106
3 59 29 41 0.0447133 4.08726 91.4105
3 59 30 42 0.0466655 4.10232 87.9092
3 59 31 43 0.0493384 4.13337 83.7758
3 59 32 44 0.0507573 4.01436 79.0892
3 59 33 45 0.0549874 4.06553 73.9358
3 59 34 46 0.05946 4.06745 68.4065
3 59 35 47 0.0639343 4.00195 62.5948
3 59 36 48 0.0711072 4.0242 56.5934
3 59 37 49 0.0795999 4.01926 50.4932
3 59 38 50 0.0877805 3.89579 44.381
3 59 39 51 0.104548 4.00817 38.3381
3 59 40 52 0.124905 4.05187 32.4396
3 59 41 53 0.15697 4.19951 26.7536
3 59 42 54 0.201066 4.29094 21.3409
3 59 43 55 0.265309 4.3126 16.255
3 59 44 56 0.38273 4.41746 11.542
4 16 5 8 1.99352 7.98738 4.00667
4 16 6 9 0.652106 5.97523 9.16298
4 16 7 10 0.338175 4.78083 14.1372
4 16 8 11 0.269515 4.64859 17.248
4 16 9 12 0.291681 5.03089 17.248
4 16 10 13 0.37513 5.30327 14.1372
4 16 11 14 0.599636 5.49445 9.16298
4 16 12 15 1.49941 6.00763 4.00667
4 26 5 10 2.08252 7.71319 3.70377
4 26 6 11 0.705787 5.93162 8.40426
4 26 7 12 0.341377 4.72182 13.8317
4 26 8 13 0.220192 4.31654 19.6035
4 26 9 14 0.171585 4.32938 25.2317
4 26 10 15 0.131382 3.96237 30.1593
4 26 11 16 0.116369 3.93704 33.8325
4 26 12 17 0.110738 3.96418 35.7978
4 26 13 18 0.111127 3.97808 35.7978
4 26 14 19 0.126306 4.27326 33.8325
4 26 15 20 0.14672 4.42498 30.1593
4 26 16 21 0.178727 4.50958 25.2317
4 26 17 22 0.247295 4.84786 19.6035
4 26 18 23 0.401303 5.55069 13.8317
4 26 19 24 0.709995 5.96698 8.40426
4 26 20 25 1.87335 6.93848 3.70377
4 60 7 19 0.402138 4.64146 11.542
4 60 8 20 0.263891 4.28956 16.255
4 60 9 21 0.203156 4.33553 21.3409
4 60 10 22 0.155709 4.16578 26.7536
4 60 11 23 0.125026 4.05578 32.4396
4 60 12 24 0.105569 4.04732 38.3381
4 60 13 25 0.0902086 4.00355 44.381
4 60 14 26 0.0800501 4.04199 50.4932
4 60 15 27 0.0736894 4.17033 56.5934
4 60 16 28 0.0647455 4.05273 62.5948
4 60 17 29 0.0594242 4.065 68.4065
4 60 18 30 0.0549871 4.06551 73.9358
4 60 19 31 0.0503929 3.98553 79.0892
4 60 20 32 0.0473966 3.97068 83.7758
4 60 21 33 0.0455954 4.00826 87.9092
4 60 22 34 0.0440976 4.03099 91.4105
4 60 23 35 0.0437522 4.12192 94.2106
4 60 24 36 0.0427286 4.11276 96.2531
4 60 25 37 0.0428273 4.17548 97.4958
4 60 26 38 0.0418876 4.10134 97.913
4 60 27 39 0.0423231 4.12633 97.4958
4 60 28 40 0.04298 4.13695 96.2531
4 60 29 41 0.0433183 4.08105 94.2106
4 60 30 42 0.0447821 4.09355 91.4105
4 60 31 43 0.046898 4.12276 87.9092
4 60 32 44 0.0478899 4.01202 83.7758
4 60 33 45 0.0513077 4.05788 79.0892
4 60 34 46 0.0548845 4.05793 73.9358
4 60 35 47 0.058201 3.98133 68.4065
4 60 36 48 0.0638618 3.99741 62.5948
4 60 37 49 0.0703531 3.98152 56.5934
4 60 38 50 0.0765896 3.86726 50.4932
4 60 39 51 0.089097 3.95421 44.381
4 60 40 52 0.103633 3.97308 38.3381
4 60 41 53 0.125664 4.07649 32.4396
4 60 42 54 0.153809 4.11495 26.7536
4 60 43 55 0.191204 4.08047 21.3409
4 60 44 56 0.25004 4.06441 16.255
4 60 45 57 0.471916 5.44684 11.542
5 17 6 9 2.03874 8.16856 4.00667
5 17 7 10 0.632706 5.79747 9.16298
5 17 8 11 0.351212 4.96514 14.1372
5 17 9 12 0.293528 5.06277 17.248
5 17 10 13 0.292136 5.03876 17.248
5 17 11 14 0.360476 5.09611 14.1372
5 17 12 15 0.609987 5.58929 9.16298
5 17 13 16 2.2857 9.15806 4.00667
5 27 6 11 2.15588 7.98488 3.70377
5 27 7 12 0.681478 5.72732 8.40426
5 27 8 13 0.350009 4.84121 13.8317
5 27 9 14 0.24204 4.74484 19.6035
5 27 10 15 0.16853 4.2523 25.2317
5 27 11 16 0.136307 4.11092 30.1593
5 27 12 17 0.120776 4.08617 33.8325
5 27 13 18 0.112984 4.04457 35.7978
5 27 14 19 0.119889 4.29177 35.7978
5 27 15 20 0.131592 4.4521 33.8325
5 27 16 21 0.147055 4.43509 30.1593
5 27 17 22 0.185467 4.67965 25.2317
5 27 18 23 0.265651 5.2077 19.6035
5 27 19 24 0.396684 5.4868 13.8317
5 27 20 25 0.740331 6.22193 8.40426
5 27 21 26 2.02035 7.48292 3.70377
5 61 8 20 0.410287 4.73552 11.542
5 61 9 21 0.287288 4.66988 16.255
5 61 10 22 0.205144 4.37796 21.3409
5 61 11 23 0.156741 4.19339 26.7536
5 61 12 24 0.127913 4.14944 32.4396
5 61 13 25 0.106156 4.0698 38.3381
5 61 14 26 0.092194 4.09166 44.381
5 61 15 27 0.0835964 4.22105 50.4932
5 61 16 28 0.0721046 4.08064 56.5934
5 61 17 29 0.0652316 4.08316 62.5948
5 61 18 30 0.0595329 4.07244 68.4065
5 61 19 31 0.0538822 3.98382 73.9358
5 61 20 32 0.0501498 3.96631 79.0892
5 61 21 33 0.0477866 4.00336 83.7758
5 61 22 34 0.0457725 4.02383 87.9092
5 61 23 35 0.0449119 4.10541 91.4105
5 61 24 36 0.0434657 4.09493 94.2106
5 61 25 37 0.0431461 4.15295 96.2531
5 61 26 38 0.0418867 4.08378 97.4958
5 61 27 39 0.0419761 4.11001 97.913
5 61 28 40 0.0422496 4.11916 97.4958
5 61 29 41 0.0421813 4.06007 96.2531
5 61 30 42 0.0431826 4.06826 94.2106
5 61 31 43 0.0447781 4.09319 91.4105
5 61 32 44 0.0453753 3.98891 87.9092
5 61 33 45 0.0480716 4.02723 83.7758
5 61 34 46 0.0508179 4.01915 79.0892
5 61 35 47 0.0531567 3.93018 73.9358
5 61 36 48 0.0575733 3.93839 68.4065
5 61 37 49 0.0623676 3.90388 62.5948
5 61 38 50 0.0670508 3.79463 56.5934
5 61 39 51 0.0762276 3.84898 50.4932
5 61 40 52 0.0864557 3.83699 44.381
5 61 41 53 0.101486 3.89077 38.3381
5 61 42 54 0.119175 3.866 32.4396
5 61 43 55 0.14071 3.76451 26.7536
5 61 44 56 0.169962 3.62714 21.3409
5 61 45 57 0.258948 4.2092 16.255
5 61 46 58 0.40172 4.63663 11.542
6 18 7 10 1.83471 7.35106 4.00667
6 18 8 11 0.627919 5.75361 9.16298
6 18 9 12 0.390713 5.52357 14.1372
6 18 10 13 0.292955 5.05287 17.248
6 18 11 14 0.275968 4.75989 17.248
6 18 12 15 0.346069 4.89243 14.1372
6 18 13 16 0.802652 7.35468 9.16298
6 18 14 17 2.49789 10.0082 4.00667
6 28 7 12 1.94884 7.21807 3.70377
6 28 8 13 0.675241 5.6749 8.40426
6 28 9 14 0.390951 5.4075 13.8317
6 28 10 15 0.240253 4.7098 19.6035
6 28 11 16 0.174131 4.39363 25.2317
6 28 12 17 0.142038 4.28377 30.1593
6 28 13 18 0.122784 4.1541 33.8325
6 28 14 19 0.121088 4.33469 35.7978
6 28 15 20 0.125454 4.49097 35.7978
6 28 16 21 0.129305 4.3747 33.8325
6 28 17 22 0.150254 4.53156 30.1593
6 28 18 23 0.195416 4.93067 25.2317
6 28 19 24 0.261223 5.12089 19.6035
6 28 20 25 0.414041 5.72688 13.8317
6 28 21 26 0.789857 6.63816 8.40426
6 28 22 27 2.44718 9.06379 3.70377
6 62 9 21 0.454372 5.24434 11.542
6 62 10 22 0.292397 4.75291 16.255
6 62 11 23 0.208017 4.43928 21.3409
6 62 12 24 0.162271 4.34133 26.7536
6 62 13 25 0.129662 4.20618 32.4396
6 62 14 26 0.109593 4.20159 38.3381
6 62 15 27 0.0975701 4.33026 44.381
6 62 16 28 0.0824022 4.16075 50.4932
6 62 17 29 0.0733167 4.14924 56.5934
6 62 18 30 0.065942 4.12762 62.5948
6 62 19 31 0.0588181 4.02354 68.4065
6 62 20 32 0.0541526 4.00381 73.9358
6 62 21 33 0.051108 4.04209 79.0892
6 62 22 34 0.0485114 4.06408 83.7758
6 62 23 35 0.0470866 4.13934 87.9092
6 62 24 36 0.045228 4.13431 91.4105
6 62 25 37 0.0445276 4.19497 94.2106
6 62 26 38 0.0429577 4.13481 96.2531
6 62 27 39 0.0427357 4.16655 97.4958
6 62 28 40 0.0427109 4.18195 97.913
6 62 29 41 0.0423439 4.12835 97.4958
6 62 30 42 0.0429874 4.13767 96.2531
6 62 31 43 0.044259 4.16967 94.2106
6 62 32 44 0.0445777 4.07487 91.4105
6 62 33 45 0.0468584 4.11929 87.9092
6 62 34 46 0.0491542 4.11793 83.7758
6 62 35 47 0.0509249 4.02761 79.0892
6 62 36 48 0.0547374 4.04705 73.9358
6 62 37 49 0.058718 4.0167 68.4065
6 62 38 50 0.0626486 3.92148 62.5948
6 62 39 51 0.0703904 3.98363 56.5934
6 62 40 52 0.0788343 3.9806 50.4932
6 62 41 53 0.0910761 4.04205 44.381
6 62 42 54 0.104978 4.02467 38.3381
6 62 43 55 0.121293 3.93471 32.4396
6 62 44 56 0.142437 3.81069 26.7536
6 62 45 57 0.201321 4.29637 21.3409
6 62 46 58 0.284942 4.63173 16.255
6 62 47 59 0.43427 5.01233 11.542
7 19 8 11 1.63973 6.56984 4.00667
7 19 9 12 0.669099 6.13094 9.16298
7 19 10 13 0.372006 5.25911 14.1372
7 19 11 14 0.267482 4.61353 17.248
7 19 12 15 0.252362 4.35273 17.248
7 19 13 16 0.395025 5.58454 14.1372
7 19 14 17 0.791997 7.25705 9.16298
7 19 15 18 2.53137 10.1424 4.00667
7 29 8 13 1.74727 6.47148 3.70377
7 29 9 14 0.717499 6.03005 8.40426
7 29 10 15 0.369401 5.10943 13.8317
7 29 11 16 0.235812 4.62275 19.6035
7 29 12 17 0.175905 4.43839 25.2317
7 29 13 18 0.140077 4.22463 30.1593
7 29 14 19 0.128086 4.33346 33.8325
7 29 15 20 0.125529 4.49365 35.7978
7 29 16 21 0.119629 4.28245 35.7978
7 29 17 22 0.128608 4.35113 33.8325
7 29 18 23 0.152874 4.61058 30.1593
7 29 19 24 0.185756 4.68693 25.2317
7 29 20 25 0.260306 5.10291 19.6035
7 29 21 26 0.407629 5.63819 13.8317
7 29 22 27 0.847253 7.12054 8.40426
7 29 23 28 2.53238 9.37935 3.70377
7 63 10 22 0.439137 5.06849 11.542
7 63 11 23 0.283983 4.61615 16.255
7 63 12 24 0.209107 4.46253 21.3409
7 63 13 25 0.15985 4.27656 26.7536
7 63 14 26 0.130965 4.24846 32.4396
7 63 15 27 0.114233 4.37946 38.3381
7 63 16 28 0.0943187 4.18596 44.381
7 63 17 29 0.0824848 4.16493 50.4932
7 63 18 30 0.0730182 4.13235 56.5934
7 63 19 31 0.0642603 4.02236 62.5948
7 63 20 32 0.0583991 3.99488 68.4065
7 63 21 33 0.0546206 4.03842 73.9358
7 63 22 34 0.0513421 4.06061 79.0892
7 63 23 35 0.0492662 4.12732 83.7758
7 63 24 36 0.0469561 4.12788 87.9092
7 63 25 37 0.0457639 4.1833 91.4105
7 63 26 38 0.0438504 4.13117 94.2106
7 63 27 39 0.0433025 4.168 96.2531
7 63 28 40 0.0429206 4.18458 97.4958
7 63 29 41 0.0422379 4.13564 97.913
7 63 30 42 0.0425247 4.14598 97.4958
7 63 31 43 0.043411 4.17844 96.2531
7 63 32 44 0.0434512 4.09357 94.2106
7 63 33 45 0.0452776 4.13885 91.4105
7 63 34 46 0.0470357 4.13487 87.9092
7 63 35 47 0.048226 4.04017 83.7758
7 63 36 48 0.0513641 4.06234 79.0892
7 63 37 49 0.0545237 4.03125 73.9358
7 63 38 50 0.0577231 3.94864 68.4065
7 63 39 51 0.0639975 4.00591 62.5948
7 63 40 52 0.0707302 4.00286 56.5934
7 63 41 53 0.0804494 4.06215 50.4932
7 63 42 54 0.0910992 4.04307 44.381
7 63 43 55 0.103121 3.95347 38.3381
7 63 44 56 0.11819 3.83403 32.4396
7 63 45 57 0.157705 4.21918 26.7536
7 63 46 58 0.208939 4.45895 21.3409
7 63 47 59 0.290335 4.71941 16.255
7 63 48 60 0.4555 5.25736 11.542
8 20 9 12 1.79808 7.20431 4.00667
8 20 10 13 0.630292 5.77535 9.16298
8 20 11 14 0.339857 4.80462 14.1372
8 20 12 15 0.247167 4.26312 17.248
8 20 13 16 0.26583 4.58502 17.248
8 20 14 17 0.367946 5.20171 14.1372
8 20 15 18 0.67702 6.20352 9.16298
8 20 16 19 2.05183 8.22099 4.00667
8 30 9 14 1.90276 7.0474 3.70377
8 30 10 15 0.667922 5.61339 8.40426
8 30 11 16 0.351263 4.85856 13.8317
8 30 12 17 0.233374 4.57495 19.6035
8 30 13 18 0.169217 4.26963 25.2317
8 30 14 19 0.143031 4.31372 30.1593
8 30 15 20 0.132521 4.48352 33.8325
8 30 16 21 0.117333 4.20024 35.7978
8 30 17 22 0.117386 4.20217 35.7978
8 30 18 23 0.128657 4.35278 33.8325
8 30 19 24 0.143519 4.32843 30.1593
8 30 20 25 0.182088 4.59439 25.2317
8 30 21 26 0.248729 4.87597 19.6035
8 30 22 27 0.409504 5.66413 13.8317
8 30 23 28 0.8391 7.05202 8.40426
8 30 24 29 2.3937 8.86573 3.70377
8 64 11 23 0.415136 4.79148 11.542
8 64 12 24 0.279906 4.54988 16.255
8 64 13 25 0.201175 4.29327 21.3409
8 64 14 26 0.158388 4.23746 26.7536
8 64 15 27 0.134832 4.3739 32.4396
8 64 16 28 0.108422 4.1567 38.3381
8 64 17 29 0.0930556 4.1299 44.381
8 64 18 30 0.080998 4.08985 50.4932
8 64 19 31 0.070166 3.97093 56.5934
8 64 20 32 0.0630065 3.94388 62.5948
8 64 21 33 0.0583496 3.99149 68.4065
8 64 22 34 0.0543565 4.01889 73.9358
8 64 23 35 0.0516211 4.08268 79.0892
8 64 24 36 0.0487808 4.08665 83.7758
8 64 25 37 0.0471254 4.14276 87.9092
8 64 26 38 0.0448595 4.10062 91.4105
8 64 27 39 0.0439834 4.1437 94.2106
8 64 28 40 0.0432795 4.16579 96.2531
8 64 29 41 0.0422655 4.12071 97.4958
8 64 30 42 0.0422319 4.13505 97.913
8 64 31 43 0.0427786 4.17073 97.4958
8 64 32 44 0.0425413 4.09473 96.2531
8 64 33 45 0.0439869 4.14403 94.2106
8 64 34 46 0.045378 4.14803 91.4105
8 64 35 47 0.0460802 4.05087 87.9092
8 64 36 48 0.0486742 4.07772 83.7758
8 64 37 49 0.0511384 4.04449 79.0892
8 64 38 50 0.0537753 3.97591 73.9358
8 64 39 51 0.058941 4.03195 68.4065
8 64 40 52 0.0643227 4.02626 62.5948
8 64 41 53 0.0721711 4.08441 56.5934
8 64 42 54 0.08039 4.05915 50.4932
8 64 43 55 0.0894573 3.9702 44.381
8 64 44 56 0.100669 3.85946 38.3381
8 64 45 57 0.128769 4.17723 32.4396
8 64 46 58 0.162997 4.36076 26.7536
8 64 47 59 0.213318 4.55241 21.3409
8 64 48 60 0.303816 4.93853 16.255
8 64 49 61 0.478494 5.52276 11.542
9 21 10 13 1.66513 6.67164 4.00667
9 21 11 14 0.582607 5.33841 9.16298
9 21 12 15 0.324696 4.59028 14.1372
9 21 13 16 0.260018 4.48479 17.248
9 21 14 17 0.27836 4.80114 17.248
9 21 15 18 0.393279 5.55985 14.1372
9 21 16 19 0.732679 6.71352 9.16298
9 21 17 20 1.79459 7.19032 4.00667
9 31 10 15 1.74979 6.48081 3.70377
9 31 11 16 0.628334 5.28069 8.40426
9 31 12 17 0.346432 4.79174 13.8317
9 31 13 18 0.221486 4.34191 19.6035
9 31 14 19 0.170425 4.30011 25.2317
9 31 15 20 0.148636 4.48277 30.1593
9 31 16 21 0.122567 4.14676 33.8325
9 31 17 22 0.114835 4.11085 35.7978
9 31 18 23 0.117021 4.18908 35.7978
9 31 19 24 0.121213 4.10096 33.8325
9 31 20 25 0.141714 4.27401 30.1593
9 31 21 26 0.175281 4.42264 25.2317
9 31 22 27 0.246381 4.82995 19.6035
9 31 23 28 0.402532 5.5677 13.8317
9 31 24 29 0.797097 6.69901 8.40426
9 31 25 30 2.1961 8.13385 3.70377
10 22 11 14 1.8746 7.51089 4.00667
10 22 12 15 0.657996 6.0292 9.16298
10 22 13 16 0.3614 5.10917 14.1372
10 22 14 17 0.283382 4.88776 17.248
10 22 15 18 0.313071 5.39984 17.248
10 22 16 19 0.427102 6.03801 14.1372
10 22 17 20 0.727904 6.66977 9.16298
10 22 18 21 2.31109 9.25976 4.00667
10 32 11 16 1.9815 7.33903 3.70377
10 32 12 17 0.726937 6.10937 8.40426
10 32 13 18 0.369258 5.10746 13.8317
10 32 14 19 0.242838 4.76047 19.6035
10 32 15 20 0.193721 4.8879 25.2317
10 32 16 21 0.145298 4.3821 30.1593
10 32 17 22 0.126033 4.26403 33.8325
10 32 18 23 0.118641 4.2471 35.7978
10 32 19 24 0.1139 4.07735 35.7978
10 32 20 25 0.123527 4.17922 33.8325
10 32 21 26 0.141269 4.26058 30.1593
10 32 22 27 0.177421 4.47663 25.2317
10 32 23 28 0.249057 4.88239 19.6035
10 32 24 29 0.401141 5.54846 13.8317
10 32 25 30 0.744333 6.25557 8.40426
10 32 26 31 1.86692 6.91464 3.70377
11 23 12 15 1.96803 7.88525 4.00667
11 23 13 16 0.673657 6.17271 9.16298
11 23 14 17 0.371317 5.24937 14.1372
11 23 15 18 0.315463 5.44109 17.248
11 23 16 19 0.3108 5.36066 17.248
11 23 17 20 0.39611 5.59987 14.1372
11 23 18 21 0.76518 7.01133 9.16298
11 23 19 22 2.09933 8.41133 4.00667
11 33 12 17 2.10689 7.80344 3.70377
11 33 13 18 0.73034 6.13797 8.40426
11 33 14 19 0.384414 5.31708 13.8317
11 33 15 20 0.274279 5.37683 19.6035
11 33 16 21 0.185122 4.67095 25.2317
11 33 17 22 0.148117 4.4671 30.1593
11 33 18 23 0.128639 4.35218 33.8325
11 33 19 24 0.114493 4.09859 35.7978
11 33 20 25 0.115612 4.13865 35.7978
11 33 21 26 0.123972 4.1943 33.8325
11 33 22 27 0.143304 4.32193 30.1593
11 33 23 28 0.181755 4.58599 25.2317
11 33 24 29 0.259879 5.09454 19.6035
11 33 25 30 0.406874 5.62775 13.8317
11 33 26 31 0.72035 6.05401 8.40426
11 33 27 32 1.76419 6.53415 3.70377
12 24 13 16 1.87508 7.51281 4.00667
12 24 14 17 0.641668 5.87959 9.16298
12 24 15 18 0.417527 5.90265 14.1372
12 24 16 19 0.305874 5.2757 17.248
12 24 17 20 0.304044 5.24414 17.248
12 24 18 21 0.419866 5.93571 14.1372
12 24 19 22 0.778049 7.12924 9.16298
12 24 20 23 2.40325 9.62903 4.00667
12 34 13 18 1.99202 7.378 3.70377
12 34 14 19 0.702224 5.90167 8.40426
12 34 15 20 0.425495 5.88531 13.8317
12 34 16 21 0.252445 4.94882 19.6035
12 34 17 22 0.185118 4.67083 25.2317
12 34 18 23 0.147714 4.45494 30.1593
12 34 19 24 0.121607 4.11428 33.8325
12 34 20 25 0.114216 4.08867 35.7978
12 34 21 26 0.115305 4.12765 35.7978
12 34 22 27 0.124082 4.19801 33.8325
12 34 23 28 0.144603 4.36113 30.1593
12 34 24 29 0.189144 4.77243 25.2317
12 34 25 30 0.266096 5.21643 19.6035
12 34 26 31 0.406087 5.61686 13.8317
12 34 27 32 0.732269 6.15418 8.40426
12 34 28 33 2.50427 9.27525 3.70377
13 25 14 17 1.68488 6.75078 4.00667
13 25 15 18 0.730218 6.69097 9.16298
13 25 16 19 0.387755 5.48175 14.1372
13 25 17 20 0.300447 5.1821 17.248
13 25 18 21 0.298506 5.14861 17.248
13 25 19 22 0.391792 5.53882 14.1372
13 25 20 23 0.781192 7.15805 9.16298
13 25 21 24 2.14114 8.57885 4.00667
13 35 14 19 1.811 6.70753 3.70377
13 35 15 20 0.787684 6.6199 8.40426
13 35 16 21 0.385393 5.33063 13.8317
13 35 17 22 0.253376 4.96707 19.6035
13 35 18 23 0.182661 4.60884 25.2317
13 35 19 24 0.136745 4.12415 30.1593
13 35 20 25 0.117564 3.97749 33.8325
13 35 21 26 0.11051 3.95602 35.7978
13 35 22 27 0.109423 3.91711 35.7978
13 35 23 28 0.115532 3.90873 33.8325
13 35 24 29 0.136269 4.10979 30.1593
13 35 25 30 0.170637 4.30545 25.2317
13 35 26 31 0.227613 4.46202 19.6035
13 35 27 32 0.333265 4.60962 13.8317
13 35 28 33 0.717477 6.02986 8.40426
13 35 29 34 1.95172 7.22871 3.70377
14 26 15 18 1.89754 7.60281 4.00667
14 26 16 19 0.626063 5.7366 9.16298
14 26 17 20 0.382249 5.40392 14.1372
14 26 18 21 0.287862 4.96504 17.248
14 26 19 22 0.276231 4.76441 17.248
14 26 20 23 0.387762 5.48186 14.1372
14 26 21 24 0.660108 6.04855 9.16298
14 26 22 25 1.75761 7.04217 4.00667
14 36 15 20 2.01535 7.46439 3.70377
14 36 16 21 0.665721 5.5949 8.40426
14 36 17 22 0.377814 5.2258 13.8317
14 36 18 23 0.243436 4.77221 19.6035
14 36 19 24 0.16606 4.18999 25.2317
14 36 20 25 0.13137 3.96203 30.1593
14 36 21 26 0.116825 3.95247 33.8325
14 36 22 27 0.109058 3.90403 35.7978
14 36 23 28 0.10762 3.85255 35.7978
14 36 24 29 0.118661 4.01462 33.8325
14 36 25 30 0.137967 4.161 30.1593
14 36 26 31 0.170054 4.29074 25.2317
14 36 27 32 0.222843 4.36851 19.6035
14 36 28 33 0.380794 5.26702 13.8317
14 36 29 34 0.776322 6.52441 8.40426
14 36 30 35 3.13949 11.628 3.70377
15 27 16 19 1.53871 6.16511 4.00667
15 27 17 20 0.648726 5.94427 9.16298
15 27 18 21 0.369943 5.22994 14.1372
15 27 19 22 0.268221 4.62627 17.248
15 27 20 23 0.286443 4.94056 17.248
15 27 21 24 0.38368 5.42415 14.1372
15 27 22 25 0.681757 6.24693 9.16298
15 27 23 26 1.88634 7.55795 4.00667
15 37 16 21 1.62938 6.03484 3.70377
15 37 17 22 0.677615 5.69485 8.40426
15 37 18 23 0.364595 5.04296 13.8317
15 37 19 24 0.217764 4.26894 19.6035
15 37 20 25 0.15403 3.88643 25.2317
15 37 21 26 0.127899 3.85733 30.1593
15 37 22 27 0.111678 3.77836 33.8325
15 37 23 28 0.102078 3.65416 35.7978
15 37 24 29 0.104243 3.73167 35.7978
15 37 25 30 0.111461 3.771 33.8325
15 37 26 31 0.126045 3.80144 30.1593
15 37 27 32 0.148219 3.73982 25.2317
15 37 28 33 0.205498 4.0285 19.6035
15 37 29 34 0.325198 4.49803 13.8317
15 37 30 35 0.817028 6.86652 8.40426
15 37 31 36 2.12254 7.86139 3.70377
16 28 17 20 2.31497 9.2753 4.00667
16 28 18 21 0.817342 7.48928 9.16298
16 28 19 22 0.400163 5.65716 14.1372
16 28 20 23 0.28871 4.97965 17.248
16 28 21 24 0.299738 5.16986 17.248
16 28 22 25 0.405956 5.73907 14.1372
16 28 23 26 0.724085 6.63478 9.16298
16 28 24 27 2.31852 9.28952 4.00667
16 38 17 22 2.40976 8.92519 3.70377
16 38 18 23 0.862634 7.2498 8.40426
16 38 19 24 0.40104 5.54706 13.8317
16 38 20 25 0.230485 4.51833 19.6035
16 38 21 26 0.172025 4.34048 25.2317
16 38 22 27 0.137766 4.15492 30.1593
16 38 23 28 0.115648 3.91267 33.8325
16 38 24 29 0.109699 3.92699 35.7978
16 38 25 30 0.109262 3.91133 35.7978
16 38 26 31 0.116123 3.92875 33.8325
16 38 27 32 0.127909 3.85765 30.1593
16 38 28 33 0.15864 4.00276 25.2317
16 38 29 34 0.217505 4.26387 19.6035
16 38 30 35 0.415392 5.74556 13.8317
16 38 31 36 0.742216 6.23778 8.40426
16 38 32 37 2.09663 7.76544 3.70377
17 29 18 21 2.49401 9.99267 4.00667
17 29 19 22 0.779067 7.13857 9.16298
17 29 20 23 0.370447 5.23707 14.1372
17 29 21 24 0.293493 5.06215 17.248
17 29 22 25 0.304143 5.24584 17.248
17 29 23 26 0.392936 5.555 14.1372
17 29 24 27 0.787612 7.21687 9.16298
17 29 25 28 2.40975 9.65509 4.00667
17 39 18 23 2.60248 9.639 3.70377
17 39 19 24 0.829835 6.97415 8.40426
17 39 20 25 0.366314 5.06674 13.8317
17 39 21 26 0.241523 4.73471 19.6035
17 39 22 27 0.176578 4.45537 25.2317
17 39 23 28 0.135572 4.08875 30.1593
17 39 24 29 0.119267 4.0351 33.8325
17 39 25 30 0.110514 3.95616 35.7978
17 39 26 31 0.110516 3.95622 35.7978
17 39 27 32 0.115031 3.8918 33.8325
17 39 28 33 0.131322 3.96059 30.1593
17 39 29 34 0.163241 4.11885 25.2317
17 39 30 35 0.265084 5.19658 19.6035
17 39 31 36 0.396913 5.48997 13.8317
17 39 32 37 0.797603 6.70326 8.40426
17 39 33 38 1.82155 6.74662 3.70377
18 30 19 22 2.48554 9.95875 4.00667
18 30 20 23 0.65097 5.96483 9.16298
18 30 21 24 0.379444 5.36426 14.1372
18 30 22 25 0.300146 5.1769 17.248
18 30 23 26 0.285544 4.92506 17.248
18 30 24 27 0.399766 5.65156 14.1372
18 30 25 28 0.783678 7.18082 9.16298
18 30 26 29 2.27763 9.12569 4.00667
18 40 19 24 2.60393 9.64435 3.70377
18 40 20 25 0.697418 5.86128 8.40426
18 40 21 26 0.380398 5.26155 13.8317
18 40 22 27 0.24825 4.86658 19.6035
18 40 23 28 0.171765 4.33391 25.2317
18 40 24 29 0.138733 4.18407 30.1593
18 40 25 30 0.118678 4.01519 33.8325
18 40 26 31 0.111098 3.97706 35.7978
18 40 27 32 0.109212 3.90953 35.7978
18 40 28 33 0.115641 3.91243 33.8325
18 40 29 34 0.131721 3.9726 30.1593
18 40 30 35 0.187872 4.74033 25.2317
18 40 31 36 0.248849 4.87831 19.6035
18 40 32 37 0.414022 5.72661 13.8317
18 40 33 38 0.670113 5.6318 8.40426
18 40 34 39 2.25972 8.36947 3.70377
19 31 20 23 2.01526 8.07448 4.00667
19 31 21 24 0.718086 6.57981 9.16298
19 31 22 25 0.420768 5.94847 14.1372
19 31 23 26 0.29314 5.05606 17.248
19 31 24 27 0.291625 5.02994 17.248
19 31 25 28 0.396781 5.60935 14.1372
19 31 26 29 0.749731 6.86977 9.16298
19 31 27 30 2.08671 8.36076 4.00667
19 41 20 25 2.13446 7.90554 3.70377
19 41 21 26 0.772055 6.48855 8.40426
19 41 22 27 0.420052 5.81002 13.8317
19 41 23 28 0.251182 4.92405 19.6035
19 41 24 29 0.181809 4.58734 25.2317
19 41 25 30 0.140996 4.25233 30.1593
19 41 26 31 0.122324 4.13854 33.8325
19 41 27 32 0.113353 4.05778 35.7978
19 41 28 33 0.111971 4.0083 35.7978
19 41 29 34 0.118197 3.99889 33.8325
19 41 30 35 0.152217 4.59076 30.1593
19 41 31 36 0.18494 4.66635 25.2317
19 41 32 37 0.273776 5.36699 19.6035
19 41 33 38 0.378891 5.24069 13.8317
19 41 34 39 0.854208 7.17899 8.40426
19 41 35 40 2.49191 9.22948 3.70377
20 32 21 24 1.78479 7.15105 4.00667
20 32 22 25 0.729703 6.68625 9.16298
20 32 23 26 0.384831 5.44043 14.1372
20 32 24 27 0.288823 4.9816 17.248
20 32 25 28 0.285914 4.93143 17.248
20 32 26 29 0.395526 5.59162 14.1372
20 32 27 30 0.699207 6.40682 9.16298
20 32 28 31 1.75161 7.01811 4.00667
20 42 21 26 1.90147 7.04263 3.70377
20 42 22 27 0.7709 6.47884 8.40426
20 42 23 28 0.385439 5.33127 13.8317
20 42 24 29 0.24741 4.85012 19.6035
20 42 25 30 0.172896 4.36246 25.2317
20 42 26 31 0.138447 4.17546 30.1593
20 42 27 32 0.120992 4.09345 33.8325
20 42 28 33 0.111833 4.00335 35.7978
20 42 29 34 0.10962 3.92415 35.7978
20 42 30 35 0.128045 4.33208 33.8325
20 42 31 36 0.143433 4.32584 30.1593
20 42 32 37 0.191657 4.83584 25.2317
20 42 33 38 0.236517 4.63656 19.6035
20 42 34 39 0.413015 5.71269 13.8317
20 42 35 40 0.83476 7.01554 8.40426
20 42 36 41 2.31417 8.57114 3.70377
21 33 22 25 2.31074 9.25836 4.00667
21 33 23 26 0.759592 6.96013 9.16298
21 33 24 27 0.411071 5.81139 14.1372
21 33 25 28 0.290298 5.00705 17.248
21 33 26 29 0.299818 5.17124 17.248
21 33 27 30 0.407331 5.7585 14.1372
21 33 28 31 0.670183 6.14087 9.16298
21 33 29 32 1.64446 6.58879 4.00667
21 43 22 27 2.41795 8.95553 3.70377
21 43 23 28 0.80305 6.74904 8.40426
21 43 24 29 0.415908 5.7527 13.8317
21 43 25 30 0.246211 4.82661 19.6035
21 43 26 31 0.174715 4.40836 25.2317
21 43 27 32 0.141461 4.26635 30.1593
21 43 28 33 0.121383 4.1067 33.8325
21 43 29 34 0.109888 3.93374 35.7978
21 43 30 35 0.11632 4.16398 35.7978
21 43 31 36 0.120274 4.06919 33.8325
21 43 32 37 0.145736 4.39528 30.1593
21 43 33 38 0.16276 4.1067 25.2317
21 43 34 39 0.228928 4.4878 19.6035
21 43 35 40 0.351657 4.86401 13.8317
21 43 36 41 0.642172 5.39698 8.40426
21 43 37 42 1.92774 7.13993 3.70377
22 34 23 26 2.11133 8.45938 4.00667
22 34 24 27 0.781119 7.15737 9.16298
22 34 25 28 0.392952 5.55523 14.1372
22 34 26 29 0.296008 5.10553 17.248
22 34 27 30 0.315516 5.44201 17.248
22 34 28 31 0.404155 5.71361 14.1372
22 34 29 32 0.673116 6.16775 9.16298
22 34 30 33 2.37227 9.5049 4.00667
22 44 23 28 2.21518 8.20453 3.70377
22 44 24 29 0.833646 7.00618 8.40426
22 44 25 30 0.400346 5.53746 13.8317
22 44 26 31 0.244785 4.79865 19.6035
22 44 27 32 0.182138 4.59566 25.2317
22 44 28 33 0.145391 4.38488 30.1593
22 44 29 34 0.122664 4.15002 33.8325
22 44 30 35 0.120126 4.30023 35.7978
22 44 31 36 0.117124 4.19279 35.7978
22 44 32 37 0.133367 4.51213 33.8325
22 44 33 38 0.141067 4.25448 30.1593
22 44 34 39 0.179529 4.52981 25.2317
22 44 35 40 0.242612 4.75606 19.6035
22 44 36 41 0.373974 5.17268 13.8317
22 44 37 42 0.761731 6.40179 8.40426
22 44 38 43 2.30791 8.54797 3.70377
23 35 24 27 2.38417 9.55259 4.00667
23 35 25 28 0.760025 6.9641 9.16298
23 35 26 29 0.382432 5.4065 14.1372
23 35 27 30 0.301168 5.19453 17.248
23 35 28 31 0.287451 4.95794 17.248
23 35 29 32 0.335652 4.74517 14.1372
23 35 30 33 0.669876 6.13806 9.16298
23 35 31 34 1.85427 7.42944 4.00667
23 45 24 29 2.51063 9.2988 3.70377
23 45 25 30 0.82751 6.95461 8.40426
23 45 26 31 0.396537 5.48477 13.8317
23 45 27 32 0.261218 5.12079 19.6035
23 45 28 33 0.189862 4.79053 25.2317
23 45 29 34 0.146503 4.41844 30.1593
23 45 30 35 0.130377 4.41098 33.8325
23 45 31 36 0.118111 4.22811 35.7978
23 45 32 37 0.124733 4.46517 35.7978
23 45 33 38 0.124228 4.20296 33.8325
23 45 34 39 0.143433 4.32583 30.1593
23 45 35 40 0.172376 4.34933 25.2317
23 45 36 41 0.23453 4.59762 19.6035
23 45 37 42 0.382535 5.2911 13.8317
23 45 38 43 0.765278 6.43159 8.40426
23 45 39 44 1.89526 7.01962 3.70377
24 36 25 28 2.12352 8.50826 4.00667
24 36 26 29 0.65091 5.96428 9.16298
24 36 27 30 0.393358 5.56097 14.1372
24 36 28 31 0.300635 5.18533 17.248
24 36 29 32 0.272685 4.70326 17.248
24 36 30 33 0.37591 5.3143 14.1372
24 36 31 34 0.731334 6.7012 9.16298
24 36 32 35 3.05288 12.2319 4.00667
24 46 25 30 2.25482 8.35135 3.70377
24 46 26 31 0.710449 5.9708 8.40426
24 46 27 32 0.397347 5.49597 13.8317
24 46 28 33 0.260453 5.1058 19.6035
24 46 29 34 0.183516 4.63041 25.2317
24 46 30 35 0.148878 4.49005 30.1593
24 46 31 36 0.125691 4.25246 33.8325
24 46 32 37 0.123839 4.43315 35.7978
24 46 33 38 0.11684 4.18261 35.7978
24 46 34 39 0.124505 4.21234 33.8325
24 46 35 40 0.135592 4.08936 30.1593
24 46 36 41 0.167862 4.23545 25.2317
24 46 37 42 0.23557 4.618 19.6035
24 46 38 43 0.384743 5.32164 13.8317
24 46 39 44 0.650719 5.46881 8.40426
24 46 40 45 2.40272 8.89914 3.70377
25 37 26 29 1.73587 6.95505 4.00667
25 37 27 30 0.682756 6.25608 9.16298
25 37 28 31 0.399793 5.65195 14.1372
25 37 29 32 0.274923 4.74186 17.248
25 37 30 33 0.253199 4.36716 17.248
25 37 31 34 0.329598 4.65959 14.1372
25 37 32 35 0.79643 7.29767 9.16298
25 37 33 36 2.0431 8.18601 4.00667
25 47 26 31 1.86635 6.91253 3.70377
25 47 27 32 0.738322 6.20505 8.40426
25 47 28 33 0.411468 5.69129 13.8317
25 47 29 34 0.256686 5.03195 19.6035
25 47 30 35 0.186307 4.70083 25.2317
25 47 31 36 0.144787 4.36668 30.1593
25 47 32 37 0.132247 4.47425 33.8325
25 47 33 38 0.118016 4.22472 35.7978
25 47 34 39 0.116743 4.17912 35.7978
25 47 35 40 0.116172 3.93041 33.8325
25 47 36 41 0.132805 4.0053 30.1593
25 47 37 42 0.165874 4.18528 25.2317
25 47 38 43 0.237702 4.65981 19.6035
25 47 39 44 0.329851 4.5624 13.8317
25 47 40 45 0.766297 6.44016 8.40426
25 47 41 46 2.32075 8.59552 3.70377
26 38 27 30 1.90617 7.63739 4.00667
26 38 28 31 0.741292 6.79244 9.16298
26 38 29 32 0.390319 5.51801 14.1372
26 38 30 33 0.269823 4.6539 17.248
26 38 31 34 0.260176 4.4875 17.248
26 38 32 35 0.428333 6.05542 14.1372
26 38 33 36 0.711891 6.52305 9.16298
26 38 34 37 2.00356 8.0276 4.00667
26 48 27 32 2.0206 7.48384 3.70377
26 48 28 33 0.789755 6.6373 8.40426
26 48 29 34 0.405225 5.60494 13.8317
26 48 30 35 0.254106 4.98137 19.6035
26 48 31 36 0.178567 4.50554 25.2317
26 48 32 37 0.15008 4.52631 30.1593
26 48 33 38 0.126654 4.28503 33.8325
26 48 34 39 0.117149 4.19368 35.7978
26 48 35 40 0.107529 3.84931 35.7978
26 48 36 41 0.115038 3.89204 33.8325
26 48 37 42 0.130932 3.94881 30.1593
26 48 38 43 0.171264 4.32127 25.2317
26 48 39 44 0.20983 4.11341 19.6035
26 48 40 45 0.369745 5.11419 13.8317
26 48 41 46 0.766035 6.43796 8.40426
26 48 42 47 2.31581 8.57723 3.70377
27 39 28 31 2.33491 9.35521 4.00667
27 39 29 32 0.790589 7.24415 9.16298
27 39 30 33 0.390703 5.52343 14.1372
27 39 31 34 0.274477 4.73416 17.248
27 39 32 35 0.322336 5.55964 17.248
27 39 33 36 0.408053 5.76872 14.1372
27 39 34 37 0.761573 6.97827 9.16298
27 39 35 38 1.67455 6.70938 4.00667
27 49 28 33 2.44623 9.06027 3.70377
27 49 29 34 0.845681 7.10732 8.40426
27 49 30 35 0.416729 5.76407 13.8317
27 49 31 36 0.250777 4.91612 19.6035
27 49 32 37 0.187589 4.73318 25.2317
27 49 33 38 0.147404 4.44559 30.1593
27 49 34 39 0.126584 4.28265 33.8325
27 49 35 40 0.106431 3.81 35.7978
27 49 36 41 0.106449 3.81063 35.7978
27 49 37 42 0.110816 3.74919 33.8325
27 49 38 43 0.134066 4.04333 30.1593
27 49 39 44 0.149375 3.76898 25.2317
27 49 40 45 0.213997 4.1951 19.6035
27 49 41 46 0.339449 4.69514 13.8317
27 49 42 47 0.655295 5.50727 8.40426
27 49 43 48 1.79448 6.64634 3.70377
28 40 29 32 2.41437 9.67358 4.00667
28 40 30 33 0.775903 7.10958 9.16298
28 40 31 34 0.385974 5.45658 14.1372
28 40 32 35 0.317765 5.4808 17.248
28 40 33 36 0.309981 5.34654 17.248
28 40 34 37 0.426161 6.0247 14.1372
28 40 35 38 0.597794 5.47757 9.16298
28 40 36 39 2.13209 8.54259 4.00667
28 50 29 34 2.53317 9.38228 3.70377
28 50 30 35 0.851171 7.15346 8.40426
28 50 31 36 0.410658 5.68009 13.8317
28 50 32 37 0.264131 5.1779 19.6035
28 50 33 38 0.190583 4.80872 25.2317
28 50 34 39 0.151513 4.56954 30.1593
28 50 35 40 0.117076 3.96096 33.8325
28 50 36 41 0.110363 3.95074 35.7978
28 50 37 42 0.107036 3.83164 35.7978
28 50 38 43 0.123024 4.16223 33.8325
28 50 39 44 0.130081 3.92316 30.1593
28 50 40 45 0.169139 4.26765 25.2317
28 50 41 46 0.238201 4.66958 19.6035
28 50 42 47 0.379947 5.2553 13.8317
28 50 43 48 0.723571 6.08108 8.40426
28 50 44 49 2.19032 8.11245 3.70377
29 41 30 33 2.25787 9.04655 4.00667
29 41 31 34 0.72953 6.68467 9.16298
29 41 32 35 0.419647 5.93262 14.1372
29 41 33 36 0.320676 5.531 17.248
29 41 34 37 0.338833 5.84417 17.248
29 41 35 38 0.355196 5.02146 14.1372
29 41 36 39 0.790471 7.24307 9.16298
29 41 37 40 2.35982 9.45501 4.00667
29 51 30 35 2.40236 8.89778 3.70377
29 51 31 36 0.802995 6.74858 8.40426
29 51 32 37 0.416145 5.75599 13.8317
29 51 33 38 0.268533 5.26419 19.6035
29 51 34 39 0.194793 4.91497 25.2317
29 51 35 40 0.135881 4.09807 30.1593
29 51 36 41 0.119266 4.03506 33.8325
29 51 37 42 0.106048 3.79628 35.7978
29 51 38 43 0.114736 4.10728 35.7978
29 51 39 44 0.114677 3.87981 33.8325
29 51 40 45 0.136029 4.10253 30.1593
29 51 41 46 0.173568 4.37942 25.2317
29 51 42 47 0.241493 4.73412 19.6035
29 51 43 48 0.377395 5.22001 13.8317
29 51 44 49 0.75453 6.34127 8.40426
29 51 45 50 1.78428 6.60856 3.70377
30 42 31 34 2.05556 8.23594 4.00667
30 42 32 35 0.715059 6.55207 9.16298
30 42 33 36 0.417008 5.89531 14.1372
30 42 34 37 0.337001 5.81259 17.248
30 42 35 38 0.263851 4.55089 17.248
30 42 36 39 0.400199 5.65768 14.1372
30 42 37 40 0.771931 7.07319 9.16298
30 42 38 41 2.21374 8.86973 4.00667
30 52 31 36 2.20004 8.14845 3.70377
30 52 32 37 0.762351 6.407 8.40426
30 52 33 38 0.418017 5.78187 13.8317
30 52 34 39 0.272448 5.34094 19.6035
30 52 35 40 0.169862 4.28591 25.2317
30 52 36 41 0.138165 4.16694 30.1593
30 52 37 42 0.112236 3.79724 33.8325
30 52 38 43 0.114336 4.09296 35.7978
30 52 39 44 0.108417 3.88108 35.7978
30 52 40 45 0.118906 4.0229 33.8325
30 52 41 46 0.140084 4.22484 30.1593
30 52 42 47 0.176169 4.44503 25.2317
30 52 43 48 0.242221 4.74839 19.6035
30 52 44 49 0.400518 5.53984 13.8317
30 52 45 50 0.678433 5.70173 8.40426
30 52 46 51 2.44157 9.04301 3.70377
31 43 32 35 1.78084 7.13524 4.00667
31 43 33 36 0.68784 6.30266 9.16298
31 43 34 37 0.425922 6.02133 14.1372
31 43 35 38 0.251882 4.34446 17.248
31 43 36 39 0.263106 4.53805 17.248
31 43 37 40 0.334944 4.73516 14.1372
31 43 38 41 0.60379 5.53251 9.16298
31 43 39 42 1.83597 7.35611 4.00667
31 53 32 37 1.88841 6.99424 3.70377
31 53 33 38 0.73622 6.18739 8.40426
31 53 34 39 0.41291 5.71124 13.8317
31 53 35 40 0.225674 4.42401 19.6035
31 53 36 41 0.168724 4.2572 25.2317
31 53 37 42 0.124398 3.75174 30.1593
31 53 38 43 0.119091 4.02914 33.8325
31 53 39 44 0.107139 3.83535 35.7978
31 53 40 45 0.109124 3.9064 35.7978
31 53 41 46 0.119541 4.04437 33.8325
31 53 42 47 0.137304 4.14098 30.1593
31 53 43 48 0.169477 4.2762 25.2317
31 53 44 49 0.243889 4.78108 19.6035
31 53 45 50 0.337287 4.66524 13.8317
31 53 46 51 0.756045 6.354 8.40426
31 53 47 52 2.11053 7.81691 3.70377
32 44 33 36 1.70018 6.81207 4.00667
32 44 34 37 0.726543 6.6573 9.16298
32 44 35 38 0.329824 4.66278 14.1372
32 44 36 39 0.267571 4.61506 17.248
32 44 37 40 0.256657 4.4268 17.248
32 44 38 41 0.364534 5.15347 14.1372
32 44 39 42 0.716081 6.56144 9.16298
32 44 40 43 2.18551 8.7566 4.00667
32 54 33 38 1.79916 6.66368 3.70377
32 54 34 39 0.743869 6.25167 8.40426
32 54 35 40 0.333045 4.60658 13.8317
32 54 36 41 0.222628 4.36429 19.6035
32 54 37 42 0.146439 3.69491 25.2317
32 54 38 43 0.130961 3.9497 30.1593
32 54 39 44 0.112005 3.78941 33.8325
32 54 40 45 0.106873 3.82583 35.7978
32 54 41 46 0.110104 3.94147 35.7978
32 54 42 47 0.117654 3.98054 33.8325
32 54 43 48 0.133821 4.03595 30.1593
32 54 44 49 0.175738 4.43417 25.2317
32 54 45 50 0.215083 4.21638 19.6035
32 54 46 51 0.373391 5.16462 13.8317
32 54 47 52 0.730764 6.14153 8.40426
32 54 48 53 2.19349 8.1242 3.70377
33 45 34 37 2.44286 9.78775 4.00667
33 45 35 38 0.674304 6.17863 9.16298
33 45 36 39 0.380216 5.37517 14.1372
33 45 37 40 0.244848 4.22312 17.248
33 45 38 41 0.265497 4.57929 17.248
33 45 39 42 0.379747 5.36855 14.1372
33 45 40 43 0.709084 6.49732 9.16298
33 45 41 44 1.78508 7.15221 4.00667
33 55 34 39 2.51509 9.31534 3.70377
33 55 35 40 0.717474 6.02984 8.40426
33 55 36 41 0.381086 5.27106 13.8317
33 55 37 42 0.203691 3.99307 19.6035
33 55 38 43 0.162662 4.10423 25.2317
33 55 39 44 0.129539 3.90681 30.1593
33 55 40 45 0.114492 3.87355 33.8325
33 55 41 46 0.110494 3.95544 35.7978
33 55 42 47 0.109956 3.93619 35.7978
33 55 43 48 0.11611 3.92828 33.8325
33 55 44 49 0.14171 4.27387 30.1593
33 55 45 50 0.158574 4.00109 25.2317
33 55 46 51 0.230257 4.51385 19.6035
33 55 47 52 0.358295 4.95582 13.8317
33 55 48 53 0.704424 5.92016 8.40426
33 55 49 54 1.90665 7.06179 3.70377
34 46 35 38 1.85855 7.44661 4.00667
34 46 36 39 0.735448 6.7389 9.16298
34 46 37 40 0.319056 4.51055 14.1372
34 46 38 41 0.258084 4.45142 17.248
34 46 39 42 0.276984 4.77742 17.248
34 46 40 43 0.375487 5.30832 14.1372
34 46 41 44 0.602822 5.52364 9.16298
34 46 42 45 2.28894 9.17101 4.00667
34 56 35 40 1.95681 7.24759 3.70377
34 56 36 41 0.779586 6.55184 8.40426
34 56 37 42 0.324644 4.49037 13.8317
34 56 38 43 0.22431 4.39727 19.6035
34 56 39 44 0.164119 4.141 25.2317
34 56 40 45 0.133577 4.02857 30.1593
34 56 41 46 0.120792 4.08671 33.8325
34 56 42 47 0.112495 4.02708 35.7978
34 56 43 48 0.111394 3.98767 35.7978
34 56 44 49 0.129007 4.36463 33.8325
34 56 45 50 0.136292 4.11047 30.1593
34 56 46 51 0.179761 4.53568 25.2317
34 56 47 52 0.249784 4.89665 19.6035
34 56 48 53 0.409928 5.66998 13.8317
34 56 49 54 0.781045 6.56411 8.40426
34 56 50 55 2.04423 7.57135 3.70377
35 47 36 39 3.00037 12.0215 4.00667
35 47 37 40 0.743571 6.81333 9.16298
35 47 38 41 0.393382 5.5613 14.1372
35 47 39 42 0.298696 5.15189 17.248
35 47 40 43 0.290149 5.00448 17.248
35 47 41 44 0.335446 4.74226 14.1372
35 47 42 45 0.720969 6.60622 9.16298
35 47 43 46 2.20692 8.8424 4.00667
35 57 36 41 3.12457 11.5727 3.70377
35 57 37 42 0.803792 6.75528 8.40426
35 57 38 43 0.41416 5.72853 13.8317
35 57 39 44 0.258649 5.07044 19.6035
35 57 40 45 0.183194 4.62229 25.2317
35 57 41 46 0.149065 4.49571 30.1593
35 57 42 47 0.125044 4.23056 33.8325
35 57 43 48 0.112004 4.00949 35.7978
35 57 44 49 0.120298 4.30641 35.7978
35 57 45 50 0.117741 3.98346 33.8325
35 57 46 51 0.138904 4.18924 30.1593
35 57 47 52 0.171859 4.3363 25.2317
35 57 48 53 0.241992 4.74389 19.6035
35 57 49 54 0.371554 5.13922 13.8317
35 57 50 55 0.65655 5.51782 8.40426
35 57 51 56 1.62382 6.01427 3.70377
36 48 37 40 1.98721 7.96209 4.00667
36 48 38 41 0.675814 6.19247 9.16298
36 48 39 42 0.386423 5.46292 14.1372
36 48 40 43 0.288323 4.97299 17.248
36 48 41 44 0.260111 4.48639 17.248
36 48 42 45 0.367271 5.19218 14.1372
36 48 43 46 0.71252 6.52881 9.16298
36 48 44 47 2.23766 8.96554 4.00667
36 58 37 42 2.10426 7.79371 3.70377
36 58 38 43 0.741234 6.22953 8.40426
36 58 39 44 0.390589 5.4025 13.8317
36 58 40 45 0.244654 4.79608 19.6035
36 58 41 46 0.182717 4.61027 25.2317
36 58 42 47 0.141254 4.26013 30.1593
36 58 43 48 0.116889 3.95466 33.8325
36 58 44 49 0.118652 4.24748 35.7978
36 58 45 50 0.109678 3.92621 35.7978
36 58 46 51 0.1196 4.04637 33.8325
36 58 47 52 0.136459 4.11551 30.1593
36 58 48 53 0.174048 4.39152 25.2317
36 58 49 54 0.235995 4.62634 19.6035
36 58 50 55 0.353503 4.88954 13.8317
36 58 51 56 0.617519 5.18979 8.40426
36 58 52 57 2.4613 9.1161 3.70377
37 49 38 41 1.93964 7.7715 4.00667
37 49 39 42 0.726147 6.65367 9.16298
37 49 40 43 0.398052 5.62732 14.1372
37 49 41 44 0.280021 4.82979 17.248
37 49 42 45 0.263993 4.55334 17.248
37 49 43 46 0.33238 4.69891 14.1372
37 49 44 47 0.633594 5.80561 9.16298
37 49 45 48 1.70888 6.84692 4.00667
37 59 38 43 2.08122 7.70836 3.70377
37 59 39 44 0.780104 6.5562 8.40426
37 59 40 45 0.401013 5.54668 13.8317
37 59 41 46 0.264634 5.18777 19.6035
37 59 42 47 0.183164 4.62155 25.2317
37 59 43 48 0.136386 4.1133 30.1593
37 59 44 49 0.12936 4.37658 33.8325
37 59 45 50 0.112056 4.01136 35.7978
37 59 46 51 0.11264 4.03226 35.7978
37 59 47 52 0.11881 4.01964 33.8325
37 59 48 53 0.138706 4.18326 30.1593
37 59 49 54 0.169969 4.28861 25.2317
37 59 50 55 0.227024 4.45047 19.6035
37 59 51 56 0.323046 4.46827 13.8317
37 59 52 57 0.840875 7.06693 8.40426
37 59 53 58 2.33867 8.66192 3.70377
38 50 39 42 1.71345 6.86524 4.00667
38 50 40 43 0.633185 5.80186 9.16298
38 50 41 44 0.362966 5.13131 14.1372
38 50 42 45 0.268385 4.6291 17.248
38 50 43 46 0.259828 4.48151 17.248
38 50 44 47 0.385302 5.44708 14.1372
38 50 45 48 0.68081 6.23825 9.16298
38 50 46 49 2.07242 8.30349 4.00667
38 60 39 44 1.81325 6.71587 3.70377
38 60 40 45 0.663561 5.57674 8.40426
38 60 41 46 0.375393 5.19232 13.8317
38 60 42 47 0.232412 4.55609 19.6035
38 60 43 48 0.156712 3.95412 25.2317
38 60 44 49 0.140338 4.2325 30.1593
38 60 45 50 0.115352 3.90266 33.8325
38 60 46 51 0.108853 3.89669 35.7978
38 60 47 52 0.10795 3.86437 35.7978
38 60 48 53 0.117797 3.98536 33.8325
38 60 49 54 0.133704 4.0324 30.1593
38 60 50 55 0.165133 4.16659 25.2317
38 60 51 56 0.20642 4.04656 19.6035
38 60 52 57 0.41408 5.72741 13.8317
38 60 53 58 0.85946 7.22313 8.40426
38 60 54 59 2.40962 8.92467 3.70377
39 51 40 43 2.15958 8.65272 4.00667
39 51 41 44 0.792957 7.26585 9.16298
39 51 42 45 0.399241 5.64413 14.1372
39 51 43 46 0.260451 4.49224 17.248
39 51 44 47 0.293351 5.05971 17.248
39 51 45 48 0.378791 5.35503 14.1372
39 51 46 49 0.700767 6.42111 9.16298
39 51 47 50 1.66623 6.67602 4.00667
39 61 40 45 2.24855 8.3281 3.70377
39 61 41 46 0.849969 7.14336 8.40426
39 61 42 47 0.408326 5.64784 13.8317
39 61 43 48 0.222041 4.35278 19.6035
39 61 44 49 0.178724 4.50952 25.2317
39 61 45 50 0.134679 4.06182 30.1593
39 61 46 51 0.116278 3.93397 33.8325
39 61 47 52 0.106426 3.80983 35.7978
39 61 48 53 0.107201 3.83754 35.7978
39 61 49 54 0.111836 3.7837 33.8325
39 61 50 55 0.127622 3.84899 30.1593
39 61 51 56 0.141353 3.56658 25.2317
39 61 52 57 0.219217 4.29743 19.6035
39 61 53 58 0.345896 4.78432 13.8317
39 61 54 59 0.633991 5.32822 8.40426
39 61 55 60 1.74439 6.46084 3.70377
40 52 41 44 2.38044 9.53762 4.00667
40 52 42 45 0.787138 7.21253 9.16298
40 52 43 46 0.346241 4.89487 14.1372
40 52 44 47 0.29786 5.13748 17.248
40 52 45 48 0.290578 5.01187 17.248
40 52 46 49 0.392826 5.55344 14.1372
40 52 47 50 0.621611 5.69581 9.16298
40 52 48 51 2.32337 9.30899 4.00667
40 62 41 46 2.50282 9.26986 3.70377
40 62 42 47 0.842446 7.08013 8.40426
40 62 43 48 0.354059 4.89723 13.8317
40 62 44 49 0.252133 4.9427 19.6035
40 62 45 50 0.173253 4.37148 25.2317
40 62 46 51 0.137324 4.14159 30.1593
40 62 47 52 0.11711 3.96213 33.8325
40 62 48 53 0.110753 3.96472 35.7978
40 62 49 54 0.108863 3.89704 35.7978
40 62 50 55 0.118678 4.01518 33.8325
40 62 51 56 0.12388 3.73613 30.1593
40 62 52 57 0.172237 4.34582 25.2317
40 62 53 58 0.241452 4.73332 19.6035
40 62 54 59 0.375845 5.19856 13.8317
40 62 55 60 0.73305 6.16074 8.40426
40 62 56 61 2.07506 7.68555 3.70377
41 53 42 45 2.20732 8.84401 4.00667
41 53 43 46 0.592099 5.42539 9.16298
41 53 44 47 0.381084 5.38744 14.1372
41 53 45 48 0.281455 4.85453 17.248
41 53 46 49 0.282057 4.86491 17.248
41 53 47 50 0.32545 4.60094 14.1372
41 53 48 51 0.703129 6.44275 9.16298
41 53 49 52 1.99621 7.99817 4.00667
41 63 42 47 2.32132 8.59762 3.70377
41 63 43 48 0.643157 5.40526 8.40426
41 63 44 49 0.383785 5.30838 13.8317
41 63 45 50 0.234789 4.6027 19.6035
41 63 46 51 0.168761 4.25813 25.2317
41 63 47 52 0.13291 4.00847 30.1593
41 63 48 53 0.117319 3.96921 33.8325
41 63 49 54 0.108104 3.86989 35.7978
41 63 50 55 0.112376 4.0228 35.7978
41 63 51 56 0.110793 3.7484 33.8325
41 63 52 57 0.139957 4.22101 30.1593
41 63 53 58 0.178012 4.49155 25.2317
41 63 54 59 0.24676 4.83736 19.6035
41 63 55 60 0.399035 5.51932 13.8317
41 63 56 61 0.771686 6.48545 8.40426
41 63 57 62 1.81432 6.71982 3.70377
42 54 43 46 1.81288 7.2636 4.00667
42 54 44 47 0.72743 6.66542 9.16298
42 54 45 48 0.387012 5.47125 14.1372
42 54 46 49 0.286436 4.94043 17.248
42 54 47 50 0.249947 4.31108 17.248
42 54 48 51 0.364812 5.1574 14.1372
42 54 49 52 0.677079 6.20406 9.16298
42 54 50 53 2.10851 8.4481 4.00667
42 64 43 48 1.92881 7.14389 3.70377
42 64 44 49 0.776689 6.52749 8.40426
42 64 45 50 0.385735 5.33537 13.8317
42 64 46 51 0.239203 4.68922 19.6035
42 64 47 52 0.168704 4.2567 25.2317
42 64 48 53 0.136224 4.10843 30.1593
42 64 49 54 0.116081 3.92733 33.8325
42 64 50 55 0.114535 4.10009 35.7978
42 64 51 56 0.106548 3.81417 35.7978
42 64 52 57 0.123433 4.17604 33.8325
42 64 53 58 0.144317 4.35249 30.1593
42 64 54 59 0.182985 4.61702 25.2317
42 64 55 60 0.262583 5.14755 19.6035
42 64 56 61 0.428464 5.92637 13.8317
42 64 57 62 0.721992 6.06781 8.40426
42 64 58 63 2.16178 8.00674 3.70377
43 55 44 47 2.2032 8.8275 4.00667
43 55 45 48 0.718467 6.5833 9.16298
43 55 46 49 0.385023 5.44314 14.1372
43 55 47 50 0.257213 4.43641 17.248
43 55 48 51 0.264619 4.56413 17.248
43 55 49 52 0.345327 4.88194 14.1372
43 55 50 53 0.673346 6.16985 9.16298
43 55 51 54 1.8088 7.24728 4.00667
44 56 45 48 1.81827 7.28522 4.00667
44 56 46 49 0.631562 5.78699 9.16298
44 56 47 50 0.325995 4.60865 14.1372
44 56 48 51 0.25827 4.45463 17.248
44 56 49 52 0.26496 4.57003 17.248
44 56 50 53 0.407186 5.75646 14.1372
44 56 51 54 0.729249 6.68209 9.16298
44 56 52 55 1.91598 7.67669 4.00667
45 57 46 49 2.32068 9.29819 4.00667
45 57 47 50 0.71258 6.52936 9.16298
45 57 48 51 0.363236 5.13512 14.1372
45 57 49 52 0.249899 4.31025 17.248
45 57 50 53 0.28733 4.95586 17.248
45 57 51 54 0.369911 5.2295 14.1372
45 57 52 55 0.603105 5.52624 9.16298
45 57 53 56 1.50559 6.03239 4.00667
46 58 47 50 2.20006 8.8149 4.00667
46 58 48 51 0.71099 6.51479 9.16298
46 58 49 52 0.325977 4.60839 14.1372
46 58 50 53 0.285739 4.92842 17.248
46 58 51 54 0.280885 4.84469 17.248
46 58 52 55 0.34629 4.89556 14.1372
46 58 53 56 0.561288 5.14307 9.16298
46 58 54 57 2.34872 9.41054 4.00667
47 59 48 51 2.19595 8.79845 4.00667
47 59 49 52 0.595174 5.45357 9.16298
47 59 50 53 0.381146 5.38833 14.1372
47 59 51 54 0.283546 4.89058 17.248
47 59 52 55 0.26816 4.62521 17.248
47 59 53 56 0.311392 4.40219 14.1372
47 59 54 57 0.790187 7.24046 9.16298
47 59 55 58 2.24605 8.99919 4.00667
48 60 49 52 1.66792 6.68281 4.00667
48 60 50 53 0.681925 6.24847 9.16298
48 60 51 54 0.376263 5.31929 14.1372
48 60 52 55 0.275985 4.76017 17.248
48 60 53 56 0.239498 4.13085 17.248
48 60 54 57 0.406823 5.75132 14.1372
48 60 55 58 0.821166 7.52432 9.16298
48 60 56 59 2.33661 9.36204 4.00667
49 61 50 53 2.06683 8.28112 4.00667
49 61 51 54 0.696123 6.37856 9.16298
49 61 52 55 0.378584 5.35211 14.1372
49 61 53 56 0.240811 4.15349 17.248
49 61 54 57 0.258908 4.46563 17.248
49 61 55 58 0.351781 4.97319 14.1372
49 61 56 59 0.620819 5.68855 9.16298
49 61 57 60 1.64519 6.59174 4.00667
50 62 51 54 1.69907 6.80761 4.00667
50 62 52 55 0.639501 5.85973 9.16298
50 62 53 56 0.314685 4.44875 14.1372
50 62 54 57 0.257095 4.43437 17.248
50 62 55 58 0.27609 4.76199 17.248
50 62 56 59 0.389863 5.51156 14.1372
50 62 57 60 0.680762 6.23781 9.16298
50 62 58 61 1.94702 7.80107 4.00667
51 63 52 55 2.33744 9.36537 4.00667
51 63 53 56 0.685462 6.28087 9.16298
51 63 54 57 0.368446 5.20878 14.1372
51 63 55 58 0.280358 4.8356 17.248
51 63 56 59 0.309303 5.33484 17.248
51 63 57 60 0.392858 5.5539 14.1372
51 63 58 61 0.709187 6.49827 9.16298
51 63 59 62 1.69624 6.79629 4.00667
52 64 53 56 1.97633 7.91848 4.00667
52 64 54 57 0.683865 6.26624 9.16298
52 64 55 58 0.363619 5.14054 14.1372
52 64 56 59 0.314503 5.42453 17.248
52 64 57 60 0.301553 5.20117 17.248
52 64 58 61 0.412546 5.83223 14.1372
52 64 59 62 0.663292 6.07773 9.16298
52 64 60 63 2.03453 8.15167 4.00667
