64
# x y z
0.0 0.0 0.0
0.5 0.0 0.0
1.0 0.0 0.0
1.5 0.0 0.0
2.0 0.0 0.0
2.5 0.0 0.0
3.0 0.0 0.0
3.5 0.0 0.0
4.0 0.0 0.0
4.5 0.0 0.0
5.0 0.0 0.0
5.5 0.0 0.0
6.0 0.0 0.0
6.5 0.0 0.0
7.0 0.0 0.0
7.5 0.0 0.0
8.0 0.0 0.0
8.5 0.0 0.0
9.0 0.0 0.0
9.5 0.0 0.0
10.0 0.0 0.0
10.5 0.0 0.0
11.0 0.0 0.0
11.5 0.0 0.0
12.0 0.0 0.0
12.5 0.0 0.0
13.0 0.0 0.0
13.5 0.0 0.0
14.0 0.0 0.0
14.5 0.0 0.0
15.0 0.0 0.0
15.5 0.0 0.0
16.0 0.0 0.0
16.5 0.0 0.0
17.0 0.0 0.0
17.5 0.0 0.0
18.0 0.0 0.0
18.5 0.0 0.0
19.0 0.0 0.0
19.5 0.0 0.0
20.0 0.0 0.0
20.5 0.0 0.0
21.0 0.0 0.0
21.5 0.0 0.0
22.0 0.0 0.0
22.5 0.0 0.0
23.0 0.0 0.0
23.5 0.0 0.0
24.0 0.0 0.0
24.5 0.0 0.0
25.0 0.0 0.0
25.5 0.0 0.0
26.0 0.0 0.0
26.5 0.0 0.0
27.0 0.0 0.0
27.5 0.0 0.0
28.0 0.0 0.0
28.5 0.0 0.0
29.0 0.0 0.0
29.5 0.0 0.0
30.0 0.0 0.0
30.5 0.0 0.0
31.0 0.0 0.0
31.5 0.0 0.0
1400
# a b m n r rhoa
1 13 2 5 1.77738516 7.12139382884762
1 13 3 6 0.678382933 6.216008279347699
1 13 4 7 0.427117192 6.0382270467409676
1 13 5 8 0.308844853 5.326943567832737
1 13 6 9 0.283818679 4.895293128067232
1 13 7 10 0.39660703 5.606899793145312
1 13 8 11 0.733365656 6.719813792080257
1 13 9 12 2.09705541 8.402206675071776
1 23 2 7 1.90227375 7.045588996516542
1 23 3 8 0.735648361 6.182580537248717
1 23 4 9 0.422439115 5.843040181946686
1 23 5 10 0.263703628 5.169524134006599
1 23 6 11 0.191387777 4.82903687318333
1 23 7 12 0.147267996 4.441498121687912
1 23 8 13 0.129150597 4.369492257220844
1 23 9 14 0.125398527 4.488987042616132
1 23 10 15 0.116497962 4.170366705417413
1 23 11 16 0.131032358 4.433157004503739
1 23 12 17 0.153751265 4.637028908199718
1 23 13 18 0.193719255 4.887864001056892
1 23 14 19 0.273628779 5.3640922103629824
1 23 15 20 0.402749927 5.5707057494832
1 23 16 21 0.805818814 6.772311310818301
1 23 17 22 2.23199799 8.266812533470032
1 57 4 16 0.49038523 5.660003582091994
1 57 5 17 0.311331959 5.060703099656729
1 57 6 18 0.22319681 4.763230154223863
1 57 7 19 0.166505659 4.454626261022668
1 57 8 20 0.132980864 4.31384350607699
1 57 9 21 0.114922204 4.405896632388782
1 57 10 22 0.09613897 4.2667428236350995
1 57 11 23 0.083478992 4.215124459536642
1 57 12 24 0.074308026 4.2053442573305855
1 57 13 25 0.066148945 4.140576790101499
1 57 14 26 0.060847365 4.162357577825556
1 57 15 27 0.057481637 4.249948410753074
1 57 16 28 0.052614871 4.161268101629955
1 57 17 29 0.049654482 4.159844156506842
1 57 18 30 0.047616438 4.185923932036863
1 57 19 31 0.045662956 4.174072604807524
1 57 20 32 0.044541714 4.1963016909247655
1 57 21 33 0.043552012 4.192014054584821
1 57 22 34 0.043190359 4.210878806966384
1 57 23 35 0.043069404 4.217053306427765
1 57 24 36 0.043112601 4.203297728182758
1 57 25 37 0.043920992 4.227529505532544
1 57 26 38 0.043849773 4.131113512752723
1 57 27 39 0.04544666 4.154300884200355
1 57 28 40 0.047521846 4.1776084230821775
1 57 29 41 0.049697202 4.163423058857812
1 57 30 42 0.053279699 4.213848816870526
1 57 31 43 0.056914593 4.208023582714041
1 57 32 44 0.061056662 4.17667486098097
1 57 33 45 0.06669462 4.174733181256923
1 57 34 46 0.074256299 4.20241685023732
1 57 35 47 0.082956791 4.18875684110763
1 57 36 48 0.096159371 4.267648240245501
1 57 37 49 0.112470416 4.311899788293004
1 57 38 50 0.133971207 4.34596981802018
1 57 39 51 0.168889745 4.518409150853076
1 57 40 52 0.221385371 4.72457233977151
1 57 41 53 0.311012071 5.055503318052738
1 57 42 54 0.473831375 5.468939755399188
2 14 3 6 1.77948325 7.129800180782261
2 14 4 7 0.739600304 6.776941738114268
2 14 5 8 0.404436458 5.717585723835058
2 14 6 9 0.290993649 5.019046721237499
2 14 7 10 0.294807949 5.08483561379445
2 14 8 11 0.396819558 5.609904336960982
2 14 9 12 0.707729744 6.484912479725707
2 14 10 13 1.76420408 7.068581605654789
2 24 3 8 1.9038323 7.05136151097747
2 24 4 9 0.781370285 6.566839501767726
2 24 5 10 0.406474291 5.62221993870357
2 24 6 11 0.26222229 5.14048466799811
2 24 7 12 0.182967972 4.616590971739931
2 24 8 13 0.147592095 4.451272717247296
2 24 9 14 0.134432122 4.5481796433412365
2 24 10 15 0.11678479 4.18063450685227
2 24 11 16 0.120951654 4.329798926497674
2 24 12 17 0.131586237 4.451896135860115
2 24 13 18 0.152128855 4.588098175363456
2 24 14 19 0.195994516 4.94527267906832
2 24 15 20 0.261513246 5.126584896888125
2 24 16 21 0.427609453 5.9145546123474935
2 24 17 22 0.832930229 7.000162707766187
2 24 18 23 2.44656996 9.061538271967384
2 58 5 17 0.471850024 5.446071094046191
2 58 6 18 0.308793735 5.0194442513660436
2 58 7 19 0.215642113 4.60200580448327
2 58 8 20 0.164783405 4.408549761625423
2 58 9 21 0.138432047 4.490677598424196
2 58 10 22 0.112631254 4.318066008378376
2 58 11 23 0.095712668 4.247823118137929
2 58 12 24 0.083752487 4.228934107167041
2 58 13 25 0.073365999 4.152031741200762
2 58 14 26 0.066568251 4.1668231450743605
2 58 15 27 0.062265057 4.259336979303709
2 58 16 28 0.056302059 4.162735417037197
2 58 17 29 0.052574833 4.158101528205246
2 58 18 30 0.049890623 4.179627058661811
2 58 19 31 0.047386616 4.1657204592380666
2 58 20 32 0.04588107 4.194010509662501
2 58 21 33 0.044464463 4.18902382770815
2 58 22 34 0.043720281 4.20821045931007
2 58 23 35 0.043195911 4.211420103674204
2 58 24 36 0.042915012 4.201936327003439
2 58 25 37 0.043354501 4.226881963345173
2 58 26 38 0.042916112 4.130806739126915
2 58 27 39 0.044147089 4.1591238321027815
2 58 28 40 0.045696927 4.1771779101333095
2 58 29 41 0.047375299 4.164725590593359
2 58 30 42 0.050251351 4.209847336921655
2 58 31 43 0.053104407 4.199985112670417
2 58 32 44 0.056421179 4.171542644546896
2 58 33 45 0.060872841 4.164100302784186
2 58 34 46 0.066779714 4.18005961906144
2 58 35 47 0.073457588 4.157215074629438
2 58 36 48 0.083588789 4.220668465390039
2 58 37 49 0.095589665 4.242364123023507
2 58 38 50 0.111185492 4.262638269392134
2 58 39 51 0.135387656 4.391918830055018
2 58 40 52 0.169743313 4.541245170068307
2 58 41 53 0.224001437 4.780401652281128
2 58 42 54 0.311239382 5.059198259895461
2 58 43 55 0.463656014 5.351496210639328
3 15 4 7 2.10243078 8.423744002831267
3 15 5 8 0.721814627 6.613971960857499
3 15 6 9 0.39635163 5.603289160708542
3 15 7 10 0.303540734 5.235458337253002
3 15 8 11 0.32140471 5.543575474789105
3 15 9 12 0.455722534 6.442625542003775
3 15 10 13 0.794146012 7.2767428917657595
3 15 11 14 2.22851928 8.928938873361552
3 25 4 9 2.20186385 8.155202537693405
3 25 5 10 0.763577383 6.417303316494591
3 25 6 11 0.406938338 5.62863848559242
3 25 7 12 0.249237685 4.8859404684088545
3 25 8 13 0.181944896 4.590777036255069
3 25 9 14 0.154555737 4.661291212121817
3 25 10 15 0.125328815 4.240191679091995
3 25 11 16 0.119966167 4.294520694133217
3 25 12 17 0.12150587 4.349638620809319
3 25 13 18 0.129776463 4.390666891365647
3 25 14 19 0.15386458 4.640446408086516
3 25 15 20 0.189675161 4.785824678845529
3 25 16 21 0.268462343 5.2628117850940495
3 25 17 22 0.430657418 5.9567130710124
3 25 18 23 0.846241251 7.11203200553261
3 25 19 24 2.24147181 8.301901406429026
3 59 6 18 0.470629022 5.431978345588532
3 59 7 19 0.296393672 4.817881143416567
3 59 8 20 0.212104957 4.5265195638000195
3 59 9 21 0.171628584 4.591682961529463
3 59 10 22 0.134912455 4.3765035087353175
3 59 11 23 0.111594362 4.278313560096486
3 59 12 24 0.095707826 4.2476082253764185
3 59 13 25 0.082287135 4.154943742536968
3 59 14 26 0.07344962 4.156764138373339
3 59 15 27 0.068016064 4.257448640374508
3 59 16 28 0.060651406 4.148952701072173
3 59 17 29 0.056018668 4.141782688601998
3 59 18 30 0.052618689 4.161570064198902
3 59 19 31 0.049439141 4.141803791077064
3 59 20 32 0.047496419 4.175373155340816
3 59 21 33 0.0455945 4.167815009170599
3 59 22 34 0.044423799 4.185192847787625
3 59 23 35 0.043504328 4.1874243240764155
3 59 24 36 0.042860211 4.1786907620288005
3 59 25 37 0.042961478 4.2064859511156385
3 59 26 38 0.042197259 4.114055723296292
3 59 27 39 0.043061037 4.144756212617616
3 59 28 40 0.044181259 4.162343008373791
3 59 29 41 0.045342642 4.144792549168193
3 59 30 42 0.047569882 4.181831230382449
3 59 31 43 0.049788913 4.171106221627235
3 59 32 44 0.052397461 4.144073318467313
3 59 33 45 0.055927988 4.135078194053816
3 59 34 46 0.060571555 4.143490370617152
3 59 35 47 0.065674824 4.11089930381204
3 59 36 48 0.073556148 4.1627929206887915
3 59 37 49 0.082646142 4.173071167780016
3 59 38 50 0.094255484 4.183151847219217
3 59 39 51 0.111637894 4.279982493388099
3 59 40 52 0.13513895 4.383850911628632
3 59 41 53 0.170329797 4.556935730039422
3 59 42 54 0.222087284 4.739551824322573
3 59 43 55 0.302459121 4.916475057943376
3 59 44 56 0.459182863 5.299867309248398
4 16 5 8 1.95371038 7.827870602614652
4 16 6 9 0.694477917 6.363486272871998
4 16 7 10 0.380179595 5.374662402135354
4 16 8 11 0.297757893 5.135716128925673
4 16 9 12 0.325166559 5.6084596946135745
4 16 10 13 0.418993139 5.923375953241185
4 16 11 14 0.703117121 6.442647114011517
4 16 12 15 1.58682244 6.3578721067373625
4 26 5 10 2.05642248 7.616520806890837
4 26 6 11 0.754767372 6.343261688144457
4 26 7 12 0.381981963 5.283450038919508
4 26 8 13 0.244688598 4.796762267818472
4 26 9 14 0.19142891 4.830074728248153
4 26 10 15 0.143794972 4.3367541855201575
4 26 11 16 0.126910494 4.293703891226088
4 26 12 17 0.119402803 4.274353521864309
4 26 13 18 0.117826374 4.217920886458597
4 26 14 19 0.128852658 4.359412225197267
4 26 15 20 0.147645215 4.452874778704179
4 26 16 21 0.185136978 4.6713186566336
4 26 17 22 0.2575601 5.049089248431398
4 26 18 23 0.408254981 5.646849862524879
4 26 19 24 0.719167779 6.044073431248747
4 26 20 25 1.64208874 6.081922939770215
4 60 7 19 0.446642746 5.155129860406694
4 60 8 20 0.289366841 4.703659957976161
4 60 9 21 0.221881499 4.735160178593914
4 60 10 22 0.166764583 4.461553410868122
4 60 11 23 0.133382171 4.326861736999999
4 60 12 24 0.111574132 4.2775379807413145
4 60 13 25 0.093843246 4.164856315988441
4 60 14 26 0.082315366 4.156369217087706
4 60 15 27 0.075261795 4.259321293229372
4 60 16 28 0.066089607 4.136862542722784
4 60 17 29 0.060306715 4.125373583129131
4 60 18 30 0.056041272 4.143453932479006
4 60 19 31 0.052093395 4.120024981513485
4 60 20 32 0.049597303 4.155053939804453
4 60 21 33 0.047172726 4.1469175561350795
4 60 22 34 0.045566013 4.165210998902557
4 60 23 35 0.044199827 4.164092310832091
4 60 24 36 0.043196131 4.157759422358881
4 60 25 37 0.04293458 4.185941427530222
4 60 26 38 0.041859028 4.098541796196028
4 60 27 39 0.042411949 4.134987097612203
4 60 28 40 0.043113868 4.149841357582165
4 60 29 41 0.043869873 4.133007145853316
4 60 30 42 0.045606602 4.1689212587673925
4 60 31 43 0.047217993 4.15089694280469
4 60 32 44 0.049264588 4.127180473144742
4 60 33 45 0.052019901 4.11421239978424
4 60 34 46 0.055715514 4.119368767778667
4 60 35 47 0.059668867 4.081740609765352
4 60 36 48 0.065851339 4.121948216415328
4 60 37 49 0.072846516 4.12263242906144
4 60 38 50 0.081693353 4.124961767768603
4 60 39 51 0.094698615 4.20281844042466
4 60 40 52 0.111502793 4.274802980463579
4 60 41 53 0.135662293 4.40082793925571
4 60 42 54 0.169025913 4.522052135436026
4 60 43 55 0.216934104 4.629578109348138
4 60 44 56 0.299962904 4.87589903372186
4 60 45 57 0.458139034 5.287819483339997
5 17 6 9 2.11087215 8.457565777412201
5 17 7 10 0.700514328 6.41879777752264
5 17 8 11 0.387966307 5.484744449602043
5 17 9 12 0.326525004 5.631890099183097
5 17 10 13 0.321489928 5.545045311415987
5 17 11 14 0.410124001 5.797991468711051
5 17 12 15 0.633191579 5.801920870962187
5 17 13 16 2.13403021 8.550352456002498
5 27 6 11 2.24291207 8.307235801653752
5 27 7 12 0.753707238 6.334352045735458
5 27 8 13 0.389725578 5.390557198251866
5 27 9 14 0.272388232 5.339773099911194
5 27 10 15 0.186052014 4.694406560435785
5 27 11 16 0.150509511 4.539259910908723
5 27 12 17 0.131820309 4.459815385289772
5 27 13 18 0.121056527 4.333553145541414
5 27 14 19 0.123654087 4.426539988859102
5 27 15 20 0.134202792 4.5404208277985685
5 27 16 21 0.155282251 4.683202358155067
5 27 17 22 0.199151634 5.024932098671646
5 27 18 23 0.285687567 5.600487121065042
5 27 19 24 0.439118079 6.07373817695892
5 27 20 25 0.765217111 6.431084017922921
5 27 21 26 2.33072954 8.632491722539966
5 61 8 20 0.452654217 5.224513979895044
5 61 9 21 0.31768966 5.164047572420576
5 61 10 22 0.222344985 4.745051406390855
5 61 11 23 0.169600897 4.537435028975205
5 61 12 24 0.13704374 4.445641501077203
5 61 13 25 0.111803542 4.286333119637505
5 61 14 26 0.095741319 4.249094677929343
5 61 15 27 0.086254102 4.355248744205828
5 61 16 28 0.074238367 4.20140201728748
5 61 17 29 0.066736667 4.177365102783312
5 61 18 30 0.061138839 4.182296305043064
5 61 19 31 0.056129513 4.149978097713084
5 61 20 32 0.052908836 4.184517558565726
5 61 21 33 0.049745213 4.167445218988251
5 61 22 34 0.047574888 4.18227130393864
5 61 23 35 0.045679965 4.175627405616635
5 61 24 36 0.044226859 4.166639011825885
5 61 25 37 0.04357581 4.194304684704756
5 61 26 38 0.042117482 4.10627780048293
5 61 27 39 0.042366339 4.148214123445721
5 61 28 40 0.042690444 4.162139191748445
5 61 29 41 0.043029545 4.14172501151933
5 61 30 42 0.044307545 4.174240488460438
5 61 31 43 0.045504446 4.159583130044041
5 61 32 44 0.04700896 4.132521014784088
5 61 33 45 0.049141571 4.116874625052298
5 61 34 46 0.052049974 4.116590849322209
5 61 35 47 0.055144312 4.077136514857287
5 61 36 48 0.060096993 4.111027227195115
5 61 37 49 0.065528706 4.101753083877375
5 61 38 50 0.072479159 4.1018424453477
5 61 39 51 0.082407724 4.161032671395274
5 61 40 52 0.094946854 4.213835533407831
5 61 41 53 0.112402829 4.309308632490829
5 61 42 54 0.135249386 4.387433409193372
5 61 43 55 0.166430826 4.452624208666051
5 61 44 56 0.216482293 4.619936037047866
5 61 45 57 0.300397515 4.8829636384669355
5 61 46 58 0.459908408 5.308241515989839
6 18 7 10 1.94757923 7.803305114640319
6 18 8 11 0.656067614 6.011533489501704
6 18 9 12 0.420351889 5.942584828822477
6 18 10 13 0.316952767 5.466788541486357
6 18 11 14 0.314861029 5.430710328828912
6 18 12 15 0.377764669 5.340522190122821
6 18 13 16 0.797007497 7.302962617507634
6 18 14 17 2.30754837 9.245582269790857
6 28 7 12 2.06470438 7.6471950794608325
6 28 8 13 0.706644644 5.938825741155222
6 28 9 14 0.419631129 5.804201034609813
6 28 10 15 0.255266416 5.004124926614085
6 28 11 16 0.187306429 4.726057569628887
6 28 12 17 0.152023835 4.584930846782847
6 28 13 18 0.129290275 4.374217918221886
6 28 14 19 0.122824929 4.396857985351346
6 28 15 20 0.125823724 4.504208145042313
6 28 16 21 0.133995381 4.53340358761839
6 28 17 22 0.158266678 4.773210555963466
6 28 18 23 0.207448082 5.234265494651516
6 28 19 24 0.287250198 5.631120217501042
6 28 20 25 0.43592785 6.029611969004405
6 28 21 26 0.893523698 7.509406012018969
6 28 22 27 2.35623714 8.726966067195958
6 62 9 21 0.482541323 5.569469571274424
6 62 10 22 0.306808337 4.9871715934451375
6 62 11 23 0.21991234 4.693136470785271
6 62 12 24 0.170674796 4.566165696243913
6 62 13 25 0.134535775 4.364284167373022
6 62 14 26 0.11211217 4.298165324542493
6 62 15 27 0.09933799 4.4087185035042005
6 62 16 28 0.083865187 4.234624694885084
6 62 17 29 0.074136331 4.195627452550139
6 62 18 30 0.067004719 4.194143751176576
6 62 19 31 0.060691441 4.151691356815577
6 62 20 32 0.056668716 4.189844480309725
6 62 21 33 0.052721885 4.169731753372593
6 62 22 34 0.049910936 4.181328796570408
6 62 23 35 0.047469785 4.173031781170706
6 62 24 36 0.045565316 4.16514728579985
6 62 25 37 0.044495797 4.191975822711831
6 62 26 38 0.042678064 4.107893892720053
6 62 27 39 0.042622845 4.155548572844998
6 62 28 40 0.042609286 4.172001786020218
6 62 29 41 0.0426086 4.154159745106723
6 62 30 42 0.043471262 4.184241620675045
6 62 31 43 0.044283759 4.1719995950808
6 62 32 44 0.045460369 4.155554030434237
6 62 33 45 0.047054702 4.13654215833328
6 62 34 46 0.049376866 4.136586652877003
6 62 35 47 0.051788859 4.095939472635244
6 62 36 48 0.055869602 4.130761380879023
6 62 37 49 0.060232311 4.1202838630858585
6 62 38 50 0.065830656 4.120653569165102
6 62 39 51 0.073785757 4.175787275963165
6 62 40 52 0.083513415 4.216862588205836
6 62 41 53 0.096895506 4.300318641524782
6 62 42 54 0.113689056 4.35862010590973
6 62 43 55 0.135824554 4.4060916181045675
6 62 44 56 0.169819946 4.543295378909923
6 62 45 57 0.222490844 4.748164174835283
6 62 46 58 0.312056999 5.072488629761511
6 62 47 59 0.482374849 5.5675481360869785
7 19 8 11 1.75109726 7.016066917693843
7 19 9 12 0.73733109 6.756148978854784
7 19 10 13 0.406784721 5.7507835098877935
7 19 11 14 0.307756169 5.308165990110883
7 19 12 15 0.286343166 4.93883537802251
7 19 13 16 0.417323547 5.899772652413569
7 19 14 17 0.753441217 6.903765727363614
7 19 15 18 2.2298628 8.934321913150706
7 29 8 13 1.8693101 6.923499139720157
7 29 9 14 0.790910151 6.647015021739502
7 29 10 15 0.400268408 5.536382187307231
7 29 11 16 0.258967412 5.076677542924172
7 29 12 17 0.191993086 4.844309841637683
7 29 13 18 0.149750528 4.516369522905527
7 29 14 19 0.131382052 4.444988039441942
7 29 15 20 0.126758954 4.5376872891144435
7 29 16 21 0.123908509 4.435647727910586
7 29 17 22 0.13470064 4.557264288315232
7 29 18 23 0.161628982 4.874615255600608
7 29 19 24 0.203652702 5.1385016467452695
7 29 20 25 0.278039614 5.450560182595891
7 29 21 26 0.460228795 6.3657347214968585
7 29 22 27 0.829952058 6.975133382564988
7 29 23 28 2.31930734 8.590186493528625
7 63 10 22 0.471534193 5.442425787291468
7 63 11 23 0.307486071 4.998188164199902
7 63 12 24 0.224960962 4.800878819556644
7 63 13 25 0.169202767 4.5267836171015645
7 63 14 26 0.136085965 4.414571681407263
7 63 15 27 0.118015118 4.524473016260328
7 63 16 28 0.097180212 4.312954176130008
7 63 17 29 0.084305623 4.2568637338574336
7 63 18 30 0.074867382 4.237000118332779
7 63 19 31 0.066776632 4.17986670203658
7 63 20 32 0.061596968 4.213635323828375
7 63 21 33 0.056637435 4.187531695859332
7 63 22 34 0.053033693 4.19439239891961
7 63 23 35 0.049864056 4.1774013868744
7 63 24 36 0.047407129 4.167523741071493
7 63 25 37 0.045877661 4.1936988913452415
7 63 26 38 0.043605739 4.108122922699471
7 63 27 39 0.04322923 4.16094530211095
7 63 28 40 0.042820021 4.174772405636996
7 63 29 41 0.042458036 4.157192449150889
7 63 30 42 0.042928818 4.185379656703409
7 63 31 43 0.043321706 4.169846399302782
7 63 32 44 0.044127741 4.157301045374906
7 63 33 45 0.04529802 4.1407136308482375
7 63 34 46 0.047002198 4.131926572637273
7 63 35 47 0.04881135 4.089210095248003
7 63 36 48 0.052081278 4.119066657666459
7 63 37 49 0.055546846 4.106898171324622
7 63 38 50 0.060049336 4.107767176820108
7 63 39 51 0.066352936 4.153345556103582
7 63 40 52 0.073920745 4.1834267066029796
7 63 41 53 0.084152467 4.249130391776293
7 63 42 54 0.096614033 4.287826590665519
7 63 43 55 0.112535643 4.314400466226754
7 63 44 56 0.13616403 4.417104077296207
7 63 45 57 0.170758804 4.568413212906011
7 63 46 58 0.225214308 4.806285461822957
7 63 47 59 0.317603695 5.1626502107640375
7 63 48 60 0.483087827 5.575777295097239
8 20 9 12 1.96116867 7.857753501141697
8 20 10 13 0.679663127 6.227738669538944
8 20 11 14 0.390158222 5.515731917877862
8 20 12 15 0.29064855 5.013094467604457
8 20 13 16 0.314738587 5.428598454151394
8 20 14 17 0.428551669 6.058506487563214
8 20 15 18 0.804493294 7.37155481502024
8 20 16 19 2.15743861 8.6441421640831
8 30 9 14 2.07702099 7.692812999536945
8 30 10 15 0.71663447 6.022782842227457
8 30 11 16 0.387153523 5.354981371626112
8 30 12 17 0.257856132 5.054892523039506
8 30 13 18 0.183530513 4.630784831317898
8 30 14 19 0.148573324 4.480865886699033
8 30 15 20 0.135390403 4.580600720030041
8 30 16 21 0.122207886 4.3747692248371415
8 30 17 22 0.123036584 4.404434761372845
8 30 18 23 0.136349389 4.613045648656915
8 30 19 24 0.158079691 4.767571160902505
8 30 20 25 0.198575855 5.010404221994314
8 30 21 26 0.286649352 5.61934151001272
8 30 22 27 0.43028172 5.951516538701993
8 30 23 28 0.829433912 6.970778748551125
8 30 24 29 2.31137125 8.560793022489369
8 64 11 23 0.453100782 5.229668212414724
8 64 12 24 0.305382474 4.9639941807343995
8 64 13 25 0.216249528 4.614968612706774
8 64 14 26 0.166687735 4.4594974500019084
8 64 15 27 0.14108046 4.576591006397391
8 64 16 28 0.1129581 4.330596656421898
8 64 17 29 0.095982027 4.25977753766449
8 64 18 30 0.083824676 4.232579163393996
8 64 19 31 0.073560376 4.163032197607815
8 64 20 32 0.06706398 4.197853178759406
8 64 21 33 0.060895634 4.165659493001736
8 64 22 34 0.056429841 4.172183076083909
8 64 23 35 0.052497984 4.152023602207059
8 64 24 36 0.049438949 4.1417877061226775
8 64 25 37 0.047420204 4.168673154125266
8 64 26 38 0.044697081 4.085781510004803
8 64 27 39 0.043932232 4.138882024784657
8 64 28 40 0.043162548 4.154526956129878
8 64 29 41 0.042429597 4.136707703573949
8 64 30 42 0.042549292 4.166127595235831
8 64 31 43 0.042575499 4.150932536474597
8 64 32 44 0.043025138 4.1413008243213065
8 64 33 45 0.043802422 4.1266525465364925
8 64 34 46 0.045104673 4.123039689285591
8 64 35 47 0.046442938 4.082762462162841
8 64 36 48 0.049073052 4.111134390731463
8 64 37 49 0.051789384 4.095980994465704
8 64 38 50 0.055465101 4.100854292775425
8 64 39 51 0.060551664 4.14212969617249
8 64 40 52 0.066479087 4.161241946630265
8 64 41 53 0.074495775 4.215969612645092
8 64 42 54 0.083894265 4.23609293720687
8 64 43 55 0.095713012 4.247838385199052
8 64 44 56 0.112868082 4.3271455391508225
8 64 45 57 0.13680434 4.437875465391386
8 64 46 58 0.172626729 4.618386936373396
8 64 47 59 0.229057338 4.888299341768583
8 64 48 60 0.319298789 5.190203975201081
8 64 49 61 0.482439279 5.568291784158912
9 21 10 13 1.6707906 6.69430472128878
9 21 11 14 0.623832826 5.716166817753466
9 21 12 15 0.36114466 5.1055623483263375
9 21 13 16 0.291349185 5.025178991825583
9 21 14 17 0.305460851 5.268576437824477
9 21 15 18 0.434024535 6.13587730785178
9 21 16 19 0.733192578 6.718227882074805
9 21 17 20 1.68645683 6.757074117677409
9 31 10 15 1.76215129 6.526607297725382
9 31 11 16 0.664101081 5.58127855076732
9 31 12 17 0.375844632 5.198560476448696
9 31 13 18 0.238749696 4.680338775842472
9 31 14 19 0.176938205 4.46444976587962
9 31 15 20 0.152147885 4.588672106642155
9 31 16 21 0.127412603 4.310691512179795
9 31 17 22 0.119461367 4.276449982193254
9 31 18 23 0.122969952 4.402049484673195
9 31 19 24 0.132129152 4.470264327288832
9 31 20 25 0.154256757 4.652274187754743
9 31 21 26 0.200098578 5.048825095207364
9 31 22 27 0.265378703 5.202361530687281
9 31 23 28 0.420629632 5.818012002731915
9 31 24 29 0.792939669 6.664071619907872
9 31 25 30 2.18706226 8.100380817299612
10 22 11 14 2.04289123 8.185188740030284
10 22 12 15 0.731238038 6.700318473934791
10 22 13 16 0.40138033 5.674380732105523
10 22 14 17 0.307761579 5.308259301572679
10 22 15 18 0.340480049 5.872586152491022
10 22 16 19 0.432892426 6.119872493923197
10 22 17 20 0.683097026 6.259203412497688
10 22 18 21 2.15363521 8.628903199621037
10 32 11 16 2.15278875 7.973439537198366
10 32 12 17 0.801546792 6.7364081246329945
10 32 13 18 0.403942986 5.587207752798951
10 32 14 19 0.2563682 5.0257237913004
10 32 15 20 0.202152332 5.100644777477082
10 32 16 21 0.153139333 4.618573473873031
10 32 17 22 0.131956589 4.464426083332571
10 32 18 23 0.125295685 4.485305528833782
10 32 19 24 0.124378117 4.4524586448929595
10 32 20 25 0.135586805 4.58724549781843
10 32 21 26 0.1610133 4.856046723938392
10 32 22 27 0.195196307 4.925132517800305
10 32 23 28 0.273968482 5.370751591086006
10 32 24 29 0.432115555 5.97688154684538
10 32 25 30 0.820594238 6.896487824618754
10 32 26 31 2.06489469 7.64789994438468
11 23 12 15 2.12466679 8.512836332370123
11 23 13 16 0.722782638 6.622841824908899
11 23 14 17 0.395985505 5.598113190462212
11 23 15 18 0.341511906 5.890383580408893
11 23 16 19 0.325485558 5.6139617764993135
11 23 17 20 0.392487147 5.548656319396289
11 23 18 21 0.750483602 6.876665164491518
11 23 19 22 2.0954895 8.395932592187831
11 33 12 17 2.27168192 8.413792777794242
11 33 13 18 0.779149197 6.548172899395839
11 33 14 19 0.401636542 5.555305770972742
11 33 15 20 0.286584794 5.618075944796289
11 33 16 21 0.195301046 4.927775259677496
11 33 17 22 0.154371429 4.655732613797358
11 33 18 23 0.135104995 4.570944643518456
11 33 19 24 0.123783657 4.4311783053132645
11 33 20 25 0.125831576 4.5044892290957055
11 33 21 26 0.137377025 4.6478131808986864
11 33 22 27 0.153580505 4.6318789079290585
11 33 23 28 0.195112031 4.9230060919757115
11 33 24 29 0.273266199 5.35698435949751
11 33 25 30 0.435009034 6.01690320549936
11 33 26 31 0.773471343 6.500454734719958
11 33 27 32 1.71335118 6.34586279760031
12 24 13 16 2.04475071 8.192639060700717
12 24 14 17 0.682536958 6.254071521414282
12 24 15 18 0.454083167 6.419449537046956
12 24 16 19 0.325201425 5.609061061975316
12 24 17 20 0.306296409 5.2829881085077215
12 24 18 21 0.425123796 6.010046074709139
12 24 19 22 0.773537973 7.087911871977825
12 24 20 23 2.33704431 9.363762735015435
12 34 13 18 2.17049274 8.039011086581539
12 34 14 19 0.740872224 6.226483243249654
12 34 15 20 0.454671616 6.288869632440722
12 34 16 21 0.271860998 5.329437448073788
12 34 17 22 0.19550691 4.932969556107728
12 34 18 23 0.157176407 4.7403287572688555
12 34 19 24 0.132608421 4.486479213114144
12 34 20 25 0.125869588 4.505849973751533
12 34 21 26 0.126906863 4.542982100787042
12 34 22 27 0.13193951 4.463848257445624
12 34 23 28 0.15382061 4.639120304128324
12 34 24 29 0.197026376 4.97130824970961
12 34 25 30 0.281426606 5.516957209510088
12 34 26 31 0.434095148 6.004262632147816
12 34 27 32 0.745386464 6.264422092629446
12 34 28 33 2.3468625 8.692244534382763
13 25 14 17 1.74211093 6.980061668833777
13 25 15 18 0.800113741 7.331425064722052
13 25 16 19 0.422385753 5.971337903726081
13 25 17 20 0.311310736 5.369475018359704
13 25 18 21 0.32132667 5.54222944401671
13 25 19 22 0.42437161 5.999412295656341
13 25 20 23 0.80263013 7.3544826832103105
13 25 21 24 2.12100087 8.498148204747267
13 35 14 19 1.87062283 6.928361192851782
13 35 15 20 0.853981611 7.177084008125597
13 35 16 21 0.422800049 5.848032503420115
13 35 17 22 0.271820112 5.328635937812644
13 35 18 23 0.199101685 5.023671801036345
13 35 19 24 0.153515467 4.629917408060218
13 35 20 25 0.135373633 4.580033348396803
13 35 21 26 0.125701057 4.499816940562243
13 35 22 27 0.121235163 4.339947915149392
13 35 23 28 0.129441661 4.379339690557569
13 35 24 29 0.151485365 4.5686909741795345
13 35 25 30 0.195415056 4.930651924543673
13 35 26 31 0.267392076 5.241830765119873
13 35 27 32 0.39165023 5.4171783575454695
13 35 28 33 0.790603022 6.6444338295850836
13 35 29 34 2.1738748 8.051537467036276
14 26 15 18 2.24522321 8.995865990058928
14 26 16 19 0.710193312 6.507486100522762
14 26 17 20 0.402462465 5.6896790552533885
14 26 18 21 0.313219758 5.402401752818677
14 26 19 22 0.303471996 5.2342727470014285
14 26 20 23 0.414800411 5.864102657566333
14 26 21 24 0.672303853 6.160305799564327
14 26 22 25 1.51816177 6.082771536176425
14 36 15 20 2.36890784 8.773895456038211
14 36 16 21 0.761918604 6.403362505497532
14 36 17 22 0.415898323 5.752570078396367
14 36 18 23 0.272665803 5.345214473601359
14 36 19 24 0.190899874 4.816726256411096
14 36 20 25 0.156259004 4.7126605346271155
14 36 21 26 0.13435794 4.545669878135699
14 36 22 27 0.121220221 4.33941302493979
14 36 23 28 0.119804291 4.288725895072216
14 36 24 29 0.12989885 4.394807553982053
14 36 25 30 0.154295943 4.653456009672088
14 36 26 31 0.193209744 4.875008177948122
14 36 27 32 0.256943156 5.036994963185801
14 36 28 33 0.425273121 5.882239229444639
14 36 29 34 0.840074103 7.060201686569753
14 36 30 35 2.46629131 9.134581663622475
15 27 16 19 1.62544091 6.512603529125033
15 27 17 20 0.647114288 5.929494355206887
15 27 18 21 0.394838937 5.581903967236826
15 27 19 22 0.300974254 5.1911917937274366
15 27 20 23 0.332100557 5.728057012447021
15 27 21 24 0.431507971 6.100300222465681
15 27 22 25 0.699973762 6.413844582847364
15 27 23 26 2.18922211 8.771488124797198
15 37 16 21 1.72974854 6.406594886863445
15 37 17 22 0.699104462 5.875456086641014
15 37 18 23 0.394533483 5.457058573499711
15 37 19 24 0.246917241 4.840451555910423
15 37 20 25 0.186849678 4.714532970433279
15 37 21 26 0.148898509 4.490673235246786
15 37 22 27 0.126085491 4.265791947306201
15 37 23 28 0.115833277 4.146572467767227
15 37 24 29 0.116682741 4.17698138069783
15 37 25 30 0.128095723 4.333803194356166
15 37 26 31 0.14726437 4.4413887641042775
15 37 27 32 0.179942039 4.540241571261851
15 37 28 33 0.255708276 5.0127869459847565
15 37 29 34 0.410368043 5.676077047542877
15 37 30 35 0.783496672 6.584710212256345
15 37 31 36 1.91422341 7.089847817313555
16 28 17 20 2.13026329 8.535259654821596
16 28 18 21 0.804794576 7.374315455530662
16 28 19 22 0.4228892 5.978455218011105
16 28 20 23 0.343375579 5.922528137144937
16 28 21 24 0.339266184 5.8516494579301215
16 28 22 25 0.428236638 6.054052841724575
16 28 23 26 0.827586246 7.58315503938287
16 28 24 27 2.2140821 8.871093873374065
16 38 17 22 2.26338777 8.383073134012449
16 38 18 23 0.861606156 7.2411626712769674
16 38 19 24 0.426720112 5.902253537437674
16 38 20 25 0.280225996 5.493421005561729
16 38 21 26 0.198762973 5.015125525182011
16 38 22 27 0.154444308 4.657930592654967
16 38 23 28 0.129960996 4.396910110781052
16 38 24 29 0.12085491 4.326335707488324
16 38 25 30 0.122708618 4.392694311467731
16 38 26 31 0.130713404 4.422365981730461
16 38 27 32 0.14962484 4.512578862130061
16 38 28 33 0.192564722 4.8587331834273675
16 38 29 34 0.274340137 5.3780373440602665
16 38 30 35 0.439478557 6.078724191188941
16 38 31 36 0.782774199 6.578638360886465
16 38 32 37 2.12052451 7.85394013585039
17 29 18 21 2.30334503 9.228740878172314
17 29 19 22 0.748670023 6.860047378974129
17 29 20 23 0.445249648 6.294568604266099
17 29 21 24 0.332492927 5.734824594381471
17 29 22 25 0.327189671 5.643354248790928
17 29 23 26 0.450540998 6.3693733025601755
17 29 24 27 0.764429683 7.004452805871425
17 29 25 28 2.19321099 8.787470246205263
17 39 18 23 2.43129979 9.004981037906337
17 39 19 24 0.807569717 6.787026355919054
17 39 20 25 0.441548139 6.107349975015408
17 39 21 26 0.276067405 5.41189790820805
17 39 22 27 0.196903548 4.968209091809577
17 39 23 28 0.152133947 4.58825174646546
17 39 24 29 0.13101699 4.432637066086351
17 39 25 30 0.123408207 4.417738034319091
17 39 26 31 0.122054471 4.369277310668621
17 39 27 32 0.131645278 4.453893642633998
17 39 28 33 0.155632065 4.693752499843286
17 39 29 34 0.201522218 5.084745936976369
17 39 30 35 0.287345072 5.632980083580281
17 39 31 36 0.437772237 6.055122928973298
17 39 32 37 0.826758011 6.94828977920208
17 39 33 38 1.97090226 7.299773377131227
18 30 19 22 2.18976055 8.773645475595155
18 30 20 23 0.794636094 7.281233502630758
18 30 21 24 0.430960453 6.092559869096395
18 30 22 25 0.328924089 5.673269420500243
18 30 23 26 0.334545874 5.770233741435482
18 30 24 27 0.419950499 5.936910311383968
18 30 25 28 0.773971913 7.091888054899779
18 30 26 29 2.17283779 8.705841579544247
18 40 19 24 2.32243226 8.601760485950585
18 40 20 25 0.846312547 7.112631195696487
18 40 21 26 0.432503347 5.982245359422815
18 40 22 27 0.275915484 5.408919719087487
18 40 23 28 0.1929263 4.867856407083035
18 40 24 29 0.152266926 4.592262298620484
18 40 25 30 0.132094364 4.46908736101709
18 40 26 31 0.120617331 4.31783091019834
18 40 27 32 0.122306621 4.378303717197269
18 40 28 33 0.133143029 4.50456635766407
18 40 29 34 0.157389978 4.746769906881206
18 40 30 35 0.20320953 5.127319668654985
18 40 31 36 0.276545909 5.421278279630997
18 40 32 37 0.437623159 6.053060930656111
18 40 33 38 0.743332376 6.247159001778088
18 40 34 39 2.11309217 7.8264124401534
19 31 20 23 2.16272972 8.665341889921791
19 31 21 24 0.738153806 6.763687507934424
19 31 22 25 0.433386121 6.12685194255621
19 31 23 26 0.329217472 5.678329678651159
19 31 24 27 0.312007111 5.38148606627265
19 31 25 28 0.418224145 5.9125045566864385
19 31 26 29 0.731172615 6.699719004387611
19 31 27 30 2.06881612 8.289061190309747
19 41 20 25 2.28732704 8.471738741313521
19 41 21 26 0.795774985 6.687900354460778
19 41 22 27 0.435363072 6.021800143747931
19 41 23 28 0.270481541 5.302395210136416
19 41 24 29 0.19413485 4.898350164858829
19 41 25 30 0.154231085 4.651499938475354
19 41 26 31 0.129571165 4.383721139334605
19 41 27 32 0.123651725 4.426455434537387
19 41 28 33 0.124559189 4.458940617857288
19 41 29 34 0.135568871 4.586638745112974
19 41 30 35 0.160538805 4.841736291879208
19 41 31 36 0.199921833 5.044365520329962
19 41 32 37 0.282849607 5.544853063913029
19 41 33 38 0.409593201 5.665359685490218
19 41 34 39 0.79341796 6.668091302115443
19 41 35 40 2.44638231 9.060843259078101
20 32 21 24 1.7068669 6.838850510220458
20 32 22 25 0.698374496 6.399190542756884
20 32 23 26 0.407737658 5.764255339341196
20 32 24 27 0.305410177 5.267702414716323
20 32 25 28 0.315774764 5.446470393255026
20 32 26 29 0.415470836 5.873580567712857
20 32 27 30 0.766247793 7.021112108844728
20 32 28 31 1.94106497 7.777204631746949
20 42 21 26 1.82590822 6.762748454832594
20 42 22 27 0.744035687 6.253069810706313
20 42 23 28 0.395953358 5.476697821816812
20 42 24 29 0.256260722 5.023616842226211
20 42 25 30 0.186286667 4.700327251961467
20 42 26 31 0.143977897 4.342271073547273
20 42 27 32 0.129660131 4.386731084756351
20 42 28 33 0.12136142 4.344467633607006
20 42 29 34 0.121727719 4.35758031925062
20 42 30 35 0.13244538 4.48096312256824
20 42 31 36 0.151187831 4.55971756014504
20 42 32 37 0.1936067 4.885024048298251
20 42 33 38 0.248167631 4.864963623988306
20 42 34 39 0.385454012 5.331474289279677
20 42 35 40 0.777178332 6.531609236324558
20 42 36 41 2.15376398 7.977051567147826
21 33 22 25 2.16574922 8.677440026639779
21 33 23 26 0.762915843 6.990581522388521
21 33 24 27 0.41874199 5.91982541790108
21 33 25 28 0.316890962 5.465722531339153
21 33 26 29 0.309766134 5.342833785362497
21 33 27 30 0.43502715 6.150051443484485
21 33 28 31 0.72368144 6.631077528376242
21 33 29 32 1.58508956 6.350929030348599
21 43 22 27 2.28532827 8.464335752170362
21 43 23 28 0.801975596 6.740011905196158
21 43 24 29 0.425123858 5.880174672267736
21 43 25 30 0.268008117 5.253907348370512
21 43 26 31 0.184144148 4.646267878815105
21 43 27 32 0.154268715 4.652634832538278
21 43 28 33 0.133269422 4.508842553420773
21 43 29 34 0.122931373 4.400668442684423
21 43 30 35 0.123091593 4.406403960646033
21 43 31 36 0.129699496 4.388062902546597
21 43 32 37 0.152717565 4.605853250669966
21 43 33 38 0.178534139 4.50471787627816
21 43 34 39 0.240426685 4.713213693695189
21 43 35 40 0.387186724 5.355440597039177
21 43 36 41 0.71940626 6.046077687721363
21 43 37 42 2.12160616 7.857946321257764
22 34 23 26 2.11324666 8.46707965276184
22 34 24 27 0.767985311 7.0370329490488785
22 34 25 28 0.422034709 5.96637513609439
22 34 26 29 0.304500793 5.252017396162719
22 34 27 30 0.337045156 5.813341256567361
22 34 28 31 0.437784401 6.189031161170149
22 34 29 32 0.686870853 6.293782908436785
22 34 30 33 2.21225656 8.863779539045812
22 44 23 28 2.21630846 8.208702085418842
22 44 24 29 0.827925662 6.958103022498218
22 44 25 30 0.42968602 5.943277010417815
22 44 26 31 0.256414369 5.026628867053635
22 44 27 32 0.198865534 5.017713312440497
22 44 28 33 0.158624191 4.78399289402135
22 44 29 34 0.135097258 4.5706828811853395
22 44 30 35 0.125349641 4.487237033060077
22 44 31 36 0.122949794 4.401327873319618
22 44 32 37 0.135158608 4.57275850728547
22 44 33 38 0.14733627 4.443557217017491
22 44 34 39 0.18087514 4.563785285526342
22 44 35 40 0.256575137 5.029780488676285
22 44 36 41 0.400657331 5.541761643508115
22 44 37 42 0.804178923 6.758529239495493
22 44 38 43 2.29340772 8.494260196019678
23 35 24 27 2.29766728 9.205992013873402
23 35 25 28 0.77436877 7.095524447087313
23 35 26 29 0.391664129 5.537021176534715
23 35 27 30 0.335079328 5.7794347345115575
23 35 28 31 0.332204312 5.729846574502247
23 35 29 32 0.391468279 5.534252412389289
23 35 30 33 0.734307654 6.728445299570037
23 35 31 34 2.04820971 8.206498128396534
23 45 24 29 2.43393636 9.01474629308086
23 45 25 30 0.841335996 7.070806964193542
23 45 26 31 0.403889925 5.5864738303375
23 45 27 32 0.28368561 5.561241680624065
23 45 28 33 0.206378383 5.207275182129064
23 45 29 34 0.160647875 4.845025765582187
23 45 30 35 0.137113685 4.6389037207974955
23 45 31 36 0.124400632 4.453264631579426
23 45 32 37 0.127098244 4.549833112914185
23 45 33 38 0.129111204 4.368159492119583
23 45 34 39 0.145459245 4.386947476691689
23 45 35 40 0.185499151 4.680456893144239
23 45 36 41 0.256451247 5.027351806333841
23 45 37 42 0.421798037 5.834172999953462
23 45 38 43 0.803383654 6.751845591570833
23 45 39 44 2.08062128 7.706147654240701
24 36 25 28 2.0940159 8.390028364909268
24 36 26 29 0.648947198 5.94628927026307
24 36 27 30 0.435132065 6.151534644354117
24 36 28 31 0.339023959 5.847471570899838
24 36 29 32 0.312281909 5.386225771093159
24 36 30 33 0.421950663 5.965186963761655
24 36 31 34 0.7834254 7.178510153720632
24 36 32 35 2.35957693 9.454043482614209
24 46 25 30 2.23390842 8.273888331360117
24 46 26 31 0.714338068 6.003483281372595
24 46 27 32 0.438106588 6.05974756305311
24 46 28 33 0.287441652 5.63487339329562
24 46 29 34 0.203645572 5.138321744802495
24 46 30 35 0.159686002 4.816016359337517
24 46 31 36 0.134026433 4.534454155534629
24 46 32 37 0.127509903 4.564569585193293
24 46 33 38 0.120959822 4.330091322644912
24 46 34 39 0.126017454 4.263490083036038
24 46 35 40 0.146263069 4.411190237394209
24 46 36 41 0.183471549 4.629297070006002
24 46 37 42 0.263566178 5.166829627686726
24 46 38 43 0.413901588 5.724951890535853
24 46 39 44 0.730380875 6.138311212187543
24 46 40 45 2.08347606 7.7167211095887955
25 37 26 29 1.49520782 5.99080265877358
25 37 27 30 0.705426443 6.463807382015606
25 37 28 31 0.430056798 6.079784747504187
25 37 29 32 0.309975871 5.346451320679126
25 37 30 33 0.306515424 5.286765670394138
25 37 31 34 0.40697973 5.753540384675821
25 37 32 35 0.744930043 6.825778022370792
25 37 33 36 1.80327031 7.225107054105333
25 47 26 31 1.62939635 6.034913216104788
25 47 27 32 0.760818468 6.394116675855934
25 47 28 33 0.43372783 5.999182009266688
25 47 29 34 0.275961796 5.40982759814668
25 47 30 35 0.198220881 5.001447628412993
25 47 31 36 0.15392513 4.642272553064195
25 47 32 37 0.136819202 4.628940614019265
25 47 33 38 0.121821722 4.360945416585193
25 47 34 39 0.118407485 4.238723361668866
25 47 35 40 0.126870939 4.292365645253951
25 47 36 41 0.147155237 4.438097390366061
25 47 37 42 0.191676247 4.836315458517477
25 47 38 43 0.268410993 5.261805143409616
25 47 39 44 0.398134206 5.506862600697948
25 47 40 45 0.760199508 6.388914774713745
25 47 41 46 2.26436355 8.386687201036725
26 38 27 30 2.19610132 8.799050841502533
26 38 28 31 0.837199211 7.6712384317005835
26 38 29 32 0.444350379 6.281855488288095
26 38 30 33 0.327421788 5.647357793444899
26 38 31 34 0.324822256 5.602521170356427
26 38 32 35 0.448313258 6.337879370278689
26 38 33 36 0.735292556 6.737469935492513
26 38 34 37 1.98857256 7.967551814711739
26 48 27 32 2.32793339 8.622135419367192
26 48 28 33 0.891943841 7.496128482077139
26 48 29 34 0.457935775 6.334018416064282
26 48 30 35 0.286232418 5.611168128434185
26 48 31 36 0.19929687 5.028596648259437
26 48 32 37 0.162318639 4.8954148207016965
26 48 33 38 0.133884811 4.52966272408308
26 48 34 39 0.120464319 4.312353422529248
26 48 35 40 0.118269192 4.233772781307706
26 48 36 41 0.126553273 4.2816181987873865
26 48 37 42 0.150019141 4.524470700129131
26 48 38 43 0.191094699 4.821642020226139
26 48 39 44 0.251165305 4.92372864063375
26 48 40 45 0.387281549 5.3567521855393405
26 48 41 46 0.742211907 6.237742288305669
26 48 42 47 1.96321339 7.271295552702621
27 39 28 31 2.2396779 8.97364776898801
27 39 29 32 0.772386371 7.077359767527234
27 39 30 33 0.426213368 6.025449535967546
27 39 31 34 0.320466837 5.527399079112555
27 39 32 35 0.34405311 5.934214164505922
27 39 33 36 0.437328996 6.1825930246593135
27 39 34 37 0.764284618 7.003123578384738
27 39 35 38 1.82566658 7.314841492400747
27 49 28 33 2.35763378 8.732138903868963
27 49 29 34 0.832217132 6.994169654743712
27 49 30 35 0.434079907 6.004051823602274
27 49 31 36 0.267960777 5.252979316874093
27 49 32 37 0.200005663 5.04648069282125
27 49 33 38 0.153588917 4.6321326078721174
27 49 34 39 0.129103215 4.367889203987326
27 49 35 40 0.117548798 4.207984285948599
27 49 36 41 0.117373049 4.201692864489137
27 49 37 42 0.128735233 4.355439439625829
27 49 38 43 0.152449864 4.597779578718363
27 49 39 44 0.184428985 4.65345479742301
27 49 40 45 0.250889538 4.918322631726423
27 49 41 46 0.395004527 5.463573900612506
27 49 42 47 0.712650158 5.98929764585994
27 49 43 48 1.98629016 7.356766656315938
28 40 29 32 2.19150536 8.780636351543794
28 40 30 33 0.773389231 7.086548952218924
28 40 31 34 0.419467547 5.930082738335403
28 40 32 35 0.339940415 5.863278567024206
28 40 33 36 0.332218333 5.730088408144733
28 40 34 37 0.432683369 6.11691702021398
28 40 35 38 0.676344978 6.197334541350022
28 40 36 39 1.98127085 7.93829628039973
28 50 29 34 2.32383201 8.606944841355729
28 50 30 35 0.835839711 7.024614752710899
28 50 31 36 0.425238463 5.881759851282355
28 50 32 37 0.281541286 5.519205343266092
28 50 33 38 0.197474449 4.982613888307825
28 50 34 39 0.153455482 4.628108303081093
28 50 35 40 0.128513495 4.347937480698518
28 50 36 41 0.119317384 4.271295712547352
28 50 37 42 0.120966748 4.330339257967607
28 50 38 43 0.134102246 4.537019101606823
28 50 39 44 0.151383027 4.565604532813297
28 50 40 45 0.188061203 4.7451017924839345
28 50 41 46 0.262804976 5.151907375233476
28 50 42 47 0.397521964 5.498394268860174
28 50 43 48 0.760734513 6.393411096157097
28 50 44 49 2.11047574 7.816721778954846
29 41 30 33 2.18467708 8.753277694485107
29 41 31 34 0.73767296 6.759281526339526
29 41 32 35 0.442190867 6.251326106632669
29 41 33 36 0.333548381 5.753029022403599
29 41 34 37 0.335330819 5.783772441136112
29 41 35 38 0.396945971 5.611691458645514
29 41 36 39 0.732055772 6.707811353055181
29 41 37 40 2.31513184 9.275966723129745
29 51 30 35 2.31869348 8.587912895808318
29 51 31 36 0.79768629 6.703963459770607
29 51 32 37 0.440617974 6.094484235840567
29 51 33 38 0.276068416 5.411917727385128
29 51 34 39 0.196623639 4.961146514965205
29 51 35 40 0.150398064 4.535898748574662
29 51 36 41 0.129243825 4.37264639691217
29 51 37 42 0.120596187 4.317074002248145
29 51 38 43 0.124921193 4.471899552098798
29 51 39 44 0.131856679 4.461045874633892
29 51 40 45 0.150851795 4.549582953147199
29 51 41 46 0.191651438 4.835689485544361
29 51 42 47 0.257127843 5.040615481837662
29 51 43 48 0.409401287 5.662705193579642
29 51 44 49 0.773865919 6.503770854251238
29 51 45 50 1.99848211 7.401922864125713
30 42 31 34 2.04831154 8.20690612748976
30 42 32 35 0.770664024 7.061577938871015
30 42 33 36 0.432956865 6.120783478823719
30 42 34 37 0.332478799 5.734580915207299
30 42 35 38 0.294773303 5.084238040983835
30 42 36 39 0.381351038 5.3912232873884
30 42 37 40 0.722422607 6.619542868570294
30 42 38 41 2.0506469 8.216263141752293
30 52 31 36 2.18634452 8.097722471703266
30 52 32 37 0.827612511 6.955471219886454
30 52 33 38 0.435969842 6.030192788664819
30 52 34 39 0.279173134 5.4727811851692
30 52 35 40 0.192426074 4.855234860206899
30 52 36 41 0.151906884 4.5814036877195194
30 52 37 42 0.129651303 4.386432411126164
30 52 38 43 0.125163295 4.480566262681383
30 52 39 44 0.123518394 4.4216824826878085
30 52 40 45 0.130627715 4.4194669055300695
30 52 41 46 0.152428715 4.597141739905267
30 52 42 47 0.185409675 4.678199262536695
30 52 43 48 0.260310167 5.1030002918040545
30 52 44 49 0.408233902 5.646558304665716
30 52 45 50 0.734788816 6.175356697069606
30 52 46 51 2.1987945 8.143834363903245
31 43 32 35 1.94928243 7.810129273096381
31 43 33 36 0.723431462 6.628786985318527
31 43 34 37 0.43563224 6.158605701828908
31 43 35 38 0.299336662 5.162946672960815
31 43 36 39 0.288665049 4.978883122357464
31 43 37 40 0.381542007 5.393923048021986
31 43 38 41 0.679447566 6.225763488714776
31 43 39 42 2.02542122 8.115192194428483
31 53 32 37 2.07619147 7.689740646262664
31 53 33 38 0.777972005 6.538279471049297
31 53 34 39 0.433660294 5.998247873322085
31 53 35 40 0.265640444 5.207492580368398
31 53 36 41 0.19176622 4.838585629274467
31 53 37 42 0.149156594 4.4984568954708015
31 53 38 43 0.134152051 4.538704131075722
31 53 39 44 0.123786805 4.431290996678532
31 53 40 45 0.121300155 4.342274483513897
31 53 41 46 0.130731696 4.422984846483901
31 53 42 47 0.145678673 4.393565269262492
31 53 43 48 0.184794158 4.662668729000735
31 53 44 49 0.255277436 5.004340957604591
31 53 45 50 0.379362239 5.247214870219256
31 53 46 51 0.7324315 6.155545199084436
31 53 47 52 2.02968996 7.517509637356925
32 44 33 36 1.60713753 6.439267945869092
32 44 34 37 0.70636539 6.47241093325776
32 44 35 38 0.381104479 5.387737641644557
32 44 36 39 0.291359712 5.025360561096995
32 44 37 40 0.292489898 5.04485396364094
32 44 38 41 0.400783266 5.66593993866297
32 44 39 42 0.764223502 7.002563573786272
32 44 40 43 2.17324031 8.707454343906468
32 54 33 38 1.71994241 6.370275213300999
32 54 34 39 0.744612696 6.257919144711988
32 54 35 40 0.388657201 5.375779755731024
32 54 36 41 0.254029239 4.9798718800858905
32 54 37 42 0.179826592 4.53732864845854
32 54 38 43 0.150958155 4.552790695175704
32 54 39 44 0.130968151 4.430984718847489
32 54 40 45 0.11990906 4.2924763911483605
32 54 41 46 0.120576061 4.316353536423058
32 54 42 47 0.124699557 4.218902284984167
32 54 43 48 0.145708933 4.394477889361989
32 54 44 49 0.183932279 4.640922066092256
32 54 45 50 0.243128326 4.766175416128988
32 54 46 51 0.382982698 5.297291879338288
32 54 47 52 0.719435558 6.04632391574848
32 54 48 53 1.97918338 7.330444760758759
33 45 34 37 2.24614972 8.999578208853624
33 45 35 38 0.729679602 6.686038558259446
33 45 36 39 0.408628238 5.776845617475649
33 45 37 40 0.294667878 5.0824196748359665
33 45 38 41 0.308444984 5.320046643448746
33 45 39 42 0.431273452 6.09698478821181
33 45 40 43 0.752222816 6.892601545107328
33 45 41 44 1.96094315 7.856849917173279
33 55 34 39 2.35044693 8.705520447256387
33 55 35 40 0.786903231 6.613339821848298
33 55 36 41 0.421684401 5.832601223831083
33 55 37 42 0.25513377 5.001524595691525
33 55 38 43 0.194194817 4.899863233554821
33 55 39 44 0.155470486 4.688879392009292
33 55 40 45 0.1314649 4.447790997406791
33 55 41 46 0.122606888 4.389052604800432
33 55 42 47 0.117389945 4.2022977035321984
33 55 43 48 0.127171511 4.302534758345526
33 55 44 49 0.148857883 4.489447983952596
33 55 45 50 0.180476339 4.553722862709956
33 55 46 51 0.250442184 4.909552910517109
33 55 47 52 0.391135147 5.410053897335298
33 55 48 53 0.735406977 6.180551883207575
33 55 49 54 1.97587231 7.318181311106102
34 46 35 38 2.03822841 8.166506364189457
34 46 36 39 0.768149827 7.038540405631789
34 46 37 40 0.393777384 5.566896615258943
34 46 38 41 0.314156888 5.418565333261195
34 46 39 42 0.329361999 5.680822474517917
34 46 40 43 0.416790682 5.892239450951471
34 46 41 44 0.680308604 6.23365316145929
34 46 42 45 1.9556909 7.835805890487714
34 56 35 40 2.16704066 8.026225367983942
34 56 36 41 0.834279817 7.011504997023465
34 56 37 42 0.408737575 5.653524945473971
34 56 38 43 0.276218484 5.414859591149483
34 56 39 44 0.201738469 5.090202314960543
34 56 40 45 0.156341324 4.715143247336654
34 56 41 46 0.13472273 4.558011649041424
34 56 42 47 0.119015411 4.260485753956531
34 56 43 48 0.11944173 4.275747021475416
34 56 44 49 0.130383874 4.4112171460535965
34 56 45 50 0.146627822 4.422190928707887
34 56 46 51 0.184903294 4.665422414614587
34 56 47 52 0.256892704 5.0360059254786345
34 56 48 53 0.402078311 5.561416175825141
34 56 49 54 0.745484557 6.265246491764675
34 56 50 55 1.91890335 7.107181249879902
35 47 36 39 2.31628091 9.280570666152942
35 47 37 40 0.711979662 6.523854387296587
35 47 38 41 0.426355559 6.027459713872076
35 47 39 42 0.341368129 5.887903720511885
35 47 40 43 0.328504069 5.666024932481008
35 47 41 44 0.400379635 5.660233739833345
35 47 42 45 0.701125355 6.424396604831146
35 47 43 46 2.1372117 8.563099633014227
35 57 36 41 2.45665753 9.098900335231724
35 57 37 42 0.780394416 6.558638044378352
35 57 38 43 0.441431944 6.105742803638909
35 57 39 44 0.287694235 5.639824913774284
35 57 40 45 0.202175709 5.101234618671509
35 57 41 46 0.160042777 4.826776439839769
35 57 42 47 0.129878932 4.394133677524638
35 57 43 48 0.120535145 4.314888835056704
35 57 44 49 0.122804927 4.39614195844916
35 57 45 50 0.128738352 4.355544963306453
35 57 46 51 0.149346122 4.504172925286317
35 57 47 52 0.189634471 4.784798001418945
35 57 48 53 0.263502395 5.165579255212369
35 57 49 54 0.409658467 5.666262423534527
35 57 50 55 0.734090307 6.169486245400792
35 57 51 56 1.94761403 7.213519073807983
36 48 37 40 1.77232408 7.1011157570540515
36 48 38 41 0.718966805 6.587877428891866
36 48 39 42 0.43983024 6.2179535286478735
36 48 40 43 0.327151014 5.64268749441409
36 48 41 44 0.307011671 5.295324918634893
36 48 42 45 0.37931855 5.362489665226508
36 48 43 46 0.684584559 6.272833645503274
36 48 44 47 1.85917069 7.449081367676308
36 58 37 42 1.91050752 7.07608500652133
36 58 38 43 0.786902279 6.6133318209922045
36 58 39 44 0.439789423 6.083023988401615
36 58 40 45 0.276913874 5.428491695549453
36 58 41 46 0.200777503 5.065955519681263
36 58 42 47 0.149544878 4.510167265025103
36 58 43 48 0.128420808 4.344801644409314
36 58 44 49 0.122455011 4.383615747594993
36 58 45 50 0.119964967 4.294477736814819
36 58 46 51 0.128965759 4.363238718881876
36 58 47 52 0.15132407 4.563826431583751
36 58 48 53 0.19148134 4.831397625703935
36 58 49 54 0.265110904 5.197111722771998
36 58 50 55 0.401681545 5.555928237803988
36 58 51 56 0.739640669 6.2161329340840075
36 58 52 57 2.04073803 7.558429174003397
37 49 38 41 1.97588218 7.916705663943984
37 49 39 42 0.774772634 7.099225044265706
37 49 40 43 0.43501011 6.1498105461598085
37 49 41 44 0.319983277 5.519058655736092
37 49 42 45 0.294540579 5.080224026818347
37 49 43 46 0.386071171 5.457952595593851
37 49 44 47 0.669376899 6.133486182778258
37 49 45 48 1.88004109 7.532702150110196
37 59 38 43 2.11756222 7.842968487932475
37 59 39 44 0.823981511 6.9249553496407374
37 59 40 45 0.43391583 6.001782364004686
37 59 41 46 0.280423884 5.49730031052082
37 59 42 47 0.188394289 4.753506114855791
37 59 43 48 0.148127153 4.467409686354922
37 59 44 49 0.131575569 4.451535210363192
37 59 45 50 0.120214818 4.303421844280966
37 59 46 51 0.119714272 4.285503416034729
37 59 47 52 0.130345039 4.409903259507573
37 59 48 53 0.151546439 4.570532922624897
37 59 49 54 0.191174082 4.823644987396314
37 59 50 55 0.258604419 5.069561595797439
37 59 51 56 0.395414728 5.469247667175706
37 59 52 57 0.739812135 6.217573979032383
37 59 53 58 2.02656791 7.505946274761729
38 50 39 42 1.87286735 7.503959349216236
38 50 40 43 0.707308021 6.481048240912978
38 50 41 44 0.409615405 5.790801362153448
38 50 42 45 0.291598913 5.029486290297245
38 50 43 46 0.2955384 5.0974344031809995
38 50 44 47 0.394723267 5.5802687211367425
38 50 45 48 0.711541305 6.519837731498275
38 50 46 49 1.98675658 7.96027578413809
38 60 39 44 1.97831822 7.3272404050364415
38 60 40 45 0.746855308 6.276766640389071
38 60 41 46 0.412966402 5.7120167025251645
38 60 42 47 0.246862422 4.839376909552118
38 60 43 48 0.177338215 4.4745426938080435
38 60 44 49 0.147153358 4.438040721061139
38 60 45 50 0.126057065 4.264830223630206
38 60 46 51 0.117246474 4.197161762342146
38 60 47 52 0.119394261 4.274047737352837
38 60 48 53 0.129049056 4.36605686765551
38 60 49 54 0.150689888 4.5446999530662575
38 60 50 55 0.18724332 4.724465222965966
38 60 51 56 0.254149616 4.982231695198784
38 60 52 57 0.393672337 5.44514748264222
38 60 53 58 0.737899857 6.201502696376989
38 60 54 59 2.01702004 7.470583137457137
39 51 40 43 2.02414262 8.110069267583766
39 51 41 44 0.752456057 6.8947387273926655
39 51 42 45 0.384054247 5.4294390042982315
39 51 43 46 0.290050127 5.00277289183679
39 51 44 47 0.30169843 5.203682352167078
39 51 45 48 0.406465701 5.746273470890227
39 51 46 49 0.71604726 6.561125700614043
39 51 47 50 1.87778743 7.523672480696099
39 61 40 45 2.12401428 7.866865449629426
39 61 41 46 0.80258472 6.745131142031066
39 61 42 47 0.387267696 5.356560575357502
39 61 43 48 0.241842038 4.7409596202382955
39 61 44 49 0.183255787 4.623853030317764
39 61 45 50 0.145039195 4.374279067147942
39 61 46 51 0.124963244 4.227823484975444
39 61 47 52 0.118684176 4.248628281156544
39 61 48 53 0.119248892 4.268843852004182
39 61 49 54 0.129630058 4.38571363889312
39 61 50 55 0.149655268 4.51349654899019
39 61 51 56 0.185405041 4.678082338889735
39 61 52 57 0.254008304 4.979461480014544
39 61 53 58 0.394600175 5.457981035511341
39 61 54 59 0.738605574 6.207433725956222
39 61 55 60 1.91576618 7.095561886246146
40 52 41 44 2.33968345 9.374336895153839
40 52 42 45 0.726186969 6.654035636917197
40 52 43 46 0.385667322 5.452243314861833
40 52 44 47 0.305596842 5.27092200510752
40 52 45 48 0.30996847 5.346323668529632
40 52 46 49 0.401115079 5.6706308344372145
40 52 47 50 0.681325731 6.2429730743662795
40 52 48 51 2.07720989 8.322692247451444
40 62 41 46 2.45992889 9.111016708082708
40 62 42 47 0.780113844 6.556280044172738
40 62 43 48 0.3896812 5.389943376216957
40 62 44 49 0.260582697 5.108342844058363
40 62 45 50 0.186768604 4.712487336476956
40 62 46 51 0.147158929 4.438208738462801
40 62 47 52 0.129516632 4.381876149634224
40 62 48 53 0.120663487 4.319483191855038
40 62 49 54 0.122344328 4.37965354353467
40 62 50 55 0.13224195 4.474080569714951
40 62 51 56 0.151898329 4.581145674998066
40 62 52 57 0.19047541 4.806016312759162
40 62 53 58 0.264088744 5.1770737702080085
40 62 54 59 0.415916864 5.752826531466565
40 62 55 60 0.765729313 6.435388697011767
40 62 56 61 2.01125114 7.449216444907234
41 53 42 45 2.03487043 8.15305205018506
41 53 43 46 0.668049744 6.121325489950247
41 53 44 47 0.397941638 5.625767369242312
41 53 45 48 0.305991277 5.277725204078682
41 53 46 49 0.298437488 5.147437756075409
41 53 47 50 0.375138279 5.303392476240243
41 53 48 51 0.678131903 6.213708096836527
41 53 49 52 1.91224343 7.661726264022823
41 63 42 47 2.15424311 7.978826155613814
41 63 43 48 0.720794846 6.057747726333597
41 63 44 49 0.404425904 5.5938873172104655
41 63 45 50 0.25741096 5.046165576750454
41 63 46 51 0.183969431 4.641859473803055
41 63 47 52 0.149361692 4.504642505423435
41 63 48 53 0.128723734 4.355050399291267
41 63 49 54 0.121610319 4.3533776616005575
41 63 50 55 0.123081105 4.406028513683224
41 63 51 56 0.131556135 4.450877708853332
41 63 52 57 0.152175942 4.58951828582694
41 63 53 58 0.192338718 4.853030720780096
41 63 54 59 0.269454555 5.282262650897272
41 63 55 60 0.418637984 5.790464176597743
41 63 56 61 0.758614984 6.375598022087686
41 63 57 62 1.8913502 7.005130653608273
42 54 43 46 1.99206714 7.981553439686719
42 54 44 47 0.746997898 6.844725733427802
42 54 45 48 0.417930046 5.908346830026212
42 54 46 49 0.305556774 5.270230913859592
42 54 47 50 0.293300494 5.058835090754983
42 54 48 51 0.379167827 5.360358869013637
42 54 49 52 0.668957093 6.129639509395453
42 54 50 53 1.87782817 7.52383571238674
42 64 43 48 2.11565128 7.835890801118469
42 64 44 49 0.805457957 6.76927857455026
42 64 45 50 0.420627409 5.817981254920306
42 64 46 51 0.262237574 5.140784288475322
42 64 47 52 0.192548241 4.858317339960484
42 64 48 53 0.151273608 4.562304533518291
42 64 49 54 0.132119176 4.469926813907008
42 64 50 55 0.12468086 4.463296167763087
42 64 51 56 0.123750345 4.4299858101545
42 64 52 57 0.132416581 4.479988779356217
42 64 53 58 0.153859543 4.640294495745433
42 64 54 59 0.196436158 4.956416052674391
42 64 55 60 0.273241084 5.356492016636662
42 64 56 61 0.418340197 5.786345283851125
42 64 57 62 0.74374299 6.2506099088409
42 64 58 63 2.15965703 7.9988780830401485
43 55 44 47 2.16126147 8.659459098321793
43 55 45 48 0.747759349 6.851702892625168
43 55 46 49 0.40406425 5.712323757202226
43 55 47 50 0.302025223 5.20931886465046
43 55 48 51 0.294312116 5.076283506208998
43 55 49 52 0.386630732 5.46586320286461
43 55 50 53 0.693573028 6.355194794354081
43 55 51 54 1.86762465 7.482953586218588
44 56 45 48 1.96880187 7.888337206124561
44 56 46 49 0.678315193 6.215387579179166
44 56 47 50 0.387668596 5.480535659494824
44 56 48 51 0.289641916 4.99573208497326
44 56 49 52 0.296194834 5.108756550336895
44 56 50 53 0.403051035 5.697999767599944
44 56 51 54 0.697185856 6.388299059905909
44 56 52 55 1.80008598 7.212348498153951
45 57 46 49 1.97075324 7.8961556995994355
45 57 47 50 0.705009775 6.459989462059562
45 57 48 51 0.378994784 5.357912531234638
45 57 49 52 0.2961004 5.107127756513723
45 57 50 53 0.312924511 5.397309344470943
45 57 51 54 0.408288055 5.772036393614107
45 57 52 55 0.678783933 6.21968263375546
45 57 53 56 1.82233079 7.301476086379055
46 58 47 50 2.13923404 8.571202479780332
46 58 48 51 0.682277281 6.251692106627388
46 58 49 52 0.388285066 5.489250798799038
46 58 50 53 0.31459377 5.426100656376331
46 58 51 54 0.315780409 5.446567757987345
46 58 52 55 0.396119586 5.600008715942849
46 58 53 56 0.68130827 6.242813079597417
46 58 54 57 1.91481999 7.672049686821996
47 59 48 51 1.84284465 7.383668331086355
47 59 49 52 0.662367713 6.069261161646295
47 59 50 53 0.403092091 5.6985801831258796
47 59 51 54 0.312479184 5.3896283623364205
47 59 52 55 0.302878967 5.2240442067282045
47 59 53 56 0.385436752 5.448983708280211
47 59 54 57 0.681078508 6.240707775314534
47 59 55 58 1.91138586 7.65829026498151
48 60 49 52 1.86522559 7.473341347147662
48 60 50 53 0.716380063 6.564175167372063
48 60 51 54 0.413333385 5.84336306609732
48 60 52 55 0.306930417 5.29392345292013
48 60 53 56 0.295654008 5.099428405302156
48 60 54 57 0.384586357 5.436961532199288
48 60 55 58 0.687584965 6.300326301391485
48 60 56 59 1.90715733 7.641347945373588
49 61 50 53 1.99743546 8.003062520430523
49 61 51 54 0.728499751 6.675227608827147
49 61 52 55 0.404037883 5.711951002521488
49 61 53 56 0.2956759 5.099805997635181
49 61 54 57 0.292940043 5.0526180464451365
49 61 55 58 0.390826033 5.525172873470002
49 61 56 59 0.691331079 6.33465186370539
49 61 57 60 1.80295371 7.223838542734272
50 62 51 54 1.90129969 7.617878321407778
50 62 52 55 0.690509889 6.327127317331052
50 62 53 56 0.377087074 5.33094291648933
50 62 54 57 0.289824004 4.998872731453063
50 62 55 58 0.30358249 5.236178543056847
50 62 56 59 0.411089152 5.811635969521473
50 62 57 60 0.712199156 6.525865606115483
50 62 58 61 1.88802813 7.56470357481364
51 63 52 55 2.09011827 8.374411852037555
51 63 53 56 0.681799664 6.247315712290303
51 63 54 57 0.379021938 5.358296411865759
51 63 55 58 0.301493925 5.200155058175426
51 63 56 59 0.314612418 5.426422296328197
51 63 57 60 0.414365944 5.85796052505691
51 63 58 61 0.702518524 6.437162182526673
51 63 59 62 1.76238703 7.061301287945426
52 64 53 56 1.90978111 7.651860563077818
52 64 54 57 0.663387318 6.078603780414188
52 64 55 58 0.388647083 5.494368693563573
52 64 56 59 0.311273214 5.368827840417089
52 64 57 60 0.319568321 5.511901511384609
52 64 58 61 0.411783478 5.821451772095056
52 64 59 62 0.682391319 6.252737034377893
52 64 60 63 2.03027293 8.134631389956231
