64
# x y z
0.0 0.0 0.0
0.5 0.0 0.0
1.0 0.0 0.0
1.5 0.0 0.0
2.0 0.0 0.0
2.5 0.0 0.0
3.0 0.0 0.0
3.5 0.0 0.0
4.0 0.0 0.0
4.5 0.0 0.0
5.0 0.0 0.0
5.5 0.0 0.0
6.0 0.0 0.0
6.5 0.0 0.0
7.0 0.0 0.0
7.5 0.0 0.0
8.0 0.0 0.0
8.5 0.0 0.0
9.0 0.0 0.0
9.5 0.0 0.0
10.0 0.0 0.0
10.5 0.0 0.0
11.0 0.0 0.0
11.5 0.0 0.0
12.0 0.0 0.0
12.5 0.0 0.0
13.0 0.0 0.0
13.5 0.0 0.0
14.0 0.0 0.0
14.5 0.0 0.0
15.0 0.0 0.0
15.5 0.0 0.0
16.0 0.0 0.0
16.5 0.0 0.0
17.0 0.0 0.0
17.5 0.0 0.0
18.0 0.0 0.0
18.5 0.0 0.0
19.0 0.0 0.0
19.5 0.0 0.0
20.0 0.0 0.0
20.5 0.0 0.0
21.0 0.0 0.0
21.5 0.0 0.0
22.0 0.0 0.0
22.5 0.0 0.0
23.0 0.0 0.0
23.5 0.0 0.0
24.0 0.0 0.0
24.5 0.0 0.0
25.0 0.0 0.0
25.5 0.0 0.0
26.0 0.0 0.0
26.5 0.0 0.0
27.0 0.0 0.0
27.5 0.0 0.0
28.0 0.0 0.0
28.5 0.0 0.0
29.0 0.0 0.0
29.5 0.0 0.0
30.0 0.0 0.0
30.5 0.0 0.0
31.0 0.0 0.0
31.5 0.0 0.0
1400
# a b m n r rhoa k
1 13 2 5 1.95322 7.82592 4.00667
1 13 3 6 0.732757 6.71424 9.16298
1 13 4 7 0.448275 6.33734 14.1372
1 13 5 8 0.314778 5.42928 17.248
1 13 6 9 0.295033 5.08872 17.248
1 13 7 10 0.393615 5.5646 14.1372
1 13 8 11 0.733135 6.7177 9.16298
1 13 9 12 2.09003 8.37404 4.00667
1 23 2 7 2.08501 7.72241 3.70377
1 23 3 8 0.790245 6.64142 8.40426
1 23 4 9 0.444161 6.14349 13.8317
1 23 5 10 0.270558 5.30389 19.6035
1 23 6 11 0.194103 4.89755 25.2317
1 23 7 12 0.148994 4.49355 30.1593
1 23 8 13 0.132087 4.46883 33.8325
1 23 9 14 0.125519 4.49328 35.7978
1 23 10 15 0.121386 4.34533 35.7978
1 23 11 16 0.131982 4.46529 33.8325
1 23 12 17 0.155744 4.69713 30.1593
1 23 13 18 0.197492 4.98307 25.2317
1 23 14 19 0.281766 5.52362 19.6035
1 23 15 20 0.42356 5.85854 13.8317
1 23 16 21 0.818874 6.88203 8.40426
1 23 17 22 2.28666 8.46928 3.70377
1 57 4 16 0.511389 5.90243 11.542
1 57 5 17 0.319303 5.19027 16.255
1 57 6 18 0.226785 4.83981 21.3409
1 57 7 19 0.16839 4.50504 26.7536
1 57 8 20 0.135536 4.39672 32.4396
1 57 9 21 0.114824 4.40215 38.3381
1 57 10 22 0.0972473 4.31593 44.381
1 57 11 23 0.0842294 4.25301 50.4932
1 57 12 24 0.0746412 4.2242 56.5934
1 57 13 25 0.0663495 4.15313 62.5948
1 57 14 26 0.0606771 4.15071 68.4065
1 57 15 27 0.0568599 4.20398 73.9358
1 57 16 28 0.0529361 4.18668 79.0892
1 57 17 29 0.0496828 4.16221 83.7758
1 57 18 30 0.0475936 4.18392 87.9092
1 57 19 31 0.045731 4.18029 91.4105
1 57 20 32 0.0445246 4.19469 94.2106
1 57 21 33 0.0436286 4.19939 96.2531
1 57 22 34 0.0432256 4.21432 97.4958
1 57 23 35 0.0431037 4.22041 97.913
1 57 24 36 0.0431163 4.20366 97.4958
1 57 25 37 0.0436145 4.19803 96.2531
1 57 26 38 0.0441975 4.16387 94.2106
1 57 27 39 0.0454621 4.15571 91.4105
1 57 28 40 0.0474069 4.1675 87.9092
1 57 29 41 0.0498212 4.17381 83.7758
1 57 30 42 0.0531711 4.20526 79.0892
1 57 31 43 0.0566703 4.18996 73.9358
1 57 32 44 0.0609714 4.17084 68.4065
1 57 33 45 0.0668673 4.18554 62.5948
1 57 34 46 0.074211 4.19986 56.5934
1 57 35 47 0.083064 4.19417 50.4932
1 57 36 48 0.0960562 4.26307 44.381
1 57 37 49 0.112676 4.31978 38.3381
1 57 38 50 0.134596 4.36624 32.4396
1 57 39 51 0.169406 4.53222 26.7536
1 57 40 52 0.222631 4.75116 21.3409
1 57 41 53 0.313514 5.09617 16.255
1 57 42 54 0.475797 5.49163 11.542
2 14 3 6 1.90627 7.63781 4.00667
2 14 4 7 0.77135 7.06786 9.16298
2 14 5 8 0.411517 5.81768 14.1372
2 14 6 9 0.299958 5.17367 17.248
2 14 7 10 0.295395 5.09495 17.248
2 14 8 11 0.404579 5.71961 14.1372
2 14 9 12 0.728423 6.67453 9.16298
2 14 10 13 1.89709 7.601 4.00667
2 24 3 8 2.02982 7.51799 3.70377
2 24 4 9 0.81362 6.83788 8.40426
2 24 5 10 0.414285 5.73026 13.8317
2 24 6 11 0.264604 5.18716 19.6035
2 24 7 12 0.184173 4.64699 25.2317
2 24 8 13 0.150555 4.54062 30.1593
2 24 9 14 0.133825 4.52762 33.8325
2 24 10 15 0.120768 4.32321 35.7978
2 24 11 16 0.121421 4.34658 35.7978
2 24 12 17 0.132473 4.48188 33.8325
2 24 13 18 0.15382 4.6391 30.1593
2 24 14 19 0.199645 5.03738 25.2317
2 24 15 20 0.269621 5.28552 19.6035
2 24 16 21 0.431975 5.97494 13.8317
2 24 17 22 0.847856 7.1256 8.40426
2 24 18 23 2.42236 8.97187 3.70377
2 58 5 17 0.48078 5.54914 11.542
2 58 6 18 0.312028 5.07202 16.255
2 58 7 19 0.217011 4.63122 21.3409
2 58 8 20 0.167522 4.48182 26.7536
2 58 9 21 0.137767 4.46911 32.4396
2 58 10 22 0.113653 4.35725 38.3381
2 58 11 23 0.0963397 4.27565 44.381
2 58 12 24 0.0839063 4.2367 50.4932
2 58 13 25 0.0733884 4.1533 56.5934
2 58 14 26 0.0662451 4.1466 62.5948
2 58 15 27 0.0614078 4.2007 68.4065
2 58 16 28 0.0565461 4.18078 73.9358
2 58 17 29 0.0525125 4.15317 79.0892
2 58 18 30 0.0497834 4.17065 83.7758
2 58 19 31 0.0473806 4.16519 87.9092
2 58 20 32 0.0457809 4.18485 91.4105
2 58 21 33 0.0444603 4.18863 94.2106
2 58 22 34 0.0436749 4.20384 96.2531
2 58 23 35 0.0431602 4.20794 97.4958
2 58 24 36 0.0428403 4.19462 97.913
2 58 25 37 0.0429849 4.19085 97.4958
2 58 26 38 0.0432077 4.15888 96.2531
2 58 27 39 0.044099 4.1546 94.2106
2 58 28 40 0.0455158 4.16062 91.4105
2 58 29 41 0.0473595 4.16334 87.9092
2 58 30 42 0.050024 4.1908 83.7758
2 58 31 43 0.0527475 4.17175 79.0892
2 58 32 44 0.0561977 4.15502 73.9358
2 58 33 45 0.0608915 4.16538 68.4065
2 58 34 46 0.0666011 4.16888 62.5948
2 58 35 47 0.0734075 4.15438 56.5934
2 58 36 48 0.0833738 4.20981 50.4932
2 58 37 49 0.0957542 4.24967 44.381
2 58 38 50 0.111585 4.27797 38.3381
2 58 39 51 0.135688 4.40168 32.4396
2 58 40 52 0.170456 4.56032 26.7536
2 58 41 53 0.225275 4.80759 21.3409
2 58 42 54 0.312 5.07155 16.255
2 58 43 55 0.469078 5.41408 11.542
3 15 4 7 2.12401 8.51019 4.00667
3 15 5 8 0.722598 6.62115 9.16298
3 15 6 9 0.399943 5.65406 14.1372
3 15 7 10 0.297975 5.13946 17.248
3 15 8 11 0.317267 5.47221 17.248
3 15 9 12 0.441874 6.24684 14.1372
3 15 10 13 0.77729 7.12229 9.16298
3 15 11 14 2.04356 8.18785 4.00667
3 25 4 9 2.22561 8.24316 3.70377
3 25 5 10 0.767927 6.45385 8.40426
3 25 6 11 0.407773 5.64018 13.8317
3 25 7 12 0.249771 4.89639 19.6035
3 25 8 13 0.185581 4.68253 25.2317
3 25 9 14 0.153281 4.62285 30.1593
3 25 10 15 0.129037 4.36563 33.8325
3 25 11 16 0.120224 4.30376 35.7978
3 25 12 17 0.121767 4.35898 35.7978
3 25 13 18 0.130371 4.41077 33.8325
3 25 14 19 0.155446 4.68813 30.1593
3 25 15 20 0.192467 4.85626 25.2317
3 25 16 21 0.269644 5.28597 19.6035
3 25 17 22 0.435462 6.02317 13.8317
3 25 18 23 0.848931 7.13464 8.40426
3 25 19 24 2.26424 8.38623 3.70377
3 59 6 18 0.472381 5.4522 11.542
3 59 7 19 0.297062 4.82874 16.255
3 59 8 20 0.215562 4.6003 21.3409
3 59 9 21 0.170345 4.55733 26.7536
3 59 10 22 0.135996 4.41165 32.4396
3 59 11 23 0.112194 4.30132 38.3381
3 59 12 24 0.0957262 4.24843 44.381
3 59 13 25 0.0821601 4.14853 50.4932
3 59 14 26 0.0730474 4.134 56.5934
3 59 15 27 0.0669299 4.18946 62.5948
3 59 16 28 0.0608631 4.16343 68.4065
3 59 17 29 0.0559006 4.13305 73.9358
3 59 18 30 0.0524445 4.14779 79.0892
3 59 19 31 0.0493758 4.1365 83.7758
3 59 20 32 0.0473296 4.16071 87.9092
3 59 21 33 0.045585 4.16695 91.4105
3 59 22 34 0.044425 4.1853 94.2106
3 59 23 35 0.0435202 4.18895 96.2531
3 59 24 36 0.0428335 4.17608 97.4958
3 59 25 37 0.0426488 4.17587 97.913
3 59 26 38 0.0425563 4.14906 97.4958
3 59 27 39 0.0430683 4.14546 96.2531
3 59 28 40 0.0440661 4.15149 94.2106
3 59 29 41 0.0454416 4.15384 91.4105
3 59 30 42 0.0474931 4.17508 87.9092
3 59 31 43 0.0495873 4.15422 83.7758
3 59 32 44 0.0523126 4.13736 79.0892
3 59 33 45 0.0560723 4.14575 73.9358
3 59 34 46 0.0605536 4.14226 68.4065
3 59 35 47 0.0657634 4.11644 62.5948
3 59 36 48 0.073504 4.15984 56.5934
3 59 37 49 0.0828347 4.18259 50.4932
3 59 38 50 0.094551 4.19627 44.381
3 59 39 51 0.111827 4.28722 38.3381
3 59 40 52 0.135581 4.39819 32.4396
3 59 41 53 0.171005 4.575 26.7536
3 59 42 54 0.222374 4.74567 21.3409
3 59 43 55 0.305163 4.96043 16.255
3 59 44 56 0.466967 5.38971 11.542
4 16 5 8 1.95865 7.84765 4.00667
4 16 6 9 0.702255 6.43475 9.16298
4 16 7 10 0.380363 5.37725 14.1372
4 16 8 11 0.305717 5.273 17.248
4 16 9 12 0.330053 5.69273 17.248
4 16 10 13 0.442307 6.25296 14.1372
4 16 11 14 0.750571 6.87747 9.16298
4 16 12 15 1.91259 7.66311 4.00667
4 26 5 10 2.06529 7.64935 3.70377
4 26 6 11 0.757855 6.36921 8.40426
4 26 7 12 0.38382 5.30888 13.8317
4 26 8 13 0.251716 4.93452 19.6035
4 26 9 14 0.190722 4.81224 25.2317
4 26 10 15 0.148914 4.49115 30.1593
4 26 11 16 0.128653 4.35266 33.8325
4 26 12 17 0.121235 4.33994 35.7978
4 26 13 18 0.120324 4.30732 35.7978
4 26 14 19 0.133058 4.50168 33.8325
4 26 15 20 0.15321 4.62071 30.1593
4 26 16 21 0.193946 4.89359 25.2317
4 26 17 22 0.275215 5.3952 19.6035
4 26 18 23 0.444478 6.14787 13.8317
4 26 19 24 0.819751 6.8894 8.40426
4 26 20 25 2.12335 7.86439 3.70377
4 60 7 19 0.44833 5.1746 11.542
4 60 8 20 0.295775 4.80782 16.255
4 60 9 21 0.220544 4.70661 21.3409
4 60 10 22 0.168618 4.51113 26.7536
4 60 11 23 0.134422 4.36059 32.4396
4 60 12 24 0.111759 4.28463 38.3381
4 60 13 25 0.0937896 4.16248 44.381
4 60 14 26 0.0819389 4.13736 50.4932
4 60 15 27 0.0740905 4.19303 56.5934
4 60 16 28 0.0664388 4.15872 62.5948
4 60 17 29 0.0602681 4.12273 68.4065
4 60 18 30 0.0559344 4.13555 73.9358
4 60 19 31 0.0520947 4.12013 79.0892
4 60 20 32 0.0494837 4.14554 83.7758
4 60 21 33 0.0472502 4.15373 87.9092
4 60 22 34 0.0455881 4.16723 91.4105
4 60 23 35 0.0442364 4.16754 94.2106
4 60 24 36 0.0431889 4.15707 96.2531
4 60 25 37 0.042651 4.1583 97.4958
4 60 26 38 0.0422571 4.13752 97.913
4 60 27 39 0.0424566 4.13934 97.4958
4 60 28 40 0.0430427 4.14299 96.2531
4 60 29 41 0.0440173 4.1469 94.2106
4 60 30 42 0.04558 4.16649 91.4105
4 60 31 43 0.0471136 4.14172 87.9092
4 60 32 44 0.0492745 4.12801 83.7758
4 60 33 45 0.0522683 4.13386 79.0892
4 60 34 46 0.0558319 4.12797 73.9358
4 60 35 47 0.0599029 4.09775 68.4065
4 60 36 48 0.0659991 4.1312 62.5948
4 60 37 49 0.0732679 4.14648 56.5934
4 60 38 50 0.0822633 4.15374 50.4932
4 60 39 51 0.0952328 4.22653 44.381
4 60 40 52 0.112341 4.30693 38.3381
4 60 41 53 0.136824 4.43852 32.4396
4 60 42 54 0.170238 4.55449 26.7536
4 60 43 55 0.220144 4.69808 21.3409
4 60 44 56 0.306962 4.98967 16.255
4 60 45 57 0.471278 5.43946 11.542
5 17 6 9 2.13346 8.54809 4.00667
5 17 7 10 0.705514 6.46461 9.16298
5 17 8 11 0.403335 5.70202 14.1372
5 17 9 12 0.32772 5.65251 17.248
5 17 10 13 0.333538 5.75285 17.248
5 17 11 14 0.425102 6.00974 14.1372
5 17 12 15 0.710979 6.51469 9.16298
5 17 13 16 2.07753 8.32399 4.00667
5 27 6 11 2.26236 8.37926 3.70377
5 27 7 12 0.76294 6.41194 8.40426
5 27 8 13 0.406949 5.62879 13.8317
5 27 9 14 0.272595 5.34382 19.6035
5 27 10 15 0.193136 4.87315 25.2317
5 27 11 16 0.152661 4.60413 30.1593
5 27 12 17 0.133028 4.50068 33.8325
5 27 13 18 0.12206 4.36948 35.7978
5 27 14 19 0.12526 4.48401 35.7978
5 27 15 20 0.135096 4.57065 33.8325
5 27 16 21 0.157302 4.7441 30.1593
5 27 17 22 0.202986 5.12168 25.2317
5 27 18 23 0.292095 5.7261 19.6035
5 27 19 24 0.456956 6.32047 13.8317
5 27 20 25 0.829813 6.97397 8.40426
5 27 21 26 2.21144 8.19067 3.70377
5 61 8 20 0.470062 5.42544 11.542
5 61 9 21 0.318065 5.17014 16.255
5 61 10 22 0.226904 4.84234 21.3409
5 61 11 23 0.172097 4.60421 26.7536
5 61 12 24 0.137928 4.47433 32.4396
5 61 13 25 0.112142 4.2993 38.3381
5 61 14 26 0.0956605 4.24551 44.381
5 61 15 27 0.0849231 4.28804 50.4932
5 61 16 28 0.074799 4.23313 56.5934
5 61 17 29 0.066788 4.18058 62.5948
5 61 18 30 0.061086 4.17868 68.4065
5 61 19 31 0.0561621 4.15239 73.9358
5 61 20 32 0.0527966 4.17564 79.0892
5 61 21 33 0.0498505 4.17626 83.7758
5 61 22 34 0.0476037 4.1848 87.9092
5 61 23 35 0.0457178 4.17909 91.4105
5 61 24 36 0.044187 4.16288 94.2106
5 61 25 37 0.0432548 4.16341 96.2531
5 61 26 38 0.0424997 4.14354 97.4958
5 61 27 39 0.042363 4.14789 97.913
5 61 28 40 0.0425628 4.14969 97.4958
5 61 29 41 0.0431274 4.15115 96.2531
5 61 30 42 0.0442145 4.16547 94.2106
5 61 31 43 0.0452906 4.14004 91.4105
5 61 32 44 0.0469706 4.12914 87.9092
5 61 33 45 0.0493287 4.13255 83.7758
5 61 34 46 0.0520987 4.12045 79.0892
5 61 35 47 0.0552781 4.08703 73.9358
5 61 36 48 0.0601372 4.11377 68.4065
5 61 37 49 0.0658033 4.11894 62.5948
5 61 38 50 0.0728215 4.12122 56.5934
5 61 39 51 0.0826781 4.17468 50.4932
5 61 40 52 0.0953805 4.23308 44.381
5 61 41 53 0.112932 4.3296 38.3381
5 61 42 54 0.13567 4.40107 32.4396
5 61 43 55 0.167933 4.49282 26.7536
5 61 44 56 0.219771 4.69012 21.3409
5 61 45 57 0.306194 4.97719 16.255
5 61 46 58 0.472163 5.44968 11.542
6 18 7 10 1.95216 7.82167 4.00667
6 18 8 11 0.697472 6.39092 9.16298
6 18 9 12 0.422647 5.97504 14.1372
6 18 10 13 0.328918 5.67316 17.248
6 18 11 14 0.32383 5.5854 17.248
6 18 12 15 0.410641 5.8053 14.1372
6 18 13 16 0.779546 7.14296 9.16298
6 18 14 17 2.28239 9.14477 4.00667
6 28 7 12 2.07718 7.69342 3.70377
6 28 8 13 0.752173 6.32146 8.40426
6 28 9 14 0.422742 5.84723 13.8317
6 28 10 15 0.266714 5.22854 19.6035
6 28 11 16 0.191341 4.82784 25.2317
6 28 12 17 0.153841 4.63975 30.1593
6 28 13 18 0.130332 4.40946 33.8325
6 28 14 19 0.124193 4.44584 35.7978
6 28 15 20 0.125582 4.49554 35.7978
6 28 16 21 0.135125 4.57164 33.8325
6 28 17 22 0.159861 4.82129 30.1593
6 28 18 23 0.20951 5.28629 25.2317
6 28 19 24 0.29354 5.75442 19.6035
6 28 20 25 0.456039 6.30779 13.8317
6 28 21 26 0.852855 7.16762 8.40426
6 28 22 27 2.3756 8.79867 3.70377
6 62 9 21 0.486266 5.61246 11.542
6 62 10 22 0.315911 5.13513 16.255
6 62 11 23 0.224681 4.79491 21.3409
6 62 12 24 0.172572 4.61692 26.7536
6 62 13 25 0.135355 4.39087 32.4396
6 62 14 26 0.112415 4.30977 38.3381
6 62 15 27 0.097918 4.3457 44.381
6 62 16 28 0.0846309 4.27329 50.4932
6 62 17 29 0.0742744 4.20344 56.5934
6 62 18 30 0.0669809 4.19265 62.5948
6 62 19 31 0.0607394 4.15497 68.4065
6 62 20 32 0.0565423 4.1805 73.9358
6 62 21 33 0.0528412 4.17917 79.0892
6 62 22 34 0.0499259 4.18258 83.7758
6 62 23 35 0.0474854 4.17441 87.9092
6 62 24 36 0.04551 4.16009 91.4105
6 62 25 37 0.0441857 4.16276 94.2106
6 62 26 38 0.043094 4.14793 96.2531
6 62 27 39 0.0426257 4.15583 97.4958
6 62 28 40 0.042483 4.15964 97.913
6 62 29 41 0.0426786 4.16098 97.4958
6 62 30 42 0.0433683 4.17433 96.2531
6 62 31 43 0.0440548 4.15043 94.2106
6 62 32 44 0.0453107 4.14188 91.4105
6 62 33 45 0.0471626 4.14603 87.9092
6 62 34 46 0.049346 4.134 83.7758
6 62 35 47 0.051826 4.09887 79.0892
6 62 36 48 0.0558051 4.12599 73.9358
6 62 37 49 0.0603703 4.12972 68.4065
6 62 38 50 0.0659842 4.13026 62.5948
6 62 39 51 0.0738445 4.17911 56.5934
6 62 40 52 0.0836776 4.22515 50.4932
6 62 41 53 0.0970522 4.30727 44.381
6 62 42 54 0.113658 4.35743 38.3381
6 62 43 55 0.136377 4.424 32.4396
6 62 44 56 0.171251 4.58157 26.7536
6 62 45 57 0.224906 4.7997 21.3409
6 62 46 58 0.316781 5.14928 16.255
6 62 47 59 0.491084 5.66807 11.542
7 19 8 11 1.93425 7.74989 4.00667
7 19 9 12 0.747378 6.84821 9.16298
7 19 10 13 0.427358 6.04164 14.1372
7 19 11 14 0.318383 5.49145 17.248
7 19 12 15 0.30595 5.27702 17.248
7 19 13 16 0.41276 5.83526 14.1372
7 19 14 17 0.752883 6.89865 9.16298
7 19 15 18 2.17346 8.70833 4.00667
7 29 8 13 2.06079 7.63268 3.70377
7 29 9 14 0.80343 6.75223 8.40426
7 29 10 15 0.42273 5.84706 13.8317
7 29 11 16 0.267369 5.24138 19.6035
7 29 12 17 0.195623 4.93591 25.2317
7 29 13 18 0.151591 4.57188 30.1593
7 29 14 19 0.133366 4.5121 33.8325
7 29 15 20 0.126212 4.5181 35.7978
7 29 16 21 0.125468 4.49149 35.7978
7 29 17 22 0.136333 4.61249 33.8325
7 29 18 23 0.163535 4.93209 30.1593
7 29 19 24 0.20823 5.254 25.2317
7 29 20 25 0.289353 5.67233 19.6035
7 29 21 26 0.449697 6.22007 13.8317
7 29 22 27 0.854512 7.18154 8.40426
7 29 23 28 2.41755 8.95404 3.70377
7 63 10 22 0.491561 5.67358 11.542
7 63 11 23 0.316946 5.15195 16.255
7 63 12 24 0.228764 4.88203 21.3409
7 63 13 25 0.170899 4.57216 26.7536
7 63 14 26 0.137032 4.44525 32.4396
7 63 15 27 0.116459 4.46482 38.3381
7 63 16 28 0.0983596 4.3653 44.381
7 63 17 29 0.084624 4.27294 50.4932
7 63 18 30 0.07499 4.24394 56.5934
7 63 19 31 0.0669477 4.19057 62.5948
7 63 20 32 0.0615522 4.21057 68.4065
7 63 21 33 0.0568888 4.20611 73.9358
7 63 22 34 0.0531525 4.20379 79.0892
7 63 23 35 0.0499805 4.18716 83.7758
7 63 24 36 0.0474375 4.1702 87.9092
7 63 25 37 0.0456105 4.16928 91.4105
7 63 26 38 0.0441213 4.15669 94.2106
7 63 27 39 0.0432959 4.16736 96.2531
7 63 28 40 0.042758 4.16873 97.4958
7 63 29 41 0.042595 4.1706 97.913
7 63 30 42 0.0428895 4.18155 97.4958
7 63 31 43 0.0431548 4.15379 96.2531
7 63 32 44 0.0440314 4.14823 94.2106
7 63 33 45 0.0454106 4.151 91.4105
7 63 34 46 0.0470308 4.13444 87.9092
7 63 35 47 0.0488965 4.09635 83.7758
7 63 36 48 0.0520778 4.11879 79.0892
7 63 37 49 0.0557362 4.1209 73.9358
7 63 38 50 0.060233 4.12033 68.4065
7 63 39 51 0.0664494 4.15938 62.5948
7 63 40 52 0.0741003 4.19359 56.5934
7 63 41 53 0.0842848 4.25581 50.4932
7 63 42 54 0.0965043 4.28296 44.381
7 63 43 55 0.112829 4.32565 38.3381
7 63 44 56 0.136984 4.44372 32.4396
7 63 45 57 0.172089 4.60399 26.7536
7 63 46 58 0.227717 4.85969 21.3409
7 63 47 59 0.321713 5.22944 16.255
7 63 48 60 0.485937 5.60867 11.542
8 20 9 12 1.89874 7.60764 4.00667
8 20 10 13 0.707007 6.47829 9.16298
8 20 11 14 0.401287 5.67306 14.1372
8 20 12 15 0.30434 5.24924 17.248
8 20 13 16 0.311263 5.36866 17.248
8 20 14 17 0.430038 6.07952 14.1372
8 20 15 18 0.797187 7.3046 9.16298
8 20 16 19 2.21682 8.88206 4.00667
8 30 9 14 2.01705 7.47071 3.70377
8 30 10 15 0.746919 6.27731 8.40426
8 30 11 16 0.397189 5.49379 13.8317
8 30 12 17 0.260848 5.11353 19.6035
8 30 13 18 0.184461 4.65427 25.2317
8 30 14 19 0.150003 4.524 30.1593
8 30 15 20 0.133366 4.5121 33.8325
8 30 16 21 0.123249 4.41205 35.7978
8 30 17 22 0.123774 4.43082 35.7978
8 30 18 23 0.136959 4.63367 33.8325
8 30 19 24 0.160129 4.82939 30.1593
8 30 20 25 0.203683 5.13926 25.2317
8 30 21 26 0.280162 5.49216 19.6035
8 30 22 27 0.439738 6.08232 13.8317
8 30 23 28 0.853864 7.1761 8.40426
8 30 24 29 2.29555 8.50218 3.70377
8 64 11 23 0.464081 5.3564 11.542
8 64 12 24 0.308459 5.014 16.255
8 64 13 25 0.217022 4.63145 21.3409
8 64 14 26 0.167148 4.4718 26.7536
8 64 15 27 0.138315 4.48689 32.4396
8 64 16 28 0.113958 4.36895 38.3381
8 64 17 29 0.0960482 4.26271 44.381
8 64 18 30 0.0836611 4.22432 50.4932
8 64 19 31 0.0734944 4.1593 56.5934
8 64 20 32 0.0667916 4.18081 62.5948
8 64 21 33 0.0610205 4.1742 68.4065
8 64 22 34 0.0564243 4.17177 73.9358
8 64 23 35 0.0525092 4.15291 79.0892
8 64 24 36 0.0493691 4.13593 83.7758
8 64 25 37 0.0470643 4.13739 87.9092
8 64 26 38 0.0451604 4.12814 91.4105
8 64 27 39 0.0439703 4.14247 94.2106
8 64 28 40 0.043075 4.1461 96.2531
8 64 29 41 0.0425555 4.14898 97.4958
8 64 30 42 0.0425096 4.16224 97.913
8 64 31 43 0.042413 4.13509 97.4958
8 64 32 44 0.0429312 4.13226 96.2531
8 64 33 45 0.0439197 4.1377 94.2106
8 64 34 46 0.0451079 4.12334 91.4105
8 64 35 47 0.0464656 4.08475 87.9092
8 64 36 48 0.0490172 4.10645 83.7758
8 64 37 49 0.0519297 4.10708 79.0892
8 64 38 50 0.0555792 4.10929 73.9358
8 64 39 51 0.0605959 4.14516 68.4065
8 64 40 52 0.0665989 4.16874 62.5948
8 64 41 53 0.074565 4.21989 56.5934
8 64 42 54 0.0838349 4.2331 50.4932
8 64 43 55 0.0959978 4.26048 44.381
8 64 44 56 0.113523 4.35227 38.3381
8 64 45 57 0.137808 4.47044 32.4396
8 64 46 58 0.174378 4.66523 26.7536
8 64 47 59 0.23174 4.94555 21.3409
8 64 48 60 0.321204 5.22117 16.255
8 64 49 61 0.491211 5.66953 11.542
9 21 10 13 1.86854 7.48663 4.00667
9 21 11 14 0.675631 6.19079 9.16298
9 21 12 15 0.388372 5.49048 14.1372
9 21 13 16 0.297739 5.13538 17.248
9 21 14 17 0.31644 5.45795 17.248
9 21 15 18 0.444751 6.28752 14.1372
9 21 16 19 0.791088 7.24872 9.16298
9 21 17 20 1.96307 7.86537 4.00667
9 31 10 15 1.9674 7.2868 3.70377
9 31 11 16 0.716478 6.02147 8.40426
9 31 12 17 0.394158 5.45186 13.8317
9 31 13 18 0.246286 4.82808 19.6035
9 31 14 19 0.18232 4.60023 25.2317
9 31 15 20 0.151573 4.57134 30.1593
9 31 16 21 0.129947 4.39643 33.8325
9 31 17 22 0.120737 4.3221 35.7978
9 31 18 23 0.12349 4.42068 35.7978
9 31 19 24 0.133149 4.50477 33.8325
9 31 20 25 0.156405 4.71706 30.1593
9 31 21 26 0.195022 4.92073 25.2317
9 31 22 27 0.268228 5.25823 19.6035
9 31 23 28 0.428412 5.92566 13.8317
9 31 24 29 0.791229 6.64969 8.40426
9 31 25 30 2.20642 8.17208 3.70377
10 22 11 14 2.0419 8.18123 4.00667
10 22 12 15 0.738371 6.76568 9.16298
10 22 13 16 0.397165 5.61479 14.1372
10 22 14 17 0.311763 5.37727 17.248
10 22 15 18 0.337087 5.81406 17.248
10 22 16 19 0.451641 6.38493 14.1372
10 22 17 20 0.740156 6.78203 9.16298
10 22 18 21 2.15102 8.61843 4.00667
10 32 11 16 2.15078 7.96598 3.70377
10 32 12 17 0.797828 6.70516 8.40426
10 32 13 18 0.401811 5.55771 13.8317
10 32 14 19 0.258323 5.06405 19.6035
10 32 15 20 0.196032 4.94622 25.2317
10 32 16 21 0.154404 4.65671 30.1593
10 32 17 22 0.13194 4.46386 33.8325
10 32 18 23 0.124628 4.46139 35.7978
10 32 19 24 0.12419 4.44573 35.7978
10 32 20 25 0.135914 4.59833 33.8325
10 32 21 26 0.156507 4.72014 30.1593
10 32 22 27 0.195642 4.93637 25.2317
10 32 23 28 0.276709 5.42448 19.6035
10 32 24 29 0.430567 5.95546 13.8317
10 32 25 30 0.831382 6.98715 8.40426
10 32 26 31 2.21502 8.20394 3.70377
11 23 12 15 2.14468 8.59301 4.00667
11 23 13 16 0.717857 6.57771 9.16298
11 23 14 17 0.403417 5.70317 14.1372
11 23 15 18 0.333142 5.74603 17.248
11 23 16 19 0.337671 5.82413 17.248
11 23 17 20 0.416066 5.882 14.1372
11 23 18 21 0.758485 6.94999 9.16298
11 23 19 22 2.14415 8.59091 4.00667
11 33 12 17 2.27777 8.43633 3.70377
11 33 13 18 0.778089 6.53926 8.40426
11 33 14 19 0.408597 5.65158 13.8317
11 33 15 20 0.277601 5.44197 19.6035
11 33 16 21 0.198686 5.01318 25.2317
11 33 17 22 0.155239 4.68189 30.1593
11 33 18 23 0.135055 4.56924 33.8325
11 33 19 24 0.124072 4.44151 35.7978
11 33 20 25 0.126434 4.52606 35.7978
11 33 21 26 0.135007 4.56762 33.8325
11 33 22 27 0.155008 4.67494 30.1593
11 33 23 28 0.198654 5.01239 25.2317
11 33 24 29 0.275828 5.40721 19.6035
11 33 25 30 0.446507 6.17594 13.8317
11 33 26 31 0.833834 7.00775 8.40426
11 33 27 32 1.94562 7.20613 3.70377
12 24 13 16 2.03612 8.15807 4.00667
12 24 14 17 0.706745 6.47589 9.16298
12 24 15 18 0.439207 6.20914 14.1372
12 24 16 19 0.338082 5.83122 17.248
12 24 17 20 0.319416 5.50928 17.248
12 24 18 21 0.427303 6.04085 14.1372
12 24 19 22 0.786151 7.20349 9.16298
12 24 20 23 2.30358 9.22967 4.00667
12 34 13 18 2.17059 8.03937 3.70377
12 34 14 19 0.767086 6.44679 8.40426
12 34 15 20 0.441195 6.10246 13.8317
12 34 16 21 0.280455 5.49791 19.6035
12 34 17 22 0.198284 5.00304 25.2317
12 34 18 23 0.157951 4.7637 30.1593
12 34 19 24 0.133281 4.50923 33.8325
12 34 20 25 0.126282 4.52063 35.7978
12 34 21 26 0.125183 4.48127 35.7978
12 34 22 27 0.132774 4.49209 33.8325
12 34 23 28 0.155706 4.69598 30.1593
12 34 24 29 0.197408 4.98093 25.2317
12 34 25 30 0.284626 5.57967 19.6035
12 34 26 31 0.454547 6.28714 13.8317
12 34 27 32 0.791348 6.6507 8.40426
12 34 28 33 2.30162 8.52467 3.70377
13 25 14 17 1.86959 7.49083 4.00667
13 25 15 18 0.771538 7.06958 9.16298
13 25 16 19 0.445724 6.30127 14.1372
13 25 17 20 0.323484 5.57944 17.248
13 25 18 21 0.322674 5.56546 17.248
13 25 19 22 0.428946 6.06408 14.1372
13 25 20 23 0.800924 7.33885 9.16298
13 25 21 24 2.14634 8.59967 4.00667
13 35 14 19 2.00431 7.42351 3.70377
13 35 15 20 0.828898 6.96627 8.40426
13 35 16 21 0.444298 6.14539 13.8317
13 35 17 22 0.278887 5.46717 19.6035
13 35 18 23 0.201671 5.0885 25.2317
13 35 19 24 0.155127 4.67852 30.1593
13 35 20 25 0.136127 4.60554 33.8325
13 35 21 26 0.124967 4.47355 35.7978
13 35 22 27 0.122241 4.37597 35.7978
13 35 23 28 0.131071 4.43445 33.8325
13 35 24 29 0.151854 4.57981 30.1593
13 35 25 30 0.197137 4.97409 25.2317
13 35 26 31 0.278736 5.46422 19.6035
13 35 27 32 0.410843 5.68264 13.8317
13 35 28 33 0.797517 6.70254 8.40426
13 35 29 34 2.17372 8.05097 3.70377
14 26 15 18 2.04429 8.1908 4.00667
14 26 16 19 0.761602 6.97854 9.16298
14 26 17 20 0.42216 5.96815 14.1372
14 26 18 21 0.322401 5.56076 17.248
14 26 19 22 0.319877 5.51722 17.248
14 26 20 23 0.445671 6.30053 14.1372
14 26 21 24 0.770484 7.05993 9.16298
14 26 22 25 1.99163 7.97979 4.00667
14 36 15 20 2.17242 8.04616 3.70377
14 36 16 21 0.809991 6.80737 8.40426
14 36 17 22 0.428689 5.92949 13.8317
14 36 18 23 0.276861 5.42746 19.6035
14 36 19 24 0.193141 4.87327 25.2317
14 36 20 25 0.156997 4.73492 30.1593
14 36 21 26 0.134231 4.54137 33.8325
14 36 22 27 0.122192 4.37419 35.7978
14 36 23 28 0.121137 4.33643 35.7978
14 36 24 29 0.130015 4.39874 33.8325
14 36 25 30 0.154973 4.67386 30.1593
14 36 26 31 0.200276 5.05329 25.2317
14 36 27 32 0.26628 5.22003 19.6035
14 36 28 33 0.428508 5.92698 13.8317
14 36 29 34 0.845116 7.10258 8.40426
14 36 30 35 2.47417 9.16376 3.70377
15 27 16 19 1.94533 7.79431 4.00667
15 27 17 20 0.720995 6.60646 9.16298
15 27 18 21 0.418994 5.92338 14.1372
15 27 19 22 0.314468 5.42393 17.248
15 27 20 23 0.341062 5.88262 17.248
15 27 21 24 0.454602 6.42678 14.1372
15 27 22 25 0.766674 7.02501 9.16298
15 27 23 26 2.0652 8.27456 4.00667
15 37 16 21 2.05543 7.61285 3.70377
15 37 17 22 0.773854 6.50367 8.40426
15 37 18 23 0.422447 5.84315 13.8317
15 37 19 24 0.260167 5.1002 19.6035
15 37 20 25 0.193773 4.88922 25.2317
15 37 21 26 0.153464 4.62836 30.1593
15 37 22 27 0.130027 4.39913 33.8325
15 37 23 28 0.119328 4.27168 35.7978
15 37 24 29 0.118862 4.25501 35.7978
15 37 25 30 0.13068 4.42122 33.8325
15 37 26 31 0.155417 4.68725 30.1593
15 37 27 32 0.189424 4.77948 25.2317
15 37 28 33 0.26558 5.20631 19.6035
15 37 29 34 0.433116 5.99071 13.8317
15 37 30 35 0.847242 7.12044 8.40426
15 37 31 36 2.16855 8.03181 3.70377
16 28 17 20 2.08484 8.35325 4.00667
16 28 18 21 0.787456 7.21544 9.16298
16 28 19 22 0.419902 5.93623 14.1372
16 28 20 23 0.340962 5.8809 17.248
16 28 21 24 0.348786 6.01584 17.248
16 28 22 25 0.449713 6.35766 14.1372
16 28 23 26 0.783763 7.1816 9.16298
16 28 24 27 2.22855 8.92906 4.00667
16 38 17 22 2.21295 8.19627 3.70377
16 38 18 23 0.846906 7.11762 8.40426
16 38 19 24 0.423735 5.86097 13.8317
16 38 20 25 0.2781 5.45175 19.6035
16 38 21 26 0.199534 5.03458 25.2317
16 38 22 27 0.155326 4.68453 30.1593
16 38 23 28 0.131052 4.43381 33.8325
16 38 24 29 0.120792 4.32409 35.7978
16 38 25 30 0.122739 4.39377 35.7978
16 38 26 31 0.135404 4.58107 33.8325
16 38 27 32 0.153592 4.63223 30.1593
16 38 28 33 0.194764 4.91423 25.2317
16 38 29 34 0.28046 5.49801 19.6035
16 38 30 35 0.454214 6.28254 13.8317
16 38 31 36 0.822755 6.91465 8.40426
16 38 32 37 2.15712 7.98947 3.70377
17 29 18 21 2.27705 9.12339 4.00667
17 29 19 22 0.747717 6.85132 9.16298
17 29 20 23 0.445225 6.29422 14.1372
17 29 21 24 0.345107 5.95239 17.248
17 29 22 25 0.341857 5.89634 17.248
17 29 23 26 0.438322 6.19663 14.1372
17 29 24 27 0.786274 7.20462 9.16298
17 29 25 28 2.28231 9.14447 4.00667
17 39 18 23 2.41163 8.93213 3.70377
17 39 19 24 0.80823 6.79258 8.40426
17 39 20 25 0.442725 6.12363 13.8317
17 39 21 26 0.281857 5.5254 19.6035
17 39 22 27 0.199938 5.04477 25.2317
17 39 23 28 0.154419 4.65717 30.1593
17 39 24 29 0.131494 4.44877 33.8325
17 39 25 30 0.123481 4.42035 35.7978
17 39 26 31 0.126578 4.53121 35.7978
17 39 27 32 0.134423 4.54789 33.8325
17 39 28 33 0.156536 4.72101 30.1593
17 39 29 34 0.204495 5.15975 25.2317
17 39 30 35 0.293456 5.75277 19.6035
17 39 31 36 0.451238 6.24137 13.8317
17 39 32 37 0.832791 6.99899 8.40426
17 39 33 38 2.07666 7.69148 3.70377
18 30 19 22 2.14535 8.59569 4.00667
18 30 20 23 0.793824 7.27379 9.16298
18 30 21 24 0.451165 6.3782 14.1372
18 30 22 25 0.341179 5.88464 17.248
18 30 23 26 0.328148 5.65988 17.248
18 30 24 27 0.428986 6.06464 14.1372
18 30 25 28 0.793904 7.27452 9.16298
18 30 26 29 2.16853 8.68856 4.00667
18 40 19 24 2.2832 8.45644 3.70377
18 40 20 25 0.848963 7.1349 8.40426
18 40 21 26 0.448254 6.2001 13.8317
18 40 22 27 0.282546 5.5389 19.6035
18 40 23 28 0.197079 4.97263 25.2317
18 40 24 29 0.153702 4.63553 30.1593
18 40 25 30 0.132627 4.48711 33.8325
18 40 26 31 0.12583 4.50445 35.7978
18 40 27 32 0.124896 4.47101 35.7978
18 40 28 33 0.134025 4.53442 33.8325
18 40 29 34 0.159819 4.82002 30.1593
18 40 30 35 0.207281 5.23004 25.2317
18 40 31 36 0.28391 5.56563 19.6035
18 40 32 37 0.441194 6.10245 13.8317
18 40 33 38 0.778975 6.54671 8.40426
18 40 34 39 2.17105 8.04106 3.70377
19 31 20 23 2.21079 8.85789 4.00667
19 31 21 24 0.793386 7.26978 9.16298
19 31 22 25 0.451809 6.3873 14.1372
19 31 23 26 0.327226 5.64398 17.248
19 31 24 27 0.316543 5.45971 17.248
19 31 25 28 0.424313 5.99859 14.1372
19 31 26 29 0.739824 6.77899 9.16298
19 31 27 30 2.08813 8.36646 4.00667
19 41 20 25 2.34328 8.67899 3.70377
19 41 21 26 0.848234 7.12878 8.40426
19 41 22 27 0.451517 6.24524 13.8317
19 41 23 28 0.27865 5.46252 19.6035
19 41 24 29 0.197042 4.9717 25.2317
19 41 25 30 0.155167 4.67971 30.1593
19 41 26 31 0.135799 4.59443 33.8325
19 41 27 32 0.125906 4.50717 35.7978
19 41 28 33 0.124863 4.46982 35.7978
19 41 29 34 0.136685 4.62439 33.8325
19 41 30 35 0.16188 4.88218 30.1593
19 41 31 36 0.201837 5.09269 25.2317
19 41 32 37 0.280022 5.48941 19.6035
19 41 33 38 0.417787 5.77869 13.8317
19 41 34 39 0.79844 6.7103 8.40426
19 41 35 40 2.419 8.95944 3.70377
20 32 21 24 1.98116 7.93786 4.00667
20 32 22 25 0.754596 6.91434 9.16298
20 32 23 26 0.418864 5.92155 14.1372
20 32 24 27 0.313583 5.40866 17.248
20 32 25 28 0.320614 5.52993 17.248
20 32 26 29 0.426257 6.02606 14.1372
20 32 27 30 0.780389 7.15069 9.16298
20 32 28 31 2.08654 8.36008 4.00667
20 42 21 26 2.10127 7.78263 3.70377
20 42 22 27 0.800995 6.73177 8.40426
20 42 23 28 0.41881 5.79285 13.8317
20 42 24 29 0.265421 5.20319 19.6035
20 42 25 30 0.190239 4.80006 25.2317
20 42 26 31 0.153499 4.62941 30.1593
20 42 27 32 0.133262 4.50861 33.8325
20 42 28 33 0.122659 4.39092 35.7978
20 42 29 34 0.123676 4.42734 35.7978
20 42 30 35 0.134314 4.54417 33.8325
20 42 31 36 0.15322 4.62101 30.1593
20 42 32 37 0.193012 4.87002 25.2317
20 42 33 38 0.254576 4.99059 19.6035
20 42 34 39 0.394664 5.45886 13.8317
20 42 35 40 0.789785 6.63756 8.40426
20 42 36 41 2.22582 8.24392 3.70377
21 33 22 25 2.17132 8.69975 4.00667
21 33 23 26 0.76349 6.99584 9.16298
21 33 24 27 0.42237 5.97111 14.1372
21 33 25 28 0.319517 5.51101 17.248
21 33 26 29 0.324726 5.60085 17.248
21 33 27 30 0.44846 6.33995 14.1372
21 33 28 31 0.779782 7.14513 9.16298
21 33 29 32 1.82327 7.30523 4.00667
21 43 22 27 2.28849 8.47605 3.70377
21 43 23 28 0.814678 6.84677 8.40426
21 43 24 29 0.428505 5.92695 13.8317
21 43 25 30 0.268327 5.26015 19.6035
21 43 26 31 0.195253 4.92656 25.2317
21 43 27 32 0.156923 4.73268 30.1593
21 43 28 33 0.13367 4.52238 33.8325
21 43 29 34 0.124238 4.44743 35.7978
21 43 30 35 0.124212 4.44652 35.7978
21 43 31 36 0.130742 4.42335 33.8325
21 43 32 37 0.151878 4.58052 30.1593
21 43 33 38 0.182555 4.60617 25.2317
21 43 34 39 0.246716 4.83652 19.6035
21 43 35 40 0.398004 5.50506 13.8317
21 43 36 41 0.760873 6.39458 8.40426
21 43 37 42 2.2509 8.33681 3.70377
22 34 23 26 2.14979 8.6135 4.00667
22 34 24 27 0.780952 7.15584 9.16298
22 34 25 28 0.426554 6.03026 14.1372
22 34 26 29 0.325558 5.61521 17.248
22 34 27 30 0.343967 5.93273 17.248
22 34 28 31 0.455311 6.4368 14.1372
22 34 29 32 0.734379 6.7291 9.16298
22 34 30 33 2.16501 8.67446 4.00667
22 44 23 28 2.27378 8.42156 3.70377
22 44 24 29 0.843098 7.08561 8.40426
22 44 25 30 0.434103 6.00437 13.8317
22 44 26 31 0.277224 5.43456 19.6035
22 44 27 32 0.2038 5.14221 25.2317
22 44 28 33 0.159838 4.8206 30.1593
22 44 29 34 0.136884 4.63114 33.8325
22 44 30 35 0.126368 4.52369 35.7978
22 44 31 36 0.123283 4.41326 35.7978
22 44 32 37 0.133506 4.51683 33.8325
22 44 33 38 0.149019 4.49432 30.1593
22 44 34 39 0.183066 4.61905 25.2317
22 44 35 40 0.259171 5.08067 19.6035
22 44 36 41 0.412801 5.70973 13.8317
22 44 37 42 0.825413 6.93698 8.40426
22 44 38 43 2.34618 8.68972 3.70377
23 35 24 27 2.27022 9.096 4.00667
23 35 25 28 0.776438 7.11448 9.16298
23 35 26 29 0.431105 6.09461 14.1372
23 35 27 30 0.343313 5.92145 17.248
23 35 28 31 0.342423 5.90609 17.248
23 35 29 32 0.413177 5.84116 14.1372
23 35 30 33 0.741124 6.7909 9.16298
23 35 31 34 2.04021 8.17446 4.00667
23 45 24 29 2.411 8.92979 3.70377
23 45 25 30 0.844153 7.09448 8.40426
23 45 26 31 0.444433 6.14726 13.8317
23 45 27 32 0.291743 5.71919 19.6035
23 45 28 33 0.208446 5.25945 25.2317
23 45 29 34 0.163137 4.92011 30.1593
23 45 30 35 0.138262 4.67775 33.8325
23 45 31 36 0.124448 4.45497 35.7978
23 45 32 37 0.125247 4.48357 35.7978
23 45 33 38 0.129956 4.39676 33.8325
23 45 34 39 0.146286 4.41188 30.1593
23 45 35 40 0.185936 4.69148 25.2317
23 45 36 41 0.260846 5.1135 19.6035
23 45 37 42 0.42734 5.91083 13.8317
23 45 38 43 0.812039 6.82459 8.40426
23 45 39 44 2.13271 7.89906 3.70377
24 36 25 28 2.11225 8.46309 4.00667
24 36 26 29 0.750578 6.87753 9.16298
24 36 27 30 0.452597 6.39843 14.1372
24 36 28 31 0.349101 6.02128 17.248
24 36 29 32 0.326724 5.63532 17.248
24 36 30 33 0.426712 6.0325 14.1372
24 36 31 34 0.784442 7.18782 9.16298
24 36 32 35 2.35948 9.45365 4.00667
24 46 25 30 2.25658 8.35786 3.70377
24 46 26 31 0.819918 6.8908 8.40426
24 46 27 32 0.457528 6.32837 13.8317
24 46 28 33 0.293477 5.75319 19.6035
24 46 29 34 0.208773 5.26769 25.2317
24 46 30 35 0.162141 4.89005 30.1593
24 46 31 36 0.134603 4.55396 33.8325
24 46 32 37 0.126097 4.51398 35.7978
24 46 33 38 0.121997 4.36722 35.7978
24 46 34 39 0.126886 4.29289 33.8325
24 46 35 40 0.146864 4.4293 30.1593
24 46 36 41 0.186546 4.70687 25.2317
24 46 37 42 0.267796 5.24976 19.6035
24 46 38 43 0.420095 5.81062 13.8317
24 46 39 44 0.755368 6.34831 8.40426
24 46 40 45 2.15908 7.99672 3.70377
25 37 26 29 1.97471 7.912 4.00667
25 37 27 30 0.768716 7.04373 9.16298
25 37 28 31 0.453723 6.41436 14.1372
25 37 29 32 0.330164 5.69466 17.248
25 37 30 33 0.319684 5.51389 17.248
25 37 31 34 0.426684 6.0321 14.1372
25 37 32 35 0.802026 7.34895 9.16298
25 37 33 36 2.0533 8.2269 4.00667
25 47 26 31 2.11848 7.84639 3.70377
25 47 27 32 0.827952 6.95833 8.40426
25 47 28 33 0.453977 6.27927 13.8317
25 47 29 34 0.288281 5.65133 19.6035
25 47 30 35 0.204004 5.14737 25.2317
25 47 31 36 0.155906 4.702 30.1593
25 47 32 37 0.136166 4.60686 33.8325
25 47 33 38 0.123283 4.41324 35.7978
25 47 34 39 0.119309 4.27098 35.7978
25 47 35 40 0.127265 4.30571 33.8325
25 47 36 41 0.148895 4.49057 30.1593
25 47 37 42 0.193851 4.89118 25.2317
25 47 38 43 0.270172 5.29633 19.6035
25 47 39 44 0.406625 5.62431 13.8317
25 47 40 45 0.779696 6.55277 8.40426
25 47 41 46 2.28986 8.48113 3.70377
26 38 27 30 2.08388 8.34943 4.00667
26 38 28 31 0.803652 7.36385 9.16298
26 38 29 32 0.442967 6.2623 14.1372
26 38 30 33 0.325537 5.61485 17.248
26 38 31 34 0.325234 5.60963 17.248
26 38 32 35 0.456696 6.45639 14.1372
26 38 33 36 0.773759 7.08994 9.16298
26 38 34 37 2.02106 8.0977 4.00667
26 48 27 32 2.21426 8.20111 3.70377
26 48 28 33 0.85322 7.17068 8.40426
26 48 29 34 0.450414 6.22998 13.8317
26 48 30 35 0.281797 5.52421 19.6035
26 48 31 36 0.19511 4.92296 25.2317
26 48 32 37 0.157508 4.75034 30.1593
26 48 33 38 0.132901 4.49638 33.8325
26 48 34 39 0.119541 4.27929 35.7978
26 48 35 40 0.117497 4.20613 35.7978
26 48 36 41 0.127052 4.29848 33.8325
26 48 37 42 0.151342 4.56436 30.1593
26 48 38 43 0.191816 4.83985 25.2317
26 48 39 44 0.255568 5.01004 19.6035
26 48 40 45 0.397176 5.49362 13.8317
26 48 41 46 0.755347 6.34814 8.40426
26 48 42 47 2.02044 7.48326 3.70377
27 39 28 31 2.26023 9.05599 4.00667
27 39 29 32 0.801058 7.34008 9.16298
27 39 30 33 0.435746 6.16021 14.1372
27 39 31 34 0.323945 5.58739 17.248
27 39 32 35 0.348244 6.0065 17.248
27 39 33 36 0.452751 6.40062 14.1372
27 39 34 37 0.769937 7.05492 9.16298
27 39 35 38 1.92702 7.72093 4.00667
27 49 28 33 2.37805 8.80777 3.70377
27 49 29 34 0.858638 7.21621 8.40426
27 49 30 35 0.444316 6.14564 13.8317
27 49 31 36 0.27048 5.30236 19.6035
27 49 32 37 0.199037 5.02204 25.2317
27 49 33 38 0.155475 4.689 30.1593
27 49 34 39 0.129847 4.39304 33.8325
27 49 35 40 0.11789 4.22019 35.7978
27 49 36 41 0.118423 4.23926 35.7978
27 49 37 42 0.130494 4.41495 33.8325
27 49 38 43 0.153242 4.62168 30.1593
27 49 39 44 0.18738 4.72793 25.2317
27 49 40 45 0.256945 5.03704 19.6035
27 49 41 46 0.402625 5.56897 13.8317
27 49 42 47 0.738034 6.20263 8.40426
27 49 43 48 2.05104 7.59659 3.70377
28 40 29 32 2.29246 9.18512 4.00667
28 40 30 33 0.796063 7.29431 9.16298
28 40 31 34 0.426561 6.03037 14.1372
28 40 32 35 0.344155 5.93598 17.248
28 40 33 36 0.343384 5.92267 17.248
28 40 34 37 0.436439 6.17001 14.1372
28 40 35 38 0.709355 6.49981 9.16298
28 40 36 39 2.03317 8.14622 4.00667
28 50 29 34 2.42441 8.97945 3.70377
28 50 30 35 0.861016 7.2362 8.40426
28 50 31 36 0.432289 5.97928 13.8317
28 50 32 37 0.282322 5.53452 19.6035
28 50 33 38 0.201309 5.07937 25.2317
28 50 34 39 0.154842 4.66993 30.1593
28 50 35 40 0.129153 4.36958 33.8325
28 50 36 41 0.120263 4.30513 35.7978
28 50 37 42 0.122641 4.39029 35.7978
28 50 38 43 0.134306 4.54391 33.8325
28 50 39 44 0.15274 4.60653 30.1593
28 50 40 45 0.190871 4.816 25.2317
28 50 41 46 0.264859 5.19218 19.6035
28 50 42 47 0.405399 5.60735 13.8317
28 50 43 48 0.773855 6.50368 8.40426
28 50 44 49 2.15557 7.98375 3.70377
29 41 30 33 2.1658 8.67764 4.00667
29 41 31 34 0.735404 6.73849 9.16298
29 41 32 35 0.441229 6.23773 14.1372
29 41 33 36 0.340077 5.86563 17.248
29 41 34 37 0.332544 5.7357 17.248
29 41 35 38 0.404219 5.71452 14.1372
29 41 36 39 0.734875 6.73364 9.16298
29 41 37 40 2.29237 9.18478 4.00667
29 51 30 35 2.30365 8.5322 3.70377
29 51 31 36 0.796153 6.69107 8.40426
29 51 32 37 0.438021 6.05857 13.8317
29 51 33 38 0.280193 5.49278 19.6035
29 51 34 39 0.197339 4.97919 25.2317
29 51 35 40 0.150638 4.54315 30.1593
29 51 36 41 0.129799 4.39142 33.8325
29 51 37 42 0.122316 4.37863 35.7978
29 51 38 43 0.124921 4.47188 35.7978
29 51 39 44 0.132655 4.48806 33.8325
29 51 40 45 0.152638 4.60344 30.1593
29 51 41 46 0.192461 4.85612 25.2317
29 51 42 47 0.260962 5.11577 19.6035
29 51 43 48 0.41477 5.73696 13.8317
29 51 44 49 0.787535 6.61865 8.40426
29 51 45 50 2.05928 7.6271 3.70377
30 42 31 34 2.06469 8.27253 4.00667
30 42 32 35 0.782193 7.16722 9.16298
30 42 33 36 0.449114 6.3492 14.1372
30 42 34 37 0.333667 5.75508 17.248
30 42 35 38 0.301593 5.20186 17.248
30 42 36 39 0.389514 5.50662 14.1372
30 42 37 40 0.73831 6.76512 9.16298
30 42 38 41 2.12049 8.49612 4.00667
30 52 31 36 2.20553 8.1688 3.70377
30 52 32 37 0.837931 7.04219 8.40426
30 52 33 38 0.450533 6.23163 13.8317
30 52 34 39 0.282957 5.54696 19.6035
30 52 35 40 0.194301 4.90254 25.2317
30 52 36 41 0.153304 4.62355 30.1593
30 52 37 42 0.132425 4.48027 33.8325
30 52 38 43 0.125555 4.49458 35.7978
30 52 39 44 0.124256 4.4481 35.7978
30 52 40 45 0.132051 4.46762 33.8325
30 52 41 46 0.152674 4.60455 30.1593
30 52 42 47 0.187551 4.73224 25.2317
30 52 43 48 0.262871 5.15321 19.6035
30 52 44 49 0.413568 5.72034 13.8317
30 52 45 50 0.753558 6.3331 8.40426
30 52 46 51 2.19529 8.13086 3.70377
31 43 32 35 2.09139 8.37952 4.00667
31 43 33 36 0.783692 7.18095 9.16298
31 43 34 37 0.447652 6.32853 14.1372
31 43 35 38 0.309264 5.33417 17.248
31 43 36 39 0.297155 5.12531 17.248
31 43 37 40 0.397641 5.62152 14.1372
31 43 38 41 0.720521 6.60212 9.16298
31 43 39 42 2.14973 8.61327 4.00667
31 53 32 37 2.22079 8.22528 3.70377
31 53 33 38 0.839156 7.05248 8.40426
31 53 34 39 0.450124 6.22597 13.8317
31 53 35 40 0.27327 5.35706 19.6035
31 53 36 41 0.196106 4.94808 25.2317
31 53 37 42 0.154492 4.65938 30.1593
31 53 38 43 0.135699 4.59105 33.8325
31 53 39 44 0.125145 4.47993 35.7978
31 53 40 45 0.123023 4.40395 35.7978
31 53 41 46 0.131136 4.43665 33.8325
31 53 42 47 0.147316 4.44294 30.1593
31 53 43 48 0.186451 4.70448 25.2317
31 53 44 49 0.257806 5.0539 19.6035
31 53 45 50 0.387389 5.35824 13.8317
31 53 46 51 0.742157 6.23728 8.40426
31 53 47 52 2.07823 7.69727 3.70377
32 44 33 36 1.84539 7.39386 4.00667
32 44 34 37 0.740749 6.78746 9.16298
32 44 35 38 0.397183 5.61504 14.1372
32 44 36 39 0.299656 5.16846 17.248
32 44 37 40 0.303662 5.23755 17.248
32 44 38 41 0.415093 5.86825 14.1372
32 44 39 42 0.783633 7.18041 9.16298
32 44 40 43 2.22512 8.91532 4.00667
32 54 33 38 1.96316 7.2711 3.70377
32 54 34 39 0.787077 6.6148 8.40426
32 54 35 40 0.405521 5.60903 13.8317
32 54 36 41 0.26235 5.14299 19.6035
32 54 37 42 0.188536 4.75707 25.2317
32 54 38 43 0.153913 4.64191 30.1593
32 54 39 44 0.133111 4.50347 33.8325
32 54 40 45 0.122144 4.37248 35.7978
32 54 41 46 0.121304 4.34241 35.7978
32 54 42 47 0.126427 4.27736 33.8325
32 54 43 48 0.147522 4.44916 30.1593
32 54 44 49 0.186202 4.6982 25.2317
32 54 45 50 0.248696 4.87533 19.6035
32 54 46 51 0.391668 5.41743 13.8317
32 54 47 52 0.741863 6.23481 8.40426
32 54 48 53 2.05397 7.60744 3.70377
33 45 34 37 2.18564 8.75712 4.00667
33 45 35 38 0.734523 6.73042 9.16298
33 45 36 39 0.411455 5.81681 14.1372
33 45 37 40 0.305748 5.27353 17.248
33 45 38 41 0.315189 5.43636 17.248
33 45 39 42 0.435504 6.15679 14.1372
33 45 40 43 0.76115 6.9744 9.16298
33 45 41 44 2.00718 8.04209 4.00667
33 55 34 39 2.3 8.51868 3.70377
33 55 35 40 0.792773 6.66267 8.40426
33 55 36 41 0.425233 5.88169 13.8317
33 55 37 42 0.265677 5.20822 19.6035
33 55 38 43 0.196335 4.95386 25.2317
33 55 39 44 0.156715 4.7264 30.1593
33 55 40 45 0.132997 4.49961 33.8325
33 55 41 46 0.122563 4.38746 35.7978
33 55 42 47 0.118389 4.23808 35.7978
33 55 43 48 0.128117 4.33453 33.8325
33 55 44 49 0.14969 4.51454 30.1593
33 55 45 50 0.182982 4.61693 25.2317
33 55 46 51 0.25428 4.98479 19.6035
33 55 47 52 0.399581 5.52687 13.8317
33 55 48 53 0.757114 6.36299 8.40426
33 55 49 54 2.02137 7.48668 3.70377
34 46 35 38 2.03393 8.14928 4.00667
34 46 36 39 0.771321 7.0676 9.16298
34 46 37 40 0.416697 5.89091 14.1372
34 46 38 41 0.322825 5.56807 17.248
34 46 39 42 0.333902 5.75913 17.248
34 46 40 43 0.42425 5.99769 14.1372
34 46 41 44 0.702956 6.44117 9.16298
34 46 42 45 2.02986 8.13297 4.00667
34 56 35 40 2.16614 8.02288 3.70377
34 56 36 41 0.839444 7.05491 8.40426
34 56 37 42 0.431948 5.97456 13.8317
34 56 38 43 0.28157 5.51978 19.6035
34 56 39 44 0.204407 5.15754 25.2317
34 56 40 45 0.158762 4.78816 30.1593
34 56 41 46 0.134786 4.56016 33.8325
34 56 42 47 0.120029 4.29676 35.7978
34 56 43 48 0.120211 4.30328 35.7978
34 56 44 49 0.130607 4.41878 33.8325
34 56 45 50 0.147658 4.45325 30.1593
34 56 46 51 0.186392 4.70299 25.2317
34 56 47 52 0.259748 5.09199 19.6035
34 56 48 53 0.408815 5.65459 13.8317
34 56 49 54 0.754152 6.33809 8.40426
34 56 50 55 1.96268 7.26934 3.70377
35 47 36 39 2.31925 9.29248 4.00667
35 47 37 40 0.77448 7.09654 9.16298
35 47 38 41 0.442094 6.24996 14.1372
35 47 39 42 0.347013 5.98527 17.248
35 47 40 43 0.333374 5.75001 17.248
35 47 41 44 0.408094 5.76929 14.1372
35 47 42 45 0.720979 6.60631 9.16298
35 47 43 46 2.16255 8.66461 4.00667
35 57 36 41 2.4649 9.12943 3.70377
35 57 37 42 0.845338 7.10444 8.40426
35 57 38 43 0.455562 6.30119 13.8317
35 57 39 44 0.293831 5.76014 19.6035
35 57 40 45 0.206655 5.21424 25.2317
35 57 41 46 0.160686 4.84617 30.1593
35 57 42 47 0.131394 4.44539 33.8325
35 57 43 48 0.121621 4.35374 35.7978
35 57 44 49 0.123003 4.40324 35.7978
35 57 45 50 0.129289 4.37419 33.8325
35 57 46 51 0.150123 4.52761 30.1593
35 57 47 52 0.190755 4.81307 25.2317
35 57 48 53 0.266112 5.21674 19.6035
35 57 49 54 0.411604 5.69317 13.8317
35 57 50 55 0.745346 6.26409 8.40426
35 57 51 56 1.99404 7.38545 3.70377
36 48 37 40 2.02356 8.10772 4.00667
36 48 38 41 0.759711 6.96121 9.16298
36 48 39 42 0.452821 6.4016 14.1372
36 48 40 43 0.335035 5.77868 17.248
36 48 41 44 0.312476 5.38957 17.248
36 48 42 45 0.390967 5.52717 14.1372
36 48 43 46 0.699404 6.40863 9.16298
36 48 44 47 1.91246 7.66258 4.00667
36 58 37 42 2.16744 8.02769 3.70377
36 58 38 43 0.827035 6.95062 8.40426
36 58 39 44 0.454133 6.28142 13.8317
36 58 40 45 0.285484 5.5965 19.6035
36 58 41 46 0.202671 5.11373 25.2317
36 58 42 47 0.151973 4.58341 30.1593
36 58 43 48 0.130133 4.40272 33.8325
36 58 44 49 0.122858 4.39804 35.7978
36 58 45 50 0.120446 4.3117 35.7978
36 58 46 51 0.129618 4.38529 33.8325
36 58 47 52 0.152002 4.58427 30.1593
36 58 48 53 0.192957 4.86863 25.2317
36 58 49 54 0.265921 5.213 19.6035
36 58 50 55 0.406348 5.62048 13.8317
36 58 51 56 0.7556 6.35026 8.40426
36 58 52 57 2.07208 7.6745 3.70377
37 49 38 41 2.01851 8.0875 4.00667
37 49 39 42 0.783237 7.17678 9.16298
37 49 40 43 0.440832 6.23212 14.1372
37 49 41 44 0.321013 5.53683 17.248
37 49 42 45 0.301359 5.19782 17.248
37 49 43 46 0.394883 5.58252 14.1372
37 49 44 47 0.692043 6.34118 9.16298
37 49 45 48 1.93941 7.77058 4.00667
37 59 38 43 2.15698 7.98896 3.70377
37 59 39 44 0.833337 7.00358 8.40426
37 59 40 45 0.440714 6.09581 13.8317
37 59 41 46 0.279087 5.47109 19.6035
37 59 42 47 0.18963 4.78469 25.2317
37 59 43 48 0.149199 4.49974 30.1593
37 59 44 49 0.131227 4.43973 33.8325
37 59 45 50 0.119964 4.29445 35.7978
37 59 46 51 0.11986 4.29071 35.7978
37 59 47 52 0.130456 4.41365 33.8325
37 59 48 53 0.15229 4.59296 30.1593
37 59 49 54 0.191415 4.82973 25.2317
37 59 50 55 0.260772 5.11205 19.6035
37 59 51 56 0.402978 5.57386 13.8317
37 59 52 57 0.755252 6.34734 8.40426
37 59 53 58 2.08438 7.72009 3.70377
38 50 39 42 1.97426 7.9102 4.00667
38 50 40 43 0.739796 6.77874 9.16298
38 50 41 44 0.416865 5.89329 14.1372
38 50 42 45 0.300037 5.17502 17.248
38 50 43 46 0.3019 5.20716 17.248
38 50 44 47 0.402535 5.6907 14.1372
38 50 45 48 0.722304 6.61845 9.16298
38 50 46 49 2.03138 8.13907 4.00667
38 60 39 44 2.08447 7.72042 3.70377
38 60 40 45 0.783342 6.58341 8.40426
38 60 41 46 0.420378 5.81454 13.8317
38 60 42 47 0.253392 4.96739 19.6035
38 60 43 48 0.181669 4.58381 25.2317
38 60 44 49 0.148574 4.4809 30.1593
38 60 45 50 0.126885 4.29284 33.8325
38 60 46 51 0.118279 4.23411 35.7978
38 60 47 52 0.120255 4.30485 35.7978
38 60 48 53 0.13047 4.41414 33.8325
38 60 49 54 0.151912 4.58156 30.1593
38 60 50 55 0.189956 4.79291 25.2317
38 60 51 56 0.260861 5.1138 19.6035
38 60 52 57 0.406791 5.6266 13.8317
38 60 53 58 0.770464 6.47518 8.40426
38 60 54 59 2.1003 7.77904 3.70377
39 51 40 43 2.07768 8.32459 4.00667
39 51 41 44 0.755628 6.9238 9.16298
39 51 42 45 0.394637 5.57904 14.1372
39 51 43 46 0.297679 5.13435 17.248
39 51 44 47 0.306583 5.28793 17.248
39 51 45 48 0.410444 5.80252 14.1372
39 51 46 49 0.729572 6.68505 9.16298
39 51 47 50 1.93627 7.75799 4.00667
39 61 40 45 2.18398 8.08898 3.70377
39 61 41 46 0.806796 6.78053 8.40426
39 61 42 47 0.396925 5.49013 13.8317
39 61 43 48 0.248709 4.87557 19.6035
39 61 44 49 0.185319 4.67592 25.2317
39 61 45 50 0.145927 4.40106 30.1593
39 61 46 51 0.125996 4.26277 33.8325
39 61 47 52 0.119269 4.26956 35.7978
39 61 48 53 0.120169 4.30178 35.7978
39 61 49 54 0.130159 4.40362 33.8325
39 61 50 55 0.150794 4.54784 30.1593
39 61 51 56 0.188565 4.75782 25.2317
39 61 52 57 0.259768 5.09238 19.6035
39 61 53 58 0.406687 5.62517 13.8317
39 61 54 59 0.764421 6.42439 8.40426
39 61 55 60 1.9526 7.232 3.70377
40 52 41 44 2.31218 9.26416 4.00667
40 52 42 45 0.740862 6.7885 9.16298
40 52 43 46 0.397941 5.62576 14.1372
40 52 44 47 0.309925 5.34557 17.248
40 52 45 48 0.311585 5.37421 17.248
40 52 46 49 0.406875 5.75207 14.1372
40 52 47 50 0.699411 6.40869 9.16298
40 52 48 51 2.07208 8.30215 4.00667
40 62 41 46 2.43449 9.01679 3.70377
40 62 42 47 0.794351 6.67593 8.40426
40 62 43 48 0.401754 5.55693 13.8317
40 62 44 49 0.26336 5.16278 19.6035
40 62 45 50 0.187443 4.7295 25.2317
40 62 46 51 0.148084 4.46611 30.1593
40 62 47 52 0.12975 4.38978 33.8325
40 62 48 53 0.12118 4.33799 35.7978
40 62 49 54 0.122385 4.3811 35.7978
40 62 50 55 0.132442 4.48084 33.8325
40 62 51 56 0.15326 4.62223 30.1593
40 62 52 57 0.192926 4.86784 25.2317
40 62 53 58 0.268802 5.26947 19.6035
40 62 54 59 0.424802 5.87573 13.8317
40 62 55 60 0.772337 6.49092 8.40426
40 62 56 61 2.0616 7.63568 3.70377
41 53 42 45 2.10798 8.44599 4.00667
41 53 43 46 0.709315 6.49944 9.16298
41 53 44 47 0.410095 5.79759 14.1372
41 53 45 48 0.309792 5.34328 17.248
41 53 46 49 0.303251 5.23046 17.248
41 53 47 50 0.383854 5.4266 14.1372
41 53 48 51 0.688163 6.30562 9.16298
41 53 49 52 1.96054 7.85524 4.00667
41 63 42 47 2.22988 8.25898 3.70377
41 63 43 48 0.76365 6.41791 8.40426
41 63 44 49 0.416364 5.75901 13.8317
41 63 45 50 0.261612 5.12851 19.6035
41 63 46 51 0.187001 4.71836 25.2317
41 63 47 52 0.15069 4.54471 30.1593
41 63 48 53 0.129921 4.39555 33.8325
41 63 49 54 0.122113 4.37137 35.7978
41 63 50 55 0.123389 4.41704 35.7978
41 63 51 56 0.132564 4.48496 33.8325
41 63 52 57 0.153728 4.63632 30.1593
41 63 53 58 0.194899 4.91763 25.2317
41 63 54 59 0.273879 5.369 19.6035
41 63 55 60 0.420878 5.82144 13.8317
41 63 56 61 0.774496 6.50907 8.40426
41 63 57 62 1.95621 7.24535 3.70377
42 54 43 46 2.12103 8.49827 4.00667
42 54 44 47 0.767278 7.03055 9.16298
42 54 45 48 0.421915 5.96469 14.1372
42 54 46 49 0.310328 5.35253 17.248
42 54 47 50 0.299314 5.16255 17.248
42 54 48 51 0.387958 5.48463 14.1372
42 54 49 52 0.690647 6.32839 9.16298
42 54 50 53 1.94864 7.80757 4.00667
42 64 43 48 2.24666 8.32113 3.70377
42 64 44 49 0.825316 6.93617 8.40426
42 64 45 50 0.424928 5.87747 13.8317
42 64 46 51 0.265732 5.20928 19.6035
42 64 47 52 0.19356 4.88384 25.2317
42 64 48 53 0.152321 4.59389 30.1593
42 64 49 54 0.132496 4.48268 33.8325
42 64 50 55 0.124712 4.4644 35.7978
42 64 51 56 0.124402 4.4533 35.7978
42 64 52 57 0.133485 4.51614 33.8325
42 64 53 58 0.155562 4.69163 30.1593
42 64 54 59 0.19938 5.03071 25.2317
42 64 55 60 0.274738 5.38583 19.6035
42 64 56 61 0.426318 5.89669 13.8317
42 64 57 62 0.768513 6.45879 8.40426
42 64 58 63 2.21414 8.20067 3.70377
43 55 44 47 2.21476 8.87381 4.00667
43 55 45 48 0.755222 6.92008 9.16298
43 55 46 49 0.410898 5.80893 14.1372
43 55 47 50 0.30631 5.28323 17.248
43 55 48 51 0.299412 5.16424 17.248
43 55 49 52 0.39564 5.59323 14.1372
43 55 50 53 0.712937 6.53263 9.16298
43 55 51 54 1.9106 7.65515 4.00667
44 56 45 48 2.01539 8.07501 4.00667
44 56 46 49 0.701509 6.42791 9.16298
44 56 47 50 0.396224 5.60149 14.1372
44 56 48 51 0.295425 5.09548 17.248
44 56 49 52 0.301671 5.20321 17.248
44 56 50 53 0.409358 5.78716 14.1372
44 56 51 54 0.704904 6.45902 9.16298
44 56 52 55 1.84273 7.38322 4.00667
45 57 46 49 2.04284 8.18498 4.00667
45 57 47 50 0.722603 6.6212 9.16298
45 57 48 51 0.388521 5.49259 14.1372
45 57 49 52 0.302302 5.21409 17.248
45 57 50 53 0.316385 5.457 17.248
45 57 51 54 0.410217 5.79931 14.1372
45 57 52 55 0.689829 6.32089 9.16298
45 57 53 56 1.86727 7.48152 4.00667
46 58 47 50 2.16452 8.6725 4.00667
46 58 48 51 0.696493 6.38195 9.16298
46 58 49 52 0.396892 5.61094 14.1372
46 58 50 53 0.317519 5.47656 17.248
46 58 51 54 0.316758 5.46343 17.248
46 58 52 55 0.400946 5.66824 14.1372
46 58 53 56 0.696645 6.38334 9.16298
46 58 54 57 1.9478 7.80418 4.00667
47 59 48 51 1.89897 7.60854 4.00667
47 59 49 52 0.686647 6.29173 9.16298
47 59 50 53 0.41009 5.79751 14.1372
47 59 51 54 0.314953 5.4323 17.248
47 59 52 55 0.306392 5.28464 17.248
47 59 53 56 0.393498 5.56295 14.1372
47 59 54 57 0.698076 6.39645 9.16298
47 59 55 58 1.96862 7.88759 4.00667
48 60 49 52 1.92832 7.72614 4.00667
48 60 50 53 0.728741 6.67744 9.16298
48 60 51 54 0.417682 5.90483 14.1372
48 60 52 55 0.311104 5.36591 17.248
48 60 53 56 0.302755 5.2219 17.248
48 60 54 57 0.398819 5.63817 14.1372
48 60 55 58 0.719172 6.58976 9.16298
48 60 56 59 1.98467 7.95192 4.00667
49 61 50 53 2.0417 8.18041 4.00667
49 61 51 54 0.739987 6.78048 9.16298
49 61 52 55 0.409839 5.79397 14.1372
49 61 53 56 0.300903 5.18997 17.248
49 61 54 57 0.301283 5.19651 17.248
49 61 55 58 0.40326 5.70095 14.1372
49 61 56 59 0.714173 6.54396 9.16298
49 61 57 60 1.83447 7.3501 4.00667
50 62 51 54 1.95474 7.83199 4.00667
50 62 52 55 0.707734 6.48496 9.16298
50 62 53 56 0.385672 5.45231 14.1372
50 62 54 57 0.298176 5.14294 17.248
50 62 55 58 0.310677 5.35855 17.248
50 62 56 59 0.419196 5.92625 14.1372
50 62 57 60 0.716515 6.56541 9.16298
50 62 58 61 1.93453 7.75103 4.00667
51 63 52 55 2.08466 8.35253 4.00667
51 63 53 56 0.691204 6.33349 9.16298
51 63 54 57 0.389405 5.50508 14.1372
51 63 55 58 0.307617 5.30576 17.248
51 63 56 59 0.318965 5.50149 17.248
51 63 57 60 0.415078 5.86802 14.1372
51 63 58 61 0.71651 6.56537 9.16298
51 63 59 62 1.8248 7.31136 4.00667
52 64 53 56 1.95842 7.84676 4.00667
52 64 54 57 0.68736 6.29826 9.16298
52 64 55 58 0.39882 5.63818 14.1372
52 64 56 59 0.315985 5.4501 17.248
52 64 57 60 0.320389 5.52605 17.248
52 64 58 61 0.418912 5.92223 14.1372
52 64 59 62 0.706095 6.46994 9.16298
52 64 60 63 2.08614 8.35846 4.00667
