64
# x y z
0.0 0.0 0.0
0.5 0.0 0.0
1.0 0.0 0.0
1.5 0.0 0.0
2.0 0.0 0.0
2.5 0.0 0.0
3.0 0.0 0.0
3.5 0.0 0.0
4.0 0.0 0.0
4.5 0.0 0.0
5.0 0.0 0.0
5.5 0.0 0.0
6.0 0.0 0.0
6.5 0.0 0.0
7.0 0.0 0.0
7.5 0.0 0.0
8.0 0.0 0.0
8.5 0.0 0.0
9.0 0.0 0.0
9.5 0.0 0.0
10.0 0.0 0.0
10.5 0.0 0.0
11.0 0.0 0.0
11.5 0.0 0.0
12.0 0.0 0.0
12.5 0.0 0.0
13.0 0.0 0.0
13.5 0.0 0.0
14.0 0.0 0.0
14.5 0.0 0.0
15.0 0.0 0.0
15.5 0.0 0.0
16.0 0.0 0.0
16.5 0.0 0.0
17.0 0.0 0.0
17.5 0.0 0.0
18.0 0.0 0.0
18.5 0.0 0.0
19.0 0.0 0.0
19.5 0.0 0.0
20.0 0.0 0.0
20.5 0.0 0.0
21.0 0.0 0.0
21.5 0.0 0.0
22.0 0.0 0.0
22.5 0.0 0.0
23.0 0.0 0.0
23.5 0.0 0.0
24.0 0.0 0.0
24.5 0.0 0.0
25.0 0.0 0.0
25.5 0.0 0.0
26.0 0.0 0.0
26.5 0.0 0.0
27.0 0.0 0.0
27.5 0.0 0.0
28.0 0.0 0.0
28.5 0.0 0.0
29.0 0.0 0.0
29.5 0.0 0.0
30.0 0.0 0.0
30.5 0.0 0.0
31.0 0.0 0.0
31.5 0.0 0.0
1400
# a b m n r rhoa k
1 13 2 5 1.68774 6.76223 4.00667
1 13 3 6 0.662005 6.06594 9.16298
1 13 4 7 0.389787 5.51048 14.1372
1 13 5 8 0.284539 4.90772 17.248
1 13 6 9 0.251404 4.33621 17.248
1 13 7 10 0.353055 4.9912 14.1372
1 13 8 11 0.656831 6.01852 9.16298
1 13 9 12 1.76678 7.07891 4.00667
1 23 2 7 1.81035 6.70512 3.70377
1 23 3 8 0.709371 5.96174 8.40426
1 23 4 9 0.384752 5.32176 13.8317
1 23 5 10 0.245775 4.81806 19.6035
1 23 6 11 0.172036 4.34075 25.2317
1 23 7 12 0.132833 4.00615 30.1593
1 23 8 13 0.118032 3.99333 33.8325
1 23 9 14 0.114053 4.08284 35.7978
1 23 10 15 0.108023 3.86697 35.7978
1 23 11 16 0.117774 3.98458 33.8325
1 23 12 17 0.140294 4.23116 30.1593
1 23 13 18 0.178283 4.49839 25.2317
1 23 14 19 0.258172 5.06108 19.6035
1 23 15 20 0.383196 5.30025 13.8317
1 23 16 21 0.767501 6.45028 8.40426
1 23 17 22 2.04342 7.56835 3.70377
1 57 4 16 0.446766 5.15656 11.542
1 57 5 17 0.289959 4.71329 16.255
1 57 6 18 0.202591 4.32348 21.3409
1 57 7 19 0.153019 4.09382 26.7536
1 57 8 20 0.124531 4.03972 32.4396
1 57 9 21 0.108207 4.14845 38.3381
1 57 10 22 0.0916872 4.06917 44.381
1 57 11 23 0.079971 4.03799 50.4932
1 57 12 24 0.0717821 4.0624 56.5934
1 57 13 25 0.0644614 4.03495 62.5948
1 57 14 26 0.0594073 4.06385 68.4065
1 57 15 27 0.0560794 4.14627 73.9358
1 57 16 28 0.0522449 4.13201 79.0892
1 57 17 29 0.049143 4.11699 83.7758
1 57 18 30 0.0467907 4.11333 87.9092
1 57 19 31 0.0444245 4.06087 91.4105
1 57 20 32 0.0433126 4.08051 94.2106
1 57 21 33 0.0425875 4.09918 96.2531
1 57 22 34 0.0423042 4.12448 97.4958
1 57 23 35 0.0424187 4.15334 97.913
1 57 24 36 0.0427501 4.16796 97.4958
1 57 25 37 0.0435146 4.18841 96.2531
1 57 26 38 0.0438068 4.12707 94.2106
1 57 27 39 0.0447929 4.09454 91.4105
1 57 28 40 0.0467956 4.11377 87.9092
1 57 29 41 0.0490275 4.10732 83.7758
1 57 30 42 0.0523318 4.13888 79.0892
1 57 31 43 0.0557929 4.12509 73.9358
1 57 32 44 0.0592421 4.05255 68.4065
1 57 33 45 0.065152 4.07817 62.5948
1 57 34 46 0.0721042 4.08062 56.5934
1 57 35 47 0.0801327 4.04616 50.4932
1 57 36 48 0.0916567 4.06781 44.381
1 57 37 49 0.106986 4.10165 38.3381
1 57 38 50 0.125045 4.05639 32.4396
1 57 39 51 0.157636 4.21733 26.7536
1 57 40 52 0.203867 4.35072 21.3409
1 57 41 53 0.285777 4.64531 16.255
1 57 42 54 0.428543 4.94623 11.542
2 14 3 6 1.72099 6.89544 4.00667
2 14 4 7 0.65864 6.03511 9.16298
2 14 5 8 0.370316 5.23522 14.1372
2 14 6 9 0.255019 4.39855 17.248
2 14 7 10 0.260949 4.50084 17.248
2 14 8 11 0.356872 5.04516 14.1372
2 14 9 12 0.618282 5.66531 9.16298
2 14 10 13 1.56733 6.27979 4.00667
2 24 3 8 1.82467 6.75816 3.70377
2 24 4 9 0.691838 5.81439 8.40426
2 24 5 10 0.371005 5.13162 13.8317
2 24 6 11 0.230229 4.5133 19.6035
2 24 7 12 0.16129 4.06963 25.2317
2 24 8 13 0.132788 4.00479 30.1593
2 24 9 14 0.121235 4.10168 33.8325
2 24 10 15 0.107873 3.8616 35.7978
2 24 11 16 0.109328 3.91371 35.7978
2 24 12 17 0.121033 4.09485 33.8325
2 24 13 18 0.141621 4.27119 30.1593
2 24 14 19 0.18676 4.71228 25.2317
2 24 15 20 0.249196 4.88512 19.6035
2 24 16 21 0.408252 5.6468 13.8317
2 24 17 22 0.797067 6.69876 8.40426
2 24 18 23 2.20965 8.18406 3.70377
2 58 5 17 0.430287 4.96635 11.542
2 58 6 18 0.273397 4.44407 16.255
2 58 7 19 0.19308 4.12051 21.3409
2 58 8 20 0.150837 4.03544 26.7536
2 58 9 21 0.127757 4.14437 32.4396
2 58 10 22 0.105602 4.04857 38.3381
2 58 11 23 0.0903285 4.00887 44.381
2 58 12 24 0.0798964 4.03423 50.4932
2 58 13 25 0.0706963 4.00094 56.5934
2 58 14 26 0.0643936 4.0307 62.5948
2 58 15 27 0.0601825 4.11688 68.4065
2 58 16 28 0.0555054 4.10383 73.9358
2 58 17 29 0.0516995 4.08887 79.0892
2 58 18 30 0.0487481 4.08391 83.7758
2 58 19 31 0.0458601 4.03153 87.9092
2 58 20 32 0.0442138 4.0416 91.4105
2 58 21 33 0.0432488 4.07449 94.2106
2 58 22 34 0.042604 4.10077 96.2531
2 58 23 35 0.0423513 4.12907 97.4958
2 58 24 36 0.0423645 4.14803 97.913
2 58 25 37 0.0427786 4.17073 97.4958
2 58 26 38 0.0427417 4.11402 96.2531
2 58 27 39 0.0433741 4.0863 94.2106
2 58 28 40 0.0448881 4.10324 91.4105
2 58 29 41 0.0466161 4.09798 87.9092
2 58 30 42 0.0492655 4.12726 83.7758
2 58 31 43 0.0519969 4.11239 79.0892
2 58 32 44 0.054728 4.04636 73.9358
2 58 33 45 0.0594507 4.06682 68.4065
2 58 34 46 0.0648621 4.06003 62.5948
2 58 35 47 0.0710333 4.02001 56.5934
2 58 36 48 0.0798848 4.03364 50.4932
2 58 37 49 0.0912593 4.05018 44.381
2 58 38 50 0.104318 3.99936 38.3381
2 58 39 51 0.126902 4.11664 32.4396
2 58 40 52 0.156987 4.19996 26.7536
2 58 41 53 0.206223 4.40099 21.3409
2 58 42 54 0.282325 4.5892 16.255
2 58 43 55 0.415873 4.79999 11.542
3 15 4 7 1.76978 7.09091 4.00667
3 15 5 8 0.644885 5.90907 9.16298
3 15 6 9 0.337992 4.77825 14.1372
3 15 7 10 0.258405 4.45696 17.248
3 15 8 11 0.277613 4.78826 17.248
3 15 9 12 0.380434 5.37825 14.1372
3 15 10 13 0.646956 5.92804 9.16298
3 15 11 14 1.66831 6.68437 4.00667
3 25 4 9 1.85025 6.85292 3.70377
3 25 5 10 0.679435 5.71014 8.40426
3 25 6 11 0.347863 4.81152 13.8317
3 25 7 12 0.212694 4.16955 19.6035
3 25 8 13 0.159134 4.01522 25.2317
3 25 9 14 0.136197 4.10762 30.1593
3 25 10 15 0.113607 3.84362 33.8325
3 25 11 16 0.107268 3.83994 35.7978
3 25 12 17 0.110816 3.96696 35.7978
3 25 13 18 0.120055 4.06176 33.8325
3 25 14 19 0.145565 4.39014 30.1593
3 25 15 20 0.178019 4.49172 25.2317
3 25 16 21 0.250321 4.90717 19.6035
3 25 17 22 0.402148 5.56237 13.8317
3 25 18 23 0.775724 6.51938 8.40426
3 25 19 24 1.99761 7.3987 3.70377
3 59 6 18 0.405165 4.6764 11.542
3 59 7 19 0.256708 4.17278 16.255
3 59 8 20 0.188358 4.01974 21.3409
3 59 9 21 0.154047 4.12132 26.7536
3 59 10 22 0.123461 4.00502 32.4396
3 59 11 23 0.103092 3.95235 38.3381
3 59 12 24 0.0895838 3.97582 44.381
3 59 13 25 0.0780121 3.93909 50.4932
3 59 14 26 0.0700944 3.96688 56.5934
3 59 15 27 0.0648705 4.06055 62.5948
3 59 16 28 0.0591601 4.04694 68.4065
3 59 17 29 0.0545631 4.03416 73.9358
3 59 18 30 0.0509984 4.03343 79.0892
3 59 19 31 0.0474524 3.97536 83.7758
3 59 20 32 0.0455641 4.00551 87.9092
3 59 21 33 0.0440982 4.03104 91.4105
3 59 22 34 0.0431366 4.06393 94.2106
3 59 23 35 0.0425703 4.09752 96.2531
3 59 24 36 0.0422195 4.11623 97.4958
3 59 25 37 0.0423087 4.14257 97.913
3 59 26 38 0.0419991 4.09474 97.4958
3 59 27 39 0.0422975 4.07126 96.2531
3 59 28 40 0.0434011 4.08885 94.2106
3 59 29 41 0.0446494 4.08142 91.4105
3 59 30 42 0.0467144 4.10662 87.9092
3 59 31 43 0.0488628 4.09352 83.7758
3 59 32 44 0.0509831 4.03221 79.0892
3 59 33 45 0.0548087 4.05232 73.9358
3 59 34 46 0.059058 4.03995 68.4065
3 59 35 47 0.0637813 3.99237 62.5948
3 59 36 48 0.0706599 3.99888 56.5934
3 59 37 49 0.0792806 4.00313 50.4932
3 59 38 50 0.089005 3.95013 44.381
3 59 39 51 0.1053 4.03701 38.3381
3 59 40 52 0.125843 4.08228 32.4396
3 59 41 53 0.15765 4.21769 26.7536
3 59 42 54 0.202576 4.32316 21.3409
3 59 43 55 0.272047 4.42213 16.255
3 59 44 56 0.407126 4.69903 11.542
4 16 5 8 1.87356 7.50673 4.00667
4 16 6 9 0.635249 5.82077 9.16298
4 16 7 10 0.336465 4.75667 14.1372
4 16 8 11 0.267506 4.61394 17.248
4 16 9 12 0.288405 4.9744 17.248
4 16 10 13 0.371795 5.25613 14.1372
4 16 11 14 0.617406 5.65728 9.16298
4 16 12 15 1.58383 6.34588 4.00667
4 26 5 10 1.96277 7.26964 3.70377
4 26 6 11 0.688203 5.78383 8.40426
4 26 7 12 0.337379 4.66652 13.8317
4 26 8 13 0.218476 4.28291 19.6035
4 26 9 14 0.171309 4.32242 25.2317
4 26 10 15 0.13206 3.98283 30.1593
4 26 11 16 0.115723 3.9152 33.8325
4 26 12 17 0.111033 3.97473 35.7978
4 26 13 18 0.111707 3.99886 35.7978
4 26 14 19 0.125571 4.24839 33.8325
4 26 15 20 0.142827 4.30758 30.1593
4 26 16 21 0.178668 4.50809 25.2317
4 26 17 22 0.249683 4.89466 19.6035
4 26 18 23 0.390545 5.40189 13.8317
4 26 19 24 0.698145 5.86739 8.40426
4 26 20 25 1.77053 6.55763 3.70377
4 60 7 19 0.397678 4.58998 11.542
4 60 8 20 0.261047 4.24332 16.255
4 60 9 21 0.201173 4.29323 21.3409
4 60 10 22 0.153729 4.1128 26.7536
4 60 11 23 0.123906 4.01946 32.4396
4 60 12 24 0.104927 4.02269 38.3381
4 60 13 25 0.0893336 3.96472 44.381
4 60 14 26 0.0788808 3.98295 50.4932
4 60 15 27 0.0719914 4.07424 56.5934
4 60 16 28 0.0646225 4.04503 62.5948
4 60 17 29 0.0589571 4.03305 68.4065
4 60 18 30 0.0544913 4.02886 73.9358
4 60 19 31 0.0501184 3.96383 79.0892
4 60 20 32 0.0476742 3.99395 83.7758
4 60 21 33 0.0457531 4.02212 87.9092
4 60 22 34 0.0442826 4.04789 91.4105
4 60 23 35 0.0432736 4.07684 94.2106
4 60 24 36 0.0425938 4.09978 96.2531
4 60 25 37 0.0423223 4.12624 97.4958
4 60 26 38 0.0417212 4.08505 97.913
4 60 27 39 0.0417011 4.06568 97.4958
4 60 28 40 0.0424057 4.08168 96.2531
4 60 29 41 0.0432684 4.07634 94.2106
4 60 30 42 0.0448583 4.10052 91.4105
4 60 31 43 0.0465461 4.09183 87.9092
4 60 32 44 0.0481687 4.03537 83.7758
4 60 33 45 0.0512282 4.0516 79.0892
4 60 34 46 0.0545887 4.03606 73.9358
4 60 35 47 0.0582459 3.9844 68.4065
4 60 36 48 0.0636262 3.98266 62.5948
4 60 37 49 0.0703048 3.97879 56.5934
4 60 38 50 0.077695 3.92307 50.4932
4 60 39 51 0.0898525 3.98774 44.381
4 60 40 52 0.104546 4.00809 38.3381
4 60 41 53 0.126365 4.09924 32.4396
4 60 42 54 0.155212 4.15249 26.7536
4 60 43 55 0.196074 4.18441 21.3409
4 60 44 56 0.265922 4.32256 16.255
4 60 45 57 0.434803 5.01848 11.542
5 17 6 9 1.89921 7.60952 4.00667
5 17 7 10 0.613994 5.62601 9.16298
5 17 8 11 0.344198 4.86599 14.1372
5 17 9 12 0.287861 4.96501 17.248
5 17 10 13 0.286397 4.93977 17.248
5 17 11 14 0.363715 5.14191 14.1372
5 17 12 15 0.629139 5.76478 9.16298
5 17 13 16 2.03772 8.16448 4.00667
5 27 6 11 2.01386 7.45888 3.70377
5 27 7 12 0.659927 5.5462 8.40426
5 27 8 13 0.343308 4.74853 13.8317
5 27 9 14 0.239417 4.69341 19.6035
5 27 10 15 0.167817 4.23431 25.2317
5 27 11 16 0.134818 4.06602 30.1593
5 27 12 17 0.120458 4.07539 33.8325
5 27 13 18 0.112727 4.03538 35.7978
5 27 14 19 0.118248 4.233 35.7978
5 27 15 20 0.126842 4.2914 33.8325
5 27 16 21 0.145791 4.39694 30.1593
5 27 17 22 0.185287 4.6751 25.2317
5 27 18 23 0.256715 5.03253 19.6035
5 27 19 24 0.387246 5.35625 13.8317
5 27 20 25 0.695194 5.84259 8.40426
5 27 21 26 1.8901 7.0005 3.70377
5 61 8 20 0.402376 4.64421 11.542
5 61 9 21 0.282947 4.59931 16.255
5 61 10 22 0.201794 4.30648 21.3409
5 61 11 23 0.15511 4.14976 26.7536
5 61 12 24 0.127049 4.12141 32.4396
5 61 13 25 0.105086 4.02881 38.3381
5 61 14 26 0.0908125 4.03035 44.381
5 61 15 27 0.0815848 4.11948 50.4932
5 61 16 28 0.072047 4.07739 56.5934
5 61 17 29 0.0647909 4.05557 62.5948
5 61 18 30 0.0590761 4.04119 68.4065
5 61 19 31 0.053675 3.9685 73.9358
5 61 20 32 0.0505646 3.99911 79.0892
5 61 21 33 0.0480482 4.02528 83.7758
5 61 22 34 0.0460621 4.04928 87.9092
5 61 23 35 0.0445738 4.07452 91.4105
5 61 24 36 0.0434973 4.09791 94.2106
5 61 25 37 0.0428549 4.12491 96.2531
5 61 26 38 0.0419276 4.08776 97.4958
5 61 27 39 0.0416028 4.07345 97.913
5 61 28 40 0.0419464 4.0896 97.4958
5 61 29 41 0.0424095 4.08204 96.2531
5 61 30 42 0.0435839 4.10606 94.2106
5 61 31 43 0.0447595 4.09149 91.4105
5 61 32 44 0.0459698 4.04117 87.9092
5 61 33 45 0.0483976 4.05455 83.7758
5 61 34 46 0.0510107 4.0344 79.0892
5 61 35 47 0.053862 3.98233 73.9358
5 61 36 48 0.0581243 3.97608 68.4065
5 61 37 49 0.0633195 3.96347 62.5948
5 61 38 50 0.0690842 3.90971 56.5934
5 61 39 51 0.078441 3.96074 50.4932
5 61 40 52 0.0892421 3.96065 44.381
5 61 41 53 0.104862 4.02019 38.3381
5 61 42 54 0.124333 4.03333 32.4396
5 61 43 55 0.150189 4.01809 26.7536
5 61 44 56 0.190318 4.06158 21.3409
5 61 45 57 0.273669 4.4485 16.255
5 61 46 58 0.423166 4.88416 11.542
6 18 7 10 1.71417 6.8681 4.00667
6 18 8 11 0.599951 5.49734 9.16298
6 18 9 12 0.377744 5.34023 14.1372
6 18 10 13 0.284881 4.91362 17.248
6 18 11 14 0.277921 4.79357 17.248
6 18 12 15 0.359213 5.07825 14.1372
6 18 13 16 0.74409 6.81808 9.16298
6 18 14 17 2.24897 9.01088 4.00667
6 28 7 12 1.82092 6.74427 3.70377
6 28 8 13 0.645886 5.4282 8.40426
6 28 9 14 0.379197 5.24493 13.8317
6 28 10 15 0.235014 4.60711 19.6035
6 28 11 16 0.170756 4.30846 25.2317
6 28 12 17 0.140568 4.23944 30.1593
6 28 13 18 0.121596 4.1139 33.8325
6 28 14 19 0.118565 4.24435 35.7978
6 28 15 20 0.119908 4.29245 35.7978
6 28 16 21 0.127498 4.31359 33.8325
6 28 17 22 0.148983 4.49321 30.1593
6 28 18 23 0.188075 4.74546 25.2317
6 28 19 24 0.253497 4.96944 19.6035
6 28 20 25 0.389468 5.38699 13.8317
6 28 21 26 0.735297 6.17963 8.40426
6 28 22 27 2.16554 8.02067 3.70377
6 62 9 21 0.440173 5.08045 11.542
6 62 10 22 0.28387 4.61431 16.255
6 62 11 23 0.204315 4.36027 21.3409
6 62 12 24 0.160181 4.28542 26.7536
6 62 13 25 0.127715 4.14302 32.4396
6 62 14 26 0.107395 4.11731 38.3381
6 62 15 27 0.0946699 4.20154 44.381
6 62 16 28 0.0820565 4.1433 50.4932
6 62 17 29 0.0725368 4.1051 56.5934
6 62 18 30 0.0651386 4.07734 62.5948
6 62 19 31 0.0583624 3.99237 68.4065
6 62 20 32 0.0544193 4.02353 73.9358
6 62 21 33 0.0512011 4.04946 79.0892
6 62 22 34 0.0485654 4.0686 83.7758
6 62 23 35 0.0465675 4.09371 87.9092
6 62 24 36 0.0450203 4.11533 91.4105
6 62 25 37 0.0439968 4.14496 94.2106
6 62 26 38 0.0427403 4.11388 96.2531
6 62 27 39 0.0420898 4.10358 97.4958
6 62 28 40 0.0421025 4.12238 97.913
6 62 29 41 0.0422311 4.11736 97.4958
6 62 30 42 0.0430169 4.14051 96.2531
6 62 31 43 0.0438343 4.12966 94.2106
6 62 32 44 0.0446836 4.08454 91.4105
6 62 33 45 0.0466406 4.10014 87.9092
6 62 34 46 0.0487162 4.08124 83.7758
6 62 35 47 0.0509455 4.02924 79.0892
6 62 36 48 0.054466 4.02699 73.9358
6 62 37 49 0.0586935 4.01502 68.4065
6 62 38 50 0.0633706 3.96667 62.5948
6 62 39 51 0.0710079 4.01858 56.5934
6 62 40 52 0.079534 4.01593 50.4932
6 62 41 53 0.0916494 4.06749 44.381
6 62 42 54 0.106199 4.07146 38.3381
6 62 43 55 0.124764 4.04728 32.4396
6 62 44 56 0.15212 4.06976 26.7536
6 62 45 57 0.20393 4.35206 21.3409
6 62 46 58 0.287007 4.66531 16.255
6 62 47 59 0.44099 5.08989 11.542
7 19 8 11 1.55341 6.22398 4.00667
7 19 9 12 0.638882 5.85407 9.16298
7 19 10 13 0.356964 5.04646 14.1372
7 19 11 14 0.26604 4.58864 17.248
7 19 12 15 0.258893 4.46538 17.248
7 19 13 16 0.369527 5.22406 14.1372
7 19 14 17 0.71463 6.54814 9.16298
7 19 15 18 2.12188 8.50168 4.00667
7 29 8 13 1.65775 6.13991 3.70377
7 29 9 14 0.687983 5.78199 8.40426
7 29 10 15 0.357072 4.9389 13.8317
7 29 11 16 0.230385 4.51636 19.6035
7 29 12 17 0.17376 4.38425 25.2317
7 29 13 18 0.138567 4.17909 30.1593
7 29 14 19 0.125593 4.24914 33.8325
7 29 15 20 0.11995 4.29393 35.7978
7 29 16 21 0.118609 4.24595 35.7978
7 29 17 22 0.128245 4.33885 33.8325
7 29 18 23 0.148898 4.49066 30.1593
7 29 19 24 0.182646 4.60846 25.2317
7 29 20 25 0.251008 4.92065 19.6035
7 29 21 26 0.390496 5.40121 13.8317
7 29 22 27 0.778002 6.53853 8.40426
7 29 23 28 2.20136 8.15335 3.70377
7 63 10 22 0.422827 4.88025 11.542
7 63 11 23 0.278031 4.5194 16.255
7 63 12 24 0.206074 4.39781 21.3409
7 63 13 25 0.157275 4.20766 26.7536
7 63 14 26 0.128149 4.15709 32.4396
7 63 15 27 0.110548 4.23819 38.3381
7 63 16 28 0.0939133 4.16796 44.381
7 63 17 29 0.0815816 4.11932 50.4932
7 63 18 30 0.0720796 4.07923 56.5934
7 63 19 31 0.0636593 3.98474 62.5948
7 63 20 32 0.0586753 4.01377 68.4065
7 63 21 33 0.0546812 4.0429 73.9358
7 63 22 34 0.0513412 4.06053 79.0892
7 63 23 35 0.0487317 4.08254 83.7758
7 63 24 36 0.0467011 4.10546 87.9092
7 63 25 37 0.0451902 4.13086 91.4105
7 63 26 38 0.0435302 4.101 94.2106
7 63 27 39 0.0425574 4.09628 96.2531
7 63 28 40 0.0422061 4.11492 97.4958
7 63 29 41 0.0419953 4.11189 97.913
7 63 30 42 0.0424186 4.13564 97.4958
7 63 31 43 0.0428433 4.1238 96.2531
7 63 32 44 0.0433691 4.08583 94.2106
7 63 33 45 0.0448674 4.10135 91.4105
7 63 34 46 0.0464592 4.08419 87.9092
7 63 35 47 0.0481191 4.03121 83.7758
7 63 36 48 0.0509186 4.02711 79.0892
7 63 37 49 0.0543031 4.01494 73.9358
7 63 38 50 0.0580548 3.97133 68.4065
7 63 39 51 0.0641897 4.01794 62.5948
7 63 40 52 0.0708457 4.0094 56.5934
7 63 41 53 0.0802047 4.0498 50.4932
7 63 42 54 0.0910571 4.0412 44.381
7 63 43 55 0.104463 4.00491 38.3381
7 63 44 56 0.123467 4.00522 32.4396
7 63 45 57 0.157178 4.20507 26.7536
7 63 46 58 0.207003 4.41763 21.3409
7 63 47 59 0.289279 4.70224 16.255
7 63 48 60 0.431602 4.98153 11.542
8 20 9 12 1.69421 6.78816 4.00667
8 20 10 13 0.596853 5.46895 9.16298
8 20 11 14 0.33738 4.76959 14.1372
8 20 12 15 0.25662 4.42617 17.248
8 20 13 16 0.266823 4.60216 17.248
8 20 14 17 0.374486 5.29417 14.1372
8 20 15 18 0.693223 6.35199 9.16298
8 20 16 19 1.92406 7.70906 4.00667
8 30 9 14 1.79719 6.6564 3.70377
8 30 10 15 0.635127 5.33778 8.40426
8 30 11 16 0.34167 4.72587 13.8317
8 30 12 17 0.230187 4.51248 19.6035
8 30 13 18 0.167244 4.21986 25.2317
8 30 14 19 0.140217 4.22886 30.1593
8 30 15 20 0.126587 4.28275 33.8325
8 30 16 21 0.117028 4.18935 35.7978
8 30 17 22 0.117622 4.21061 35.7978
8 30 18 23 0.126658 4.28517 33.8325
8 30 19 24 0.142999 4.31273 30.1593
8 30 20 25 0.180019 4.54218 25.2317
8 30 21 26 0.246091 4.82426 19.6035
8 30 22 27 0.395714 5.47339 13.8317
8 30 23 28 0.780086 6.55605 8.40426
8 30 24 29 2.11445 7.83143 3.70377
8 64 11 23 0.40495 4.67392 11.542
8 64 12 24 0.275652 4.48072 16.255
8 64 13 25 0.19796 4.22465 21.3409
8 64 14 26 0.154952 4.14553 26.7536
8 64 15 27 0.130303 4.22696 32.4396
8 64 16 28 0.1081 4.14433 38.3381
8 64 17 29 0.0921076 4.08782 44.381
8 64 18 30 0.0800431 4.04163 50.4932
8 64 19 31 0.0695889 3.93827 56.5934
8 64 20 32 0.0634303 3.97041 62.5948
8 64 21 33 0.0584904 4.00112 68.4065
8 64 22 34 0.0543877 4.0212 73.9358
8 64 23 35 0.0511471 4.04518 79.0892
8 64 24 36 0.0485857 4.07031 83.7758
8 64 25 37 0.0466304 4.09924 87.9092
8 64 26 38 0.0446153 4.07831 91.4105
8 64 27 39 0.0432834 4.07775 94.2106
8 64 28 40 0.0425961 4.1 96.2531
8 64 29 41 0.0420619 4.10086 97.4958
8 64 30 42 0.0421724 4.12922 97.913
8 64 31 43 0.0422637 4.12053 97.4958
8 64 32 44 0.0424806 4.08889 96.2531
8 64 33 45 0.0436204 4.1095 94.2106
8 64 34 46 0.044748 4.09044 91.4105
8 64 35 47 0.0459553 4.03989 87.9092
8 64 36 48 0.0482083 4.03869 83.7758
8 64 37 49 0.0509201 4.02723 79.0892
8 64 38 50 0.0540089 3.99319 73.9358
8 64 39 51 0.059075 4.04111 68.4065
8 64 40 52 0.0643607 4.02864 62.5948
8 64 41 53 0.0718495 4.06621 56.5934
8 64 42 54 0.080256 4.05239 50.4932
8 64 43 55 0.0904569 4.01457 44.381
8 64 44 56 0.104566 4.00885 38.3381
8 64 45 57 0.128389 4.16488 32.4396
8 64 46 58 0.161881 4.3309 26.7536
8 64 47 59 0.213379 4.55372 21.3409
8 64 48 60 0.29364 4.77312 16.255
8 64 49 61 0.442607 5.10855 11.542
9 21 10 13 1.52123 6.09508 4.00667
9 21 11 14 0.561801 5.14777 9.16298
9 21 12 15 0.326973 4.62247 14.1372
9 21 13 16 0.255778 4.41165 17.248
9 21 14 17 0.276329 4.76611 17.248
9 21 15 18 0.392763 5.55256 14.1372
9 21 16 19 0.709973 6.50547 9.16298
9 21 17 20 1.71372 6.86632 4.00667
9 31 10 15 1.60669 5.95082 3.70377
9 31 11 16 0.600875 5.04991 8.40426
9 31 12 17 0.338492 4.68192 13.8317
9 31 13 18 0.21736 4.26102 19.6035
9 31 14 19 0.166121 4.19152 25.2317
9 31 15 20 0.141007 4.25267 30.1593
9 31 16 21 0.121798 4.12074 33.8325
9 31 17 22 0.114561 4.10103 35.7978
9 31 18 23 0.114789 4.10919 35.7978
9 31 19 24 0.120094 4.06309 33.8325
9 31 20 25 0.140119 4.22589 30.1593
9 31 21 26 0.173472 4.37698 25.2317
9 31 22 27 0.240264 4.71003 19.6035
9 31 23 28 0.384277 5.31519 13.8317
9 31 24 29 0.715468 6.01298 8.40426
9 31 25 30 1.83923 6.81208 3.70377
10 22 11 14 1.81153 7.25819 4.00667
10 22 12 15 0.654615 5.99822 9.16298
10 22 13 16 0.352157 4.9785 14.1372
10 22 14 17 0.275824 4.7574 17.248
10 22 15 18 0.30184 5.20612 17.248
10 22 16 19 0.409688 5.79182 14.1372
10 22 17 20 0.664784 6.0914 9.16298
10 22 18 21 2.033 8.14556 4.00667
10 32 11 16 1.91113 7.07838 3.70377
10 32 12 17 0.713158 5.99357 8.40426
10 32 13 18 0.36256 5.01482 13.8317
10 32 14 19 0.236833 4.64277 19.6035
10 32 15 20 0.18342 4.628 25.2317
10 32 16 21 0.145136 4.37721 30.1593
10 32 17 22 0.125732 4.25384 33.8325
10 32 18 23 0.116755 4.17958 35.7978
10 32 19 24 0.113085 4.0482 35.7978
10 32 20 25 0.123162 4.16689 33.8325
10 32 21 26 0.141062 4.25434 30.1593
10 32 22 27 0.176054 4.44215 25.2317
10 32 23 28 0.246957 4.84123 19.6035
10 32 24 29 0.382457 5.29002 13.8317
10 32 25 30 0.68973 5.79667 8.40426
10 32 26 31 1.8291 6.77457 3.70377
11 23 12 15 1.89099 7.57657 4.00667
11 23 13 16 0.640697 5.87069 9.16298
11 23 14 17 0.356343 5.03768 14.1372
11 23 15 18 0.300152 5.17701 17.248
11 23 16 19 0.308576 5.3223 17.248
11 23 17 20 0.378221 5.34697 14.1372
11 23 18 21 0.712699 6.53045 9.16298
11 23 19 22 1.91208 7.66108 4.00667
11 33 12 17 2.01232 7.45318 3.70377
11 33 13 18 0.697507 5.86203 8.40426
11 33 14 19 0.368032 5.09049 13.8317
11 33 15 20 0.255333 5.00543 19.6035
11 33 16 21 0.18365 4.63379 25.2317
11 33 17 22 0.146804 4.4275 30.1593
11 33 18 23 0.126268 4.27196 33.8325
11 33 19 24 0.113226 4.05324 35.7978
11 33 20 25 0.115431 4.13217 35.7978
11 33 21 26 0.123647 4.18329 33.8325
11 33 22 27 0.142164 4.28757 30.1593
11 33 23 28 0.181506 4.57969 25.2317
11 33 24 29 0.251426 4.92884 19.6035
11 33 25 30 0.386 5.33903 13.8317
11 33 26 31 0.706964 5.94151 8.40426
11 33 27 32 1.74294 6.45546 3.70377
12 24 13 16 1.7199 6.89109 4.00667
12 24 14 17 0.598396 5.48309 9.16298
12 24 15 18 0.383924 5.4276 14.1372
12 24 16 19 0.304311 5.24874 17.248
12 24 17 20 0.292708 5.04861 17.248
12 24 18 21 0.40071 5.6649 14.1372
12 24 19 22 0.73407 6.72627 9.16298
12 24 20 23 2.09673 8.40089 4.00667
12 34 13 18 1.8366 6.80233 3.70377
12 34 14 19 0.656624 5.51844 8.40426
12 34 15 20 0.387802 5.36395 13.8317
12 34 16 21 0.249258 4.88634 19.6035
12 34 17 22 0.182013 4.59251 25.2317
12 34 18 23 0.144189 4.34865 30.1593
12 34 19 24 0.119197 4.03273 33.8325
12 34 20 25 0.113465 4.06181 35.7978
12 34 21 26 0.113765 4.07254 35.7978
12 34 22 27 0.121146 4.09869 33.8325
12 34 23 28 0.142058 4.28438 30.1593
12 34 24 29 0.179856 4.53808 25.2317
12 34 25 30 0.247732 4.85641 19.6035
12 34 26 31 0.384591 5.31954 13.8317
12 34 27 32 0.687439 5.77742 8.40426
12 34 28 33 2.20216 8.15631 3.70377
13 25 14 17 1.55098 6.21425 4.00667
13 25 15 18 0.653904 5.99171 9.16298
13 25 16 19 0.388555 5.49306 14.1372
13 25 17 20 0.292656 5.04772 17.248
13 25 18 21 0.293386 5.06031 17.248
13 25 19 22 0.388055 5.486 14.1372
13 25 20 23 0.726751 6.65921 9.16298
13 25 21 24 1.88666 7.55921 4.00667
13 35 14 19 1.67441 6.20164 3.70377
13 35 15 20 0.706869 5.94071 8.40426
13 35 16 21 0.383466 5.30397 13.8317
13 35 17 22 0.25054 4.91147 19.6035
13 35 18 23 0.180573 4.55617 25.2317
13 35 19 24 0.135995 4.10152 30.1593
13 35 20 25 0.120039 4.06123 33.8325
13 35 21 26 0.11234 4.02151 35.7978
13 35 22 27 0.110764 3.96511 35.7978
13 35 23 28 0.119425 4.04044 33.8325
13 35 24 29 0.138588 4.17972 30.1593
13 35 25 30 0.172993 4.3649 25.2317
13 35 26 31 0.236349 4.63328 19.6035
13 35 27 32 0.347782 4.81041 13.8317
13 35 28 33 0.702481 5.90384 8.40426
13 35 29 34 1.84295 6.82586 3.70377
14 26 15 18 1.68544 6.75301 4.00667
14 26 16 19 0.644052 5.90144 9.16298
14 26 17 20 0.377593 5.33809 14.1372
14 26 18 21 0.286483 4.94124 17.248
14 26 19 22 0.278609 4.80543 17.248
14 26 20 23 0.382872 5.41273 14.1372
14 26 21 24 0.650265 5.95836 9.16298
14 26 22 25 1.65131 6.61624 4.00667
14 36 15 20 1.79981 6.6661 3.70377
14 36 16 21 0.681492 5.72744 8.40426
14 36 17 22 0.37922 5.24525 13.8317
14 36 18 23 0.243746 4.77829 19.6035
14 36 19 24 0.166036 4.18937 25.2317
14 36 20 25 0.135457 4.0853 30.1593
14 36 21 26 0.11902 4.02673 33.8325
14 36 22 27 0.109881 3.93349 35.7978
14 36 23 28 0.11055 3.95744 35.7978
14 36 24 29 0.119821 4.05384 33.8325
14 36 25 30 0.139027 4.19296 30.1593
14 36 26 31 0.175008 4.41574 25.2317
14 36 27 32 0.232362 4.55512 19.6035
14 36 28 33 0.387148 5.3549 13.8317
14 36 29 34 0.777189 6.5317 8.40426
14 36 30 35 2.50537 9.27931 3.70377
15 27 16 19 1.6268 6.51807 4.00667
15 27 17 20 0.652546 5.97927 9.16298
15 27 18 21 0.373492 5.28012 14.1372
15 27 19 22 0.270942 4.67319 17.248
15 27 20 23 0.287412 4.95727 17.248
15 27 21 24 0.379012 5.35816 14.1372
15 27 22 25 0.63535 5.8217 9.16298
15 27 23 26 1.7651 7.07216 4.00667
15 37 16 21 1.71751 6.36126 3.70377
15 37 17 22 0.691618 5.81254 8.40426
15 37 18 23 0.372429 5.15131 13.8317
15 37 19 24 0.221129 4.33491 19.6035
15 37 20 25 0.16315 4.11654 25.2317
15 37 21 26 0.133107 4.01442 30.1593
15 37 22 27 0.114508 3.87409 33.8325
15 37 23 28 0.106964 3.82907 35.7978
15 37 24 29 0.107809 3.85932 35.7978
15 37 25 30 0.115736 3.91565 33.8325
15 37 26 31 0.133766 4.03427 30.1593
15 37 27 32 0.160674 4.05409 25.2317
15 37 28 33 0.225726 4.42504 19.6035
15 37 29 34 0.367004 5.07628 13.8317
15 37 30 35 0.760672 6.39289 8.40426
15 37 31 36 2.12666 7.87667 3.70377
16 28 17 20 2.06181 8.26099 4.00667
16 28 18 21 0.756149 6.92858 9.16298
16 28 19 22 0.37698 5.32943 14.1372
16 28 20 23 0.289311 4.99003 17.248
16 28 21 24 0.294833 5.08527 17.248
16 28 22 25 0.378342 5.34868 14.1372
16 28 23 26 0.674917 6.18425 9.16298
16 28 24 27 2.04442 8.19131 4.00667
16 38 17 22 2.1663 8.02348 3.70377
16 38 18 23 0.80382 6.75551 8.40426
16 38 19 24 0.377035 5.21503 13.8317
16 38 20 25 0.236255 4.63143 19.6035
16 38 21 26 0.17366 4.38174 25.2317
16 38 22 27 0.13691 4.12911 30.1593
16 38 23 28 0.117921 3.98958 33.8325
16 38 24 29 0.110532 3.95679 35.7978
16 38 25 30 0.110516 3.95622 35.7978
16 38 26 31 0.119229 4.0338 33.8325
16 38 27 32 0.133279 4.01961 30.1593
16 38 28 33 0.16777 4.23311 25.2317
16 38 29 34 0.238383 4.67315 19.6035
16 38 30 35 0.392671 5.4313 13.8317
16 38 31 36 0.747556 6.28265 8.40426
16 38 32 37 1.86282 6.89944 3.70377
17 29 18 21 2.23659 8.96128 4.00667
17 29 19 22 0.705875 6.46792 9.16298
17 29 20 23 0.380517 5.37943 14.1372
17 29 21 24 0.294728 5.08346 17.248
17 29 22 25 0.2909 5.01744 17.248
17 29 23 26 0.379222 5.36112 14.1372
17 29 24 27 0.722285 6.61828 9.16298
17 29 25 28 2.08687 8.36139 4.00667
17 39 18 23 2.35002 8.70396 3.70377
17 39 19 24 0.754763 6.34323 8.40426
17 39 20 25 0.379145 5.2442 13.8317
17 39 21 26 0.245416 4.81103 19.6035
17 39 22 27 0.175735 4.43409 25.2317
17 39 23 28 0.138778 4.18545 30.1593
17 39 24 29 0.120798 4.08692 33.8325
17 39 25 30 0.11249 4.0269 35.7978
17 39 26 31 0.113753 4.0721 35.7978
17 39 27 32 0.119712 4.05015 33.8325
17 39 28 33 0.13879 4.18579 30.1593
17 39 29 34 0.179576 4.531 25.2317
17 39 30 35 0.259669 5.09043 19.6035
17 39 31 36 0.413411 5.71816 13.8317
17 39 32 37 0.752585 6.32492 8.40426
17 39 33 38 1.84824 6.84544 3.70377
18 30 19 22 2.08748 8.36383 4.00667
18 30 20 23 0.676609 6.19975 9.16298
18 30 21 24 0.387727 5.48136 14.1372
18 30 22 25 0.293166 5.05652 17.248
18 30 23 26 0.285971 4.93241 17.248
18 30 24 27 0.388558 5.49311 14.1372
18 30 25 28 0.728829 6.67825 9.16298
18 30 26 29 2.00311 8.02581 4.00667
18 40 19 24 2.20626 8.17149 3.70377
18 40 20 25 0.725107 6.09399 8.40426
18 40 21 26 0.389464 5.38695 13.8317
18 40 22 27 0.247177 4.84554 19.6035
18 40 23 28 0.176173 4.44515 25.2317
18 40 24 29 0.140757 4.24512 30.1593
18 40 25 30 0.120955 4.09223 33.8325
18 40 26 31 0.113823 4.07459 35.7978
18 40 27 32 0.112458 4.02575 35.7978
18 40 28 33 0.120431 4.07448 33.8325
18 40 29 34 0.142577 4.30002 30.1593
18 40 30 35 0.18526 4.67443 25.2317
18 40 31 36 0.259352 5.08421 19.6035
18 40 32 37 0.400544 5.5402 13.8317
18 40 33 38 0.684631 5.75382 8.40426
18 40 34 39 1.86456 6.90589 3.70377
19 31 20 23 1.8997 7.61147 4.00667
19 31 21 24 0.697729 6.39328 9.16298
19 31 22 25 0.397047 5.61312 14.1372
19 31 23 26 0.290176 5.00495 17.248
19 31 24 27 0.286569 4.94273 17.248
19 31 25 28 0.38199 5.40025 14.1372
19 31 26 29 0.670593 6.14463 9.16298
19 31 27 30 1.73232 6.94084 4.00667
19 41 20 25 2.01731 7.47166 3.70377
19 41 21 26 0.751051 6.31203 8.40426
19 41 22 27 0.401216 5.54949 13.8317
19 41 23 28 0.251271 4.9258 19.6035
19 41 24 29 0.181689 4.58432 25.2317
19 41 25 30 0.1424 4.29469 30.1593
19 41 26 31 0.123936 4.19307 33.8325
19 41 27 32 0.114725 4.10689 35.7978
19 41 28 33 0.113978 4.08015 35.7978
19 41 29 34 0.124457 4.2107 33.8325
19 41 30 35 0.147768 4.45657 30.1593
19 41 31 36 0.1874 4.72841 25.2317
19 41 32 37 0.260236 5.10154 19.6035
19 41 33 38 0.377763 5.2251 13.8317
19 41 34 39 0.726083 6.10219 8.40426
19 41 35 40 2.22206 8.23 3.70377
20 32 21 24 1.71571 6.87429 4.00667
20 32 22 25 0.666112 6.10357 9.16298
20 32 23 26 0.372239 5.2624 14.1372
20 32 24 27 0.283705 4.89333 17.248
20 32 25 28 0.285308 4.92099 17.248
20 32 26 29 0.377018 5.32996 14.1372
20 32 27 30 0.641657 5.87949 9.16298
20 32 28 31 1.7144 6.86901 4.00667
20 42 21 26 1.82706 6.76703 3.70377
20 42 22 27 0.710216 5.96884 8.40426
20 42 23 28 0.374336 5.1777 13.8317
20 42 24 29 0.242228 4.74853 19.6035
20 42 25 30 0.172512 4.35277 25.2317
20 42 26 31 0.138704 4.18322 30.1593
20 42 27 32 0.120834 4.08814 33.8325
20 42 28 33 0.112017 4.00995 35.7978
20 42 29 34 0.113384 4.05889 35.7978
20 42 30 35 0.12388 4.19116 33.8325
20 42 31 36 0.143434 4.32586 30.1593
20 42 32 37 0.181419 4.57751 25.2317
20 42 33 38 0.232886 4.56539 19.6035
20 42 34 39 0.361296 4.99732 13.8317
20 42 35 40 0.744784 6.25936 8.40426
20 42 36 41 2.03027 7.51967 3.70377
21 33 22 25 2.03469 8.15231 4.00667
21 33 23 26 0.711806 6.52226 9.16298
21 33 24 27 0.397048 5.61314 14.1372
21 33 25 28 0.291398 5.02603 17.248
21 33 26 29 0.29228 5.04124 17.248
21 33 27 30 0.383478 5.4213 14.1372
21 33 28 31 0.654423 5.99646 9.16298
21 33 29 32 1.62535 6.51224 4.00667
21 43 22 27 2.14451 7.94276 3.70377
21 43 23 28 0.757944 6.36996 8.40426
21 43 24 29 0.401785 5.55735 13.8317
21 43 25 30 0.245731 4.8172 19.6035
21 43 26 31 0.176017 4.4412 25.2317
21 43 27 32 0.141644 4.27189 30.1593
21 43 28 33 0.121714 4.11789 33.8325
21 43 29 34 0.113852 4.07566 35.7978
21 43 30 35 0.114686 4.1055 35.7978
21 43 31 36 0.122134 4.1321 33.8325
21 43 32 37 0.142339 4.29284 30.1593
21 43 33 38 0.165791 4.18319 25.2317
21 43 34 39 0.219452 4.30203 19.6035
21 43 35 40 0.356364 4.92911 13.8317
21 43 36 41 0.662903 5.57121 8.40426
21 43 37 42 1.89762 7.02837 3.70377
22 34 23 26 1.91919 7.68957 4.00667
22 34 24 27 0.736282 6.74653 9.16298
22 34 25 28 0.39094 5.52679 14.1372
22 34 26 29 0.290739 5.01465 17.248
22 34 27 30 0.296522 5.11439 17.248
22 34 28 31 0.38316 5.4168 14.1372
22 34 29 32 0.635914 5.82686 9.16298
22 34 30 33 2.08866 8.36859 4.00667
22 44 23 28 2.02927 7.51597 3.70377
22 44 24 29 0.790309 6.64197 8.40426
22 44 25 30 0.397886 5.50343 13.8317
22 44 26 31 0.247856 4.85886 19.6035
22 44 27 32 0.182439 4.60324 25.2317
22 44 28 33 0.145023 4.37378 30.1593
22 44 29 34 0.125748 4.25436 33.8325
22 44 30 35 0.117768 4.21583 35.7978
22 44 31 36 0.116833 4.18238 35.7978
22 44 32 37 0.127779 4.3231 33.8325
22 44 33 38 0.139248 4.19962 30.1593
22 44 34 39 0.16734 4.22227 25.2317
22 44 35 40 0.237379 4.65348 19.6035
22 44 36 41 0.369932 5.11677 13.8317
22 44 37 42 0.7252 6.09477 8.40426
22 44 38 43 2.05147 7.59817 3.70377
23 35 24 27 2.08209 8.34223 4.00667
23 35 25 28 0.712794 6.53132 9.16298
23 35 26 29 0.377713 5.3398 14.1372
23 35 27 30 0.293921 5.06953 17.248
23 35 28 31 0.288223 4.97126 17.248
23 35 29 32 0.347526 4.91303 14.1372
23 35 30 33 0.656276 6.01344 9.16298
23 35 31 34 1.73867 6.96626 4.00667
23 45 24 29 2.20182 8.15505 3.70377
23 45 25 30 0.770932 6.47911 8.40426
23 45 26 31 0.388631 5.37542 13.8317
23 45 27 32 0.254318 4.98553 19.6035
23 45 28 33 0.18467 4.65954 25.2317
23 45 29 34 0.147062 4.43529 30.1593
23 45 30 35 0.127487 4.3132 33.8325
23 45 31 36 0.117013 4.18882 35.7978
23 45 32 37 0.119738 4.28636 35.7978
23 45 33 38 0.122372 4.14016 33.8325
23 45 34 39 0.134868 4.06753 30.1593
23 45 35 40 0.170941 4.31312 25.2317
23 45 36 41 0.235185 4.61046 19.6035
23 45 37 42 0.377857 5.2264 13.8317
23 45 38 43 0.711805 5.98219 8.40426
23 45 39 44 1.82715 6.76733 3.70377
24 36 25 28 1.87664 7.51908 4.00667
24 36 26 29 0.643022 5.89199 9.16298
24 36 27 30 0.382795 5.41163 14.1372
24 36 28 31 0.296434 5.11288 17.248
24 36 29 32 0.279889 4.82751 17.248
24 36 30 33 0.384488 5.43558 14.1372
24 36 31 34 0.728598 6.67613 9.16298
24 36 32 35 2.41518 9.67684 4.00667
24 46 25 30 1.99744 7.39807 3.70377
24 46 26 31 0.700118 5.88397 8.40426
24 46 27 32 0.388424 5.37256 13.8317
24 46 28 33 0.253495 4.9694 19.6035
24 46 29 34 0.183995 4.64251 25.2317
24 46 30 35 0.1467 4.42437 30.1593
24 46 31 36 0.124681 4.21828 33.8325
24 46 32 37 0.119515 4.27836 35.7978
24 46 33 38 0.114987 4.11629 35.7978
24 46 34 39 0.117456 3.97384 33.8325
24 46 35 40 0.135449 4.08506 30.1593
24 46 36 41 0.169005 4.26429 25.2317
24 46 37 42 0.237395 4.65378 19.6035
24 46 38 43 0.370223 5.1208 13.8317
24 46 39 44 0.653734 5.49415 8.40426
24 46 40 45 2.05849 7.62417 3.70377
25 37 26 29 1.64797 6.60287 4.00667
25 37 27 30 0.640429 5.86824 9.16298
25 37 28 31 0.380963 5.38573 14.1372
25 37 29 32 0.277186 4.7809 17.248
25 37 30 33 0.271554 4.68374 17.248
25 37 31 34 0.365871 5.17238 14.1372
25 37 32 35 0.728331 6.67368 9.16298
25 37 33 36 2.03016 8.13417 4.00667
25 47 26 31 1.76935 6.55327 3.70377
25 47 27 32 0.693805 5.83092 8.40426
25 47 28 33 0.387249 5.3563 13.8317
25 47 29 34 0.250671 4.91405 19.6035
25 47 30 35 0.182014 4.59252 25.2317
25 47 31 36 0.142664 4.30266 30.1593
25 47 32 37 0.127953 4.32897 33.8325
25 47 33 38 0.116237 4.16102 35.7978
25 47 34 39 0.110984 3.973 35.7978
25 47 35 40 0.118157 3.99756 33.8325
25 47 36 41 0.136162 4.10655 30.1593
25 47 37 42 0.173199 4.3701 25.2317
25 47 38 43 0.240131 4.70742 19.6035
25 47 39 44 0.353302 4.88676 13.8317
25 47 40 45 0.736321 6.18824 8.40426
25 47 41 46 2.1042 7.79349 3.70377
26 38 27 30 1.77845 7.12564 4.00667
26 38 28 31 0.689059 6.31383 9.16298
26 38 29 32 0.378909 5.3567 14.1372
26 38 30 33 0.278443 4.80258 17.248
26 38 31 34 0.278827 4.8092 17.248
26 38 32 35 0.39803 5.62702 14.1372
26 38 33 36 0.708261 6.48978 9.16298
26 38 34 37 1.7511 7.01607 4.00667
26 48 27 32 1.89226 7.00849 3.70377
26 48 28 33 0.735052 6.17756 8.40426
26 48 29 34 0.391612 5.41665 13.8317
26 48 30 35 0.24908 4.88285 19.6035
26 48 31 36 0.176055 4.44217 25.2317
26 48 32 37 0.145987 4.40287 30.1593
26 48 33 38 0.124684 4.21838 33.8325
26 48 34 39 0.111197 3.9806 35.7978
26 48 35 40 0.109449 3.91803 35.7978
26 48 36 41 0.11711 3.96213 33.8325
26 48 37 42 0.136294 4.11054 30.1593
26 48 38 43 0.172247 4.34609 25.2317
26 48 39 44 0.223595 4.38326 19.6035
26 48 40 45 0.366538 5.06983 13.8317
26 48 41 46 0.714004 6.00068 8.40426
26 48 42 47 1.93012 7.14873 3.70377
27 39 28 31 2.05857 8.248 4.00667
27 39 29 32 0.727796 6.66878 9.16298
27 39 30 33 0.387536 5.47866 14.1372
27 39 31 34 0.286074 4.93419 17.248
27 39 32 35 0.308797 5.32612 17.248
27 39 33 36 0.416588 5.88938 14.1372
27 39 34 37 0.699932 6.41346 9.16298
27 39 35 38 1.71675 6.87844 4.00667
27 49 28 33 2.16415 8.01552 3.70377
27 49 29 34 0.781639 6.5691 8.40426
27 49 30 35 0.401054 5.54725 13.8317
27 49 31 36 0.244606 4.79515 19.6035
27 49 32 37 0.182895 4.61476 25.2317
27 49 33 38 0.145233 4.38012 30.1593
27 49 34 39 0.120453 4.07522 33.8325
27 49 35 40 0.109446 3.91792 35.7978
27 49 36 41 0.10906 3.90411 35.7978
27 49 37 42 0.116998 3.95835 33.8325
27 49 38 43 0.136953 4.13042 30.1593
27 49 39 44 0.162198 4.09254 25.2317
27 49 40 45 0.225875 4.42796 19.6035
27 49 41 46 0.35316 4.88479 13.8317
27 49 42 47 0.641802 5.39387 8.40426
27 49 43 48 1.69849 6.29082 3.70377
28 40 29 32 2.08797 8.36581 4.00667
28 40 30 33 0.723748 6.63169 9.16298
28 40 31 34 0.379872 5.37032 14.1372
28 40 32 35 0.304443 5.25102 17.248
28 40 33 36 0.312819 5.3955 17.248
28 40 34 37 0.39796 5.62603 14.1372
28 40 35 38 0.623178 5.71017 9.16298
28 40 36 39 1.73688 6.95911 4.00667
28 50 29 34 2.20552 8.16874 3.70377
28 50 30 35 0.786399 6.60911 8.40426
28 50 31 36 0.389242 5.38387 13.8317
28 50 32 37 0.255454 5.00781 19.6035
28 50 33 38 0.186183 4.69771 25.2317
28 50 34 39 0.142859 4.30852 30.1593
28 50 35 40 0.119848 4.05475 33.8325
28 50 36 41 0.111657 3.99708 35.7978
28 50 37 42 0.111358 3.98638 35.7978
28 50 38 43 0.122716 4.1518 33.8325
28 50 39 44 0.136438 4.11489 30.1593
28 50 40 45 0.17204 4.34086 25.2317
28 50 41 46 0.238041 4.66645 19.6035
28 50 42 47 0.360227 4.98254 13.8317
28 50 43 48 0.671114 5.64022 8.40426
28 50 44 49 1.92337 7.12373 3.70377
29 41 30 33 1.99404 7.98946 4.00667
29 41 31 34 0.66374 6.08183 9.16298
29 41 32 35 0.38997 5.51307 14.1372
29 41 33 36 0.309879 5.34478 17.248
29 41 34 37 0.307396 5.30195 17.248
29 41 35 38 0.364246 5.14941 14.1372
29 41 36 39 0.664905 6.09251 9.16298
29 41 37 40 2.09884 8.40937 4.00667
29 51 30 35 2.12084 7.85511 3.70377
29 51 31 36 0.720293 6.05353 8.40426
29 51 32 37 0.391473 5.41473 13.8317
29 51 33 38 0.256517 5.02864 19.6035
29 51 34 39 0.180468 4.55351 25.2317
29 51 35 40 0.138632 4.18106 30.1593
29 51 36 41 0.120259 4.06866 33.8325
29 51 37 42 0.110836 3.96769 35.7978
29 51 38 43 0.114715 4.10656 35.7978
29 51 39 44 0.120136 4.06449 33.8325
29 51 40 45 0.139005 4.19229 30.1593
29 51 41 46 0.174732 4.40879 25.2317
29 51 42 47 0.233539 4.57818 19.6035
29 51 43 48 0.362677 5.01644 13.8317
29 51 44 49 0.691642 5.81274 8.40426
29 51 45 50 1.71404 6.34841 3.70377
30 42 31 34 1.72301 6.90352 4.00667
30 42 32 35 0.649787 5.95398 9.16298
30 42 33 36 0.390514 5.52076 14.1372
30 42 34 37 0.299727 5.16967 17.248
30 42 35 38 0.268211 4.62609 17.248
30 42 36 39 0.351191 4.96485 14.1372
30 42 37 40 0.689204 6.31516 9.16298
30 42 38 41 1.93345 7.7467 4.00667
30 52 31 36 1.8435 6.82789 3.70377
30 52 32 37 0.699528 5.87901 8.40426
30 52 33 38 0.391358 5.41314 13.8317
30 52 34 39 0.248055 4.86276 19.6035
30 52 35 40 0.172039 4.34083 25.2317
30 52 36 41 0.138814 4.18654 30.1593
30 52 37 42 0.117763 3.98421 33.8325
30 52 38 43 0.114404 4.0954 35.7978
30 52 39 44 0.113186 4.05179 35.7978
30 52 40 45 0.121434 4.10842 33.8325
30 52 41 46 0.140897 4.24934 30.1593
30 52 42 47 0.171508 4.32744 25.2317
30 52 43 48 0.236706 4.64028 19.6035
30 52 44 49 0.376839 5.21231 13.8317
30 52 45 50 0.665245 5.5909 8.40426
30 52 46 51 2.06509 7.64861 3.70377
31 43 32 35 1.73388 6.94708 4.00667
31 43 33 36 0.664119 6.08531 9.16298
31 43 34 37 0.388598 5.49367 14.1372
31 43 35 38 0.265784 4.58423 17.248
31 43 36 39 0.257486 4.44111 17.248
31 43 37 40 0.345519 4.88466 14.1372
31 43 38 41 0.624333 5.72075 9.16298
31 43 39 42 1.81183 7.25942 4.00667
31 53 32 37 1.84488 6.83302 3.70377
31 53 33 38 0.712997 5.99222 8.40426
31 53 34 39 0.384047 5.31201 13.8317
31 53 35 40 0.23414 4.58997 19.6035
31 53 36 41 0.173267 4.37181 25.2317
31 53 37 42 0.133582 4.02873 30.1593
31 53 38 43 0.12111 4.09747 33.8325
31 53 39 44 0.112959 4.04369 35.7978
31 53 40 45 0.112505 4.02742 35.7978
31 53 41 46 0.12097 4.09272 33.8325
31 53 42 47 0.135078 4.07386 30.1593
31 53 43 48 0.16856 4.25306 25.2317
31 53 44 49 0.235317 4.61305 19.6035
31 53 45 50 0.34163 4.72531 13.8317
31 53 46 51 0.689585 5.79545 8.40426
31 53 47 52 1.85163 6.858 3.70377
32 44 33 36 1.65249 6.62097 4.00667
32 44 34 37 0.659812 6.04584 9.16298
32 44 35 38 0.343342 4.85389 14.1372
32 44 36 39 0.263634 4.54715 17.248
32 44 37 40 0.262973 4.53574 17.248
32 44 38 41 0.365417 5.16596 14.1372
32 44 39 42 0.688135 6.30536 9.16298
32 44 40 43 1.93985 7.77233 4.00667
32 54 33 38 1.75715 6.50809 3.70377
32 54 34 39 0.690824 5.80587 8.40426
32 54 35 40 0.347332 4.80418 13.8317
32 54 36 41 0.231758 4.54328 19.6035
32 54 37 42 0.160795 4.05713 25.2317
32 54 38 43 0.135445 4.08491 30.1593
32 54 39 44 0.119372 4.03867 33.8325
32 54 40 45 0.111175 3.97982 35.7978
32 54 41 46 0.111832 4.00334 35.7978
32 54 42 47 0.116188 3.93093 33.8325
32 54 43 48 0.133813 4.0357 30.1593
32 54 44 49 0.170326 4.29762 25.2317
32 54 45 50 0.218577 4.28489 19.6035
32 54 46 51 0.353596 4.89082 13.8317
32 54 47 52 0.663411 5.57548 8.40426
32 54 48 53 1.84347 6.8278 3.70377
33 45 34 37 2.11781 8.48536 4.00667
33 45 35 38 0.657185 6.02177 9.16298
33 45 36 39 0.374809 5.29873 14.1372
33 45 37 40 0.261523 4.51073 17.248
33 45 38 41 0.274296 4.73104 17.248
33 45 39 42 0.383834 5.42632 14.1372
33 45 40 43 0.663417 6.07888 9.16298
33 45 41 44 1.7138 6.86664 4.00667
33 55 34 39 2.20816 8.17851 3.70377
33 55 35 40 0.703623 5.91343 8.40426
33 55 36 41 0.387115 5.35445 13.8317
33 55 37 42 0.226312 4.43653 19.6035
33 55 38 43 0.170863 4.31117 25.2317
33 55 39 44 0.139716 4.21373 30.1593
33 55 40 45 0.120497 4.07672 33.8325
33 55 41 46 0.112997 4.04502 35.7978
33 55 42 47 0.109342 3.91419 35.7978
33 55 43 48 0.117162 3.96389 33.8325
33 55 44 49 0.138535 4.17811 30.1593
33 55 45 50 0.162659 4.10416 25.2317
33 55 46 51 0.227683 4.46339 19.6035
33 55 47 52 0.352449 4.87496 13.8317
33 55 48 53 0.670864 5.63811 8.40426
33 55 49 54 1.75941 6.51647 3.70377
34 46 35 38 1.73895 6.96741 4.00667
34 46 36 39 0.715229 6.55363 9.16298
34 46 37 40 0.352125 4.97806 14.1372
34 46 38 41 0.274788 4.73954 17.248
34 46 39 42 0.292304 5.04164 17.248
34 46 40 43 0.370376 5.23606 14.1372
34 46 41 44 0.604794 5.54171 9.16298
34 46 42 45 1.94438 7.7905 4.00667
34 56 35 40 1.84673 6.83986 3.70377
34 56 36 41 0.773729 6.50262 8.40426
34 56 37 42 0.365539 5.05602 13.8317
34 56 38 43 0.240709 4.71875 19.6035
34 56 39 44 0.180135 4.54512 25.2317
34 56 40 45 0.142584 4.30023 30.1593
34 56 41 46 0.124082 4.19801 33.8325
34 56 42 47 0.111565 3.99377 35.7978
34 56 43 48 0.111413 3.98835 35.7978
34 56 44 49 0.123633 4.18282 33.8325
34 56 45 50 0.13537 4.08265 30.1593
34 56 46 51 0.171683 4.33186 25.2317
34 56 47 52 0.23645 4.63526 19.6035
34 56 48 53 0.374084 5.1742 13.8317
34 56 49 54 0.684705 5.75444 8.40426
34 56 50 55 1.77684 6.58103 3.70377
35 47 36 39 2.38091 9.53951 4.00667
35 47 37 40 0.696896 6.38564 9.16298
35 47 38 41 0.380278 5.37606 14.1372
35 47 39 42 0.30544 5.26822 17.248
35 47 40 43 0.292757 5.04946 17.248
35 47 41 44 0.352053 4.97703 14.1372
35 47 42 45 0.684176 6.26909 9.16298
35 47 43 46 1.99264 7.98384 4.00667
35 57 36 41 2.50818 9.28972 3.70377
35 57 37 42 0.758825 6.37736 8.40426
35 57 38 43 0.394459 5.45603 13.8317
35 57 39 44 0.259644 5.08993 19.6035
35 57 40 45 0.184484 4.65485 25.2317
35 57 41 46 0.146822 4.42805 30.1593
35 57 42 47 0.121299 4.10386 33.8325
35 57 43 48 0.111921 4.00654 35.7978
35 57 44 49 0.116198 4.15962 35.7978
35 57 45 50 0.118811 4.01969 33.8325
35 57 46 51 0.137951 4.1605 30.1593
35 57 47 52 0.172971 4.36434 25.2317
35 57 48 53 0.240985 4.72417 19.6035
35 57 49 54 0.36795 5.08937 13.8317
35 57 50 55 0.655146 5.50601 8.40426
35 57 51 56 1.69221 6.26756 3.70377
36 48 37 40 1.98686 7.96069 4.00667
36 48 38 41 0.682276 6.25168 9.16298
36 48 39 42 0.408993 5.782 14.1372
36 48 40 43 0.299277 5.16192 17.248
36 48 41 44 0.273261 4.7132 17.248
36 48 42 45 0.361189 5.10619 14.1372
36 48 43 46 0.66425 6.08651 9.16298
36 48 44 47 1.84188 7.3798 4.00667
36 58 37 42 2.11564 7.83585 3.70377
36 58 38 43 0.745955 6.2692 8.40426
36 58 39 44 0.411596 5.69306 13.8317
36 58 40 45 0.257618 5.05023 19.6035
36 58 41 46 0.186137 4.69656 25.2317
36 58 42 47 0.140548 4.23881 30.1593
36 58 43 48 0.119572 4.04543 33.8325
36 58 44 49 0.116234 4.16091 35.7978
36 58 45 50 0.111422 3.98867 35.7978
36 58 46 51 0.119689 4.04939 33.8325
36 58 47 52 0.138688 4.18273 30.1593
36 58 48 53 0.175446 4.42679 25.2317
36 58 49 54 0.238421 4.6739 19.6035
36 58 50 55 0.359007 4.96567 13.8317
36 58 51 56 0.653887 5.49544 8.40426
36 58 52 57 2.02944 7.5166 3.70377
37 49 38 41 1.72773 6.92243 4.00667
37 49 39 42 0.699621 6.41062 9.16298
37 49 40 43 0.392697 5.55162 14.1372
37 49 41 44 0.282066 4.86505 17.248
37 49 42 45 0.266866 4.6029 17.248
37 49 43 46 0.346575 4.89959 14.1372
37 49 44 47 0.608611 5.57669 9.16298
37 49 45 48 1.60312 6.42315 4.00667
37 59 38 43 1.85732 6.87911 3.70377
37 59 39 44 0.747118 6.27897 8.40426
37 59 40 45 0.395353 5.46839 13.8317
37 59 41 46 0.255971 5.01793 19.6035
37 59 42 47 0.175288 4.42282 25.2317
37 59 43 48 0.136527 4.11755 30.1593
37 59 44 49 0.124173 4.20109 33.8325
37 59 45 50 0.111654 3.99697 35.7978
37 59 46 51 0.11137 3.98681 35.7978
37 59 47 52 0.120055 4.06175 33.8325
37 59 48 53 0.13959 4.20994 30.1593
37 59 49 54 0.172704 4.35761 25.2317
37 59 50 55 0.231714 4.54241 19.6035
37 59 51 56 0.3482 4.81619 13.8317
37 59 52 57 0.72792 6.11763 8.40426
37 59 53 58 1.94472 7.20279 3.70377
38 50 39 42 1.75322 7.02458 4.00667
38 50 40 43 0.648109 5.93861 9.16298
38 50 41 44 0.368919 5.21547 14.1372
38 50 42 45 0.267818 4.61931 17.248
38 50 43 46 0.266711 4.60022 17.248
38 50 44 47 0.360497 5.09641 14.1372
38 50 45 48 0.625663 5.73293 9.16298
38 50 46 49 1.80916 7.24872 4.00667
38 60 39 44 1.85208 6.85967 3.70377
38 60 40 45 0.684918 5.75623 8.40426
38 60 41 46 0.377787 5.22543 13.8317
38 60 42 47 0.22959 4.50077 19.6035
38 60 43 48 0.162193 4.09239 25.2317
38 60 44 49 0.137882 4.15843 30.1593
38 60 45 50 0.116674 3.94737 33.8325
38 60 46 51 0.108937 3.89969 35.7978
38 60 47 52 0.110225 3.94581 35.7978
38 60 48 53 0.119369 4.03855 33.8325
38 60 49 54 0.136753 4.12437 30.1593
38 60 50 55 0.168536 4.25244 25.2317
38 60 51 56 0.223097 4.37349 19.6035
38 60 52 57 0.376276 5.20452 13.8317
38 60 53 58 0.723476 6.08028 8.40426
38 60 54 59 1.92596 7.13333 3.70377
39 51 40 43 1.78272 7.14279 4.00667
39 51 41 44 0.683399 6.26197 9.16298
39 51 42 45 0.358231 5.06438 14.1372
39 51 43 46 0.261715 4.51405 17.248
39 51 44 47 0.275068 4.74436 17.248
39 51 45 48 0.358443 5.06737 14.1372
39 51 46 49 0.637281 5.83939 9.16298
39 51 47 50 1.60731 6.43995 4.00667
39 61 40 45 1.87307 6.93743 3.70377
39 61 41 46 0.732688 6.1577 8.40426
39 61 42 47 0.36239 5.01246 13.8317
39 61 43 48 0.219556 4.30408 19.6035
39 61 44 49 0.169786 4.28398 25.2317
39 61 45 50 0.132981 4.0106 30.1593
39 61 46 51 0.115176 3.8967 33.8325
39 61 47 52 0.108959 3.90048 35.7978
39 61 48 53 0.109937 3.93551 35.7978
39 61 49 54 0.117256 3.96707 33.8325
39 61 50 55 0.134286 4.04998 30.1593
39 61 51 56 0.160787 4.05692 25.2317
39 61 52 57 0.231349 4.53526 19.6035
39 61 53 58 0.363969 5.03431 13.8317
39 61 54 59 0.676144 5.68249 8.40426
39 61 55 60 1.70064 6.29879 3.70377
40 52 41 44 2.11869 8.48888 4.00667
40 52 42 45 0.697724 6.39323 9.16298
40 52 43 46 0.353881 5.00287 14.1372
40 52 44 47 0.282577 4.87389 17.248
40 52 45 48 0.280027 4.8299 17.248
40 52 46 49 0.367847 5.20031 14.1372
40 52 47 50 0.615338 5.63833 9.16298
40 52 48 51 1.95524 7.83399 4.00667
40 62 41 46 2.23229 8.26789 3.70377
40 62 42 47 0.747506 6.28224 8.40426
40 62 43 48 0.357745 4.94821 13.8317
40 62 44 49 0.241985 4.74377 19.6035
40 62 45 50 0.171395 4.32459 25.2317
40 62 46 51 0.135658 4.09136 30.1593
40 62 47 52 0.11921 4.03317 33.8325
40 62 48 53 0.111965 4.0081 35.7978
40 62 49 54 0.111724 3.99947 35.7978
40 62 50 55 0.120557 4.07876 33.8325
40 62 51 56 0.134178 4.04671 30.1593
40 62 52 57 0.174155 4.39423 25.2317
40 62 53 58 0.242727 4.75831 19.6035
40 62 54 59 0.380493 5.26285 13.8317
40 62 55 60 0.686451 5.76912 8.40426
40 62 56 61 1.82795 6.77032 3.70377
41 53 42 45 1.92736 7.72229 4.00667
41 53 43 46 0.616916 5.65278 9.16298
41 53 44 47 0.368981 5.21635 14.1372
41 53 45 48 0.277392 4.78445 17.248
41 53 46 49 0.272852 4.70613 17.248
41 53 47 50 0.336426 4.75611 14.1372
41 53 48 51 0.641383 5.87698 9.16298
41 53 49 52 1.74396 6.98748 4.00667
41 63 42 47 2.03711 7.54498 3.70377
41 63 43 48 0.665233 5.59079 8.40426
41 63 44 49 0.375843 5.19853 13.8317
41 63 45 50 0.235924 4.62495 19.6035
41 63 46 51 0.169184 4.2688 25.2317
41 63 47 52 0.137181 4.13729 30.1593
41 63 48 53 0.119439 4.04091 33.8325
41 63 49 54 0.111268 3.98313 35.7978
41 63 50 55 0.113194 4.05209 35.7978
41 63 51 56 0.11771 3.98244 33.8325
41 63 52 57 0.1397 4.21325 30.1593
41 63 53 58 0.176407 4.45105 25.2317
41 63 54 59 0.245154 4.80589 19.6035
41 63 55 60 0.3735 5.16612 13.8317
41 63 56 61 0.674805 5.67124 8.40426
41 63 57 62 1.63991 6.07387 3.70377
42 54 43 46 1.78806 7.16414 4.00667
42 54 44 47 0.677759 6.21029 9.16298
42 54 45 48 0.374127 5.28909 14.1372
42 54 46 49 0.27695 4.77682 17.248
42 54 47 50 0.260581 4.49449 17.248
42 54 48 51 0.349383 4.93929 14.1372
42 54 49 52 0.614928 5.63457 9.16298
42 54 50 53 1.75369 7.02646 4.00667
42 64 43 48 1.89848 7.03154 3.70377
42 64 44 49 0.7308 6.14183 8.40426
42 64 45 50 0.377791 5.22548 13.8317
42 64 46 51 0.237158 4.64914 19.6035
42 64 47 52 0.174162 4.3944 25.2317
42 64 48 53 0.138918 4.18967 30.1593
42 64 49 54 0.120042 4.06134 33.8325
42 64 50 55 0.115018 4.1174 35.7978
42 64 51 56 0.112201 4.01656 35.7978
42 64 52 57 0.123288 4.17115 33.8325
42 64 53 58 0.143531 4.32879 30.1593
42 64 54 59 0.182633 4.60814 25.2317
42 64 55 60 0.251227 4.92493 19.6035
42 64 56 61 0.386303 5.34322 13.8317
42 64 57 62 0.679495 5.71065 8.40426
42 64 58 63 1.98828 7.36412 3.70377
43 55 44 47 1.93954 7.77111 4.00667
43 55 45 48 0.662311 6.06874 9.16298
43 55 46 49 0.364501 5.15301 14.1372
43 55 47 50 0.267207 4.60877 17.248
43 55 48 51 0.265016 4.57099 17.248
43 55 49 52 0.343665 4.85846 14.1372
43 55 50 53 0.633738 5.80692 9.16298
43 55 51 54 1.66163 6.65762 4.00667
44 56 45 48 1.73012 6.93201 4.00667
44 56 46 49 0.615019 5.63541 9.16298
44 56 47 50 0.345256 4.88093 14.1372
44 56 48 51 0.261198 4.50514 17.248
44 56 49 52 0.262846 4.53356 17.248
44 56 50 53 0.371773 5.25582 14.1372
44 56 51 54 0.638324 5.84895 9.16298
44 56 52 55 1.66609 6.67548 4.00667
45 57 46 49 1.95948 7.851 4.00667
45 57 47 50 0.68482 6.27499 9.16298
45 57 48 51 0.358631 5.07003 14.1372
45 57 49 52 0.26213 4.5212 17.248
45 57 50 53 0.283853 4.89589 17.248
45 57 51 54 0.365736 5.17047 14.1372
45 57 52 55 0.604529 5.53929 9.16298
45 57 53 56 1.57769 6.32127 4.00667
46 58 47 50 1.99235 7.98267 4.00667
46 58 48 51 0.661008 6.0568 9.16298
46 58 49 52 0.342749 4.8455 14.1372
46 58 50 53 0.28338 4.88773 17.248
46 58 51 54 0.282332 4.86964 17.248
46 58 52 55 0.353481 4.99722 14.1372
46 58 53 56 0.599849 5.49641 9.16298
46 58 54 57 1.91609 7.67716 4.00667
47 59 48 51 1.82608 7.3165 4.00667
47 59 49 52 0.590457 5.41034 9.16298
47 59 50 53 0.363031 5.13223 14.1372
47 59 51 54 0.279404 4.81916 17.248
47 59 52 55 0.271292 4.67924 17.248
47 59 53 56 0.337557 4.77209 14.1372
47 59 54 57 0.675144 6.18633 9.16298
47 59 55 58 1.84537 7.3938 4.00667
48 60 49 52 1.58357 6.34484 4.00667
48 60 50 53 0.630128 5.77385 9.16298
48 60 51 54 0.363787 5.14292 14.1372
48 60 52 55 0.274692 4.73788 17.248
48 60 53 56 0.257382 4.43931 17.248
48 60 54 57 0.367015 5.18856 14.1372
48 60 55 58 0.680594 6.23627 9.16298
48 60 56 59 1.83502 7.35231 4.00667
49 61 50 53 1.81341 7.26574 4.00667
49 61 51 54 0.644578 5.90625 9.16298
49 61 52 55 0.366658 5.18351 14.1372
49 61 53 56 0.258039 4.45065 17.248
49 61 54 57 0.26571 4.58295 17.248
49 61 55 58 0.362822 5.12928 14.1372
49 61 56 59 0.642171 5.8842 9.16298
49 61 57 60 1.59649 6.39662 4.00667
50 62 51 54 1.62992 6.53057 4.00667
50 62 52 55 0.626508 5.74068 9.16298
50 62 53 56 0.332466 4.70013 14.1372
50 62 54 57 0.259933 4.48332 17.248
50 62 55 58 0.277105 4.7795 17.248
50 62 56 59 0.381515 5.39354 14.1372
50 62 57 60 0.6362 5.82949 9.16298
50 62 58 61 1.70882 6.84668 4.00667
51 63 52 55 1.96466 7.87173 4.00667
51 63 53 56 0.636009 5.82774 9.16298
51 63 54 57 0.348159 4.92198 14.1372
51 63 55 58 0.274324 4.73154 17.248
51 63 56 59 0.291408 5.02619 17.248
51 63 57 60 0.368774 5.21342 14.1372
51 63 58 61 0.61937 5.67528 9.16298
51 63 59 62 1.52271 6.10098 4.00667
52 64 53 56 1.73906 6.96784 4.00667
52 64 54 57 0.613633 5.6227 9.16298
52 64 55 58 0.353151 4.99256 14.1372
52 64 56 59 0.291387 5.02584 17.248
52 64 57 60 0.291053 5.02006 17.248
52 64 58 61 0.375105 5.30292 14.1372
52 64 59 62 0.620877 5.68908 9.16298
52 64 60 63 1.87079 7.49564 4.00667
