64
# x y z
0.0 0.0 0.0
0.5 0.0 0.0
1.0 0.0 0.0
1.5 0.0 0.0
2.0 0.0 0.0
2.5 0.0 0.0
3.0 0.0 0.0
3.5 0.0 0.0
4.0 0.0 0.0
4.5 0.0 0.0
5.0 0.0 0.0
5.5 0.0 0.0
6.0 0.0 0.0
6.5 0.0 0.0
7.0 0.0 0.0
7.5 0.0 0.0
8.0 0.0 0.0
8.5 0.0 0.0
9.0 0.0 0.0
9.5 0.0 0.0
10.0 0.0 0.0
10.5 0.0 0.0
11.0 0.0 0.0
11.5 0.0 0.0
12.0 0.0 0.0
12.5 0.0 0.0
13.0 0.0 0.0
13.5 0.0 0.0
14.0 0.0 0.0
14.5 0.0 0.0
15.0 0.0 0.0
15.5 0.0 0.0
16.0 0.0 0.0
16.5 0.0 0.0
17.0 0.0 0.0
17.5 0.0 0.0
18.0 0.0 0.0
18.5 0.0 0.0
19.0 0.0 0.0
19.5 0.0 0.0
20.0 0.0 0.0
20.5 0.0 0.0
21.0 0.0 0.0
21.5 0.0 0.0
22.0 0.0 0.0
22.5 0.0 0.0
23.0 0.0 0.0
23.5 0.0 0.0
24.0 0.0 0.0
24.5 0.0 0.0
25.0 0.0 0.0
25.5 0.0 0.0
26.0 0.0 0.0
26.5 0.0 0.0
27.0 0.0 0.0
27.5 0.0 0.0
28.0 0.0 0.0
28.5 0.0 0.0
29.0 0.0 0.0
29.5 0.0 0.0
30.0 0.0 0.0
30.5 0.0 0.0
31.0 0.0 0.0
31.5 0.0 0.0
1400
# a b m n r rhoa k
1 13 2 5 1.86085 7.45581 4.00667
1 13 3 6 0.710081 6.50646 9.16298
1 13 4 7 0.406735 5.75008 14.1372
1 13 5 8 0.294277 5.07568 17.248
1 13 6 9 0.254028 4.38146 17.248
1 13 7 10 0.359453 5.08165 14.1372
1 13 8 11 0.688678 6.31035 9.16298
1 13 9 12 1.98362 7.94772 4.00667
1 23 2 7 1.98935 7.36809 3.70377
1 23 3 8 0.757326 6.36476 8.40426
1 23 4 9 0.399464 5.52526 13.8317
1 23 5 10 0.252705 4.95391 19.6035
1 23 6 11 0.173359 4.37413 25.2317
1 23 7 12 0.132578 3.99845 30.1593
1 23 8 13 0.115945 3.9227 33.8325
1 23 9 14 0.109265 3.91146 35.7978
1 23 10 15 0.0999116 3.57661 35.7978
1 23 11 16 0.115402 3.90435 33.8325
1 23 12 17 0.13078 3.94422 30.1593
1 23 13 18 0.16723 4.21949 25.2317
1 23 14 19 0.226633 4.44281 19.6035
1 23 15 20 0.3556 4.91854 13.8317
1 23 16 21 0.788899 6.63011 8.40426
1 23 17 22 2.01943 7.47952 3.70377
1 57 4 16 0.46457 5.36204 11.542
1 57 5 17 0.299023 4.86063 16.255
1 57 6 18 0.206648 4.41007 21.3409
1 57 7 19 0.154795 4.14132 26.7536
1 57 8 20 0.126711 4.11045 32.4396
1 57 9 21 0.110964 4.25414 38.3381
1 57 10 22 0.0931045 4.13207 44.381
1 57 11 23 0.0821145 4.14622 50.4932
1 57 12 24 0.0731683 4.14085 56.5934
1 57 13 25 0.0658826 4.12391 62.5948
1 57 14 26 0.0620164 4.24233 68.4065
1 57 15 27 0.0592134 4.37799 73.9358
1 57 16 28 0.0522745 4.13435 79.0892
1 57 17 29 0.050566 4.23621 83.7758
1 57 18 30 0.0471571 4.14554 87.9092
1 57 19 31 0.0451181 4.12427 91.4105
1 57 20 32 0.0434612 4.09451 94.2106
1 57 21 33 0.0422239 4.06418 96.2531
1 57 22 34 0.0421359 4.10807 97.4958
1 57 23 35 0.0435644 4.26552 97.913
1 57 24 36 0.0431307 4.20506 97.4958
1 57 25 37 0.0445624 4.28926 96.2531
1 57 26 38 0.0436856 4.11564 94.2106
1 57 27 39 0.0459866 4.20366 91.4105
1 57 28 40 0.0479175 4.21239 87.9092
1 57 29 41 0.0485403 4.0665 83.7758
1 57 30 42 0.051564 4.07816 79.0892
1 57 31 43 0.0569818 4.21299 73.9358
1 57 32 44 0.0582113 3.98203 68.4065
1 57 33 45 0.0657029 4.11265 62.5948
1 57 34 46 0.0719169 4.07002 56.5934
1 57 35 47 0.0798339 4.03107 50.4932
1 57 36 48 0.090602 4.02101 44.381
1 57 37 49 0.107523 4.12224 38.3381
1 57 38 50 0.119491 3.87625 32.4396
1 57 39 51 0.154227 4.12612 26.7536
1 57 40 52 0.19469 4.15487 21.3409
1 57 41 53 0.283122 4.60215 16.255
1 57 42 54 0.409414 4.72543 11.542
2 14 3 6 1.83176 7.33927 4.00667
2 14 4 7 0.683722 6.26493 9.16298
2 14 5 8 0.38244 5.40661 14.1372
2 14 6 9 0.25809 4.45152 17.248
2 14 7 10 0.267177 4.60826 17.248
2 14 8 11 0.37508 5.30257 14.1372
2 14 9 12 0.6775 6.20792 9.16298
2 14 10 13 1.72262 6.90198 4.00667
2 24 3 8 1.93411 7.16352 3.70377
2 24 4 9 0.713311 5.99486 8.40426
2 24 5 10 0.378905 5.2409 13.8317
2 24 6 11 0.23044 4.51743 19.6035
2 24 7 12 0.160636 4.05313 25.2317
2 24 8 13 0.130972 3.95002 30.1593
2 24 9 14 0.117813 3.98591 33.8325
2 24 10 15 0.101944 3.64936 35.7978
2 24 11 16 0.109391 3.91594 35.7978
2 24 12 17 0.116248 3.93295 33.8325
2 24 13 18 0.137931 4.1599 30.1593
2 24 14 19 0.172129 4.34312 25.2317
2 24 15 20 0.23954 4.69583 19.6035
2 24 16 21 0.406476 5.62224 13.8317
2 24 17 22 0.743675 6.25004 8.40426
2 24 18 23 2.92935 10.8497 3.70377
2 58 5 17 0.439437 5.07196 11.542
2 58 6 18 0.275476 4.47787 16.255
2 58 7 19 0.193349 4.12624 21.3409
2 58 8 20 0.152021 4.0671 26.7536
2 58 9 21 0.129987 4.21671 32.4396
2 58 10 22 0.106613 4.08734 38.3381
2 58 11 23 0.0922083 4.09229 44.381
2 58 12 24 0.0810006 4.08998 50.4932
2 58 13 25 0.0719289 4.0707 56.5934
2 58 14 26 0.0669464 4.19049 62.5948
2 58 15 27 0.0633671 4.33473 68.4065
2 58 16 28 0.0552942 4.08822 73.9358
2 58 17 29 0.0529967 4.19147 79.0892
2 58 18 30 0.0489212 4.09841 83.7758
2 58 19 31 0.0464503 4.08341 87.9092
2 58 20 32 0.0443877 4.0575 91.4105
2 58 21 33 0.0427878 4.03107 94.2106
2 58 22 34 0.0424238 4.08342 96.2531
2 58 23 35 0.0433264 4.22414 97.4958
2 58 24 36 0.0426661 4.17756 97.913
2 58 25 37 0.0437292 4.26342 97.4958
2 58 26 38 0.0425527 4.09583 96.2531
2 58 27 39 0.0444031 4.18324 94.2106
2 58 28 40 0.0459209 4.19765 91.4105
2 58 29 41 0.0461069 4.05322 87.9092
2 58 30 42 0.0485274 4.06542 83.7758
2 58 31 43 0.0530516 4.19581 79.0892
2 58 32 44 0.0537957 3.97743 73.9358
2 58 33 45 0.0599173 4.09874 68.4065
2 58 34 46 0.0647909 4.05557 62.5948
2 58 35 47 0.0705683 3.9937 56.5934
2 58 36 48 0.0789005 3.98394 50.4932
2 58 37 49 0.0915701 4.06397 44.381
2 58 38 50 0.100183 3.84084 38.3381
2 58 39 51 0.12415 4.02738 32.4396
2 58 40 52 0.150478 4.02583 26.7536
2 58 41 53 0.203967 4.35285 21.3409
2 58 42 54 0.270159 4.39144 16.255
2 58 43 55 0.386144 4.45686 11.542
3 15 4 7 1.95325 7.82604 4.00667
3 15 5 8 0.685754 6.28355 9.16298
3 15 6 9 0.345562 4.88527 14.1372
3 15 7 10 0.266596 4.59823 17.248
3 15 8 11 0.296637 5.11638 17.248
3 15 9 12 0.427979 6.05041 14.1372
3 15 10 13 0.743652 6.81407 9.16298
3 15 11 14 1.89581 7.5959 4.00667
3 25 4 9 2.0288 7.5142 3.70377
3 25 5 10 0.714604 6.00572 8.40426
3 25 6 11 0.351086 4.85611 13.8317
3 25 7 12 0.211883 4.15366 19.6035
3 25 8 13 0.1571 3.96389 25.2317
3 25 9 14 0.133364 4.02215 30.1593
3 25 10 15 0.108737 3.67883 33.8325
3 25 11 16 0.108518 3.8847 35.7978
3 25 12 17 0.10854 3.8855 35.7978
3 25 13 18 0.120316 4.07061 33.8325
3 25 14 19 0.140134 4.22633 30.1593
3 25 15 20 0.178949 4.51519 25.2317
3 25 16 21 0.253217 4.96395 19.6035
3 25 17 22 0.381841 5.28151 13.8317
3 25 18 23 0.974817 8.19262 8.40426
3 25 19 24 2.53036 9.37186 3.70377
3 59 6 18 0.409704 4.72879 11.542
3 59 7 19 0.256077 4.16254 16.255
3 59 8 20 0.188547 4.02378 21.3409
3 59 9 21 0.155791 4.16798 26.7536
3 59 10 22 0.124049 4.02408 32.4396
3 59 11 23 0.104628 4.01122 38.3381
3 59 12 24 0.0903765 4.011 44.381
3 59 13 25 0.0790403 3.991 50.4932
3 59 14 26 0.0727196 4.11545 56.5934
3 59 15 27 0.068271 4.27341 62.5948
3 59 16 28 0.0587679 4.02011 68.4065
3 59 17 29 0.0558296 4.12781 73.9358
3 59 18 30 0.0510336 4.0362 79.0892
3 59 19 31 0.0480447 4.02498 83.7758
3 59 20 32 0.0455378 4.00319 87.9092
3 59 21 33 0.0435781 3.98349 91.4105
3 59 22 34 0.0429331 4.04475 94.2106
3 59 23 35 0.0433474 4.17232 96.2531
3 59 24 36 0.0424381 4.13754 97.4958
3 59 25 37 0.0431739 4.22728 97.913
3 59 26 38 0.0417528 4.07072 97.4958
3 59 27 39 0.0431798 4.15619 96.2531
3 59 28 40 0.0443413 4.17742 94.2106
3 59 29 41 0.0441542 4.03615 91.4105
3 59 30 42 0.0460264 4.04615 87.9092
3 59 31 43 0.0498366 4.1751 83.7758
3 59 32 44 0.0501597 3.96709 79.0892
3 59 33 45 0.0552324 4.08365 73.9358
3 59 34 46 0.0590983 4.04271 68.4065
3 59 35 47 0.0632206 3.95728 62.5948
3 59 36 48 0.0698224 3.95149 56.5934
3 59 37 49 0.0794452 4.01145 50.4932
3 59 38 50 0.0857582 3.80603 44.381
3 59 39 51 0.102883 3.94435 38.3381
3 59 40 52 0.120772 3.9178 32.4396
3 59 41 53 0.155411 4.1578 26.7536
3 59 42 54 0.193477 4.12899 21.3409
3 59 43 55 0.251637 4.09037 16.255
3 59 44 56 0.33749 3.89529 11.542
4 16 5 8 2.12364 8.50873 4.00667
4 16 6 9 0.666193 6.10432 9.16298
4 16 7 10 0.337409 4.77001 14.1372
4 16 8 11 0.26241 4.52603 17.248
4 16 9 12 0.28095 4.84581 17.248
4 16 10 13 0.343943 4.86238 14.1372
4 16 11 14 0.511909 4.69061 9.16298
4 16 12 15 1.46183 5.85707 4.00667
4 26 5 10 2.21321 8.19721 3.70377
4 26 6 11 0.722446 6.07163 8.40426
4 26 7 12 0.342701 4.74013 13.8317
4 26 8 13 0.217955 4.27269 19.6035
4 26 9 14 0.169599 4.27927 25.2317
4 26 10 15 0.127641 3.84958 30.1593
4 26 11 16 0.116375 3.93725 33.8325
4 26 12 17 0.108169 3.87222 35.7978
4 26 13 18 0.110819 3.96706 35.7978
4 26 14 19 0.119836 4.05437 33.8325
4 26 15 20 0.140606 4.24057 30.1593
4 26 16 21 0.168437 4.24994 25.2317
4 26 17 22 0.21456 4.20613 19.6035
4 26 18 23 0.382417 5.28947 13.8317
4 26 19 24 0.610437 5.13028 8.40426
4 26 20 25 1.43568 5.31742 3.70377
4 60 7 19 0.403918 4.662 11.542
4 60 8 20 0.263607 4.28493 16.255
4 60 9 21 0.204941 4.37363 21.3409
4 60 10 22 0.155536 4.16115 26.7536
4 60 11 23 0.126229 4.09482 32.4396
4 60 12 24 0.106231 4.07269 38.3381
4 60 13 25 0.0909035 4.03439 44.381
4 60 14 26 0.0820804 4.1445 50.4932
4 60 15 27 0.076118 4.30778 56.5934
4 60 16 28 0.064397 4.03091 62.5948
4 60 17 29 0.0604407 4.13454 68.4065
4 60 18 30 0.0545651 4.03431 73.9358
4 60 19 31 0.05087 4.02327 79.0892
4 60 20 32 0.047688 3.9951 83.7758
4 60 21 33 0.0452495 3.97784 87.9092
4 60 22 34 0.0441883 4.03927 91.4105
4 60 23 35 0.0441158 4.15618 94.2106
4 60 24 36 0.0429138 4.13058 96.2531
4 60 25 37 0.0432886 4.22046 97.4958
4 60 26 38 0.0415649 4.06974 97.913
4 60 27 39 0.0426177 4.15505 97.4958
4 60 28 40 0.0434235 4.17965 96.2531
4 60 29 41 0.0428874 4.04045 94.2106
4 60 30 42 0.0443574 4.05473 91.4105
4 60 31 43 0.0475679 4.18166 87.9092
4 60 32 44 0.0475378 3.98252 83.7758
4 60 33 45 0.0517565 4.09338 79.0892
4 60 34 46 0.0548746 4.0572 73.9358
4 60 35 47 0.0577914 3.95331 68.4065
4 60 36 48 0.0631181 3.95086 62.5948
4 60 37 49 0.0706899 4.00058 56.5934
4 60 38 50 0.0754954 3.81201 50.4932
4 60 39 51 0.0883444 3.92081 44.381
4 60 40 52 0.10138 3.88673 38.3381
4 60 41 53 0.125962 4.08615 32.4396
4 60 42 54 0.150892 4.0369 26.7536
4 60 43 55 0.185814 3.96544 21.3409
4 60 44 56 0.230301 3.74355 16.255
4 60 45 57 0.461757 5.32958 11.542
5 17 6 9 2.12026 8.4952 4.00667
5 17 7 10 0.636901 5.83591 9.16298
5 17 8 11 0.34725 4.90913 14.1372
5 17 9 12 0.293137 5.05601 17.248
5 17 10 13 0.284617 4.90906 17.248
5 17 11 14 0.337822 4.77585 14.1372
5 17 12 15 0.630411 5.77645 9.16298
5 17 13 16 2.85422 11.4359 4.00667
5 27 6 11 2.23738 8.28674 3.70377
5 27 7 12 0.683874 5.74745 8.40426
5 27 8 13 0.344609 4.76652 13.8317
5 27 9 14 0.239107 4.68734 19.6035
5 27 10 15 0.163767 4.13211 25.2317
5 27 11 16 0.136103 4.10476 30.1593
5 27 12 17 0.117875 3.98801 33.8325
5 27 13 18 0.113152 4.05059 35.7978
5 27 14 19 0.115426 4.13199 35.7978
5 27 15 20 0.128076 4.33312 33.8325
5 27 16 21 0.13997 4.22138 30.1593
5 27 17 22 0.16528 4.17029 25.2317
5 27 18 23 0.253868 4.97672 19.6035
5 27 19 24 0.351288 4.85891 13.8317
5 27 20 25 0.596852 5.0161 8.40426
5 27 21 26 1.95775 7.25107 3.70377
5 61 8 20 0.406702 4.69414 11.542
5 61 9 21 0.28814 4.68371 16.255
5 61 10 22 0.203878 4.35095 21.3409
5 61 11 23 0.157468 4.21284 26.7536
5 61 12 24 0.128205 4.15891 32.4396
5 61 13 25 0.106682 4.08998 38.3381
5 61 14 26 0.0943697 4.18822 44.381
5 61 15 27 0.0861874 4.35188 50.4932
5 61 16 28 0.0714833 4.04548 56.5934
5 61 17 29 0.0663212 4.15136 62.5948
5 61 18 30 0.0588951 4.02881 68.4065
5 61 19 31 0.0543322 4.01709 73.9358
5 61 20 32 0.0503485 3.98202 79.0892
5 61 21 33 0.047294 3.9621 83.7758
5 61 22 34 0.0458992 4.03496 87.9092
5 61 23 35 0.0450993 4.12254 91.4105
5 61 24 36 0.0435599 4.1038 94.2106
5 61 25 37 0.043552 4.19201 96.2531
5 61 26 38 0.041481 4.04422 97.4958
5 61 27 39 0.0421168 4.12378 97.913
5 61 28 40 0.042606 4.1539 97.4958
5 61 29 41 0.041678 4.01163 96.2531
5 61 30 42 0.0427099 4.02373 94.2106
5 61 31 43 0.0453444 4.14495 91.4105
5 61 32 44 0.0449633 3.95269 87.9092
5 61 33 45 0.0483696 4.0522 83.7758
5 61 34 46 0.0507469 4.01353 79.0892
5 61 35 47 0.052575 3.88717 73.9358
5 61 36 48 0.056777 3.88391 68.4065
5 61 37 49 0.0624737 3.91053 62.5948
5 61 38 50 0.0660186 3.73622 56.5934
5 61 39 51 0.0753635 3.80535 50.4932
5 61 40 52 0.0845239 3.75126 44.381
5 61 41 53 0.101472 3.89022 38.3381
5 61 42 54 0.117097 3.79857 32.4396
5 61 43 55 0.137105 3.66806 26.7536
5 61 44 56 0.159212 3.39773 21.3409
5 61 45 57 0.246972 4.01452 16.255
5 61 46 58 0.391271 4.51603 11.542
6 18 7 10 1.87278 7.50359 4.00667
6 18 8 11 0.614843 5.63379 9.16298
6 18 9 12 0.384937 5.44191 14.1372
6 18 10 13 0.278068 4.7961 17.248
6 18 11 14 0.248008 4.27764 17.248
6 18 12 15 0.30861 4.36287 14.1372
6 18 13 16 0.777916 7.12803 9.16298
6 18 14 17 2.53033 10.1382 4.00667
6 28 7 12 1.98653 7.35764 3.70377
6 28 8 13 0.663774 5.57853 8.40426
6 28 9 14 0.387402 5.35841 13.8317
6 28 10 15 0.234502 4.59706 19.6035
6 28 11 16 0.174602 4.40551 25.2317
6 28 12 17 0.140299 4.23131 30.1593
6 28 13 18 0.124817 4.22287 33.8325
6 28 14 19 0.119963 4.29442 35.7978
6 28 15 20 0.12636 4.52339 35.7978
6 28 16 21 0.127562 4.31575 33.8325
6 28 17 22 0.14163 4.27146 30.1593
6 28 18 23 0.196914 4.96848 25.2317
6 28 19 24 0.25116 4.92363 19.6035
6 28 20 25 0.371133 5.13339 13.8317
6 28 21 26 0.79045 6.64314 8.40426
6 28 22 27 2.88085 10.67 3.70377
6 62 9 21 0.454332 5.24388 11.542
6 62 10 22 0.289732 4.70959 16.255
6 62 11 23 0.208392 4.44727 21.3409
6 62 12 24 0.162301 4.34214 26.7536
6 62 13 25 0.130288 4.2265 32.4396
6 62 14 26 0.112189 4.3011 38.3381
6 62 15 27 0.1007 4.46918 44.381
6 62 16 28 0.0814868 4.11453 50.4932
6 62 17 29 0.0744643 4.21419 56.5934
6 62 18 30 0.0651356 4.07715 62.5948
6 62 19 31 0.059354 4.0602 68.4065
6 62 20 32 0.0543565 4.01889 73.9358
6 62 21 33 0.0505825 4.00053 79.0892
6 62 22 34 0.0486925 4.07925 83.7758
6 62 23 35 0.0472538 4.15404 87.9092
6 62 24 36 0.0453381 4.14437 91.4105
6 62 25 37 0.0449938 4.23889 94.2106
6 62 26 38 0.0425662 4.09713 96.2531
6 62 27 39 0.0428938 4.18197 97.4958
6 62 28 40 0.0431312 4.2231 97.913
6 62 29 41 0.0419044 4.0855 97.4958
6 62 30 42 0.0426327 4.10353 96.2531
6 62 31 43 0.0449332 4.23319 94.2106
6 62 32 44 0.0443063 4.05006 91.4105
6 62 33 45 0.0473131 4.15926 87.9092
6 62 34 46 0.049329 4.13258 83.7758
6 62 35 47 0.0505797 4.00031 79.0892
6 62 36 48 0.0543011 4.01479 73.9358
6 62 37 49 0.0592021 4.04981 68.4065
6 62 38 50 0.0621787 3.89206 62.5948
6 62 39 51 0.070167 3.97099 56.5934
6 62 40 52 0.0778685 3.93183 50.4932
6 62 41 53 0.0921449 4.08948 44.381
6 62 42 54 0.104787 4.01733 38.3381
6 62 43 55 0.120392 3.90545 32.4396
6 62 44 56 0.137117 3.66838 26.7536
6 62 45 57 0.198059 4.22676 21.3409
6 62 46 58 0.285788 4.64549 16.255
6 62 47 59 0.433498 5.00341 11.542
7 19 8 11 1.62156 6.49707 4.00667
7 19 9 12 0.667867 6.11965 9.16298
7 19 10 13 0.363485 5.13865 14.1372
7 19 11 14 0.255707 4.41042 17.248
7 19 12 15 0.240471 4.14764 17.248
7 19 13 16 0.416961 5.89465 14.1372
7 19 14 17 0.866229 7.93724 9.16298
7 19 15 18 3.01331 12.0733 4.00667
7 29 8 13 1.72646 6.39442 3.70377
7 29 9 14 0.712475 5.98782 8.40426
7 29 10 15 0.360346 4.98419 13.8317
7 29 11 16 0.235298 4.61267 19.6035
7 29 12 17 0.173245 4.37126 25.2317
7 29 13 18 0.141707 4.27378 30.1593
7 29 14 19 0.127038 4.298 33.8325
7 29 15 20 0.126512 4.52884 35.7978
7 29 16 21 0.116689 4.17721 35.7978
7 29 17 22 0.120947 4.09194 33.8325
7 29 18 23 0.150203 4.53003 30.1593
7 29 19 24 0.176387 4.45054 25.2317
7 29 20 25 0.230471 4.51804 19.6035
7 29 21 26 0.385843 5.33685 13.8317
7 29 22 27 0.885127 7.43884 8.40426
7 29 23 28 2.5233 9.34574 3.70377
7 63 10 22 0.433853 5.00751 11.542
7 63 11 23 0.283522 4.60865 16.255
7 63 12 24 0.208575 4.45119 21.3409
7 63 13 25 0.160432 4.29214 26.7536
7 63 14 26 0.133992 4.34665 32.4396
7 63 15 27 0.117932 4.52127 38.3381
7 63 16 28 0.0931255 4.133 44.381
7 63 17 29 0.0836491 4.22371 50.4932
7 63 18 30 0.0719271 4.0706 56.5934
7 63 19 31 0.0648563 4.05966 62.5948
7 63 20 32 0.0585115 4.00257 68.4065
7 63 21 33 0.0539422 3.98826 73.9358
7 63 22 34 0.0515199 4.07466 79.0892
7 63 23 35 0.0492998 4.13013 83.7758
7 63 24 36 0.0469829 4.13023 87.9092
7 63 25 37 0.046198 4.22298 91.4105
7 63 26 38 0.0433794 4.0868 94.2106
7 63 27 39 0.0433546 4.17301 96.2531
7 63 28 40 0.0432863 4.22023 97.4958
7 63 29 41 0.0417327 4.08617 97.913
7 63 30 42 0.0421353 4.10801 97.4958
7 63 31 43 0.0440185 4.23692 96.2531
7 63 32 44 0.0431404 4.06429 94.2106
7 63 33 45 0.0456474 4.17265 91.4105
7 63 34 46 0.047214 4.15055 87.9092
7 63 35 47 0.0478131 4.00558 83.7758
7 63 36 48 0.0509263 4.02772 79.0892
7 63 37 49 0.0549078 4.05965 73.9358
7 63 38 50 0.0572781 3.9182 68.4065
7 63 39 51 0.0636953 3.98699 62.5948
7 63 40 52 0.0698403 3.9525 56.5934
7 63 41 53 0.0812307 4.1016 50.4932
7 63 42 54 0.0909295 4.03554 44.381
7 63 43 55 0.102338 3.92343 38.3381
7 63 44 56 0.114347 3.70935 32.4396
7 63 45 57 0.155572 4.1621 26.7536
7 63 46 58 0.209142 4.46329 21.3409
7 63 47 59 0.289453 4.70507 16.255
7 63 48 60 0.449925 5.19302 11.542
8 20 9 12 1.82818 7.32491 4.00667
8 20 10 13 0.617432 5.65752 9.16298
8 20 11 14 0.327117 4.62451 14.1372
8 20 12 15 0.232268 4.00615 17.248
8 20 13 16 0.263615 4.54682 17.248
8 20 14 17 0.353086 4.99163 14.1372
8 20 15 18 0.654585 5.99795 9.16298
8 20 16 19 1.72826 6.92455 4.00667
8 30 9 14 1.92835 7.14217 3.70377
8 30 10 15 0.654539 5.50091 8.40426
8 30 11 16 0.350115 4.84268 13.8317
8 30 12 17 0.23029 4.51451 19.6035
8 30 13 18 0.171716 4.33269 25.2317
8 30 14 19 0.143758 4.33564 30.1593
8 30 15 20 0.135764 4.59324 33.8325
8 30 16 21 0.115876 4.14811 35.7978
8 30 17 22 0.11357 4.06554 35.7978
8 30 18 23 0.128943 4.36247 33.8325
8 30 19 24 0.141768 4.27563 30.1593
8 30 20 25 0.169482 4.27631 25.2317
8 30 21 26 0.243498 4.77342 19.6035
8 30 22 27 0.428002 5.91998 13.8317
8 30 23 28 0.822614 6.91346 8.40426
8 30 24 29 2.79949 10.3687 3.70377
8 64 11 23 0.413281 4.77007 11.542
8 64 12 24 0.27835 4.52458 16.255
8 64 13 25 0.201638 4.30315 21.3409
8 64 14 26 0.161937 4.33239 26.7536
8 64 15 27 0.139242 4.51696 32.4396
8 64 16 28 0.106705 4.09085 38.3381
8 64 17 29 0.0942275 4.18191 44.381
8 64 18 30 0.0794859 4.0135 50.4932
8 64 19 31 0.0708314 4.00859 56.5934
8 64 20 32 0.0630773 3.94831 62.5948
8 64 21 33 0.0575693 3.93812 68.4065
8 64 22 34 0.0545819 4.03555 73.9358
8 64 23 35 0.0515612 4.07794 79.0892
8 64 24 36 0.0487968 4.08799 83.7758
8 64 25 37 0.0476043 4.18486 87.9092
8 64 26 38 0.044369 4.05579 91.4105
8 64 27 39 0.0440178 4.14694 94.2106
8 64 28 40 0.0436726 4.20363 96.2531
8 64 29 41 0.0417874 4.0741 97.4958
8 64 30 42 0.041897 4.10226 97.913
8 64 31 43 0.0434267 4.23392 97.4958
8 64 32 44 0.0422854 4.0701 96.2531
8 64 33 45 0.0443774 4.18082 94.2106
8 64 34 46 0.0456004 4.16835 91.4105
8 64 35 47 0.0456208 4.01049 87.9092
8 64 36 48 0.0482524 4.04239 83.7758
8 64 37 49 0.0514775 4.07131 79.0892
8 64 38 50 0.0533893 3.94738 73.9358
8 64 39 51 0.0586202 4.01001 68.4065
8 64 40 52 0.0635426 3.97743 62.5948
8 64 41 53 0.0729064 4.12602 56.5934
8 64 42 54 0.0803881 4.05906 50.4932
8 64 43 55 0.0889374 3.94713 44.381
8 64 44 56 0.097937 3.75472 38.3381
8 64 45 57 0.127468 4.13499 32.4396
8 64 46 58 0.163281 4.36835 26.7536
8 64 47 59 0.212716 4.53956 21.3409
8 64 48 60 0.299708 4.87175 16.255
8 64 49 61 0.476192 5.49618 11.542
9 21 10 13 1.64359 6.58531 4.00667
9 21 11 14 0.56328 5.16132 9.16298
9 21 12 15 0.305815 4.32336 14.1372
9 21 13 16 0.255851 4.41291 17.248
9 21 14 17 0.264121 4.55555 17.248
9 21 15 18 0.372337 5.26379 14.1372
9 21 16 19 0.571785 5.23926 9.16298
9 21 17 20 1.64863 6.60553 4.00667
9 31 10 15 1.72591 6.39239 3.70377
9 31 11 16 0.620852 5.21781 8.40426
9 31 12 17 0.33911 4.69045 13.8317
9 31 13 18 0.223145 4.37443 19.6035
9 31 14 19 0.171753 4.33363 25.2317
9 31 15 20 0.153229 4.62128 30.1593
9 31 16 21 0.121278 4.10313 33.8325
9 31 17 22 0.112909 4.04187 35.7978
9 31 18 23 0.118451 4.24027 35.7978
9 31 19 24 0.123163 4.16692 33.8325
9 31 20 25 0.137172 4.13702 30.1593
9 31 21 26 0.177888 4.48841 25.2317
9 31 22 27 0.265855 5.2117 19.6035
9 31 23 28 0.407873 5.64156 13.8317
9 31 24 29 0.944721 7.93968 8.40426
9 31 25 30 2.60416 9.64523 3.70377
10 22 11 14 1.93358 7.74721 4.00667
10 22 12 15 0.648015 5.93775 9.16298
10 22 13 16 0.368698 5.21235 14.1372
10 22 14 17 0.286403 4.93987 17.248
10 22 15 18 0.324233 5.59236 17.248
10 22 16 19 0.37505 5.30215 14.1372
10 22 17 20 0.710425 6.50961 9.16298
10 22 18 21 2.79222 11.1875 4.00667
10 32 11 16 2.05445 7.60923 3.70377
10 32 12 17 0.727429 6.1135 8.40426
10 32 13 18 0.37491 5.18563 13.8317
10 32 14 19 0.247204 4.84608 19.6035
10 32 15 20 0.201625 5.08734 25.2317
10 32 16 21 0.142309 4.29195 30.1593
10 32 17 22 0.123792 4.1882 33.8325
10 32 18 23 0.117501 4.20626 35.7978
10 32 19 24 0.11419 4.08776 35.7978
10 32 20 25 0.117406 3.97216 33.8325
10 32 21 26 0.137981 4.1614 30.1593
10 32 22 27 0.179818 4.53712 25.2317
10 32 23 28 0.228673 4.48281 19.6035
10 32 24 29 0.396623 5.48596 13.8317
10 32 25 30 0.670129 5.63194 8.40426
10 32 26 31 1.46596 5.4296 3.70377
11 23 12 15 1.97469 7.91193 4.00667
11 23 13 16 0.681307 6.2428 9.16298
11 23 14 17 0.373402 5.27885 14.1372
11 23 15 18 0.324673 5.59995 17.248
11 23 16 19 0.266047 4.58876 17.248
11 23 17 20 0.355084 5.01988 14.1372
11 23 18 21 0.743942 6.81672 9.16298
11 23 19 22 1.90701 7.64077 4.00667
11 33 12 17 2.12938 7.88672 3.70377
11 33 13 18 0.737408 6.19737 8.40426
11 33 14 19 0.391074 5.40921 13.8317
11 33 15 20 0.286383 5.61412 19.6035
11 33 16 21 0.179196 4.52141 25.2317
11 33 17 22 0.146042 4.40452 30.1593
11 33 18 23 0.126244 4.27116 33.8325
11 33 19 24 0.115699 4.14176 35.7978
11 33 20 25 0.111312 3.98471 35.7978
11 33 21 26 0.122352 4.13947 33.8325
11 33 22 27 0.147767 4.45656 30.1593
11 33 23 28 0.171323 4.32278 25.2317
11 33 24 29 0.26318 5.15926 19.6035
11 33 25 30 0.386565 5.34684 13.8317
11 33 26 31 0.626156 5.26238 8.40426
11 33 27 32 1.67632 6.20869 3.70377
12 24 13 16 1.94996 7.81283 4.00667
12 24 14 17 0.65754 6.02502 9.16298
12 24 15 18 0.444718 6.28706 14.1372
12 24 16 19 0.272815 4.7055 17.248
12 24 17 20 0.287639 4.96119 17.248
12 24 18 21 0.401544 5.6767 14.1372
12 24 19 22 0.693606 6.35549 9.16298
12 24 20 23 2.81902 11.2949 4.00667
12 34 13 18 2.06102 7.63355 3.70377
12 34 14 19 0.720505 6.05531 8.40426
12 34 15 20 0.448739 6.20681 13.8317
12 34 16 21 0.241257 4.72949 19.6035
12 34 17 22 0.183809 4.63782 25.2317
12 34 18 23 0.143613 4.33128 30.1593
12 34 19 24 0.123621 4.1824 33.8325
12 34 20 25 0.111114 3.97764 35.7978
12 34 21 26 0.114896 4.11301 35.7978
12 34 22 27 0.130339 4.40971 33.8325
12 34 23 28 0.140045 4.22366 30.1593
12 34 24 29 0.197321 4.97875 25.2317
12 34 25 30 0.266186 5.2182 19.6035
12 34 26 31 0.380187 5.25862 13.8317
12 34 27 32 0.734803 6.17547 8.40426
12 34 28 33 2.68639 9.94978 3.70377
13 25 14 17 1.72063 6.89401 4.00667
13 25 15 18 0.780626 7.15286 9.16298
13 25 16 19 0.34734 4.91041 14.1372
13 25 17 20 0.294064 5.072 17.248
13 25 18 21 0.290674 5.01353 17.248
13 25 19 22 0.37328 5.27713 14.1372
13 25 20 23 0.924893 8.47477 9.16298
13 25 21 24 2.40261 9.62646 4.00667
13 35 14 19 1.84217 6.82298 3.70377
13 35 15 20 0.824888 6.93258 8.40426
13 35 16 21 0.354936 4.90937 13.8317
13 35 17 22 0.24636 4.82952 19.6035
13 35 18 23 0.170616 4.30493 25.2317
13 35 19 24 0.135215 4.07798 30.1593
13 35 20 25 0.110716 3.74579 33.8325
13 35 21 26 0.105037 3.76007 35.7978
13 35 22 27 0.109054 3.90387 35.7978
13 35 23 28 0.104684 3.54172 33.8325
13 35 24 29 0.129692 3.91143 30.1593
13 35 25 30 0.154972 3.91021 25.2317
13 35 26 31 0.189929 3.72329 19.6035
13 35 27 32 0.279995 3.8728 13.8317
13 35 28 33 0.564369 4.7431 8.40426
13 35 29 34 1.37397 5.08886 3.70377
14 26 15 18 1.97218 7.90186 4.00667
14 26 16 19 0.530906 4.86468 9.16298
14 26 17 20 0.361977 5.11732 14.1372
14 26 18 21 0.256842 4.43001 17.248
14 26 19 22 0.244603 4.21891 17.248
14 26 20 23 0.372767 5.26986 14.1372
14 26 21 24 0.556431 5.09856 9.16298
14 26 22 25 1.3448 5.38818 4.00667
14 36 15 20 2.06762 7.65799 3.70377
14 36 16 21 0.579406 4.86948 8.40426
14 36 17 22 0.357505 4.94489 13.8317
14 36 18 23 0.218467 4.28273 19.6035
14 36 19 24 0.161476 4.07431 25.2317
14 36 20 25 0.122769 3.70264 30.1593
14 36 21 26 0.110695 3.7451 33.8325
14 36 22 27 0.109919 3.93486 35.7978
14 36 23 28 0.0998917 3.5759 35.7978
14 36 24 29 0.11703 3.95942 33.8325
14 36 25 30 0.132829 4.00604 30.1593
14 36 26 31 0.153137 3.86391 25.2317
14 36 27 32 0.205156 4.02177 19.6035
14 36 28 33 0.33794 4.67428 13.8317
14 36 29 34 0.626305 5.26363 8.40426
14 36 30 35 3.82641 14.1721 3.70377
15 27 16 19 1.48922 5.9668 4.00667
15 27 17 20 0.671162 6.14984 9.16298
15 27 18 21 0.332285 4.69756 14.1372
15 27 19 22 0.247421 4.26751 17.248
15 27 20 23 0.275034 4.74377 17.248
15 27 21 24 0.330937 4.67851 14.1372
15 27 22 25 0.552304 5.06075 9.16298
15 27 23 26 1.82715 7.32078 4.00667
15 37 16 21 1.58817 5.88223 3.70377
15 37 17 22 0.695919 5.84869 8.40426
15 37 18 23 0.328559 4.54453 13.8317
15 37 19 24 0.213332 4.18207 19.6035
15 37 20 25 0.143133 3.61149 25.2317
15 37 21 26 0.119854 3.6147 30.1593
15 37 22 27 0.112269 3.79835 33.8325
15 37 23 28 0.0947596 3.39218 35.7978
15 37 24 29 0.103117 3.69135 35.7978
15 37 25 30 0.109371 3.7003 33.8325
15 37 26 31 0.116517 3.51408 30.1593
15 37 27 32 0.140363 3.54159 25.2317
15 37 28 33 0.191066 3.74557 19.6035
15 37 29 34 0.27604 3.81809 13.8317
15 37 30 35 0.909299 7.64199 8.40426
15 37 31 36 2.10849 7.80938 3.70377
16 28 17 20 2.86239 11.4686 4.00667
16 28 18 21 0.785517 7.19768 9.16298
16 28 19 22 0.411386 5.81583 14.1372
16 28 20 23 0.289602 4.99504 17.248
16 28 21 24 0.278161 4.79771 17.248
16 28 22 25 0.370038 5.23128 14.1372
16 28 23 26 0.717986 6.57889 9.16298
16 28 24 27 2.75678 11.0455 4.00667
16 38 17 22 2.94878 10.9216 3.70377
16 38 18 23 0.827344 6.95321 8.40426
16 38 19 24 0.421123 5.82483 13.8317
16 38 20 25 0.220541 4.32338 19.6035
16 38 21 26 0.163391 4.12264 25.2317
16 38 22 27 0.141059 4.25424 30.1593
16 38 23 28 0.108765 3.67979 33.8325
16 38 24 29 0.109635 3.9247 35.7978
16 38 25 30 0.10929 3.91234 35.7978
16 38 26 31 0.109285 3.6974 33.8325
16 38 27 32 0.123212 3.71599 30.1593
16 38 28 33 0.151929 3.83342 25.2317
16 38 29 34 0.191817 3.76028 19.6035
16 38 30 35 0.442422 6.11943 13.8317
16 38 31 36 0.700894 5.8905 8.40426
16 38 32 37 1.94346 7.19815 3.70377
17 29 18 21 2.47858 9.93085 4.00667
17 29 19 22 0.830526 7.61009 9.16298
17 29 20 23 0.353233 4.99372 14.1372
17 29 21 24 0.261615 4.51232 17.248
17 29 22 25 0.276044 4.7612 17.248
17 29 23 26 0.364024 5.14627 14.1372
17 29 24 27 0.827847 7.58554 9.16298
17 29 25 28 2.43198 9.74414 4.00667
17 39 18 23 2.57715 9.54519 3.70377
17 39 19 24 0.886855 7.45336 8.40426
17 39 20 25 0.337924 4.67405 13.8317
17 39 21 26 0.218767 4.2886 19.6035
17 39 22 27 0.174545 4.40407 25.2317
17 39 23 28 0.123122 3.71328 30.1593
17 39 24 29 0.115381 3.90365 33.8325
17 39 25 30 0.108161 3.87191 35.7978
17 39 26 31 0.101552 3.63534 35.7978
17 39 27 32 0.107819 3.64778 33.8325
17 39 28 33 0.123177 3.71493 30.1593
17 39 29 34 0.141232 3.56353 25.2317
17 39 30 35 0.265248 5.19981 19.6035
17 39 31 36 0.357124 4.93962 13.8317
17 39 32 37 0.685767 5.76337 8.40426
17 39 33 38 1.57639 5.8386 3.70377
18 30 19 22 2.95496 11.8395 4.00667
18 30 20 23 0.626774 5.74312 9.16298
18 30 21 24 0.34223 4.83816 14.1372
18 30 22 25 0.288015 4.96766 17.248
18 30 23 26 0.270065 4.65807 17.248
18 30 24 27 0.415649 5.8761 14.1372
18 30 25 28 0.78357 7.17984 9.16298
18 30 26 29 2.6839 10.7535 4.00667
18 40 19 24 3.07797 11.4001 3.70377
18 40 20 25 0.657279 5.52394 8.40426
18 40 21 26 0.345717 4.78184 13.8317
18 40 22 27 0.24912 4.88363 19.6035
18 40 23 28 0.157812 3.98187 25.2317
18 40 24 29 0.135436 4.08465 30.1593
18 40 25 30 0.118593 4.01229 33.8325
18 40 26 31 0.103966 3.72176 35.7978
18 40 27 32 0.104283 3.73311 35.7978
18 40 28 33 0.111871 3.78489 33.8325
18 40 29 34 0.118679 3.57928 30.1593
18 40 30 35 0.193175 4.87414 25.2317
18 40 31 36 0.235624 4.61907 19.6035
18 40 32 37 0.374202 5.17584 13.8317
18 40 33 38 0.59847 5.0297 8.40426
18 40 34 39 2.6475 9.80573 3.70377
19 31 20 23 1.72826 6.92458 4.00667
19 31 21 24 0.569589 5.21913 9.16298
19 31 22 25 0.378974 5.35762 14.1372
19 31 23 26 0.262436 4.52648 17.248
19 31 24 27 0.295663 5.09958 17.248
19 31 25 28 0.406348 5.74461 14.1372
19 31 26 29 0.887441 8.1316 9.16298
19 31 27 30 2.46709 9.88481 4.00667
19 41 20 25 1.80967 6.70259 3.70377
19 41 21 26 0.614157 5.16153 8.40426
19 41 22 27 0.381931 5.28274 13.8317
19 41 23 28 0.212235 4.16056 19.6035
19 41 24 29 0.166321 4.19655 25.2317
19 41 25 30 0.13581 4.09592 30.1593
19 41 26 31 0.111377 3.76818 33.8325
19 41 27 32 0.106239 3.80311 35.7978
19 41 28 33 0.108301 3.87695 35.7978
19 41 29 34 0.108031 3.65496 33.8325
19 41 30 35 0.158961 4.79416 30.1593
19 41 31 36 0.182189 4.59694 25.2317
19 41 32 37 0.26008 5.09849 19.6035
19 41 33 38 0.357298 4.94202 13.8317
19 41 34 39 1.00358 8.43436 8.40426
19 41 35 40 2.75429 10.2013 3.70377
20 32 21 24 1.6361 6.55531 4.00667
20 32 22 25 0.708697 6.49377 9.16298
20 32 23 26 0.33965 4.80169 14.1372
20 32 24 27 0.273962 4.72528 17.248
20 32 25 28 0.270302 4.66215 17.248
20 32 26 29 0.384143 5.43069 14.1372
20 32 27 30 0.612465 5.61201 9.16298
20 32 28 31 1.36356 5.46332 4.00667
20 42 21 26 1.74236 6.45331 3.70377
20 42 22 27 0.757004 6.36206 8.40426
20 42 23 28 0.33514 4.63554 13.8317
20 42 24 29 0.228529 4.47998 19.6035
20 42 25 30 0.169254 4.27057 25.2317
20 42 26 31 0.126854 3.82584 30.1593
20 42 27 32 0.114023 3.85767 33.8325
20 42 28 33 0.1098 3.93058 35.7978
20 42 29 34 0.102275 3.66121 35.7978
20 42 30 35 0.135773 4.59355 33.8325
20 42 31 36 0.146337 4.41342 30.1593
20 42 32 37 0.190048 4.79524 25.2317
20 42 33 38 0.234596 4.59892 19.6035
20 42 34 39 0.489049 6.76437 13.8317
20 42 35 40 0.934781 7.85614 8.40426
20 42 36 41 2.61175 9.67334 3.70377
21 33 22 25 2.78777 11.1697 4.00667
21 33 23 26 0.738844 6.77001 9.16298
21 33 24 27 0.403785 5.70838 14.1372
21 33 25 28 0.289929 5.00068 17.248
21 33 26 29 0.293616 5.06428 17.248
21 33 27 30 0.373248 5.27667 14.1372
21 33 28 31 0.581038 5.32404 9.16298
21 33 29 32 1.54939 6.20789 4.00667
21 43 22 27 2.90874 10.7733 3.70377
21 43 23 28 0.772415 6.49158 8.40426
21 43 24 29 0.401418 5.55228 13.8317
21 43 25 30 0.249493 4.89095 19.6035
21 43 26 31 0.160288 4.04435 25.2317
21 43 27 32 0.132586 3.9987 30.1593
21 43 28 33 0.118965 4.02489 33.8325
21 43 29 34 0.101846 3.64586 35.7978
21 43 30 35 0.119922 4.29293 35.7978
21 43 31 36 0.120191 4.06635 33.8325
21 43 32 37 0.139856 4.21797 30.1593
21 43 33 38 0.154715 3.90373 25.2317
21 43 34 39 0.238056 4.66673 19.6035
21 43 35 40 0.332783 4.60295 13.8317
21 43 36 41 0.586523 4.92929 8.40426
21 43 37 42 1.72137 6.37556 3.70377
22 34 23 26 1.91304 7.66494 4.00667
22 34 24 27 0.703873 6.44958 9.16298
22 34 25 28 0.378422 5.34981 14.1372
22 34 26 29 0.275829 4.75749 17.248
22 34 27 30 0.290527 5.01099 17.248
22 34 28 31 0.373947 5.28655 14.1372
22 34 29 32 0.664753 6.09112 9.16298
22 34 30 33 2.55211 10.2255 4.00667
22 44 23 28 1.99088 7.37376 3.70377
22 44 24 29 0.739232 6.2127 8.40426
22 44 25 30 0.380674 5.26536 13.8317
22 44 26 31 0.208968 4.09652 19.6035
22 44 27 32 0.160926 4.06043 25.2317
22 44 28 33 0.137144 4.13617 30.1593
22 44 29 34 0.110938 3.75333 33.8325
22 44 30 35 0.121898 4.36367 35.7978
22 44 31 36 0.117383 4.20206 35.7978
22 44 32 37 0.129515 4.38182 33.8325
22 44 33 38 0.137097 4.13474 30.1593
22 44 34 39 0.190222 4.79962 25.2317
22 44 35 40 0.235928 4.62501 19.6035
22 44 36 41 0.355021 4.91053 13.8317
22 44 37 42 0.70818 5.95173 8.40426
22 44 38 43 2.44669 9.06199 3.70377
23 35 24 27 2.78309 11.1509 4.00667
23 35 25 28 0.889253 8.14821 9.16298
23 35 26 29 0.357523 5.05436 14.1372
23 35 27 30 0.268641 4.6335 17.248
23 35 28 31 0.255021 4.39858 17.248
23 35 29 32 0.284363 4.02009 14.1372
23 35 30 33 0.527906 4.83719 9.16298
23 35 31 34 1.3095 5.24673 4.00667
23 45 24 29 2.90087 10.7442 3.70377
23 45 25 30 0.962059 8.0854 8.40426
23 45 26 31 0.368855 5.10188 13.8317
23 45 27 32 0.24524 4.80758 19.6035
23 45 28 33 0.18943 4.77965 25.2317
23 45 29 34 0.137954 4.1606 30.1593
23 45 30 35 0.134529 4.55145 33.8325
23 45 31 36 0.120678 4.32002 35.7978
23 45 32 37 0.121831 4.36127 35.7978
23 45 33 38 0.120989 4.09338 33.8325
23 45 34 39 0.149149 4.49821 30.1593
23 45 35 40 0.162287 4.09477 25.2317
23 45 36 41 0.214997 4.21471 19.6035
23 45 37 42 0.333765 4.61653 13.8317
23 45 38 43 0.704301 5.91913 8.40426
23 45 39 44 1.61776 5.9918 3.70377
24 36 25 28 2.40771 9.64691 4.00667
24 36 26 29 0.554909 5.08462 9.16298
24 36 27 30 0.337382 4.76962 14.1372
24 36 28 31 0.274105 4.72775 17.248
24 36 29 32 0.245684 4.23754 17.248
24 36 30 33 0.333307 4.71202 14.1372
24 36 31 34 0.596449 5.46525 9.16298
24 36 32 35 3.75044 15.0268 4.00667
24 46 25 30 2.53128 9.37529 3.70377
24 46 26 31 0.599675 5.03983 8.40426
24 46 27 32 0.34585 4.78368 13.8317
24 46 28 33 0.247166 4.84533 19.6035
24 46 29 34 0.166635 4.20449 25.2317
24 46 30 35 0.149568 4.51087 30.1593
24 46 31 36 0.127586 4.31657 33.8325
24 46 32 37 0.121027 4.33249 35.7978
24 46 33 38 0.115083 4.11971 35.7978
24 46 34 39 0.131753 4.45752 33.8325
24 46 35 40 0.131416 3.9634 30.1593
24 46 36 41 0.161971 4.0868 25.2317
24 46 37 42 0.220568 4.32392 19.6035
24 46 38 43 0.381834 5.2814 13.8317
24 46 39 44 0.596206 5.01067 8.40426
24 46 40 45 2.70776 10.0289 3.70377
25 37 26 29 1.32466 5.30747 4.00667
25 37 27 30 0.541994 4.96628 9.16298
25 37 28 31 0.353038 4.99096 14.1372
25 37 29 32 0.242558 4.18363 17.248
25 37 30 33 0.230734 3.97969 17.248
25 37 31 34 0.28623 4.04648 14.1372
25 37 32 35 0.889314 8.14876 9.16298
25 37 33 36 2.03597 8.15747 4.00667
25 47 26 31 1.42474 5.27691 3.70377
25 47 27 32 0.5936 4.98877 8.40426
25 47 28 33 0.369581 5.11192 13.8317
25 47 29 34 0.2227 4.36572 19.6035
25 47 30 35 0.17925 4.52278 25.2317
25 47 31 36 0.143144 4.31711 30.1593
25 47 32 37 0.125779 4.25542 33.8325
25 47 33 38 0.113709 4.07053 35.7978
25 47 34 39 0.1204 4.31005 35.7978
25 47 35 40 0.109204 3.69465 33.8325
25 47 36 41 0.125418 3.78252 30.1593
25 47 37 42 0.152016 3.83562 25.2317
25 47 38 43 0.227458 4.45898 19.6035
25 47 39 44 0.288252 3.98701 13.8317
25 47 40 45 0.73712 6.19495 8.40426
25 47 41 46 2.18281 8.08461 3.70377
26 38 27 30 1.84308 7.3846 4.00667
26 38 28 31 0.733083 6.71722 9.16298
26 38 29 32 0.365731 5.1704 14.1372
26 38 30 33 0.258976 4.4668 17.248
26 38 31 34 0.242839 4.18847 17.248
26 38 32 35 0.455998 6.44653 14.1372
26 38 33 36 0.673146 6.16802 9.16298
26 38 34 37 1.87447 7.51039 4.00667
26 48 27 32 1.95827 7.25297 3.70377
26 48 28 33 0.789721 6.63702 8.40426
26 48 29 34 0.377209 5.21744 13.8317
26 48 30 35 0.254425 4.98763 19.6035
26 48 31 36 0.184143 4.64624 25.2317
26 48 32 37 0.146625 4.4221 30.1593
26 48 33 38 0.125499 4.24596 33.8325
26 48 34 39 0.123862 4.43399 35.7978
26 48 35 40 0.103179 3.69358 35.7978
26 48 36 41 0.112349 3.80107 33.8325
26 48 37 42 0.125513 3.78539 30.1593
26 48 38 43 0.172284 4.34702 25.2317
26 48 39 44 0.195927 3.84086 19.6035
26 48 40 45 0.372721 5.15536 13.8317
26 48 41 46 0.745079 6.26184 8.40426
26 48 42 47 2.75107 10.1893 3.70377
27 39 28 31 2.74222 10.9872 4.00667
27 39 29 32 0.818456 7.49949 9.16298
27 39 30 33 0.396889 5.61089 14.1372
27 39 31 34 0.271705 4.68635 17.248
27 39 32 35 0.325853 5.6203 17.248
27 39 33 36 0.372707 5.26902 14.1372
27 39 34 37 0.670094 6.14006 9.16298
27 39 35 38 1.41889 5.68504 4.00667
27 49 28 33 2.87315 10.6415 3.70377
27 49 29 34 0.869857 7.31051 8.40426
27 49 30 35 0.43569 6.02632 13.8317
27 49 31 36 0.268213 5.25793 19.6035
27 49 32 37 0.18456 4.65676 25.2317
27 49 33 38 0.147053 4.43502 30.1593
27 49 34 39 0.133968 4.53248 33.8325
27 49 35 40 0.100726 3.60576 35.7978
27 49 36 41 0.103271 3.69686 35.7978
27 49 37 42 0.105495 3.56915 33.8325
27 49 38 43 0.132901 4.0082 30.1593
27 49 39 44 0.137421 3.46735 25.2317
27 49 40 45 0.204891 4.01659 19.6035
27 49 41 46 0.303847 4.20272 13.8317
27 49 42 47 0.625629 5.25795 8.40426
27 49 43 48 1.60747 5.95372 3.70377
28 40 29 32 2.42732 9.72549 4.00667
28 40 30 33 0.767472 7.03233 9.16298
28 40 31 34 0.388271 5.48905 14.1372
28 40 32 35 0.31304 5.39931 17.248
28 40 33 36 0.292167 5.03929 17.248
28 40 34 37 0.396676 5.60788 14.1372
28 40 35 38 0.510266 4.67556 9.16298
28 40 36 39 2.52533 10.1181 4.00667
28 50 29 34 2.5288 9.36612 3.70377
28 50 30 35 0.848219 7.12865 8.40426
28 50 31 36 0.424325 5.86912 13.8317
28 50 32 37 0.246464 4.83157 19.6035
28 50 33 38 0.182941 4.61592 25.2317
28 50 34 39 0.155969 4.7039 30.1593
28 50 35 40 0.108209 3.66097 33.8325
28 50 36 41 0.106425 3.80977 35.7978
28 50 37 42 0.102833 3.68119 35.7978
28 50 38 43 0.123946 4.19342 33.8325
28 50 39 44 0.122975 3.70883 30.1593
28 50 40 45 0.168588 4.25377 25.2317
28 50 41 46 0.227333 4.45653 19.6035
28 50 42 47 0.386246 5.34243 13.8317
28 50 43 48 0.685474 5.7609 8.40426
28 50 44 49 2.39486 8.87002 3.70377
29 41 30 33 2.66004 10.6579 4.00667
29 41 31 34 0.864003 7.91684 9.16298
29 41 32 35 0.427535 6.04414 14.1372
29 41 33 36 0.320383 5.52596 17.248
29 41 34 37 0.340149 5.86688 17.248
29 41 35 38 0.316142 4.46935 14.1372
29 41 36 39 0.938006 8.59493 9.16298
29 41 37 40 2.64332 10.5909 4.00667
29 51 30 35 2.81756 10.4356 3.70377
29 51 31 36 0.95211 8.00178 8.40426
29 51 32 37 0.40764 5.63835 13.8317
29 51 33 38 0.268731 5.26808 19.6035
29 51 34 39 0.206989 5.22268 25.2317
29 51 35 40 0.126089 3.80275 30.1593
29 51 36 41 0.116138 3.92925 33.8325
29 51 37 42 0.102605 3.67301 35.7978
29 51 38 43 0.11553 4.13573 35.7978
29 51 39 44 0.108094 3.6571 33.8325
29 51 40 45 0.134176 4.04664 30.1593
29 51 41 46 0.164793 4.15801 25.2317
29 51 42 47 0.239846 4.70183 19.6035
29 51 43 48 0.345869 4.78395 13.8317
29 51 44 49 0.736986 6.19383 8.40426
29 51 45 50 1.60088 5.92928 3.70377
30 42 31 34 2.45576 9.83943 4.00667
30 42 32 35 0.659993 6.04751 9.16298
30 42 33 36 0.399394 5.6463 14.1372
30 42 34 37 0.340891 5.87967 17.248
30 42 35 38 0.23542 4.06051 17.248
30 42 36 39 0.467648 6.61121 14.1372
30 42 37 40 0.879622 8.05996 9.16298
30 42 38 41 2.5135 10.0708 4.00667
30 52 31 36 2.60909 9.66347 3.70377
30 52 32 37 0.682696 5.73755 8.40426
30 52 33 38 0.393384 5.44116 13.8317
30 52 34 39 0.276804 5.42633 19.6035
30 52 35 40 0.150509 3.79759 25.2317
30 52 36 41 0.131165 3.95583 30.1593
30 52 37 42 0.107592 3.6401 33.8325
30 52 38 43 0.114713 4.10647 35.7978
30 52 39 44 0.102531 3.67038 35.7978
30 52 40 45 0.118596 4.01241 33.8325
30 52 41 46 0.136777 4.12511 30.1593
30 52 42 47 0.180908 4.56462 25.2317
30 52 43 48 0.23272 4.56213 19.6035
30 52 44 49 0.408013 5.6435 13.8317
30 52 45 50 0.640702 5.38462 8.40426
30 52 46 51 2.93841 10.8832 3.70377
31 43 32 35 1.41885 5.68486 4.00667
31 43 33 36 0.604135 5.53567 9.16298
31 43 34 37 0.408163 5.77026 14.1372
31 43 35 38 0.204806 3.53248 17.248
31 43 36 39 0.260554 4.49403 17.248
31 43 37 40 0.321782 4.54908 14.1372
31 43 38 41 0.552352 5.06119 9.16298
31 43 39 42 1.61577 6.47387 4.00667
31 53 32 37 1.49055 5.52065 3.70377
31 53 33 38 0.642449 5.39931 8.40426
31 53 34 39 0.397913 5.5038 13.8317
31 53 35 40 0.188502 3.6953 19.6035
31 53 36 41 0.154013 3.886 25.2317
31 53 37 42 0.116048 3.49993 30.1593
31 53 38 43 0.116466 3.94032 33.8325
31 53 39 44 0.0988914 3.54009 35.7978
31 53 40 45 0.1061 3.79813 35.7978
31 53 41 46 0.114568 3.87612 33.8325
31 53 42 47 0.137413 4.14428 30.1593
31 53 43 48 0.158136 3.99003 25.2317
31 53 44 49 0.236777 4.64167 19.6035
31 53 45 50 0.301477 4.16994 13.8317
31 53 46 51 0.760092 6.38801 8.40426
31 53 47 52 2.09535 7.7607 3.70377
32 44 33 36 1.62052 6.49288 4.00667
32 44 34 37 0.74126 6.79215 9.16298
32 44 35 38 0.26978 3.81392 14.1372
32 44 36 39 0.264673 4.56507 17.248
32 44 37 40 0.253874 4.37882 17.248
32 44 38 41 0.34743 4.91168 14.1372
32 44 39 42 0.647778 5.93558 9.16298
32 44 40 43 2.32169 9.30223 4.00667
32 54 33 38 1.70589 6.31825 3.70377
32 54 34 39 0.759457 6.38267 8.40426
32 54 35 40 0.27915 3.86111 13.8317
32 54 36 41 0.206376 4.04569 19.6035
32 54 37 42 0.138994 3.50705 25.2317
32 54 38 43 0.130021 3.92134 30.1593
32 54 39 44 0.104878 3.54828 33.8325
32 54 40 45 0.105405 3.77326 35.7978
32 54 41 46 0.108011 3.86656 35.7978
32 54 42 47 0.120755 4.08545 33.8325
32 54 43 48 0.128803 3.88461 30.1593
32 54 44 49 0.176579 4.45538 25.2317
32 54 45 50 0.201751 3.95504 19.6035
32 54 46 51 0.379416 5.24795 13.8317
32 54 47 52 0.724384 6.08791 8.40426
32 54 48 53 2.51244 9.30552 3.70377
33 45 34 37 2.64309 10.59 4.00667
33 45 35 38 0.514987 4.71881 9.16298
33 45 36 39 0.347047 4.90627 14.1372
33 45 37 40 0.230302 3.97224 17.248
33 45 38 41 0.243543 4.20062 17.248
33 45 39 42 0.31739 4.48699 14.1372
33 45 40 43 0.647176 5.93006 9.16298
33 45 41 44 1.53025 6.13119 4.00667
33 55 34 39 2.71117 10.0416 3.70377
33 55 35 40 0.561013 4.7149 8.40426
33 55 36 41 0.337017 4.66151 13.8317
33 55 37 42 0.186993 3.66572 19.6035
33 55 38 43 0.157176 3.96582 25.2317
33 55 39 44 0.118559 3.57565 30.1593
33 55 40 45 0.110898 3.75195 33.8325
33 55 41 46 0.10751 3.84862 35.7978
33 55 42 47 0.112133 4.01412 35.7978
33 55 43 48 0.1112 3.76217 33.8325
33 55 44 49 0.141635 4.27161 30.1593
33 55 45 50 0.148803 3.75456 25.2317
33 55 46 51 0.226882 4.4477 19.6035
33 55 47 52 0.334689 4.62931 13.8317
33 55 48 53 0.706621 5.93863 8.40426
33 55 49 54 1.84831 6.84573 3.70377
34 46 35 38 1.29575 5.19163 4.00667
34 46 36 39 0.611027 5.59882 9.16298
34 46 37 40 0.284012 4.01512 14.1372
34 46 38 41 0.23641 4.0776 17.248
34 46 39 42 0.238877 4.12014 17.248
34 46 40 43 0.363192 5.13451 14.1372
34 46 41 44 0.554653 5.08227 9.16298
34 46 42 45 2.6102 10.4582 4.00667
34 56 35 40 1.38519 5.13044 3.70377
34 56 36 41 0.635475 5.3407 8.40426
34 56 37 42 0.2787 3.85488 13.8317
34 56 38 43 0.205364 4.02586 19.6035
34 56 39 44 0.143896 3.63074 25.2317
34 56 40 45 0.125575 3.78724 30.1593
34 56 41 46 0.11599 3.92423 33.8325
34 56 42 47 0.114392 4.09498 35.7978
34 56 43 48 0.107365 3.84342 35.7978
34 56 44 49 0.130837 4.42655 33.8325
34 56 45 50 0.13135 3.96143 30.1593
34 56 46 51 0.183371 4.62676 25.2317
34 56 47 52 0.244182 4.78684 19.6035
34 56 48 53 0.431449 5.96766 13.8317
34 56 49 54 0.796073 6.69041 8.40426
34 56 50 55 2.21583 8.20692 3.70377
35 47 36 39 3.68942 14.7823 4.00667
35 47 37 40 0.829653 7.60209 9.16298
35 47 38 41 0.407434 5.75996 14.1372
35 47 39 42 0.271782 4.68768 17.248
35 47 40 43 0.280737 4.84214 17.248
35 47 41 44 0.305938 4.3251 14.1372
35 47 42 45 0.711137 6.51613 9.16298
35 47 43 46 2.07535 8.31523 4.00667
35 57 36 41 3.8016 14.0803 3.70377
35 57 37 42 0.884399 7.43272 8.40426
35 57 38 43 0.437433 6.05043 13.8317
35 57 39 44 0.250225 4.90529 19.6035
35 57 40 45 0.1845 4.65525 25.2317
35 57 41 46 0.152079 4.58659 30.1593
35 57 42 47 0.132806 4.49316 33.8325
35 57 43 48 0.110156 3.94334 35.7978
35 57 44 49 0.123128 4.40771 35.7978
35 57 45 50 0.113694 3.84656 33.8325
35 57 46 51 0.13966 4.21203 30.1593
35 57 47 52 0.163241 4.11884 25.2317
35 57 48 53 0.24026 4.70994 19.6035
35 57 49 54 0.346529 4.79307 13.8317
35 57 50 55 0.606803 5.09973 8.40426
35 57 51 56 1.33355 4.93916 3.70377
36 48 37 40 1.98602 7.95734 4.00667
36 48 38 41 0.632999 5.80016 9.16298
36 48 39 42 0.330644 4.67437 14.1372
36 48 40 43 0.272962 4.70804 17.248
36 48 41 44 0.246973 4.25978 17.248
36 48 42 45 0.379626 5.36683 14.1372
36 48 43 46 0.686304 6.28859 9.16298
36 48 44 47 2.67759 10.7282 4.00667
36 58 37 42 2.08196 7.71111 3.70377
36 58 38 43 0.698131 5.86728 8.40426
36 58 39 44 0.34326 4.74786 13.8317
36 58 40 45 0.228619 4.48174 19.6035
36 58 41 46 0.176976 4.4654 25.2317
36 58 42 47 0.144748 4.3655 30.1593
36 58 43 48 0.111995 3.78909 33.8325
36 58 44 49 0.119253 4.26898 35.7978
36 58 45 50 0.104845 3.7532 35.7978
36 58 46 51 0.119881 4.05587 33.8325
36 58 47 52 0.130075 3.92297 30.1593
36 58 48 53 0.173911 4.38808 25.2317
36 58 49 54 0.223396 4.37935 19.6035
36 58 50 55 0.33462 4.62835 13.8317
36 58 51 56 0.525783 4.41882 8.40426
36 58 52 57 2.69003 9.96325 3.70377
37 49 38 41 1.79788 7.20351 4.00667
37 49 39 42 0.603158 5.52673 9.16298
37 49 40 43 0.360018 5.08964 14.1372
37 49 41 44 0.261478 4.50996 17.248
37 49 42 45 0.263169 4.53912 17.248
37 49 43 46 0.290897 4.11247 14.1372
37 49 44 47 0.607024 5.56215 9.16298
37 49 45 48 1.52636 6.1156 4.00667
37 59 38 43 1.93445 7.16476 3.70377
37 59 39 44 0.664493 5.58457 8.40426
37 59 40 45 0.36231 5.01136 13.8317
37 59 41 46 0.251156 4.92354 19.6035
37 59 42 47 0.185503 4.68056 25.2317
37 59 43 48 0.12891 3.88783 30.1593
37 59 44 49 0.128856 4.35951 33.8325
37 59 45 50 0.106467 3.81128 35.7978
37 59 46 51 0.112636 4.0321 35.7978
37 59 47 52 0.113185 3.82932 33.8325
37 59 48 53 0.138481 4.17648 30.1593
37 59 49 54 0.161156 4.06623 25.2317
37 59 50 55 0.215971 4.23379 19.6035
37 59 51 56 0.277853 3.84318 13.8317
37 59 52 57 0.824968 6.93325 8.40426
37 59 53 58 2.64891 9.81097 3.70377
38 50 39 42 1.45743 5.83945 4.00667
38 50 40 43 0.566625 5.19197 9.16298
38 50 41 44 0.340928 4.81975 14.1372
38 50 42 45 0.27499 4.74302 17.248
38 50 43 46 0.238791 4.11866 17.248
38 50 44 47 0.390524 5.5209 14.1372
38 50 45 48 0.638995 5.85509 9.16298
38 50 46 49 2.28616 9.15989 4.00667
38 60 39 44 1.56269 5.78785 3.70377
38 60 40 45 0.591866 4.97419 8.40426
38 60 41 46 0.352996 4.88252 13.8317
38 60 42 47 0.234001 4.58725 19.6035
38 60 43 48 0.146474 3.69579 25.2317
38 60 44 49 0.138886 4.1887 30.1593
38 60 45 50 0.109228 3.69547 33.8325
38 60 46 51 0.109035 3.90322 35.7978
38 60 47 52 0.103442 3.703 35.7978
38 60 48 53 0.118801 4.01935 33.8325
38 60 49 54 0.128942 3.88879 30.1593
38 60 50 55 0.161354 4.07124 25.2317
38 60 51 56 0.185641 3.63923 19.6035
38 60 52 57 0.406382 5.62095 13.8317
38 60 53 58 0.926888 7.78981 8.40426
38 60 54 59 2.69409 9.97828 3.70377
39 51 40 43 2.53283 10.1482 4.00667
39 51 41 44 0.926066 8.48552 9.16298
39 51 42 45 0.472661 6.68209 14.1372
39 51 43 46 0.25031 4.31733 17.248
39 51 44 47 0.298269 5.14453 17.248
39 51 45 48 0.346921 4.90448 14.1372
39 51 46 49 0.693131 6.35114 9.16298
39 51 47 50 1.48684 5.95726 4.00667
39 61 40 45 2.62567 9.72488 3.70377
39 61 41 46 0.988578 8.30826 8.40426
39 61 42 47 0.480908 6.65176 13.8317
39 61 43 48 0.222376 4.35936 19.6035
39 61 44 49 0.186115 4.69598 25.2317
39 61 45 50 0.13214 3.98525 30.1593
39 61 46 51 0.119953 4.05832 33.8325
39 61 47 52 0.104067 3.72538 35.7978
39 61 48 53 0.109791 3.93027 35.7978
39 61 49 54 0.109128 3.69206 33.8325
39 61 50 55 0.12663 3.81907 30.1593
39 61 51 56 0.130404 3.2903 25.2317
39 61 52 57 0.210055 4.11782 19.6035
39 61 53 58 0.335065 4.63452 13.8317
39 61 54 59 0.608978 5.11801 8.40426
39 61 55 60 1.68136 6.22737 3.70377
40 52 41 44 2.65295 10.6295 4.00667
40 52 42 45 0.906134 8.30289 9.16298
40 52 43 46 0.325525 4.60199 14.1372
40 52 44 47 0.302338 5.21471 17.248
40 52 45 48 0.273351 4.71474 17.248
40 52 46 49 0.403935 5.71049 14.1372
40 52 47 50 0.580622 5.32023 9.16298
40 52 48 51 2.82839 11.3324 4.00667
40 62 41 46 2.77292 10.2703 3.70377
40 62 42 47 0.954046 8.01805 8.40426
40 62 43 48 0.336697 4.65708 13.8317
40 62 44 49 0.252196 4.94393 19.6035
40 62 45 50 0.164365 4.1472 25.2317
40 62 46 51 0.138993 4.19193 30.1593
40 62 47 52 0.113258 3.83179 33.8325
40 62 48 53 0.113128 4.04972 35.7978
40 62 49 54 0.106722 3.82041 35.7978
40 62 50 55 0.119338 4.03751 33.8325
40 62 51 56 0.117284 3.53719 30.1593
40 62 52 57 0.170658 4.30599 25.2317
40 62 53 58 0.240728 4.71913 19.6035
40 62 54 59 0.376405 5.20631 13.8317
40 62 55 60 0.727289 6.11232 8.40426
40 62 56 61 2.17513 8.05618 3.70377
41 53 42 45 2.52894 10.1326 4.00667
41 53 43 46 0.533943 4.89251 9.16298
41 53 44 47 0.369067 5.21756 14.1372
41 53 45 48 0.252334 4.35225 17.248
41 53 46 49 0.275707 4.75538 17.248
41 53 47 50 0.285994 4.04314 14.1372
41 53 48 51 0.712908 6.53236 9.16298
41 53 49 52 1.98702 7.96131 4.00667
41 63 42 47 2.62785 9.73297 3.70377
41 63 43 48 0.585548 4.9211 8.40426
41 63 44 49 0.368738 5.10027 13.8317
41 63 45 50 0.213611 4.18754 19.6035
41 63 46 51 0.166009 4.18867 25.2317
41 63 47 52 0.125538 3.78613 30.1593
41 63 48 53 0.11799 3.99192 33.8325
41 63 49 54 0.104699 3.74799 35.7978
41 63 50 55 0.11236 4.02223 35.7978
41 63 51 56 0.105033 3.55355 33.8325
41 63 52 57 0.139023 4.19283 30.1593
41 63 53 58 0.176501 4.45342 25.2317
41 63 54 59 0.246809 4.83833 19.6035
41 63 55 60 0.393462 5.44224 13.8317
41 63 56 61 0.785396 6.60067 8.40426
41 63 57 62 1.88216 6.97108 3.70377
42 54 43 46 1.61719 6.47954 4.00667
42 54 44 47 0.689231 6.31541 9.16298
42 54 45 48 0.336111 4.75166 14.1372
42 54 46 49 0.279151 4.81478 17.248
42 54 47 50 0.225258 3.88525 17.248
42 54 48 51 0.370366 5.23593 14.1372
42 54 49 52 0.667978 6.12067 9.16298
42 54 50 53 2.43705 9.76447 4.00667
42 64 43 48 1.72504 6.38916 3.70377
42 64 44 49 0.728836 6.12533 8.40426
42 64 45 50 0.335764 4.64418 13.8317
42 64 46 51 0.228115 4.47186 19.6035
42 64 47 52 0.154867 3.90756 25.2317
42 64 48 53 0.134435 4.05447 30.1593
42 64 49 54 0.110772 3.74768 33.8325
42 64 50 55 0.113632 4.06779 35.7978
42 64 51 56 0.100864 3.61071 35.7978
42 64 52 57 0.122682 4.15064 33.8325
42 64 53 58 0.142432 4.29566 30.1593
42 64 54 59 0.182874 4.61421 25.2317
42 64 55 60 0.258076 5.0592 19.6035
42 64 56 61 0.429913 5.94642 13.8317
42 64 57 62 0.713952 6.00024 8.40426
42 64 58 63 2.42819 8.99348 3.70377
43 55 44 47 2.35402 9.43178 4.00667
43 55 45 48 0.64907 5.94741 9.16298
43 55 46 49 0.385036 5.44332 14.1372
43 55 47 50 0.235323 4.05885 17.248
43 55 48 51 0.2633 4.54139 17.248
43 55 49 52 0.319428 4.5158 14.1372
43 55 50 53 0.682375 6.25259 9.16298
43 55 51 54 1.75444 7.02945 4.00667
44 56 45 48 1.55448 6.22829 4.00667
44 56 46 49 0.595759 5.45893 9.16298
44 56 47 50 0.286294 4.04738 14.1372
44 56 48 51 0.255881 4.41343 17.248
44 56 49 52 0.250933 4.32808 17.248
44 56 50 53 0.429895 6.0775 14.1372
44 56 51 54 0.741233 6.7919 9.16298
44 56 52 55 2.08978 8.37307 4.00667
45 57 46 49 2.64083 10.5809 4.00667
45 57 47 50 0.677352 6.20656 9.16298
45 57 48 51 0.368798 5.21376 14.1372
45 57 49 52 0.230322 3.97259 17.248
45 57 50 53 0.288484 4.97577 17.248
45 57 51 54 0.344282 4.86717 14.1372
45 57 52 55 0.558737 5.11969 9.16298
45 57 53 56 1.21611 4.87255 4.00667
46 58 47 50 2.06604 8.27795 4.00667
46 58 48 51 0.699115 6.40598 9.16298
46 58 49 52 0.285317 4.03358 14.1372
46 58 50 53 0.280297 4.83455 17.248
46 58 51 54 0.261618 4.51237 17.248
46 58 52 55 0.328734 4.64737 14.1372
46 58 53 56 0.466682 4.2762 9.16298
46 58 54 57 2.58821 10.3701 4.00667
47 59 48 51 2.63269 10.5483 4.00667
47 59 49 52 0.55226 5.06035 9.16298
47 59 50 53 0.387406 5.47683 14.1372
47 59 51 54 0.269997 4.6569 17.248
47 59 52 55 0.26126 4.5062 17.248
47 59 53 56 0.263024 3.71841 14.1372
47 59 54 57 0.778701 7.13522 9.16298
47 59 55 58 2.56818 10.2898 4.00667
48 60 49 52 1.48409 5.94627 4.00667
48 60 50 53 0.657431 6.02403 9.16298
48 60 51 54 0.344859 4.87532 14.1372
48 60 52 55 0.268427 4.62982 17.248
48 60 53 56 0.208702 3.59968 17.248
48 60 54 57 0.398476 5.63332 14.1372
48 60 55 58 0.892635 8.17919 9.16298
48 60 56 59 2.63949 10.5756 4.00667
49 61 50 53 2.28036 9.13666 4.00667
49 61 51 54 0.673244 6.16892 9.16298
49 61 52 55 0.384576 5.43682 14.1372
49 61 53 56 0.217854 3.75754 17.248
49 61 54 57 0.249676 4.3064 17.248
49 61 55 58 0.343226 4.85225 14.1372
49 61 56 59 0.606986 5.5618 9.16298
49 61 57 60 1.59002 6.37067 4.00667
50 62 51 54 1.5265 6.11619 4.00667
50 62 52 55 0.61259 5.61315 9.16298
50 62 53 56 0.27393 3.87259 14.1372
50 62 54 57 0.246574 4.2529 17.248
50 62 55 58 0.271452 4.682 17.248
50 62 56 59 0.395738 5.59461 14.1372
50 62 57 60 0.674726 6.1825 9.16298
50 62 58 61 2.03988 8.17311 4.00667
51 63 52 55 2.84086 11.3824 4.00667
51 63 53 56 0.676379 6.19765 9.16298
51 63 54 57 0.37316 5.27543 14.1372
51 63 55 58 0.276582 4.77047 17.248
51 63 56 59 0.317836 5.48202 17.248
51 63 57 60 0.386862 5.46913 14.1372
51 63 58 61 0.717999 6.57901 9.16298
51 63 59 62 1.76228 7.06087 4.00667
52 64 53 56 1.96012 7.85356 4.00667
52 64 54 57 0.686564 6.29097 9.16298
52 64 55 58 0.346227 4.89466 14.1372
52 64 56 59 0.318948 5.50121 17.248
52 64 57 60 0.291885 5.03442 17.248
52 64 58 61 0.407636 5.76281 14.1372
52 64 59 62 0.651689 5.97141 9.16298
52 64 60 63 2.30477 9.23445 4.00667
