64
# x y z
0.0 0.0 0.0
0.5 0.0 0.0
1.0 0.0 0.0
1.5 0.0 0.0
2.0 0.0 0.0
2.5 0.0 0.0
3.0 0.0 0.0
3.5 0.0 0.0
4.0 0.0 0.0
4.5 0.0 0.0
5.0 0.0 0.0
5.5 0.0 0.0
6.0 0.0 0.0
6.5 0.0 0.0
7.0 0.0 0.0
7.5 0.0 0.0
8.0 0.0 0.0
8.5 0.0 0.0
9.0 0.0 0.0
9.5 0.0 0.0
10.0 0.0 0.0
10.5 0.0 0.0
11.0 0.0 0.0
11.5 0.0 0.0
12.0 0.0 0.0
12.5 0.0 0.0
13.0 0.0 0.0
13.5 0.0 0.0
14.0 0.0 0.0
14.5 0.0 0.0
15.0 0.0 0.0
15.5 0.0 0.0
16.0 0.0 0.0
16.5 0.0 0.0
17.0 0.0 0.0
17.5 0.0 0.0
18.0 0.0 0.0
18.5 0.0 0.0
19.0 0.0 0.0
19.5 0.0 0.0
20.0 0.0 0.0
20.5 0.0 0.0
21.0 0.0 0.0
21.5 0.0 0.0
22.0 0.0 0.0
22.5 0.0 0.0
23.0 0.0 0.0
23.5 0.0 0.0
24.0 0.0 0.0
24.5 0.0 0.0
25.0 0.0 0.0
25.5 0.0 0.0
26.0 0.0 0.0
26.5 0.0 0.0
27.0 0.0 0.0
27.5 0.0 0.0
28.0 0.0 0.0
28.5 0.0 0.0
29.0 0.0 0.0
29.5 0.0 0.0
30.0 0.0 0.0
30.5 0.0 0.0
31.0 0.0 0.0
31.5 0.0 0.0
1383
# a b m n r rhoa k
1 13 2 5 1.14295 4.57944 4.00667
1 13 3 6 0.418659 3.83616 9.16298
1 13 4 7 0.291688 4.12365 14.1372
1 13 5 8 0.272361 4.69767 17.248
1 13 6 9 0.196974 3.3974 17.248
1 13 7 10 0.415516 5.87423 14.1372
1 13 8 11 0.656011 6.01102 9.16298
1 13 9 12 3.00204 12.0282 4.00667
1 23 3 8 0.465145 3.9092 8.40426
1 23 4 9 0.291006 4.02509 13.8317
1 23 5 10 0.222797 4.36761 19.6035
1 23 6 11 0.154213 3.89106 25.2317
1 23 7 12 0.136006 4.10184 30.1593
1 23 8 13 0.101446 3.43219 33.8325
1 23 9 14 0.116085 4.15559 35.7978
1 23 10 15 0.0870925 3.11772 35.7978
1 23 11 16 0.118954 4.02452 33.8325
1 23 12 17 0.117612 3.5471 30.1593
1 23 13 18 0.169331 4.2725 25.2317
1 23 14 19 0.2055 4.02852 19.6035
1 23 15 20 0.312495 4.32233 13.8317
1 23 16 21 0.765209 6.43102 8.40426
1 23 17 22 1.60951 5.96127 3.70377
1 57 4 16 0.3604 4.15972 11.542
1 57 5 17 0.260792 4.23917 16.255
1 57 6 18 0.188266 4.01777 21.3409
1 57 7 19 0.152068 4.06837 26.7536
1 57 8 20 0.113958 3.69675 32.4396
1 57 9 21 0.111491 4.27435 38.3381
1 57 10 22 0.0853832 3.78939 44.381
1 57 11 23 0.0804536 4.06236 50.4932
1 57 12 24 0.0691004 3.91063 56.5934
1 57 13 25 0.0645626 4.04128 62.5948
1 57 14 26 0.0592301 4.05173 68.4065
1 57 15 27 0.0591473 4.3731 73.9358
1 57 16 28 0.0498292 3.94095 79.0892
1 57 17 29 0.0510479 4.27658 83.7758
1 57 18 30 0.0456952 4.01703 87.9092
1 57 19 31 0.044234 4.04345 91.4105
1 57 20 32 0.0432791 4.07735 94.2106
1 57 21 33 0.0413133 3.97653 96.2531
1 57 22 34 0.0423068 4.12474 97.4958
1 57 23 35 0.0441685 4.32467 97.913
1 57 24 36 0.0428316 4.1759 97.4958
1 57 25 37 0.0444589 4.27931 96.2531
1 57 26 38 0.0426898 4.02183 94.2106
1 57 27 39 0.0468377 4.28146 91.4105
1 57 28 40 0.048222 4.23916 87.9092
1 57 29 41 0.0471279 3.94817 83.7758
1 57 30 42 0.0504066 3.98662 79.0892
1 57 31 43 0.0573202 4.23801 73.9358
1 57 32 44 0.0569471 3.89555 68.4065
1 57 33 45 0.0649217 4.06375 62.5948
1 57 34 46 0.0694221 3.92883 56.5934
1 57 35 47 0.0789526 3.98657 50.4932
1 57 36 48 0.0875269 3.88453 44.381
1 57 37 49 0.103083 3.952 38.3381
1 57 38 50 0.113081 3.66831 32.4396
1 57 39 51 0.147371 3.9427 26.7536
1 57 40 52 0.176391 3.76435 21.3409
1 57 41 53 0.269167 4.37531 16.255
1 57 42 54 0.354376 4.0902 11.542
2 14 4 7 0.517737 4.74401 9.16298
2 14 5 8 0.355099 5.0201 14.1372
2 14 6 9 0.208658 3.59892 17.248
2 14 7 10 0.269785 4.65323 17.248
2 14 8 11 0.272522 3.85269 14.1372
2 14 9 12 0.584378 5.35464 9.16298
2 14 10 13 0.969164 3.88312 4.00667
2 24 4 9 0.560774 4.71289 8.40426
2 24 5 10 0.351945 4.86798 13.8317
2 24 6 11 0.215216 4.219 19.6035
2 24 7 12 0.173328 4.37336 25.2317
2 24 8 13 0.116927 3.52645 30.1593
2 24 9 14 0.12837 4.34309 33.8325
2 24 10 15 0.0904496 3.23789 35.7978
2 24 11 16 0.113761 4.07237 35.7978
2 24 12 17 0.105193 3.55896 33.8325
2 24 13 18 0.139343 4.20248 30.1593
2 24 14 19 0.155758 3.93004 25.2317
2 24 15 20 0.215543 4.2254 19.6035
2 24 16 21 0.365726 5.0586 13.8317
2 24 17 22 0.549661 4.61949 8.40426
2 24 18 23 2.60349 9.64272 3.70377
2 58 5 17 0.405621 4.68166 11.542
2 58 6 18 0.263341 4.28062 16.255
2 58 7 19 0.20121 4.29402 21.3409
2 58 8 20 0.140987 3.77192 26.7536
2 58 9 21 0.135939 4.40981 32.4396
2 58 10 22 0.100544 3.85468 38.3381
2 58 11 23 0.0932566 4.13882 44.381
2 58 12 24 0.078131 3.94509 50.4932
2 58 13 25 0.0722139 4.08683 56.5934
2 58 14 26 0.0650684 4.07294 62.5948
2 58 15 27 0.0645387 4.41487 68.4065
2 58 16 28 0.0534528 3.95207 73.9358
2 58 17 29 0.0540296 4.27316 79.0892
2 58 18 30 0.0480118 4.02222 83.7758
2 58 19 31 0.0460634 4.0494 87.9092
2 58 20 32 0.0445324 4.07072 91.4105
2 58 21 33 0.0421271 3.96882 94.2106
2 58 22 34 0.042764 4.11617 96.2531
2 58 23 35 0.043849 4.2751 97.4958
2 58 24 36 0.0425025 4.16155 97.913
2 58 25 37 0.0437412 4.26458 97.4958
2 58 26 38 0.0415785 4.00206 96.2531
2 58 27 39 0.0451267 4.25141 94.2106
2 58 28 40 0.0461471 4.21833 91.4105
2 58 29 41 0.0448106 3.93927 87.9092
2 58 30 42 0.0472907 3.96181 83.7758
2 58 31 43 0.0531256 4.20166 79.0892
2 58 32 44 0.0523804 3.87279 73.9358
2 58 33 45 0.0588221 4.02382 68.4065
2 58 34 46 0.0622684 3.89767 62.5948
2 58 35 47 0.069271 3.92028 56.5934
2 58 36 48 0.0756686 3.82075 50.4932
2 58 37 49 0.0872233 3.87106 44.381
2 58 38 50 0.0942508 3.6134 38.3381
2 58 39 51 0.117477 3.81092 32.4396
2 58 40 52 0.136212 3.64416 26.7536
2 58 41 53 0.191801 4.09321 21.3409
2 58 42 54 0.23505 3.82074 16.255
2 58 43 55 0.331159 3.82222 11.542
3 15 5 8 0.89182 8.17173 9.16298
3 15 6 9 0.372948 5.27243 14.1372
3 15 7 10 0.333907 5.75921 17.248
3 15 8 11 0.261619 4.51239 17.248
3 15 9 12 0.478617 6.76628 14.1372
3 15 10 13 0.620886 5.68917 9.16298
3 15 11 14 2.3405 9.3776 4.00667
3 25 5 10 0.91873 7.72124 8.40426
3 25 6 11 0.407931 5.64237 13.8317
3 25 7 12 0.269691 5.2869 19.6035
3 25 8 13 0.151918 3.83315 25.2317
3 25 9 14 0.158423 4.77792 30.1593
3 25 10 15 0.103372 3.49734 33.8325
3 25 11 16 0.119773 4.28762 35.7978
3 25 12 17 0.104028 3.72397 35.7978
3 25 13 18 0.129144 4.36927 33.8325
3 25 14 19 0.136029 4.10254 30.1593
3 25 15 20 0.1785 4.50385 25.2317
3 25 16 21 0.25598 5.01811 19.6035
3 25 17 22 0.341856 4.72844 13.8317
3 25 18 23 0.974126 8.18681 8.40426
3 25 19 24 3.01935 11.183 3.70377
3 59 6 18 0.474373 5.47519 11.542
3 59 7 19 0.311413 5.06202 16.255
3 59 8 20 0.188224 4.01687 21.3409
3 59 9 21 0.177216 4.74118 26.7536
3 59 10 22 0.123937 4.02048 32.4396
3 59 11 23 0.112037 4.29526 38.3381
3 59 12 24 0.0911468 4.04519 44.381
3 59 13 25 0.082966 4.18922 50.4932
3 59 14 26 0.0730503 4.13416 56.5934
3 59 15 27 0.0718816 4.49941 62.5948
3 59 16 28 0.0584856 4.0008 68.4065
3 59 17 29 0.0586684 4.33769 73.9358
3 59 18 30 0.0513843 4.06394 79.0892
3 59 19 31 0.0487582 4.08476 83.7758
3 59 20 32 0.0466146 4.09785 87.9092
3 59 21 33 0.0436364 3.98883 91.4105
3 59 22 34 0.0439893 4.14426 94.2106
3 59 23 35 0.0443796 4.27167 96.2531
3 59 24 36 0.0428529 4.17798 97.4958
3 59 25 37 0.0438503 4.29351 97.913
3 59 26 38 0.0412996 4.02654 97.4958
3 59 27 39 0.0443287 4.26677 96.2531
3 59 28 40 0.0450935 4.24829 94.2106
3 59 29 41 0.043326 3.96045 91.4105
3 59 30 42 0.0453233 3.98433 87.9092
3 59 31 43 0.0504761 4.22868 83.7758
3 59 32 44 0.0494121 3.90796 79.0892
3 59 33 45 0.0549768 4.06475 73.9358
3 59 34 46 0.0577172 3.94823 68.4065
3 59 35 47 0.0630183 3.94461 62.5948
3 59 36 48 0.0680099 3.84891 56.5934
3 59 37 49 0.0771077 3.89342 50.4932
3 59 38 50 0.0824554 3.65945 44.381
3 59 39 51 0.0996609 3.82081 38.3381
3 59 40 52 0.113198 3.67211 32.4396
3 59 41 53 0.151692 4.05831 26.7536
3 59 42 54 0.178414 3.80752 21.3409
3 59 43 55 0.232354 3.77692 16.255
3 59 44 56 0.271628 3.13512 11.542
4 16 5 8 2.40787 9.64756 4.00667
4 16 6 9 0.682037 6.24949 9.16298
4 16 7 10 0.413637 5.84765 14.1372
4 16 8 11 0.214159 3.69381 17.248
4 16 9 12 0.298089 5.14143 17.248
4 16 10 13 0.262943 3.71728 14.1372
4 16 11 14 0.457409 4.19123 9.16298
4 16 12 15 0.670376 2.68598 4.00667
4 26 5 10 2.48437 9.20154 3.70377
4 26 6 11 0.76233 6.40682 8.40426
4 26 7 12 0.414332 5.73091 13.8317
4 26 8 13 0.192219 3.76817 19.6035
4 26 9 14 0.191134 4.82262 25.2317
4 26 10 15 0.115137 3.47245 30.1593
4 26 11 16 0.122905 4.15818 33.8325
4 26 12 17 0.098985 3.54344 35.7978
4 26 13 18 0.113148 4.05046 35.7978
4 26 14 19 0.109451 3.70301 33.8325
4 26 15 20 0.1335 4.02627 30.1593
4 26 16 21 0.153646 3.87675 25.2317
4 26 17 22 0.178403 3.49733 19.6035
4 26 18 23 0.304558 4.21254 13.8317
4 26 19 24 0.483601 4.06431 8.40426
4 26 20 25 0.808052 2.99284 3.70377
4 60 7 19 0.47136 5.44041 11.542
4 60 8 20 0.242434 3.94077 16.255
4 60 9 21 0.223127 4.76174 21.3409
4 60 10 22 0.148194 3.96472 26.7536
4 60 11 23 0.131047 4.2511 32.4396
4 60 12 24 0.103818 3.98017 38.3381
4 60 13 25 0.093408 4.14554 44.381
4 60 14 26 0.080648 4.07218 50.4932
4 60 15 27 0.078831 4.46131 56.5934
4 60 16 28 0.063093 3.94929 62.5948
4 60 17 29 0.062853 4.29956 68.4065
4 60 18 30 0.0543424 4.01785 73.9358
4 60 19 31 0.0512247 4.05132 79.0892
4 60 20 32 0.0484983 4.06299 83.7758
4 60 21 33 0.0450816 3.96309 87.9092
4 60 22 34 0.0452362 4.13506 91.4105
4 60 23 35 0.0452658 4.26452 94.2106
4 60 24 36 0.0433247 4.17013 96.2531
4 60 25 37 0.0440661 4.29626 97.4958
4 60 26 38 0.0411972 4.03374 97.913
4 60 27 39 0.0438842 4.27852 97.4958
4 60 28 40 0.0443895 4.27263 96.2531
4 60 29 41 0.0422468 3.9801 94.2106
4 60 30 42 0.044104 4.03157 91.4105
4 60 31 43 0.0486055 4.27287 87.9092
4 60 32 44 0.047314 3.96377 83.7758
4 60 33 45 0.0522045 4.12881 79.0892
4 60 34 46 0.0543485 4.0183 73.9358
4 60 35 47 0.0583901 3.99427 68.4065
4 60 36 48 0.0626587 3.92211 62.5948
4 60 37 49 0.0701876 3.97216 56.5934
4 60 38 50 0.0744271 3.75807 50.4932
4 60 39 51 0.0880944 3.90971 44.381
4 60 40 52 0.098676 3.78305 38.3381
4 60 41 53 0.128312 4.16239 32.4396
4 60 42 54 0.147406 3.94363 26.7536
4 60 43 55 0.184134 3.92959 21.3409
4 60 44 56 0.208699 3.39241 16.255
4 60 45 57 0.426044 4.91738 11.542
5 17 6 9 1.94239 7.78251 4.00667
5 17 7 10 0.736051 6.74442 9.16298
5 17 8 11 0.26023 3.67891 14.1372
5 17 9 12 0.317782 5.48108 17.248
5 17 10 13 0.236183 4.07367 17.248
5 17 11 14 0.354761 5.01531 14.1372
5 17 12 15 0.411455 3.77016 9.16298
5 17 13 16 3.89861 15.6204 4.00667
5 27 6 11 2.07084 7.6699 3.70377
5 27 7 12 0.763826 6.41939 8.40426
5 27 8 13 0.264124 3.65328 13.8317
5 27 9 14 0.24934 4.88794 19.6035
5 27 10 15 0.13777 3.47616 25.2317
5 27 11 16 0.138117 4.1655 30.1593
5 27 12 17 0.105169 3.55812 33.8325
5 27 13 18 0.114755 4.10799 35.7978
5 27 14 19 0.105599 3.78021 35.7978
5 27 15 20 0.124704 4.21904 33.8325
5 27 16 21 0.13284 4.00637 30.1593
5 27 17 22 0.148576 3.74882 25.2317
5 27 18 23 0.226491 4.44002 19.6035
5 27 19 24 0.324394 4.48691 13.8317
5 27 20 25 0.459154 3.85885 8.40426
5 27 21 26 1.89959 7.03564 3.70377
5 61 8 20 0.327217 3.77673 11.542
5 61 9 21 0.291553 4.73919 16.255
5 61 10 22 0.180193 3.84549 21.3409
5 61 11 23 0.155363 4.15652 26.7536
5 61 12 24 0.119323 3.87077 32.4396
5 61 13 25 0.105732 4.05355 38.3381
5 61 14 26 0.0893645 3.96609 44.381
5 61 15 27 0.0867932 4.38247 50.4932
5 61 16 28 0.0680835 3.85307 56.5934
5 61 17 29 0.0669976 4.1937 62.5948
5 61 18 30 0.0574532 3.93018 68.4065
5 61 19 31 0.0537695 3.97549 73.9358
5 61 20 32 0.0503681 3.98357 79.0892
5 61 21 33 0.0463662 3.88436 83.7758
5 61 22 34 0.046172 4.05895 87.9092
5 61 23 35 0.0452713 4.13827 91.4105
5 61 24 36 0.0433565 4.08464 94.2106
5 61 25 37 0.0438044 4.21631 96.2531
5 61 26 38 0.0405816 3.95653 97.4958
5 61 27 39 0.0427518 4.18596 97.913
5 61 28 40 0.0430797 4.20009 97.4958
5 61 29 41 0.0407728 3.9245 96.2531
5 61 30 42 0.041988 3.95571 94.2106
5 61 31 43 0.0458759 4.19354 91.4105
5 61 32 44 0.0442911 3.89359 87.9092
5 61 33 45 0.0481125 4.03066 83.7758
5 61 34 46 0.0498162 3.93992 79.0892
5 61 35 47 0.052654 3.89301 73.9358
5 61 36 48 0.0556985 3.81014 68.4065
5 61 37 49 0.0613418 3.83968 62.5948
5 61 38 50 0.0643667 3.64273 56.5934
5 61 39 51 0.0739488 3.73391 50.4932
5 61 40 52 0.0813624 3.61094 44.381
5 61 41 53 0.101686 3.89845 38.3381
5 61 42 54 0.113361 3.67737 32.4396
5 61 43 55 0.134391 3.59544 26.7536
5 61 44 56 0.147165 3.14063 21.3409
5 61 45 57 0.228846 3.71989 16.255
5 61 46 58 0.368934 4.25822 11.542
6 18 7 10 2.65283 10.629 4.00667
6 18 8 11 0.4191 3.84021 9.16298
6 18 9 12 0.410982 5.81012 14.1372
6 18 10 13 0.218718 3.77245 17.248
6 18 11 14 0.249887 4.31004 17.248
6 18 12 15 0.208344 2.9454 14.1372
6 18 13 16 0.764622 7.00621 9.16298
6 28 7 12 2.73864 10.1433 3.70377
6 28 8 13 0.472452 3.97061 8.40426
6 28 9 14 0.404977 5.6015 13.8317
6 28 10 15 0.19173 3.75859 19.6035
6 28 11 16 0.175878 4.4377 25.2317
6 28 12 17 0.123962 3.73861 30.1593
6 28 13 18 0.127405 4.31044 33.8325
6 28 14 19 0.110392 3.95177 35.7978
6 28 15 20 0.126117 4.51469 35.7978
6 28 16 21 0.1244 4.20877 33.8325
6 28 17 22 0.134413 4.05381 30.1593
6 28 18 23 0.187584 4.73307 25.2317
6 28 19 24 0.251027 4.92102 19.6035
6 28 20 25 0.326878 4.52127 13.8317
6 28 21 26 0.861189 7.23765 8.40426
6 28 22 27 3.15338 11.6794 3.70377
6 62 9 21 0.462808 5.3417 11.542
6 62 10 22 0.248369 4.03724 16.255
6 62 11 23 0.204212 4.35809 21.3409
6 62 12 24 0.148689 3.97795 26.7536
6 62 13 25 0.128799 4.17817 32.4396
6 62 14 26 0.105204 4.03334 38.3381
6 62 15 27 0.101213 4.49194 44.381
6 62 16 28 0.0775859 3.91756 50.4932
6 62 17 29 0.0755064 4.27317 56.5934
6 62 18 30 0.0633767 3.96705 62.5948
6 62 19 31 0.0588041 4.02258 68.4065
6 62 20 32 0.054433 4.02454 73.9358
6 62 21 33 0.0496677 3.92818 79.0892
6 62 22 34 0.0492637 4.12711 83.7758
6 62 23 35 0.0478584 4.20719 87.9092
6 62 24 36 0.0451726 4.12925 91.4105
6 62 25 37 0.0453616 4.27354 94.2106
6 62 26 38 0.0416936 4.01314 96.2531
6 62 27 39 0.0436102 4.25181 97.4958
6 62 28 40 0.0436598 4.27486 97.913
6 62 29 41 0.0408189 3.97968 97.4958
6 62 30 42 0.0420875 4.05105 96.2531
6 62 31 43 0.0456247 4.29833 94.2106
6 62 32 44 0.043836 4.00707 91.4105
6 62 33 45 0.0473935 4.16633 87.9092
6 62 34 46 0.0486119 4.07251 83.7758
6 62 35 47 0.0506744 4.0078 79.0892
6 62 36 48 0.053668 3.96798 73.9358
6 62 37 49 0.058665 4.01307 68.4065
6 62 38 50 0.0612055 3.83114 62.5948
6 62 39 51 0.0695153 3.93411 56.5934
6 62 40 52 0.0758369 3.82925 50.4932
6 62 41 53 0.0934224 4.14618 44.381
6 62 42 54 0.103052 3.95081 38.3381
6 62 43 55 0.120099 3.89595 32.4396
6 62 44 56 0.13033 3.4868 26.7536
6 62 45 57 0.191949 4.09637 21.3409
6 62 46 58 0.285891 4.64717 16.255
6 62 47 59 0.413954 4.77784 11.542
7 19 8 11 0.821944 3.29326 4.00667
7 19 9 12 0.645912 5.91848 9.16298
7 19 10 13 0.259156 3.66374 14.1372
7 19 11 14 0.252214 4.35018 17.248
7 19 12 15 0.177149 3.05545 17.248
7 19 13 16 0.442122 6.25036 14.1372
7 19 15 18 3.37303 13.5146 4.00667
7 29 8 13 0.914106 3.38564 3.70377
7 29 9 14 0.669556 5.62712 8.40426
7 29 10 15 0.258909 3.58114 13.8317
7 29 11 16 0.217546 4.26468 19.6035
7 29 12 17 0.141897 3.5803 25.2317
7 29 13 18 0.136428 4.11456 30.1593
7 29 14 19 0.109723 3.71221 33.8325
7 29 15 20 0.120468 4.31248 35.7978
7 29 16 21 0.106959 3.82888 35.7978
7 29 17 22 0.109752 3.7132 33.8325
7 29 18 23 0.133161 4.01603 30.1593
7 29 19 24 0.161547 4.07609 25.2317
7 29 20 25 0.187067 3.66717 19.6035
7 29 21 26 0.33981 4.70015 13.8317
7 29 22 27 0.693625 5.8294 8.40426
7 29 23 28 1.56998 5.81486 3.70377
7 63 10 22 0.330532 3.81498 11.542
7 63 11 23 0.258656 4.20446 16.255
7 63 12 24 0.178733 3.81433 21.3409
7 63 13 25 0.151527 4.0539 26.7536
7 63 14 26 0.119945 3.89096 32.4396
7 63 15 27 0.114333 4.38329 38.3381
7 63 16 28 0.085779 3.80696 44.381
7 63 17 29 0.0825797 4.16972 50.4932
7 63 18 30 0.0683393 3.86755 56.5934
7 63 19 31 0.0630089 3.94403 62.5948
7 63 20 32 0.0575336 3.93567 68.4065
7 63 21 33 0.0521043 3.85237 73.9358
7 63 22 34 0.05152 4.07468 79.0892
7 63 23 35 0.0496199 4.15695 83.7758
7 63 24 36 0.0462247 4.06358 87.9092
7 63 25 37 0.0460774 4.21196 91.4105
7 63 26 38 0.0420205 3.95878 94.2106
7 63 27 39 0.0436019 4.19682 96.2531
7 63 28 40 0.0434248 4.23374 97.4958
7 63 29 41 0.0402889 3.9448 97.913
7 63 30 42 0.0412727 4.02392 97.4958
7 63 31 43 0.0443306 4.26695 96.2531
7 63 32 44 0.0423427 3.98913 94.2106
7 63 33 45 0.045296 4.14053 91.4105
7 63 34 46 0.0459567 4.04002 87.9092
7 63 35 47 0.047081 3.94425 83.7758
7 63 36 48 0.0497663 3.93597 79.0892
7 63 37 49 0.0538419 3.98084 73.9358
7 63 38 50 0.0557921 3.81655 68.4065
7 63 39 51 0.0623219 3.90103 62.5948
7 63 40 52 0.0672869 3.808 56.5934
7 63 41 53 0.0813703 4.10865 50.4932
7 63 42 54 0.0884947 3.92748 44.381
7 63 43 55 0.100661 3.85915 38.3381
7 63 44 56 0.107863 3.49903 32.4396
7 63 45 57 0.149421 3.99755 26.7536
7 63 46 58 0.205845 4.39292 21.3409
7 63 47 59 0.272695 4.43266 16.255
7 63 48 60 0.388912 4.4888 11.542
8 20 9 12 2.75544 11.0401 4.00667
8 20 10 13 0.464729 4.25831 9.16298
8 20 11 14 0.343125 4.85081 14.1372
8 20 12 15 0.184476 3.18183 17.248
8 20 13 16 0.277021 4.77804 17.248
8 20 14 17 0.292755 4.13872 14.1372
8 20 15 18 0.653798 5.99074 9.16298
8 20 16 19 1.28834 5.16195 4.00667
8 30 9 14 2.83603 10.504 3.70377
8 30 10 15 0.506617 4.25774 8.40426
8 30 11 16 0.354818 4.90772 13.8317
8 30 12 17 0.199741 3.91563 19.6035
8 30 13 18 0.176728 4.45914 25.2317
8 30 14 19 0.130298 3.92971 30.1593
8 30 15 20 0.137536 4.65319 33.8325
8 30 16 21 0.11171 3.99897 35.7978
8 30 17 22 0.110566 3.95801 35.7978
8 30 18 23 0.123023 4.16217 33.8325
8 30 19 24 0.141542 4.2688 30.1593
8 30 20 25 0.154936 3.9093 25.2317
8 30 21 26 0.245201 4.80681 19.6035
8 30 22 27 0.409562 5.66492 13.8317
8 30 23 28 0.674228 5.66639 8.40426
8 30 24 29 3.64037 13.4831 3.70377
8 64 11 23 0.412652 4.76281 11.542
8 64 12 24 0.251315 4.08512 16.255
8 64 13 25 0.203503 4.34294 21.3409
8 64 14 26 0.151668 4.05765 26.7536
8 64 15 27 0.142401 4.61943 32.4396
8 64 16 28 0.102465 3.9283 38.3381
8 64 17 29 0.0969733 4.30377 44.381
8 64 18 30 0.0783435 3.95582 50.4932
8 64 19 31 0.0712199 4.03058 56.5934
8 64 20 32 0.0639218 4.00117 62.5948
8 64 21 33 0.0571129 3.9069 68.4065
8 64 22 34 0.0560795 4.14628 73.9358
8 64 23 35 0.053042 4.19505 79.0892
8 64 24 36 0.048926 4.09882 83.7758
8 64 25 37 0.0483905 4.25397 87.9092
8 64 26 38 0.043625 3.98778 91.4105
8 64 27 39 0.0447987 4.22051 94.2106
8 64 28 40 0.0443601 4.26979 96.2531
8 64 29 41 0.0406917 3.96727 97.4958
8 64 30 42 0.0414438 4.05789 97.913
8 64 31 43 0.0440636 4.29602 97.4958
8 64 32 44 0.0417626 4.01978 96.2531
8 64 33 45 0.0443155 4.17499 94.2106
8 64 34 46 0.0445865 4.07568 91.4105
8 64 35 47 0.0449559 3.95204 87.9092
8 64 36 48 0.0473762 3.96898 83.7758
8 64 37 49 0.050725 4.0118 79.0892
8 64 38 50 0.0522323 3.86184 73.9358
8 64 39 51 0.0574418 3.92939 68.4065
8 64 40 52 0.0613881 3.84257 62.5948
8 64 41 53 0.0730802 4.13586 56.5934
8 64 42 54 0.0784316 3.96026 50.4932
8 64 43 55 0.0874804 3.88247 44.381
8 64 44 56 0.0928908 3.56125 38.3381
8 64 45 57 0.122916 3.98735 32.4396
8 64 46 58 0.160818 4.30247 26.7536
8 64 47 59 0.201297 4.29586 21.3409
8 64 48 60 0.26474 4.30336 16.255
8 64 49 61 0.418054 4.82517 11.542
9 21 10 13 0.718701 2.8796 4.00667
9 21 11 14 0.421758 3.86456 9.16298
9 21 12 15 0.193047 2.72913 14.1372
9 21 13 16 0.234882 4.05123 17.248
9 21 14 17 0.202626 3.49488 17.248
9 21 15 18 0.354305 5.00887 14.1372
9 21 16 19 0.437081 4.00497 9.16298
9 21 17 20 1.03306 4.13913 4.00667
9 31 10 15 0.782781 2.89924 3.70377
9 31 11 16 0.45482 3.82243 8.40426
9 31 12 17 0.229386 3.17279 13.8317
9 31 13 18 0.193733 3.79785 19.6035
9 31 14 19 0.136203 3.43664 25.2317
9 31 15 20 0.140913 4.24985 30.1593
9 31 16 21 0.109316 3.69844 33.8325
9 31 17 22 0.105861 3.7896 35.7978
9 31 18 23 0.111424 3.98872 35.7978
9 31 19 24 0.123301 4.17158 33.8325
9 31 20 25 0.129236 3.89768 30.1593
9 31 21 26 0.18562 4.68352 25.2317
9 31 22 27 0.27309 5.35353 19.6035
9 31 23 28 0.377213 5.21748 13.8317
9 31 24 29 1.19417 10.0361 8.40426
9 31 25 30 2.89719 10.7305 3.70377
10 22 11 14 2.893 11.5913 4.00667
10 22 12 15 0.587798 5.38598 9.16298
10 22 13 16 0.426671 6.03191 14.1372
10 22 14 17 0.244994 4.22565 17.248
10 22 15 18 0.35078 6.05024 17.248
10 22 16 19 0.344474 4.86988 14.1372
10 22 17 20 0.630159 5.77413 9.16298
10 22 18 21 3.8918 15.5932 4.00667
10 32 11 16 2.98985 11.0737 3.70377
10 32 12 17 0.677041 5.69003 8.40426
10 32 13 18 0.420503 5.81626 13.8317
10 32 14 19 0.21769 4.26749 19.6035
10 32 15 20 0.20736 5.23203 25.2317
10 32 16 21 0.135584 4.08913 30.1593
10 32 17 22 0.123605 4.18188 33.8325
10 32 18 23 0.112857 4.04003 35.7978
10 32 19 24 0.115346 4.12913 35.7978
10 32 20 25 0.111077 3.75801 33.8325
10 32 21 26 0.138729 4.18396 30.1593
10 32 22 27 0.176529 4.45413 25.2317
10 32 23 28 0.200072 3.92212 19.6035
10 32 24 29 0.395763 5.47406 13.8317
10 32 25 30 0.575958 4.8405 8.40426
10 32 26 31 1.07792 3.99238 3.70377
11 23 12 15 1.39372 5.58416 4.00667
11 23 13 16 0.693016 6.35009 9.16298
11 23 14 17 0.270391 3.82257 14.1372
11 23 15 18 0.3144 5.42276 17.248
11 23 16 19 0.225487 3.88919 17.248
11 23 17 20 0.310428 4.38857 14.1372
11 23 18 21 0.720055 6.59785 9.16298
11 23 19 22 1.51412 6.06659 4.00667
11 33 12 17 1.53615 5.68955 3.70377
11 33 13 18 0.729759 6.13308 8.40426
11 33 14 19 0.292805 4.04998 13.8317
11 33 15 20 0.264682 5.18871 19.6035
11 33 16 21 0.156481 3.94829 25.2317
11 33 17 22 0.138045 4.16334 30.1593
11 33 18 23 0.116794 3.95144 33.8325
11 33 19 24 0.114468 4.09769 35.7978
11 33 20 25 0.105354 3.77142 35.7978
11 33 21 26 0.123512 4.17872 33.8325
11 33 22 27 0.149309 4.50304 30.1593
11 33 23 28 0.15886 4.00831 25.2317
11 33 24 29 0.277098 5.43211 19.6035
11 33 25 30 0.36978 5.11468 13.8317
11 33 26 31 0.544713 4.57791 8.40426
11 33 27 32 1.58536 5.87182 3.70377
12 24 13 16 2.91559 11.6818 4.00667
12 24 14 17 0.503053 4.60946 9.16298
12 24 15 18 0.463628 6.55439 14.1372
12 24 16 19 0.237441 4.09537 17.248
12 24 17 20 0.268525 4.63152 17.248
12 24 18 21 0.361213 5.10652 14.1372
12 24 19 22 0.506862 4.64437 9.16298
12 24 20 23 2.50693 10.0445 4.00667
12 34 13 18 3.01031 11.1495 3.70377
12 34 14 19 0.575869 4.83975 8.40426
12 34 15 20 0.460199 6.36532 13.8317
12 34 16 21 0.221745 4.34699 19.6035
12 34 17 22 0.185143 4.67146 25.2317
12 34 18 23 0.137298 4.1408 30.1593
12 34 19 24 0.125924 4.26034 33.8325
12 34 20 25 0.108124 3.87061 35.7978
12 34 21 26 0.116867 4.18356 35.7978
12 34 22 27 0.133472 4.51568 33.8325
12 34 23 28 0.132166 3.98602 30.1593
12 34 24 29 0.205773 5.19199 25.2317
12 34 25 30 0.256153 5.0215 19.6035
12 34 26 31 0.332818 4.60343 13.8317
12 34 27 32 0.683398 5.74346 8.40426
12 34 28 33 2.51836 9.32743 3.70377
13 25 14 17 0.962591 3.85678 4.00667
13 25 15 18 0.695358 6.37155 9.16298
13 25 16 19 0.273215 3.86249 14.1372
13 25 17 20 0.273702 4.7208 17.248
13 25 18 21 0.277504 4.78637 17.248
13 25 19 22 0.32518 4.59713 14.1372
13 25 20 23 0.931202 8.53259 9.16298
13 25 21 24 2.86797 11.491 4.00667
13 35 14 19 1.07374 3.97688 3.70377
13 35 15 20 0.717876 6.03321 8.40426
13 35 16 21 0.282084 3.90169 13.8317
13 35 17 22 0.224543 4.40183 19.6035
13 35 18 23 0.149992 3.78455 25.2317
13 35 19 24 0.129412 3.90298 30.1593
13 35 20 25 0.103221 3.49221 33.8325
13 35 21 26 0.101634 3.63827 35.7978
13 35 22 27 0.108097 3.86963 35.7978
13 35 23 28 0.0968156 3.27552 33.8325
13 35 24 29 0.128333 3.87042 30.1593
13 35 25 30 0.144386 3.64309 25.2317
13 35 26 31 0.159443 3.12564 19.6035
13 35 27 32 0.242828 3.35871 13.8317
13 35 28 33 0.424915 3.5711 8.40426
13 35 29 34 0.932959 3.45547 3.70377
14 26 15 18 2.39998 9.61594 4.00667
14 26 16 19 0.433116 3.96863 9.16298
14 26 17 20 0.357976 5.06076 14.1372
14 26 18 21 0.234266 4.04061 17.248
14 26 19 22 0.209357 3.61098 17.248
14 26 20 23 0.305041 4.31242 14.1372
14 26 21 24 0.434485 3.98117 9.16298
14 26 22 25 0.747871 2.99647 4.00667
14 36 15 20 2.48147 9.19081 3.70377
14 36 16 21 0.491863 4.13375 8.40426
14 36 17 22 0.358551 4.95937 13.8317
14 36 18 23 0.204095 4.00098 19.6035
14 36 19 24 0.164043 4.13909 25.2317
14 36 20 25 0.120764 3.64215 30.1593
14 36 21 26 0.11113 3.75982 33.8325
14 36 22 27 0.113768 4.07265 35.7978
14 36 23 28 0.096623 3.45889 35.7978
14 36 24 29 0.119815 4.05364 33.8325
14 36 25 30 0.130286 3.92934 30.1593
14 36 26 31 0.136105 3.43415 25.2317
14 36 27 32 0.191409 3.75229 19.6035
14 36 28 33 0.293364 4.05771 13.8317
14 36 29 34 0.506143 4.25376 8.40426
14 36 30 35 4.31733 15.9904 3.70377
15 27 16 19 0.721021 2.88889 4.00667
15 27 17 20 0.485351 4.44726 9.16298
15 27 18 21 0.252935 3.57578 14.1372
15 27 19 22 0.202974 3.50088 17.248
15 27 20 23 0.242837 4.18845 17.248
15 27 21 24 0.296292 4.18872 14.1372
15 27 22 25 0.424837 3.89278 9.16298
15 27 23 26 1.79205 7.18014 4.00667
15 37 16 21 0.804059 2.97805 3.70377
15 37 17 22 0.502417 4.22244 8.40426
15 37 18 23 0.243957 3.37433 13.8317
15 37 19 24 0.184773 3.6222 19.6035
15 37 20 25 0.127959 3.22861 25.2317
15 37 21 26 0.111904 3.37495 30.1593
15 37 22 27 0.111285 3.76506 33.8325
15 37 23 28 0.0900012 3.22184 35.7978
15 37 24 29 0.104449 3.73902 35.7978
15 37 25 30 0.109342 3.69931 33.8325
15 37 26 31 0.107065 3.229 30.1593
15 37 27 32 0.137799 3.47691 25.2317
15 37 28 33 0.183735 3.60185 19.6035
15 37 29 34 0.250713 3.46778 13.8317
15 37 30 35 0.968668 8.14094 8.40426
15 37 31 36 2.18423 8.08989 3.70377
16 28 17 20 3.87034 15.5072 4.00667
16 28 18 21 0.752473 6.89489 9.16298
16 28 19 22 0.416222 5.8842 14.1372
16 28 20 23 0.284736 4.91111 17.248
16 28 21 24 0.272282 4.6963 17.248
16 28 22 25 0.336224 4.75325 14.1372
16 28 23 26 0.800234 7.33253 9.16298
16 28 24 27 3.02812 12.1327 4.00667
16 38 17 22 3.95412 14.6452 3.70377
16 38 18 23 0.787767 6.6206 8.40426
16 38 19 24 0.440723 6.09594 13.8317
16 38 20 25 0.218156 4.27662 19.6035
16 38 21 26 0.161693 4.07979 25.2317
16 38 22 27 0.148882 4.49018 30.1593
16 38 23 28 0.108036 3.65514 33.8325
16 38 24 29 0.112722 4.03521 35.7978
16 38 25 30 0.11185 4.00397 35.7978
16 38 26 31 0.101239 3.42516 33.8325
16 38 27 32 0.121323 3.65903 30.1593
16 38 28 33 0.147654 3.72556 25.2317
16 38 29 34 0.175133 3.43322 19.6035
16 38 30 35 0.442632 6.12235 13.8317
16 38 31 36 0.661575 5.56005 8.40426
16 38 32 37 1.4958 5.54009 3.70377
17 29 18 21 1.81601 7.27615 4.00667
17 29 19 22 0.711802 6.52223 9.16298
17 29 20 23 0.3055 4.3189 14.1372
17 29 21 24 0.225971 3.89754 17.248
17 29 22 25 0.235184 4.05645 17.248
17 29 23 26 0.328214 4.64002 14.1372
17 29 24 27 0.637882 5.8449 9.16298
17 29 25 28 1.51174 6.05704 4.00667
17 39 18 23 1.8892 6.99717 3.70377
17 39 19 24 0.77562 6.51851 8.40426
17 39 20 25 0.292957 4.05208 13.8317
17 39 21 26 0.194033 3.80374 19.6035
17 39 22 27 0.170331 4.29774 25.2317
17 39 23 28 0.114718 3.4598 30.1593
17 39 24 29 0.111188 3.76178 33.8325
17 39 25 30 0.105628 3.78124 35.7978
17 39 26 31 0.0893316 3.19787 35.7978
17 39 27 32 0.100609 3.40386 33.8325
17 39 28 33 0.113835 3.43317 30.1593
17 39 29 34 0.120783 3.04756 25.2317
17 39 30 35 0.23859 4.67721 19.6035
17 39 31 36 0.298791 4.13278 13.8317
17 39 32 37 0.465198 3.90965 8.40426
17 39 33 38 0.871755 3.22878 3.70377
18 30 19 22 3.2558 13.0449 4.00667
18 30 20 23 0.602878 5.52416 9.16298
18 30 21 24 0.319886 4.52229 14.1372
18 30 22 25 0.285454 4.92349 17.248
18 30 23 26 0.27916 4.81493 17.248
18 30 24 27 0.391436 5.5338 14.1372
18 30 25 28 0.650886 5.96405 9.16298
18 30 26 29 3.53011 14.144 4.00667
18 40 19 24 3.3992 12.5899 3.70377
18 40 20 25 0.630762 5.30109 8.40426
18 40 21 26 0.326343 4.51387 13.8317
18 40 22 27 0.26334 5.1624 19.6035
18 40 23 28 0.155646 3.92721 25.2317
18 40 24 29 0.13566 4.0914 30.1593
18 40 25 30 0.122247 4.13593 33.8325
18 40 26 31 0.0955019 3.41875 35.7978
18 40 27 32 0.102206 3.65876 35.7978
18 40 28 33 0.110278 3.73097 33.8325
18 40 29 34 0.10904 3.28857 30.1593
18 40 30 35 0.192215 4.84991 25.2317
18 40 31 36 0.226072 4.4318 19.6035
18 40 32 37 0.313719 4.33926 13.8317
18 40 33 38 0.456112 3.83329 8.40426
18 40 34 39 2.84687 10.5441 3.70377
19 31 20 23 1.31492 5.26846 4.00667
19 31 21 24 0.457916 4.19588 9.16298
19 31 22 25 0.360657 5.09867 14.1372
19 31 23 26 0.267079 4.60657 17.248
19 31 24 27 0.289687 4.9965 17.248
19 31 25 28 0.382528 5.40787 14.1372
19 31 26 29 1.1241 10.3001 9.16298
19 31 27 30 2.74469 10.9971 4.00667
19 41 20 25 1.38212 5.11907 3.70377
19 41 21 26 0.497564 4.18166 8.40426
19 41 22 27 0.371575 5.1395 13.8317
19 41 23 28 0.197961 3.88073 19.6035
19 41 24 29 0.158705 4.00439 25.2317
19 41 25 30 0.136686 4.12236 30.1593
19 41 26 31 0.100438 3.39806 33.8325
19 41 27 32 0.103345 3.69954 35.7978
19 41 28 33 0.107539 3.84967 35.7978
19 41 29 34 0.100556 3.40207 33.8325
19 41 30 35 0.162855 4.9116 30.1593
19 41 31 36 0.183415 4.62788 25.2317
19 41 32 37 0.23704 4.64683 19.6035
19 41 33 38 0.313312 4.33363 13.8317
19 41 34 39 1.15867 9.73772 8.40426
19 41 35 40 2.77027 10.2605 3.70377
20 32 21 24 1.02322 4.0997 4.00667
20 32 22 25 0.619484 5.67631 9.16298
20 32 23 26 0.309672 4.37789 14.1372
20 32 24 27 0.243207 4.19483 17.248
20 32 25 28 0.243802 4.20509 17.248
20 32 26 29 0.373692 5.28295 14.1372
20 32 27 30 0.513285 4.70322 9.16298
20 32 28 31 1.00605 4.03091 4.00667
20 42 21 26 1.11476 4.12882 3.70377
20 42 22 27 0.675122 5.6739 8.40426
20 42 23 28 0.291255 4.02855 13.8317
20 42 24 29 0.206015 4.03862 19.6035
20 42 25 30 0.167245 4.21987 25.2317
20 42 26 31 0.112392 3.38967 30.1593
20 42 27 32 0.110123 3.72575 33.8325
20 42 28 33 0.10963 3.92451 35.7978
20 42 29 34 0.0957766 3.42859 35.7978
20 42 30 35 0.141667 4.79296 33.8325
20 42 31 36 0.152322 4.59391 30.1593
20 42 32 37 0.183406 4.62764 25.2317
20 42 33 38 0.225456 4.41973 19.6035
20 42 34 39 0.588868 8.14503 13.8317
20 42 35 40 0.982158 8.25431 8.40426
20 42 36 41 2.67142 9.89432 3.70377
21 33 22 25 3.91475 15.6851 4.00667
21 33 23 26 0.754118 6.90997 9.16298
21 33 24 27 0.367628 5.19722 14.1372
21 33 25 28 0.286796 4.94664 17.248
21 33 26 29 0.294927 5.08689 17.248
21 33 27 30 0.348105 4.92122 14.1372
21 33 28 31 0.51612 4.7292 9.16298
21 33 29 32 1.43718 5.75829 4.00667
21 43 22 27 4.0508 15.0032 3.70377
21 43 23 28 0.766582 6.44255 8.40426
21 43 24 29 0.367643 5.08512 13.8317
21 43 25 30 0.256032 5.01914 19.6035
21 43 26 31 0.141416 3.56816 25.2317
21 43 27 32 0.127991 3.86013 30.1593
21 43 28 33 0.119242 4.03424 33.8325
21 43 29 34 0.0935717 3.34966 35.7978
21 43 30 35 0.121299 4.34223 35.7978
21 43 31 36 0.121623 4.11482 33.8325
21 43 32 37 0.131112 3.95425 30.1593
21 43 33 38 0.145612 3.67404 25.2317
21 43 34 39 0.242344 4.75079 19.6035
21 43 35 40 0.291106 4.02648 13.8317
21 43 36 41 0.46393 3.89899 8.40426
21 43 37 42 1.27478 4.7215 3.70377
22 34 23 26 1.58689 6.35815 4.00667
22 34 24 27 0.520916 4.77314 9.16298
22 34 25 28 0.338978 4.79219 14.1372
22 34 26 29 0.25205 4.34735 17.248
22 34 27 30 0.262075 4.52026 17.248
22 34 28 31 0.33326 4.71136 14.1372
22 34 29 32 0.595358 5.45525 9.16298
22 34 30 33 2.38785 9.56731 4.00667
22 44 23 28 1.61707 5.98927 3.70377
22 44 24 29 0.551275 4.63306 8.40426
22 44 25 30 0.344061 4.75894 13.8317
22 44 26 31 0.167009 3.27397 19.6035
22 44 27 32 0.145126 3.66178 25.2317
22 44 28 33 0.131432 3.96389 30.1593
22 44 29 34 0.0984867 3.33206 33.8325
22 44 30 35 0.121886 4.36325 35.7978
22 44 31 36 0.119168 4.26596 35.7978
22 44 32 37 0.123685 4.18459 33.8325
22 44 33 38 0.133459 4.02504 30.1593
22 44 34 39 0.202439 5.10789 25.2317
22 44 35 40 0.223967 4.39054 19.6035
22 44 36 41 0.316742 4.38107 13.8317
22 44 37 42 0.60233 5.06214 8.40426
22 44 38 43 2.44182 9.04396 3.70377
23 35 25 28 0.918768 8.41865 9.16298
23 35 26 29 0.295176 4.17296 14.1372
23 35 27 30 0.236269 4.07515 17.248
23 35 28 31 0.229387 3.95646 17.248
23 35 29 32 0.234058 3.30892 14.1372
23 35 30 33 0.392541 3.59684 9.16298
23 35 31 34 0.891756 3.57297 4.00667
23 45 25 30 0.994329 8.3566 8.40426
23 45 32 37 0.116678 4.17681 35.7978
23 45 33 38 0.118525 4.00999 33.8325
23 45 34 39 0.156899 4.73196 30.1593
23 45 35 40 0.154283 3.89281 25.2317
23 45 36 41 0.195248 3.82754 19.6035
23 45 37 42 0.286425 3.96174 13.8317
23 45 38 43 0.646064 5.42969 8.40426
23 45 39 44 1.19426 4.42327 3.70377
24 36 25 28 2.85395 11.4348 4.00667
24 36 26 29 0.436029 3.99532 9.16298
24 36 27 30 0.301926 4.26838 14.1372
24 36 28 31 0.260326 4.4901 17.248
24 36 29 32 0.212263 3.6611 17.248
24 36 30 33 0.287513 4.06462 14.1372
24 36 31 34 0.494752 4.5334 9.16298
24 36 32 35 4.24464 17.0069 4.00667
24 46 26 31 0.458046 3.84954 8.40426
24 46 27 32 0.316012 4.37098 13.8317
24 46 28 33 0.245846 4.81946 19.6035
24 46 29 34 0.146975 3.70844 25.2317
24 46 30 35 0.150963 4.55295 30.1593
24 46 31 36 0.132573 4.48528 33.8325
24 46 32 37 0.118106 4.22791 35.7978
24 46 33 38 0.115558 4.13672 35.7978
24 46 34 39 0.141603 4.79077 33.8325
24 46 35 40 0.129676 3.91094 30.1593
24 46 36 41 0.155468 3.92272 25.2317
24 46 37 42 0.205315 4.0249 19.6035
24 46 38 43 0.384102 5.31278 13.8317
24 46 39 44 0.518589 4.35835 8.40426
24 46 40 45 3.11733 11.5459 3.70377
25 37 26 29 0.732814 2.93614 4.00667
25 37 27 30 0.413603 3.78984 9.16298
25 37 28 31 0.310613 4.39119 14.1372
25 37 29 32 0.198216 3.41882 17.248
25 37 30 33 0.211048 3.64014 17.248
25 37 31 34 0.268958 3.80231 14.1372
25 37 32 35 0.944369 8.65323 9.16298
25 37 33 36 2.11507 8.47439 4.00667
25 47 26 31 0.787615 2.91715 3.70377
25 47 27 32 0.458431 3.85277 8.40426
25 47 28 33 0.328389 4.54217 13.8317
25 47 29 34 0.176924 3.46834 19.6035
25 47 30 35 0.168216 4.24438 25.2317
25 47 31 36 0.14083 4.24734 30.1593
25 47 32 37 0.116757 3.95018 33.8325
25 47 33 38 0.109285 3.91215 35.7978
25 47 34 39 0.122497 4.38511 35.7978
25 47 35 40 0.102223 3.45846 33.8325
25 47 36 41 0.114768 3.46131 30.1593
25 47 37 42 0.134807 3.40142 25.2317
25 47 38 43 0.209455 4.10606 19.6035
25 47 39 44 0.2284 3.15916 13.8317
25 47 40 45 0.557441 4.68488 8.40426
25 47 41 46 1.31886 4.88474 3.70377
26 38 27 30 1.79155 7.17813 4.00667
26 38 28 31 0.795197 7.28637 9.16298
26 38 29 32 0.311162 4.39895 14.1372
26 38 30 33 0.252155 4.34916 17.248
26 38 31 34 0.243386 4.1979 17.248
26 38 32 35 0.4564 6.4522 14.1372
26 38 33 36 0.638373 5.8494 9.16298
26 38 34 37 1.43873 5.76451 4.00667
26 48 27 32 1.91111 7.07831 3.70377
26 48 28 33 0.862812 7.2513 8.40426
26 48 29 34 0.323761 4.47815 13.8317
26 48 30 35 0.258766 5.07272 19.6035
26 48 31 36 0.196219 4.95092 25.2317
26 48 32 37 0.144107 4.34617 30.1593
26 48 33 38 0.127591 4.31673 33.8325
26 48 34 39 0.131556 4.70942 35.7978
26 48 35 40 0.100985 3.61503 35.7978
26 48 36 41 0.108672 3.67664 33.8325
26 48 37 42 0.119779 3.61245 30.1593
26 48 38 43 0.172614 4.35533 25.2317
26 48 39 44 0.17552 3.44081 19.6035
26 48 40 45 0.341754 4.72703 13.8317
26 48 41 46 0.593257 4.98589 8.40426
26 48 42 47 3.16124 11.7085 3.70377
27 39 28 31 3.04903 12.2165 4.00667
27 39 29 32 0.617556 5.65865 9.16298
27 39 30 33 0.366977 5.18801 14.1372
27 39 31 34 0.267718 4.61759 17.248
27 39 32 35 0.296844 5.11995 17.248
27 39 33 36 0.319711 4.5198 14.1372
27 39 34 37 0.460746 4.2218 9.16298
27 39 35 38 0.730177 2.92558 4.00667
27 49 28 33 3.19273 11.8251 3.70377
27 49 29 34 0.666879 5.60462 8.40426
27 49 30 35 0.418033 5.7821 13.8317
27 49 31 36 0.277154 5.4332 19.6035
27 49 32 37 0.175063 4.41713 25.2317
27 49 33 38 0.146428 4.41615 30.1593
27 49 34 39 0.13912 4.70678 33.8325
27 49 35 40 0.0972892 3.48273 35.7978
27 49 36 41 0.0999145 3.57672 35.7978
27 49 37 42 0.102328 3.46202 33.8325
27 49 38 43 0.135168 4.07656 30.1593
27 49 39 44 0.12695 3.20316 25.2317
27 49 40 45 0.198491 3.89113 19.6035
27 49 41 46 0.272197 3.76495 13.8317
27 49 42 47 0.660906 5.55443 8.40426
27 49 43 48 1.56851 5.8094 3.70377
28 40 29 32 1.4869 5.95753 4.00667
28 40 30 33 0.628967 5.76321 9.16298
28 40 31 34 0.365413 5.16591 14.1372
28 40 32 35 0.288818 4.98152 17.248
28 40 33 36 0.275138 4.74557 17.248
28 40 34 37 0.333846 4.71963 14.1372
28 40 35 38 0.360087 3.29947 9.16298
28 40 36 39 2.73749 10.9682 4.00667
28 50 29 34 1.56736 5.80516 3.70377
28 50 30 35 0.709965 5.96673 8.40426
28 50 31 36 0.401654 5.55555 13.8317
28 50 32 37 0.216368 4.24158 19.6035
28 50 33 38 0.172759 4.35899 25.2317
28 50 34 39 0.154717 4.66617 30.1593
28 50 35 40 0.101228 3.42478 33.8325
28 50 36 41 0.100746 3.60649 35.7978
28 50 37 42 0.0987449 3.53485 35.7978
28 50 38 43 0.124722 4.21965 33.8325
28 50 39 44 0.112823 3.40265 30.1593
28 50 40 45 0.163032 4.11357 25.2317
28 50 41 46 0.206998 4.05789 19.6035
28 50 42 47 0.392603 5.43036 13.8317
28 50 43 48 0.623829 5.24282 8.40426
28 50 44 49 1.97379 7.31047 3.70377
29 41 30 33 3.54971 14.2225 4.00667
29 41 31 34 1.1071 10.1443 9.16298
29 41 32 35 0.429871 6.07715 14.1372
29 41 33 36 0.333538 5.75285 17.248
29 41 34 37 0.323803 5.58494 17.248
29 41 35 38 0.262542 3.71161 14.1372
29 41 36 39 1.09389 10.0233 9.16298
29 41 37 40 2.68754 10.7681 4.00667
29 51 30 35 3.72743 13.8056 3.70377
29 51 31 36 1.20258 10.1068 8.40426
29 51 32 37 0.399528 5.52614 13.8317
29 51 33 38 0.280046 5.48989 19.6035
29 51 34 39 0.218336 5.50899 25.2317
29 51 35 40 0.121581 3.6668 30.1593
29 51 36 41 0.113215 3.83035 33.8325
29 51 37 42 0.100953 3.61391 35.7978
29 51 38 43 0.116503 4.17055 35.7978
29 51 39 44 0.0982867 3.32529 33.8325
29 51 40 45 0.127917 3.8579 30.1593
29 51 41 46 0.149208 3.76478 25.2317
29 51 42 47 0.234026 4.58774 19.6035
29 51 43 48 0.29899 4.13553 13.8317
29 51 44 49 0.571074 4.79945 8.40426
29 51 45 50 1.04866 3.88398 3.70377
30 42 31 34 2.75424 11.0353 4.00667
30 42 32 35 0.577477 5.29141 9.16298
30 42 33 36 0.389229 5.50259 14.1372
30 42 34 37 0.32271 5.56609 17.248
30 42 35 38 0.206973 3.56986 17.248
30 42 36 39 0.560652 7.92603 14.1372
30 42 37 40 0.938643 8.60077 9.16298
30 42 38 41 2.58459 10.3556 4.00667
30 52 31 36 2.89941 10.7388 3.70377
30 52 32 37 0.580431 4.87809 8.40426
30 52 33 38 0.3736 5.16752 13.8317
30 52 34 39 0.270435 5.30147 19.6035
30 52 35 40 0.136926 3.45488 25.2317
30 52 36 41 0.123433 3.72264 30.1593
30 52 37 42 0.104512 3.53589 33.8325
30 52 38 43 0.115354 4.12942 35.7978
30 52 39 44 0.0937919 3.35754 35.7978
30 52 40 45 0.116171 3.93037 33.8325
30 52 41 46 0.130341 3.93099 30.1593
30 52 42 47 0.188025 4.74419 25.2317
30 52 43 48 0.220509 4.32275 19.6035
30 52 44 49 0.368492 5.09686 13.8317
30 52 45 50 0.533516 4.48381 8.40426
30 52 46 51 3.41496 12.6483 3.70377
31 43 32 35 1.06308 4.25939 4.00667
31 43 33 36 0.540689 4.95433 9.16298
31 43 34 37 0.362284 5.12166 14.1372
31 43 35 38 0.169054 2.91584 17.248
31 43 36 39 0.256808 4.42942 17.248
31 43 37 40 0.28832 4.07603 14.1372
31 43 38 41 0.436239 3.99725 9.16298
31 43 39 42 1.15057 4.60996 4.00667
31 53 32 37 1.10863 4.10612 3.70377
31 53 33 38 0.568579 4.77849 8.40426
31 53 34 39 0.36406 5.03556 13.8317
31 53 35 40 0.161763 3.17113 19.6035
31 53 36 41 0.138951 3.50597 25.2317
31 53 37 42 0.109775 3.31075 30.1593
31 53 38 43 0.11328 3.83257 33.8325
31 53 39 44 0.0871642 3.12028 35.7978
31 53 40 45 0.100362 3.59275 35.7978
31 53 41 46 0.106277 3.59561 33.8325
31 53 42 47 0.136483 4.11624 30.1593
31 53 43 48 0.142449 3.59422 25.2317
31 53 44 49 0.204942 4.01759 19.6035
31 53 45 50 0.240626 3.32827 13.8317
31 53 46 51 0.618726 5.19994 8.40426
31 53 47 52 1.40783 5.21429 3.70377
32 44 33 36 1.54265 6.1809 4.00667
32 44 34 37 0.68996 6.32209 9.16298
32 44 35 38 0.22626 3.19868 14.1372
32 44 36 39 0.267602 4.61559 17.248
32 44 37 40 0.249832 4.30909 17.248
32 44 38 41 0.312463 4.41734 14.1372
32 44 39 42 0.518566 4.75161 9.16298
32 44 40 43 2.32092 9.29915 4.00667
32 54 33 38 1.61348 5.97595 3.70377
32 54 34 39 0.719815 6.04951 8.40426
32 54 35 40 0.240777 3.33035 13.8317
32 54 36 41 0.19029 3.73036 19.6035
32 54 37 42 0.136031 3.4323 25.2317
32 54 38 43 0.12988 3.91709 30.1593
32 54 39 44 0.094519 3.19782 33.8325
32 54 40 45 0.102976 3.6863 35.7978
32 54 41 46 0.104724 3.74889 35.7978
32 54 42 47 0.126134 4.26743 33.8325
32 54 43 48 0.123836 3.7348 30.1593
32 54 44 49 0.168251 4.24525 25.2317
32 54 45 50 0.184223 3.61143 19.6035
32 54 46 51 0.368378 5.09529 13.8317
32 54 47 52 0.609956 5.12623 8.40426
32 54 48 53 2.93184 10.8589 3.70377
33 45 34 37 2.50359 10.0311 4.00667
33 45 35 38 0.369485 3.38558 9.16298
33 45 36 39 0.315975 4.46699 14.1372
33 45 37 40 0.223685 3.85811 17.248
33 45 38 41 0.222071 3.83028 17.248
33 45 39 42 0.24758 3.50008 14.1372
33 45 40 43 0.589032 5.39729 9.16298
33 45 41 44 1.13333 4.54088 4.00667
33 55 34 39 2.57189 9.5257 3.70377
33 55 35 40 0.416351 3.49913 8.40426
33 55 36 41 0.287325 3.97418 13.8317
33 55 37 42 0.176679 3.46353 19.6035
33 55 38 43 0.15204 3.83623 25.2317
33 55 39 44 0.103149 3.11089 30.1593
33 55 40 45 0.105836 3.58071 33.8325
33 55 41 46 0.10273 3.67752 35.7978
33 55 42 47 0.114969 4.11563 35.7978
33 55 43 48 0.104849 3.5473 33.8325
33 55 44 49 0.133504 4.02639 30.1593
33 55 45 50 0.135476 3.41828 25.2317
33 55 46 51 0.214223 4.19954 19.6035
33 55 47 52 0.272674 3.77154 13.8317
33 55 48 53 0.654168 5.4978 8.40426
33 55 49 54 1.4442 5.349 3.70377
34 46 35 38 0.866749 3.47278 4.00667
34 46 36 39 0.52101 4.77401 9.16298
34 46 37 40 0.273325 3.86404 14.1372
34 46 38 41 0.221286 3.81672 17.248
34 46 39 42 0.194663 3.35754 17.248
34 46 40 43 0.359715 5.08536 14.1372
34 46 41 44 0.489666 4.4868 9.16298
34 46 42 45 3.04234 12.1897 4.00667
34 56 35 40 0.950633 3.52093 3.70377
34 56 36 41 0.520486 4.3743 8.40426
34 56 37 42 0.25823 3.57176 13.8317
34 56 38 43 0.195734 3.83708 19.6035
34 56 39 44 0.123285 3.11069 25.2317
34 56 40 45 0.119933 3.6171 30.1593
34 56 41 46 0.1124 3.80278 33.8325
34 56 42 47 0.119663 4.28366 35.7978
34 56 43 48 0.104007 3.72322 35.7978
34 56 44 49 0.128429 4.34509 33.8325
34 56 45 50 0.126139 3.80426 30.1593
34 56 46 51 0.186608 4.70845 25.2317
34 56 47 52 0.221815 4.34835 19.6035
34 56 48 53 0.449154 6.21256 13.8317
34 56 49 54 0.754741 6.34304 8.40426
34 56 50 55 2.47583 9.16992 3.70377
35 47 36 39 4.19613 16.8125 4.00667
35 47 37 40 0.889979 8.15485 9.16298
35 47 38 41 0.39511 5.58573 14.1372
35 47 39 42 0.212629 3.66742 17.248
35 47 40 43 0.261337 4.50754 17.248
35 47 41 44 0.260465 3.68224 14.1372
35 47 42 45 0.552514 5.06267 9.16298
35 47 43 46 1.21998 4.88805 4.00667
35 57 36 41 4.27035 15.8164 3.70377
35 57 37 42 0.935305 7.86054 8.40426
35 57 38 43 0.435478 6.02339 13.8317
35 57 39 44 0.214054 4.19622 19.6035
35 57 40 45 0.178865 4.51306 25.2317
35 57 41 46 0.150901 4.55106 30.1593
35 57 42 47 0.140266 4.74554 33.8325
35 57 43 48 0.105865 3.78972 35.7978
35 57 44 49 0.120414 4.31056 35.7978
35 57 45 50 0.108137 3.65855 33.8325
35 57 46 51 0.138937 4.19023 30.1593
35 57 47 52 0.144312 3.64123 25.2317
35 57 48 53 0.229936 4.50755 19.6035
35 57 49 54 0.295868 4.09235 13.8317
35 57 50 55 0.515708 4.33415 8.40426
35 57 51 56 0.755299 2.79745 3.70377
36 48 37 40 2.06987 8.29327 4.00667
36 48 38 41 0.586971 5.37841 9.16298
36 48 39 42 0.24802 3.5063 14.1372
36 48 40 43 0.259799 4.481 17.248
36 48 41 44 0.232598 4.01184 17.248
36 48 42 45 0.360195 5.09214 14.1372
36 48 43 46 0.528153 4.83945 9.16298
36 48 44 47 3.09381 12.3959 4.00667
36 58 37 42 2.14529 7.94566 3.70377
36 58 38 43 0.655148 5.50604 8.40426
36 58 39 44 0.273324 3.78053 13.8317
36 58 40 45 0.212983 4.17522 19.6035
36 58 41 46 0.171684 4.33187 25.2317
36 58 42 47 0.150509 4.53924 30.1593
36 58 43 48 0.106119 3.59027 33.8325
36 58 44 49 0.115876 4.14811 35.7978
36 58 45 50 0.0993059 3.55493 35.7978
36 58 46 51 0.118912 4.02309 33.8325
36 58 47 52 0.115063 3.47021 30.1593
36 58 48 53 0.165104 4.16585 25.2317
36 58 49 54 0.192184 3.76749 19.6035
36 58 50 55 0.286381 3.96113 13.8317
36 58 51 56 0.337743 2.83848 8.40426
36 58 52 57 1.97118 7.30081 3.70377
37 49 38 41 1.36974 5.48808 4.00667
37 49 39 42 0.372519 3.41338 9.16298
37 49 40 43 0.307988 4.35408 14.1372
37 49 41 44 0.238934 4.12112 17.248
37 49 42 45 0.260857 4.49924 17.248
37 49 43 46 0.247716 3.502 14.1372
37 49 44 47 0.641774 5.88056 9.16298
37 49 45 48 1.49247 5.97983 4.00667
37 59 38 43 1.49399 5.53342 3.70377
37 59 39 44 0.438875 3.68842 8.40426
37 59 40 45 0.302629 4.18586 13.8317
37 59 41 46 0.22762 4.46216 19.6035
37 59 42 47 0.185429 4.67868 25.2317
37 59 43 48 0.119062 3.59082 30.1593
37 59 44 49 0.124095 4.19844 33.8325
37 59 45 50 0.100925 3.61291 35.7978
37 59 46 51 0.113225 4.05319 35.7978
37 59 47 52 0.102751 3.47634 33.8325
37 59 48 53 0.136233 4.10868 30.1593
37 59 49 54 0.147688 3.72642 25.2317
37 59 50 55 0.200661 3.93367 19.6035
37 59 51 56 0.21283 2.9438 13.8317
37 59 52 57 0.653822 5.49489 8.40426
37 59 53 58 2.71323 10.0492 3.70377
38 50 39 42 0.744093 2.98133 4.00667
38 50 40 43 0.432225 3.96047 9.16298
38 50 41 44 0.296084 4.18579 14.1372
38 50 42 45 0.268663 4.63388 17.248
38 50 43 46 0.204903 3.53415 17.248
38 50 44 47 0.396108 5.59984 14.1372
38 50 45 48 0.580886 5.32264 9.16298
38 50 46 49 1.88115 7.53716 4.00667
38 60 39 44 0.84903 3.14461 3.70377
38 60 40 45 0.447977 3.76491 8.40426
38 60 41 46 0.30616 4.2347 13.8317
38 60 42 47 0.229706 4.50305 19.6035
38 60 43 48 0.134812 3.40153 25.2317
38 60 44 49 0.135067 4.07353 30.1593
38 60 45 50 0.105103 3.55591 33.8325
38 60 46 51 0.112154 4.01487 35.7978
38 60 47 52 0.0968824 3.46817 35.7978
38 60 48 53 0.121681 4.11679 33.8325
38 60 49 54 0.125636 3.7891 30.1593
38 60 50 55 0.161805 4.08261 25.2317
38 60 51 56 0.162068 3.17711 19.6035
38 60 52 57 0.373478 5.16583 13.8317
38 60 53 58 0.974161 8.1871 8.40426
38 60 54 59 2.8425 10.528 3.70377
39 51 40 43 2.75018 11.0191 4.00667
39 51 41 44 1.06335 9.74342 9.16298
39 51 42 45 0.563799 7.97052 14.1372
39 51 43 46 0.225725 3.8933 17.248
39 51 44 47 0.301776 5.20503 17.248
39 51 45 48 0.307736 4.35051 14.1372
39 51 46 49 0.544578 4.98996 9.16298
39 51 47 50 0.937397 3.75584 4.00667
39 61 40 45 2.8387 10.5139 3.70377
39 61 41 46 1.13105 9.5056 8.40426
39 61 42 47 0.579837 8.02011 13.8317
39 61 43 48 0.218133 4.27619 19.6035
39 61 44 49 0.193131 4.87301 25.2317
39 61 45 50 0.13372 4.03292 30.1593
39 61 46 51 0.128084 4.33339 33.8325
39 61 47 52 0.0997571 3.57108 35.7978
39 61 48 53 0.113967 4.07978 35.7978
39 61 49 54 0.108112 3.65769 33.8325
39 61 50 55 0.128289 3.86909 30.1593
39 61 51 56 0.118262 2.98394 25.2317
39 61 52 57 0.196358 3.8493 19.6035
39 61 53 58 0.312132 4.31731 13.8317
39 61 54 59 0.526126 4.4217 8.40426
39 61 55 60 1.17732 4.36051 3.70377
40 52 41 44 2.67644 10.7236 4.00667
40 52 42 45 0.964418 8.83694 9.16298
40 52 43 46 0.274603 3.8821 14.1372
40 52 44 47 0.303375 5.2326 17.248
40 52 45 48 0.257703 4.44485 17.248
40 52 46 49 0.370509 5.23795 14.1372
40 52 47 50 0.464285 4.25423 9.16298
40 52 48 51 3.30629 13.2472 4.00667
40 62 41 46 2.78658 10.3209 3.70377
40 62 42 47 1.01039 8.49159 8.40426
40 62 43 48 0.294342 4.07124 13.8317
40 62 44 49 0.242323 4.75039 19.6035
40 62 45 50 0.157068 3.96309 25.2317
40 62 46 51 0.142931 4.31069 30.1593
40 62 47 52 0.10579 3.57916 33.8325
40 62 48 53 0.115916 4.14953 35.7978
40 62 49 54 0.105918 3.79163 35.7978
40 62 50 55 0.121749 4.11908 33.8325
40 62 51 56 0.108766 3.28031 30.1593
40 62 52 57 0.167586 4.22847 25.2317
40 62 53 58 0.239139 4.68797 19.6035
40 62 54 59 0.361161 4.99546 13.8317
40 62 55 60 0.615921 5.17636 8.40426
40 62 56 61 2.09705 7.76698 3.70377
41 53 42 45 2.5848 10.3564 4.00667
41 53 43 46 0.405058 3.71154 9.16298
41 53 44 47 0.340425 4.81264 14.1372
41 53 45 48 0.224483 3.87187 17.248
41 53 46 49 0.246283 4.24788 17.248
41 53 47 50 0.217996 3.08184 14.1372
41 53 48 51 0.57766 5.29309 9.16298
41 53 49 52 1.32877 5.32394 4.00667
41 63 42 47 2.67723 9.91584 3.70377
41 63 43 48 0.461883 3.88178 8.40426
41 63 44 49 0.332232 4.59533 13.8317
41 63 45 50 0.194652 3.81587 19.6035
41 63 46 51 0.164981 4.16274 25.2317
41 63 47 52 0.11368 3.4285 30.1593
41 63 48 53 0.118016 3.99279 33.8325
41 63 49 54 0.102373 3.66472 35.7978
41 63 50 55 0.112636 4.03213 35.7978
41 63 51 56 0.096351 3.2598 33.8325
41 63 52 57 0.135589 4.08926 30.1593
41 63 53 58 0.171719 4.33276 25.2317
41 63 54 59 0.233931 4.58587 19.6035
41 63 55 60 0.332429 4.59805 13.8317
41 63 56 61 0.679941 5.7144 8.40426
42 54 43 46 1.16246 4.65759 4.00667
42 54 44 47 0.598829 5.48705 9.16298
42 54 45 48 0.289422 4.09161 14.1372
42 54 46 49 0.260608 4.49495 17.248
42 54 47 50 0.189083 3.26129 17.248
42 54 48 51 0.355547 5.02643 14.1372
42 54 49 52 0.563415 5.16256 9.16298
42 54 50 53 2.86995 11.4989 4.00667
42 64 43 48 1.26549 4.68709 3.70377
42 64 44 49 0.618982 5.20209 8.40426
42 64 45 50 0.286908 3.96842 13.8317
42 64 46 51 0.216985 4.25367 19.6035
42 64 47 52 0.134557 3.39511 25.2317
42 64 48 53 0.130833 3.94582 30.1593
42 64 49 54 0.106855 3.61519 33.8325
42 64 50 55 0.11251 4.02762 35.7978
42 64 51 56 0.0921358 3.29826 35.7978
42 64 52 57 0.119891 4.05621 33.8325
42 64 53 58 0.137857 4.15768 30.1593
42 64 54 59 0.174363 4.39948 25.2317
42 64 55 60 0.222416 4.36014 19.6035
42 64 56 61 0.376291 5.20473 13.8317
42 64 57 62 0.567368 4.76831 8.40426
42 64 58 63 2.38304 8.82623 3.70377
43 55 44 47 2.36531 9.47702 4.00667
43 55 45 48 0.587268 5.38112 9.16298
43 55 46 49 0.380149 5.37423 14.1372
43 55 47 50 0.199601 3.44271 17.248
43 55 48 51 0.251705 4.3414 17.248
43 55 49 52 0.267648 3.78378 14.1372
43 55 50 53 0.641635 5.87929 9.16298
43 55 51 54 1.35581 5.43228 4.00667
44 56 45 48 1.16151 4.65377 4.00667
44 56 46 49 0.531681 4.87178 9.16298
44 56 47 50 0.226695 3.20483 14.1372
44 56 48 51 0.248072 4.27874 17.248
44 56 49 52 0.231387 3.99095 17.248
44 56 50 53 0.451312 6.38027 14.1372
44 56 51 54 0.69205 6.34124 9.16298
44 56 52 55 2.36473 9.47469 4.00667
45 57 46 49 3.06685 12.2878 4.00667
45 57 47 50 0.491894 4.50721 9.16298
45 57 48 51 0.34268 4.84453 14.1372
45 57 49 52 0.212405 3.66356 17.248
45 57 50 53 0.281492 4.85516 17.248
45 57 51 54 0.287042 4.05795 14.1372
45 57 52 55 0.480222 4.40026 9.16298
45 57 53 56 0.643619 2.57877 4.00667
46 58 47 50 1.20849 4.84201 4.00667
46 58 48 51 0.559448 5.12621 9.16298
46 58 49 52 0.249428 3.52621 14.1372
46 58 50 53 0.262043 4.5197 17.248
46 58 51 54 0.215425 3.71564 17.248
46 58 52 55 0.285992 4.04312 14.1372
46 58 53 56 0.278942 2.55594 9.16298
46 58 54 57 1.89584 7.59601 4.00667
47 59 48 51 3.02799 12.1321 4.00667
47 59 49 52 0.572914 5.2496 9.16298
47 59 50 53 0.394449 5.5764 14.1372
47 59 51 54 0.241771 4.17006 17.248
47 59 52 55 0.254652 4.39222 17.248
47 59 53 56 0.193615 2.73717 14.1372
47 59 54 57 0.619368 5.67526 9.16298
47 59 55 58 2.65674 10.6447 4.00667
48 60 49 52 1.44636 5.7951 4.00667
48 60 50 53 0.615862 5.64313 9.16298
48 60 51 54 0.294208 4.15926 14.1372
48 60 52 55 0.26477 4.56674 17.248
48 60 53 56 0.169495 2.92344 17.248
48 60 54 57 0.366454 5.18063 14.1372
48 60 55 58 0.941878 8.63041 9.16298
48 60 56 59 2.80347 11.2326 4.00667
49 61 50 53 1.8885 7.56659 4.00667
49 61 51 54 0.505992 4.6364 9.16298
49 61 52 55 0.354019 5.00483 14.1372
49 61 53 56 0.172732 2.97927 17.248
49 61 54 57 0.231266 3.98886 17.248
49 61 55 58 0.317949 4.4949 14.1372
49 61 56 59 0.531723 4.87216 9.16298
49 61 57 60 1.09035 4.36869 4.00667
50 62 51 54 0.98306 3.93879 4.00667
50 62 52 55 0.521881 4.78198 9.16298
50 62 53 56 0.205833 2.9099 14.1372
50 62 54 57 0.232023 4.00192 17.248
50 62 55 58 0.263493 4.54472 17.248
50 62 56 59 0.384312 5.43308 14.1372
50 62 57 60 0.563545 5.16375 9.16298
50 62 58 61 1.94928 7.81011 4.00667
51 63 52 55 3.32046 13.304 4.00667
51 63 53 56 0.518369 4.7498 9.16298
51 63 54 57 0.360103 5.09083 14.1372
51 63 55 58 0.262497 4.52754 17.248
51 63 56 59 0.312087 5.38287 17.248
51 63 57 60 0.325652 4.60379 14.1372
51 63 58 61 0.604966 5.54329 9.16298
51 63 59 62 1.4997 6.00882 4.00667
52 64 53 56 1.28229 5.13771 4.00667
52 64 54 57 0.591369 5.4187 9.16298
52 64 55 58 0.297351 4.20369 14.1372
52 64 56 59 0.302625 5.21967 17.248
52 64 57 60 0.244967 4.22518 17.248
52 64 58 61 0.340068 4.80759 14.1372
52 64 59 62 0.507073 4.6463 9.16298
52 64 60 63 2.2999 9.21492 4.00667
