64
# x y z
0.0 0.0 0.0
0.5 0.0 0.0
1.0 0.0 0.0
1.5 0.0 0.0
2.0 0.0 0.0
2.5 0.0 0.0
3.0 0.0 0.0
3.5 0.0 0.0
4.0 0.0 0.0
4.5 0.0 0.0
5.0 0.0 0.0
5.5 0.0 0.0
6.0 0.0 0.0
6.5 0.0 0.0
7.0 0.0 0.0
7.5 0.0 0.0
8.0 0.0 0.0
8.5 0.0 0.0
9.0 0.0 0.0
9.5 0.0 0.0
10.0 0.0 0.0
10.5 0.0 0.0
11.0 0.0 0.0
11.5 0.0 0.0
12.0 0.0 0.0
12.5 0.0 0.0
13.0 0.0 0.0
13.5 0.0 0.0
14.0 0.0 0.0
14.5 0.0 0.0
15.0 0.0 0.0
15.5 0.0 0.0
16.0 0.0 0.0
16.5 0.0 0.0
17.0 0.0 0.0
17.5 0.0 0.0
18.0 0.0 0.0
18.5 0.0 0.0
19.0 0.0 0.0
19.5 0.0 0.0
20.0 0.0 0.0
20.5 0.0 0.0
21.0 0.0 0.0
21.5 0.0 0.0
22.0 0.0 0.0
22.5 0.0 0.0
23.0 0.0 0.0
23.5 0.0 0.0
24.0 0.0 0.0
24.5 0.0 0.0
25.0 0.0 0.0
25.5 0.0 0.0
26.0 0.0 0.0
26.5 0.0 0.0
27.0 0.0 0.0
27.5 0.0 0.0
28.0 0.0 0.0
28.5 0.0 0.0
29.0 0.0 0.0
29.5 0.0 0.0
30.0 0.0 0.0
30.5 0.0 0.0
31.0 0.0 0.0
31.5 0.0 0.0
1400
# a b m n r rhoa k
1 13 2 5 1.64695 6.59879 4.00667
1 13 3 6 0.585265 5.36277 9.16298
1 13 4 7 0.382902 5.41315 14.1372
1 13 5 8 0.295984 5.10512 17.248
1 13 6 9 0.240768 4.15276 17.248
1 13 7 10 0.410537 5.80383 14.1372
1 13 8 11 0.712449 6.52816 9.16298
1 13 9 12 2.45674 9.84336 4.00667
1 23 2 7 1.76721 6.54534 3.70377
1 23 3 8 0.640052 5.37917 8.40426
1 23 4 9 0.38126 5.27347 13.8317
1 23 5 10 0.250371 4.90817 19.6035
1 23 6 11 0.178734 4.50975 25.2317
1 23 7 12 0.145263 4.38103 30.1593
1 23 8 13 0.119327 4.03712 33.8325
1 23 9 14 0.125062 4.47694 35.7978
1 23 10 15 0.105949 3.79272 35.7978
1 23 11 16 0.124894 4.22547 33.8325
1 23 12 17 0.139893 4.21907 30.1593
1 23 13 18 0.182486 4.60443 25.2317
1 23 14 19 0.250525 4.91117 19.6035
1 23 15 20 0.376797 5.21173 13.8317
1 23 16 21 0.766775 6.44418 8.40426
1 23 17 22 1.91295 7.08514 3.70377
1 57 4 16 0.451835 5.21506 11.542
1 57 5 17 0.294232 4.78274 16.255
1 57 6 18 0.210658 4.49564 21.3409
1 57 7 19 0.163126 4.36422 26.7536
1 57 8 20 0.125665 4.07652 32.4396
1 57 9 21 0.115497 4.42792 38.3381
1 57 10 22 0.0920786 4.08654 44.381
1 57 11 23 0.0821979 4.15044 50.4932
1 57 12 24 0.072541 4.10534 56.5934
1 57 13 25 0.0655377 4.10232 62.5948
1 57 14 26 0.0604676 4.13638 68.4065
1 57 15 27 0.0580718 4.29358 73.9358
1 57 16 28 0.0521359 4.12339 79.0892
1 57 17 29 0.0505058 4.23116 83.7758
1 57 18 30 0.0473569 4.16311 87.9092
1 57 19 31 0.0455311 4.16202 91.4105
1 57 20 32 0.0443729 4.1804 94.2106
1 57 21 33 0.0433285 4.1705 96.2531
1 57 22 34 0.0430942 4.20151 97.4958
1 57 23 35 0.0434936 4.25859 97.913
1 57 24 36 0.0430628 4.19845 97.4958
1 57 25 37 0.0443076 4.26474 96.2531
1 57 26 38 0.0435675 4.10452 94.2106
1 57 27 39 0.0458203 4.18845 91.4105
1 57 28 40 0.0480137 4.22084 87.9092
1 57 29 41 0.0487596 4.08487 83.7758
1 57 30 42 0.052899 4.18374 79.0892
1 57 31 43 0.0573662 4.24142 73.9358
1 57 32 44 0.0595804 4.07569 68.4065
1 57 33 45 0.0656467 4.10914 62.5948
1 57 34 46 0.0733167 4.14924 56.5934
1 57 35 47 0.0815474 4.11759 50.4932
1 57 36 48 0.0936081 4.15442 44.381
1 57 37 49 0.10872 4.1681 38.3381
1 57 38 50 0.126264 4.09594 32.4396
1 57 39 51 0.161465 4.31977 26.7536
1 57 40 52 0.206208 4.40067 21.3409
1 57 41 53 0.300067 4.87759 16.255
1 57 42 54 0.451849 5.21522 11.542
2 14 3 6 1.54014 6.17085 4.00667
2 14 4 7 0.685615 6.28228 9.16298
2 14 5 8 0.392265 5.54551 14.1372
2 14 6 9 0.253944 4.38001 17.248
2 14 7 10 0.293805 5.06753 17.248
2 14 8 11 0.356268 5.03663 14.1372
2 14 9 12 0.693417 6.35377 9.16298
2 14 10 13 1.48075 5.93287 4.00667
2 24 3 8 1.66093 6.1517 3.70377
2 24 4 9 0.729975 6.1349 8.40426
2 24 5 10 0.392737 5.43221 13.8317
2 24 6 11 0.247277 4.84751 19.6035
2 24 7 12 0.183505 4.63013 25.2317
2 24 8 13 0.136559 4.11853 30.1593
2 24 9 14 0.135972 4.60027 33.8325
2 24 10 15 0.107634 3.85306 35.7978
2 24 11 16 0.117369 4.20156 35.7978
2 24 12 17 0.12244 4.14246 33.8325
2 24 13 18 0.147131 4.43736 30.1593
2 24 14 19 0.184482 4.65479 25.2317
2 24 15 20 0.252025 4.94058 19.6035
2 24 16 21 0.409176 5.65959 13.8317
2 24 17 22 0.732393 6.15522 8.40426
2 24 18 23 2.64248 9.78713 3.70377
2 58 5 17 0.453273 5.23166 11.542
2 58 6 18 0.293377 4.76885 16.255
2 58 7 19 0.213782 4.5623 21.3409
2 58 8 20 0.155345 4.15604 26.7536
2 58 9 21 0.139796 4.53493 32.4396
2 58 10 22 0.107911 4.13711 38.3381
2 58 11 23 0.0943885 4.18905 44.381
2 58 12 24 0.0817306 4.12684 50.4932
2 58 13 25 0.0727305 4.11606 56.5934
2 58 14 26 0.0661149 4.13845 62.5948
2 58 15 27 0.0629415 4.30561 68.4065
2 58 16 28 0.0557338 4.12072 73.9358
2 58 17 29 0.0533862 4.22227 79.0892
2 58 18 30 0.0495923 4.15463 83.7758
2 58 19 31 0.0472052 4.14977 87.9092
2 58 20 32 0.0456151 4.16969 91.4105
2 58 21 33 0.0440935 4.15407 94.2106
2 58 22 34 0.0435337 4.19025 96.2531
2 58 23 35 0.0433593 4.22735 97.4958
2 58 24 36 0.0427306 4.18388 97.913
2 58 25 37 0.0435034 4.2414 97.4958
2 58 26 38 0.0423688 4.07812 96.2531
2 58 27 39 0.0442045 4.16453 94.2106
2 58 28 40 0.045925 4.19802 91.4105
2 58 29 41 0.0461859 4.06017 87.9092
2 58 30 42 0.0495141 4.14808 83.7758
2 58 31 43 0.0530332 4.19435 79.0892
2 58 32 44 0.0545814 4.03551 73.9358
2 58 33 45 0.0593072 4.057 68.4065
2 58 34 46 0.0652452 4.084 62.5948
2 58 35 47 0.071242 4.03183 56.5934
2 58 36 48 0.0802808 4.05364 50.4932
2 58 37 49 0.0911108 4.04359 44.381
2 58 38 50 0.103391 3.96382 38.3381
2 58 39 51 0.126783 4.1128 32.4396
2 58 40 52 0.154588 4.1358 26.7536
2 58 41 53 0.207897 4.43671 21.3409
2 58 42 54 0.281347 4.5733 16.255
2 58 43 55 0.40432 4.66664 11.542
3 15 4 7 2.43106 9.74047 4.00667
3 15 5 8 0.780692 7.15346 9.16298
3 15 6 9 0.379279 5.36193 14.1372
3 15 7 10 0.320618 5.53 17.248
3 15 8 11 0.303027 5.22659 17.248
3 15 9 12 0.480959 6.79939 14.1372
3 15 10 13 0.758707 6.95202 9.16298
3 15 11 14 2.37681 9.52308 4.00667
3 25 4 9 2.53778 9.39935 3.70377
3 25 5 10 0.816219 6.85971 8.40426
3 25 6 11 0.406116 5.61726 13.8317
3 25 7 12 0.259596 5.089 19.6035
3 25 8 13 0.169848 4.28554 25.2317
3 25 9 14 0.159152 4.79992 30.1593
3 25 10 15 0.11693 3.95605 33.8325
3 25 11 16 0.117472 4.20524 35.7978
3 25 12 17 0.114414 4.09576 35.7978
3 25 13 18 0.127028 4.29766 33.8325
3 25 14 19 0.147249 4.44092 30.1593
3 25 15 20 0.186504 4.70581 25.2317
3 25 16 21 0.25972 5.09143 19.6035
3 25 17 22 0.389815 5.3918 13.8317
3 25 18 23 0.887824 7.46151 8.40426
3 25 19 24 2.41743 8.9536 3.70377
3 59 6 18 0.468825 5.41115 11.542
3 59 7 19 0.304105 4.94324 16.255
3 59 8 20 0.20099 4.28932 21.3409
3 59 9 21 0.175437 4.69356 26.7536
3 59 10 22 0.12963 4.20515 32.4396
3 59 11 23 0.110363 4.23112 38.3381
3 59 12 24 0.093379 4.14425 44.381
3 59 13 25 0.0817061 4.12561 50.4932
3 59 14 26 0.0729955 4.13106 56.5934
3 59 15 27 0.0688749 4.31121 62.5948
3 59 16 28 0.060155 4.115 68.4065
3 59 17 29 0.0570347 4.2169 73.9358
3 59 18 30 0.0524301 4.14666 79.0892
3 59 19 31 0.0493038 4.13047 83.7758
3 59 20 32 0.0472283 4.1518 87.9092
3 59 21 33 0.0453001 4.1409 91.4105
3 59 22 34 0.0443199 4.1754 94.2106
3 59 23 35 0.0436625 4.20265 96.2531
3 59 24 36 0.0427218 4.16519 97.4958
3 59 25 37 0.0431932 4.22918 97.913
3 59 26 38 0.041703 4.06587 97.4958
3 59 27 39 0.0431477 4.1531 96.2531
3 59 28 40 0.044446 4.18728 94.2106
3 59 29 41 0.0443015 4.04962 91.4105
3 59 30 42 0.0471331 4.14343 87.9092
3 59 31 43 0.0500508 4.19305 83.7758
3 59 32 44 0.0510937 4.04096 79.0892
3 59 33 45 0.0549943 4.06605 73.9358
3 59 34 46 0.0598155 4.09177 68.4065
3 59 35 47 0.0643035 4.02506 62.5948
3 59 36 48 0.071498 4.04632 56.5934
3 59 37 49 0.0797572 4.0272 50.4932
3 59 38 50 0.0890739 3.95319 44.381
3 59 39 51 0.106228 4.07258 38.3381
3 59 40 52 0.125667 4.07659 32.4396
3 59 41 53 0.161148 4.31128 26.7536
3 59 42 54 0.205279 4.38085 21.3409
3 59 43 55 0.270866 4.40293 16.255
3 59 44 56 0.364594 4.20813 11.542
4 16 5 8 2.16945 8.69225 4.00667
4 16 6 9 0.693683 6.3562 9.16298
4 16 7 10 0.408833 5.77974 14.1372
4 16 8 11 0.269895 4.65514 17.248
4 16 9 12 0.330444 5.69949 17.248
4 16 10 13 0.374572 5.29539 14.1372
4 16 11 14 0.651926 5.97359 9.16298
4 16 12 15 1.30724 5.23767 4.00667
4 26 5 10 2.26127 8.37524 3.70377
4 26 6 11 0.769639 6.46825 8.40426
4 26 7 12 0.406977 5.62917 13.8317
4 26 8 13 0.224766 4.40622 19.6035
4 26 9 14 0.196882 4.96767 25.2317
4 26 10 15 0.132943 4.00947 30.1593
4 26 11 16 0.123011 4.16179 33.8325
4 26 12 17 0.111031 3.97465 35.7978
4 26 13 18 0.113219 4.05297 35.7978
4 26 14 19 0.120416 4.07397 33.8325
4 26 15 20 0.141164 4.2574 30.1593
4 26 16 21 0.169638 4.28025 25.2317
4 26 17 22 0.218992 4.29302 19.6035
4 26 18 23 0.365749 5.05893 13.8317
4 26 19 24 0.608392 5.11308 8.40426
4 26 20 25 1.22532 4.53832 3.70377
4 60 7 19 0.468393 5.40617 11.542
4 60 8 20 0.270395 4.39526 16.255
4 60 9 21 0.226782 4.83973 21.3409
4 60 10 22 0.158866 4.25024 26.7536
4 60 11 23 0.13112 4.25346 32.4396
4 60 12 24 0.108174 4.14718 38.3381
4 60 13 25 0.0928014 4.11862 44.381
4 60 14 26 0.0813531 4.10778 50.4932
4 60 15 27 0.0760059 4.30143 56.5934
4 60 16 28 0.0652627 4.0851 62.5948
4 60 17 29 0.0612479 4.18975 68.4065
4 60 18 30 0.055774 4.12369 73.9358
4 60 19 31 0.0518845 4.1035 79.0892
4 60 20 32 0.0492279 4.12411 83.7758
4 60 21 33 0.0468232 4.1162 87.9092
4 60 22 34 0.0455582 4.16449 91.4105
4 60 23 35 0.0443612 4.17929 94.2106
4 60 24 36 0.0431146 4.14991 96.2531
4 60 25 37 0.0432413 4.21584 97.4958
4 60 26 38 0.0414384 4.05736 97.913
4 60 27 39 0.0425752 4.15091 97.4958
4 60 28 40 0.0434879 4.18584 96.2531
4 60 29 41 0.0430115 4.05214 94.2106
4 60 30 42 0.0452871 4.13972 91.4105
4 60 31 43 0.0475442 4.17958 87.9092
4 60 32 44 0.048179 4.03623 83.7758
4 60 33 45 0.0513069 4.05782 79.0892
4 60 34 46 0.055249 4.08488 73.9358
4 60 35 47 0.0586127 4.0095 68.4065
4 60 36 48 0.0643653 4.02893 62.5948
4 60 37 49 0.0707323 4.00298 56.5934
4 60 38 50 0.0778792 3.93237 50.4932
4 60 39 51 0.0907959 4.02961 44.381
4 60 40 52 0.104958 4.02388 38.3381
4 60 41 53 0.129925 4.2147 32.4396
4 60 42 54 0.158824 4.24913 26.7536
4 60 43 55 0.198819 4.24299 21.3409
4 60 44 56 0.249959 4.06308 16.255
4 60 45 57 0.426584 4.92361 11.542
5 17 6 9 2.14236 8.58374 4.00667
5 17 7 10 0.774421 7.096 9.16298
5 17 8 11 0.342229 4.83814 14.1372
5 17 9 12 0.339218 5.85081 17.248
5 17 10 13 0.296904 5.12099 17.248
5 17 11 14 0.403697 5.70713 14.1372
5 17 12 15 0.579172 5.30694 9.16298
5 17 13 16 2.62195 10.5053 4.00667
5 27 6 11 2.28751 8.47241 3.70377
5 27 7 12 0.81684 6.86494 8.40426
5 27 8 13 0.343065 4.74516 13.8317
5 27 9 14 0.276118 5.41288 19.6035
5 27 10 15 0.168387 4.2487 25.2317
5 27 11 16 0.144033 4.34393 30.1593
5 27 12 17 0.121717 4.118 33.8325
5 27 13 18 0.118709 4.24952 35.7978
5 27 14 19 0.116906 4.18499 35.7978
5 27 15 20 0.131081 4.4348 33.8325
5 27 16 21 0.146382 4.41479 30.1593
5 27 17 22 0.177495 4.47851 25.2317
5 27 18 23 0.267832 5.25045 19.6035
5 27 19 24 0.39679 5.48826 13.8317
5 27 20 25 0.65806 5.53051 8.40426
5 27 21 26 2.41968 8.96195 3.70377
5 61 8 20 0.404867 4.67295 11.542
5 61 9 21 0.318918 5.18402 16.255
5 61 10 22 0.205977 4.39573 21.3409
5 61 11 23 0.163187 4.36584 26.7536
5 61 12 24 0.13014 4.22168 32.4396
5 61 13 25 0.108799 4.17115 38.3381
5 61 14 26 0.0931631 4.13467 44.381
5 61 15 27 0.0860129 4.34307 50.4932
5 61 16 28 0.07243 4.09906 56.5934
5 61 17 29 0.0670228 4.19527 62.5948
5 61 18 30 0.0602148 4.11908 68.4065
5 61 19 31 0.0554454 4.0994 73.9358
5 61 20 32 0.0520535 4.11687 79.0892
5 61 21 33 0.0489898 4.10416 83.7758
5 61 22 34 0.0473291 4.16066 87.9092
5 61 23 35 0.0454592 4.15544 91.4105
5 61 24 36 0.0437792 4.12446 94.2106
5 61 25 37 0.0435288 4.18978 96.2531
5 61 26 38 0.0413366 4.03015 97.4958
5 61 27 39 0.0421228 4.12437 97.913
5 61 28 40 0.0426909 4.16218 97.4958
5 61 29 41 0.0418268 4.02596 96.2531
5 61 30 42 0.0436185 4.10932 94.2106
5 61 31 43 0.0453953 4.1496 91.4105
5 61 32 44 0.045655 4.0135 87.9092
5 61 33 45 0.0480771 4.0277 83.7758
5 61 34 46 0.0512005 4.04941 79.0892
5 61 35 47 0.0536358 3.9656 73.9358
5 61 36 48 0.0581685 3.9791 68.4065
5 61 37 49 0.0629798 3.9422 62.5948
5 61 38 50 0.0684258 3.87245 56.5934
5 61 39 51 0.0780503 3.94101 50.4932
5 61 40 52 0.0882686 3.91745 44.381
5 61 41 53 0.105797 4.05605 38.3381
5 61 42 54 0.124519 4.03935 32.4396
5 61 43 55 0.148833 3.98181 26.7536
5 61 44 56 0.177166 3.78088 21.3409
5 61 45 57 0.257885 4.19192 16.255
5 61 46 58 0.406866 4.69603 11.542
6 18 7 10 2.45669 9.84314 4.00667
6 18 8 11 0.567336 5.19849 9.16298
6 18 9 12 0.44164 6.24354 14.1372
6 18 10 13 0.284549 4.90788 17.248
6 18 11 14 0.295844 5.10271 17.248
6 18 12 15 0.320629 4.53279 14.1372
6 18 13 16 0.77734 7.12275 9.16298
6 18 14 17 2.16439 8.67198 4.00667
6 28 7 12 2.56078 9.48453 3.70377
6 28 8 13 0.617162 5.18679 8.40426
6 28 9 14 0.436013 6.03079 13.8317
6 28 10 15 0.231792 4.54394 19.6035
6 28 11 16 0.180175 4.54613 25.2317
6 28 12 17 0.141031 4.2534 30.1593
6 28 13 18 0.12629 4.27271 33.8325
6 28 14 19 0.117822 4.21777 35.7978
6 28 15 20 0.125745 4.5014 35.7978
6 28 16 21 0.129839 4.39277 33.8325
6 28 17 22 0.147394 4.4453 30.1593
6 28 18 23 0.201749 5.09046 25.2317
6 28 19 24 0.271803 5.32831 19.6035
6 28 20 25 0.399115 5.52043 13.8317
6 28 21 26 0.939298 7.89411 8.40426
6 28 22 27 2.6545 9.83166 3.70377
6 62 9 21 0.495207 5.71566 11.542
6 62 10 22 0.283747 4.61231 16.255
6 62 11 23 0.211796 4.51993 21.3409
6 62 12 24 0.161684 4.32564 26.7536
6 62 13 25 0.130968 4.24853 32.4396
6 62 14 26 0.108956 4.17716 38.3381
6 62 15 27 0.0992207 4.40351 44.381
6 62 16 28 0.0818972 4.13526 50.4932
6 62 17 29 0.074518 4.21723 56.5934
6 62 18 30 0.0659452 4.12782 62.5948
6 62 19 31 0.0601221 4.11275 68.4065
6 62 20 32 0.0558697 4.13077 73.9358
6 62 21 33 0.0520688 4.11808 79.0892
6 62 22 34 0.0499177 4.1819 83.7758
6 62 23 35 0.0473797 4.16511 87.9092
6 62 24 36 0.0453507 4.14553 91.4105
6 62 25 37 0.0447428 4.21525 94.2106
6 62 26 38 0.0421641 4.05842 96.2531
6 62 27 39 0.0426809 4.1612 97.4958
6 62 28 40 0.0429208 4.2025 97.913
6 62 29 41 0.0418189 4.07717 97.4958
6 62 30 42 0.0432577 4.16368 96.2531
6 62 31 43 0.0446771 4.20905 94.2106
6 62 32 44 0.0446329 4.07992 91.4105
6 62 33 45 0.0466153 4.09792 87.9092
6 62 34 46 0.0492976 4.12995 83.7758
6 62 35 47 0.0511498 4.0454 79.0892
6 62 36 48 0.0550648 4.07126 73.9358
6 62 37 49 0.059055 4.03975 68.4065
6 62 38 50 0.0635967 3.98082 62.5948
6 62 39 51 0.0716551 4.05521 56.5934
6 62 40 52 0.0799852 4.03871 50.4932
6 62 41 53 0.0942865 4.18453 44.381
6 62 42 54 0.108906 4.17524 38.3381
6 62 43 55 0.127321 4.13023 32.4396
6 62 44 56 0.148209 3.96514 26.7536
6 62 45 57 0.203795 4.34919 21.3409
6 62 46 58 0.295107 4.79697 16.255
6 62 47 59 0.444799 5.13384 11.542
7 19 8 11 1.30297 5.22058 4.00667
7 19 9 12 0.741721 6.79638 9.16298
7 19 10 13 0.34774 4.91606 14.1372
7 19 11 14 0.285069 4.91685 17.248
7 19 12 15 0.246502 4.25166 17.248
7 19 13 16 0.414672 5.86229 14.1372
7 19 14 17 0.755331 6.92109 9.16298
7 19 15 18 2.72869 10.933 4.00667
7 29 8 13 1.40756 5.2133 3.70377
7 29 9 14 0.780767 6.56177 8.40426
7 29 10 15 0.340112 4.70432 13.8317
7 29 11 16 0.236481 4.63587 19.6035
7 29 12 17 0.17002 4.28988 25.2317
7 29 13 18 0.140684 4.24294 30.1593
7 29 14 19 0.121414 4.10774 33.8325
7 29 15 20 0.122914 4.40006 35.7978
7 29 16 21 0.11607 4.15505 35.7978
7 29 17 22 0.122143 4.13241 33.8325
7 29 18 23 0.149777 4.51717 30.1593
7 29 19 24 0.182007 4.59236 25.2317
7 29 20 25 0.236895 4.64398 19.6035
7 29 21 26 0.414308 5.73058 13.8317
7 29 22 27 0.734108 6.16963 8.40426
7 29 23 28 1.82277 6.75112 3.70377
7 63 10 22 0.409754 4.72936 11.542
7 63 11 23 0.28278 4.59659 16.255
7 63 12 24 0.204026 4.35411 21.3409
7 63 13 25 0.159523 4.26781 26.7536
7 63 14 26 0.128409 4.16553 32.4396
7 63 15 27 0.115117 4.41335 38.3381
7 63 16 28 0.0929367 4.12462 44.381
7 63 17 29 0.0832946 4.20581 50.4932
7 63 18 30 0.0725308 4.10476 56.5934
7 63 19 31 0.0652644 4.08521 62.5948
7 63 20 32 0.0599327 4.09979 68.4065
7 63 21 33 0.055341 4.09168 73.9358
7 63 22 34 0.0525804 4.15855 79.0892
7 63 23 35 0.0493961 4.13819 83.7758
7 63 24 36 0.0469308 4.12565 87.9092
7 63 25 37 0.0458426 4.1905 91.4105
7 63 26 38 0.0428534 4.03724 94.2106
7 63 27 39 0.0430941 4.14794 96.2531
7 63 28 40 0.0430335 4.19559 97.4958
7 63 29 41 0.0414743 4.06087 97.913
7 63 30 42 0.0426305 4.15629 97.4958
7 63 31 43 0.0436508 4.20152 96.2531
7 63 32 44 0.0433229 4.08148 94.2106
7 63 33 45 0.0448756 4.1021 91.4105
7 63 34 46 0.0470922 4.13984 87.9092
7 63 35 47 0.0482903 4.04556 83.7758
7 63 36 48 0.0515138 4.07419 79.0892
7 63 37 49 0.0547132 4.04526 73.9358
7 63 38 50 0.0583869 3.99404 68.4065
7 63 39 51 0.0648742 4.06078 62.5948
7 63 40 52 0.0714213 4.04197 56.5934
7 63 41 53 0.0826997 4.17578 50.4932
7 63 42 54 0.0935511 4.15189 44.381
7 63 43 55 0.106992 4.10186 38.3381
7 63 44 56 0.121886 3.95392 32.4396
7 63 45 57 0.159554 4.26864 26.7536
7 63 46 58 0.216331 4.61671 21.3409
7 63 47 59 0.298508 4.85225 16.255
7 63 48 60 0.467257 5.39305 11.542
8 20 9 12 2.45551 9.83841 4.00667
8 20 10 13 0.615558 5.64035 9.16298
8 20 11 14 0.373142 5.27517 14.1372
8 20 12 15 0.251631 4.34012 17.248
8 20 13 16 0.293703 5.06578 17.248
8 20 14 17 0.375911 5.31432 14.1372
8 20 15 18 0.753435 6.90371 9.16298
8 20 16 19 1.88327 7.54564 4.00667
8 30 9 14 2.5584 9.47572 3.70377
8 30 10 15 0.652767 5.48602 8.40426
8 30 11 16 0.372948 5.1585 13.8317
8 30 12 17 0.236397 4.63422 19.6035
8 30 13 18 0.178043 4.49232 25.2317
8 30 14 19 0.141064 4.25438 30.1593
8 30 15 20 0.135646 4.58923 33.8325
8 30 16 21 0.118365 4.23722 35.7978
8 30 17 22 0.117223 4.19634 35.7978
8 30 18 23 0.132656 4.48808 33.8325
8 30 19 24 0.150432 4.53691 30.1593
8 30 20 25 0.182387 4.60193 25.2317
8 30 21 26 0.278973 5.46885 19.6035
8 30 22 27 0.418882 5.79385 13.8317
8 30 23 28 0.760682 6.39297 8.40426
8 30 24 29 2.94697 10.9149 3.70377
8 64 11 23 0.4368 5.04152 11.542
8 64 12 24 0.284974 4.63225 16.255
8 64 13 25 0.209485 4.4706 21.3409
8 64 14 26 0.160306 4.28876 26.7536
8 64 15 27 0.140556 4.55957 32.4396
8 64 16 28 0.109795 4.20935 38.3381
8 64 17 29 0.0963045 4.27409 44.381
8 64 18 30 0.0822633 4.15374 50.4932
8 64 19 31 0.0728596 4.12337 56.5934
8 64 20 32 0.065967 4.12919 62.5948
8 64 21 33 0.0601181 4.11247 68.4065
8 64 22 34 0.0565162 4.17857 73.9358
8 64 23 35 0.0523738 4.1422 79.0892
8 64 24 36 0.049313 4.13124 83.7758
8 64 25 37 0.0477307 4.19597 87.9092
8 64 26 38 0.0441673 4.03735 91.4105
8 64 27 39 0.0440657 4.15145 94.2106
8 64 28 40 0.0436764 4.20398 96.2531
8 64 29 41 0.0416679 4.06245 97.4958
8 64 30 42 0.0424726 4.15861 97.913
8 64 31 43 0.043088 4.2009 97.4958
8 64 32 44 0.0424291 4.08393 96.2531
8 64 33 45 0.0435835 4.10603 94.2106
8 64 34 46 0.0452535 4.13665 91.4105
8 64 35 47 0.0458998 4.03502 87.9092
8 64 36 48 0.0485161 4.06448 83.7758
8 64 37 49 0.0509951 4.03316 79.0892
8 64 38 50 0.0539509 3.9889 73.9358
8 64 39 51 0.0591777 4.04814 68.4065
8 64 40 52 0.0642454 4.02143 62.5948
8 64 41 53 0.073251 4.14552 56.5934
8 64 42 54 0.0814577 4.11306 50.4932
8 64 43 55 0.0913795 4.05551 44.381
8 64 44 56 0.102207 3.9184 38.3381
8 64 45 57 0.128429 4.16618 32.4396
8 64 46 58 0.165477 4.42712 26.7536
8 64 47 59 0.21414 4.56994 21.3409
8 64 48 60 0.30202 4.90934 16.255
8 64 49 61 0.464252 5.35838 11.542
9 21 10 13 1.20621 4.83288 4.00667
9 21 11 14 0.522935 4.79165 9.16298
9 21 12 15 0.285698 4.03896 14.1372
9 21 13 16 0.260717 4.49683 17.248
9 21 14 17 0.264798 4.56722 17.248
9 21 15 18 0.40892 5.78097 14.1372
9 21 16 19 0.659173 6.03998 9.16298
9 21 17 20 1.56372 6.26531 4.00667
9 31 10 15 1.28004 4.74096 3.70377
9 31 11 16 0.553995 4.65592 8.40426
9 31 12 17 0.304975 4.21832 13.8317
9 31 13 18 0.211516 4.14645 19.6035
9 31 14 19 0.156284 3.9433 25.2317
9 31 15 20 0.144372 4.35414 30.1593
9 31 16 21 0.118603 4.01264 33.8325
9 31 17 22 0.111702 3.99868 35.7978
9 31 18 23 0.118132 4.22888 35.7978
9 31 19 24 0.125942 4.26093 33.8325
9 31 20 25 0.143096 4.31568 30.1593
9 31 21 26 0.195906 4.94304 25.2317
9 31 22 27 0.260225 5.10133 19.6035
9 31 23 28 0.38834 5.37139 13.8317
9 31 24 29 0.910753 7.65421 8.40426
9 31 25 30 2.42588 8.98491 3.70377
10 22 11 14 2.47426 9.91354 4.00667
10 22 12 15 0.715779 6.55867 9.16298
10 22 13 16 0.409774 5.79305 14.1372
10 22 14 17 0.289076 4.98598 17.248
10 22 15 18 0.348491 6.01076 17.248
10 22 16 19 0.426887 6.03498 14.1372
10 22 17 20 0.725833 6.65079 9.16298
10 22 18 21 2.6859 10.7615 4.00667
10 32 11 16 2.57776 9.54745 3.70377
10 32 12 17 0.792491 6.6603 8.40426
10 32 13 18 0.410644 5.6799 13.8317
10 32 14 19 0.244595 4.79493 19.6035
10 32 15 20 0.205197 5.17748 25.2317
10 32 16 21 0.148325 4.47338 30.1593
10 32 17 22 0.128232 4.33841 33.8325
10 32 18 23 0.122012 4.36774 35.7978
10 32 19 24 0.119683 4.28437 35.7978
10 32 20 25 0.125829 4.25711 33.8325
10 32 21 26 0.154748 4.66708 30.1593
10 32 22 27 0.185743 4.68661 25.2317
10 32 23 28 0.239295 4.69104 19.6035
10 32 24 29 0.420897 5.82171 13.8317
10 32 25 30 0.715805 6.01581 8.40426
10 32 26 31 1.71525 6.35289 3.70377
11 23 12 15 1.92741 7.72248 4.00667
11 23 13 16 0.71207 6.52469 9.16298
11 23 14 17 0.352109 4.97783 14.1372
11 23 15 18 0.33205 5.72719 17.248
11 23 16 19 0.295472 5.09629 17.248
11 23 17 20 0.371288 5.24895 14.1372
11 23 18 21 0.715362 6.55485 9.16298
11 23 19 22 1.79199 7.1799 4.00667
11 33 12 17 2.0749 7.68494 3.70377
11 33 13 18 0.764092 6.42163 8.40426
11 33 14 19 0.365339 5.05326 13.8317
11 33 15 20 0.281914 5.52651 19.6035
11 33 16 21 0.183599 4.63252 25.2317
11 33 17 22 0.148256 4.47128 30.1593
11 33 18 23 0.129603 4.38481 33.8325
11 33 19 24 0.119347 4.27236 35.7978
11 33 20 25 0.117902 4.22061 35.7978
11 33 21 26 0.134097 4.53682 33.8325
11 33 22 27 0.150494 4.53878 30.1593
11 33 23 28 0.177891 4.48848 25.2317
11 33 24 29 0.273321 5.35806 19.6035
11 33 25 30 0.40111 5.54802 13.8317
11 33 26 31 0.693122 5.82517 8.40426
11 33 27 32 1.66353 6.16135 3.70377
12 24 13 16 2.38161 9.54233 4.00667
12 24 14 17 0.638311 5.84883 9.16298
12 24 15 18 0.466247 6.59141 14.1372
12 24 16 19 0.305157 5.26334 17.248
12 24 17 20 0.30267 5.22043 17.248
12 24 18 21 0.406797 5.75096 14.1372
12 24 19 22 0.676396 6.1978 9.16298
12 24 20 23 2.52737 10.1263 4.00667
12 34 13 18 2.50198 9.26678 3.70377
12 34 14 19 0.704182 5.91813 8.40426
12 34 15 20 0.467974 6.47287 13.8317
12 34 16 21 0.261225 5.12093 19.6035
12 34 17 22 0.193622 4.88541 25.2317
12 34 18 23 0.152792 4.60811 30.1593
12 34 19 24 0.130271 4.4074 33.8325
12 34 20 25 0.120155 4.30127 35.7978
12 34 21 26 0.126646 4.53364 35.7978
12 34 22 27 0.133812 4.52721 33.8325
12 34 23 28 0.14658 4.42075 30.1593
12 34 24 29 0.205056 5.17392 25.2317
12 34 25 30 0.275742 5.40552 19.6035
12 34 26 31 0.417066 5.76872 13.8317
12 34 27 32 0.773715 6.5025 8.40426
12 34 28 33 2.69101 9.96689 3.70377
13 25 14 17 1.45912 5.84619 4.00667
13 25 15 18 0.785088 7.19375 9.16298
13 25 16 19 0.382327 5.40503 14.1372
13 25 17 20 0.305824 5.27483 17.248
13 25 18 21 0.30426 5.24786 17.248
13 25 19 22 0.379543 5.36566 14.1372
13 25 20 23 0.838689 7.68489 9.16298
13 25 21 24 2.29664 9.20186 4.00667
13 35 14 19 1.58685 5.87732 3.70377
13 35 15 20 0.832762 6.99875 8.40426
13 35 16 21 0.384693 5.32095 13.8317
13 35 17 22 0.259574 5.08856 19.6035
13 35 18 23 0.185402 4.67799 25.2317
13 35 19 24 0.145467 4.38718 30.1593
13 35 20 25 0.124011 4.19562 33.8325
13 35 21 26 0.119689 4.28459 35.7978
13 35 22 27 0.117701 4.21342 35.7978
13 35 23 28 0.116711 3.94864 33.8325
13 35 24 29 0.145128 4.37696 30.1593
13 35 25 30 0.174713 4.40831 25.2317
13 35 26 31 0.226505 4.44031 19.6035
13 35 27 32 0.33868 4.68451 13.8317
13 35 28 33 0.650461 5.46664 8.40426
13 35 29 34 1.45534 5.39026 3.70377
14 26 15 18 2.40498 9.63598 4.00667
14 26 16 19 0.649285 5.94939 9.16298
14 26 17 20 0.401587 5.6773 14.1372
14 26 18 21 0.286757 4.94597 17.248
14 26 19 22 0.260871 4.49948 17.248
14 26 20 23 0.369269 5.22042 14.1372
14 26 21 24 0.566384 5.18976 9.16298
14 26 22 25 1.13719 4.55633 4.00667
14 36 15 20 2.52221 9.34168 3.70377
14 36 16 21 0.704598 5.92162 8.40426
14 36 17 22 0.409104 5.65859 13.8317
14 36 18 23 0.255672 5.01208 19.6035
14 36 19 24 0.183291 4.62475 25.2317
14 36 20 25 0.144282 4.35145 30.1593
14 36 21 26 0.129569 4.38365 33.8325
14 36 22 27 0.120814 4.32488 35.7978
14 36 23 28 0.111884 4.00518 35.7978
14 36 24 29 0.129598 4.38462 33.8325
14 36 25 30 0.146768 4.42643 30.1593
14 36 26 31 0.176404 4.45096 25.2317
14 36 27 32 0.242387 4.75164 19.6035
14 36 28 33 0.395174 5.46592 13.8317
14 36 29 34 0.706102 5.93427 8.40426
14 36 30 35 3.26221 12.0825 3.70377
15 27 16 19 1.35308 5.42134 4.00667
15 27 17 20 0.617347 5.65674 9.16298
15 27 18 21 0.347516 4.91289 14.1372
15 27 19 22 0.262582 4.52901 17.248
15 27 20 23 0.300745 5.18724 17.248
15 27 21 24 0.384321 5.43321 14.1372
15 27 22 25 0.609926 5.58874 9.16298
15 27 23 26 2.2859 9.15883 4.00667
15 37 16 21 1.44989 5.37006 3.70377
15 37 17 22 0.652312 5.4822 8.40426
15 37 18 23 0.346611 4.79422 13.8317
15 37 19 24 0.226175 4.43383 19.6035
15 37 20 25 0.164497 4.15053 25.2317
15 37 21 26 0.137961 4.16082 30.1593
15 37 22 27 0.122444 4.14261 33.8325
15 37 23 28 0.105681 3.78313 35.7978
15 37 24 29 0.113613 4.06707 35.7978
15 37 25 30 0.120151 4.06502 33.8325
15 37 26 31 0.132203 3.98715 30.1593
15 37 27 32 0.165443 4.17442 25.2317
15 37 28 33 0.229211 4.49335 19.6035
15 37 29 34 0.332407 4.59775 13.8317
15 37 30 35 0.822251 6.91041 8.40426
15 37 31 36 1.94131 7.19017 3.70377
16 28 17 20 2.62274 10.5085 4.00667
16 28 18 21 0.782921 7.17389 9.16298
16 28 19 22 0.410691 5.806 14.1372
16 28 20 23 0.319727 5.51464 17.248
16 28 21 24 0.315079 5.43446 17.248
16 28 22 25 0.402117 5.6848 14.1372
16 28 23 26 0.872096 7.991 9.16298
16 28 24 27 2.51697 10.0847 4.00667
16 38 17 22 2.73069 10.1138 3.70377
16 38 18 23 0.834955 7.01718 8.40426
16 38 19 24 0.425161 5.88069 13.8317
16 38 20 25 0.254567 4.99041 19.6035
16 38 21 26 0.18778 4.73802 25.2317
16 38 22 27 0.153897 4.64143 30.1593
16 38 23 28 0.120533 4.07794 33.8325
16 38 24 29 0.118999 4.2599 35.7978
16 38 25 30 0.117391 4.20235 35.7978
16 38 26 31 0.1194 4.0396 33.8325
16 38 27 32 0.139977 4.22162 30.1593
16 38 28 33 0.176149 4.44454 25.2317
16 38 29 34 0.226727 4.44466 19.6035
16 38 30 35 0.431575 5.96941 13.8317
16 38 31 36 0.721814 6.06632 8.40426
16 38 32 37 1.86204 6.89656 3.70377
17 29 18 21 2.14619 8.59908 4.00667
17 29 19 22 0.740608 6.78617 9.16298
17 29 20 23 0.390456 5.51995 14.1372
17 29 21 24 0.291665 5.03063 17.248
17 29 22 25 0.292639 5.04743 17.248
17 29 23 26 0.404022 5.71172 14.1372
17 29 24 27 0.676235 6.19632 9.16298
17 29 25 28 1.72692 6.91921 4.00667
17 39 18 23 2.2598 8.36978 3.70377
17 39 19 24 0.80679 6.78048 8.40426
17 39 20 25 0.384986 5.325 13.8317
17 39 21 26 0.25096 4.91971 19.6035
17 39 22 27 0.191331 4.82761 25.2317
17 39 23 28 0.137573 4.14911 30.1593
17 39 24 29 0.126191 4.26935 33.8325
17 39 25 30 0.1168 4.18116 35.7978
17 39 26 31 0.110498 3.95557 35.7978
17 39 27 32 0.122495 4.14432 33.8325
17 39 28 33 0.142737 4.30485 30.1593
17 39 29 34 0.167652 4.23013 25.2317
17 39 30 35 0.274302 5.37728 19.6035
17 39 31 36 0.391147 5.41022 13.8317
17 39 32 37 0.719474 6.04665 8.40426
17 39 33 38 1.68492 6.24055 3.70377
18 30 19 22 2.65508 10.638 4.00667
18 30 20 23 0.729332 6.68285 9.16298
18 30 21 24 0.398252 5.63016 14.1372
18 30 22 25 0.321919 5.55245 17.248
18 30 23 26 0.321465 5.54462 17.248
18 30 24 27 0.407032 5.75429 14.1372
18 30 25 28 0.716315 6.56358 9.16298
18 30 26 29 2.809 11.2547 4.00667
18 40 19 24 2.79908 10.3671 3.70377
18 40 20 25 0.773097 6.49731 8.40426
18 40 21 26 0.405185 5.60438 13.8317
18 40 22 27 0.278521 5.46 19.6035
18 40 23 28 0.178983 4.51603 25.2317
18 40 24 29 0.148199 4.46957 30.1593
18 40 25 30 0.127221 4.30422 33.8325
18 40 26 31 0.110562 3.95788 35.7978
18 40 27 32 0.115624 4.13908 35.7978
18 40 28 33 0.12512 4.23313 33.8325
18 40 29 34 0.134816 4.06596 30.1593
18 40 30 35 0.195799 4.94033 25.2317
18 40 31 36 0.250253 4.90585 19.6035
18 40 32 37 0.387861 5.36477 13.8317
18 40 33 38 0.638789 5.36855 8.40426
18 40 34 39 2.24122 8.30095 3.70377
19 31 20 23 1.88909 7.56894 4.00667
19 31 21 24 0.666302 6.10531 9.16298
19 31 22 25 0.431403 6.09881 14.1372
19 31 23 26 0.311685 5.37593 17.248
19 31 24 27 0.300717 5.18676 17.248
19 31 25 28 0.390179 5.51603 14.1372
19 31 26 29 0.843449 7.7285 9.16298
19 31 27 30 2.30212 9.22381 4.00667
19 41 20 25 1.99669 7.39529 3.70377
19 41 21 26 0.724493 6.08883 8.40426
19 41 22 27 0.437442 6.05055 13.8317
19 41 23 28 0.246422 4.83075 19.6035
19 41 24 29 0.186341 4.7017 25.2317
19 41 25 30 0.148112 4.46696 30.1593
19 41 26 31 0.118628 4.0135 33.8325
19 41 27 32 0.11778 4.21625 35.7978
19 41 28 33 0.119807 4.28884 35.7978
19 41 29 34 0.120339 4.07138 33.8325
19 41 30 35 0.160084 4.82802 30.1593
19 41 31 36 0.190119 4.79703 25.2317
19 41 32 37 0.267526 5.24445 19.6035
19 41 33 38 0.381842 5.28151 13.8317
19 41 34 39 0.875585 7.35865 8.40426
19 41 35 40 2.72528 10.0938 3.70377
20 32 21 24 1.56915 6.28708 4.00667
20 32 22 25 0.736316 6.74685 9.16298
20 32 23 26 0.383201 5.41738 14.1372
20 32 24 27 0.287465 4.95819 17.248
20 32 25 28 0.283432 4.88863 17.248
20 32 26 29 0.399444 5.64701 14.1372
20 32 27 30 0.661791 6.06397 9.16298
20 32 28 31 1.61966 6.48944 4.00667
20 42 21 26 1.68883 6.25502 3.70377
20 42 22 27 0.786464 6.60965 8.40426
20 42 23 28 0.366163 5.06464 13.8317
20 42 24 29 0.246648 4.83518 19.6035
20 42 25 30 0.180157 4.54566 25.2317
20 42 26 31 0.131622 3.96963 30.1593
20 42 27 32 0.123778 4.18773 33.8325
20 42 28 33 0.117949 4.22232 35.7978
20 42 29 34 0.109639 3.92484 35.7978
20 42 30 35 0.133157 4.50504 33.8325
20 42 31 36 0.146319 4.41288 30.1593
20 42 32 37 0.187003 4.71841 25.2317
20 42 33 38 0.237529 4.6564 19.6035
20 42 34 39 0.414515 5.73344 13.8317
20 42 35 40 0.827345 6.95323 8.40426
20 42 36 41 2.28359 8.4579 3.70377
21 33 22 25 2.73441 10.9559 4.00667
21 33 23 26 0.73963 6.77721 9.16298
21 33 24 27 0.403776 5.70825 14.1372
21 33 25 28 0.297927 5.13864 17.248
21 33 26 29 0.298053 5.14081 17.248
21 33 27 30 0.39476 5.58078 14.1372
21 33 28 31 0.655737 6.0085 9.16298
21 33 29 32 1.52531 6.1114 4.00667
21 43 22 27 2.85661 10.5802 3.70377
21 43 23 28 0.762964 6.41215 8.40426
21 43 24 29 0.410411 5.67668 13.8317
21 43 25 30 0.258932 5.07599 19.6035
21 43 26 31 0.16465 4.1544 25.2317
21 43 27 32 0.144522 4.35867 30.1593
21 43 28 33 0.127796 4.32366 33.8325
21 43 29 34 0.108755 3.8932 35.7978
21 43 30 35 0.120326 4.30739 35.7978
21 43 31 36 0.122049 4.12921 33.8325
21 43 32 37 0.141602 4.27062 30.1593
21 43 33 38 0.162071 4.08933 25.2317
21 43 34 39 0.228543 4.48025 19.6035
21 43 35 40 0.340174 4.70517 13.8317
21 43 36 41 0.581344 4.88577 8.40426
21 43 37 42 1.73717 6.43409 3.70377
22 34 23 26 1.83924 7.36921 4.00667
22 34 24 27 0.686794 6.29308 9.16298
22 34 25 28 0.386144 5.45899 14.1372
22 34 26 29 0.280792 4.84309 17.248
22 34 27 30 0.311765 5.37732 17.248
22 34 28 31 0.420421 5.94356 14.1372
22 34 29 32 0.698225 6.39782 9.16298
22 34 30 33 2.55321 10.2299 4.00667
22 44 23 28 1.90446 7.0537 3.70377
22 44 24 29 0.736072 6.18614 8.40426
22 44 25 30 0.391845 5.41988 13.8317
22 44 26 31 0.215503 4.22463 19.6035
22 44 27 32 0.177998 4.49118 25.2317
22 44 28 33 0.148238 4.47076 30.1593
22 44 29 34 0.117845 3.987 33.8325
22 44 30 35 0.122645 4.39043 35.7978
22 44 31 36 0.118247 4.23299 35.7978
22 44 32 37 0.129742 4.3895 33.8325
22 44 33 38 0.141092 4.25522 30.1593
22 44 34 39 0.18326 4.62397 25.2317
22 44 35 40 0.245224 4.80726 19.6035
22 44 36 41 0.365531 5.0559 13.8317
22 44 37 42 0.755543 6.34978 8.40426
22 44 38 43 2.45527 9.09375 3.70377
23 35 24 27 2.49662 10.0031 4.00667
23 35 25 28 0.80899 7.41276 9.16298
23 35 26 29 0.350262 4.95171 14.1372
23 35 27 30 0.298518 5.14883 17.248
23 35 28 31 0.295791 5.1018 17.248
23 35 29 32 0.331224 4.68257 14.1372
23 35 30 33 0.60401 5.53454 9.16298
23 35 31 34 1.3635 5.46309 4.00667
23 45 24 29 2.62312 9.71546 3.70377
23 45 25 30 0.879022 7.38753 8.40426
23 45 26 31 0.35452 4.9036 13.8317
23 45 27 32 0.263818 5.17176 19.6035
23 45 28 33 0.199179 5.02563 25.2317
23 45 29 34 0.142569 4.29979 30.1593
23 45 30 35 0.135638 4.58897 33.8325
23 45 31 36 0.121186 4.33819 35.7978
23 45 32 37 0.122929 4.40059 35.7978
23 45 33 38 0.125083 4.23187 33.8325
23 45 34 39 0.148051 4.46512 30.1593
23 45 35 40 0.177201 4.47108 25.2317
23 45 36 41 0.236647 4.63911 19.6035
23 45 37 42 0.39243 5.42797 13.8317
23 45 38 43 0.811777 6.82238 8.40426
23 45 39 44 1.96065 7.2618 3.70377
24 36 25 28 2.27139 9.10072 4.00667
24 36 26 29 0.552835 5.06561 9.16298
24 36 27 30 0.388732 5.49557 14.1372
24 36 28 31 0.315239 5.43723 17.248
24 36 29 32 0.277943 4.79395 17.248
24 36 30 33 0.389745 5.50989 14.1372
24 36 31 34 0.661647 6.06266 9.16298
24 36 32 35 3.16247 12.671 4.00667
24 46 25 30 2.40524 8.90846 3.70377
24 46 26 31 0.597269 5.0196 8.40426
24 46 27 32 0.395105 5.46496 13.8317
24 46 28 33 0.271483 5.32202 19.6035
24 46 29 34 0.175869 4.43748 25.2317
24 46 30 35 0.154677 4.66496 30.1593
24 46 31 36 0.129229 4.37215 33.8325
24 46 32 37 0.122061 4.36949 35.7978
24 46 33 38 0.117067 4.19075 35.7978
24 46 34 39 0.128151 4.33567 33.8325
24 46 35 40 0.13918 4.19756 30.1593
24 46 36 41 0.170552 4.30331 25.2317
24 46 37 42 0.243469 4.77286 19.6035
24 46 38 43 0.403013 5.57435 13.8317
24 46 39 44 0.649681 5.46009 8.40426
24 46 40 45 2.35776 8.73261 3.70377
25 37 26 29 1.11371 4.46226 4.00667
25 37 27 30 0.603742 5.53207 9.16298
25 37 28 31 0.392093 5.54308 14.1372
25 37 29 32 0.262213 4.52264 17.248
25 37 30 33 0.272733 4.70409 17.248
25 37 31 34 0.334799 4.73311 14.1372
25 37 32 35 0.786697 7.20849 9.16298
25 37 33 36 1.84556 7.39456 4.00667
25 47 26 31 1.21296 4.49253 3.70377
25 47 27 32 0.657578 5.52646 8.40426
25 47 28 33 0.39951 5.52589 13.8317
25 47 29 34 0.230551 4.51962 19.6035
25 47 30 35 0.186946 4.71695 25.2317
25 47 31 36 0.145774 4.39644 30.1593
25 47 32 37 0.128348 4.34235 33.8325
25 47 33 38 0.116331 4.1644 35.7978
25 47 34 39 0.118893 4.25612 35.7978
25 47 35 40 0.118511 4.00952 33.8325
25 47 36 41 0.135261 4.07937 30.1593
25 47 37 42 0.17285 4.36131 25.2317
25 47 38 43 0.249914 4.8992 19.6035
25 47 39 44 0.332813 4.60336 13.8317
25 47 40 45 0.686475 5.76931 8.40426
25 47 41 46 2.03705 7.54475 3.70377
26 38 27 30 2.2852 9.15603 4.00667
26 38 28 31 0.875609 8.02318 9.16298
26 38 29 32 0.391287 5.53169 14.1372
26 38 30 33 0.306474 5.28604 17.248
26 38 31 34 0.281874 4.86175 17.248
26 38 32 35 0.440456 6.2268 14.1372
26 38 33 36 0.68239 6.25272 9.16298
26 38 34 37 1.76639 7.07735 4.00667
26 48 27 32 2.41936 8.96078 3.70377
26 48 28 33 0.934448 7.85335 8.40426
26 48 29 34 0.402483 5.56701 13.8317
26 48 30 35 0.281244 5.51338 19.6035
26 48 31 36 0.195646 4.93647 25.2317
26 48 32 37 0.155348 4.68517 30.1593
26 48 33 38 0.13108 4.43478 33.8325
26 48 34 39 0.124204 4.44623 35.7978
26 48 35 40 0.113047 4.04682 35.7978
26 48 36 41 0.120965 4.09257 33.8325
26 48 37 42 0.141174 4.25772 30.1593
26 48 38 43 0.186538 4.70666 25.2317
26 48 39 44 0.22463 4.40354 19.6035
26 48 40 45 0.368633 5.09881 13.8317
26 48 41 46 0.726718 6.10753 8.40426
26 48 42 47 2.45767 9.10265 3.70377
27 39 28 31 2.53281 10.1481 4.00667
27 39 29 32 0.671898 6.15659 9.16298
27 39 30 33 0.404678 5.72101 14.1372
27 39 31 34 0.287151 4.95277 17.248
27 39 32 35 0.326149 5.62541 17.248
27 39 33 36 0.394153 5.57221 14.1372
27 39 34 37 0.683289 6.26097 9.16298
27 39 35 38 1.53823 6.16319 4.00667
27 49 28 33 2.65294 9.82589 3.70377
27 49 29 34 0.722277 6.0702 8.40426
27 49 30 35 0.423304 5.855 13.8317
27 49 31 36 0.260635 5.10937 19.6035
27 49 32 37 0.187257 4.72482 25.2317
27 49 33 38 0.148189 4.46927 30.1593
27 49 34 39 0.13174 4.45711 33.8325
27 49 35 40 0.110534 3.95687 35.7978
27 49 36 41 0.11173 3.99967 35.7978
27 49 37 42 0.120266 4.06891 33.8325
27 49 38 43 0.147039 4.4346 30.1593
27 49 39 44 0.163391 4.12262 25.2317
27 49 40 45 0.228272 4.47494 19.6035
27 49 41 46 0.357091 4.93917 13.8317
27 49 42 47 0.705849 5.93214 8.40426
27 49 43 48 2.11895 7.8481 3.70377
28 40 29 32 1.71023 6.85234 4.00667
28 40 30 33 0.711825 6.52243 9.16298
28 40 31 34 0.377225 5.33289 14.1372
28 40 32 35 0.309738 5.34234 17.248
28 40 33 36 0.298359 5.14609 17.248
28 40 34 37 0.39748 5.61924 14.1372
28 40 35 38 0.565015 5.17722 9.16298
28 40 36 39 2.12049 8.49608 4.00667
28 50 29 34 1.81387 6.71815 3.70377
28 50 30 35 0.775831 6.52029 8.40426
28 50 31 36 0.397326 5.49568 13.8317
28 50 32 37 0.249632 4.89366 19.6035
28 50 33 38 0.183468 4.6292 25.2317
28 50 34 39 0.152799 4.60832 30.1593
28 50 35 40 0.118044 3.99372 33.8325
28 50 36 41 0.113135 4.04997 35.7978
28 50 37 42 0.11351 4.06339 35.7978
28 50 38 43 0.130792 4.42502 33.8325
28 50 39 44 0.137489 4.14656 30.1593
28 50 40 45 0.175005 4.41566 25.2317
28 50 41 46 0.244212 4.78742 19.6035
28 50 42 47 0.386647 5.34798 13.8317
28 50 43 48 0.727267 6.11214 8.40426
28 50 44 49 2.00682 7.4328 3.70377
29 41 30 33 2.82867 11.3335 4.00667
29 41 31 34 0.836425 7.66414 9.16298
29 41 32 35 0.434726 6.14579 14.1372
29 41 33 36 0.324156 5.59102 17.248
29 41 34 37 0.339092 5.84865 17.248
29 41 35 38 0.359061 5.07611 14.1372
29 41 36 39 0.815691 7.47416 9.16298
29 41 37 40 2.60815 10.45 4.00667
29 51 30 35 2.9735 11.0132 3.70377
29 51 31 36 0.912871 7.67201 8.40426
29 51 32 37 0.425946 5.89155 13.8317
29 51 33 38 0.274274 5.37674 19.6035
29 51 34 39 0.206868 5.21962 25.2317
29 51 35 40 0.141342 4.26278 30.1593
29 51 36 41 0.125951 4.26125 33.8325
29 51 37 42 0.114753 4.10791 35.7978
29 51 38 43 0.122718 4.39302 35.7978
29 51 39 44 0.121058 4.09571 33.8325
29 51 40 45 0.140662 4.24227 30.1593
29 51 41 46 0.178621 4.50691 25.2317
29 51 42 47 0.24589 4.82032 19.6035
29 51 43 48 0.376681 5.21013 13.8317
29 51 44 49 0.708599 5.95525 8.40426
29 51 45 50 1.74743 6.4721 3.70377
30 42 31 34 2.2731 9.10755 4.00667
30 42 32 35 0.681867 6.24793 9.16298
30 42 33 36 0.399062 5.6416 14.1372
30 42 34 37 0.332969 5.74304 17.248
30 42 35 38 0.262411 4.52605 17.248
30 42 36 39 0.405256 5.72918 14.1372
30 42 37 40 0.775075 7.10199 9.16298
30 42 38 41 2.1798 8.73373 4.00667
30 52 31 36 2.41763 8.95433 3.70377
30 52 32 37 0.721195 6.06111 8.40426
30 52 33 38 0.402442 5.56645 13.8317
30 52 34 39 0.278319 5.45603 19.6035
30 52 35 40 0.170695 4.30691 25.2317
30 52 36 41 0.143419 4.32541 30.1593
30 52 37 42 0.120465 4.07563 33.8325
30 52 38 43 0.12133 4.34333 35.7978
30 52 39 44 0.113564 4.06534 35.7978
30 52 40 45 0.12286 4.15666 33.8325
30 52 41 46 0.145247 4.38056 30.1593
30 52 42 47 0.18145 4.57829 25.2317
30 52 43 48 0.244821 4.79936 19.6035
30 52 44 49 0.387615 5.36137 13.8317
30 52 45 50 0.6702 5.63254 8.40426
30 52 46 51 2.60582 9.65135 3.70377
31 43 32 35 1.63573 6.55383 4.00667
31 43 33 36 0.650199 5.95776 9.16298
31 43 34 37 0.429029 6.06525 14.1372
31 43 35 38 0.249018 4.29504 17.248
31 43 36 39 0.270144 4.65943 17.248
31 43 37 40 0.336112 4.75166 14.1372
31 43 38 41 0.545723 5.00045 9.16298
31 43 39 42 1.64408 6.58729 4.00667
31 53 32 37 1.73447 6.42408 3.70377
31 53 33 38 0.703636 5.91354 8.40426
31 53 34 39 0.42725 5.90959 13.8317
31 53 35 40 0.227097 4.45191 19.6035
31 53 36 41 0.177427 4.47678 25.2317
31 53 37 42 0.135481 4.086 30.1593
31 53 38 43 0.127056 4.29862 33.8325
31 53 39 44 0.112079 4.01218 35.7978
31 53 40 45 0.112226 4.01744 35.7978
31 53 41 46 0.123121 4.1655 33.8325
31 53 42 47 0.139657 4.21195 30.1593
31 53 43 48 0.168145 4.24258 25.2317
31 53 44 49 0.233653 4.58043 19.6035
31 53 45 50 0.326522 4.51635 13.8317
31 53 46 51 0.698415 5.86966 8.40426
31 53 47 52 1.8515 6.85752 3.70377
32 44 33 36 1.56345 6.26422 4.00667
32 44 34 37 0.749701 6.8695 9.16298
32 44 35 38 0.325853 4.60664 14.1372
32 44 36 39 0.285606 4.92612 17.248
32 44 37 40 0.276638 4.77144 17.248
32 44 38 41 0.361782 5.11457 14.1372
32 44 39 42 0.707758 6.48517 9.16298
32 44 40 43 2.33545 9.35738 4.00667
32 54 33 38 1.67245 6.19437 3.70377
32 54 34 39 0.781631 6.56903 8.40426
32 54 35 40 0.335253 4.63711 13.8317
32 54 36 41 0.239762 4.70018 19.6035
32 54 37 42 0.16445 4.14935 25.2317
32 54 38 43 0.143393 4.32464 30.1593
32 54 39 44 0.1196 4.04636 33.8325
32 54 40 45 0.111965 4.00811 35.7978
32 54 41 46 0.11555 4.13644 35.7978
32 54 42 47 0.12174 4.11876 33.8325
32 54 43 48 0.135222 4.0782 30.1593
32 54 44 49 0.173717 4.38318 25.2317
32 54 45 50 0.217928 4.27217 19.6035
32 54 46 51 0.368555 5.09773 13.8317
32 54 47 52 0.678021 5.69827 8.40426
32 54 48 53 2.34985 8.70331 3.70377
33 45 34 37 2.6069 10.445 4.00667
33 45 35 38 0.592593 5.42992 9.16298
33 45 36 39 0.389822 5.51098 14.1372
33 45 37 40 0.269719 4.6521 17.248
33 45 38 41 0.275801 4.75701 17.248
33 45 39 42 0.389433 5.50548 14.1372
33 45 40 43 0.756763 6.9342 9.16298
33 45 41 44 1.85764 7.44297 4.00667
33 55 34 39 2.69677 9.98822 3.70377
33 55 35 40 0.64445 5.41613 8.40426
33 55 36 41 0.390772 5.40503 13.8317
33 55 37 42 0.226207 4.43445 19.6035
33 55 38 43 0.178527 4.50454 25.2317
33 55 39 44 0.138799 4.18608 30.1593
33 55 40 45 0.120698 4.08353 33.8325
33 55 41 46 0.11669 4.17725 35.7978
33 55 42 47 0.114124 4.0854 35.7978
33 55 43 48 0.117426 3.97282 33.8325
33 55 44 49 0.140987 4.25206 30.1593
33 55 45 50 0.162316 4.09551 25.2317
33 55 46 51 0.233075 4.56909 19.6035
33 55 47 52 0.345577 4.7799 13.8317
33 55 48 53 0.712226 5.98573 8.40426
33 55 49 54 1.91437 7.0904 3.70377
34 46 35 38 1.3562 5.43383 4.00667
34 46 36 39 0.668038 6.12122 9.16298
34 46 37 40 0.332827 4.70523 14.1372
34 46 38 41 0.266681 4.5997 17.248
34 46 39 42 0.284088 4.89995 17.248
34 46 40 43 0.39486 5.5822 14.1372
34 46 41 44 0.606564 5.55793 9.16298
34 46 42 45 2.24522 8.99584 4.00667
34 56 35 40 1.46219 5.41562 3.70377
34 56 36 41 0.711538 5.97995 8.40426
34 56 37 42 0.336882 4.65964 13.8317
34 56 38 43 0.237534 4.65651 19.6035
34 56 39 44 0.171542 4.32829 25.2317
34 56 40 45 0.138824 4.18685 30.1593
34 56 41 46 0.126753 4.28836 33.8325
34 56 42 47 0.116381 4.16618 35.7978
34 56 43 48 0.112549 4.02901 35.7978
34 56 44 49 0.128881 4.36037 33.8325
34 56 45 50 0.140487 4.23699 30.1593
34 56 46 51 0.18523 4.67368 25.2317
34 56 47 52 0.249658 4.89419 19.6035
34 56 48 53 0.428467 5.92642 13.8317
34 56 49 54 0.817497 6.87046 8.40426
34 56 50 55 2.23032 8.26059 3.70377
35 47 36 39 3.13252 12.551 4.00667
35 47 37 40 0.752216 6.89253 9.16298
35 47 38 41 0.404749 5.72201 14.1372
35 47 39 42 0.306913 5.29362 17.248
35 47 40 43 0.305362 5.26687 17.248
35 47 41 44 0.344701 4.87309 14.1372
35 47 42 45 0.642172 5.88421 9.16298
35 47 43 46 1.91385 7.66815 4.00667
35 57 36 41 3.25725 12.0641 3.70377
35 57 37 42 0.812599 6.82929 8.40426
35 57 38 43 0.431722 5.97144 13.8317
35 57 39 44 0.267756 5.24897 19.6035
35 57 40 45 0.189852 4.79029 25.2317
35 57 41 46 0.157153 4.73961 30.1593
35 57 42 47 0.12982 4.39215 33.8325
35 57 43 48 0.11345 4.06126 35.7978
35 57 44 49 0.120929 4.32899 35.7978
35 57 45 50 0.121842 4.12224 33.8325
35 57 46 51 0.14415 4.34746 30.1593
35 57 47 52 0.174638 4.4064 25.2317
35 57 48 53 0.255168 5.0022 19.6035
35 57 49 54 0.390545 5.40189 13.8317
35 57 50 55 0.690986 5.80723 8.40426
35 57 51 56 1.50933 5.59023 3.70377
36 48 37 40 1.81991 7.29178 4.00667
36 48 38 41 0.654626 5.99833 9.16298
36 48 39 42 0.384189 5.43134 14.1372
36 48 40 43 0.301236 5.1957 17.248
36 48 41 44 0.278419 4.80216 17.248
36 48 42 45 0.364039 5.14648 14.1372
36 48 43 46 0.661232 6.05885 9.16298
36 48 44 47 2.36973 9.49474 4.00667
36 58 37 42 1.93357 7.16149 3.70377
36 58 38 43 0.724667 6.09029 8.40426
36 58 39 44 0.386782 5.34984 13.8317
36 58 40 45 0.246613 4.83449 19.6035
36 58 41 46 0.189426 4.77953 25.2317
36 58 42 47 0.144442 4.35627 30.1593
36 58 43 48 0.116679 3.94756 33.8325
36 58 44 49 0.117807 4.21723 35.7978
36 58 45 50 0.111634 3.99625 35.7978
36 58 46 51 0.121635 4.11522 33.8325
36 58 47 52 0.135872 4.0978 30.1593
36 58 48 53 0.177731 4.48445 25.2317
36 58 49 54 0.238145 4.66849 19.6035
36 58 50 55 0.349953 4.84044 13.8317
36 58 51 56 0.538936 4.52936 8.40426
36 58 52 57 2.02081 7.4846 3.70377
37 49 38 41 1.7086 6.84581 4.00667
37 49 39 42 0.659122 6.03952 9.16298
37 49 40 43 0.388292 5.48935 14.1372
37 49 41 44 0.291679 5.03086 17.248
37 49 42 45 0.274035 4.72654 17.248
37 49 43 46 0.338602 4.78687 14.1372
37 49 44 47 0.674492 6.18035 9.16298
37 49 45 48 2.02908 8.12985 4.00667
37 59 38 43 1.84985 6.85141 3.70377
37 59 39 44 0.709713 5.96462 8.40426
37 59 40 45 0.380596 5.26429 13.8317
37 59 41 46 0.264541 5.18595 19.6035
37 59 42 47 0.183166 4.62159 25.2317
37 59 43 48 0.134215 4.04783 30.1593
37 59 44 49 0.127757 4.32233 33.8325
37 59 45 50 0.113728 4.07122 35.7978
37 59 46 51 0.114865 4.11192 35.7978
37 59 47 52 0.11966 4.0484 33.8325
37 59 48 53 0.143863 4.33882 30.1593
37 59 49 54 0.175971 4.44005 25.2317
37 59 50 55 0.23248 4.55744 19.6035
37 59 51 56 0.304314 4.20917 13.8317
37 59 52 57 0.689376 5.79369 8.40426
37 59 53 58 2.38574 8.83625 3.70377
38 50 39 42 1.581 6.33454 4.00667
38 50 40 43 0.612896 5.61595 9.16298
38 50 41 44 0.375967 5.31511 14.1372
38 50 42 45 0.274828 4.74022 17.248
38 50 43 46 0.259757 4.48028 17.248
38 50 44 47 0.388439 5.49142 14.1372
38 50 45 48 0.685277 6.27918 9.16298
38 50 46 49 1.89066 7.57526 4.00667
38 60 39 44 1.68183 6.22911 3.70377
38 60 40 45 0.637584 5.35842 8.40426
38 60 41 46 0.383639 5.30637 13.8317
38 60 42 47 0.236761 4.64136 19.6035
38 60 43 48 0.15701 3.96164 25.2317
38 60 44 49 0.141475 4.26679 30.1593
38 60 45 50 0.11909 4.0291 33.8325
38 60 46 51 0.112536 4.02853 35.7978
38 60 47 52 0.110398 3.95201 35.7978
38 60 48 53 0.123928 4.19278 33.8325
38 60 49 54 0.141101 4.2555 30.1593
38 60 50 55 0.173087 4.36728 25.2317
38 60 51 56 0.205747 4.03337 19.6035
38 60 52 57 0.367666 5.08544 13.8317
38 60 53 58 0.806842 6.78091 8.40426
38 60 54 59 2.47917 9.18228 3.70377
39 51 40 43 2.16262 8.66489 4.00667
39 51 41 44 0.819212 7.50642 9.16298
39 51 42 45 0.400736 5.66528 14.1372
39 51 43 46 0.257606 4.44318 17.248
39 51 44 47 0.296354 5.11151 17.248
39 51 45 48 0.380482 5.37894 14.1372
39 51 46 49 0.656989 6.01998 9.16298
39 51 47 50 1.63292 6.54257 4.00667
39 61 40 45 2.2457 8.31758 3.70377
39 61 41 46 0.874249 7.34741 8.40426
39 61 42 47 0.410338 5.67566 13.8317
39 61 43 48 0.220132 4.31536 19.6035
39 61 44 49 0.181068 4.56865 25.2317
39 61 45 50 0.140007 4.2225 30.1593
39 61 46 51 0.121176 4.0997 33.8325
39 61 47 52 0.110038 3.93912 35.7978
39 61 48 53 0.11411 4.0849 35.7978
39 61 49 54 0.120065 4.06209 33.8325
39 61 50 55 0.136385 4.11326 30.1593
39 61 51 56 0.147938 3.73272 25.2317
39 61 52 57 0.217187 4.25763 19.6035
39 61 53 58 0.347524 4.80684 13.8317
39 61 54 59 0.623248 5.23794 8.40426
39 61 55 60 1.71243 6.34243 3.70377
40 52 41 44 2.62737 10.527 4.00667
40 52 42 45 0.778501 7.13339 9.16298
40 52 43 46 0.333526 4.71511 14.1372
40 52 44 47 0.301447 5.19934 17.248
40 52 45 48 0.295621 5.09886 17.248
40 52 46 49 0.380762 5.3829 14.1372
40 52 47 50 0.613287 5.61954 9.16298
40 52 48 51 2.48908 9.97292 4.00667
40 62 41 46 2.74722 10.1751 3.70377
40 62 42 47 0.834458 7.01301 8.40426
40 62 43 48 0.340934 4.71569 13.8317
40 62 44 49 0.253117 4.96199 19.6035
40 62 45 50 0.17906 4.51798 25.2317
40 62 46 51 0.142448 4.29613 30.1593
40 62 47 52 0.120815 4.08747 33.8325
40 62 48 53 0.117632 4.21095 35.7978
40 62 49 54 0.116705 4.17777 35.7978
40 62 50 55 0.126073 4.26537 33.8325
40 62 51 56 0.129692 3.91142 30.1593
40 62 52 57 0.174536 4.40383 25.2317
40 62 53 58 0.249241 4.886 19.6035
40 62 54 59 0.383062 5.29839 13.8317
40 62 55 60 0.742677 6.24165 8.40426
40 62 56 61 2.11472 7.83244 3.70377
41 53 42 45 2.15934 8.65176 4.00667
41 53 43 46 0.528446 4.84214 9.16298
41 53 44 47 0.370718 5.2409 14.1372
41 53 45 48 0.279452 4.81998 17.248
41 53 46 49 0.271148 4.67675 17.248
41 53 47 50 0.31524 4.4566 14.1372
41 53 48 51 0.649396 5.9504 9.16298
41 53 49 52 1.74933 7.00899 4.00667
41 63 42 47 2.27221 8.41574 3.70377
41 63 43 48 0.578743 4.86391 8.40426
41 63 44 49 0.372105 5.14684 13.8317
41 63 45 50 0.237016 4.64636 19.6035
41 63 46 51 0.172005 4.33999 25.2317
41 63 47 52 0.135519 4.08715 30.1593
41 63 48 53 0.123569 4.18064 33.8325
41 63 49 54 0.115124 4.12118 35.7978
41 63 50 55 0.117989 4.22375 35.7978
41 63 51 56 0.11491 3.88771 33.8325
41 63 52 57 0.142184 4.28818 30.1593
41 63 53 58 0.183944 4.64123 25.2317
41 63 54 59 0.252928 4.95829 19.6035
41 63 55 60 0.406928 5.62849 13.8317
41 63 56 61 0.784112 6.58988 8.40426
41 63 57 62 2.06272 7.63986 3.70377
42 54 43 46 1.60461 6.42915 4.00667
42 54 44 47 0.711994 6.52399 9.16298
42 54 45 48 0.388734 5.4956 14.1372
42 54 46 49 0.282982 4.88086 17.248
42 54 47 50 0.253251 4.36806 17.248
42 54 48 51 0.364176 5.14842 14.1372
42 54 49 52 0.632165 5.79251 9.16298
42 54 50 53 2.26716 9.08377 4.00667
42 64 43 48 1.71844 6.36473 3.70377
42 64 44 49 0.758473 6.3744 8.40426
42 64 45 50 0.391065 5.40908 13.8317
42 64 46 51 0.243982 4.78291 19.6035
42 64 47 52 0.172502 4.35251 25.2317
42 64 48 53 0.144179 4.34833 30.1593
42 64 49 54 0.124222 4.20273 33.8325
42 64 50 55 0.119575 4.28052 35.7978
42 64 51 56 0.109508 3.92014 35.7978
42 64 52 57 0.124444 4.21027 33.8325
42 64 53 58 0.146484 4.41787 30.1593
42 64 54 59 0.183236 4.62336 25.2317
42 64 55 60 0.258783 5.07306 19.6035
42 64 56 61 0.41206 5.69948 13.8317
42 64 57 62 0.703969 5.91634 8.40426
42 64 58 63 2.28087 8.44782 3.70377
43 55 44 47 2.34069 9.37836 4.00667
43 55 45 48 0.754655 6.91489 9.16298
43 55 46 49 0.390419 5.51941 14.1372
43 55 47 50 0.265729 4.58329 17.248
43 55 48 51 0.277106 4.77951 17.248
43 55 49 52 0.343095 4.85039 14.1372
43 55 50 53 0.683166 6.25983 9.16298
43 55 51 54 1.81496 7.27195 4.00667
44 56 45 48 1.88164 7.5391 4.00667
44 56 46 49 0.617702 5.65999 9.16298
44 56 47 50 0.326341 4.61354 14.1372
44 56 48 51 0.274253 4.7303 17.248
44 56 49 52 0.277101 4.77943 17.248
44 56 50 53 0.428484 6.05755 14.1372
44 56 51 54 0.762622 6.98789 9.16298
44 56 52 55 2.10894 8.44981 4.00667
45 57 46 49 2.27053 9.09728 4.00667
45 57 47 50 0.6328 5.79833 9.16298
45 57 48 51 0.365349 5.165 14.1372
45 57 49 52 0.26636 4.59417 17.248
45 57 50 53 0.303408 5.23317 17.248
45 57 51 54 0.386413 5.46279 14.1372
45 57 52 55 0.641089 5.87428 9.16298
45 57 53 56 1.38694 5.55699 4.00667
46 58 47 50 1.91466 7.67142 4.00667
46 58 48 51 0.671529 6.1532 9.16298
46 58 49 52 0.342177 4.83741 14.1372
46 58 50 53 0.292946 5.05272 17.248
46 58 51 54 0.282169 4.86684 17.248
46 58 52 55 0.347949 4.91901 14.1372
46 58 53 56 0.481928 4.41589 9.16298
46 58 54 57 1.91278 7.66387 4.00667
47 59 48 51 2.3394 9.37321 4.00667
47 59 49 52 0.647108 5.92943 9.16298
47 59 50 53 0.392216 5.54483 14.1372
47 59 51 54 0.289282 4.98952 17.248
47 59 52 55 0.278584 4.805 17.248
47 59 53 56 0.290431 4.10587 14.1372
47 59 54 57 0.636404 5.83136 9.16298
47 59 55 58 2.29636 9.20075 4.00667
48 60 49 52 1.99553 7.99542 4.00667
48 60 50 53 0.6945 6.36369 9.16298
48 60 51 54 0.380713 5.3822 14.1372
48 60 52 55 0.287775 4.96353 17.248
48 60 53 56 0.234531 4.04518 17.248
48 60 54 57 0.356652 5.04205 14.1372
48 60 55 58 0.765222 7.01171 9.16298
48 60 56 59 2.41133 9.6614 4.00667
49 61 50 53 1.9067 7.63951 4.00667
49 61 51 54 0.661474 6.06107 9.16298
49 61 52 55 0.377782 5.34076 14.1372
49 61 53 56 0.235628 4.06411 17.248
49 61 54 57 0.250835 4.32639 17.248
49 61 55 58 0.349491 4.94082 14.1372
49 61 56 59 0.609146 5.58159 9.16298
49 61 57 60 1.62675 6.51784 4.00667
50 62 51 54 1.67733 6.72052 4.00667
50 62 52 55 0.637759 5.84377 9.16298
50 62 53 56 0.30398 4.29742 14.1372
50 62 54 57 0.255423 4.40553 17.248
50 62 55 58 0.282869 4.87892 17.248
50 62 56 59 0.397333 5.61716 14.1372
50 62 57 60 0.695907 6.37658 9.16298
50 62 58 61 1.97979 7.93235 4.00667
51 63 52 55 2.51028 10.0579 4.00667
51 63 53 56 0.62571 5.73337 9.16298
51 63 54 57 0.358899 5.07382 14.1372
51 63 55 58 0.285687 4.92752 17.248
51 63 56 59 0.317514 5.47647 17.248
51 63 57 60 0.40623 5.74295 14.1372
51 63 58 61 0.716868 6.56865 9.16298
51 63 59 62 1.93964 7.77151 4.00667
52 64 53 56 1.7154 6.87305 4.00667
52 64 54 57 0.628035 5.75467 9.16298
52 64 55 58 0.35285 4.9883 14.1372
52 64 56 59 0.313235 5.40267 17.248
52 64 57 60 0.301484 5.19998 17.248
52 64 58 61 0.391958 5.54118 14.1372
52 64 59 62 0.643317 5.8947 9.16298
52 64 60 63 2.15983 8.65374 4.00667
