64
# x y z
0.0 0.0 0.0
0.5 0.0 0.0
1.0 0.0 0.0
1.5 0.0 0.0
2.0 0.0 0.0
2.5 0.0 0.0
3.0 0.0 0.0
3.5 0.0 0.0
4.0 0.0 0.0
4.5 0.0 0.0
5.0 0.0 0.0
5.5 0.0 0.0
6.0 0.0 0.0
6.5 0.0 0.0
7.0 0.0 0.0
7.5 0.0 0.0
8.0 0.0 0.0
8.5 0.0 0.0
9.0 0.0 0.0
9.5 0.0 0.0
10.0 0.0 0.0
10.5 0.0 0.0
11.0 0.0 0.0
11.5 0.0 0.0
12.0 0.0 0.0
12.5 0.0 0.0
13.0 0.0 0.0
13.5 0.0 0.0
14.0 0.0 0.0
14.5 0.0 0.0
15.0 0.0 0.0
15.5 0.0 0.0
16.0 0.0 0.0
16.5 0.0 0.0
17.0 0.0 0.0
17.5 0.0 0.0
18.0 0.0 0.0
18.5 0.0 0.0
19.0 0.0 0.0
19.5 0.0 0.0
20.0 0.0 0.0
20.5 0.0 0.0
21.0 0.0 0.0
21.5 0.0 0.0
22.0 0.0 0.0
22.5 0.0 0.0
23.0 0.0 0.0
23.5 0.0 0.0
24.0 0.0 0.0
24.5 0.0 0.0
25.0 0.0 0.0
25.5 0.0 0.0
26.0 0.0 0.0
26.5 0.0 0.0
27.0 0.0 0.0
27.5 0.0 0.0
28.0 0.0 0.0
28.5 0.0 0.0
29.0 0.0 0.0
29.5 0.0 0.0
30.0 0.0 0.0
30.5 0.0 0.0
31.0 0.0 0.0
31.5 0.0 0.0
1400
# a b m n r rhoa k
1 13 2 5 1.44417 5.78632 4.00667
1 13 3 6 0.550087 5.04044 9.16298
1 13 4 7 0.33077 4.67615 14.1372
1 13 5 8 0.247386 4.2669 17.248
1 13 6 9 0.233174 4.02178 17.248
1 13 7 10 0.315119 4.4549 14.1372
1 13 8 11 0.559737 5.12885 9.16298
1 13 9 12 1.49052 5.97204 4.00667
1 23 2 7 1.54325 5.71585 3.70377
1 23 3 8 0.591479 4.97094 8.40426
1 23 4 9 0.330723 4.57445 13.8317
1 23 5 10 0.214646 4.20783 19.6035
1 23 6 11 0.155303 3.91856 25.2317
1 23 7 12 0.123579 3.72705 30.1593
1 23 8 13 0.109658 3.71002 33.8325
1 23 9 14 0.105041 3.76024 35.7978
1 23 10 15 0.102041 3.65284 35.7978
1 23 11 16 0.111539 3.77365 33.8325
1 23 12 17 0.130763 3.94371 30.1593
1 23 13 18 0.164621 4.15366 25.2317
1 23 14 19 0.223239 4.37627 19.6035
1 23 15 20 0.33224 4.59544 13.8317
1 23 16 21 0.638216 5.36374 8.40426
1 23 17 22 1.62509 6.01896 3.70377
1 57 4 16 0.386706 4.46334 11.542
1 57 5 17 0.255637 4.15538 16.255
1 57 6 18 0.184368 3.93458 21.3409
1 57 7 19 0.142262 3.80602 26.7536
1 57 8 20 0.116367 3.77491 32.4396
1 57 9 21 0.100065 3.83629 38.3381
1 57 10 22 0.0860028 3.81689 44.381
1 57 11 23 0.0758775 3.8313 50.4932
1 57 12 24 0.0681981 3.85956 56.5934
1 57 13 25 0.0616424 3.85849 62.5948
1 57 14 26 0.0567945 3.88511 68.4065
1 57 15 27 0.0535885 3.96211 73.9358
1 57 16 28 0.0500435 3.9579 79.0892
1 57 17 29 0.0472801 3.96092 83.7758
1 57 18 30 0.0449919 3.9552 87.9092
1 57 19 31 0.0433894 3.96625 91.4105
1 57 20 32 0.0424412 3.99841 94.2106
1 57 21 33 0.0417396 4.01756 96.2531
1 57 22 34 0.0412843 4.02505 97.4958
1 57 23 35 0.041209 4.03489 97.913
1 57 24 36 0.0411762 4.01451 97.4958
1 57 25 37 0.041838 4.02704 96.2531
1 57 26 38 0.0424376 3.99807 94.2106
1 57 27 39 0.0435408 3.98009 91.4105
1 57 28 40 0.0452529 3.97815 87.9092
1 57 29 41 0.0472954 3.96221 83.7758
1 57 30 42 0.0499935 3.95394 79.0892
1 57 31 43 0.0533356 3.94341 73.9358
1 57 32 44 0.0571309 3.90813 68.4065
1 57 33 45 0.0622429 3.89608 62.5948
1 57 34 46 0.0683975 3.87085 56.5934
1 57 35 47 0.0756459 3.81961 50.4932
1 57 36 48 0.0861503 3.82344 44.381
1 57 37 49 0.0997976 3.82605 38.3381
1 57 38 50 0.11774 3.81944 32.4396
1 57 39 51 0.146032 3.90688 26.7536
1 57 40 52 0.185431 3.95727 21.3409
1 57 41 53 0.252656 4.10692 16.255
1 57 42 54 0.37256 4.30007 11.542
2 14 3 6 1.48875 5.96492 4.00667
2 14 4 7 0.56608 5.18698 9.16298
2 14 5 8 0.321964 4.55165 14.1372
2 14 6 9 0.235296 4.05837 17.248
2 14 7 10 0.238175 4.10803 17.248
2 14 8 11 0.314483 4.4459 14.1372
2 14 9 12 0.534832 4.90066 9.16298
2 14 10 13 1.40058 5.61168 4.00667
2 24 3 8 1.58092 5.85535 3.70377
2 24 4 9 0.601913 5.05863 8.40426
2 24 5 10 0.325807 4.50645 13.8317
2 24 6 11 0.208831 4.09382 19.6035
2 24 7 12 0.15104 3.81099 25.2317
2 24 8 13 0.124118 3.7433 30.1593
2 24 9 14 0.111792 3.7822 33.8325
2 24 10 15 0.102115 3.65549 35.7978
2 24 11 16 0.104186 3.72961 35.7978
2 24 12 17 0.113938 3.85482 33.8325
2 24 13 18 0.132775 4.00441 30.1593
2 24 14 19 0.165497 4.17576 25.2317
2 24 15 20 0.221287 4.33801 19.6035
2 24 16 21 0.353594 4.8908 13.8317
2 24 17 22 0.655031 5.50505 8.40426
2 24 18 23 1.77216 6.56367 3.70377
2 58 5 17 0.380822 4.39543 11.542
2 58 6 18 0.249719 4.05918 16.255
2 58 7 19 0.180494 3.85192 21.3409
2 58 8 20 0.14154 3.78671 26.7536
2 58 9 21 0.118254 3.8361 32.4396
2 58 10 22 0.0991622 3.80169 38.3381
2 58 11 23 0.0858121 3.80843 44.381
2 58 12 24 0.0759616 3.83554 50.4932
2 58 13 25 0.0676622 3.82924 56.5934
2 58 14 26 0.0615917 3.85532 62.5948
2 58 15 27 0.0575102 3.93407 68.4065
2 58 16 28 0.0531753 3.93156 73.9358
2 58 17 29 0.0497713 3.93637 79.0892
2 58 18 30 0.0469038 3.9294 83.7758
2 58 19 31 0.0448474 3.9425 87.9092
2 58 20 32 0.0435083 3.97711 91.4105
2 58 21 33 0.0424608 4.00026 94.2106
2 58 22 34 0.0416784 4.01168 96.2531
2 58 23 35 0.0412666 4.02332 97.4958
2 58 24 36 0.0409572 4.01024 97.913
2 58 25 37 0.041304 4.02697 97.4958
2 58 26 38 0.0415678 4.00103 96.2531
2 58 27 39 0.0423331 3.98823 94.2106
2 58 28 40 0.0436404 3.98919 91.4105
2 58 29 41 0.0452171 3.975 87.9092
2 58 30 42 0.0473752 3.9689 83.7758
2 58 31 43 0.0500452 3.95803 79.0892
2 58 32 44 0.0531077 3.92656 73.9358
2 58 33 45 0.0572101 3.91354 68.4065
2 58 34 46 0.0620828 3.88606 62.5948
2 58 35 47 0.0677461 3.83398 56.5934
2 58 36 48 0.0759356 3.83423 50.4932
2 58 37 49 0.086268 3.82866 44.381
2 58 38 50 0.0994545 3.8129 38.3381
2 58 39 51 0.11944 3.87459 32.4396
2 58 40 52 0.145717 3.89846 26.7536
2 58 41 53 0.187286 3.99685 21.3409
2 58 42 54 0.252478 4.10403 16.255
2 58 43 55 0.372908 4.30409 11.542
3 15 4 7 1.55234 6.21971 4.00667
3 15 5 8 0.563883 5.16685 9.16298
3 15 6 9 0.311356 4.40169 14.1372
3 15 7 10 0.239493 4.13076 17.248
3 15 8 11 0.247581 4.27026 17.248
3 15 9 12 0.327405 4.62858 14.1372
3 15 10 13 0.557621 5.10947 9.16298
3 15 11 14 1.51778 6.08126 4.00667
3 25 4 9 1.63444 6.05361 3.70377
3 25 5 10 0.600786 5.04916 8.40426
3 25 6 11 0.318498 4.40536 13.8317
3 25 7 12 0.202095 3.96177 19.6035
3 25 8 13 0.150831 3.80573 25.2317
3 25 9 14 0.126519 3.81573 30.1593
3 25 10 15 0.108342 3.66547 33.8325
3 25 11 16 0.10327 3.69683 35.7978
3 25 12 17 0.105655 3.78221 35.7978
3 25 13 18 0.114619 3.87784 33.8325
3 25 14 19 0.132493 3.99589 30.1593
3 25 15 20 0.162471 4.09943 25.2317
3 25 16 21 0.226723 4.44457 19.6035
3 25 17 22 0.351394 4.86037 13.8317
3 25 18 23 0.661756 5.56157 8.40426
3 25 19 24 1.677 6.21124 3.70377
3 59 6 18 0.373417 4.30997 11.542
3 59 7 19 0.243469 3.95758 16.255
3 59 8 20 0.179033 3.82074 21.3409
3 59 9 21 0.143777 3.84657 26.7536
3 59 10 22 0.116871 3.79125 32.4396
3 59 11 23 0.0987074 3.78425 38.3381
3 59 12 24 0.0857635 3.80627 44.381
3 59 13 25 0.0751825 3.79621 50.4932
3 59 14 26 0.0674746 3.81862 56.5934
3 59 15 27 0.0623192 3.90085 62.5948
3 59 16 28 0.0569719 3.89725 68.4065
3 59 17 29 0.0528071 3.90433 73.9358
3 59 18 30 0.049292 3.89846 79.0892
3 59 19 31 0.0466707 3.90988 83.7758
3 59 20 32 0.0449495 3.95147 87.9092
3 59 21 33 0.0434825 3.97476 91.4105
3 59 22 34 0.0423576 3.99054 94.2106
3 59 23 35 0.0416066 4.00476 96.2531
3 59 24 36 0.0409924 3.99659 97.4958
3 59 25 37 0.0410349 4.01785 97.913
3 59 26 38 0.041011 3.9984 97.4958
3 59 27 39 0.0414275 3.98752 96.2531
3 59 28 40 0.0423752 3.99219 94.2106
3 59 29 41 0.0435473 3.98068 91.4105
3 59 30 42 0.0452091 3.97429 87.9092
3 59 31 43 0.0473237 3.96459 83.7758
3 59 32 44 0.0497548 3.93507 79.0892
3 59 33 45 0.0530575 3.92285 73.9358
3 59 34 46 0.0569455 3.89544 68.4065
3 59 35 47 0.0613439 3.83981 62.5948
3 59 36 48 0.0678281 3.83862 56.5934
3 59 37 49 0.0757541 3.82507 50.4932
3 59 38 50 0.0856993 3.80342 44.381
3 59 39 51 0.100335 3.84666 38.3381
3 59 40 52 0.118653 3.84905 32.4396
3 59 41 53 0.146215 3.91177 26.7536
3 59 42 54 0.185773 3.96456 21.3409
3 59 43 55 0.25049 4.07172 16.255
3 59 44 56 0.377165 4.35322 11.542
4 16 5 8 1.55717 6.23905 4.00667
4 16 6 9 0.555643 5.09135 9.16298
4 16 7 10 0.309219 4.37148 14.1372
4 16 8 11 0.24215 4.17659 17.248
4 16 9 12 0.251545 4.33864 17.248
4 16 10 13 0.32392 4.57931 14.1372
4 16 11 14 0.555809 5.09286 9.16298
4 16 12 15 1.40272 5.62025 4.00667
4 26 5 10 1.64253 6.08358 3.70377
4 26 6 11 0.599849 5.04129 8.40426
4 26 7 12 0.311517 4.3088 13.8317
4 26 8 13 0.203214 3.9837 19.6035
4 26 9 14 0.155793 3.93092 25.2317
4 26 10 15 0.123697 3.73062 30.1593
4 26 11 16 0.109819 3.71545 33.8325
4 26 12 17 0.105038 3.76011 35.7978
4 26 13 18 0.106371 3.80783 35.7978
4 26 14 19 0.114827 3.88488 33.8325
4 26 15 20 0.130898 3.9478 30.1593
4 26 16 21 0.164309 4.14581 25.2317
4 26 17 22 0.22438 4.39864 19.6035
4 26 18 23 0.347854 4.81141 13.8317
4 26 19 24 0.614181 5.16174 8.40426
4 26 20 25 1.59634 5.91249 3.70377
4 60 7 19 0.367558 4.24234 11.542
4 60 8 20 0.243599 3.9597 16.255
4 60 9 21 0.18409 3.92866 21.3409
4 60 10 22 0.143207 3.83131 26.7536
4 60 11 23 0.117122 3.7994 32.4396
4 60 12 24 0.0993052 3.80717 38.3381
4 60 13 25 0.0852894 3.78523 44.381
4 60 14 26 0.0752738 3.80082 50.4932
4 60 15 27 0.0685818 3.88128 56.5934
4 60 16 28 0.0618835 3.87358 62.5948
4 60 17 29 0.0567042 3.87894 68.4065
4 60 18 30 0.0523838 3.87304 73.9358
4 60 19 31 0.0491045 3.88364 79.0892
4 60 20 32 0.0468612 3.92583 83.7758
4 60 21 33 0.044951 3.9516 87.9092
4 60 22 34 0.0434146 3.96855 91.4105
4 60 23 35 0.0422796 3.98319 94.2106
4 60 24 36 0.041353 3.98035 96.2531
4 60 25 37 0.0410713 4.00428 97.4958
4 60 26 38 0.040763 3.99122 97.913
4 60 27 39 0.0408776 3.98539 97.4958
4 60 28 40 0.0414629 3.99093 96.2531
4 60 29 41 0.0422846 3.98366 94.2106
4 60 30 42 0.0435549 3.98138 91.4105
4 60 31 43 0.045216 3.97491 87.9092
4 60 32 44 0.0471423 3.94939 83.7758
4 60 33 45 0.0497737 3.93656 79.0892
4 60 34 46 0.052905 3.91157 73.9358
4 60 35 47 0.0563791 3.8567 68.4065
4 60 36 48 0.061565 3.85365 62.5948
4 60 37 49 0.0678121 3.83772 56.5934
4 60 38 50 0.0755301 3.81376 50.4932
4 60 39 51 0.0866852 3.84717 44.381
4 60 40 52 0.10008 3.83689 38.3381
4 60 41 53 0.119492 3.87626 32.4396
4 60 42 54 0.145692 3.89778 26.7536
4 60 43 55 0.185201 3.95236 21.3409
4 60 44 56 0.254182 4.13173 16.255
4 60 45 57 0.386808 4.46452 11.542
5 17 6 9 1.60498 6.43062 4.00667
5 17 7 10 0.558947 5.12162 9.16298
5 17 8 11 0.315281 4.45718 14.1372
5 17 9 12 0.253101 4.36547 17.248
5 17 10 13 0.253427 4.37111 17.248
5 17 11 14 0.330675 4.6748 14.1372
5 17 12 15 0.566223 5.18829 9.16298
5 17 13 16 1.6772 6.71999 4.00667
5 27 6 11 1.70205 6.30399 3.70377
5 27 7 12 0.600263 5.04477 8.40426
5 27 8 13 0.317451 4.39088 13.8317
5 27 9 14 0.214818 4.21119 19.6035
5 27 10 15 0.155179 3.91543 25.2317
5 27 11 16 0.126885 3.82676 30.1593
5 27 12 17 0.113073 3.82554 33.8325
5 27 13 18 0.106731 3.82075 35.7978
5 27 14 19 0.107903 3.86269 35.7978
5 27 15 20 0.115493 3.90743 33.8325
5 27 16 21 0.133205 4.01737 30.1593
5 27 17 22 0.165679 4.18035 25.2317
5 27 18 23 0.226959 4.4492 19.6035
5 27 19 24 0.337132 4.6631 13.8317
5 27 20 25 0.596703 5.01485 8.40426
5 27 21 26 1.63082 6.04018 3.70377
5 61 8 20 0.373075 4.30602 11.542
5 61 9 21 0.255825 4.15844 16.255
5 61 10 22 0.186187 3.9734 21.3409
5 61 11 23 0.1456 3.89532 26.7536
5 61 12 24 0.119462 3.87531 32.4396
5 61 13 25 0.0998116 3.82658 38.3381
5 61 14 26 0.0862282 3.82689 44.381
5 61 15 27 0.0773072 3.90349 50.4932
5 61 16 28 0.0686756 3.88659 56.5934
5 61 17 29 0.0620692 3.88521 62.5948
5 61 18 30 0.05661 3.8725 68.4065
5 61 19 31 0.0524742 3.87972 73.9358
5 61 20 32 0.0495923 3.92222 79.0892
5 61 21 33 0.0470846 3.94455 83.7758
5 61 22 34 0.0450665 3.96176 87.9092
5 61 23 35 0.043492 3.97562 91.4105
5 61 24 36 0.0421864 3.9744 94.2106
5 61 25 37 0.0415646 4.00072 96.2531
5 61 26 38 0.0409206 3.98959 97.4958
5 61 27 39 0.0407282 3.98782 97.913
5 61 28 40 0.0409792 3.9953 97.4958
5 61 29 41 0.0414292 3.98769 96.2531
5 61 30 42 0.0423215 3.98713 94.2106
5 61 31 43 0.0435219 3.97836 91.4105
5 61 32 44 0.0449868 3.95475 87.9092
5 61 33 45 0.0470547 3.94205 83.7758
5 61 34 46 0.0495103 3.91573 79.0892
5 61 35 47 0.0522387 3.86231 73.9358
5 61 36 48 0.0564131 3.85902 68.4065
5 61 37 49 0.0613038 3.8373 62.5948
5 61 38 50 0.0673554 3.81187 56.5934
5 61 39 51 0.0759312 3.83401 50.4932
5 61 40 52 0.0859708 3.81547 44.381
5 61 41 53 0.100039 3.83529 38.3381
5 61 42 54 0.118071 3.83018 32.4396
5 61 43 55 0.143764 3.84619 26.7536
5 61 44 56 0.185215 3.95267 21.3409
5 61 45 57 0.255483 4.15288 16.255
5 61 46 58 0.382915 4.41959 11.542
6 18 7 10 1.50653 6.03616 4.00667
6 18 8 11 0.538014 4.92981 9.16298
6 18 9 12 0.32402 4.58073 14.1372
6 18 10 13 0.249754 4.30774 17.248
6 18 11 14 0.251725 4.34174 17.248
6 18 12 15 0.325333 4.59928 14.1372
6 18 13 16 0.630337 5.77576 9.16298
6 18 14 17 1.75537 7.03318 4.00667
6 28 7 12 1.59939 5.92377 3.70377
6 28 8 13 0.580047 4.87487 8.40426
6 28 9 14 0.328248 4.54022 13.8317
6 28 10 15 0.210707 4.1306 19.6035
6 28 11 16 0.157108 3.96411 25.2317
6 28 12 17 0.129736 3.91273 30.1593
6 28 13 18 0.114019 3.85754 33.8325
6 28 14 19 0.10803 3.86724 35.7978
6 28 15 20 0.109054 3.90388 35.7978
6 28 16 21 0.116945 3.95656 33.8325
6 28 17 22 0.13468 4.06186 30.1593
6 28 18 23 0.168583 4.25363 25.2317
6 28 19 24 0.224996 4.41073 19.6035
6 28 20 25 0.337837 4.67286 13.8317
6 28 21 26 0.630298 5.29719 8.40426
6 28 22 27 1.75411 6.49682 3.70377
6 62 9 21 0.384617 4.43923 11.542
6 62 10 22 0.254785 4.14154 16.255
6 62 11 23 0.187586 4.00326 21.3409
6 62 12 24 0.147774 3.95348 26.7536
6 62 13 25 0.119476 3.87577 32.4396
6 62 14 26 0.100583 3.85618 38.3381
6 62 15 27 0.0885208 3.92864 44.381
6 62 16 28 0.0772765 3.90194 50.4932
6 62 17 29 0.0688058 3.89395 56.5934
6 62 18 30 0.0619189 3.8758 62.5948
6 62 19 31 0.0566719 3.87673 68.4065
6 62 20 32 0.0530384 3.92143 73.9358
6 62 21 33 0.0498601 3.94339 79.0892
6 62 22 34 0.0472716 3.96022 83.7758
6 62 23 35 0.0452152 3.97484 87.9092
6 62 24 36 0.0435128 3.97753 91.4105
6 62 25 37 0.0425257 4.00637 94.2106
6 62 26 38 0.0415569 3.99998 96.2531
6 62 27 39 0.0410358 4.00082 97.4958
6 62 28 40 0.0409805 4.01253 97.913
6 62 29 41 0.0411159 4.00863 97.4958
6 62 30 42 0.0416446 4.00842 96.2531
6 62 31 43 0.0424825 4.00231 94.2106
6 62 32 44 0.043563 3.98212 91.4105
6 62 33 45 0.0451423 3.96842 87.9092
6 62 34 46 0.0470858 3.94465 83.7758
6 62 35 47 0.0492032 3.89144 79.0892
6 62 36 48 0.0526385 3.89187 73.9358
6 62 37 49 0.0565772 3.87025 68.4065
6 62 38 50 0.0614038 3.84356 62.5948
6 62 39 51 0.0682529 3.86266 56.5934
6 62 40 52 0.0759878 3.83687 50.4932
6 62 41 53 0.0867142 3.84846 44.381
6 62 42 54 0.0999457 3.83173 38.3381
6 62 43 55 0.117971 3.82694 32.4396
6 62 44 56 0.145722 3.89858 26.7536
6 62 45 57 0.188934 4.03203 21.3409
6 62 46 58 0.258466 4.20137 16.255
6 62 47 59 0.3888 4.48751 11.542
7 19 8 11 1.41349 5.66339 4.00667
7 19 9 12 0.543022 4.9757 9.16298
7 19 10 13 0.312312 4.41521 14.1372
7 19 11 14 0.243984 4.20822 17.248
7 19 12 15 0.243074 4.19253 17.248
7 19 13 16 0.341646 4.82991 14.1372
7 19 14 17 0.626194 5.7378 9.16298
7 19 15 18 1.72175 6.89849 4.00667
7 29 8 13 1.50499 5.57416 3.70377
7 29 9 14 0.58637 4.92801 8.40426
7 29 10 15 0.314114 4.34473 13.8317
7 29 11 16 0.208916 4.09549 19.6035
7 29 12 17 0.158299 3.99415 25.2317
7 29 13 18 0.128837 3.88562 30.1593
7 29 14 19 0.114239 3.86501 33.8325
7 29 15 20 0.108908 3.89867 35.7978
7 29 16 21 0.109059 3.90405 35.7978
7 29 17 22 0.117069 3.96074 33.8325
7 29 18 23 0.135364 4.08249 30.1593
7 29 19 24 0.165707 4.18108 25.2317
7 29 20 25 0.222775 4.36717 19.6035
7 29 21 26 0.343515 4.75139 13.8317
7 29 22 27 0.654897 5.50392 8.40426
7 29 23 28 1.74487 6.4626 3.70377
7 63 10 22 0.373065 4.3059 11.542
7 63 11 23 0.251874 4.09421 16.255
7 63 12 24 0.187667 4.005 21.3409
7 63 13 25 0.145575 3.89466 26.7536
7 63 14 26 0.118853 3.85554 32.4396
7 63 15 27 0.102331 3.92319 38.3381
7 63 16 28 0.087627 3.88897 44.381
7 63 17 29 0.0767467 3.87519 50.4932
7 63 18 30 0.068028 3.84994 56.5934
7 63 19 31 0.061448 3.84633 62.5948
7 63 20 32 0.0568707 3.89032 68.4065
7 63 21 33 0.0529305 3.91345 73.9358
7 63 22 34 0.0497119 3.93167 79.0892
7 63 23 35 0.0470851 3.94459 83.7758
7 63 24 36 0.044954 3.95188 87.9092
7 63 25 37 0.043566 3.98239 91.4105
7 63 26 38 0.0422535 3.98072 94.2106
7 63 27 39 0.0414118 3.98601 96.2531
7 63 28 40 0.0410218 3.99945 97.4958
7 63 29 41 0.0408465 3.9994 97.913
7 63 30 42 0.0410571 4.00289 97.4958
7 63 31 43 0.0415142 3.99587 96.2531
7 63 32 44 0.0422492 3.98032 94.2106
7 63 33 45 0.0434191 3.96896 91.4105
7 63 34 46 0.0448935 3.94655 87.9092
7 63 35 47 0.0464894 3.89469 83.7758
7 63 36 48 0.049255 3.89554 79.0892
7 63 37 49 0.0524019 3.87438 73.9358
7 63 38 50 0.0562649 3.84889 68.4065
7 63 39 51 0.0616895 3.86144 62.5948
7 63 40 52 0.0677291 3.83302 56.5934
7 63 41 53 0.0759766 3.83631 50.4932
7 63 42 54 0.0857339 3.80495 44.381
7 63 43 55 0.0986742 3.78298 38.3381
7 63 44 56 0.117828 3.82229 32.4396
7 63 45 57 0.145905 3.90349 26.7536
7 63 46 58 0.187353 3.9983 21.3409
7 63 47 59 0.256256 4.16545 16.255
7 63 48 60 0.376845 4.34953 11.542
8 20 9 12 1.44828 5.80277 4.00667
8 20 10 13 0.52011 4.76576 9.16298
8 20 11 14 0.307257 4.34374 14.1372
8 20 12 15 0.239171 4.12522 17.248
8 20 13 16 0.252098 4.34818 17.248
8 20 14 17 0.345996 4.89141 14.1372
8 20 15 18 0.625923 5.73532 9.16298
8 20 16 19 1.66193 6.65879 4.00667
8 30 9 14 1.53972 5.70279 3.70377
8 30 10 15 0.557056 4.68165 8.40426
8 30 11 16 0.309669 4.28324 13.8317
8 30 12 17 0.20931 4.10322 19.6035
8 30 13 18 0.155508 3.92374 25.2317
8 30 14 19 0.128045 3.86176 30.1593
8 30 15 20 0.115134 3.89526 33.8325
8 30 16 21 0.107965 3.86492 35.7978
8 30 17 22 0.108492 3.88376 35.7978
8 30 18 23 0.116838 3.95292 33.8325
8 30 19 24 0.132767 4.00416 30.1593
8 30 20 25 0.164112 4.14082 25.2317
8 30 21 26 0.223525 4.38189 19.6035
8 30 22 27 0.351721 4.86489 13.8317
8 30 23 28 0.651503 5.4754 8.40426
8 30 24 29 1.71619 6.3564 3.70377
8 64 11 23 0.366887 4.2346 11.542
8 64 12 24 0.250737 4.07573 16.255
8 64 13 25 0.183204 3.90974 21.3409
8 64 14 26 0.143632 3.84267 26.7536
8 64 15 27 0.120357 3.90434 32.4396
8 64 16 28 0.100642 3.85842 38.3381
8 64 17 29 0.0865162 3.83967 44.381
8 64 18 30 0.0754246 3.80843 50.4932
8 64 19 31 0.0671264 3.79891 56.5934
8 64 20 32 0.0614137 3.84417 62.5948
8 64 21 33 0.0565313 3.86711 68.4065
8 64 22 34 0.0525966 3.88877 73.9358
8 64 23 35 0.0493486 3.90294 79.0892
8 64 24 36 0.0467233 3.91428 83.7758
8 64 25 37 0.044924 3.94923 87.9092
8 64 26 38 0.0432334 3.95198 91.4105
8 64 27 39 0.0420939 3.96569 94.2106
8 64 28 40 0.0413972 3.9846 96.2531
8 64 29 41 0.0409102 3.98857 97.4958
8 64 30 42 0.04084 3.99877 97.913
8 64 31 43 0.0409848 3.99584 97.4958
8 64 32 44 0.0413994 3.98482 96.2531
8 64 33 45 0.042228 3.97833 94.2106
8 64 34 46 0.0433293 3.96075 91.4105
8 64 35 47 0.0445395 3.91543 87.9092
8 64 36 48 0.0468104 3.92158 83.7758
8 64 37 49 0.0493451 3.90266 79.0892
8 64 38 50 0.0525253 3.8835 73.9358
8 64 39 51 0.0569887 3.8984 68.4065
8 64 40 52 0.0618244 3.86988 62.5948
8 64 41 53 0.068454 3.87404 56.5934
8 64 42 54 0.076114 3.84324 50.4932
8 64 43 55 0.0859314 3.81372 44.381
8 64 44 56 0.100251 3.84345 38.3381
8 64 45 57 0.120303 3.90259 32.4396
8 64 46 58 0.148468 3.97205 26.7536
8 64 47 59 0.192058 4.09871 21.3409
8 64 48 60 0.260131 4.22844 16.255
8 64 49 61 0.390276 4.50455 11.542
9 21 10 13 1.36489 5.46866 4.00667
9 21 11 14 0.517929 4.74577 9.16298
9 21 12 15 0.303866 4.2958 14.1372
9 21 13 16 0.240692 4.15144 17.248
9 21 14 17 0.25287 4.36149 17.248
9 21 15 18 0.34828 4.92369 14.1372
9 21 16 19 0.583683 5.34828 9.16298
9 21 17 20 1.47926 5.9269 4.00667
9 31 10 15 1.44819 5.36378 3.70377
9 31 11 16 0.555327 4.66711 8.40426
9 31 12 17 0.312266 4.31916 13.8317
9 31 13 18 0.204763 4.01409 19.6035
9 31 14 19 0.153827 3.88132 25.2317
9 31 15 20 0.129407 3.90282 30.1593
9 31 16 21 0.11335 3.83491 33.8325
9 31 17 22 0.106591 3.81573 35.7978
9 31 18 23 0.107092 3.83366 35.7978
9 31 19 24 0.113463 3.83876 33.8325
9 31 20 25 0.13023 3.92765 30.1593
9 31 21 26 0.160905 4.05991 25.2317
9 31 22 27 0.221592 4.34398 19.6035
9 31 23 28 0.339703 4.69867 13.8317
9 31 24 29 0.615503 5.17285 8.40426
9 31 25 30 1.57114 5.81915 3.70377
10 22 11 14 1.53278 6.14133 4.00667
10 22 12 15 0.564815 5.17538 9.16298
10 22 13 16 0.317975 4.49527 14.1372
10 22 14 17 0.249717 4.3071 17.248
10 22 15 18 0.268405 4.62944 17.248
10 22 16 19 0.342903 4.84768 14.1372
10 22 17 20 0.564522 5.17271 9.16298
10 22 18 21 1.63813 6.56343 4.00667
10 32 11 16 1.62198 6.00746 3.70377
10 32 12 17 0.613191 5.15342 8.40426
10 32 13 18 0.324537 4.48889 13.8317
10 32 14 19 0.212261 4.16106 19.6035
10 32 15 20 0.163319 4.12081 25.2317
10 32 16 21 0.131737 3.97309 30.1593
10 32 17 22 0.115139 3.89544 33.8325
10 32 18 23 0.107543 3.8498 35.7978
10 32 19 24 0.10629 3.80494 35.7978
10 32 20 25 0.114087 3.85984 33.8325
10 32 21 26 0.130155 3.92538 30.1593
10 32 22 27 0.162474 4.09949 25.2317
10 32 23 28 0.220367 4.31997 19.6035
10 32 24 29 0.333558 4.61366 13.8317
10 32 25 30 0.593165 4.98512 8.40426
10 32 26 31 1.6303 6.03827 3.70377
11 23 12 15 1.57085 6.29387 4.00667
11 23 13 16 0.553318 5.07004 9.16298
11 23 14 17 0.315671 4.46269 14.1372
11 23 15 18 0.26338 4.54277 17.248
11 23 16 19 0.261769 4.51498 17.248
11 23 17 20 0.324739 4.5909 14.1372
11 23 18 21 0.589098 5.39789 9.16298
11 23 19 22 1.52 6.09012 4.00667
11 33 12 17 1.67233 6.19394 3.70377
11 33 13 18 0.600847 5.04968 8.40426
11 33 14 19 0.322577 4.46179 13.8317
11 33 15 20 0.222264 4.35716 19.6035
11 33 16 21 0.163653 4.12924 25.2317
11 33 17 22 0.132374 3.9923 30.1593
11 33 18 23 0.114798 3.88389 33.8325
11 33 19 24 0.105776 3.78655 35.7978
11 33 20 25 0.106439 3.81028 35.7978
11 33 21 26 0.113138 3.82774 33.8325
11 33 22 27 0.130153 3.92532 30.1593
11 33 23 28 0.160822 4.05782 25.2317
11 33 24 29 0.216953 4.25306 19.6035
11 33 25 30 0.324924 4.49424 13.8317
11 33 26 31 0.595359 5.00355 8.40426
11 33 27 32 1.509 5.58897 3.70377
12 24 13 16 1.46564 5.87234 4.00667
12 24 14 17 0.525401 4.81424 9.16298
12 24 15 18 0.333572 4.71576 14.1372
12 24 16 19 0.260815 4.49852 17.248
12 24 17 20 0.255431 4.40566 17.248
12 24 18 21 0.344622 4.87198 14.1372
12 24 19 22 0.60515 5.54497 9.16298
12 24 20 23 1.67616 6.71582 4.00667
12 34 13 18 1.56481 5.79568 3.70377
12 34 14 19 0.572372 4.81037 8.40426
12 34 15 20 0.3343 4.62393 13.8317
12 34 16 21 0.219909 4.311 19.6035
12 34 17 22 0.163301 4.12035 25.2317
12 34 18 23 0.130918 3.94841 30.1593
12 34 19 24 0.112331 3.80043 33.8325
12 34 20 25 0.106066 3.79694 35.7978
12 34 21 26 0.105638 3.78162 35.7978
12 34 22 27 0.113333 3.83434 33.8325
12 34 23 28 0.129771 3.9138 30.1593
12 34 24 29 0.161114 4.06518 25.2317
12 34 25 30 0.217411 4.26202 19.6035
12 34 26 31 0.335415 4.63936 13.8317
12 34 27 32 0.604834 5.08318 8.40426
12 34 28 33 1.72258 6.38005 3.70377
13 25 14 17 1.39076 5.57231 4.00667
13 25 15 18 0.564355 5.17118 9.16298
13 25 16 19 0.33288 4.70598 14.1372
13 25 17 20 0.256559 4.42512 17.248
13 25 18 21 0.260338 4.4903 17.248
13 25 19 22 0.342307 4.83926 14.1372
13 25 20 23 0.619709 5.67838 9.16298
13 25 21 24 1.57436 6.30793 4.00667
13 35 14 19 1.49342 5.53129 3.70377
13 35 15 20 0.60665 5.09845 8.40426
13 35 16 21 0.333898 4.61836 13.8317
13 35 17 22 0.222075 4.35346 19.6035
13 35 18 23 0.162186 4.09223 25.2317
13 35 19 24 0.128108 3.86364 30.1593
13 35 20 25 0.112795 3.81614 33.8325
13 35 21 26 0.104942 3.75669 35.7978
13 35 22 27 0.104964 3.75749 35.7978
13 35 23 28 0.111608 3.77597 33.8325
13 35 24 29 0.128229 3.86731 30.1593
13 35 25 30 0.158344 3.99529 25.2317
13 35 26 31 0.2164 4.24221 19.6035
13 35 27 32 0.326192 4.51178 13.8317
13 35 28 33 0.638682 5.36765 8.40426
13 35 29 34 1.56618 5.80077 3.70377
14 26 15 18 1.52415 6.10677 4.00667
14 26 16 19 0.565431 5.18103 9.16298
14 26 17 20 0.33471 4.73185 14.1372
14 26 18 21 0.257325 4.43834 17.248
14 26 19 22 0.255942 4.41448 17.248
14 26 20 23 0.344669 4.87264 14.1372
14 26 21 24 0.568373 5.20799 9.16298
14 26 22 25 1.49029 5.97111 4.00667
14 36 15 20 1.62147 6.00557 3.70377
14 36 16 21 0.606141 5.09417 8.40426
14 36 17 22 0.340674 4.71209 13.8317
14 36 18 23 0.220736 4.3272 19.6035
14 36 19 24 0.158349 3.99542 25.2317
14 36 20 25 0.129025 3.89131 30.1593
14 36 21 26 0.112215 3.79651 33.8325
14 36 22 27 0.105222 3.7667 35.7978
14 36 23 28 0.104806 3.75182 35.7978
14 36 24 29 0.11293 3.82071 33.8325
14 36 25 30 0.130065 3.92266 30.1593
14 36 26 31 0.163404 4.12296 25.2317
14 36 27 32 0.221112 4.33457 19.6035
14 36 28 33 0.362268 5.01077 13.8317
14 36 29 34 0.668278 5.61638 8.40426
14 36 30 35 1.92933 7.1458 3.70377
15 27 16 19 1.41562 5.67191 4.00667
15 27 17 20 0.574339 5.26266 9.16298
15 27 18 21 0.332374 4.69882 14.1372
15 27 19 22 0.251638 4.34024 17.248
15 27 20 23 0.261334 4.50748 17.248
15 27 21 24 0.329152 4.65327 14.1372
15 27 22 25 0.545756 5.00075 9.16298
15 27 23 26 1.52374 6.10512 4.00667
15 37 16 21 1.50712 5.58204 3.70377
15 37 17 22 0.617223 5.1873 8.40426
15 37 18 23 0.335457 4.63993 13.8317
15 37 19 24 0.212093 4.15776 19.6035
15 37 20 25 0.157109 3.96413 25.2317
15 37 21 26 0.126353 3.81072 30.1593
15 37 22 27 0.110576 3.74108 33.8325
15 37 23 28 0.102782 3.67937 35.7978
15 37 24 29 0.103621 3.70942 35.7978
15 37 25 30 0.111248 3.76381 33.8325
15 37 26 31 0.12883 3.88541 30.1593
15 37 27 32 0.158279 3.99366 25.2317
15 37 28 33 0.224958 4.40997 19.6035
15 37 29 34 0.348033 4.81387 13.8317
15 37 30 35 0.673909 5.6637 8.40426
15 37 31 36 1.60885 5.95883 3.70377
16 28 17 20 1.67636 6.71662 4.00667
16 28 18 21 0.632995 5.80012 9.16298
16 28 19 22 0.345596 4.88575 14.1372
16 28 20 23 0.267808 4.61914 17.248
16 28 21 24 0.260962 4.50106 17.248
16 28 22 25 0.329096 4.65249 14.1372
16 28 23 26 0.578709 5.3027 9.16298
16 28 24 27 1.65208 6.61933 4.00667
16 38 17 22 1.77847 6.58706 3.70377
16 38 18 23 0.678314 5.70073 8.40426
16 38 19 24 0.348729 4.82351 13.8317
16 38 20 25 0.223642 4.38418 19.6035
16 38 21 26 0.161566 4.07658 25.2317
16 38 22 27 0.129789 3.91435 30.1593
16 38 23 28 0.111553 3.77412 33.8325
16 38 24 29 0.104885 3.75466 35.7978
16 38 25 30 0.10507 3.76127 35.7978
16 38 26 31 0.113178 3.82908 33.8325
16 38 27 32 0.128491 3.87519 30.1593
16 38 28 33 0.164221 4.14358 25.2317
16 38 29 34 0.224922 4.40926 19.6035
16 38 30 35 0.356729 4.93416 13.8317
16 38 31 36 0.610423 5.13016 8.40426
16 38 32 37 1.66006 6.1485 3.70377
17 29 18 21 1.75152 7.01776 4.00667
17 29 19 22 0.622917 5.70778 9.16298
17 29 20 23 0.353653 4.99965 14.1372
17 29 21 24 0.263805 4.5501 17.248
17 29 22 25 0.258289 4.45496 17.248
17 29 23 26 0.334022 4.72212 14.1372
17 29 24 27 0.607513 5.56663 9.16298
17 29 25 28 1.6488 6.60619 4.00667
17 39 18 23 1.85409 6.86713 3.70377
17 39 19 24 0.668522 5.61843 8.40426
17 39 20 25 0.353388 4.88795 13.8317
17 39 21 26 0.224165 4.39442 19.6035
17 39 22 27 0.16377 4.13219 25.2317
17 39 23 28 0.129403 3.90272 30.1593
17 39 24 29 0.113278 3.8325 33.8325
17 39 25 30 0.105934 3.79221 35.7978
17 39 26 31 0.106606 3.81625 35.7978
17 39 27 32 0.113003 3.82318 33.8325
17 39 28 33 0.132538 3.99726 30.1593
17 39 29 34 0.165433 4.17415 25.2317
17 39 30 35 0.230889 4.52624 19.6035
17 39 31 36 0.335342 4.63834 13.8317
17 39 32 37 0.617109 5.18635 8.40426
17 39 33 38 1.60754 5.95395 3.70377
18 30 19 22 1.70355 6.82555 4.00667
18 30 20 23 0.620299 5.68379 9.16298
18 30 21 24 0.344704 4.87314 14.1372
18 30 22 25 0.262631 4.52985 17.248
18 30 23 26 0.257925 4.44868 17.248
18 30 24 27 0.346038 4.892 14.1372
18 30 25 28 0.608736 5.57784 9.16298
18 30 26 29 1.61797 6.48265 4.00667
18 40 19 24 1.80635 6.69031 3.70377
18 40 20 25 0.662228 5.56554 8.40426
18 40 21 26 0.348104 4.81485 13.8317
18 40 22 27 0.226237 4.43505 19.6035
18 40 23 28 0.162363 4.09669 25.2317
18 40 24 29 0.131322 3.96059 30.1593
18 40 25 30 0.114148 3.86193 33.8325
18 40 26 31 0.107163 3.83618 35.7978
18 40 27 32 0.106348 3.80703 35.7978
18 40 28 33 0.115646 3.91258 33.8325
18 40 29 34 0.133323 4.02092 30.1593
18 40 30 35 0.168952 4.26293 25.2317
18 40 31 36 0.220074 4.31423 19.6035
18 40 32 37 0.33678 4.65823 13.8317
18 40 33 38 0.596211 5.01071 8.40426
18 40 34 39 1.5944 5.9053 3.70377
19 31 20 23 1.66194 6.65886 4.00667
19 31 21 24 0.581269 5.32615 9.16298
19 31 22 25 0.338003 4.7784 14.1372
19 31 23 26 0.2544 4.38788 17.248
19 31 24 27 0.258642 4.46105 17.248
19 31 25 28 0.337282 4.76821 14.1372
19 31 26 29 0.572546 5.24623 9.16298
19 31 27 30 1.46935 5.88719 4.00667
19 41 20 25 1.75805 6.51141 3.70377
19 41 21 26 0.626381 5.26427 8.40426
19 41 22 27 0.344007 4.75819 13.8317
19 41 23 28 0.219724 4.30737 19.6035
19 41 24 29 0.162895 4.11012 25.2317
19 41 25 30 0.130912 3.94821 30.1593
19 41 26 31 0.114521 3.87453 33.8325
19 41 27 32 0.106721 3.82039 35.7978
19 41 28 33 0.108301 3.87694 35.7978
19 41 29 34 0.116371 3.93713 33.8325
19 41 30 35 0.136104 4.10481 30.1593
19 41 31 36 0.16321 4.11806 25.2317
19 41 32 37 0.223236 4.37621 19.6035
19 41 33 38 0.333863 4.61788 13.8317
19 41 34 39 0.631473 5.30706 8.40426
19 41 35 40 1.83538 6.79784 3.70377
20 32 21 24 1.48644 5.95565 4.00667
20 32 22 25 0.567388 5.19896 9.16298
20 32 23 26 0.323122 4.56803 14.1372
20 32 24 27 0.254905 4.39659 17.248
20 32 25 28 0.256113 4.41743 17.248
20 32 26 29 0.328054 4.63775 14.1372
20 32 27 30 0.546493 5.00751 9.16298
20 32 28 31 1.53039 6.13175 4.00667
20 42 21 26 1.58345 5.86475 3.70377
20 42 22 27 0.611076 5.13564 8.40426
20 42 23 28 0.327418 4.52874 13.8317
20 42 24 29 0.217504 4.26384 19.6035
20 42 25 30 0.159573 4.0263 25.2317
20 42 26 31 0.12914 3.89477 30.1593
20 42 27 32 0.112796 3.81616 33.8325
20 42 28 33 0.107051 3.83217 35.7978
20 42 29 34 0.107523 3.84907 35.7978
20 42 30 35 0.116772 3.95071 33.8325
20 42 31 36 0.129791 3.9144 30.1593
20 42 32 37 0.161724 4.08058 25.2317
20 42 33 38 0.213792 4.19107 19.6035
20 42 34 39 0.332771 4.60278 13.8317
20 42 35 40 0.643288 5.40636 8.40426
20 42 36 41 1.70821 6.32684 3.70377
21 33 22 25 1.63832 6.5642 4.00667
21 33 23 26 0.587987 5.38771 9.16298
21 33 24 27 0.34468 4.87279 14.1372
21 33 25 28 0.260274 4.4892 17.248
21 33 26 29 0.254368 4.38733 17.248
21 33 27 30 0.320261 4.52758 14.1372
21 33 28 31 0.551527 5.05363 9.16298
21 33 29 32 1.41549 5.67141 4.00667
21 43 22 27 1.74088 6.44781 3.70377
21 43 23 28 0.633413 5.32337 8.40426
21 43 24 29 0.35001 4.84123 13.8317
21 43 25 30 0.22421 4.39532 19.6035
21 43 26 31 0.162997 4.1127 25.2317
21 43 27 32 0.131138 3.95503 30.1593
21 43 28 33 0.115478 3.9069 33.8325
21 43 29 34 0.107919 3.86326 35.7978
21 43 30 35 0.108818 3.89545 35.7978
21 43 31 36 0.112522 3.80692 33.8325
21 43 32 37 0.129169 3.89563 30.1593
21 43 33 38 0.154831 3.90666 25.2317
21 43 34 39 0.210174 4.12015 19.6035
21 43 35 40 0.330286 4.5684 13.8317
21 43 36 41 0.603513 5.07208 8.40426
21 43 37 42 1.70462 6.31352 3.70377
22 34 23 26 1.51719 6.07889 4.00667
22 34 24 27 0.605461 5.54783 9.16298
22 34 25 28 0.343219 4.85215 14.1372
22 34 26 29 0.257859 4.44754 17.248
22 34 27 30 0.254885 4.39624 17.248
22 34 28 31 0.332304 4.69783 14.1372
22 34 29 32 0.562004 5.14963 9.16298
22 34 30 33 1.62839 6.52441 4.00667
22 44 23 28 1.61697 5.98889 3.70377
22 44 24 29 0.651066 5.47173 8.40426
22 44 25 30 0.349054 4.828 13.8317
22 44 26 31 0.223557 4.3825 19.6035
22 44 27 32 0.164307 4.14574 25.2317
22 44 28 33 0.134004 4.04148 30.1593
22 44 29 34 0.116744 3.94973 33.8325
22 44 30 35 0.109862 3.93281 35.7978
22 44 31 36 0.106424 3.80973 35.7978
22 44 32 37 0.114124 3.86111 33.8325
22 44 33 38 0.126768 3.82324 30.1593
22 44 34 39 0.15616 3.94019 25.2317
22 44 35 40 0.215269 4.22002 19.6035
22 44 36 41 0.329696 4.56025 13.8317
22 44 37 42 0.617542 5.18998 8.40426
22 44 38 43 1.82435 6.75696 3.70377
23 35 24 27 1.6674 6.6807 4.00667
23 35 25 28 0.610839 5.5971 9.16298
23 35 26 29 0.337527 4.77168 14.1372
23 35 27 30 0.257154 4.43538 17.248
23 35 28 31 0.258057 4.45095 17.248
23 35 29 32 0.325666 4.60399 14.1372
23 35 30 33 0.599282 5.49121 9.16298
23 35 31 34 1.47108 5.89414 4.00667
23 45 24 29 1.76915 6.55254 3.70377
23 45 25 30 0.65948 5.54244 8.40426
23 45 26 31 0.347068 4.80054 13.8317
23 45 27 32 0.225902 4.42847 19.6035
23 45 28 33 0.168307 4.24668 25.2317
23 45 29 34 0.135366 4.08254 30.1593
23 45 30 35 0.118346 4.00393 33.8325
23 45 31 36 0.10704 3.83179 35.7978
23 45 32 37 0.107231 3.83862 35.7978
23 45 33 38 0.110996 3.75526 33.8325
23 45 34 39 0.125653 3.7896 30.1593
23 45 35 40 0.15591 3.93386 25.2317
23 45 36 41 0.211331 4.14284 19.6035
23 45 37 42 0.322409 4.45946 13.8317
23 45 38 43 0.611448 5.13877 8.40426
23 45 39 44 1.64899 6.10749 3.70377
24 36 25 28 1.57547 6.3124 4.00667
24 36 26 29 0.566008 5.18632 9.16298
24 36 27 30 0.32985 4.66315 14.1372
24 36 28 31 0.262352 4.52504 17.248
24 36 29 32 0.260706 4.49665 17.248
24 36 30 33 0.360373 5.09466 14.1372
24 36 31 34 0.622877 5.70741 9.16298
24 36 32 35 1.83066 7.33483 4.00667
24 46 25 30 1.67632 6.2087 3.70377
24 46 26 31 0.614272 5.1625 8.40426
24 46 27 32 0.337086 4.66246 13.8317
24 46 28 33 0.225888 4.4282 19.6035
24 46 29 34 0.166804 4.20874 25.2317
24 46 30 35 0.135262 4.07939 30.1593
24 46 31 36 0.114419 3.87107 33.8325
24 46 32 37 0.107556 3.85025 35.7978
24 46 33 38 0.10457 3.74337 35.7978
24 46 34 39 0.110378 3.73436 33.8325
24 46 35 40 0.125992 3.79984 30.1593
24 46 36 41 0.156345 3.94485 25.2317
24 46 37 42 0.210765 4.13175 19.6035
24 46 38 43 0.327373 4.52812 13.8317
24 46 39 44 0.588889 4.94917 8.40426
24 46 40 45 1.65248 6.12041 3.70377
25 37 26 29 1.48964 5.96851 4.00667
25 37 27 30 0.547392 5.01574 9.16298
25 37 28 31 0.331707 4.6894 14.1372
25 37 29 32 0.255549 4.4077 17.248
25 37 30 33 0.264586 4.56356 17.248
25 37 31 34 0.343448 4.85538 14.1372
25 37 32 35 0.63207 5.79164 9.16298
25 37 33 36 1.50377 6.0251 4.00667
25 47 26 31 1.59221 5.89718 3.70377
25 47 27 32 0.595553 5.00518 8.40426
25 47 28 33 0.3381 4.67649 13.8317
25 47 29 34 0.22337 4.37885 19.6035
25 47 30 35 0.166063 4.19004 25.2317
25 47 31 36 0.130453 3.93437 30.1593
25 47 32 37 0.114906 3.88758 33.8325
25 47 33 38 0.105134 3.76355 35.7978
25 47 34 39 0.104155 3.72852 35.7978
25 47 35 40 0.11069 3.74492 33.8325
25 47 36 41 0.127826 3.85513 30.1593
25 47 37 42 0.157557 3.97543 25.2317
25 47 38 43 0.216923 4.25246 19.6035
25 47 39 44 0.325102 4.49671 13.8317
25 47 40 45 0.613948 5.15978 8.40426
25 47 41 46 1.69683 6.28465 3.70377
26 38 27 30 1.52898 6.1261 4.00667
26 38 28 31 0.586904 5.37779 9.16298
26 38 29 32 0.337805 4.7756 14.1372
26 38 30 33 0.263862 4.55109 17.248
26 38 31 34 0.260976 4.5013 17.248
26 38 32 35 0.354275 5.00844 14.1372
26 38 33 36 0.563035 5.15908 9.16298
26 38 34 37 1.55507 6.23064 4.00667
26 48 27 32 1.63167 6.04332 3.70377
26 48 28 33 0.632253 5.31362 8.40426
26 48 29 34 0.345541 4.77942 13.8317
26 48 30 35 0.226688 4.44389 19.6035
26 48 31 36 0.161798 4.08245 25.2317
26 48 32 37 0.131742 3.97325 30.1593
26 48 33 38 0.112715 3.81344 33.8325
26 48 34 39 0.104574 3.7435 35.7978
26 48 35 40 0.10355 3.70687 35.7978
26 48 36 41 0.111804 3.78261 33.8325
26 48 37 42 0.127359 3.84106 30.1593
26 48 38 43 0.159689 4.02922 25.2317
26 48 39 44 0.211884 4.15367 19.6035
26 48 40 45 0.327454 4.52924 13.8317
26 48 41 46 0.600194 5.04419 8.40426
26 48 42 47 1.57496 5.8333 3.70377
27 39 28 31 1.65288 6.62254 4.00667
27 39 29 32 0.609948 5.58894 9.16298
27 39 30 33 0.350251 4.95156 14.1372
27 39 31 34 0.2616 4.51207 17.248
27 39 32 35 0.270019 4.65727 17.248
27 39 33 36 0.328947 4.65037 14.1372
27 39 34 37 0.568627 5.21031 9.16298
27 39 35 38 1.49879 6.00515 4.00667
27 49 28 33 1.75429 6.4975 3.70377
27 49 29 34 0.657892 5.52909 8.40426
27 49 30 35 0.355893 4.9226 13.8317
27 49 31 36 0.222987 4.37134 19.6035
27 49 32 37 0.164725 4.1563 25.2317
27 49 33 38 0.130432 3.93374 30.1593
27 49 34 39 0.112904 3.81983 33.8325
27 49 35 40 0.104072 3.72555 35.7978
27 49 36 41 0.105323 3.77034 35.7978
27 49 37 42 0.111706 3.7793 33.8325
27 49 38 43 0.129631 3.90958 30.1593
27 49 39 44 0.157283 3.96851 25.2317
27 49 40 45 0.213957 4.19431 19.6035
27 49 41 46 0.324002 4.48149 13.8317
27 49 42 47 0.579168 4.86748 8.40426
27 49 43 48 1.56956 5.81331 3.70377
28 40 29 32 1.64771 6.60183 4.00667
28 40 30 33 0.611077 5.59929 9.16298
28 40 31 34 0.338176 4.78085 14.1372
28 40 32 35 0.26671 4.6002 17.248
28 40 33 36 0.255342 4.40413 17.248
28 40 34 37 0.330056 4.66606 14.1372
28 40 35 38 0.545155 4.99525 9.16298
28 40 36 39 1.49791 6.00162 4.00667
28 50 29 34 1.74962 6.48018 3.70377
28 50 30 35 0.657648 5.52705 8.40426
28 50 31 36 0.342197 4.73316 13.8317
28 50 32 37 0.224045 4.39208 19.6035
28 50 33 38 0.162424 4.09824 25.2317
28 50 34 39 0.130588 3.93844 30.1593
28 50 35 40 0.111943 3.7873 33.8325
28 50 36 41 0.106373 3.80793 35.7978
28 50 37 42 0.105474 3.77575 35.7978
28 50 38 43 0.114457 3.87238 33.8325
28 50 39 44 0.129236 3.89766 30.1593
28 50 40 45 0.160356 4.04606 25.2317
28 50 41 46 0.215478 4.22414 19.6035
28 50 42 47 0.320996 4.43991 13.8317
28 50 43 48 0.588579 4.94657 8.40426
28 50 44 49 1.66875 6.18066 3.70377
29 41 30 33 1.62557 6.51313 4.00667
29 41 31 34 0.574055 5.26006 9.16298
29 41 32 35 0.337496 4.77124 14.1372
29 41 33 36 0.254475 4.38918 17.248
29 41 34 37 0.25807 4.45119 17.248
29 41 35 38 0.323457 4.57276 14.1372
29 41 36 39 0.587291 5.38133 9.16298
29 41 37 40 1.73806 6.96382 4.00667
29 51 30 35 1.72393 6.38505 3.70377
29 51 31 36 0.617526 5.18985 8.40426
29 51 32 37 0.337183 4.6638 13.8317
29 51 33 38 0.218374 4.2809 19.6035
29 51 34 39 0.161476 4.07432 25.2317
29 51 35 40 0.127918 3.85791 30.1593
29 51 36 41 0.113702 3.84681 33.8325
29 51 37 42 0.10513 3.76341 35.7978
29 51 38 43 0.106746 3.82128 35.7978
29 51 39 44 0.112756 3.81483 33.8325
29 51 40 45 0.129176 3.89585 30.1593
29 51 41 46 0.158156 3.99053 25.2317
29 51 42 47 0.208424 4.08585 19.6035
29 51 43 48 0.314215 4.34612 13.8317
29 51 44 49 0.583693 4.90551 8.40426
29 51 45 50 1.51298 5.60374 3.70377
30 42 31 34 1.47387 5.9053 4.00667
30 42 32 35 0.555807 5.09285 9.16298
30 42 33 36 0.319476 4.51648 14.1372
30 42 34 37 0.253773 4.37706 17.248
30 42 35 38 0.244592 4.21871 17.248
30 42 36 39 0.329099 4.65253 14.1372
30 42 37 40 0.600201 5.49963 9.16298
30 42 38 41 1.61324 6.46372 4.00667
30 52 31 36 1.56979 5.81414 3.70377
30 52 32 37 0.596159 5.01028 8.40426
30 52 33 38 0.325956 4.50852 13.8317
30 52 34 39 0.217279 4.25944 19.6035
30 52 35 40 0.157404 3.97158 25.2317
30 52 36 41 0.13035 3.93127 30.1593
30 52 37 42 0.112178 3.79527 33.8325
30 52 38 43 0.106771 3.82218 35.7978
30 52 39 44 0.106095 3.79797 35.7978
30 52 40 45 0.113588 3.84296 33.8325
30 52 41 46 0.129173 3.89578 30.1593
30 52 42 47 0.156063 3.93774 25.2317
30 52 43 48 0.209203 4.10111 19.6035
30 52 44 49 0.322389 4.45918 13.8317
30 52 45 50 0.579078 4.86672 8.40426
30 52 46 51 1.68116 6.22664 3.70377
31 43 32 35 1.53996 6.17009 4.00667
31 43 33 36 0.548539 5.02625 9.16298
31 43 34 37 0.329406 4.65687 14.1372
31 43 35 38 0.243872 4.2063 17.248
31 43 36 39 0.249296 4.29984 17.248
31 43 37 40 0.327364 4.628 14.1372
31 43 38 41 0.563814 5.16622 9.16298
31 43 39 42 1.61294 6.4625 4.00667
31 53 32 37 1.63364 6.05063 3.70377
31 53 33 38 0.596473 5.01292 8.40426
31 53 34 39 0.33462 4.62836 13.8317
31 53 35 40 0.214596 4.20685 19.6035
31 53 36 41 0.162885 4.10985 25.2317
31 53 37 42 0.128708 3.88173 30.1593
31 53 38 43 0.113958 3.85549 33.8325
31 53 39 44 0.106108 3.79844 35.7978
31 53 40 45 0.106141 3.79961 35.7978
31 53 41 46 0.112548 3.80779 33.8325
31 53 42 47 0.125684 3.79053 30.1593
31 53 43 48 0.153108 3.86318 25.2317
31 53 44 49 0.207369 4.06516 19.6035
31 53 45 50 0.306797 4.24352 13.8317
31 53 46 51 0.579945 4.87401 8.40426
31 53 47 52 1.53801 5.69642 3.70377
32 44 33 36 1.41197 5.65729 4.00667
32 44 34 37 0.562367 5.15296 9.16298
32 44 35 38 0.316932 4.48051 14.1372
32 44 36 39 0.253193 4.36707 17.248
32 44 37 40 0.250572 4.32186 17.248
32 44 38 41 0.326235 4.61204 14.1372
32 44 39 42 0.577174 5.28863 9.16298
32 44 40 43 1.7245 6.90952 4.00667
32 54 33 38 1.51632 5.61611 3.70377
32 54 34 39 0.605631 5.08988 8.40426
32 54 35 40 0.32533 4.49987 13.8317
32 54 36 41 0.221469 4.34157 19.6035
32 54 37 42 0.158697 4.00419 25.2317
32 54 38 43 0.129846 3.91608 30.1593
32 54 39 44 0.113246 3.83141 33.8325
32 54 40 45 0.106239 3.80312 35.7978
32 54 41 46 0.105831 3.78851 35.7978
32 54 42 47 0.110657 3.7438 33.8325
32 54 43 48 0.125059 3.7717 30.1593
32 54 44 49 0.154925 3.90901 25.2317
32 54 45 50 0.203859 3.99636 19.6035
32 54 46 51 0.31684 4.38243 13.8317
32 54 47 52 0.569947 4.78998 8.40426
32 54 48 53 1.52486 5.64773 3.70377
33 45 34 37 1.61755 6.48099 4.00667
33 45 35 38 0.586041 5.36988 9.16298
33 45 36 39 0.351175 4.96462 14.1372
33 45 37 40 0.255489 4.40667 17.248
33 45 38 41 0.251102 4.331 17.248
33 45 39 42 0.323043 4.56691 14.1372
33 45 40 43 0.569387 5.21728 9.16298
33 45 41 44 1.55563 6.2329 4.00667
33 55 34 39 1.71924 6.36769 3.70377
33 55 35 40 0.635628 5.34198 8.40426
33 55 36 41 0.361362 4.99824 13.8317
33 55 37 42 0.224422 4.39946 19.6035
33 55 38 43 0.16499 4.16298 25.2317
33 55 39 44 0.132425 3.99383 30.1593
33 55 40 45 0.115421 3.90498 33.8325
33 55 41 46 0.1075 3.84826 35.7978
33 55 42 47 0.105158 3.76441 35.7978
33 55 43 48 0.110901 3.75208 33.8325
33 55 44 49 0.127518 3.84584 30.1593
33 55 45 50 0.153831 3.88143 25.2317
33 55 46 51 0.211616 4.14842 19.6035
33 55 47 52 0.318498 4.40536 13.8317
33 55 48 53 0.583092 4.90046 8.40426
33 55 49 54 1.58666 5.87662 3.70377
34 46 35 38 1.45884 5.84509 4.00667
34 46 36 39 0.617219 5.65557 9.16298
34 46 37 40 0.337269 4.76803 14.1372
34 46 38 41 0.25512 4.4003 17.248
34 46 39 42 0.252595 4.35674 17.248
34 46 40 43 0.325535 4.60214 14.1372
34 46 41 44 0.547713 5.01868 9.16298
34 46 42 45 1.56001 6.25046 4.00667
34 56 35 40 1.56245 5.78695 3.70377
34 56 36 41 0.666665 5.60283 8.40426
34 56 37 42 0.346866 4.79774 13.8317
34 56 38 43 0.225506 4.42072 19.6035
34 56 39 44 0.165199 4.16825 25.2317
34 56 40 45 0.133117 4.01472 30.1593
34 56 41 46 0.115763 3.91654 33.8325
34 56 42 47 0.105867 3.78979 35.7978
34 56 43 48 0.104407 3.73752 35.7978
34 56 44 49 0.112246 3.79758 33.8325
34 56 45 50 0.125719 3.79159 30.1593
34 56 46 51 0.157593 3.97635 25.2317
34 56 47 52 0.211548 4.14709 19.6035
34 56 48 53 0.322343 4.45855 13.8317
34 56 49 54 0.585478 4.92051 8.40426
34 56 50 55 1.582 5.85938 3.70377
35 47 36 39 1.81738 7.28165 4.00667
35 47 37 40 0.619722 5.6785 9.16298
35 47 38 41 0.344796 4.87445 14.1372
35 47 39 42 0.262201 4.52244 17.248
35 47 40 43 0.258857 4.46475 17.248
35 47 41 44 0.324179 4.58297 14.1372
35 47 42 45 0.572735 5.24796 9.16298
35 47 43 46 1.60289 6.42224 4.00667
35 57 36 41 1.9232 7.1231 3.70377
35 57 37 42 0.670295 5.63334 8.40426
35 57 38 43 0.355894 4.92261 13.8317
35 57 39 44 0.229531 4.49962 19.6035
35 57 40 45 0.16794 4.23741 25.2317
35 57 41 46 0.134782 4.06493 30.1593
35 57 42 47 0.114416 3.871 33.8325
35 57 43 48 0.105085 3.76182 35.7978
35 57 44 49 0.105673 3.78287 35.7978
35 57 45 50 0.110438 3.73641 33.8325
35 57 46 51 0.127839 3.85554 30.1593
35 57 47 52 0.157002 3.96142 25.2317
35 57 48 53 0.212017 4.15629 19.6035
35 57 49 54 0.317109 4.38614 13.8317
35 57 50 55 0.571206 4.80057 8.40426
35 57 51 56 1.53598 5.68894 3.70377
36 48 37 40 1.50751 6.04011 4.00667
36 48 38 41 0.563032 5.15905 9.16298
36 48 39 42 0.329982 4.665 14.1372
36 48 40 43 0.256061 4.41652 17.248
36 48 41 44 0.250244 4.31619 17.248
36 48 42 45 0.323861 4.57848 14.1372
36 48 43 46 0.555263 5.08786 9.16298
36 48 44 47 1.48237 5.93938 4.00667
36 58 37 42 1.6072 5.9527 3.70377
36 58 38 43 0.612224 5.14529 8.40426
36 58 39 44 0.336246 4.65084 13.8317
36 58 40 45 0.22124 4.33709 19.6035
36 58 41 46 0.163916 4.13588 25.2317
36 58 42 47 0.129297 3.89951 30.1593
36 58 43 48 0.111 3.75542 33.8325
36 58 44 49 0.105 3.75878 35.7978
36 58 45 50 0.103214 3.69484 35.7978
36 58 46 51 0.111772 3.78155 33.8325
36 58 47 52 0.127981 3.85982 30.1593
36 58 48 53 0.158577 4.00118 25.2317
36 58 49 54 0.211441 4.145 19.6035
36 58 50 55 0.318262 4.40209 13.8317
36 58 51 56 0.5833 4.90221 8.40426
36 58 52 57 1.60006 5.92626 3.70377
37 49 38 41 1.55543 6.23208 4.00667
37 49 39 42 0.571432 5.23602 9.16298
37 49 40 43 0.332584 4.70179 14.1372
37 49 41 44 0.254723 4.39344 17.248
37 49 42 45 0.250527 4.32108 17.248
37 49 43 46 0.316954 4.48084 14.1372
37 49 44 47 0.537262 4.92292 9.16298
37 49 45 48 1.47448 5.90775 4.00667
37 59 38 43 1.65998 6.14818 3.70377
37 59 39 44 0.61689 5.18451 8.40426
37 59 40 45 0.337248 4.6647 13.8317
37 59 41 46 0.223262 4.37673 19.6035
37 59 42 47 0.160293 4.04445 25.2317
37 59 43 48 0.12681 3.8245 30.1593
37 59 44 49 0.112021 3.78997 33.8325
37 59 45 50 0.103122 3.69154 35.7978
37 59 46 51 0.104486 3.74036 35.7978
37 59 47 52 0.112076 3.79182 33.8325
37 59 48 53 0.128817 3.88502 30.1593
37 59 49 54 0.157242 3.96749 25.2317
37 59 50 55 0.2107 4.13046 19.6035
37 59 51 56 0.320943 4.43918 13.8317
37 59 52 57 0.601082 5.05165 8.40426
37 59 53 58 1.60004 5.92619 3.70377
38 50 39 42 1.51705 6.07831 4.00667
38 50 40 43 0.560503 5.13587 9.16298
38 50 41 44 0.331909 4.69226 14.1372
38 50 42 45 0.251844 4.34379 17.248
38 50 43 46 0.245691 4.23768 17.248
38 50 44 47 0.314954 4.45256 14.1372
38 50 45 48 0.543199 4.97732 9.16298
38 50 46 49 1.57093 6.29418 4.00667
38 60 39 44 1.61315 5.97474 3.70377
38 60 40 45 0.601302 5.0535 8.40426
38 60 41 46 0.337423 4.66712 13.8317
38 60 42 47 0.214876 4.21234 19.6035
38 60 43 48 0.154562 3.89985 25.2317
38 60 44 49 0.12671 3.82147 30.1593
38 60 45 50 0.109104 3.69128 33.8325
38 60 46 51 0.103687 3.71176 35.7978
38 60 47 52 0.104695 3.74783 35.7978
38 60 48 53 0.112712 3.81332 33.8325
38 60 49 54 0.127979 3.85977 30.1593
38 60 50 55 0.157352 3.97026 25.2317
38 60 51 56 0.21268 4.16929 19.6035
38 60 52 57 0.331166 4.58058 13.8317
38 60 53 58 0.606606 5.09808 8.40426
38 60 54 59 1.58433 5.86799 3.70377
39 51 40 43 1.50867 6.04473 4.00667
39 51 41 44 0.592687 5.43078 9.16298
39 51 42 45 0.332006 4.69363 14.1372
39 51 43 46 0.245306 4.23103 17.248
39 51 44 47 0.242264 4.17855 17.248
39 51 45 48 0.30727 4.34393 14.1372
39 51 46 49 0.538701 4.9361 9.16298
39 51 47 50 1.4233 5.70267 4.00667
39 61 40 45 1.60123 5.93061 3.70377
39 61 41 46 0.636719 5.35115 8.40426
39 61 42 47 0.334675 4.62912 13.8317
39 61 43 48 0.210539 4.12731 19.6035
39 61 44 49 0.156697 3.95374 25.2317
39 61 45 50 0.124367 3.75083 30.1593
39 61 46 51 0.11001 3.7219 33.8325
39 61 47 52 0.104171 3.72909 35.7978
39 61 48 53 0.104995 3.75859 35.7978
39 61 49 54 0.111448 3.77057 33.8325
39 61 50 55 0.127101 3.83328 30.1593
39 61 51 56 0.156315 3.94409 25.2317
39 61 52 57 0.214949 4.21377 19.6035
39 61 53 58 0.326966 4.52249 13.8317
39 61 54 59 0.596785 5.01553 8.40426
39 61 55 60 1.55216 5.74884 3.70377
40 52 41 44 1.7444 6.98922 4.00667
40 52 42 45 0.605209 5.54552 9.16298
40 52 43 46 0.327638 4.63187 14.1372
40 52 44 47 0.2492 4.29819 17.248
40 52 45 48 0.242247 4.17826 17.248
40 52 46 49 0.315319 4.45772 14.1372
40 52 47 50 0.538004 4.92972 9.16298
40 52 48 51 1.59061 6.37306 4.00667
40 62 41 46 1.84374 6.82879 3.70377
40 62 42 47 0.646617 5.43434 8.40426
40 62 43 48 0.331767 4.5889 13.8317
40 62 44 49 0.216956 4.25311 19.6035
40 62 45 50 0.15571 3.92882 25.2317
40 62 46 51 0.126798 3.82415 30.1593
40 62 47 52 0.112098 3.79256 33.8325
40 62 48 53 0.105713 3.7843 35.7978
40 62 49 54 0.105277 3.76867 35.7978
40 62 50 55 0.112459 3.80479 33.8325
40 62 51 56 0.128025 3.86114 30.1593
40 62 52 57 0.160682 4.05429 25.2317
40 62 53 58 0.217202 4.25792 19.6035
40 62 54 59 0.333146 4.60797 13.8317
40 62 55 60 0.599349 5.03709 8.40426
40 62 56 61 1.63927 6.0715 3.70377
41 53 42 45 1.61714 6.47936 4.00667
41 53 43 46 0.561271 5.14292 9.16298
41 53 44 47 0.322589 4.5605 14.1372
41 53 45 48 0.240557 4.14912 17.248
41 53 46 49 0.239144 4.12474 17.248
41 53 47 50 0.30338 4.28894 14.1372
41 53 48 51 0.540068 4.94863 9.16298
41 53 49 52 1.44887 5.80516 4.00667
41 63 42 47 1.7092 6.3305 3.70377
41 63 43 48 0.603194 5.0694 8.40426
41 63 44 49 0.329813 4.56187 13.8317
41 63 45 50 0.209515 4.10723 19.6035
41 63 46 51 0.155523 3.9241 25.2317
41 63 47 52 0.127608 3.84858 30.1593
41 63 48 53 0.112299 3.79937 33.8325
41 63 49 54 0.104868 3.75405 35.7978
41 63 50 55 0.105121 3.76311 35.7978
41 63 51 56 0.111469 3.77128 33.8325
41 63 52 57 0.129137 3.89467 30.1593
41 63 53 58 0.158812 4.0071 25.2317
41 63 54 59 0.215881 4.23204 19.6035
41 63 55 60 0.322551 4.46142 13.8317
41 63 56 61 0.584535 4.91259 8.40426
41 63 57 62 1.46494 5.42581 3.70377
42 54 43 46 1.61176 6.45778 4.00667
42 54 44 47 0.573436 5.25438 9.16298
42 54 45 48 0.314378 4.44442 14.1372
42 54 46 49 0.241166 4.15962 17.248
42 54 47 50 0.238678 4.1167 17.248
42 54 48 51 0.313255 4.42853 14.1372
42 54 49 52 0.527906 4.83719 9.16298
42 54 50 53 1.4369 5.75718 4.00667
42 64 43 48 1.70325 6.30844 3.70377
42 64 44 49 0.617667 5.19104 8.40426
42 64 45 50 0.320498 4.43302 13.8317
42 64 46 51 0.210152 4.11972 19.6035
42 64 47 52 0.157724 3.97964 25.2317
42 64 48 53 0.128503 3.87556 30.1593
42 64 49 54 0.112377 3.802 33.8325
42 64 50 55 0.106031 3.79566 35.7978
42 64 51 56 0.105483 3.77604 35.7978
42 64 52 57 0.114372 3.86949 33.8325
42 64 53 58 0.130721 3.94244 30.1593
42 64 54 59 0.163525 4.12602 25.2317
42 64 55 60 0.219809 4.30903 19.6035
42 64 56 61 0.334816 4.63107 13.8317
42 64 57 62 0.592378 4.9785 8.40426
42 64 58 63 1.68222 6.23055 3.70377
43 55 44 47 1.72439 6.90905 4.00667
43 55 45 48 0.563658 5.16479 9.16298
43 55 46 49 0.318097 4.497 14.1372
43 55 47 50 0.244972 4.22527 17.248
43 55 48 51 0.24664 4.25404 17.248
43 55 49 52 0.313204 4.42782 14.1372
43 55 50 53 0.543942 4.98413 9.16298
43 55 51 54 1.49489 5.98954 4.00667
44 56 45 48 1.55317 6.22303 4.00667
44 56 46 49 0.544069 4.98529 9.16298
44 56 47 50 0.316446 4.47365 14.1372
44 56 48 51 0.24537 4.23213 17.248
44 56 49 52 0.243309 4.19659 17.248
44 56 50 53 0.319182 4.51233 14.1372
44 56 51 54 0.541532 4.96204 9.16298
44 56 52 55 1.48687 5.95739 4.00667
45 57 46 49 1.55327 6.22344 4.00667
45 57 47 50 0.566481 5.19066 9.16298
45 57 48 51 0.321118 4.5397 14.1372
45 57 49 52 0.244837 4.22294 17.248
45 57 50 53 0.248675 4.28914 17.248
45 57 51 54 0.31133 4.40132 14.1372
45 57 52 55 0.527658 4.83492 9.16298
45 57 53 56 1.44026 5.77064 4.00667
46 58 47 50 1.59931 6.40791 4.00667
46 58 48 51 0.55716 5.10524 9.16298
46 58 49 52 0.317145 4.48353 14.1372
46 58 50 53 0.251011 4.32943 17.248
46 58 51 54 0.24441 4.21558 17.248
46 58 52 55 0.312161 4.41307 14.1372
46 58 53 56 0.538857 4.93754 9.16298
46 58 54 57 1.50681 6.03728 4.00667
47 59 48 51 1.48517 5.95058 4.00667
47 59 49 52 0.537082 4.92127 9.16298
47 59 50 53 0.320024 4.52424 14.1372
47 59 51 54 0.242504 4.1827 17.248
47 59 52 55 0.242259 4.17848 17.248
47 59 53 56 0.312673 4.42031 14.1372
47 59 54 57 0.557309 5.10661 9.16298
47 59 55 58 1.50965 6.04867 4.00667
48 60 49 52 1.47884 5.92521 4.00667
48 60 50 53 0.552668 5.06408 9.16298
48 60 51 54 0.311696 4.4065 14.1372
48 60 52 55 0.243314 4.19667 17.248
48 60 53 56 0.24189 4.1721 17.248
48 60 54 57 0.32407 4.58144 14.1372
48 60 55 58 0.565238 5.17926 9.16298
48 60 56 59 1.49007 5.97022 4.00667
49 61 50 53 1.58136 6.33599 4.00667
49 61 51 54 0.542623 4.97204 9.16298
49 61 52 55 0.316399 4.47298 14.1372
49 61 53 56 0.239124 4.1244 17.248
49 61 54 57 0.246412 4.2501 17.248
49 61 55 58 0.323429 4.57237 14.1372
49 61 56 59 0.555168 5.08699 9.16298
49 61 57 60 1.45551 5.83173 4.00667
50 62 51 54 1.42733 5.71882 4.00667
50 62 52 55 0.539647 4.94478 9.16298
50 62 53 56 0.30278 4.28045 14.1372
50 62 54 57 0.242286 4.17893 17.248
50 62 55 58 0.249776 4.30813 17.248
50 62 56 59 0.327227 4.62607 14.1372
50 62 57 60 0.552214 5.05993 9.16298
50 62 58 61 1.54015 6.17087 4.00667
51 63 52 55 1.58752 6.36067 4.00667
51 63 53 56 0.535137 4.90345 9.16298
51 63 54 57 0.312843 4.42271 14.1372
51 63 55 58 0.247908 4.27591 17.248
51 63 56 59 0.250472 4.32012 17.248
51 63 57 60 0.315333 4.45792 14.1372
51 63 58 61 0.539982 4.94784 9.16298
51 63 59 62 1.36965 5.48772 4.00667
52 64 53 56 1.44607 5.79392 4.00667
52 64 54 57 0.528978 4.84701 9.16298
52 64 55 58 0.316487 4.47423 14.1372
52 64 56 59 0.250909 4.32767 17.248
52 64 57 60 0.249895 4.31018 17.248
52 64 58 61 0.326717 4.61886 14.1372
52 64 59 62 0.545043 4.99422 9.16298
52 64 60 63 1.58458 6.34889 4.00667
