64
# x y z
0.0 0.0 0.0
0.5 0.0 0.0
1.0 0.0 0.0
1.5 0.0 0.0
2.0 0.0 0.0
2.5 0.0 0.0
3.0 0.0 0.0
3.5 0.0 0.0
4.0 0.0 0.0
4.5 0.0 0.0
5.0 0.0 0.0
5.5 0.0 0.0
6.0 0.0 0.0
6.5 0.0 0.0
7.0 0.0 0.0
7.5 0.0 0.0
8.0 0.0 0.0
8.5 0.0 0.0
9.0 0.0 0.0
9.5 0.0 0.0
10.0 0.0 0.0
10.5 0.0 0.0
11.0 0.0 0.0
11.5 0.0 0.0
12.0 0.0 0.0
12.5 0.0 0.0
13.0 0.0 0.0
13.5 0.0 0.0
14.0 0.0 0.0
14.5 0.0 0.0
15.0 0.0 0.0
15.5 0.0 0.0
16.0 0.0 0.0
16.5 0.0 0.0
17.0 0.0 0.0
17.5 0.0 0.0
18.0 0.0 0.0
18.5 0.0 0.0
19.0 0.0 0.0
19.5 0.0 0.0
20.0 0.0 0.0
20.5 0.0 0.0
21.0 0.0 0.0
21.5 0.0 0.0
22.0 0.0 0.0
22.5 0.0 0.0
23.0 0.0 0.0
23.5 0.0 0.0
24.0 0.0 0.0
24.5 0.0 0.0
25.0 0.0 0.0
25.5 0.0 0.0
26.0 0.0 0.0
26.5 0.0 0.0
27.0 0.0 0.0
27.5 0.0 0.0
28.0 0.0 0.0
28.5 0.0 0.0
29.0 0.0 0.0
29.5 0.0 0.0
30.0 0.0 0.0
30.5 0.0 0.0
31.0 0.0 0.0
31.5 0.0 0.0
1400
# a b m n r rhoa
1 13 2 5 1.74609946 6.99604238790773
1 13 3 6 0.662214054 6.0678531875217505
1 13 4 7 0.41231381 5.8289491641132924
1 13 5 8 0.29855334 5.149435966698724
1 13 6 9 0.267138568 4.6075952463020275
1 13 7 10 0.390604407 5.5220397097095
1 13 8 11 0.736262958 6.74636170822568
1 13 9 12 2.18083818 8.737896493277391
1 23 2 7 1.86849154 6.920467379791288
1 23 3 8 0.717022905 6.0260473511943795
1 23 4 9 0.405752662 5.6122386015268315
1 23 5 10 0.257183392 5.041704438778823
1 23 6 11 0.186276935 4.7000816971638395
1 23 7 12 0.142976343 4.312064916536968
1 23 8 13 0.126923397 4.294140432441573
1 23 9 14 0.124033188 4.440110957494507
1 23 10 15 0.112498812 4.027206072187022
1 23 11 16 0.127814133 4.324276290468058
1 23 12 17 0.149013675 4.494146559978401
1 23 13 18 0.187282133 4.7254445405122425
1 23 14 19 0.26583634 5.211332835079476
1 23 15 20 0.383956525 5.310761537069354
1 23 16 21 0.802505497 6.744465331293396
1 23 17 22 2.32537753 8.612669095662396
1 57 4 16 0.473792772 5.468494201363477
1 57 5 17 0.303544656 4.93412043671185
1 57 6 18 0.217389897 4.639305161279051
1 57 7 19 0.162343452 4.343272228268668
1 57 8 20 0.130661104 4.238591463710525
1 57 9 21 0.114320328 4.38282186224675
1 57 10 22 0.09485823 4.209902312404925
1 57 11 23 0.082573107 4.169383394275249
1 57 12 24 0.073586371 4.164503343187288
1 57 13 25 0.065480718 4.098749286930902
1 57 14 26 0.060682523 4.151081307310902
1 57 15 27 0.057525608 4.253199439974271
1 57 16 28 0.052513576 4.153256761027131
1 57 17 29 0.04955609 4.151601287590255
1 57 18 30 0.047483153 4.17420695162599
1 57 19 31 0.045462664 4.155763817479737
1 57 20 32 0.044548181 4.196910950888026
1 57 21 33 0.043539697 4.190828698255423
1 57 22 34 0.043048234 4.197022215720173
1 57 23 35 0.042961965 4.2065336347325335
1 57 24 36 0.043141515 4.206116721880509
1 57 25 37 0.044033741 4.238381940837724
1 57 26 38 0.043658423 4.113086314056273
1 57 27 39 0.045386596 4.148810405289284
1 57 28 40 0.047522934 4.1777040683137265
1 57 29 41 0.049568459 4.1526375105111155
1 57 30 42 0.053192763 4.206973118103094
1 57 31 43 0.056931023 4.20923834722029
1 57 32 44 0.060618781 4.146720937774339
1 57 33 45 0.066215525 4.144744348672312
1 57 34 46 0.073826505 4.178093344055967
1 57 35 47 0.082533614 4.167389264898596
1 57 36 48 0.095273812 4.228346253671738
1 57 37 49 0.110759435 4.246304062109566
1 57 38 50 0.130336073 4.228047594266093
1 57 39 51 0.165885198 4.438026693889996
1 57 40 52 0.216983551 4.630633354902211
1 57 41 53 0.305451696 4.965119384812675
1 57 42 54 0.469682697 5.421055906326193
2 14 3 6 1.82417879 7.308880410490611
2 14 4 7 0.729530768 6.684674795506517
2 14 5 8 0.39718601 5.615084930060902
2 14 6 9 0.27844471 4.8026031275047725
2 14 7 10 0.289117843 4.986692895006818
2 14 8 11 0.393709018 5.565930113703844
2 14 9 12 0.707306199 6.481031545966018
2 14 10 13 1.81593422 7.2758471483475295
2 24 3 8 1.94506218 7.204067602230476
2 24 4 9 0.767342831 6.4489491227697195
2 24 5 10 0.400619677 5.541240825650113
2 24 6 11 0.25653014 5.028898388269772
2 24 7 12 0.178114697 4.494134646168528
2 24 8 13 0.145464912 4.387118389385141
2 24 9 14 0.133887559 4.5297556958927485
2 24 10 15 0.113709773 4.070555769892111
2 24 11 16 0.119142695 4.265042236719143
2 24 12 17 0.129310041 4.374886652133786
2 24 13 18 0.149428092 4.50664508224454
2 24 14 19 0.194022493 4.895515207974617
2 24 15 20 0.255602702 5.010717322047221
2 24 16 21 0.430149668 5.949690038468684
2 24 17 22 0.873609919 7.342045423733132
2 24 18 23 2.6223741 9.712676792028471
2 58 5 17 0.464400981 5.360094585204036
2 58 6 18 0.302037058 4.9096144210231865
2 58 7 19 0.210534587 4.493006388870286
2 58 8 20 0.162090966 4.336517318117893
2 58 9 21 0.1379714 4.475734402766031
2 58 10 22 0.111199766 4.263185507143777
2 58 11 23 0.094726925 4.204074866297925
2 58 12 24 0.083072934 4.194621277037858
2 58 13 25 0.072693379 4.113965884702762
2 58 14 26 0.066444213 4.1590590172581035
2 58 15 27 0.062392286 4.268040274709667
2 58 16 28 0.056242754 4.158350656900674
2 58 17 29 0.052521753 4.153903473422702
2 58 18 30 0.04980072 4.172095362546193
2 58 19 31 0.047222754 4.151315478601938
2 58 20 32 0.045876001 4.193547149952854
2 58 21 33 0.044430996 4.185870881490359
2 58 22 34 0.043545831 4.191419114473411
2 58 23 35 0.043058769 4.198049334022926
2 58 24 36 0.042913912 4.201828622735299
2 58 25 37 0.043432115 4.234449002732919
2 58 26 38 0.042697584 4.10977275228561
2 58 27 39 0.04407921 4.152728910648293
2 58 28 40 0.04568559 4.176141589551683
2 58 29 41 0.047249864 4.153698697560851
2 58 30 42 0.050152314 4.201550432611427
2 58 31 43 0.053093218 4.199100183601805
2 58 32 44 0.056013463 4.141397852980877
2 58 33 45 0.060426809 4.1335887978874215
2 58 34 46 0.066389996 4.155665317603046
2 58 35 47 0.07309989 4.136971726620722
2 58 36 48 0.082842522 4.182987029502014
2 58 37 49 0.094287848 4.184588193632583
2 58 38 50 0.108500726 4.1597094961312955
2 58 39 51 0.133176812 4.320199977090209
2 58 40 52 0.166466641 4.453582388949512
2 58 41 53 0.21956879 4.685804790195913
2 58 42 54 0.306081506 4.975356950623241
2 58 43 55 0.452349263 5.2209942149698785
3 15 4 7 2.16829967 8.687658835314194
3 15 5 8 0.719310503 6.591026726301439
3 15 6 9 0.382390712 5.405921332290778
3 15 7 10 0.296480726 5.113687604021947
3 15 8 11 0.318970746 5.5015945618867415
3 15 9 12 0.457636835 6.469688334816394
3 15 10 13 0.810056618 7.42253143362673
3 15 11 14 2.33511095 9.356016401647295
3 25 4 9 2.25994936 8.370338045983445
3 25 5 10 0.760003557 6.387267951444531
3 25 6 11 0.396839675 5.488957069744036
3 25 7 12 0.240500858 4.7146677469310125
3 25 8 13 0.177612247 4.481456984015992
3 25 9 14 0.153023909 4.615092368044731
3 25 10 15 0.121392497 4.10701605758899
3 25 11 16 0.117555543 4.208225741875768
3 25 12 17 0.119057104 4.261978270186549
3 25 13 18 0.127096759 4.3000057085943135
3 25 14 19 0.151921643 4.5818488086728735
3 25 15 20 0.185310086 4.675686463858003
3 25 16 21 0.265817193 5.210957486134357
3 25 17 22 0.438693894 6.06787098826457
3 25 18 23 0.873530831 7.341380747570644
3 25 19 24 2.3892798 8.849348559049004
3 59 6 18 0.458539721 5.292444194111359
3 59 7 19 0.28671487 4.660552151430995
3 59 8 20 0.206691543 4.4109922101514725
3 59 9 21 0.169748583 4.541386161554942
3 59 10 22 0.132064065 4.28410293067715
3 59 11 23 0.109609309 4.202210439695025
3 59 12 24 0.094295629 4.184933522128516
3 59 13 25 0.081073594 4.093668130203861
3 59 14 26 0.073012772 4.13204142230864
3 59 15 27 0.067922607 4.251598722661194
3 59 16 28 0.060398281 4.13163729617523
3 59 17 29 0.055828838 4.127747463634183
3 59 18 30 0.052415597 4.145507680214416
3 59 19 31 0.049177198 4.119859305624816
3 59 20 32 0.047406498 4.167468270353563
3 59 21 33 0.045483286 4.157648884343484
3 59 22 34 0.044177478 4.161986798087555
3 59 23 35 0.043307147 4.168445051125786
3 59 24 36 0.042823178 4.1750801998925064
3 59 25 37 0.042999835 4.210241598945701
3 59 26 38 0.041952033 4.090147217087368
3 59 27 39 0.042970197 4.1360125854180625
3 59 28 40 0.044151221 4.159513110310326
3 59 29 41 0.045244943 4.135861836942356
3 59 30 42 0.047513121 4.176841415136161
3 59 31 43 0.049804143 4.172382127123613
3 59 32 44 0.052072418 4.11836592734669
3 59 33 45 0.055577644 4.109175244803834
3 59 34 46 0.060289911 4.124224079666853
3 59 35 47 0.06543155 4.095671628177377
3 59 36 48 0.073027187 4.132857216250863
3 59 37 49 0.081622872 4.121402953989053
3 59 38 50 0.092262476 4.094700175837182
3 59 39 51 0.11003197 4.2184144508584565
3 59 40 52 0.132749182 4.30632783907715
3 59 41 53 0.167067776 4.469664915954914
3 59 42 54 0.217873177 4.649618811679939
3 59 43 55 0.29356331 4.771873589959614
3 59 44 56 0.440309132 5.082027581352351
4 16 5 8 2.10384356 8.429404544507848
4 16 6 9 0.69933472 6.407989054694135
4 16 7 10 0.37440225 5.292987111393712
4 16 8 11 0.29328027 5.058486268018682
4 16 9 12 0.322194962 5.5572057094116865
4 16 10 13 0.411403328 5.816077528082377
4 16 11 14 0.683961591 6.267125403067628
4 16 12 15 1.52869672 6.124981592615299
4 26 5 10 2.20558766 8.168994682362971
4 26 6 11 0.763796546 6.419145219460899
4 26 7 12 0.375448775 5.193085111419336
4 26 8 13 0.240797056 4.720474275726454
4 26 9 14 0.190816499 4.814622564338317
4 26 10 15 0.139718681 4.213816145269014
4 26 11 16 0.124349369 4.2070545367730485
4 26 12 17 0.116917821 4.185396719372248
4 26 13 18 0.114967043 4.115563226311994
4 26 14 19 0.126451743 4.278183181379952
4 26 15 20 0.14340408 4.324965160538906
4 26 16 21 0.179343564 4.5251410361703215
4 26 17 22 0.252098407 4.94202074129643
4 26 18 23 0.394743289 5.459960541723968
4 26 19 24 0.677983439 5.697949505169024
4 26 20 25 1.52113557 5.633939928047641
4 60 7 19 0.439362139 5.071097432064992
4 60 8 20 0.284559241 4.625512387453504
4 60 9 21 0.221164543 4.7198596622538656
4 60 10 22 0.16391727 4.385377529884093
4 60 11 23 0.131433161 4.263636669280638
4 60 12 24 0.110277322 4.227820775423462
4 60 13 25 0.092692801 4.1137984260637115
4 60 14 26 0.081949297 4.137885208610721
4 60 15 27 0.075319631 4.26259442943766
4 60 16 28 0.065897874 4.124861063187524
4 60 17 29 0.060182919 4.116905127367662
4 60 18 30 0.055880296 4.1315520498765785
4 60 19 31 0.051841776 4.100124635878045
4 60 20 32 0.04952608 4.149087175709342
4 60 21 33 0.047073719 4.138213927973327
4 60 22 34 0.045309897 4.1417993130876285
4 60 23 35 0.044033042 4.148379395574253
4 60 24 36 0.043197482 4.157889460231477
4 60 25 37 0.043000515 4.1923698134146115
4 60 26 38 0.041627204 4.075843219598374
4 60 27 39 0.042321312 4.126150370359554
4 60 28 40 0.043071124 4.14572711714824
4 60 29 41 0.043775167 4.124084836578448
4 60 30 42 0.045546497 4.16342703202675
4 60 31 43 0.047312029 4.1591635742329585
4 60 32 44 0.049043298 4.1086417254563985
4 60 33 45 0.051766522 4.094172857155257
4 60 34 46 0.055512477 4.10435707325309
4 60 35 47 0.059483928 4.069089573059236
4 60 36 48 0.065422406 4.095099261767471
4 60 37 49 0.071993508 4.07435780130781
4 60 38 50 0.080021388 4.040538844130651
4 60 39 51 0.093151125 4.134139299675106
4 60 40 52 0.109282102 4.189665951604682
4 60 41 53 0.13270152 4.30478170376864
4 60 42 54 0.165049046 4.415656615420731
4 60 43 55 0.209314064 4.466959278441047
4 60 44 56 0.284808171 4.629558746287476
4 60 45 57 0.44776045 5.168030348138998
5 17 6 9 2.23433413 8.952237051965493
5 17 7 10 0.699811124 6.412354334338213
5 17 8 11 0.381926107 5.399353133844083
5 17 9 12 0.325199026 5.609019684120075
5 17 10 13 0.314774598 5.429219570426954
5 17 11 14 0.398535598 5.63416428091868
5 17 12 15 0.608362131 5.574409170959509
5 17 13 16 2.25723759 9.044003632656006
5 27 6 11 2.37080461 8.780920660397427
5 27 7 12 0.750132799 6.304311528873649
5 27 8 13 0.382538635 5.291149744625417
5 27 9 14 0.271058192 5.313699610018995
5 27 10 15 0.179933 4.54001350202472
5 27 11 16 0.146905394 4.4305623030058925
5 27 12 17 0.129155661 4.3696635851845125
5 27 13 18 0.118402277 4.238536926907012
5 27 14 19 0.122080738 4.370217610570616
5 27 15 20 0.131820058 4.459806893323169
5 27 16 21 0.152224418 4.590980287543504
5 27 17 22 0.197496674 4.9831746625964914
5 27 18 23 0.281057742 5.509726170010827
5 27 19 24 0.423169608 5.853144123082987
5 27 20 25 0.739458225 6.214599627162744
5 27 21 26 2.46556372 9.131886835868071
5 61 8 20 0.443682478 5.120962584438875
5 61 9 21 0.3156274 5.130525522169712
5 61 10 22 0.216923239 4.6293462400144065
5 61 11 23 0.166018108 4.441582515235098
5 61 12 24 0.134701356 4.369655545630722
5 61 13 25 0.109879502 4.212569120501347
5 61 14 26 0.094916513 4.21248896974055
5 61 15 27 0.086005936 4.3427180397547565
5 61 16 28 0.073831497 4.178375858336896
5 61 17 29 0.066456016 4.159797823112884
5 61 18 30 0.060881408 4.164686341594076
5 61 19 31 0.055795882 4.125310836788904
5 61 20 32 0.052796578 4.175639163053689
5 61 21 33 0.049616801 4.156687400432711
5 61 22 34 0.047293676 4.157550176315108
5 61 23 35 0.045458763 4.155407225207625
5 61 24 36 0.044227097 4.166661433949165
5 61 25 37 0.043641692 4.200646028244617
5 61 26 38 0.041889094 4.084010928633927
5 61 27 39 0.042280954 4.139853824413736
5 61 28 40 0.042650048 4.1582007512208685
5 61 29 41 0.042957779 4.134817315024359
5 61 30 42 0.044286142 4.172224098945413
5 61 31 43 0.04551036 4.160123731607041
5 61 32 44 0.046753341 4.110049747832466
5 61 33 45 0.048859831 4.093271630006368
5 61 34 46 0.051823089 4.09864669598126
5 61 35 47 0.05494015 4.062041642603802
5 61 36 48 0.05969374 4.083442085581655
5 61 37 49 0.06477911 4.05483230835249
5 61 38 50 0.071095996 4.023564540629814
5 61 39 51 0.081241858 4.102164324097284
5 61 40 52 0.093208639 4.1366918280281615
5 61 41 53 0.110131066 4.222213601218322
5 61 42 54 0.132185309 4.288036035233087
5 61 43 55 0.160709201 4.299550126176615
5 61 44 56 0.205473156 4.38499068397413
5 61 45 57 0.288336235 4.686907450474274
5 61 46 58 0.440345915 5.082452129032467
6 18 7 10 2.02343879 8.107249253817837
6 18 8 11 0.650672812 5.962101034370288
6 18 9 12 0.422155542 5.968083372387391
6 18 10 13 0.309236836 5.3337044748067965
6 18 11 14 0.305069791 5.261831450717191
6 18 12 15 0.361640703 5.112574991027328
6 18 13 16 0.807157353 7.395965530554369
6 18 14 17 2.41478503 9.675244059444953
6 28 7 12 2.13585984 7.910738707720475
6 28 8 13 0.6989289 5.873980617841212
6 28 9 14 0.420315054 5.813660862344841
6 28 10 15 0.246862435 4.839377164398114
6 28 11 16 0.182369296 4.601485365078905
6 28 12 17 0.148612781 4.482055881783826
6 28 13 18 0.126134208 4.267440166975638
6 28 14 19 0.121067864 4.333958984806991
6 28 15 20 0.123816746 4.432362817570359
6 28 16 21 0.131143431 4.436914885804795
6 28 17 22 0.156301001 4.713927134307174
6 28 18 23 0.202932296 5.120324586578766
6 28 19 24 0.274483209 5.380842061471665
6 28 20 25 0.416584948 5.762067251651569
6 28 21 26 0.89577676 7.528341332219342
6 28 22 27 2.47730525 9.175374790517223
6 62 9 21 0.482377206 5.567575340471668
6 62 10 22 0.299113954 4.862099345728848
6 62 11 23 0.215015962 4.58864315237235
6 62 12 24 0.167623768 4.484539705070151
6 62 13 25 0.132059153 4.283943587455393
6 62 14 26 0.111094906 4.25916537609171
6 62 15 27 0.099095523 4.397957577604762
6 62 16 28 0.08333944 4.208078027440561
6 62 17 29 0.073815327 4.177460742967783
6 62 18 30 0.066723465 4.176538726870848
6 62 19 31 0.060330368 4.12699160296924
6 62 20 32 0.05655699 4.181583933795718
6 62 21 33 0.052593161 4.159551075078918
6 62 22 34 0.049623252 4.157227838144932
6 62 23 35 0.047256359 4.15426966794588
6 62 24 36 0.045576463 4.1661662383907805
6 62 25 37 0.044596255 4.201440031369517
6 62 26 38 0.042480023 4.088831842145121
6 62 27 39 0.042588097 4.152160788622494
6 62 28 40 0.042619895 4.173040544729948
6 62 29 41 0.042603392 4.153651986955727
6 62 30 42 0.043531905 4.190078694478023
6 62 31 43 0.044406844 4.1835955070303825
6 62 32 44 0.045336299 4.144212732510412
6 62 33 45 0.046925183 4.1251562440455825
6 62 34 46 0.04932827 4.132515483901167
6 62 35 47 0.051801467 4.0969366292799
6 62 36 48 0.055755625 4.122334404973442
6 62 37 49 0.059863312 4.095041919020408
6 62 38 50 0.065012225 4.069424083904233
6 62 39 51 0.073263404 4.146225540749672
6 62 40 52 0.082698168 4.175698128885773
6 62 41 53 0.095901268 4.256193373160815
6 62 42 54 0.112421597 4.310028161573274
6 62 43 55 0.133026714 4.315330860864771
6 62 44 56 0.164098093 4.390215196599054
6 62 45 57 0.217067009 4.6324144272312076
6 62 46 58 0.303696191 4.93658363916196
6 62 47 59 0.472808267 5.45713109031181
7 19 8 11 1.80037666 7.213513156667343
7 19 9 12 0.754515297 6.913607499389269
7 19 10 13 0.396265719 5.60207462255946
7 19 11 14 0.297095133 5.124284871176926
7 19 12 15 0.273211696 4.712344313097144
7 19 13 16 0.410283711 5.800249315643223
7 19 14 17 0.755040952 6.918424064891044
7 19 15 18 2.45208781 9.824703947638719
7 29 8 13 1.9149549 7.092557089780287
7 29 9 14 0.806309808 6.7764377523483
7 29 10 15 0.388405417 5.372297161489789
7 29 11 16 0.252046386 4.941000945637891
7 29 12 17 0.187797164 4.73843964254445
7 29 13 18 0.146204307 4.409418017226111
7 29 14 19 0.129944623 4.396356170664713
7 29 15 20 0.125691968 4.499491574673133
7 29 16 21 0.12223489 4.375735907692187
7 29 17 22 0.134306773 4.5439387687524
7 29 18 23 0.160174723 4.830755837448766
7 29 19 24 0.197685823 4.987947211344606
7 29 20 25 0.270378843 5.300381965974624
7 29 21 26 0.461317698 6.380796072961062
7 29 22 27 0.846678526 7.115706978587332
7 29 23 28 2.52076686 9.336346701729735
7 63 10 22 0.460003467 5.309338682559294
7 63 11 23 0.300113422 4.878345704830092
7 63 12 24 0.220597307 4.7077543117349165
7 63 13 25 0.165735556 4.434023231263227
7 63 14 26 0.134631957 4.367404271150521
7 63 15 27 0.117635971 4.509937248303073
7 63 16 28 0.09643961 4.280085524961082
7 63 17 29 0.083854391 4.234079569907232
7 63 18 30 0.074473092 4.214685904425081
7 63 19 31 0.066290836 4.149458422020562
7 63 20 32 0.061411054 4.2009175907478395
7 63 21 33 0.056440701 4.1729860184173155
7 63 22 34 0.05266619 4.165326880329755
7 63 23 35 0.049580683 4.153661585940381
7 63 24 36 0.047382455 4.165354668972923
7 63 25 37 0.045915084 4.197119745638812
7 63 26 38 0.0433944 4.088212548279252
7 63 27 39 0.043184875 4.156675998011036
7 63 28 40 0.042816857 4.174463928910853
7 63 29 41 0.042451085 4.156511856089211
7 63 30 42 0.042974566 4.189839894777863
7 63 31 43 0.043435499 4.1807993227937414
7 63 32 44 0.044016501 4.146821058006246
7 63 33 45 0.045176937 4.1296453760202345
7 63 34 46 0.046996805 4.131452478212875
7 63 35 47 0.048856915 4.093027339761624
7 63 36 48 0.052027656 4.114825736537039
7 63 37 49 0.055265299 4.086081780427433
7 63 38 50 0.0594055 4.063724585107601
7 63 39 51 0.065983139 4.1301982046945875
7 63 40 52 0.073312049 4.148978526966771
7 63 41 53 0.083465757 4.214456181555734
7 63 42 54 0.09576169 4.249998763109996
7 63 43 55 0.110588689 4.239757988329134
7 63 44 56 0.132262356 4.290535407628597
7 63 45 57 0.167056341 4.4693589885071585
7 63 46 58 0.219494462 4.684218560666453
7 63 47 59 0.310063194 5.040079315998733
7 63 48 60 0.479379786 5.532979257842846
8 20 9 12 2.06159405 8.260124747108259
8 20 10 13 0.658682914 6.035497427363593
8 20 11 14 0.374510002 5.294510419405956
8 20 12 15 0.277205523 4.781229680109191
8 20 13 16 0.305079093 5.2619918912380115
8 20 14 17 0.418007051 5.909435462566516
8 20 15 18 0.80642345 7.38924079309073
8 20 16 19 2.23152717 8.940990492653711
8 30 9 14 2.17222605 8.045430872305623
8 30 10 15 0.691400013 5.810705889450504
8 30 11 16 0.372659659 5.154506967773451
8 30 12 17 0.249515496 4.891386546948178
8 30 13 18 0.177316286 4.47398938809933
8 30 14 19 0.145811431 4.397569156214542
8 30 15 20 0.133797241 4.526700008881966
8 30 16 21 0.120204004 4.303034727246658
8 30 17 22 0.122545063 4.386839407958735
8 30 18 23 0.135301513 4.577593345881052
8 30 19 24 0.153978857 4.6438929212097895
8 30 20 25 0.193943923 4.893532754167621
8 30 21 26 0.285655166 5.599851946825173
8 30 22 27 0.430729637 5.957711980686993
8 30 23 28 0.865728765 7.275810151672952
8 30 24 29 2.43736266 9.027436528426199
8 64 11 23 0.437394576 5.0483879111685495
8 64 12 24 0.296318834 4.8166646512203
8 64 13 25 0.209689105 4.474963006631743
8 64 14 26 0.163520667 4.374766970761893
8 64 15 27 0.139696316 4.531689955026003
8 64 16 28 0.111398448 4.27080259352263
8 64 17 29 0.094997472 4.216082010442553
8 64 18 30 0.083068861 4.194415618086876
8 64 19 31 0.072811813 4.120668468105699
8 64 20 32 0.066701759 4.175180045189591
8 64 21 33 0.060580439 4.144098094299546
8 64 22 34 0.055953922 4.136995644005432
8 64 23 35 0.052142783 4.123931038966392
8 64 24 36 0.049398977 4.138439019681363
8 64 25 37 0.04745691 4.1718999499609675
8 64 26 38 0.044429767 4.0613462096646
8 64 27 39 0.043870554 4.133071303273292
8 64 28 40 0.043131657 4.151553603115551
8 64 29 41 0.042430817 4.1368266484557115
8 64 30 42 0.042596801 4.170779342576822
8 64 31 43 0.042697822 4.16285851579569
8 64 32 44 0.042942323 4.133329627860154
8 64 33 45 0.043717721 4.118672814334831
8 64 34 46 0.045099473 4.122564354803412
8 64 35 47 0.046452583 4.083610346591417
8 64 36 48 0.049001167 4.105112167054042
8 64 37 49 0.051522213 4.074850653578228
8 64 38 50 0.054898619 4.058971016632468
8 64 39 51 0.060228085 4.119994777056844
8 64 40 52 0.065967638 4.129227923447875
8 64 41 53 0.073976229 4.1865667351212155
8 64 42 54 0.083260739 4.20410415925957
8 64 43 55 0.094267354 4.183678649589957
8 64 44 56 0.110080873 4.220289297976891
8 64 45 57 0.134246152 4.354888918611813
8 64 46 58 0.168742125 4.514459784011122
8 64 47 59 0.223805044 4.776210440678783
8 64 48 60 0.315198531 5.123554253673481
8 64 49 61 0.47640658 5.4986626520790525
9 21 10 13 1.59949493 6.408646578198649
9 21 11 14 0.589161907 5.39847792985128
9 21 12 15 0.340236006 4.809973216213508
9 21 13 16 0.277809209 4.791642031888583
9 21 14 17 0.294207674 5.0744820948054805
9 21 15 18 0.42527705 6.012212652091539
9 21 16 19 0.723669473 6.630967875011658
9 21 17 20 1.62274739 6.501811486332306
9 31 10 15 1.68149866 6.227888313421404
9 31 11 16 0.627567873 5.274243950109712
9 31 12 17 0.356817202 4.935379264999614
9 31 13 18 0.226497795 4.440158167076029
9 31 14 19 0.171051339 4.31591419361322
9 31 15 20 0.148775447 4.486961772765479
9 31 16 21 0.124135444 4.19981691145161
9 31 17 22 0.118016615 4.224731089133261
9 31 18 23 0.121364616 4.344582043265009
9 31 19 24 0.128262182 4.33943492451104
9 31 20 25 0.150255759 4.5316069308859985
9 31 21 26 0.197383075 4.980308367954504
9 31 22 27 0.260285516 5.102517044984912
9 31 23 28 0.422441282 5.843070155184544
9 31 24 29 0.787944216 6.622088531071029
9 31 25 30 2.24980194 8.332754311941468
10 22 11 14 2.20334118 8.8280585633436
10 22 12 15 0.74253034 6.8037895952003
10 22 13 16 0.39429514 5.574216218265727
10 22 14 17 0.300300526 5.179571360357065
10 22 15 18 0.334643274 5.771913692707025
10 22 16 19 0.42256813 5.973916197821308
10 22 17 20 0.654145911 5.993924966089091
10 22 18 21 2.30907594 9.251702736989499
10 32 11 16 2.31340629 8.568330347457172
10 32 12 17 0.816045236 6.8582568263319175
10 32 13 18 0.398187507 5.507599842761193
10 32 14 19 0.253658207 4.972598340115903
10 32 15 20 0.201716497 5.089647924289201
10 32 16 21 0.150992925 4.55383933367073
10 32 17 22 0.131400722 4.445619692894091
10 32 18 23 0.124522227 4.45761746085506
10 32 19 24 0.121521049 4.350181995089305
10 32 20 25 0.132826759 4.493866141418138
10 32 21 26 0.158897525 4.792236453250563
10 32 22 27 0.190466517 4.805791927348629
10 32 23 28 0.270676647 5.306219978052348
10 32 24 29 0.418744872 5.791942616583036
10 32 25 30 0.793956838 6.672620173260107
10 32 26 31 2.02701675 7.507608675961976
11 23 12 15 2.24889968 9.01059638803859
11 23 13 16 0.722090465 6.616499458541109
11 23 14 17 0.389603117 5.5078843058229925
11 23 15 18 0.338215037 5.8335193168702775
11 23 16 19 0.316877627 5.465492529796996
11 23 17 20 0.374655434 5.296566415868542
11 23 18 21 0.750374164 6.87566238644245
11 23 19 22 2.18016303 8.735191390775272
11 33 12 17 2.3988642 8.884846995159059
11 33 13 18 0.777859457 6.537333588327068
11 33 14 19 0.398012819 5.505183615269324
11 33 15 20 0.286434825 5.615136021782213
11 33 16 21 0.192075444 4.84638787308272
11 33 17 22 0.153379104 4.625804796869612
11 33 18 23 0.134097352 4.536853525174321
11 33 19 24 0.121040042 4.332963019379904
11 33 20 25 0.123623363 4.42544013831702
11 33 21 26 0.135824699 4.595294055201709
11 33 22 27 0.150040294 4.5251086595793835
11 33 23 28 0.192445776 4.8557319749441445
11 33 24 29 0.264870679 5.192402462817897
11 33 25 30 0.418503092 5.788598394409881
11 33 26 31 0.742673354 6.241620409147663
11 33 27 32 1.67771503 6.213874609087372
12 24 13 16 2.11768537 8.484864094037382
12 24 14 17 0.676777923 6.201301607108296
12 24 15 18 0.454035899 6.4187813014399815
12 24 16 19 0.319047906 5.502925414454628
12 24 17 20 0.298479854 5.1481684831346515
12 24 18 21 0.42789037 6.049157593202196
12 24 19 22 0.812057314 7.440863768205759
12 24 20 23 2.51645864 10.082616549721996
12 34 13 18 2.23960508 8.294987463392452
12 34 14 19 0.735017967 6.177282541790806
12 34 15 20 0.454247298 6.283000604133713
12 34 16 21 0.265707216 5.208801547818312
12 34 17 22 0.193054767 4.871097846477501
12 34 18 23 0.155350557 4.6852624185819085
12 34 19 24 0.129419251 4.378581503419771
12 34 20 25 0.12368069 4.427492316810249
12 34 21 26 0.125609508 4.496539690943797
12 34 22 27 0.129185275 4.370665501913595
12 34 23 28 0.152070757 4.586345980963569
12 34 24 29 0.192378375 4.854031333871912
12 34 25 30 0.272925268 5.350300905629629
12 34 26 31 0.419373111 5.800632213712
12 34 27 32 0.727424089 6.113461612099315
12 34 28 33 2.48594816 9.20738616195831
13 25 14 17 1.79526275 7.193023412556235
13 25 15 18 0.819391599 7.508067664508816
13 25 16 19 0.416265406 5.884813536449289
13 25 17 20 0.305135313 5.262961571530477
13 25 18 21 0.318493065 5.49335553926516
13 25 19 22 0.430934574 6.092194013353125
13 25 20 23 0.832289052 7.626246749993706
13 25 21 24 2.26792773 9.086835484040156
13 35 14 19 1.92362435 7.124666759340649
13 35 15 20 0.872672154 7.334164202289735
13 35 16 21 0.416177062 5.756425505413999
13 35 17 22 0.269374743 5.280698053309775
13 35 18 23 0.197173566 4.975022102017763
13 35 19 24 0.150036079 4.524981538174249
13 35 20 25 0.133260199 4.50853051593876
13 35 21 26 0.124524287 4.4576912042516454
13 35 22 27 0.118878138 4.255571687316011
13 35 23 28 0.128054804 4.332418800804557
13 35 24 29 0.148684991 4.484233684076777
13 35 25 30 0.190454205 4.805481274793306
13 35 26 31 0.258904046 5.075435345125227
13 35 27 32 0.380833551 5.267565578359009
13 35 28 33 0.79903941 6.715335432876332
13 35 29 34 2.25155428 8.339244580454167
14 26 15 18 2.35942529 9.453435911343497
14 26 16 19 0.693586646 6.355319575796288
14 26 17 20 0.391792515 5.538836190849621
14 26 18 21 0.304496817 5.251948818275084
14 26 19 22 0.295200117 5.091599711641047
14 26 20 23 0.402459961 5.689643655787368
14 26 21 24 0.633073479 5.800838723192719
14 26 22 25 1.39860141 5.603732761103722
14 36 15 20 2.48070381 9.18796228321642
14 36 16 21 0.743583881 6.2492727153407825
14 36 17 22 0.408003662 5.643373700012117
14 36 18 23 0.267466106 5.243282015049739
14 36 19 24 0.185021705 4.668410124144179
14 36 20 25 0.152808841 4.608606069976037
14 36 21 26 0.132485782 4.482330024698598
14 36 22 27 0.118545591 4.243667247847908
14 36 23 28 0.118426859 4.239416907574421
14 36 24 29 0.128164554 4.336131921660129
14 36 25 30 0.15151307 4.569526537294424
14 36 26 31 0.188537924 4.757130268509448
14 36 27 32 0.251741595 4.935025963639054
14 36 28 33 0.427586486 5.91423694028756
14 36 29 34 0.865325219 7.272418645924074
14 36 30 35 2.72092623 10.077691450255903
15 27 16 19 1.56872549 6.285363620140702
15 27 17 20 0.624771819 5.724770790492635
15 27 18 21 0.381629643 5.395161972784041
15 27 19 22 0.292008612 5.03655276212476
15 27 20 23 0.3248583 5.6031428558146565
15 27 21 24 0.413943315 5.851985748329738
15 27 22 25 0.671020558 6.148546994976528
15 27 23 26 2.32655992 9.321755255755715
15 37 16 21 1.66644872 6.172146761154158
15 37 17 22 0.675766807 5.67932035218238
15 37 18 23 0.381190623 5.272504481906916
15 37 19 24 0.235919114 4.624849353594991
15 37 20 25 0.180206805 4.546922064639259
15 37 21 26 0.144949222 4.371565545396056
15 37 22 27 0.12189026 4.12385664234007
15 37 23 28 0.113192265 4.0520301399503005
15 37 24 29 0.1142392 4.089508073398923
15 37 25 30 0.124733344 4.220045384887102
15 37 26 31 0.14202281 4.283307038766516
15 37 27 32 0.173497132 4.377625682018112
15 37 28 33 0.247760859 4.856989453564537
15 37 29 34 0.399323044 5.523306220517163
15 37 30 35 0.775631176 6.518606534108671
15 37 31 36 1.92809742 7.141233992512347
16 28 17 20 2.25376774 9.030101092602713
16 28 18 21 0.816847337 7.484754646318793
16 28 19 22 0.418063451 5.910232798781997
16 28 20 23 0.336758089 5.8083899365297
16 28 21 24 0.324516882 5.597254091921148
16 28 22 25 0.405807508 5.736968486569728
16 28 23 26 0.831070784 7.61508378641357
16 28 24 27 2.346779 9.40276641460717
16 38 17 22 2.38622957 8.83805120138697
16 38 18 23 0.873560396 7.341629219535341
16 38 19 24 0.419749554 5.80583905061964
16 38 20 25 0.274253047 5.376330071922052
16 38 21 26 0.195086487 4.922361573711159
16 38 22 27 0.15019805 4.529866468449717
16 38 23 28 0.127461256 4.312337566566911
16 38 24 29 0.119302125 4.27074947444614
16 38 25 30 0.120611888 4.3176360629616335
16 38 26 31 0.127219813 4.3041689375124115
16 38 27 32 0.145854846 4.3988785217670765
16 38 28 33 0.187819736 4.739009172229209
16 38 29 34 0.268093809 5.255587214762382
16 38 30 35 0.431718807 5.971393857794363
16 38 31 36 0.768604075 6.459548946028379
16 38 32 37 2.14187055 7.933001009472393
17 29 18 21 2.41472681 9.675010791182087
17 29 19 22 0.752700858 6.896981833710307
17 29 20 23 0.437916149 6.190893704640312
17 29 21 24 0.320726143 5.531871578541906
17 29 22 25 0.313474448 5.406794635666206
17 29 23 26 0.449464723 6.354157823210585
17 29 24 27 0.786393283 7.205704802056714
17 29 25 28 2.40159364 9.62239052749585
17 39 18 23 2.53965286 9.406296147117503
17 39 19 24 0.806127426 6.774904966491193
17 39 20 25 0.431139635 5.963382939420343
17 39 21 26 0.269067548 5.274675944405204
17 39 22 27 0.190182943 4.798636876363966
17 39 23 28 0.148075505 4.465852019372145
17 39 24 29 0.129024569 4.36522841033988
17 39 25 30 0.121179599 4.337958848116443
17 39 26 31 0.118711301 4.249599295541195
17 39 27 32 0.128536474 4.3487149185494545
17 39 28 33 0.151709493 4.575450515410866
17 39 29 34 0.196775318 4.9649736323254094
17 39 30 35 0.280451852 5.497848582276034
17 39 31 36 0.42406418 5.865517551480224
17 39 32 37 0.808042048 6.790995948733439
17 39 33 38 1.92509301 7.130106341701298
18 30 19 22 2.40946148 9.653914357267423
18 30 20 23 0.796611847 7.299337285035239
18 30 21 24 0.418860812 5.921505224351362
18 30 22 25 0.315800894 5.4469210824411185
18 30 23 26 0.329681694 5.686336560983586
18 30 24 27 0.423290219 5.984124490560679
18 30 25 28 0.814211635 7.460603765368059
18 30 26 29 2.29493154 9.195030809520073
18 40 19 24 2.53406215 9.385589429770057
18 40 20 25 0.843279489 7.087140585843628
18 40 21 26 0.423269288 5.854522864361092
18 40 22 27 0.266465747 5.22367143922114
18 40 23 28 0.187041911 4.719383333710359
18 40 24 29 0.149779937 4.517256477449681
18 40 25 30 0.129478628 4.3805903779258415
18 40 26 31 0.116833205 4.182367655660854
18 40 27 32 0.119081523 4.262852415818209
18 40 28 33 0.128983459 4.363837554773844
18 40 29 34 0.152572144 4.601467456635301
18 40 30 35 0.195866848 4.942051399793387
18 40 31 36 0.262896287 5.153697393906257
18 40 32 37 0.415656808 5.749229521616858
18 40 33 38 0.69176747 5.813794093838519
18 40 34 39 2.15996427 8.000016030069744
19 31 20 23 2.24234611 8.984338402991094
19 31 21 24 0.726274309 6.65483593146576
19 31 22 25 0.418578443 5.917513326659356
19 31 23 26 0.320870778 5.5343662371883084
19 31 24 27 0.309162775 5.332427073665915
19 31 25 28 0.422862546 5.978078405963455
19 31 26 29 0.723661968 6.630899106857469
19 31 27 30 2.13019127 8.534971094528029
19 41 20 25 2.35984347 8.740323092684958
19 41 21 26 0.786779078 6.612296407681782
19 41 22 27 0.423250605 5.854264447193166
19 41 23 28 0.262544038 5.146792067193498
19 41 24 29 0.191911136 4.8422421047217705
19 41 25 30 0.15191347 4.581602316799999
19 41 26 31 0.126013651 4.263361417900605
19 41 27 32 0.121393082 4.345601062452971
19 41 28 33 0.121902069 4.363821659636382
19 41 29 34 0.133404477 4.51341180660664
19 41 30 35 0.157588507 4.752757400461281
19 41 31 36 0.194165596 4.89912593836971
19 41 32 37 0.275420222 5.399210831572082
19 41 33 38 0.392324658 5.426506825871207
19 41 34 39 0.799723811 6.721087317236574
19 41 35 40 2.71536757 10.05710343881361
20 32 21 24 1.64230851 6.580186417319886
20 32 22 25 0.665336494 6.096464038337135
20 32 23 26 0.390014153 5.5136951903738165
20 32 24 27 0.298874564 5.154976425294722
20 32 25 28 0.312334822 5.387138412383006
20 32 26 29 0.397901606 5.6252014301753235
20 32 27 30 0.738602179 6.767795940126123
20 32 28 31 1.90318441 7.6254297704010305
20 42 21 26 1.76117604 6.522995193700474
20 42 22 27 0.711167496 5.9768369680273175
20 42 23 28 0.377065597 5.21544846646295
20 42 24 29 0.250050756 4.901879536782843
20 42 25 30 0.181379672 4.576515480055437
20 42 26 31 0.138385983 4.173622920504977
20 42 27 32 0.126348223 4.274680837225341
20 42 28 33 0.118014064 4.224639769033897
20 42 29 34 0.119558803 4.279937973256215
20 42 30 35 0.129975799 4.397410933815449
20 42 31 36 0.146947429 4.431830048738952
20 42 32 37 0.188510039 4.756426682860878
20 42 33 38 0.237383365 4.653553853946967
20 42 34 39 0.376635661 5.209501731810632
20 42 35 40 0.801938578 6.739700796277194
20 42 36 41 2.31422828 8.571374811325343
21 33 22 25 2.3141639 9.272088508042874
21 33 23 26 0.761953719 6.98176560079198
21 33 24 27 0.42262916 5.974778989119726
21 33 25 28 0.316070329 5.451568286453933
21 33 26 29 0.295889107 5.103483383371853
21 33 27 30 0.416921415 5.894087645197189
21 33 28 31 0.69183867 6.339302909162222
21 33 29 32 1.55562205 6.2328624747206085
21 43 22 27 2.43557289 9.020807627712884
21 43 23 28 0.798736369 6.7127885973392525
21 43 24 29 0.428200102 5.922724276845599
21 43 25 30 0.265256893 5.199973623704206
21 43 26 31 0.177408776 4.476323067017606
21 43 27 32 0.150756839 4.546719147655862
21 43 28 33 0.12956048 4.383359638684566
21 43 29 34 0.120730776 4.321891987686511
21 43 30 35 0.120717094 4.321402202661229
21 43 31 36 0.125826198 4.257019407479292
21 43 32 37 0.148054867 4.465229591955971
21 43 33 38 0.169633217 4.280132580304276
21 43 34 39 0.228588633 4.481145989592062
21 43 35 40 0.373368889 5.164316806022549
21 43 36 41 0.679817417 5.7133627342192845
21 43 37 42 2.03602876 7.5409871097928045
22 34 23 26 2.19168682 8.781363401680853
22 34 24 27 0.806866554 7.393300945548327
22 34 25 28 0.430763443 6.089774705837319
22 34 26 29 0.292873309 5.0514670211047354
22 34 27 30 0.326666342 5.634327891306478
22 34 28 31 0.421315192 5.956203204148392
22 34 29 32 0.672410156 6.16127985167557
22 34 30 33 2.36002432 9.455836026209592
22 44 23 28 2.29083418 8.484728389618999
22 44 24 29 0.865360636 7.2727162996218135
22 44 25 30 0.435567481 6.024627462426864
22 44 26 31 0.248724675 4.875883657298213
22 44 27 32 0.195934534 4.943759231896992
22 44 28 33 0.155162112 4.679579051276893
22 44 29 34 0.133852298 4.528562726831352
22 44 30 35 0.124245691 4.447718090021008
22 44 31 36 0.120892918 4.327696308953091
22 44 32 37 0.13317995 4.505815488735674
22 44 33 38 0.143015348 4.31324127962292
22 44 34 39 0.175876476 4.4376605499187285
22 44 35 40 0.2527671 4.9551294900381855
22 44 36 41 0.387315313 5.3572191981849455
22 44 37 42 0.785128361 6.598423351833697
22 44 38 43 2.39665784 8.876675139905128
23 35 24 27 2.47384866 9.911892468387075
23 35 25 28 0.80450377 7.37165080638377
23 35 26 29 0.374534262 5.294853387075948
23 35 27 30 0.325506308 5.6143196716623995
23 35 28 31 0.319646365 5.513247611148842
23 35 29 32 0.381998373 5.400374770350252
23 35 30 33 0.74770009 6.851159903677913
23 35 31 34 2.1323909 8.543784283621916
23 45 24 29 2.60605873 9.652248375063722
23 45 25 30 0.866323379 7.280807442686527
23 45 26 31 0.388387668 5.372051663105509
23 45 27 32 0.278037602 5.450520740277116
23 45 28 33 0.200586548 5.061137402502762
23 45 29 34 0.158639001 4.7844395530984665
23 45 30 35 0.135744834 4.592592019692551
23 45 31 36 0.122374304 4.380726617348285
23 45 32 37 0.125560433 4.494782915610093
23 45 33 38 0.126111499 4.266671863909496
23 45 34 39 0.142378015 4.294019769184293
23 45 35 40 0.183598736 4.632506212838512
23 45 36 41 0.2493834 4.888796997971606
23 45 37 42 0.411719611 5.694771495694614
23 45 38 43 0.810318345 6.8101265419288985
23 45 39 44 2.13156322 7.894825005187275
24 36 25 28 2.25133854 9.020368092531397
24 36 26 29 0.609382049 5.5837546577396955
24 36 27 30 0.419154303 5.925654355614088
24 36 28 31 0.32403589 5.58895796130511
24 36 29 32 0.304953534 5.2598262546702115
24 36 30 33 0.42551547 6.015583235433649
24 36 31 34 0.809602861 7.418373667958396
24 36 32 35 2.61590301 10.481057213439271
24 46 25 30 2.38066148 8.817428263371024
24 46 26 31 0.67317575 5.657544433919847
24 46 27 32 0.42283964 5.848580113230924
24 46 28 33 0.274721658 5.385516505541997
24 46 29 34 0.198450043 5.0072297727342185
24 46 30 35 0.156400128 4.71691673419491
24 46 31 36 0.130697324 4.421821954547248
24 46 32 37 0.125043861 4.476290792376633
24 46 33 38 0.117748905 4.2151476693760355
24 46 34 39 0.122997397 4.161313895047797
24 46 35 40 0.144062084 4.344810093650261
24 46 36 41 0.177641222 4.482188072205602
24 46 37 42 0.254209459 4.983404829732797
24 46 38 43 0.405043165 5.602425070220739
24 46 39 44 0.704878849 5.923985539805583
24 46 40 45 2.24437559 8.312656346624308
25 37 26 29 1.37897748 5.525106171243066
25 37 27 30 0.679474921 6.226014141993639
25 37 28 31 0.408226966 5.771172768222839
25 37 29 32 0.29974637 5.170013300019967
25 37 30 33 0.298787571 5.15347597353943
25 37 31 34 0.396122743 5.600053346978881
25 37 32 35 0.738646276 6.768199999992254
25 37 33 36 1.81924936 7.289129816656612
25 47 26 31 1.51006373 5.592932352731422
25 47 27 32 0.735019803 6.177297972013271
25 47 28 33 0.413604331 5.720840328576528
25 47 29 34 0.268425046 5.262080631931356
25 47 30 35 0.193758447 4.888852881413309
25 47 31 36 0.14970592 4.51502417732065
25 47 32 37 0.133854175 4.52862623050193
25 47 33 38 0.118581047 4.244936493415545
25 47 34 39 0.115684234 4.141237061428741
25 47 35 40 0.124953753 4.227502380373711
25 47 36 41 0.142728115 4.304578536429301
25 47 37 42 0.184564588 4.656876290150387
25 47 38 43 0.260432898 5.105406253645774
25 47 39 44 0.377058604 5.215351741565702
25 47 40 45 0.750325057 6.305927315208461
25 47 41 46 2.36410397 8.756103014959372
26 38 27 30 2.33177713 9.342658888763319
26 38 28 31 0.837559309 7.6745380019587515
26 38 29 32 0.444757232 6.287607237069604
26 38 30 33 0.325261134 5.610090920399059
26 38 31 34 0.318136814 5.487210936385914
26 38 32 35 0.440466991 6.22695538383482
26 38 33 36 0.721341833 6.60963975956607
26 38 34 37 2.01348925 8.067384741414756
26 48 27 32 2.46607936 9.133796649064077
26 48 28 33 0.89321281 7.506793228248947
26 48 29 34 0.45912326 6.350443321628386
26 48 30 35 0.285295868 5.592808434771936
26 48 31 36 0.19610014 4.9479377509903015
26 48 32 37 0.159916115 4.822956403916355
26 48 33 38 0.131347037 4.443803393184467
26 48 34 39 0.118639072 4.247013658748976
26 48 35 40 0.117420406 4.203388139261999
26 48 36 41 0.124194419 4.2018121852781
26 48 37 42 0.14610345 4.406376241767585
26 48 38 43 0.187484015 4.730538364356761
26 48 39 44 0.240709377 4.718755457104264
26 48 40 45 0.376705626 5.210469464891717
26 48 41 46 0.745642262 6.266571885682906
26 48 42 47 2.1169549 7.840719112883609
27 39 28 31 2.36216758 9.464423359378063
27 39 29 32 0.792333548 7.26013532296948
27 39 30 33 0.428500673 6.057785548597883
27 39 31 34 0.314104921 5.417669008541192
27 39 32 35 0.335208633 5.781664981936268
27 39 33 36 0.422569289 5.973932582797793
27 39 34 37 0.747461419 6.848972966418923
27 39 35 38 1.78511203 7.152352838505554
27 49 28 33 2.48013681 9.185862244270382
27 49 29 34 0.851041319 7.152373027911739
27 49 30 35 0.436099341 6.031983976634053
27 49 31 36 0.263446579 5.16448506412652
27 49 32 37 0.196076917 4.947351795475984
27 49 33 38 0.150104137 4.527034119097302
27 49 34 39 0.12686559 4.292184675017446
27 49 35 40 0.116545368 4.172063734280776
27 49 36 41 0.115497437 4.134550146257882
27 49 37 42 0.125702668 4.252840074273929
27 49 38 43 0.150076922 4.526213334034255
27 49 39 44 0.177608516 4.4813628445842255
27 49 40 45 0.24188247 4.741752230493116
27 49 41 46 0.385748397 5.335546126670876
27 49 42 47 0.714278111 6.002979387119684
27 49 43 48 2.04595717 7.577759680643294
28 40 29 32 2.39298327 9.587891625872246
28 40 30 33 0.810276422 7.424545492968985
28 40 31 34 0.418660831 5.918678059569303
28 40 32 35 0.331059828 5.710106560630986
28 40 33 36 0.317615321 5.478216246155412
28 40 34 37 0.413046487 5.839307141176237
28 40 35 38 0.629833522 5.771151066624374
28 40 36 39 2.0382772 8.166701849564676
28 50 29 34 2.52465399 9.350743746506296
28 50 30 35 0.872678021 7.334213510086687
28 50 31 36 0.426554326 5.899960439508984
28 50 32 37 0.278501304 5.459610940128242
28 50 33 38 0.194408213 4.905247575066817
28 50 34 39 0.151876453 4.5804859103815225
28 50 35 40 0.128252685 4.339113616914089
28 50 36 41 0.118551199 4.243868001715893
28 50 37 42 0.119349157 4.272433114945269
28 50 38 43 0.133693844 4.523201826129316
28 50 39 44 0.148275417 4.4718812232495635
28 50 40 45 0.183985905 4.642275140648116
28 50 41 46 0.26015518 5.099961998235498
28 50 42 47 0.399277164 5.522671623307698
28 50 43 48 0.770974663 6.479471985360257
28 50 44 49 2.22150181 8.22793707176876
29 41 30 33 2.31689633 9.28303645032217
29 41 31 34 0.733587109 6.721842961174177
29 41 32 35 0.427498202 6.043613448717217
29 41 33 36 0.320163431 5.522165944661899
29 41 34 37 0.325571716 5.615447826208284
29 41 35 38 0.379650622 5.3671842225269915
29 41 36 39 0.741458415 6.793967569393469
29 41 37 40 2.587551 10.367460096959789
29 51 30 35 2.44491494 9.055408454583837
29 51 31 36 0.791078086 6.648426391243692
29 51 32 37 0.426891717 5.904627121878176
29 51 33 38 0.266697724 5.228219009192513
29 51 34 39 0.191619374 4.8348804566673405
29 51 35 40 0.148062705 4.465465980466872
29 51 36 41 0.127268526 4.305817021851704
29 51 37 42 0.117890641 4.220221501443236
29 51 38 43 0.12358164 4.423946548154042
29 51 39 44 0.128494276 4.347287253183956
29 51 40 45 0.146304945 4.412453187800241
29 51 41 46 0.18760263 4.7335312211509155
29 51 42 47 0.253059108 4.9608538800087425
29 51 43 48 0.401016603 5.546730976739127
29 51 44 49 0.764256011 6.423006683058378
29 51 45 50 1.9880574 7.363312111037271
30 42 31 34 2.11390749 8.469727379765432
30 42 32 35 0.744590289 6.822664863748711
30 42 33 36 0.413671225 5.848139166576718
30 42 34 37 0.322003912 5.553910486717351
30 42 35 38 0.281927188 4.862668767589178
30 42 36 39 0.373871822 5.28548836220745
30 42 37 40 0.748788645 6.861134309818412
30 42 38 41 2.21764001 8.885349240689946
30 52 31 36 2.24595271 8.318497640138549
30 52 32 37 0.800640016 6.728787342821392
30 52 33 38 0.418558627 5.789366536433151
30 52 34 39 0.270559837 5.303930088760066
30 52 35 40 0.18825388 4.749963358630943
30 52 36 41 0.149133286 4.497753942751731
30 52 37 42 0.126153945 4.268107919743988
30 52 38 43 0.123501333 4.421071737013467
30 52 39 44 0.12039405 4.309837949357083
30 52 40 45 0.126528894 4.2807933953856745
30 52 41 46 0.149054305 4.495371931909749
30 52 42 47 0.18165021 4.583341610741919
30 52 43 48 0.252381512 4.947570600966763
30 52 44 49 0.395801349 5.474595282862725
30 52 45 50 0.703236799 5.910185323684136
30 52 46 51 2.43436218 9.01632343344065
31 43 32 35 1.91773692 7.6837368595117805
31 43 33 36 0.692018209 6.340948021172235
31 43 34 37 0.42156373 5.959716827345613
31 43 35 38 0.286175327 4.93594049772
31 43 36 39 0.277133138 4.779981186548712
31 43 37 40 0.367952577 5.201807007476858
31 43 38 41 0.643940854 5.900416247462151
31 43 39 42 1.94754771 7.803178824436857
31 53 32 37 2.04232338 7.56430094956442
31 53 33 38 0.747691759 6.283796392573841
31 53 34 39 0.420203583 5.812119031796972
31 53 35 40 0.259168877 5.080626969739255
31 53 36 41 0.188147014 4.747266948951188
31 53 37 42 0.144593288 4.360830828856252
31 53 38 43 0.132106118 4.469485028648402
31 53 39 44 0.120806397 4.324599050498738
31 53 40 45 0.117626102 4.21075159639988
31 53 41 46 0.128324776 4.341552638286288
31 53 42 47 0.143085526 4.315357798239659
31 53 43 48 0.179258258 4.522988621706028
31 53 44 49 0.24702014 4.842468740383384
31 53 45 50 0.358985842 4.965375186802871
31 53 46 51 0.742092996 6.23674292927323
31 53 47 52 2.16522903 8.019515502806147
32 44 33 36 1.57291922 6.302166507671197
32 44 34 37 0.692595688 6.346239448875576
32 44 35 38 0.369797711 5.227891974863657
32 44 36 39 0.28498415 4.915395124868019
32 44 37 40 0.285769826 4.928946432827167
32 44 38 41 0.387544292 5.478778353095371
32 44 39 42 0.746949484 6.8442821169831705
32 44 40 43 2.27458753 9.113519097524
32 54 33 38 1.68534286 6.242126355249195
32 54 34 39 0.728150371 6.119565475297828
32 54 35 40 0.379900175 5.254655425678511
32 54 36 41 0.249665282 4.894322882514771
32 54 37 42 0.173564844 4.379334170145633
32 54 38 43 0.14813098 4.467525105955741
32 54 39 44 0.127668444 4.319347262091501
32 54 40 45 0.11614171 4.157613679922097
32 54 41 46 0.118415074 4.238995030909975
32 54 42 47 0.122494971 4.144315549180092
32 54 43 48 0.141367616 4.263546853258585
32 54 44 49 0.178182237 4.495838794445536
32 54 45 50 0.23001276 4.50906391757897
32 54 46 51 0.375675263 5.196217819631568
32 54 47 52 0.723887792 6.083741650545386
32 54 48 53 2.14763025 7.954333627316295
33 45 34 37 2.39288322 9.587490758649645
33 45 35 38 0.739932427 6.779984974046859
33 45 36 39 0.412492376 5.831473581465307
33 45 37 40 0.288839658 4.981894771346918
33 45 38 41 0.299959782 5.173694221588372
33 45 39 42 0.421178759 5.95427442805111
33 45 40 43 0.756360062 6.930511041556436
33 45 41 44 2.01502048 8.07351987302154
33 55 34 39 2.49368159 9.236029026484687
33 55 35 40 0.798582152 6.711492517482001
33 55 36 41 0.425651616 5.887474448947611
33 55 37 42 0.247927615 4.860258461173679
33 55 38 43 0.191015101 4.819633628242821
33 55 39 44 0.15190447 4.581330883194729
33 55 40 45 0.127203016 4.303600652400694
33 55 41 46 0.120715773 4.321354913813225
33 55 42 47 0.115693394 4.141564968959188
33 55 43 48 0.123839426 4.189801871730207
33 55 44 49 0.145159863 4.377918328290246
33 55 45 50 0.172065877 4.341512700937153
33 55 46 51 0.243394941 4.77140201345509
33 55 47 52 0.38173441 5.280025966491553
33 55 48 53 0.733696112 6.1661733278928015
33 55 49 54 2.08239698 7.712724442876466
34 46 35 38 2.11817239 8.486815421920937
34 46 36 39 0.795617418 7.290225353415899
34 46 37 40 0.385087863 5.444051406243278
34 46 38 41 0.304744765 5.256225415378539
34 46 39 42 0.318352359 5.490928647852287
34 46 40 43 0.40450418 5.718543121054647
34 46 41 44 0.657530656 6.02493931199906
34 46 42 45 2.12333204 8.507488431067147
34 56 35 40 2.24665836 8.321111207126682
34 56 36 41 0.860242713 7.229703940989049
34 56 37 42 0.397504434 5.498151799612531
34 56 38 43 0.270884011 5.310285046139026
34 56 39 44 0.196683928 4.962667708265065
34 56 40 45 0.150703622 4.5451141607479
34 56 41 46 0.132702131 4.489649660087952
34 56 42 47 0.117594846 4.20963270144664
34 56 43 48 0.116932297 4.185914927823205
34 56 44 49 0.128506104 4.3476874244229515
34 56 45 50 0.142051737 4.284179456533145
34 56 46 51 0.181892396 4.589452372581056
34 56 47 52 0.253151193 4.962659071820059
34 56 48 53 0.400528707 5.539982558253753
34 56 49 54 0.763604184 6.417528559082983
34 56 50 55 2.0089405 7.440658360268305
35 47 36 39 2.57623486 10.322120070849536
35 47 37 40 0.708661207 6.493447455236221
35 47 38 41 0.417000025 5.895198967890433
35 47 39 42 0.330286129 5.696761831484767
35 47 40 43 0.314699655 5.427926956585647
35 47 41 44 0.379926249 5.371080807439481
35 47 42 45 0.69529994 6.371018452007486
35 47 43 46 2.23890084 8.970534346859154
35 57 36 41 2.71324422 10.049239033705904
35 57 37 42 0.771984666 6.487960313781019
35 57 38 43 0.434497675 6.009830254443679
35 57 39 44 0.280137199 5.4916802701838785
35 57 40 45 0.193621927 4.885408251227093
35 57 41 46 0.156893416 4.7317939497811885
35 57 42 47 0.127698874 4.32037678617018
35 57 43 48 0.117253863 4.19742627203019
35 57 44 49 0.120791405 4.32406237040087
35 57 45 50 0.124763002 4.221048790247781
35 57 46 51 0.146200786 4.409311826367872
35 57 47 52 0.185307471 4.675620482991192
35 57 48 53 0.258331953 5.064220298169573
35 57 49 54 0.40681135 5.626882028956948
35 57 50 55 0.728690363 6.124103708788802
35 57 51 56 1.95304909 7.233649298982675
36 48 37 40 1.79680768 7.199213435526833
36 48 38 41 0.706619239 6.47473694620553
36 48 39 42 0.425931719 6.021467817035737
36 48 40 43 0.312079627 5.382736819315846
36 48 41 44 0.293732674 5.066289313963767
36 48 42 45 0.36901648 5.216847581797053
36 48 43 46 0.686986201 6.294839839689219
36 48 44 47 2.01980531 8.092691102533824
36 58 37 42 1.9243291 7.12727699293363
36 58 38 43 0.774066109 6.5054533031811435
36 58 39 44 0.425782796 5.889288887961071
36 58 40 45 0.262320051 5.142401129492013
36 58 41 46 0.19546482 4.9319075543165045
36 58 42 47 0.145966219 4.402237452313716
36 58 43 48 0.124207321 4.2022486926610485
36 58 44 49 0.120425072 4.310948467633234
36 58 45 50 0.116458406 4.168950689011911
36 58 46 51 0.126222311 4.270420914918584
36 58 47 52 0.147764993 4.456487198078851
36 58 48 53 0.187147303 4.7220425518804845
36 58 49 54 0.260802393 5.112649662977612
36 58 50 55 0.393095614 5.437170438038164
36 58 51 56 0.719917139 6.050371247973432
36 58 52 57 2.24945316 8.331462510206727
37 49 38 41 2.00149306 8.019319980124815
37 49 39 42 0.757216638 6.9383598290905555
37 49 40 43 0.413574356 5.8467697133522964
37 49 41 44 0.308093345 5.313981588159485
37 49 42 45 0.283722678 4.893637306691263
37 49 43 46 0.37383 5.284897117611637
37 49 44 47 0.674822331 6.183382559514825
37 49 45 48 1.94536999 7.7944534214583845
37 59 38 43 2.14111924 7.930218328236859
37 59 39 44 0.804306183 6.759598765699698
37 59 40 45 0.410453975 5.6772656309649285
37 59 41 46 0.272857235 5.348967218118098
37 59 42 47 0.183534496 4.6308853291353
37 59 43 48 0.14267533 4.302986578334392
37 59 44 49 0.129110735 4.368143624660072
37 59 45 50 0.117053363 4.190248820080977
37 59 46 51 0.117345107 4.20069260333021
37 59 47 52 0.127462693 4.31238618392153
37 59 48 53 0.14829273 4.472403371028236
37 59 49 54 0.187603953 4.733564602675501
37 59 50 55 0.251955665 4.939222493052623
37 59 51 56 0.378032222 5.228818508476873
37 59 52 57 0.758579655 6.375301107964879
37 59 53 58 2.21163216 8.191382134584002
38 50 39 42 1.83507214 7.352526457060212
38 50 40 43 0.662224976 6.067953265573725
38 50 41 44 0.39322092 5.559029790794201
38 50 42 45 0.280401947 4.836361472339078
38 50 43 46 0.28540892 4.922721540695672
38 50 44 47 0.39618955 5.600997808690719
38 50 45 48 0.722987686 6.624720675339328
38 50 46 49 2.09732481 8.403286071671156
38 60 39 44 1.93374478 7.162150528565776
38 60 40 45 0.695271065 5.843239219262243
38 60 41 46 0.396683443 5.486796119630064
38 60 42 47 0.237122474 4.648439467273283
38 60 43 48 0.168189289 4.243699838028253
38 60 44 49 0.142924872 4.310512587748429
38 60 45 50 0.122045274 4.129101159117339
38 60 46 51 0.114171377 4.0870801615607615
38 60 47 52 0.116168297 4.158565435108998
38 60 48 53 0.125773425 4.255233963042746
38 60 49 54 0.147093553 4.436237044754118
38 60 50 55 0.181509801 4.57979885451707
38 60 51 56 0.240123425 4.7072687247132725
38 60 52 57 0.385107926 5.326687340503852
38 60 53 58 0.743519625 6.2487326911715435
38 60 54 59 2.23519041 8.278636530528425
39 51 40 43 2.0820051 8.34190506618682
39 51 41 44 0.759682032 6.960950181486484
39 51 42 45 0.374482725 5.294124799903302
39 51 43 46 0.275827419 4.7574601979005795
39 51 44 47 0.296416863 5.112586097573748
39 51 45 48 0.398923787 5.639652173616399
39 51 46 49 0.706147038 6.470410178560395
39 51 47 50 1.86693318 7.480183094880157
39 61 40 45 2.17244248 8.046232479764338
39 61 41 46 0.809032026 6.799315981835646
39 61 42 47 0.379084466 5.243372804598842
39 61 43 48 0.229267704 4.494458183852825
39 61 44 49 0.178112677 4.494083678156691
39 61 45 50 0.140737584 4.244545535792412
39 61 46 51 0.121686232 4.116953857630091
39 61 47 52 0.11542087 4.131809218759651
39 61 48 53 0.116348545 4.165017910714692
39 61 49 54 0.126630021 4.284214778280993
39 61 50 55 0.145375692 4.384427577578229
39 61 51 56 0.174944079 4.414134598763313
39 61 52 57 0.242987224 4.763409317687762
39 61 53 58 0.377116593 5.216153826517306
39 61 54 59 0.718185053 6.035814345844426
39 61 55 60 1.97929361 7.330853027589485
40 52 41 44 2.60703986 10.445545506053266
40 52 42 45 0.749125179 6.864217963649488
40 52 43 46 0.36926082 5.220301857167454
40 52 44 47 0.300859035 5.189204501062592
40 52 45 48 0.302932864 5.224973820010365
40 52 46 49 0.388154501 5.487404979597366
40 52 47 50 0.649254786 5.949107692516372
40 52 48 51 2.31621112 9.280291040731
40 62 41 46 2.72671384 10.099127440387255
40 62 42 47 0.804605943 6.762118026857741
40 62 43 48 0.374184345 5.1755959276886605
40 62 44 49 0.25608998 5.02026969491397
40 62 45 50 0.183223795 4.623045818122353
40 62 46 51 0.144286501 4.351578350916252
40 62 47 52 0.126820591 4.290662244717859
40 62 48 53 0.118755796 4.2511921171096745
40 62 49 54 0.120822421 4.32517267389043
40 62 50 55 0.130533849 4.416291180680604
40 62 51 56 0.14605301 4.404855007206494
40 62 52 57 0.185316102 4.6758382576992
40 62 53 58 0.256633516 5.030924923630434
40 62 54 59 0.407369409 5.634600919194886
40 62 55 60 0.777108837 6.531025182234024
40 62 56 61 2.10752569 7.805795465211005
41 53 42 45 2.19824149 8.807625794064128
41 53 43 46 0.629547811 5.768533102853312
41 53 44 47 0.386703544 5.46689255826393
41 53 45 48 0.297016024 5.122920402335647
41 53 46 49 0.286389925 4.939641875368569
41 53 47 50 0.351479986 4.968931238556506
41 53 48 51 0.689208998 6.315207280972283
41 53 49 52 2.05332262 8.22698386583875
41 63 42 47 2.315775 8.577103510158878
41 63 43 48 0.680044646 5.715272425951608
41 63 44 49 0.391018455 5.408439851616753
41 63 45 50 0.249154736 4.884314374522153
41 63 46 51 0.177806432 4.486356599550056
41 63 47 52 0.144457174 4.356725727328725
41 63 48 53 0.125754105 4.25458031844202
41 63 49 54 0.119406399 4.274482250628445
41 63 50 55 0.1215094 4.349764986920944
41 63 51 56 0.126973315 4.29582928498707
41 63 52 57 0.148184007 4.469124362598704
41 63 53 58 0.186898782 4.715771947291351
41 63 54 59 0.262321202 5.142423693164433
41 63 55 60 0.416131964 5.755801724573711
41 63 56 61 0.761639009 6.401012716254527
41 63 57 62 1.93758099 7.176358977252158
42 54 43 46 1.91108536 7.657086260979603
42 54 44 47 0.732564464 6.712472486951421
42 54 45 48 0.408088274 5.769212056265435
42 54 46 49 0.293096912 5.055323716630103
42 54 47 50 0.274181202 4.729066313481833
42 54 48 51 0.371463443 5.25144070622688
42 54 49 52 0.676503847 6.1987902545929305
42 54 50 53 2.05665873 8.24035055399449
42 64 43 48 2.02983933 7.51806286983906
42 64 44 49 0.78672429 6.611835955051922
42 64 45 50 0.409642162 5.666036898087702
42 64 46 51 0.253022717 4.96014048765162
42 64 47 52 0.185381549 4.67748959605107
42 64 48 53 0.147399313 4.44545854910383
42 64 49 54 0.129551241 4.3830470598819735
42 64 50 55 0.123349248 4.415627433872838
42 64 51 56 0.120044279 4.297316929178888
42 64 52 57 0.129378528 4.377203741045271
42 64 53 58 0.150087344 4.526527654149158
42 64 54 59 0.191451007 4.8306322728806235
42 64 55 60 0.270199532 5.296866835943904
42 64 56 61 0.415401295 5.745695349062762
42 64 57 62 0.738616032 6.2075216177135975
42 64 58 63 2.35856426 8.7355851900039
43 55 44 47 2.27008429 9.095476105904885
43 55 45 48 0.754861959 6.9167839558673325
43 55 46 49 0.392960991 5.555355131128353
43 55 47 50 0.285084659 4.917128700046167
43 55 48 51 0.28540262 4.922612878549772
43 55 49 52 0.378355304 5.348872095719109
43 55 50 53 0.698335567 6.398833837164016
43 55 51 54 1.97691922 7.920860739851261
44 56 45 48 2.02900734 8.129560589873794
44 56 46 49 0.656575924 6.01619112314013
44 56 47 50 0.363525062 5.1392144887873945
44 56 48 51 0.279197037 4.815579233256993
44 56 49 52 0.289256691 4.98908773971063
44 56 50 53 0.403682728 5.706930116996502
44 56 51 54 0.714604027 6.54790138755924
44 56 52 55 1.88797387 7.564486172959585
45 57 46 49 2.13654712 8.56043688100229
45 57 47 50 0.69327728 6.352484861767083
45 57 48 51 0.369578714 5.224795977715045
45 57 49 52 0.287340662 4.956040148798273
45 57 50 53 0.309266631 5.334218377765067
45 57 51 54 0.404624604 5.720245575246369
45 57 52 55 0.671820275 6.155874784711967
45 57 53 56 1.82908159 7.328524306732027
46 58 47 50 2.23306606 8.947156315344206
46 58 48 51 0.686169715 6.2873583959660895
46 58 49 52 0.378886016 5.356374859860783
46 58 50 53 0.311617192 5.374760759087343
46 58 51 54 0.309740819 5.342397153263533
46 58 52 55 0.385301275 5.447068447314525
46 58 53 56 0.662000294 6.065894509221994
46 58 54 57 2.12498563 8.5141138186795
47 59 48 51 1.9981254 8.005826881565548
47 59 49 52 0.664445077 6.088296003466555
47 59 50 53 0.40543387 5.731686303788169
47 59 51 54 0.306888158 5.293194571392572
47 59 52 55 0.293210182 5.0572773930215575
47 59 53 56 0.367398519 5.193974197035776
47 59 54 57 0.700313334 6.416956073807344
47 59 55 58 2.10051877 8.416083211843961
48 60 49 52 1.92857891 7.727177123567111
48 60 50 53 0.730198511 6.690793310307767
48 60 51 54 0.405688282 5.735282968704002
48 60 52 55 0.295753675 5.101147457698263
48 60 53 56 0.278999502 4.812172157544219
48 60 54 57 0.375370679 5.306677953837367
48 60 55 58 0.696388104 6.380989275423364
48 60 56 59 2.13757208 8.564543556349358
49 61 50 53 2.11506055 8.474347309397505
49 61 51 54 0.72066897 6.603474330314525
49 61 52 55 0.389662923 5.508729793229075
49 61 53 56 0.278887209 4.810235332409358
49 61 54 57 0.278723045 4.807403838358623
49 61 55 58 0.37394514 5.286524871013241
49 61 56 59 0.678316432 6.215398932109618
49 61 57 60 1.87211108 7.5009292257336355
50 62 51 54 1.90224682 7.621673157715017
50 62 52 55 0.6637774 6.08217809342189
50 62 53 56 0.35481064 5.016017250177728
50 62 54 57 0.275113883 4.745153157751793
50 62 55 58 0.291793196 5.032837275645183
50 62 56 59 0.404877903 5.723826505495396
50 62 57 60 0.7245069 6.638641200669085
50 62 58 61 1.98562264 7.955732462015224
51 63 52 55 2.32827682 9.328634305575592
51 63 53 56 0.688910204 6.312469437952551
51 63 54 57 0.370330213 5.235420044534156
51 63 55 58 0.292050187 5.037269846047907
51 63 56 59 0.309750501 5.342564148009027
51 63 57 60 0.412457087 5.83097469498112
51 63 58 61 0.706153005 6.47046485405354
51 63 59 62 1.81215202 7.260693125265967
52 64 53 56 2.04326128 8.186671407853597
52 64 54 57 0.668264134 6.123289940926506
52 64 55 58 0.379001803 5.358011760009399
52 64 56 59 0.307682425 5.306894056573216
52 64 57 60 0.315816922 5.447197532738658
52 64 58 61 0.408141296 5.769961637130989
52 64 59 62 0.678435624 6.216491085851688
52 64 60 63 2.22724447 8.923831131791935
