64
# x y z
0.0 0.0 0.0
0.5 0.0 0.0
1.0 0.0 0.0
1.5 0.0 0.0
2.0 0.0 0.0
2.5 0.0 0.0
3.0 0.0 0.0
3.5 0.0 0.0
4.0 0.0 0.0
4.5 0.0 0.0
5.0 0.0 0.0
5.5 0.0 0.0
6.0 0.0 0.0
6.5 0.0 0.0
7.0 0.0 0.0
7.5 0.0 0.0
8.0 0.0 0.0
8.5 0.0 0.0
9.0 0.0 0.0
9.5 0.0 0.0
10.0 0.0 0.0
10.5 0.0 0.0
11.0 0.0 0.0
11.5 0.0 0.0
12.0 0.0 0.0
12.5 0.0 0.0
13.0 0.0 0.0
13.5 0.0 0.0
14.0 0.0 0.0
14.5 0.0 0.0
15.0 0.0 0.0
15.5 0.0 0.0
16.0 0.0 0.0
16.5 0.0 0.0
17.0 0.0 0.0
17.5 0.0 0.0
18.0 0.0 0.0
18.5 0.0 0.0
19.0 0.0 0.0
19.5 0.0 0.0
20.0 0.0 0.0
20.5 0.0 0.0
21.0 0.0 0.0
21.5 0.0 0.0
22.0 0.0 0.0
22.5 0.0 0.0
23.0 0.0 0.0
23.5 0.0 0.0
24.0 0.0 0.0
24.5 0.0 0.0
25.0 0.0 0.0
25.5 0.0 0.0
26.0 0.0 0.0
26.5 0.0 0.0
27.0 0.0 0.0
27.5 0.0 0.0
28.0 0.0 0.0
28.5 0.0 0.0
29.0 0.0 0.0
29.5 0.0 0.0
30.0 0.0 0.0
30.5 0.0 0.0
31.0 0.0 0.0
31.5 0.0 0.0
1205
# a b m n r rhoa k
1 13 2 5 1.75693 7.03945 4.00667
1 13 3 6 0.633831 5.80778 9.16298
1 13 4 7 0.372296 5.26321 14.1372
1 13 5 8 0.31936 5.50831 17.248
1 13 6 9 0.263811 4.5502 17.248
1 13 7 10 0.49249 6.96241 14.1372
1 13 8 11 0.909675 8.33534 9.16298
1 13 9 12 2.90112 11.6238 4.00667
1 23 2 7 1.8716 6.93198 3.70377
1 23 3 8 0.676573 5.68609 8.40426
1 23 4 9 0.368816 5.10134 13.8317
1 23 5 10 0.260253 5.10187 19.6035
1 23 6 11 0.180125 4.54485 25.2317
1 23 7 12 0.150832 4.549 30.1593
1 23 8 13 0.120335 4.07125 33.8325
1 23 9 14 0.128491 4.5997 35.7978
1 23 10 15 0.108429 3.88151 35.7978
1 23 11 16 0.12601 4.26324 33.8325
1 23 12 17 0.144573 4.36021 30.1593
1 23 13 18 0.190497 4.80657 25.2317
1 23 14 19 0.24225 4.74896 19.6035
1 23 15 20 0.358158 4.95392 13.8317
1 23 16 21 0.704821 5.9235 8.40426
1 23 17 22 1.92485 7.12921 3.70377
1 55 2 9 1.91352 6.84783 3.57865
1 55 5 12 0.263772 5.10429 19.3511
1 55 8 15 0.099878 4.17522 41.8032
1 55 11 18 0.0608156 4.20127 69.0821
1 55 14 21 0.0412763 4.05932 98.345
1 55 17 24 0.0331788 4.17538 125.845
1 55 20 27 0.0287316 4.23514 147.403
1 55 23 30 0.0255618 4.07188 159.296
1 55 26 33 0.0256857 4.09161 159.296
1 55 29 36 0.0288202 4.2482 147.403
1 55 32 39 0.0333891 4.20185 125.845
1 55 35 42 0.0401959 3.95307 98.345
1 55 38 45 0.0590552 4.07966 69.0821
1 55 41 48 0.104009 4.34789 41.8032
1 55 44 51 0.243562 4.71321 19.3511
1 55 47 54 2.1305 7.62432 3.57865
2 14 3 6 1.61435 6.46815 4.00667
2 14 4 7 0.620961 5.68985 9.16298
2 14 5 8 0.401712 5.67907 14.1372
2 14 6 9 0.257754 4.44574 17.248
2 14 7 10 0.320649 5.53054 17.248
2 14 8 11 0.393668 5.56535 14.1372
2 14 9 12 0.704184 6.45243 9.16298
2 14 10 13 1.34813 5.40149 4.00667
2 24 3 8 1.71894 6.36655 3.70377
2 24 4 9 0.670381 5.63406 8.40426
2 24 5 10 0.402707 5.57011 13.8317
2 24 6 11 0.24786 4.85892 19.6035
2 24 7 12 0.192584 4.85922 25.2317
2 24 8 13 0.140757 4.24514 30.1593
2 24 9 14 0.142207 4.81123 33.8325
2 24 10 15 0.112463 4.02594 35.7978
2 24 11 16 0.122084 4.37034 35.7978
2 24 12 17 0.131943 4.46397 33.8325
2 24 13 18 0.162805 4.91008 30.1593
2 24 14 19 0.193267 4.87646 25.2317
2 24 15 20 0.266437 5.22311 19.6035
2 24 16 21 0.448125 6.19831 13.8317
2 24 17 22 0.918707 7.72105 8.40426
2 24 18 23 4.13942 15.3315 3.70377
2 56 3 10 1.76869 6.32951 3.57865
2 56 6 13 0.251094 4.85896 19.3511
2 56 9 16 0.114955 4.80549 41.8032
2 56 12 19 0.061296 4.23446 69.0821
2 56 15 22 0.0446951 4.39554 98.345
2 56 18 25 0.033456 4.21026 125.845
2 56 21 28 0.0281138 4.14407 147.403
2 56 24 31 0.0269834 4.29834 159.296
2 56 27 34 0.0265241 4.22518 159.296
2 56 30 37 0.029415 4.33586 147.403
2 56 33 40 0.0335935 4.22756 125.845
2 56 36 43 0.0436072 4.28856 98.345
2 56 39 46 0.0620624 4.2874 69.0821
2 56 42 49 0.111604 4.66539 41.8032
2 56 45 52 0.277381 5.36764 19.3511
2 56 48 55 2.44638 8.75472 3.57865
3 15 4 7 1.82637 7.31766 4.00667
3 15 5 8 0.746615 6.84122 9.16298
3 15 6 9 0.364728 5.15622 14.1372
3 15 7 10 0.344687 5.94515 17.248
3 15 8 11 0.332955 5.7428 17.248
3 15 9 12 0.496003 7.01207 14.1372
3 15 10 13 0.722591 6.62109 9.16298
3 15 11 14 2.73265 10.9488 4.00667
3 25 4 9 1.93966 7.18405 3.70377
3 25 5 10 0.786549 6.61037 8.40426
3 25 6 11 0.39097 5.40777 13.8317
3 25 7 12 0.269731 5.28769 19.6035
3 25 8 13 0.175401 4.42567 25.2317
3 25 9 14 0.165105 4.97946 30.1593
3 25 10 15 0.119863 4.05526 33.8325
3 25 11 16 0.119171 4.26607 35.7978
3 25 12 17 0.118856 4.25477 35.7978
3 25 13 18 0.13418 4.53967 33.8325
3 25 14 19 0.14458 4.36043 30.1593
3 25 15 20 0.181922 4.59019 25.2317
3 25 16 21 0.255259 5.00397 19.6035
3 25 17 22 0.406646 5.6246 13.8317
3 25 18 23 0.909326 7.64222 8.40426
3 25 19 24 1.83568 6.79894 3.70377
3 57 4 11 2.00426 7.17253 3.57865
3 57 7 14 0.276662 5.35372 19.3511
3 57 10 17 0.103778 4.33823 41.8032
3 57 13 20 0.0631844 4.36491 69.0821
3 57 16 23 0.0440054 4.32771 98.345
3 57 19 26 0.0342778 4.31368 125.845
3 57 22 29 0.0287877 4.2434 147.403
3 57 25 32 0.026022 4.14518 159.296
3 57 28 35 0.0281402 4.48261 159.296
3 57 31 38 0.0282014 4.15699 147.403
3 57 34 41 0.0329841 4.15088 125.845
3 57 37 44 0.0410361 4.0357 98.345
3 57 40 47 0.061725 4.26409 69.0821
3 57 43 50 0.101599 4.24715 41.8032
3 57 46 53 0.273381 5.29024 19.3511
3 57 49 56 1.96719 7.03988 3.57865
4 16 5 8 2.33155 9.34175 4.00667
4 16 6 9 0.695037 6.36861 9.16298
4 16 7 10 0.451891 6.38845 14.1372
4 16 8 11 0.303704 5.23828 17.248
4 16 9 12 0.352934 6.0874 17.248
4 16 10 13 0.376445 5.32187 14.1372
4 16 11 14 0.759857 6.96255 9.16298
4 16 12 15 1.54616 6.19495 4.00667
4 26 5 10 2.43915 9.03406 3.70377
4 26 6 11 0.778344 6.54141 8.40426
4 26 7 12 0.44245 6.11982 13.8317
4 26 8 13 0.243505 4.77356 19.6035
4 26 9 14 0.21203 5.34987 25.2317
4 26 10 15 0.140221 4.22897 30.1593
4 26 11 16 0.12862 4.35153 33.8325
4 26 12 17 0.119119 4.26418 35.7978
4 26 13 18 0.124495 4.45664 35.7978
4 26 14 19 0.123421 4.17565 33.8325
4 26 15 20 0.144857 4.36879 30.1593
4 26 16 21 0.179866 4.53832 25.2317
4 26 17 22 0.248883 4.87899 19.6035
4 26 18 23 0.429609 5.94221 13.8317
4 26 19 24 0.629665 5.29187 8.40426
4 26 20 25 1.59606 5.91143 3.70377
4 58 5 12 2.48555 8.89491 3.57865
4 58 8 15 0.250787 4.85302 19.3511
4 58 11 18 0.108054 4.51702 41.8032
4 58 14 21 0.06069 4.19259 69.0821
4 58 17 24 0.0432836 4.25672 98.345
4 58 20 27 0.0339053 4.26681 125.845
4 58 23 30 0.0276111 4.06997 147.403
4 58 26 33 0.0256372 4.08389 159.296
4 58 29 36 0.026587 4.23519 159.296
4 58 32 39 0.0284507 4.19373 147.403
4 58 35 42 0.0311777 3.92355 125.845
4 58 38 45 0.0408079 4.01325 98.345
4 58 41 48 0.0600968 4.15161 69.0821
4 58 44 51 0.101718 4.25212 41.8032
4 58 47 54 0.263614 5.10124 19.3511
4 58 50 57 1.77842 6.36433 3.57865
5 17 6 9 2.04406 8.18987 4.00667
5 17 7 10 0.818934 7.50387 9.16298
5 17 8 11 0.375413 5.30728 14.1372
5 17 9 12 0.354835 6.12018 17.248
5 17 10 13 0.293784 5.06717 17.248
5 17 11 14 0.449396 6.35318 14.1372
5 17 12 15 0.663376 6.0785 9.16298
5 17 13 16 2.83733 11.3682 4.00667
5 27 6 11 2.19874 8.14363 3.70377
5 27 7 12 0.856214 7.19584 8.40426
5 27 8 13 0.36592 5.06129 13.8317
5 27 9 14 0.291474 5.71391 19.6035
5 27 10 15 0.174759 4.40947 25.2317
5 27 11 16 0.14891 4.49103 30.1593
5 27 12 17 0.129623 4.38549 33.8325
5 27 13 18 0.127671 4.57035 35.7978
5 27 14 19 0.118596 4.24548 35.7978
5 27 15 20 0.13284 4.49431 33.8325
5 27 16 21 0.152964 4.61327 30.1593
5 27 17 22 0.196704 4.96318 25.2317
5 27 18 23 0.303829 5.95613 19.6035
5 27 19 24 0.406563 5.62344 13.8317
5 27 20 25 0.789348 6.63388 8.40426
5 27 21 26 2.41479 8.94382 3.70377
5 59 6 13 2.24382 8.02986 3.57865
5 59 9 16 0.293431 5.67822 19.3511
5 59 12 19 0.1073 4.48547 41.8032
5 59 15 22 0.0654507 4.52147 69.0821
5 59 18 25 0.0427548 4.20472 98.345
5 59 21 28 0.0327218 4.11787 125.845
5 59 24 31 0.0288543 4.25323 147.403
5 59 27 34 0.0262657 4.184 159.296
5 59 30 37 0.0268109 4.27086 159.296
5 59 33 40 0.0282335 4.16172 147.403
5 59 36 43 0.0330979 4.1652 125.845
5 59 39 46 0.0416568 4.09674 98.345
5 59 42 49 0.0618695 4.27407 69.0821
5 59 45 52 0.106892 4.46841 41.8032
5 59 48 55 0.261695 5.0641 19.3511
5 59 51 58 2.70993 9.6979 3.57865
6 18 7 10 2.78922 11.1755 4.00667
6 18 8 11 0.661084 6.0575 9.16298
6 18 9 12 0.481531 6.80749 14.1372
6 18 10 13 0.287005 4.95026 17.248
6 18 11 14 0.322308 5.55915 17.248
6 18 12 15 0.360766 5.1002 14.1372
6 18 13 16 0.827756 7.58471 9.16298
6 18 14 17 2.35579 9.43887 4.00667
6 28 7 12 2.89585 10.7256 3.70377
6 28 8 13 0.706787 5.94002 8.40426
6 28 9 14 0.482984 6.68048 13.8317
6 28 10 15 0.248043 4.86251 19.6035
6 28 11 16 0.191735 4.83779 25.2317
6 28 12 17 0.154174 4.64977 30.1593
6 28 13 18 0.141207 4.77738 33.8325
6 28 14 19 0.121113 4.33557 35.7978
6 28 15 20 0.128477 4.59917 35.7978
6 28 16 21 0.136055 4.6031 33.8325
6 28 17 22 0.162035 4.88687 30.1593
6 28 18 23 0.226388 5.71215 25.2317
6 28 19 24 0.282178 5.5317 19.6035
6 28 20 25 0.474802 6.56731 13.8317
6 28 21 26 0.985797 8.2849 8.40426
6 28 22 27 2.66987 9.8886 3.70377
6 60 7 14 2.9498 10.5563 3.57865
6 60 10 17 0.260157 5.03433 19.3511
6 60 13 20 0.114207 4.77423 41.8032
6 60 16 23 0.0645879 4.46186 69.0821
6 60 19 26 0.0443379 4.36041 98.345
6 60 22 29 0.033741 4.24613 125.845
6 60 25 32 0.027898 4.11226 147.403
6 60 28 35 0.0278926 4.44317 159.296
6 60 31 38 0.0258354 4.11547 159.296
6 60 34 41 0.0277739 4.09397 147.403
6 60 37 44 0.0312037 3.92682 125.845
6 60 40 47 0.0413983 4.07131 98.345
6 60 43 50 0.0567586 3.921 69.0821
6 60 46 53 0.104854 4.38321 41.8032
6 60 49 56 0.238937 4.62369 19.3511
6 60 52 59 2.30566 8.25113 3.57865
7 19 8 11 1.40427 5.62645 4.00667
7 19 9 12 0.76829 7.03983 9.16298
7 19 10 13 0.342831 4.84666 14.1372
7 19 11 14 0.305939 5.27683 17.248
7 19 12 15 0.281164 4.8495 17.248
7 19 13 16 0.465503 6.58089 14.1372
7 19 14 17 0.835341 7.65422 9.16298
7 19 15 18 2.99123 11.9849 4.00667
7 29 8 13 1.5002 5.55642 3.70377
7 29 9 14 0.813613 6.83781 8.40426
7 29 10 15 0.346638 4.79459 13.8317
7 29 11 16 0.244043 4.78411 19.6035
7 29 12 17 0.182488 4.60448 25.2317
7 29 13 18 0.1561 4.70787 30.1593
7 29 14 19 0.123869 4.1908 33.8325
7 29 15 20 0.12473 4.46504 35.7978
7 29 16 21 0.121029 4.33256 35.7978
7 29 17 22 0.132608 4.48646 33.8325
7 29 18 23 0.167049 5.03808 30.1593
7 29 19 24 0.193074 4.87159 25.2317
7 29 20 25 0.282861 5.54508 19.6035
7 29 21 26 0.467101 6.46079 13.8317
7 29 22 27 0.823616 6.92189 8.40426
7 61 8 15 1.54888 5.54289 3.57865
7 61 11 18 0.250527 4.84797 19.3511
7 61 14 21 0.10217 4.27104 41.8032
7 61 17 24 0.0619082 4.27674 69.0821
7 61 20 27 0.0430269 4.23148 98.345
7 61 23 30 0.0316951 3.98866 125.845
7 61 26 33 0.0272511 4.01691 147.403
7 61 29 36 0.0262675 4.18429 159.296
7 61 32 39 0.026206 4.17449 159.296
7 61 35 42 0.0264728 3.90218 147.403
7 61 38 45 0.0317217 3.99201 125.845
7 61 41 48 0.0415483 4.08607 98.345
7 61 44 51 0.0591148 4.08377 69.0821
7 61 47 54 0.107557 4.49622 41.8032
7 61 50 57 0.244866 4.73844 19.3511
7 61 53 60 1.97709 7.07531 3.57865
8 20 9 12 2.65304 10.6299 4.00667
8 20 10 13 0.609326 5.58324 9.16298
8 20 11 14 0.400484 5.66171 14.1372
8 20 12 15 0.290024 5.00233 17.248
8 20 13 16 0.345546 5.95996 17.248
8 20 14 17 0.433665 6.13079 14.1372
8 20 15 18 0.895509 8.20553 9.16298
8 20 16 19 2.08943 8.37166 4.00667
8 30 9 14 2.77179 10.2661 3.70377
8 30 10 15 0.665501 5.59304 8.40426
8 30 11 16 0.392181 5.42451 13.8317
8 30 12 17 0.260309 5.10298 19.6035
8 30 13 18 0.202842 5.11804 25.2317
8 30 14 19 0.145461 4.387 30.1593
8 30 15 20 0.138153 4.67405 33.8325
8 30 16 21 0.122459 4.38375 35.7978
8 30 17 22 0.123992 4.43862 35.7978
8 30 18 23 0.141044 4.77187 33.8325
8 30 19 24 0.152523 4.59999 30.1593
8 30 20 25 0.202786 5.11664 25.2317
8 30 21 26 0.289478 5.67478 19.6035
8 30 22 27 0.425762 5.88899 13.8317
8 30 23 28 0.772298 6.49059 8.40426
8 30 24 29 2.63147 9.74636 3.70377
8 62 9 16 2.816 10.0775 3.57865
8 62 12 19 0.26789 5.18398 19.3511
8 62 15 22 0.117081 4.89438 41.8032
8 62 18 25 0.0624404 4.31351 69.0821
8 62 21 28 0.0423109 4.16107 98.345
8 62 24 31 0.0338407 4.25868 125.845
8 62 27 34 0.0284412 4.19233 147.403
8 62 30 37 0.0268353 4.27475 159.296
8 62 33 40 0.0263229 4.19313 159.296
8 62 36 43 0.0284339 4.19126 147.403
8 62 39 46 0.0327664 4.12348 125.845
8 62 42 49 0.04346 4.27407 98.345
8 62 45 52 0.0632623 4.37029 69.0821
8 62 48 55 0.111388 4.65639 41.8032
8 62 51 58 0.297286 5.75282 19.3511
8 62 54 61 2.51684 9.00688 3.57865
9 21 10 13 1.13145 4.53335 4.00667
9 21 11 14 0.54869 5.02764 9.16298
9 21 12 15 0.327065 4.62377 14.1372
9 21 13 16 0.304828 5.25767 17.248
9 21 14 17 0.290417 5.00911 17.248
9 21 15 18 0.452903 6.40276 14.1372
9 21 16 19 0.685719 6.28323 9.16298
9 21 17 20 1.60568 6.43341 4.00667
9 31 10 15 1.23445 4.57212 3.70377
9 31 11 16 0.579345 4.86897 8.40426
9 31 12 17 0.342175 4.73285 13.8317
9 31 13 18 0.247047 4.84299 19.6035
9 31 14 19 0.163896 4.13538 25.2317
9 31 15 20 0.149301 4.50282 30.1593
9 31 16 21 0.124138 4.1999 33.8325
9 31 17 22 0.118759 4.25131 35.7978
9 31 18 23 0.125318 4.48612 35.7978
9 31 19 24 0.128673 4.35332 33.8325
9 31 20 25 0.158182 4.77067 30.1593
9 31 21 26 0.204237 5.15324 25.2317
9 31 22 27 0.267677 5.24742 19.6035
9 31 23 28 0.403083 5.57531 13.8317
9 31 24 29 0.90293 7.58846 8.40426
9 31 25 30 2.58131 9.56059 3.70377
9 63 10 17 1.28836 4.61057 3.57865
9 63 13 20 0.248375 4.80634 19.3511
9 63 16 23 0.102873 4.30042 41.8032
9 63 19 26 0.0604836 4.17833 69.0821
9 63 22 29 0.0413837 4.06988 98.345
9 63 25 32 0.0313965 3.95109 125.845
9 63 28 35 0.0292881 4.31716 147.403
9 63 31 38 0.0253537 4.03874 159.296
9 63 34 41 0.0254293 4.05077 159.296
9 63 37 44 0.0263827 3.8889 147.403
9 63 40 47 0.0320509 4.03343 125.845
9 63 43 50 0.0393027 3.86522 98.345
9 63 46 53 0.0605554 4.18329 69.0821
9 63 49 56 0.100432 4.19839 41.8032
9 63 52 59 0.26851 5.19596 19.3511
9 63 55 62 1.60754 5.75281 3.57865
10 22 11 14 2.43232 9.7455 4.00667
10 22 12 15 0.817529 7.491 9.16298
10 22 13 16 0.492322 6.96003 14.1372
10 22 14 17 0.307061 5.29617 17.248
10 22 15 18 0.366544 6.32213 17.248
10 22 16 19 0.41818 5.91189 14.1372
10 22 17 20 0.673932 6.17522 9.16298
10 22 18 21 2.24907 9.01126 4.00667
10 32 11 16 2.54361 9.42094 3.70377
10 32 12 17 0.898716 7.55304 8.40426
10 32 13 18 0.496499 6.86741 13.8317
10 32 14 19 0.260329 5.10337 19.6035
10 32 15 20 0.215761 5.44401 25.2317
10 32 16 21 0.158018 4.76572 30.1593
10 32 17 22 0.137338 4.64651 33.8325
10 32 18 23 0.13004 4.65513 35.7978
10 32 19 24 0.124467 4.45565 35.7978
10 32 20 25 0.140006 4.73675 33.8325
10 32 21 26 0.16384 4.9413 30.1593
10 32 22 27 0.195334 4.92861 25.2317
10 32 23 28 0.257635 5.05056 19.6035
10 32 24 29 0.465826 6.44316 13.8317
10 32 25 30 0.877588 7.37548 8.40426
10 32 26 31 2.31615 8.57848 3.70377
11 23 12 15 2.32584 9.31887 4.00667
11 23 13 16 0.915455 8.38829 9.16298
11 23 14 17 0.381888 5.39882 14.1372
11 23 15 18 0.355326 6.12865 17.248
11 23 16 19 0.299296 5.16225 17.248
11 23 17 20 0.357789 5.05812 14.1372
11 23 18 21 0.653232 5.98555 9.16298
11 23 19 22 1.8191 7.28855 4.00667
11 33 12 17 2.48724 9.21218 3.70377
11 33 13 18 0.978171 8.2208 8.40426
11 33 14 19 0.397336 5.49583 13.8317
11 33 15 20 0.302513 5.93032 19.6035
11 33 16 21 0.199167 5.02533 25.2317
11 33 17 22 0.160034 4.8265 30.1593
11 33 18 23 0.138468 4.68473 33.8325
11 33 19 24 0.124666 4.46276 35.7978
11 33 20 25 0.129849 4.64829 35.7978
11 33 21 26 0.139729 4.72738 33.8325
11 33 22 27 0.154234 4.65159 30.1593
11 33 23 28 0.183749 4.6363 25.2317
11 33 24 29 0.291113 5.70684 19.6035
11 33 25 30 0.460183 6.3651 13.8317
11 33 26 31 0.863058 7.25337 8.40426
11 33 27 32 2.06688 7.65527 3.70377
12 24 13 16 2.85834 11.4524 4.00667
12 24 14 17 0.653987 5.99247 9.16298
12 24 15 18 0.490399 6.93286 14.1372
12 24 16 19 0.324145 5.59084 17.248
12 24 17 20 0.316867 5.46531 17.248
12 24 18 21 0.439485 6.21308 14.1372
12 24 19 22 0.86543 7.92992 9.16298
12 24 20 23 4.03661 16.1733 4.00667
12 34 13 18 2.98823 11.0677 3.70377
12 34 14 19 0.71656 6.02215 8.40426
12 34 15 20 0.481191 6.65568 13.8317
12 34 16 21 0.277368 5.43739 19.6035
12 34 17 22 0.204308 5.15504 25.2317
12 34 18 23 0.160037 4.82661 30.1593
12 34 19 24 0.135101 4.5708 33.8325
12 34 20 25 0.130608 4.67549 35.7978
12 34 21 26 0.12991 4.65048 35.7978
12 34 22 27 0.134102 4.537 33.8325
12 34 23 28 0.146947 4.4318 30.1593
12 34 24 29 0.209714 5.29143 25.2317
12 34 25 30 0.296798 5.81829 19.6035
12 34 26 31 0.472413 6.53426 13.8317
12 34 27 32 0.848322 7.12952 8.40426
12 34 28 33 2.63286 9.7515 3.70377
13 25 14 17 1.34542 5.39067 4.00667
13 25 15 18 0.766414 7.02263 9.16298
13 25 16 19 0.387017 5.47132 14.1372
13 25 17 20 0.300595 5.18466 17.248
13 25 18 21 0.296841 5.11989 17.248
13 25 19 22 0.406169 5.74208 14.1372
13 25 20 23 0.875015 8.01774 9.16298
13 25 21 24 1.71784 6.88281 4.00667
13 35 14 19 1.47125 5.44916 3.70377
13 35 15 20 0.808068 6.79121 8.40426
13 35 16 21 0.396039 5.47788 13.8317
13 35 17 22 0.26685 5.23121 19.6035
13 35 18 23 0.189742 4.78751 25.2317
13 35 19 24 0.150042 4.52516 30.1593
13 35 20 25 0.133967 4.53243 33.8325
13 35 21 26 0.122615 4.38934 35.7978
13 35 22 27 0.117313 4.19956 35.7978
13 35 23 28 0.116372 3.93715 33.8325
13 35 24 29 0.150437 4.53708 30.1593
13 35 25 30 0.186967 4.7175 25.2317
13 35 26 31 0.256636 5.03098 19.6035
13 35 27 32 0.381682 5.2793 13.8317
13 35 28 33 0.722626 6.07314 8.40426
13 35 29 34 1.70489 6.31452 3.70377
14 26 15 18 2.7689 11.0941 4.00667
14 26 16 19 0.751694 6.88775 9.16298
14 26 17 20 0.439081 6.20736 14.1372
14 26 18 21 0.308118 5.31441 17.248
14 26 19 22 0.308805 5.32625 17.248
14 26 20 23 0.448731 6.34378 14.1372
14 26 21 24 0.583718 5.34859 9.16298
14 26 22 25 1.48276 5.94094 4.00667
14 36 15 20 2.88899 10.7002 3.70377
14 36 16 21 0.819315 6.88574 8.40426
14 36 17 22 0.460134 6.36442 13.8317
14 36 18 23 0.27925 5.47429 19.6035
14 36 19 24 0.201186 5.07626 25.2317
14 36 20 25 0.163343 4.92632 30.1593
14 36 21 26 0.136879 4.63095 33.8325
14 36 22 27 0.122284 4.37749 35.7978
14 36 23 28 0.111663 3.99728 35.7978
14 36 24 29 0.133827 4.5277 33.8325
14 36 25 30 0.152843 4.60965 30.1593
14 36 26 31 0.192172 4.84882 25.2317
14 36 27 32 0.260705 5.11074 19.6035
14 36 28 33 0.416532 5.76133 13.8317
14 36 29 34 0.745486 6.26526 8.40426
14 36 30 35 2.9138 10.7921 3.70377
15 27 16 19 1.57655 6.31671 4.00667
15 27 17 20 0.684276 6.27 9.16298
15 27 18 21 0.375129 5.30326 14.1372
15 27 19 22 0.308766 5.32559 17.248
15 27 20 23 0.358877 6.1899 17.248
15 27 21 24 0.395018 5.58444 14.1372
15 27 22 25 0.725842 6.65088 9.16298
15 27 23 26 2.24885 9.01041 4.00667
15 37 16 21 1.69301 6.27052 3.70377
15 37 17 22 0.739402 6.21413 8.40426
15 37 18 23 0.381455 5.27616 13.8317
15 37 19 24 0.252681 4.95343 19.6035
15 37 20 25 0.189656 4.78534 25.2317
15 37 21 26 0.147937 4.46168 30.1593
15 37 22 27 0.124908 4.22597 33.8325
15 37 23 28 0.106137 3.79946 35.7978
15 37 24 29 0.118559 4.24416 35.7978
15 37 25 30 0.124823 4.22309 33.8325
15 37 26 31 0.143766 4.33588 30.1593
15 37 27 32 0.178744 4.51001 25.2317
15 37 28 33 0.247902 4.85976 19.6035
15 37 29 34 0.365745 5.05886 13.8317
15 37 30 35 0.803522 6.75301 8.40426
15 37 31 36 1.74406 6.45959 3.70377
16 28 17 20 2.80594 11.2425 4.00667
16 28 18 21 0.811727 7.43784 9.16298
16 28 19 22 0.465147 6.57586 14.1372
16 28 20 23 0.379333 6.54272 17.248
16 28 21 24 0.329725 5.68709 17.248
16 28 22 25 0.467008 6.60217 14.1372
16 28 23 26 0.896349 8.21323 9.16298
16 28 24 27 2.54015 10.1775 4.00667
16 38 17 22 2.94777 10.9179 3.70377
16 38 18 23 0.876334 7.36494 8.40426
16 38 19 24 0.463936 6.41701 13.8317
16 38 20 25 0.292914 5.74215 19.6035
16 38 21 26 0.201366 5.08081 25.2317
16 38 22 27 0.155927 4.70264 30.1593
16 38 23 28 0.120467 4.07569 33.8325
16 38 24 29 0.125003 4.47483 35.7978
16 38 25 30 0.121036 4.33282 35.7978
16 38 26 31 0.12945 4.37961 33.8325
16 38 27 32 0.151249 4.56155 30.1593
16 38 28 33 0.193005 4.86983 25.2317
16 38 29 34 0.256994 5.03799 19.6035
16 38 30 35 0.465894 6.44409 13.8317
16 38 31 36 0.769564 6.46762 8.40426
16 38 32 37 2.33322 8.64172 3.70377
17 29 18 21 2.36089 9.45931 4.00667
17 29 19 22 0.848585 7.77557 9.16298
17 29 20 23 0.476465 6.73586 14.1372
17 29 21 24 0.317083 5.46903 17.248
17 29 22 25 0.33525 5.78238 17.248
17 29 23 26 0.442228 6.25184 14.1372
17 29 24 27 0.773268 7.08544 9.16298
17 29 25 28 2.08909 8.37029 4.00667
17 39 18 23 2.49807 9.25227 3.70377
17 39 19 24 0.904018 7.5976 8.40426
17 39 20 25 0.457751 6.33146 13.8317
17 39 21 26 0.275529 5.40135 19.6035
17 39 22 27 0.196187 4.95012 25.2317
17 39 23 28 0.138245 4.16937 30.1593
17 39 24 29 0.134234 4.54149 33.8325
17 39 25 30 0.118928 4.25736 35.7978
17 39 26 31 0.11779 4.21661 35.7978
17 39 27 32 0.129188 4.37074 33.8325
17 39 28 33 0.151765 4.57712 30.1593
17 39 29 34 0.18266 4.60883 25.2317
17 39 30 35 0.285847 5.60362 19.6035
17 39 31 36 0.405235 5.60507 13.8317
17 39 32 37 0.792487 6.66027 8.40426
17 39 33 38 1.7217 6.3768 3.70377
18 30 19 22 2.95176 11.8267 4.00667
18 30 20 23 0.897892 8.22737 9.16298
18 30 21 24 0.433303 6.12567 14.1372
18 30 22 25 0.343684 5.92784 17.248
18 30 23 26 0.322481 5.56213 17.248
18 30 24 27 0.429016 6.06507 14.1372
18 30 25 28 0.717179 6.57149 9.16298
18 30 26 29 2.47627 9.9216 4.00667
18 40 19 24 3.0872 11.4343 3.70377
18 40 20 25 0.936341 7.86926 8.40426
18 40 21 26 0.450563 6.23205 13.8317
18 40 22 27 0.285649 5.59974 19.6035
18 40 23 28 0.179096 4.5189 25.2317
18 40 24 29 0.160494 4.84039 30.1593
18 40 25 30 0.130012 4.39863 33.8325
18 40 26 31 0.118896 4.25621 35.7978
18 40 27 32 0.122814 4.39646 35.7978
18 40 28 33 0.13434 4.54506 33.8325
18 40 29 34 0.149238 4.5009 30.1593
18 40 30 35 0.209036 5.27434 25.2317
18 40 31 36 0.26993 5.29158 19.6035
18 40 32 37 0.444126 6.14301 13.8317
18 40 33 38 0.718116 6.03524 8.40426
18 40 34 39 2.41867 8.95822 3.70377
19 31 20 23 2.14444 8.59207 4.00667
19 31 21 24 0.691799 6.33894 9.16298
19 31 22 25 0.430521 6.08634 14.1372
19 31 23 26 0.302146 5.21139 17.248
19 31 24 27 0.322164 5.55667 17.248
19 31 25 28 0.394798 5.58133 14.1372
19 31 26 29 0.82792 7.58621 9.16298
19 31 27 30 2.46304 9.86858 4.00667
19 41 20 25 2.24125 8.30107 3.70377
19 41 21 26 0.759989 6.38715 8.40426
19 41 22 27 0.423239 5.85411 13.8317
19 41 23 28 0.236778 4.64168 19.6035
19 41 24 29 0.197963 4.99494 25.2317
19 41 25 30 0.147097 4.43634 30.1593
19 41 26 31 0.125399 4.24258 33.8325
19 41 27 32 0.123019 4.4038 35.7978
19 41 28 33 0.126562 4.53064 35.7978
19 41 29 34 0.131032 4.43316 33.8325
19 41 30 35 0.16803 5.06765 30.1593
19 41 31 36 0.202185 5.10148 25.2317
19 41 32 37 0.298711 5.8558 19.6035
19 41 33 38 0.4237 5.86048 13.8317
19 41 34 39 0.956059 8.03497 8.40426
19 41 35 40 2.9249 10.8332 3.70377
20 32 21 24 1.62042 6.4925 4.00667
20 32 22 25 0.696717 6.384 9.16298
20 32 23 26 0.362559 5.12556 14.1372
20 32 24 27 0.316181 5.45348 17.248
20 32 25 28 0.291351 5.02522 17.248
20 32 26 29 0.438732 6.20243 14.1372
20 32 27 30 0.824317 7.5532 9.16298
20 32 28 31 2.20796 8.84655 4.00667
20 42 21 26 1.75511 6.50053 3.70377
20 42 22 27 0.733686 6.16609 8.40426
20 42 23 28 0.345382 4.7772 13.8317
20 42 24 29 0.265354 5.20188 19.6035
20 42 25 30 0.17827 4.49805 25.2317
20 42 26 31 0.140058 4.22406 30.1593
20 42 27 32 0.130017 4.39881 33.8325
20 42 28 33 0.125323 4.48627 35.7978
20 42 29 34 0.120149 4.30106 35.7978
20 42 30 35 0.140838 4.76491 33.8325
20 42 31 36 0.157555 4.75175 30.1593
20 42 32 37 0.210515 5.31166 25.2317
20 42 33 38 0.268615 5.26579 19.6035
20 42 34 39 0.47221 6.53145 13.8317
20 42 35 40 0.921702 7.74622 8.40426
20 42 36 41 2.49327 9.2345 3.70377
21 33 22 25 2.28675 9.16227 4.00667
21 33 23 26 0.663547 6.08007 9.16298
21 33 24 27 0.44716 6.32158 14.1372
21 33 25 28 0.291528 5.02825 17.248
21 33 26 29 0.316945 5.46665 17.248
21 33 27 30 0.460588 6.51142 14.1372
21 33 28 31 0.82392 7.54956 9.16298
21 33 29 32 1.92176 7.69984 4.00667
21 43 22 27 2.39218 8.8601 3.70377
21 43 23 28 0.693533 5.82863 8.40426
21 43 24 29 0.450856 6.2361 13.8317
21 43 25 30 0.253796 4.97531 19.6035
21 43 26 31 0.177214 4.4714 25.2317
21 43 27 32 0.152657 4.60401 30.1593
21 43 28 33 0.135919 4.59848 33.8325
21 43 29 34 0.118638 4.24698 35.7978
21 43 30 35 0.125071 4.47728 35.7978
21 43 31 36 0.128665 4.35305 33.8325
21 43 32 37 0.154421 4.65723 30.1593
21 43 33 38 0.177765 4.48531 25.2317
21 43 34 39 0.257784 5.05348 19.6035
21 43 35 40 0.383391 5.30294 13.8317
21 43 36 41 0.658023 5.53019 8.40426
21 43 37 42 1.72078 6.37338 3.70377
22 34 23 26 1.82032 7.29343 4.00667
22 34 24 27 0.86344 7.91168 9.16298
22 34 25 28 0.387446 5.47739 14.1372
22 34 26 29 0.304406 5.25037 17.248
22 34 27 30 0.35083 6.0511 17.248
22 34 28 31 0.484125 6.84415 14.1372
22 34 29 32 0.777753 7.12653 9.16298
22 34 30 33 2.47572 9.91939 4.00667
22 44 23 28 1.90822 7.06763 3.70377
22 44 24 29 0.919811 7.73033 8.40426
22 44 25 30 0.403712 5.58402 13.8317
22 44 26 31 0.245241 4.80759 19.6035
22 44 27 32 0.196527 4.95872 25.2317
22 44 28 33 0.162904 4.91306 30.1593
22 44 29 34 0.130918 4.42928 33.8325
22 44 30 35 0.128003 4.58222 35.7978
22 44 31 36 0.123932 4.4365 35.7978
22 44 32 37 0.138989 4.70234 33.8325
22 44 33 38 0.150744 4.54634 30.1593
22 44 34 39 0.199949 5.04506 25.2317
22 44 35 40 0.266669 5.22766 19.6035
22 44 36 41 0.39958 5.52686 13.8317
22 44 37 42 0.749162 6.29615 8.40426
22 44 38 43 2.70672 10.0251 3.70377
23 35 24 27 3.99338 16.0002 4.00667
23 35 25 28 0.80741 7.39828 9.16298
23 35 26 29 0.402732 5.69349 14.1372
23 35 27 30 0.345157 5.95325 17.248
23 35 28 31 0.345407 5.95757 17.248
23 35 29 32 0.387094 5.47242 14.1372
23 35 30 33 0.668024 6.12109 9.16298
23 35 31 34 1.58895 6.3664 4.00667
23 45 24 29 4.14265 15.3434 3.70377
23 45 25 30 0.897975 7.54682 8.40426
23 45 26 31 0.420442 5.81542 13.8317
23 45 27 32 0.300629 5.8934 19.6035
23 45 28 33 0.225514 5.69009 25.2317
23 45 29 34 0.164227 4.95298 30.1593
23 45 30 35 0.143569 4.85732 33.8325
23 45 31 36 0.128415 4.59698 35.7978
23 45 32 37 0.132196 4.73233 35.7978
23 45 33 38 0.133345 4.51139 33.8325
23 45 34 39 0.160464 4.83948 30.1593
23 45 35 40 0.192248 4.85074 25.2317
23 45 36 41 0.258407 5.06569 19.6035
23 45 37 42 0.400256 5.53621 13.8317
23 45 38 43 0.895469 7.52576 8.40426
23 45 39 44 2.19708 8.13748 3.70377
24 36 25 28 1.66665 6.67771 4.00667
24 36 26 29 0.565129 5.17826 9.16298
24 36 27 30 0.407187 5.75647 14.1372
24 36 28 31 0.339834 5.86144 17.248
24 36 29 32 0.305556 5.27021 17.248
24 36 30 33 0.403502 5.70437 14.1372
24 36 31 34 0.686465 6.29007 9.16298
24 36 32 35 2.80185 11.2261 4.00667
24 46 25 30 1.81283 6.71431 3.70377
24 46 26 31 0.621588 5.22398 8.40426
24 46 27 32 0.405964 5.61516 13.8317
24 46 28 33 0.284092 5.56921 19.6035
24 46 29 34 0.191137 4.8227 25.2317
24 46 30 35 0.155783 4.69831 30.1593
24 46 31 36 0.131311 4.44259 33.8325
24 46 32 37 0.126423 4.52567 35.7978
24 46 33 38 0.119949 4.29389 35.7978
24 46 34 39 0.133039 4.50105 33.8325
24 46 35 40 0.144978 4.37244 30.1593
24 46 36 41 0.178179 4.49576 25.2317
24 46 37 42 0.240805 4.72064 19.6035
24 46 38 43 0.421956 5.83636 13.8317
24 46 39 44 0.683254 5.74224 8.40426
24 46 40 45 2.00817 7.43782 3.70377
25 37 26 29 1.43078 5.73268 4.00667
25 37 27 30 0.722251 6.61797 9.16298
25 37 28 31 0.465346 6.57867 14.1372
25 37 29 32 0.312578 5.39133 17.248
25 37 30 33 0.296869 5.12039 17.248
25 37 31 34 0.365487 5.16695 14.1372
25 37 32 35 0.767199 7.02983 9.16298
25 37 33 36 1.64367 6.58563 4.00667
25 47 26 31 1.56736 5.80515 3.70377
25 47 27 32 0.779294 6.54939 8.40426
25 47 28 33 0.47073 6.51099 13.8317
25 47 29 34 0.277404 5.43811 19.6035
25 47 30 35 0.202034 5.09765 25.2317
25 47 31 36 0.156565 4.7219 30.1593
25 47 32 37 0.138809 4.69627 33.8325
25 47 33 38 0.123052 4.405 35.7978
25 47 34 39 0.126041 4.512 35.7978
25 47 35 40 0.125828 4.25708 33.8325
25 47 36 41 0.143876 4.33921 30.1593
25 47 37 42 0.176828 4.46167 25.2317
25 47 38 43 0.271576 5.32384 19.6035
25 47 39 44 0.372743 5.15566 13.8317
25 47 40 45 0.699421 5.87812 8.40426
25 47 41 46 2.35268 8.71379 3.70377
26 38 27 30 2.27759 9.12553 4.00667
26 38 28 31 0.928622 8.50894 9.16298
26 38 29 32 0.453246 6.40761 14.1372
26 38 30 33 0.325011 5.60577 17.248
26 38 31 34 0.309912 5.34535 17.248
26 38 32 35 0.475997 6.72925 14.1372
26 38 33 36 0.725238 6.64534 9.16298
26 38 34 37 2.22208 8.90314 4.00667
26 48 27 32 2.41003 8.9262 3.70377
26 48 28 33 0.985224 8.28008 8.40426
26 48 29 34 0.464109 6.41941 13.8317
26 48 30 35 0.290731 5.69935 19.6035
26 48 31 36 0.203849 5.14345 25.2317
26 48 32 37 0.164908 4.97351 30.1593
26 48 33 38 0.135788 4.59404 33.8325
26 48 34 39 0.128492 4.59973 35.7978
26 48 35 40 0.117518 4.20689 35.7978
26 48 36 41 0.125619 4.25 33.8325
26 48 37 42 0.142025 4.28337 30.1593
26 48 38 43 0.197854 4.9922 25.2317
26 48 39 44 0.245101 4.80485 19.6035
26 48 40 45 0.38012 5.25769 13.8317
26 48 41 46 0.792828 6.66313 8.40426
26 48 42 47 2.46774 9.13995 3.70377
27 39 28 31 2.55796 10.2489 4.00667
27 39 29 32 0.779392 7.14155 9.16298
27 39 30 33 0.415179 5.86946 14.1372
27 39 31 34 0.304623 5.25413 17.248
27 39 32 35 0.34545 5.95831 17.248
27 39 33 36 0.40952 5.78945 14.1372
27 39 34 37 0.749373 6.86649 9.16298
27 39 35 38 1.56976 6.28952 4.00667
27 49 28 33 2.67926 9.92337 3.70377
27 49 29 34 0.836861 7.0332 8.40426
27 49 30 35 0.432244 5.97866 13.8317
27 49 31 36 0.27084 5.30942 19.6035
27 49 32 37 0.199889 5.04353 25.2317
27 49 33 38 0.153417 4.62695 30.1593
27 49 34 39 0.135147 4.57236 33.8325
27 49 35 40 0.113635 4.06788 35.7978
27 49 36 41 0.113948 4.0791 35.7978
27 49 37 42 0.119072 4.02852 33.8325
27 49 38 43 0.151983 4.5837 30.1593
27 49 39 44 0.17267 4.35675 25.2317
27 49 40 45 0.234149 4.59014 19.6035
27 49 41 46 0.382033 5.28416 13.8317
27 49 42 47 0.694676 5.83824 8.40426
27 49 43 48 1.91647 7.09818 3.70377
28 40 30 33 0.727115 6.66254 9.16298
28 40 31 34 0.402451 5.68951 14.1372
28 40 32 35 0.340977 5.88116 17.248
28 40 33 36 0.323218 5.57484 17.248
28 40 34 37 0.448414 6.3393 14.1372
28 40 35 38 0.637481 5.84122 9.16298
28 40 36 39 2.2855 9.15725 4.00667
28 50 30 35 0.793647 6.67002 8.40426
28 50 31 36 0.417627 5.77648 13.8317
28 50 32 37 0.273407 5.35974 19.6035
28 50 33 38 0.193079 4.87171 25.2317
28 50 34 39 0.158022 4.76585 30.1593
28 50 35 40 0.122395 4.14092 33.8325
28 50 36 41 0.116053 4.15442 35.7978
28 50 37 42 0.113742 4.07172 35.7978
28 50 38 43 0.136583 4.62094 33.8325
28 50 39 44 0.146722 4.42504 30.1593
28 50 40 45 0.185243 4.67399 25.2317
28 50 41 46 0.272625 5.34441 19.6035
28 50 42 47 0.423713 5.86066 13.8317
28 50 43 48 0.808417 6.79415 8.40426
28 50 44 49 2.68439 9.94236 3.70377
29 41 30 33 2.50899 10.0527 4.00667
29 41 31 34 0.839022 7.68794 9.16298
29 41 32 35 0.486465 6.87724 14.1372
29 41 33 36 0.351822 6.06821 17.248
29 41 34 37 0.367841 6.34451 17.248
29 41 35 38 0.399416 5.64661 14.1372
29 41 36 39 0.890946 8.16372 9.16298
29 41 37 40 2.78375 11.1536 4.00667
29 51 30 35 2.66381 9.86613 3.70377
29 51 31 36 0.9132 7.67477 8.40426
29 51 32 37 0.475523 6.57728 13.8317
29 51 33 38 0.292518 5.7344 19.6035
29 51 34 39 0.212342 5.35775 25.2317
29 51 35 40 0.146896 4.43026 30.1593
29 51 36 41 0.128374 4.3432 33.8325
29 51 37 42 0.114542 4.10034 35.7978
29 51 38 43 0.126533 4.5296 35.7978
29 51 39 44 0.126255 4.27152 33.8325
29 51 40 45 0.146235 4.41034 30.1593
29 51 41 46 0.193465 4.88144 25.2317
29 51 42 47 0.263317 5.16194 19.6035
29 51 43 48 0.404268 5.59171 13.8317
29 51 44 49 0.826785 6.94851 8.40426
29 51 45 50 1.81534 6.72362 3.70377
30 42 31 34 2.42451 9.71422 4.00667
30 42 32 35 0.844413 7.73734 9.16298
30 42 33 36 0.465495 6.58079 14.1372
30 42 34 37 0.370997 6.39894 17.248
30 42 35 38 0.299693 5.1691 17.248
30 42 36 39 0.462034 6.53185 14.1372
30 42 37 40 0.856036 7.84384 9.16298
30 42 38 41 2.37373 9.51073 4.00667
30 52 31 36 2.58163 9.56177 3.70377
30 52 32 37 0.887892 7.46208 8.40426
30 52 33 38 0.462232 6.39345 13.8317
30 52 34 39 0.30121 5.90479 19.6035
30 52 35 40 0.184075 4.64453 25.2317
30 52 36 41 0.149087 4.49637 30.1593
30 52 37 42 0.12206 4.12959 33.8325
30 52 38 43 0.125041 4.47618 35.7978
30 52 39 44 0.116417 4.16745 35.7978
30 52 40 45 0.124983 4.22848 33.8325
30 52 41 46 0.151197 4.56 30.1593
30 52 42 47 0.186178 4.69759 25.2317
30 52 43 48 0.247693 4.85566 19.6035
30 52 44 49 0.407453 5.63576 13.8317
30 52 45 50 0.6364 5.34847 8.40426
30 52 46 51 2.12564 7.87288 3.70377
31 43 32 35 2.21664 8.88134 4.00667
31 43 33 36 0.813439 7.45352 9.16298
31 43 34 37 0.483946 6.84162 14.1372
31 43 35 38 0.284544 4.90781 17.248
31 43 36 39 0.306434 5.28536 17.248
31 43 37 40 0.3764 5.32123 14.1372
31 43 38 41 0.617202 5.65541 9.16298
31 43 39 42 1.60875 6.44573 4.00667
31 53 32 37 2.33322 8.6417 3.70377
31 53 33 38 0.868306 7.29747 8.40426
31 53 34 39 0.479536 6.63279 13.8317
31 53 35 40 0.254471 4.98853 19.6035
31 53 36 41 0.189421 4.77941 25.2317
31 53 37 42 0.141371 4.26364 30.1593
31 53 38 43 0.13452 4.55116 33.8325
31 53 39 44 0.117132 4.19308 35.7978
31 53 40 45 0.11732 4.1998 35.7978
31 53 41 46 0.131627 4.45327 33.8325
31 53 42 47 0.149506 4.50901 30.1593
31 53 43 48 0.179864 4.53828 25.2317
31 53 44 49 0.261217 5.12077 19.6035
31 53 45 50 0.350795 4.85208 13.8317
31 53 46 51 0.705222 5.92687 8.40426
31 53 47 52 2.37909 8.81161 3.70377
32 44 33 36 1.96142 7.85876 4.00667
32 44 34 37 0.819557 7.50958 9.16298
32 44 35 38 0.367584 5.1966 14.1372
32 44 36 39 0.313186 5.40182 17.248
32 44 37 40 0.3002 5.17784 17.248
32 44 38 41 0.397089 5.61371 14.1372
32 44 39 42 0.691466 6.33588 9.16298
32 44 40 43 2.57588 10.3207 4.00667
32 54 33 38 2.07483 7.6847 3.70377
32 54 34 39 0.854594 7.18223 8.40426
32 54 35 40 0.375561 5.19464 13.8317
32 54 36 41 0.254149 4.98222 19.6035
32 54 37 42 0.171954 4.3387 25.2317
32 54 38 43 0.151927 4.58201 30.1593
32 54 39 44 0.123737 4.18633 33.8325
32 54 40 45 0.115841 4.14683 35.7978
32 54 41 46 0.120846 4.32602 35.7978
32 54 42 47 0.127184 4.30295 33.8325
32 54 43 48 0.139653 4.21185 30.1593
32 54 44 49 0.184065 4.64426 25.2317
32 54 45 50 0.223339 4.37823 19.6035
32 54 46 51 0.355065 4.91115 13.8317
32 54 47 52 0.701676 5.89707 8.40426
32 54 48 53 1.92138 7.11634 3.70377
33 45 34 37 2.54057 10.1792 4.00667
33 45 35 38 0.656083 6.01167 9.16298
33 45 36 39 0.413545 5.84636 14.1372
33 45 37 40 0.29108 5.02054 17.248
33 45 38 41 0.304594 5.25362 17.248
33 45 39 42 0.391441 5.53386 14.1372
33 45 40 43 0.835508 7.65574 9.16298
33 45 41 44 2.08544 8.35567 4.00667
33 55 34 39 2.63814 9.77106 3.70377
33 55 35 40 0.712295 5.98631 8.40426
33 55 36 41 0.406636 5.62445 13.8317
33 55 37 42 0.238033 4.66629 19.6035
33 55 38 43 0.192106 4.84715 25.2317
33 55 39 44 0.144711 4.36438 30.1593
33 55 40 45 0.126381 4.27581 33.8325
33 55 41 46 0.123027 4.40409 35.7978
33 55 42 47 0.120791 4.32404 35.7978
33 55 43 48 0.122678 4.15051 33.8325
33 55 44 49 0.150378 4.53528 30.1593
33 55 45 50 0.170216 4.29485 25.2317
33 55 46 51 0.237446 4.65478 19.6035
33 55 47 52 0.382243 5.28706 13.8317
33 55 48 53 0.687647 5.77916 8.40426
33 55 49 54 2.07189 7.67382 3.70377
34 46 35 38 1.58105 6.33475 4.00667
34 46 36 39 0.698388 6.39931 9.16298
34 46 37 40 0.357452 5.05336 14.1372
34 46 38 41 0.294599 5.08124 17.248
34 46 39 42 0.283142 4.88362 17.248
34 46 40 43 0.418091 5.91062 14.1372
34 46 41 44 0.6428 5.88996 9.16298
34 46 42 45 1.90474 7.63166 4.00667
34 56 35 40 1.70167 6.30259 3.70377
34 56 36 41 0.741348 6.23048 8.40426
34 56 37 42 0.360395 4.98486 13.8317
34 56 38 43 0.262465 5.14525 19.6035
34 56 39 44 0.181551 4.58084 25.2317
34 56 40 45 0.14783 4.45846 30.1593
34 56 41 46 0.134673 4.55634 33.8325
34 56 42 47 0.123825 4.43265 35.7978
34 56 43 48 0.117069 4.1908 35.7978
34 56 44 49 0.135285 4.57703 33.8325
34 56 45 50 0.145084 4.37563 30.1593
34 56 46 51 0.186141 4.69666 25.2317
34 56 47 52 0.270085 5.29463 19.6035
34 56 48 53 0.418475 5.7882 13.8317
34 56 49 54 0.861611 7.24121 8.40426
34 56 50 55 2.40377 8.903 3.70377
35 47 36 39 2.77376 11.1135 4.00667
35 47 37 40 0.726345 6.65548 9.16298
35 47 38 41 0.440548 6.22809 14.1372
35 47 39 42 0.310491 5.35534 17.248
35 47 40 43 0.333218 5.74733 17.248
35 47 41 44 0.388065 5.48614 14.1372
35 47 42 45 0.662278 6.06844 9.16298
35 47 43 46 2.2201 8.89519 4.00667
35 57 36 41 2.89743 10.7314 3.70377
35 57 37 42 0.787391 6.61744 8.40426
35 57 38 43 0.466032 6.446 13.8317
35 57 39 44 0.278811 5.46569 19.6035
35 57 40 45 0.202989 5.12176 25.2317
35 57 41 46 0.167704 5.05782 30.1593
35 57 42 47 0.140681 4.75959 33.8325
35 57 43 48 0.120267 4.30529 35.7978
35 57 44 49 0.128656 4.60561 35.7978
35 57 45 50 0.128746 4.35582 33.8325
35 57 46 51 0.149887 4.52047 30.1593
35 57 47 52 0.196222 4.951 25.2317
35 57 48 53 0.268982 5.27301 19.6035
35 57 49 54 0.442526 6.12088 13.8317
35 57 50 55 0.811492 6.81999 8.40426
35 57 51 56 1.91931 7.10867 3.70377
36 48 37 40 1.60943 6.44845 4.00667
36 48 38 41 0.700675 6.42027 9.16298
36 48 39 42 0.386227 5.46015 14.1372
36 48 40 43 0.32571 5.61784 17.248
36 48 41 44 0.307928 5.31112 17.248
36 48 42 45 0.387148 5.47317 14.1372
36 48 43 46 0.725629 6.64893 9.16298
36 48 44 47 2.35997 9.45564 4.00667
36 58 37 42 1.72882 6.40317 3.70377
36 58 38 43 0.774039 6.50523 8.40426
36 58 39 44 0.400273 5.53644 13.8317
36 58 40 45 0.265845 5.21151 19.6035
36 58 41 46 0.203426 5.13277 25.2317
36 58 42 47 0.157992 4.76493 30.1593
36 58 43 48 0.12416 4.20065 33.8325
36 58 44 49 0.124208 4.44638 35.7978
36 58 45 50 0.116664 4.17631 35.7978
36 58 46 51 0.124383 4.20821 33.8325
36 58 47 52 0.147914 4.46099 30.1593
36 58 48 53 0.182648 4.60852 25.2317
36 58 49 54 0.257832 5.05443 19.6035
36 58 50 55 0.385961 5.33849 13.8317
36 58 51 56 0.611866 5.14228 8.40426
36 58 52 57 1.72476 6.38812 3.70377
37 49 38 41 2.16926 8.69151 4.00667
37 49 39 42 0.708297 6.49011 9.16298
37 49 40 43 0.438612 6.20073 14.1372
37 49 41 44 0.327012 5.64029 17.248
37 49 42 45 0.301831 5.20596 17.248
37 49 43 46 0.371106 5.24638 14.1372
37 49 44 47 0.655594 6.00719 9.16298
37 49 45 48 1.82907 7.32848 4.00667
37 59 38 43 2.32926 8.62705 3.70377
37 59 39 44 0.780039 6.55565 8.40426
37 59 40 45 0.4347 6.01262 13.8317
37 59 41 46 0.296579 5.814 19.6035
37 59 42 47 0.207894 5.24551 25.2317
37 59 43 48 0.147032 4.43437 30.1593
37 59 44 49 0.1371 4.63843 33.8325
37 59 45 50 0.12076 4.32295 35.7978
37 59 46 51 0.118838 4.25413 35.7978
37 59 47 52 0.131232 4.4399 33.8325
37 59 48 53 0.150432 4.53692 30.1593
37 59 49 54 0.192888 4.86689 25.2317
37 59 50 55 0.262128 5.13865 19.6035
37 59 51 56 0.360023 4.97972 13.8317
37 59 52 57 0.683916 5.74781 8.40426
37 59 53 58 2.66024 9.85293 3.70377
38 50 39 42 1.58852 6.36467 4.00667
38 50 40 43 0.683697 6.2647 9.16298
38 50 41 44 0.421263 5.95546 14.1372
38 50 42 45 0.314463 5.42385 17.248
38 50 43 46 0.299415 5.16429 17.248
38 50 44 47 0.420898 5.9503 14.1372
38 50 45 48 0.766282 7.02143 9.16298
38 50 46 49 2.55268 10.2278 4.00667
38 60 39 44 1.71713 6.35986 3.70377
38 60 40 45 0.714771 6.00712 8.40426
38 60 41 46 0.427536 5.91353 13.8317
38 60 42 47 0.270512 5.30299 19.6035
38 60 43 48 0.173786 4.38491 25.2317
38 60 44 49 0.152358 4.595 30.1593
38 60 45 50 0.126799 4.28992 33.8325
38 60 46 51 0.116173 4.15874 35.7978
38 60 47 52 0.119966 4.29451 35.7978
38 60 48 53 0.128617 4.35146 33.8325
38 60 49 54 0.151507 4.56935 30.1593
38 60 50 55 0.190458 4.80557 25.2317
38 60 51 56 0.236323 4.63277 19.6035
38 60 52 57 0.367828 5.08768 13.8317
38 60 53 58 0.812335 6.82708 8.40426
38 60 54 59 2.25347 8.34634 3.70377
39 51 40 43 2.30838 9.24891 4.00667
39 51 41 44 0.894481 8.19611 9.16298
39 51 42 45 0.459653 6.49818 14.1372
39 51 43 46 0.297373 5.12907 17.248
39 51 44 47 0.318354 5.49096 17.248
39 51 45 48 0.414052 5.85352 14.1372
39 51 46 49 0.769848 7.0541 9.16298
39 51 47 50 1.69036 6.77272 4.00667
39 61 40 45 2.40835 8.91999 3.70377
39 61 41 46 0.957306 8.04545 8.40426
39 61 42 47 0.471325 6.51921 13.8317
39 61 43 48 0.250438 4.90948 19.6035
39 61 44 49 0.199324 5.02929 25.2317
39 61 45 50 0.152495 4.59915 30.1593
39 61 46 51 0.127338 4.30816 33.8325
39 61 47 52 0.121407 4.34611 35.7978
39 61 48 53 0.120775 4.32349 35.7978
39 61 49 54 0.130599 4.41849 33.8325
39 61 50 55 0.152823 4.60903 30.1593
39 61 51 56 0.174237 4.3963 25.2317
39 61 52 57 0.237509 4.65601 19.6035
39 61 53 58 0.408219 5.64635 13.8317
39 61 54 59 0.714886 6.00809 8.40426
39 61 55 60 1.92333 7.12356 3.70377
40 52 41 44 2.81196 11.2666 4.00667
40 52 42 45 0.870466 7.97606 9.16298
40 52 43 46 0.379393 5.36354 14.1372
40 52 44 47 0.31764 5.47865 17.248
40 52 45 48 0.309486 5.338 17.248
40 52 46 49 0.402335 5.68788 14.1372
40 52 47 50 0.581816 5.33117 9.16298
40 52 48 51 2.01431 8.07068 4.00667
40 62 41 46 2.94674 10.9141 3.70377
40 62 42 47 0.934756 7.85593 8.40426
40 62 43 48 0.385544 5.33272 13.8317
40 62 44 49 0.276332 5.41709 19.6035
40 62 45 50 0.194282 4.90205 25.2317
40 62 46 51 0.148743 4.48599 30.1593
40 62 47 52 0.13225 4.47437 33.8325
40 62 48 53 0.123775 4.43088 35.7978
40 62 49 54 0.125102 4.47839 35.7978
40 62 50 55 0.139021 4.70342 33.8325
40 62 51 56 0.149519 4.5094 30.1593
40 62 52 57 0.188774 4.76308 25.2317
40 62 53 58 0.290602 5.69683 19.6035
40 62 54 59 0.440756 6.09639 13.8317
40 62 55 60 0.85244 7.16413 8.40426
40 62 56 61 2.47379 9.16234 3.70377
41 53 42 45 2.37727 9.52495 4.00667
41 53 43 46 0.609071 5.5809 9.16298
41 53 44 47 0.402836 5.69496 14.1372
41 53 45 48 0.307375 5.30159 17.248
41 53 46 49 0.301338 5.19747 17.248
41 53 47 50 0.341288 4.82485 14.1372
41 53 48 51 0.655168 6.00329 9.16298
41 53 49 52 2.256 9.03905 4.00667
41 63 42 47 2.50282 9.26986 3.70377
41 63 43 48 0.657696 5.52745 8.40426
41 63 44 49 0.408375 5.64851 13.8317
41 63 45 50 0.258878 5.07493 19.6035
41 63 46 51 0.179534 4.52994 25.2317
41 63 47 52 0.147599 4.45147 30.1593
41 63 48 53 0.128535 4.34868 33.8325
41 63 49 54 0.119916 4.29271 35.7978
41 63 50 55 0.125097 4.47819 35.7978
41 63 51 56 0.125119 4.23308 33.8325
41 63 52 57 0.143817 4.33741 30.1593
41 63 53 58 0.19655 4.95928 25.2317
41 63 54 59 0.261257 5.12156 19.6035
41 63 55 60 0.408512 5.6504 13.8317
41 63 56 61 0.744695 6.25861 8.40426
41 63 57 62 1.56256 5.78735 3.70377
42 54 43 46 1.61135 6.45615 4.00667
42 54 44 47 0.7096 6.50205 9.16298
42 54 45 48 0.402446 5.68945 14.1372
42 54 46 49 0.292272 5.0411 17.248
42 54 47 50 0.262216 4.52269 17.248
42 54 48 51 0.353186 4.99306 14.1372
42 54 49 52 0.647427 5.93236 9.16298
42 54 50 53 1.83794 7.36404 4.00667
43 55 44 47 2.57966 10.3359 4.00667
43 55 45 48 0.833675 7.63894 9.16298
43 55 46 49 0.414309 5.85715 14.1372
43 55 47 50 0.289995 5.00183 17.248
43 55 48 51 0.290166 5.00477 17.248
43 55 49 52 0.37663 5.32448 14.1372
43 55 50 53 0.658674 6.03542 9.16298
43 55 51 54 1.97826 7.92624 4.00667
44 56 45 48 2.10093 8.41774 4.00667
44 56 46 49 0.650392 5.95953 9.16298
44 56 47 50 0.363523 5.13918 14.1372
44 56 48 51 0.29275 5.04933 17.248
44 56 49 52 0.301184 5.19481 17.248
44 56 50 53 0.424388 5.99965 14.1372
44 56 51 54 0.815934 7.47638 9.16298
44 56 52 55 2.26726 9.08414 4.00667
45 57 46 49 1.91788 7.68432 4.00667
45 57 47 50 0.645092 5.91096 9.16298
45 57 48 51 0.37845 5.35022 14.1372
45 57 49 52 0.288495 4.97595 17.248
45 57 50 53 0.322277 5.55862 17.248
45 57 51 54 0.442933 6.26182 14.1372
45 57 52 55 0.744141 6.81855 9.16298
45 57 53 56 1.78715 7.16053 4.00667
46 58 47 50 2.23686 8.96237 4.00667
46 58 48 51 0.729102 6.68074 9.16298
46 58 49 52 0.371928 5.258 14.1372
46 58 50 53 0.319384 5.50873 17.248
46 58 51 54 0.315565 5.44284 17.248
46 58 52 55 0.377245 5.33318 14.1372
46 58 53 56 0.558232 5.11507 9.16298
46 58 54 57 1.60063 6.4132 4.00667
47 59 48 51 2.34615 9.40024 4.00667
47 59 49 52 0.641881 5.88154 9.16298
47 59 50 53 0.427317 6.04105 14.1372
47 59 51 54 0.321053 5.53751 17.248
47 59 52 55 0.300364 5.18067 17.248
47 59 53 56 0.349609 4.94248 14.1372
47 59 54 57 0.620145 5.68237 9.16298
47 59 55 58 2.54409 10.1933 4.00667
48 60 49 52 1.80805 7.24424 4.00667
48 60 50 53 0.77327 7.08546 9.16298
48 60 51 54 0.418516 5.91662 14.1372
48 60 52 55 0.298445 5.14757 17.248
48 60 53 56 0.274079 4.7273 17.248
48 60 54 57 0.351872 4.97448 14.1372
48 60 55 58 0.758788 6.95276 9.16298
48 60 56 59 2.16641 8.68007 4.00667
49 61 50 53 2.56906 10.2934 4.00667
49 61 51 54 0.782966 7.1743 9.16298
49 61 52 55 0.400063 5.65576 14.1372
49 61 53 56 0.28405 4.89928 17.248
49 61 54 57 0.270455 4.66479 17.248
49 61 55 58 0.403416 5.70316 14.1372
49 61 56 59 0.685386 6.28018 9.16298
49 61 57 60 1.82978 7.33134 4.00667
50 62 51 54 1.73806 6.96384 4.00667
50 62 52 55 0.602604 5.52165 9.16298
50 62 53 56 0.344753 4.87384 14.1372
50 62 54 57 0.265585 4.5808 17.248
50 62 55 58 0.319658 5.51345 17.248
50 62 56 59 0.443907 6.27559 14.1372
50 62 57 60 0.803125 7.35902 9.16298
50 62 58 61 2.31812 9.28792 4.00667
51 63 52 55 2.02204 8.10163 4.00667
51 63 53 56 0.646025 5.91951 9.16298
51 63 54 57 0.341217 4.82384 14.1372
51 63 55 58 0.296792 5.11906 17.248
51 63 56 59 0.31884 5.49933 17.248
51 63 57 60 0.413198 5.84144 14.1372
51 63 58 61 0.674253 6.17817 9.16298
51 63 59 62 1.43069 5.73229 4.00667
