64
# x y z
0.0 0.0 0.0
0.5 0.0 0.0
1.0 0.0 0.0
1.5 0.0 0.0
2.0 0.0 0.0
2.5 0.0 0.0
3.0 0.0 0.0
3.5 0.0 0.0
4.0 0.0 0.0
4.5 0.0 0.0
5.0 0.0 0.0
5.5 0.0 0.0
6.0 0.0 0.0
6.5 0.0 0.0
7.0 0.0 0.0
7.5 0.0 0.0
8.0 0.0 0.0
8.5 0.0 0.0
9.0 0.0 0.0
9.5 0.0 0.0
10.0 0.0 0.0
10.5 0.0 0.0
11.0 0.0 0.0
11.5 0.0 0.0
12.0 0.0 0.0
12.5 0.0 0.0
13.0 0.0 0.0
13.5 0.0 0.0
14.0 0.0 0.0
14.5 0.0 0.0
15.0 0.0 0.0
15.5 0.0 0.0
16.0 0.0 0.0
16.5 0.0 0.0
17.0 0.0 0.0
17.5 0.0 0.0
18.0 0.0 0.0
18.5 0.0 0.0
19.0 0.0 0.0
19.5 0.0 0.0
20.0 0.0 0.0
20.5 0.0 0.0
21.0 0.0 0.0
21.5 0.0 0.0
22.0 0.0 0.0
22.5 0.0 0.0
23.0 0.0 0.0
23.5 0.0 0.0
24.0 0.0 0.0
24.5 0.0 0.0
25.0 0.0 0.0
25.5 0.0 0.0
26.0 0.0 0.0
26.5 0.0 0.0
27.0 0.0 0.0
27.5 0.0 0.0
28.0 0.0 0.0
28.5 0.0 0.0
29.0 0.0 0.0
29.5 0.0 0.0
30.0 0.0 0.0
30.5 0.0 0.0
31.0 0.0 0.0
31.5 0.0 0.0
1400
# a b m n r rhoa k
1 13 2 5 1.93621 7.75776 4.00667
1 13 3 6 0.719408 6.59192 9.16298
1 13 4 7 0.436543 6.17148 14.1372
1 13 5 8 0.303557 5.23574 17.248
1 13 6 9 0.275852 4.75788 17.248
1 13 7 10 0.380047 5.37279 14.1372
1 13 8 11 0.719032 6.58848 9.16298
1 13 9 12 2.10911 8.45051 4.00667
1 23 2 7 2.06611 7.65241 3.70377
1 23 3 8 0.775367 6.51638 8.40426
1 23 4 9 0.42975 5.94416 13.8317
1 23 5 10 0.26406 5.1765 19.6035
1 23 6 11 0.189598 4.78387 25.2317
1 23 7 12 0.144017 4.34346 30.1593
1 23 8 13 0.129935 4.39605 33.8325
1 23 9 14 0.124311 4.45005 35.7978
1 23 10 15 0.116972 4.18733 35.7978
1 23 11 16 0.128646 4.35241 33.8325
1 23 12 17 0.151284 4.56262 30.1593
1 23 13 18 0.189827 4.78965 25.2317
1 23 14 19 0.274027 5.3719 19.6035
1 23 15 20 0.402485 5.56704 13.8317
1 23 16 21 0.795038 6.6817 8.40426
1 23 17 22 2.33392 8.6443 3.70377
1 57 4 16 0.497222 5.73892 11.542
1 57 5 17 0.311708 5.06682 16.255
1 57 6 18 0.221484 4.72667 21.3409
1 57 7 19 0.163816 4.38266 26.7536
1 57 8 20 0.133272 4.32328 32.4396
1 57 9 21 0.11444 4.3874 38.3381
1 57 10 22 0.0961695 4.2681 44.381
1 57 11 23 0.0833956 4.21091 50.4932
1 57 12 24 0.0741649 4.19724 56.5934
1 57 13 25 0.0658458 4.1216 62.5948
1 57 14 26 0.0605659 4.14311 68.4065
1 57 15 27 0.0570807 4.22031 73.9358
1 57 16 28 0.0529005 4.18385 79.0892
1 57 17 29 0.0496528 4.1597 83.7758
1 57 18 30 0.0476288 4.18701 87.9092
1 57 19 31 0.0455998 4.1683 91.4105
1 57 20 32 0.0445084 4.19317 94.2106
1 57 21 33 0.0436969 4.20596 96.2531
1 57 22 34 0.0431207 4.20408 97.4958
1 57 23 35 0.0431021 4.22026 97.913
1 57 24 36 0.0431943 4.21127 97.4958
1 57 25 37 0.0438535 4.22103 96.2531
1 57 26 38 0.0441419 4.15863 94.2106
1 57 27 39 0.0453544 4.14587 91.4105
1 57 28 40 0.0475024 4.17589 87.9092
1 57 29 41 0.0497743 4.16988 83.7758
1 57 30 42 0.0534627 4.22832 79.0892
1 57 31 43 0.0567412 4.19521 73.9358
1 57 32 44 0.0607614 4.15648 68.4065
1 57 33 45 0.0665056 4.1629 62.5948
1 57 34 46 0.0739659 4.18598 56.5934
1 57 35 47 0.0827442 4.17802 50.4932
1 57 36 48 0.0955373 4.24004 44.381
1 57 37 49 0.111237 4.26462 38.3381
1 57 38 50 0.131796 4.27542 32.4396
1 57 39 51 0.166597 4.45706 26.7536
1 57 40 52 0.218518 4.66338 21.3409
1 57 41 53 0.307307 4.99528 16.255
1 57 42 54 0.471175 5.43828 11.542
2 14 3 6 1.90783 7.64404 4.00667
2 14 4 7 0.750614 6.87786 9.16298
2 14 5 8 0.397033 5.61292 14.1372
2 14 6 9 0.283379 4.8877 17.248
2 14 7 10 0.284116 4.90043 17.248
2 14 8 11 0.394728 5.58033 14.1372
2 14 9 12 0.709526 6.50137 9.16298
2 14 10 13 1.91222 7.66164 4.00667
2 24 3 8 2.02642 7.50538 3.70377
2 24 4 9 0.786352 6.60871 8.40426
2 24 5 10 0.400787 5.54355 13.8317
2 24 6 11 0.255897 5.01649 19.6035
2 24 7 12 0.176255 4.44722 25.2317
2 24 8 13 0.147223 4.44013 30.1593
2 24 9 14 0.132618 4.48679 33.8325
2 24 10 15 0.11685 4.18298 35.7978
2 24 11 16 0.11902 4.26065 35.7978
2 24 12 17 0.130054 4.40005 33.8325
2 24 13 18 0.149927 4.52169 30.1593
2 24 14 19 0.197377 4.98014 25.2317
2 24 15 20 0.262103 5.13815 19.6035
2 24 16 21 0.423713 5.86066 13.8317
2 24 17 22 0.863045 7.25325 8.40426
2 24 18 23 2.47835 9.17925 3.70377
2 58 5 17 0.465249 5.36988 11.542
2 58 6 18 0.3018 4.90575 16.255
2 58 7 19 0.208843 4.45692 21.3409
2 58 8 20 0.163413 4.37188 26.7536
2 58 9 21 0.136547 4.42953 32.4396
2 58 10 22 0.111762 4.28474 38.3381
2 58 11 23 0.0949358 4.21335 44.381
2 58 12 24 0.0830979 4.19588 50.4932
2 58 13 25 0.072593 4.10829 56.5934
2 58 14 26 0.0659547 4.12842 62.5948
2 58 15 27 0.0615331 4.20927 68.4065
2 58 16 28 0.0563929 4.16945 73.9358
2 58 17 29 0.0523923 4.14367 79.0892
2 58 18 30 0.0497473 4.16762 83.7758
2 58 19 31 0.0471661 4.14634 87.9092
2 58 20 32 0.0456566 4.17349 91.4105
2 58 21 33 0.0444629 4.18888 94.2106
2 58 22 34 0.043498 4.18681 96.2531
2 58 23 35 0.0430931 4.2014 97.4958
2 58 24 36 0.0428597 4.19652 97.913
2 58 25 37 0.0431549 4.20742 97.4958
2 58 26 38 0.0431029 4.14878 96.2531
2 58 27 39 0.0439411 4.13972 94.2106
2 58 28 40 0.0456038 4.16866 91.4105
2 58 29 41 0.0473401 4.16163 87.9092
2 58 30 42 0.0503045 4.2143 83.7758
2 58 31 43 0.0528319 4.17843 79.0892
2 58 32 44 0.056048 4.14395 73.9358
2 58 33 45 0.0606048 4.14576 68.4065
2 58 34 46 0.0664264 4.15794 62.5948
2 58 35 47 0.0732029 4.1428 56.5934
2 58 36 48 0.0829811 4.18998 50.4932
2 58 37 49 0.0946008 4.19848 44.381
2 58 38 50 0.109513 4.1985 38.3381
2 58 39 51 0.133632 4.33497 32.4396
2 58 40 52 0.167416 4.47897 26.7536
2 58 41 53 0.220681 4.70954 21.3409
2 58 42 54 0.307021 4.99062 16.255
2 58 43 55 0.45453 5.24617 11.542
3 15 4 7 2.14945 8.61215 4.00667
3 15 5 8 0.700098 6.41498 9.16298
3 15 6 9 0.378533 5.35138 14.1372
3 15 7 10 0.284838 4.91287 17.248
3 15 8 11 0.311603 5.37451 17.248
3 15 9 12 0.438036 6.19259 14.1372
3 15 10 13 0.784436 7.18777 9.16298
3 15 11 14 2.106 8.43806 4.00667
3 25 4 9 2.23792 8.28873 3.70377
3 25 5 10 0.742164 6.23734 8.40426
3 25 6 11 0.389582 5.38857 13.8317
3 25 7 12 0.23507 4.60819 19.6035
3 25 8 13 0.178755 4.51028 25.2317
3 25 9 14 0.150437 4.53707 30.1593
3 25 10 15 0.123884 4.19133 33.8325
3 25 11 16 0.117046 4.18997 35.7978
3 25 12 17 0.119028 4.26092 35.7978
3 25 13 18 0.12661 4.28352 33.8325
3 25 14 19 0.153105 4.61752 30.1593
3 25 15 20 0.187017 4.71876 25.2317
3 25 16 21 0.261195 5.12035 19.6035
3 25 17 22 0.431698 5.9711 13.8317
3 25 18 23 0.838638 7.04813 8.40426
3 25 19 24 2.3104 8.5572 3.70377
3 59 6 18 0.451686 5.21334 11.542
3 59 7 19 0.281494 4.57568 16.255
3 59 8 20 0.207537 4.42903 21.3409
3 59 9 21 0.16717 4.4724 26.7536
3 59 10 22 0.13244 4.29629 32.4396
3 59 11 23 0.109655 4.20395 38.3381
3 59 12 24 0.0941989 4.18064 44.381
3 59 13 25 0.0808346 4.0816 50.4932
3 59 14 26 0.0723928 4.09696 56.5934
3 59 15 27 0.0668523 4.18461 62.5948
3 59 16 28 0.0604995 4.13856 68.4065
3 59 17 29 0.055628 4.1129 73.9358
3 59 18 30 0.0523045 4.13672 79.0892
3 59 19 31 0.0490637 4.11035 83.7758
3 59 20 32 0.0471466 4.14462 87.9092
3 59 21 33 0.0455111 4.16019 91.4105
3 59 22 34 0.0441157 4.15616 94.2106
3 59 23 35 0.0433402 4.17163 96.2531
3 59 24 36 0.0427587 4.16879 97.4958
3 59 25 37 0.0427174 4.18259 97.913
3 59 26 38 0.0423718 4.13107 97.4958
3 59 27 39 0.0428518 4.12462 96.2531
3 59 28 40 0.0440767 4.15249 94.2106
3 59 29 41 0.0453568 4.14609 91.4105
3 59 30 42 0.0477018 4.19343 87.9092
3 59 31 43 0.0496252 4.15739 83.7758
3 59 32 44 0.0521639 4.1256 79.0892
3 59 33 45 0.0558071 4.12614 73.9358
3 59 34 46 0.060405 4.1321 68.4065
3 59 35 47 0.0656133 4.10705 62.5948
3 59 36 48 0.0732403 4.14492 56.5934
3 59 37 49 0.0820124 4.14107 50.4932
3 59 38 50 0.0930744 4.13073 44.381
3 59 39 51 0.110501 4.23639 38.3381
3 59 40 52 0.133637 4.33513 32.4396
3 59 41 53 0.168213 4.50031 26.7536
3 59 42 54 0.219258 4.67917 21.3409
3 59 43 55 0.296537 4.82022 16.255
3 59 44 56 0.449326 5.1861 11.542
4 16 5 8 2.02874 8.12848 4.00667
4 16 6 9 0.684308 6.2703 9.16298
4 16 7 10 0.361788 5.11466 14.1372
4 16 8 11 0.295895 5.10359 17.248
4 16 9 12 0.322156 5.55653 17.248
4 16 10 13 0.42825 6.05425 14.1372
4 16 11 14 0.711527 6.51971 9.16298
4 16 12 15 1.80614 7.23659 4.00667
4 26 5 10 2.13095 7.89254 3.70377
4 26 6 11 0.742999 6.24436 8.40426
4 26 7 12 0.364121 5.03641 13.8317
4 26 8 13 0.242907 4.76184 19.6035
4 26 9 14 0.187898 4.74098 25.2317
4 26 10 15 0.143218 4.31936 30.1593
4 26 11 16 0.125211 4.23619 33.8325
4 26 12 17 0.118747 4.25086 35.7978
4 26 13 18 0.117066 4.19069 35.7978
4 26 14 19 0.131273 4.44131 33.8325
4 26 15 20 0.149624 4.51255 30.1593
4 26 16 21 0.187379 4.72789 25.2317
4 26 17 22 0.269173 5.27674 19.6035
4 26 18 23 0.427554 5.91379 13.8317
4 26 19 24 0.777426 6.53369 8.40426
4 26 20 25 2.04623 7.57879 3.70377
4 60 7 19 0.427647 4.93588 11.542
4 60 8 20 0.285637 4.64303 16.255
4 60 9 21 0.217327 4.63795 21.3409
4 60 10 22 0.164368 4.39744 26.7536
4 60 11 23 0.131471 4.26485 32.4396
4 60 12 24 0.1101 4.22101 38.3381
4 60 13 25 0.092333 4.09783 44.381
4 60 14 26 0.081303 4.10525 50.4932
4 60 15 27 0.0741191 4.19465 56.5934
4 60 16 28 0.066097 4.13732 62.5948
4 60 17 29 0.0600128 4.10526 68.4065
4 60 18 30 0.0558012 4.12571 73.9358
4 60 19 31 0.0517566 4.09339 79.0892
4 60 20 32 0.0492846 4.12885 83.7758
4 60 21 33 0.0471569 4.14552 87.9092
4 60 22 34 0.0452961 4.14054 91.4105
4 60 23 35 0.0440345 4.14851 94.2106
4 60 24 36 0.0430927 4.1478 96.2531
4 60 25 37 0.0426802 4.16114 97.4958
4 60 26 38 0.042031 4.11538 97.913
4 60 27 39 0.0421947 4.11381 97.4958
4 60 28 40 0.0429744 4.13642 96.2531
4 60 29 41 0.0438497 4.13111 94.2106
4 60 30 42 0.0456497 4.17286 91.4105
4 60 31 43 0.0470388 4.13515 87.9092
4 60 32 44 0.0490198 4.10668 83.7758
4 60 33 45 0.0518804 4.10318 79.0892
4 60 34 46 0.0555129 4.10439 73.9358
4 60 35 47 0.0595359 4.07264 68.4065
4 60 36 48 0.0654899 4.09932 62.5948
4 60 37 49 0.0722043 4.08629 56.5934
4 60 38 50 0.0806661 4.07309 50.4932
4 60 39 51 0.0935658 4.15254 44.381
4 60 40 52 0.109974 4.2162 38.3381
4 60 41 53 0.133516 4.33119 32.4396
4 60 42 54 0.165993 4.44091 26.7536
4 60 43 55 0.211303 4.50941 21.3409
4 60 44 56 0.289843 4.7114 16.255
4 60 45 57 0.451234 5.20812 11.542
5 17 6 9 2.20504 8.83485 4.00667
5 17 7 10 0.677057 6.20386 9.16298
5 17 8 11 0.388441 5.49145 14.1372
5 17 9 12 0.32137 5.54299 17.248
5 17 10 13 0.322107 5.55568 17.248
5 17 11 14 0.403146 5.69934 14.1372
5 17 12 15 0.66013 6.04875 9.16298
5 17 13 16 2.12505 8.51436 4.00667
5 27 6 11 2.33527 8.64932 3.70377
5 27 7 12 0.730314 6.13775 8.40426
5 27 8 13 0.390691 5.40392 13.8317
5 27 9 14 0.267682 5.24751 19.6035
5 27 10 15 0.184622 4.65832 25.2317
5 27 11 16 0.147824 4.45827 30.1593
5 27 12 17 0.130199 4.40495 33.8325
5 27 13 18 0.118913 4.25682 35.7978
5 27 14 19 0.124167 4.44489 35.7978
5 27 15 20 0.133411 4.51363 33.8325
5 27 16 21 0.153707 4.6357 30.1593
5 27 17 22 0.200756 5.06541 25.2317
5 27 18 23 0.285059 5.58816 19.6035
5 27 19 24 0.438266 6.06196 13.8317
5 27 20 25 0.804026 6.75724 8.40426
5 27 21 26 2.25056 8.33556 3.70377
5 61 8 20 0.451682 5.2133 11.542
5 61 9 21 0.312236 5.07541 16.255
5 61 10 22 0.219428 4.6828 21.3409
5 61 11 23 0.167268 4.47502 26.7536
5 61 12 24 0.135271 4.38812 32.4396
5 61 13 25 0.109941 4.21494 38.3381
5 61 14 26 0.0946531 4.2008 44.381
5 61 15 27 0.0848418 4.28394 50.4932
5 61 16 28 0.0742576 4.20249 56.5934
5 61 17 29 0.0663848 4.15534 62.5948
5 61 18 30 0.060872 4.16404 68.4065
5 61 19 31 0.0557291 4.12038 73.9358
5 61 20 32 0.052543 4.15558 79.0892
5 61 21 33 0.0497223 4.16553 83.7758
5 61 22 34 0.0472698 4.15545 87.9092
5 61 23 35 0.0455229 4.16127 91.4105
5 61 24 36 0.0442042 4.16451 94.2106
5 61 25 37 0.043387 4.17613 96.2531
5 61 26 38 0.0423907 4.13292 97.4958
5 61 27 39 0.0422353 4.13539 97.913
5 61 28 40 0.0426246 4.15572 97.4958
5 61 29 41 0.043093 4.14783 96.2531
5 61 30 42 0.0444308 4.18585 94.2106
5 61 31 43 0.0453566 4.14607 91.4105
5 61 32 44 0.0468193 4.11585 87.9092
5 61 33 45 0.0490651 4.11047 83.7758
5 61 34 46 0.0519294 4.10705 79.0892
5 61 35 47 0.0550877 4.07295 73.9358
5 61 36 48 0.0598605 4.09485 68.4065
5 61 37 49 0.0650847 4.07396 62.5948
5 61 38 50 0.0717515 4.06066 56.5934
5 61 39 51 0.0817113 4.12587 50.4932
5 61 40 52 0.0939039 4.16755 44.381
5 61 41 53 0.110942 4.25332 38.3381
5 61 42 54 0.13315 4.31934 32.4396
5 61 43 55 0.162597 4.35004 26.7536
5 61 44 56 0.209441 4.46967 21.3409
5 61 45 57 0.292616 4.75648 16.255
5 61 46 58 0.448773 5.17972 11.542
6 18 7 10 1.93458 7.75121 4.00667
6 18 8 11 0.67152 6.15312 9.16298
6 18 9 12 0.416279 5.88501 14.1372
6 18 10 13 0.316989 5.46741 17.248
6 18 11 14 0.309062 5.3307 17.248
6 18 12 15 0.385217 5.44588 14.1372
6 18 13 16 0.775486 7.10576 9.16298
6 18 14 17 2.3778 9.52706 4.00667
6 28 7 12 2.05151 7.59832 3.70377
6 28 8 13 0.722384 6.07111 8.40426
6 28 9 14 0.415205 5.74298 13.8317
6 28 10 15 0.253864 4.97663 19.6035
6 28 11 16 0.184195 4.64756 25.2317
6 28 12 17 0.14997 4.52298 30.1593
6 28 13 18 0.126517 4.28041 33.8325
6 28 14 19 0.122783 4.39537 35.7978
6 28 15 20 0.124235 4.44733 35.7978
6 28 16 21 0.131996 4.46577 33.8325
6 28 17 22 0.157704 4.75624 30.1593
6 28 18 23 0.204031 5.14806 25.2317
6 28 19 24 0.279874 5.48652 19.6035
6 28 20 25 0.436883 6.04282 13.8317
6 28 21 26 0.828937 6.9666 8.40426
6 28 22 27 2.44325 9.04924 3.70377
6 62 9 21 0.477451 5.51072 11.542
6 62 10 22 0.303954 4.94077 16.255
6 62 11 23 0.217369 4.63885 21.3409
6 62 12 24 0.168723 4.51394 26.7536
6 62 13 25 0.132293 4.29155 32.4396
6 62 14 26 0.111016 4.25614 38.3381
6 62 15 27 0.0977548 4.33846 44.381
6 62 16 28 0.0839609 4.23946 50.4932
6 62 17 29 0.0738587 4.17992 56.5934
6 62 18 30 0.0668104 4.18198 62.5948
6 62 19 31 0.0603142 4.12589 68.4065
6 62 20 32 0.0563309 4.16487 73.9358
6 62 21 33 0.0527795 4.17429 79.0892
6 62 22 34 0.0496465 4.15918 83.7758
6 62 23 35 0.0473698 4.16424 87.9092
6 62 24 36 0.0455441 4.16321 91.4105
6 62 25 37 0.0443161 4.17505 94.2106
6 62 26 38 0.0429929 4.13819 96.2531
6 62 27 39 0.0425244 4.14595 97.4958
6 62 28 40 0.0425603 4.16721 97.913
6 62 29 41 0.0426952 4.16261 97.4958
6 62 30 42 0.0436169 4.19826 96.2531
6 62 31 43 0.044172 4.16147 94.2106
6 62 32 44 0.0453195 4.14268 91.4105
6 62 33 45 0.0471398 4.14403 87.9092
6 62 34 46 0.0494313 4.14115 83.7758
6 62 35 47 0.0519211 4.1064 79.0892
6 62 36 48 0.055871 4.13086 73.9358
6 62 37 49 0.0600925 4.11072 68.4065
6 62 38 50 0.0655109 4.10064 62.5948
6 62 39 51 0.0735738 4.16379 56.5934
6 62 40 52 0.0831224 4.19712 50.4932
6 62 41 53 0.0962388 4.27117 44.381
6 62 42 54 0.112732 4.32191 38.3381
6 62 43 55 0.133884 4.34315 32.4396
6 62 44 56 0.166054 4.44254 26.7536
6 62 45 57 0.218662 4.66646 21.3409
6 62 46 58 0.306625 4.98419 16.255
6 62 47 59 0.475166 5.48434 11.542
7 19 8 11 1.95518 7.83377 4.00667
7 19 9 12 0.752873 6.89856 9.16298
7 19 10 13 0.411364 5.81552 14.1372
7 19 11 14 0.303007 5.22626 17.248
7 19 12 15 0.286572 4.94278 17.248
7 19 13 16 0.396926 5.61141 14.1372
7 19 14 17 0.739097 6.77233 9.16298
7 19 15 18 2.30561 9.23783 4.00667
7 29 8 13 2.07616 7.68963 3.70377
7 29 9 14 0.807172 6.78368 8.40426
7 29 10 15 0.405076 5.60287 13.8317
7 29 11 16 0.257679 5.05141 19.6035
7 29 12 17 0.191014 4.8196 25.2317
7 29 13 18 0.14737 4.44458 30.1593
7 29 14 19 0.132216 4.47321 33.8325
7 29 15 20 0.125869 4.50582 35.7978
7 29 16 21 0.123498 4.42095 35.7978
7 29 17 22 0.135585 4.58719 33.8325
7 29 18 23 0.161128 4.85951 30.1593
7 29 19 24 0.201022 5.07212 25.2317
7 29 20 25 0.280576 5.50029 19.6035
7 29 21 26 0.43695 6.04375 13.8317
7 29 22 27 0.843473 7.08877 8.40426
7 29 23 28 2.51354 9.30958 3.70377
7 63 10 22 0.47489 5.48115 11.542
7 63 11 23 0.306943 4.98936 16.255
7 63 12 24 0.224008 4.78053 21.3409
7 63 13 25 0.167141 4.47161 26.7536
7 63 14 26 0.135525 4.39637 32.4396
7 63 15 27 0.116572 4.46916 38.3381
7 63 16 28 0.097749 4.3382 44.381
7 63 17 29 0.0842579 4.25445 50.4932
7 63 18 30 0.0749047 4.23911 56.5934
7 63 19 31 0.0665252 4.16413 62.5948
7 63 20 32 0.0613818 4.19892 68.4065
7 63 21 33 0.0568709 4.20479 73.9358
7 63 22 34 0.0528746 4.18181 79.0892
7 63 23 35 0.0498673 4.17767 83.7758
7 63 24 36 0.0474932 4.17509 87.9092
7 63 25 37 0.0457618 4.18311 91.4105
7 63 26 38 0.0440904 4.15378 94.2106
7 63 27 39 0.0432666 4.16455 96.2531
7 63 28 40 0.0428856 4.18117 97.4958
7 63 29 41 0.0426744 4.17838 97.913
7 63 30 42 0.0431773 4.20961 97.4958
7 63 31 43 0.0433162 4.16931 96.2531
7 63 32 44 0.0441044 4.1551 94.2106
7 63 33 45 0.045399 4.14994 91.4105
7 63 34 46 0.0471305 4.14321 87.9092
7 63 35 47 0.0490035 4.10531 83.7758
7 63 36 48 0.052165 4.12568 79.0892
7 63 37 49 0.055504 4.10373 73.9358
7 63 38 50 0.0598702 4.09552 68.4065
7 63 39 51 0.0662971 4.14985 62.5948
7 63 40 52 0.0737088 4.17143 56.5934
7 63 41 53 0.0838276 4.23273 50.4932
7 63 42 54 0.0959757 4.2595 44.381
7 63 43 55 0.111263 4.26563 38.3381
7 63 44 56 0.133685 4.33668 32.4396
7 63 45 57 0.168244 4.50113 26.7536
7 63 46 58 0.221615 4.72947 21.3409
7 63 47 59 0.312098 5.07315 16.255
7 63 48 60 0.481361 5.55585 11.542
8 20 9 12 1.93585 7.75629 4.00667
8 20 10 13 0.66887 6.12884 9.16298
8 20 11 14 0.376839 5.32744 14.1372
8 20 12 15 0.28524 4.91981 17.248
8 20 13 16 0.296668 5.11691 17.248
8 20 14 17 0.413767 5.84949 14.1372
8 20 15 18 0.778578 7.13409 9.16298
8 20 16 19 2.27341 9.10882 4.00667
8 30 9 14 2.047 7.58163 3.70377
8 30 10 15 0.702814 5.90664 8.40426
8 30 11 16 0.374351 5.17791 13.8317
8 30 12 17 0.250002 4.90092 19.6035
8 30 13 18 0.176465 4.45252 25.2317
8 30 14 19 0.146923 4.43109 30.1593
8 30 15 20 0.132239 4.47399 33.8325
8 30 16 21 0.120793 4.32411 35.7978
8 30 17 22 0.122761 4.39456 35.7978
8 30 18 23 0.135122 4.57152 33.8325
8 30 19 24 0.155003 4.67479 30.1593
8 30 20 25 0.19819 5.00067 25.2317
8 30 21 26 0.271986 5.3319 19.6035
8 30 22 27 0.426819 5.90362 13.8317
8 30 23 28 0.854037 7.17755 8.40426
8 30 24 29 2.34655 8.69108 3.70377
8 64 11 23 0.439928 5.07763 11.542
8 64 12 24 0.296762 4.82386 16.255
8 64 13 25 0.208964 4.45948 21.3409
8 64 14 26 0.163282 4.36838 26.7536
8 64 15 27 0.137085 4.44698 32.4396
8 64 16 28 0.112264 4.30397 38.3381
8 64 17 29 0.0949601 4.21442 44.381
8 64 18 30 0.0830792 4.19494 50.4932
8 64 19 31 0.0726744 4.11289 56.5934
8 64 20 32 0.0663491 4.1531 62.5948
8 64 21 33 0.0608085 4.1597 68.4065
8 64 22 34 0.0559735 4.13845 73.9358
8 64 23 35 0.0522825 4.13498 79.0892
8 64 24 36 0.0493583 4.13503 83.7758
8 64 25 37 0.0471578 4.14561 87.9092
8 64 26 38 0.0450471 4.11777 91.4105
8 64 27 39 0.0438593 4.13201 94.2106
8 64 28 40 0.0431154 4.14998 96.2531
8 64 29 41 0.0425632 4.14973 97.4958
8 64 30 42 0.042719 4.18275 97.913
8 64 31 43 0.0425055 4.1441 97.4958
8 64 32 44 0.042958 4.13484 96.2531
8 64 33 45 0.0438693 4.13295 94.2106
8 64 34 46 0.0451569 4.12782 91.4105
8 64 35 47 0.0465165 4.08923 87.9092
8 64 36 48 0.0490616 4.11018 83.7758
8 64 37 49 0.0516804 4.08736 79.0892
8 64 38 50 0.055244 4.08451 73.9358
8 64 39 51 0.0604544 4.13548 68.4065
8 64 40 52 0.0662548 4.1472 62.5948
8 64 41 53 0.074213 4.19997 56.5934
8 64 42 54 0.0834516 4.21374 50.4932
8 64 43 55 0.0948361 4.20892 44.381
8 64 44 56 0.111186 4.26267 38.3381
8 64 45 57 0.135182 4.38525 32.4396
8 64 46 58 0.170361 4.55778 26.7536
8 64 47 59 0.225498 4.81233 21.3409
8 64 48 60 0.317278 5.15735 16.255
8 64 49 61 0.477531 5.51164 11.542
9 21 10 13 1.76779 7.08293 4.00667
9 21 11 14 0.621392 5.6938 9.16298
9 21 12 15 0.359265 5.07898 14.1372
9 21 13 16 0.27985 4.82684 17.248
9 21 14 17 0.303155 5.2288 17.248
9 21 15 18 0.43152 6.10047 14.1372
9 21 16 19 0.780773 7.15421 9.16298
9 21 17 20 1.91954 7.69094 4.00667
9 31 10 15 1.85401 6.86682 3.70377
9 31 11 16 0.65955 5.54303 8.40426
9 31 12 17 0.368536 5.09748 13.8317
9 31 13 18 0.230093 4.51064 19.6035
9 31 14 19 0.175144 4.41919 25.2317
9 31 15 20 0.148177 4.46892 30.1593
9 31 16 21 0.125933 4.26065 33.8325
9 31 17 22 0.118713 4.24966 35.7978
9 31 18 23 0.121308 4.34256 35.7978
9 31 19 24 0.128559 4.34949 33.8325
9 31 20 25 0.152073 4.5864 30.1593
9 31 21 26 0.188659 4.76018 25.2317
9 31 22 27 0.256683 5.0319 19.6035
9 31 23 28 0.415521 5.74735 13.8317
9 31 24 29 0.760138 6.3884 8.40426
9 31 25 30 2.19053 8.11322 3.70377
10 22 11 14 2.13058 8.53651 4.00667
10 22 12 15 0.733534 6.72136 9.16298
10 22 13 16 0.382732 5.41075 14.1372
10 22 14 17 0.301481 5.19993 17.248
10 22 15 18 0.328123 5.65945 17.248
10 22 16 19 0.437533 6.18548 14.1372
10 22 17 20 0.698943 6.4044 9.16298
10 22 18 21 2.19604 8.79879 4.00667
10 32 11 16 2.23771 8.28798 3.70377
10 32 12 17 0.797496 6.70236 8.40426
10 32 13 18 0.388904 5.37919 13.8317
10 32 14 19 0.253494 4.96937 19.6035
10 32 15 20 0.195841 4.94141 25.2317
10 32 16 21 0.151701 4.5752 30.1593
10 32 17 22 0.131063 4.43421 33.8325
10 32 18 23 0.123878 4.43455 35.7978
10 32 19 24 0.121349 4.34401 35.7978
10 32 20 25 0.133817 4.52737 33.8325
10 32 21 26 0.153552 4.63103 30.1593
10 32 22 27 0.189411 4.77917 25.2317
10 32 23 28 0.270246 5.29778 19.6035
10 32 24 29 0.414514 5.73342 13.8317
10 32 25 30 0.800739 6.72962 8.40426
10 32 26 31 2.18807 8.1041 3.70377
11 23 12 15 2.22282 8.90612 4.00667
11 23 13 16 0.698699 6.40216 9.16298
11 23 14 17 0.391543 5.53531 14.1372
11 23 15 18 0.328234 5.66137 17.248
11 23 16 19 0.328278 5.66212 17.248
11 23 17 20 0.394556 5.57791 14.1372
11 23 18 21 0.738468 6.76656 9.16298
11 23 19 22 2.18382 8.74985 4.00667
11 33 12 17 2.35988 8.74047 3.70377
11 33 13 18 0.757668 6.36764 8.40426
11 33 14 19 0.399235 5.52209 13.8317
11 33 15 20 0.276916 5.42853 19.6035
11 33 16 21 0.19425 4.90126 25.2317
11 33 17 22 0.153508 4.62969 30.1593
11 33 18 23 0.13399 4.53321 33.8325
11 33 19 24 0.121137 4.33642 35.7978
11 33 20 25 0.124613 4.46088 35.7978
11 33 21 26 0.13285 4.49465 33.8325
11 33 22 27 0.150374 4.53519 30.1593
11 33 23 28 0.194024 4.89556 25.2317
11 33 24 29 0.265538 5.20549 19.6035
11 33 25 30 0.425543 5.88597 13.8317
11 33 26 31 0.788884 6.62999 8.40426
11 33 27 32 1.825 6.75939 3.70377
12 24 13 16 2.04238 8.18315 4.00667
12 24 14 17 0.684121 6.26859 9.16298
12 24 15 18 0.434731 6.14587 14.1372
12 24 16 19 0.329134 5.67688 17.248
12 24 17 20 0.307885 5.31038 17.248
12 24 18 21 0.419181 5.92603 14.1372
12 24 19 22 0.798172 7.31364 9.16298
12 24 20 23 2.36339 9.46932 4.00667
12 34 13 18 2.17029 8.03827 3.70377
12 34 14 19 0.743274 6.24667 8.40426
12 34 15 20 0.436998 6.04442 13.8317
12 34 16 21 0.270919 5.31098 19.6035
12 34 17 22 0.19394 4.89343 25.2317
12 34 18 23 0.155653 4.69437 30.1593
12 34 19 24 0.129535 4.38251 33.8325
12 34 20 25 0.124316 4.45025 35.7978
12 34 21 26 0.123501 4.42106 35.7978
12 34 22 27 0.129386 4.37747 33.8325
12 34 23 28 0.153096 4.61726 30.1593
12 34 24 29 0.192315 4.85244 25.2317
12 34 25 30 0.275098 5.39289 19.6035
12 34 26 31 0.436706 6.04037 13.8317
12 34 27 32 0.750612 6.30834 8.40426
12 34 28 33 2.36908 8.77454 3.70377
13 25 14 17 1.88687 7.56007 4.00667
13 25 15 18 0.782714 7.172 9.16298
13 25 16 19 0.434266 6.13929 14.1372
13 25 17 20 0.312792 5.39503 17.248
13 25 18 21 0.313742 5.41141 17.248
13 25 19 22 0.422972 5.97962 14.1372
13 25 20 23 0.793683 7.2725 9.16298
13 25 21 24 2.19875 8.80968 4.00667
13 35 14 19 2.0191 7.47829 3.70377
13 35 15 20 0.83978 7.05773 8.40426
13 35 16 21 0.431325 5.96594 13.8317
13 35 17 22 0.272933 5.35046 19.6035
13 35 18 23 0.198905 5.0187 25.2317
13 35 19 24 0.150674 4.54422 30.1593
13 35 20 25 0.133983 4.53299 33.8325
13 35 21 26 0.123525 4.42191 35.7978
13 35 22 27 0.119346 4.27231 35.7978
13 35 23 28 0.129134 4.36894 33.8325
13 35 24 29 0.148781 4.48712 30.1593
13 35 25 30 0.191612 4.8347 25.2317
13 35 26 31 0.269129 5.27588 19.6035
13 35 27 32 0.39045 5.40058 13.8317
13 35 28 33 0.785968 6.60548 8.40426
13 35 29 34 2.22429 8.23827 3.70377
14 26 15 18 2.11718 8.48283 4.00667
14 26 16 19 0.72779 6.66873 9.16298
14 26 17 20 0.402721 5.69333 14.1372
14 26 18 21 0.310146 5.34939 17.248
14 26 19 22 0.308355 5.3185 17.248
14 26 20 23 0.428476 6.05743 14.1372
14 26 21 24 0.731619 6.70381 9.16298
14 26 22 25 1.91302 7.66484 4.00667
14 36 15 20 2.23962 8.29503 3.70377
14 36 16 21 0.771161 6.48103 8.40426
14 36 17 22 0.410875 5.68309 13.8317
14 36 18 23 0.268537 5.26427 19.6035
14 36 19 24 0.184857 4.66425 25.2317
14 36 20 25 0.152784 4.60787 30.1593
14 36 21 26 0.131788 4.45873 33.8325
14 36 22 27 0.118858 4.25485 35.7978
14 36 23 28 0.119242 4.26858 35.7978
14 36 24 29 0.128018 4.33117 33.8325
14 36 25 30 0.151803 4.57829 30.1593
14 36 26 31 0.195391 4.93005 25.2317
14 36 27 32 0.256401 5.02637 19.6035
14 36 28 33 0.421734 5.83329 13.8317
14 36 29 34 0.853587 7.17377 8.40426
14 36 30 35 2.65958 9.85048 3.70377
15 27 16 19 1.84434 7.38967 4.00667
15 27 17 20 0.674681 6.18209 9.16298
15 27 18 21 0.397596 5.62088 14.1372
15 27 19 22 0.299514 5.16601 17.248
15 27 20 23 0.328555 5.6669 17.248
15 27 21 24 0.434955 6.14903 14.1372
15 27 22 25 0.737972 6.76202 9.16298
15 27 23 26 2.10762 8.44455 4.00667
15 37 16 21 1.9427 7.19533 3.70377
15 37 17 22 0.724218 6.08652 8.40426
15 37 18 23 0.400512 5.53975 13.8317
15 37 19 24 0.243405 4.77161 19.6035
15 37 20 25 0.184578 4.65721 25.2317
15 37 21 26 0.148056 4.46527 30.1593
15 37 22 27 0.124452 4.21053 33.8325
15 37 23 28 0.115735 4.14306 35.7978
15 37 24 29 0.115572 4.13721 35.7978
15 37 25 30 0.126215 4.27017 33.8325
15 37 26 31 0.149122 4.4974 30.1593
15 37 27 32 0.178898 4.51389 25.2317
15 37 28 33 0.250647 4.91357 19.6035
15 37 29 34 0.408144 5.64532 13.8317
15 37 30 35 0.80114 6.73299 8.40426
15 37 31 36 2.05387 7.60707 3.70377
16 28 17 20 2.13326 8.54727 4.00667
16 28 18 21 0.785456 7.19711 9.16298
16 28 19 22 0.405994 5.7396 14.1372
16 28 20 23 0.329351 5.68063 17.248
16 28 21 24 0.33353 5.75271 17.248
16 28 22 25 0.427389 6.04208 14.1372
16 28 23 26 0.7616 6.97852 9.16298
16 28 24 27 2.30466 9.23401 4.00667
16 38 17 22 2.25715 8.35998 3.70377
16 38 18 23 0.844052 7.09363 8.40426
16 38 19 24 0.407488 5.63624 13.8317
16 38 20 25 0.26879 5.26923 19.6035
16 38 21 26 0.194747 4.9138 25.2317
16 38 22 27 0.150029 4.52476 30.1593
16 38 23 28 0.128252 4.33909 33.8325
16 38 24 29 0.119039 4.26135 35.7978
16 38 25 30 0.120414 4.31055 35.7978
16 38 26 31 0.132463 4.48156 33.8325
16 38 27 32 0.148674 4.48389 30.1593
16 38 28 33 0.188389 4.75336 25.2317
16 38 29 34 0.271083 5.31419 19.6035
16 38 30 35 0.438696 6.0679 13.8317
16 38 31 36 0.789164 6.63234 8.40426
16 38 32 37 2.21587 8.20708 3.70377
17 29 18 21 2.37466 9.51446 4.00667
17 29 19 22 0.733974 6.72539 9.16298
17 29 20 23 0.430153 6.08115 14.1372
17 29 21 24 0.33213 5.72857 17.248
17 29 22 25 0.326678 5.63452 17.248
17 29 23 26 0.423704 5.98998 14.1372
17 29 24 27 0.779749 7.14482 9.16298
17 29 25 28 2.38349 9.54987 4.00667
17 39 18 23 2.50596 9.28149 3.70377
17 39 19 24 0.78895 6.63054 8.40426
17 39 20 25 0.426589 5.90044 13.8317
17 39 21 26 0.273702 5.36553 19.6035
17 39 22 27 0.192077 4.84644 25.2317
17 39 23 28 0.150453 4.53755 30.1593
17 39 24 29 0.129669 4.38702 33.8325
17 39 25 30 0.121533 4.3506 35.7978
17 39 26 31 0.124644 4.46197 35.7978
17 39 27 32 0.13168 4.45506 33.8325
17 39 28 33 0.153299 4.62338 30.1593
17 39 29 34 0.200519 5.05942 25.2317
17 39 30 35 0.287328 5.63264 19.6035
17 39 31 36 0.437855 6.05627 13.8317
17 39 32 37 0.836657 7.03148 8.40426
17 39 33 38 2.05902 7.62613 3.70377
18 30 19 22 2.26895 9.09093 4.00667
18 30 20 23 0.772323 7.07677 9.16298
18 30 21 24 0.434177 6.13803 14.1372
18 30 22 25 0.32446 5.59627 17.248
18 30 23 26 0.315178 5.43617 17.248
18 30 24 27 0.417794 5.90642 14.1372
18 30 25 28 0.796223 7.29578 9.16298
18 30 26 29 2.22109 8.89916 4.00667
18 40 19 24 2.39606 8.87446 3.70377
18 40 20 25 0.823345 6.91961 8.40426
18 40 21 26 0.433248 5.99255 13.8317
18 40 22 27 0.26893 5.27198 19.6035
18 40 23 28 0.18999 4.79378 25.2317
18 40 24 29 0.150374 4.53518 30.1593
18 40 25 30 0.129393 4.37768 33.8325
18 40 26 31 0.122793 4.39573 35.7978
18 40 27 32 0.12151 4.3498 35.7978
18 40 28 33 0.129811 4.39182 33.8325
18 40 29 34 0.154458 4.65835 30.1593
18 40 30 35 0.198728 5.01424 25.2317
18 40 31 36 0.267643 5.24674 19.6035
18 40 32 37 0.421538 5.83057 13.8317
18 40 33 38 0.712088 5.98457 8.40426
18 40 34 39 2.09055 7.74294 3.70377
19 31 20 23 2.26733 9.08445 4.00667
19 31 21 24 0.780782 7.15429 9.16298
19 31 22 25 0.433145 6.12344 14.1372
19 31 23 26 0.314633 5.42678 17.248
19 31 24 27 0.30615 5.28046 17.248
19 31 25 28 0.412793 5.83572 14.1372
19 31 26 29 0.710584 6.51107 9.16298
19 31 27 30 2.08038 8.33539 4.00667
19 41 20 25 2.39376 8.86593 3.70377
19 41 21 26 0.837072 7.03497 8.40426
19 41 22 27 0.434351 6.0078 13.8317
19 41 23 28 0.270087 5.29465 19.6035
19 41 24 29 0.194157 4.8989 25.2317
19 41 25 30 0.152291 4.593 30.1593
19 41 26 31 0.133392 4.51298 33.8325
19 41 27 32 0.123893 4.43509 35.7978
19 41 28 33 0.122468 4.38407 35.7978
19 41 29 34 0.134284 4.54316 33.8325
19 41 30 35 0.158327 4.77503 30.1593
19 41 31 36 0.194957 4.9191 25.2317
19 41 32 37 0.274576 5.38266 19.6035
19 41 33 38 0.394545 5.45722 13.8317
19 41 34 39 0.765564 6.434 8.40426
19 41 35 40 2.60526 9.64928 3.70377
20 32 21 24 1.93869 7.76769 4.00667
20 32 22 25 0.711034 6.51519 9.16298
20 32 23 26 0.396786 5.60943 14.1372
20 32 24 27 0.302409 5.21594 17.248
20 32 25 28 0.310874 5.36193 17.248
20 32 26 29 0.407711 5.76388 14.1372
20 32 27 30 0.751791 6.88864 9.16298
20 32 28 31 2.06124 8.2587 4.00667
20 42 21 26 2.05547 7.613 3.70377
20 42 22 27 0.754551 6.34144 8.40426
20 42 23 28 0.396413 5.48306 13.8317
20 42 24 29 0.256715 5.03253 19.6035
20 42 25 30 0.183505 4.63014 25.2317
20 42 26 31 0.148488 4.4783 30.1593
20 42 27 32 0.129752 4.38984 33.8325
20 42 28 33 0.119104 4.26365 35.7978
20 42 29 34 0.120514 4.31413 35.7978
20 42 30 35 0.130287 4.40793 33.8325
20 42 31 36 0.146726 4.42516 30.1593
20 42 32 37 0.186863 4.71488 25.2317
20 42 33 38 0.237083 4.64767 19.6035
20 42 34 39 0.363294 5.02496 13.8317
20 42 35 40 0.773386 6.49974 8.40426
20 42 36 41 2.28038 8.44603 3.70377
21 33 22 25 2.20712 8.84322 4.00667
21 33 23 26 0.741368 6.79313 9.16298
21 33 24 27 0.413358 5.84371 14.1372
21 33 25 28 0.309742 5.34242 17.248
21 33 26 29 0.309619 5.34029 17.248
21 33 27 30 0.42744 6.04279 14.1372
21 33 28 31 0.734181 6.72729 9.16298
21 33 29 32 1.70518 6.83209 4.00667
21 43 22 27 2.31949 8.59086 3.70377
21 43 23 28 0.790096 6.64017 8.40426
21 43 24 29 0.420118 5.81094 13.8317
21 43 25 30 0.259728 5.09159 19.6035
21 43 26 31 0.188544 4.75727 25.2317
21 43 27 32 0.152963 4.61327 30.1593
21 43 28 33 0.129933 4.39595 33.8325
21 43 29 34 0.121545 4.35106 35.7978
21 43 30 35 0.121288 4.34185 35.7978
21 43 31 36 0.126354 4.27489 33.8325
21 43 32 37 0.148537 4.47978 30.1593
21 43 33 38 0.172458 4.35141 25.2317
21 43 34 39 0.228459 4.4786 19.6035
21 43 35 40 0.37846 5.23474 13.8317
21 43 36 41 0.71304 5.99258 8.40426
21 43 37 42 2.24729 8.32347 3.70377
22 34 23 26 2.18462 8.75303 4.00667
22 34 24 27 0.792447 7.26118 9.16298
22 34 25 28 0.421558 5.95963 14.1372
22 34 26 29 0.314341 5.42174 17.248
22 34 27 30 0.333966 5.76023 17.248
22 34 28 31 0.436528 6.17127 14.1372
22 34 29 32 0.696216 6.37941 9.16298
22 34 30 33 2.23825 8.96794 4.00667
22 44 23 28 2.30447 8.53523 3.70377
22 44 24 29 0.854021 7.17741 8.40426
22 44 25 30 0.428293 5.92401 13.8317
22 44 26 31 0.269884 5.29069 19.6035
22 44 27 32 0.200462 5.05799 25.2317
22 44 28 33 0.156517 4.72044 30.1593
22 44 29 34 0.135146 4.57233 33.8325
22 44 30 35 0.124706 4.46419 35.7978
22 44 31 36 0.120778 4.32359 35.7978
22 44 32 37 0.132752 4.49135 33.8325
22 44 33 38 0.144122 4.34661 30.1593
22 44 34 39 0.174235 4.39624 25.2317
22 44 35 40 0.252257 4.94512 19.6035
22 44 36 41 0.39443 5.45563 13.8317
22 44 37 42 0.816233 6.85983 8.40426
22 44 38 43 2.35939 8.73863 3.70377
23 35 24 27 2.32784 9.32688 4.00667
23 35 25 28 0.768952 7.04589 9.16298
23 35 26 29 0.412402 5.83019 14.1372
23 35 27 30 0.333083 5.745 17.248
23 35 28 31 0.328756 5.67036 17.248
23 35 29 32 0.392521 5.54913 14.1372
23 35 30 33 0.732305 6.71009 9.16298
23 35 31 34 2.09595 8.39778 4.00667
23 45 24 29 2.46422 9.1269 3.70377
23 45 25 30 0.8329 6.99991 8.40426
23 45 26 31 0.426918 5.90499 13.8317
23 45 27 32 0.284117 5.56971 19.6035
23 45 28 33 0.202123 5.09991 25.2317
23 45 29 34 0.160077 4.8278 30.1593
23 45 30 35 0.136028 4.60216 33.8325
23 45 31 36 0.121932 4.36488 35.7978
23 45 32 37 0.124961 4.47331 35.7978
23 45 33 38 0.126935 4.29453 33.8325
23 45 34 39 0.141233 4.2595 30.1593
23 45 35 40 0.183237 4.62338 25.2317
23 45 36 41 0.25294 4.95852 19.6035
23 45 37 42 0.424037 5.86515 13.8317
23 45 38 43 0.803726 6.75473 8.40426
23 45 39 44 2.17911 8.07091 3.70377
24 36 25 28 2.17271 8.70534 4.00667
24 36 26 29 0.712844 6.53178 9.16298
24 36 27 30 0.436544 6.1715 14.1372
24 36 28 31 0.334361 5.76704 17.248
24 36 29 32 0.312927 5.39736 17.248
24 36 30 33 0.419207 5.9264 14.1372
24 36 31 34 0.793379 7.26971 9.16298
24 36 32 35 2.55029 10.2182 4.00667
24 46 25 30 2.30791 8.54798 3.70377
24 46 26 31 0.779979 6.55515 8.40426
24 46 27 32 0.440483 6.09262 13.8317
24 46 28 33 0.280624 5.50123 19.6035
24 46 29 34 0.202408 5.10709 25.2317
24 46 30 35 0.157895 4.762 30.1593
24 46 31 36 0.130799 4.42526 33.8325
24 46 32 37 0.125057 4.47677 35.7978
24 46 33 38 0.119013 4.26041 35.7978
24 46 34 39 0.122691 4.15094 33.8325
24 46 35 40 0.144436 4.3561 30.1593
24 46 36 41 0.180577 4.55625 25.2317
24 46 37 42 0.262298 5.14197 19.6035
24 46 38 43 0.406677 5.62502 13.8317
24 46 39 44 0.724334 6.08749 8.40426
24 46 40 45 2.24935 8.33107 3.70377
25 37 26 29 1.89881 7.6079 4.00667
25 37 27 30 0.744294 6.81995 9.16298
25 37 28 31 0.432146 6.10932 14.1372
25 37 29 32 0.313768 5.41185 17.248
25 37 30 33 0.303266 5.23072 17.248
25 37 31 34 0.402039 5.6837 14.1372
25 37 32 35 0.762126 6.98335 9.16298
25 37 33 36 1.94874 7.80795 4.00667
25 47 26 31 2.03862 7.55058 3.70377
25 47 27 32 0.801935 6.73967 8.40426
25 47 28 33 0.434036 6.00344 13.8317
25 47 29 34 0.279034 5.47006 19.6035
25 47 30 35 0.198198 5.00086 25.2317
25 47 31 36 0.151074 4.55627 30.1593
25 47 32 37 0.134768 4.55953 33.8325
25 47 33 38 0.120478 4.31283 35.7978
25 47 34 39 0.11589 4.1486 35.7978
25 47 35 40 0.125468 4.24491 33.8325
25 47 36 41 0.144794 4.36689 30.1593
25 47 37 42 0.189692 4.78624 25.2317
25 47 38 43 0.261425 5.12485 19.6035
25 47 39 44 0.385694 5.33479 13.8317
25 47 40 45 0.756874 6.36097 8.40426
25 47 41 46 2.32838 8.6238 3.70377
26 38 27 30 2.12805 8.52637 4.00667
26 38 28 31 0.781737 7.16304 9.16298
26 38 29 32 0.42803 6.05113 14.1372
26 38 30 33 0.313876 5.41371 17.248
26 38 31 34 0.311909 5.37979 17.248
26 38 32 35 0.442502 6.25572 14.1372
26 38 33 36 0.742885 6.80704 9.16298
26 38 34 37 2.08516 8.35455 4.00667
26 48 27 32 2.25312 8.34504 3.70377
26 48 28 33 0.828554 6.96339 8.40426
26 48 29 34 0.437116 6.04605 13.8317
26 48 30 35 0.273142 5.35455 19.6035
26 48 31 36 0.18814 4.74709 25.2317
26 48 32 37 0.155196 4.6806 30.1593
26 48 33 38 0.129812 4.39187 33.8325
26 48 34 39 0.116526 4.17138 35.7978
26 48 35 40 0.116233 4.16089 35.7978
26 48 36 41 0.124465 4.21096 33.8325
26 48 37 42 0.148816 4.48818 30.1593
26 48 38 43 0.18745 4.72969 25.2317
26 48 39 44 0.245127 4.80536 19.6035
26 48 40 45 0.3812 5.27263 13.8317
26 48 41 46 0.744316 6.25543 8.40426
26 48 42 47 2.10659 7.80232 3.70377
27 39 28 31 2.33131 9.3408 4.00667
27 39 29 32 0.792484 7.26152 9.16298
27 39 30 33 0.424209 5.99712 14.1372
27 39 31 34 0.311469 5.3722 17.248
27 39 32 35 0.339762 5.86021 17.248
27 39 33 36 0.438215 6.19511 14.1372
27 39 34 37 0.774655 7.09815 9.16298
27 39 35 38 1.91314 7.66533 4.00667
27 49 28 33 2.4421 9.04497 3.70377
27 49 29 34 0.848078 7.12747 8.40426
27 49 30 35 0.432026 5.97565 13.8317
27 49 31 36 0.25937 5.08457 19.6035
27 49 32 37 0.194639 4.91108 25.2317
27 49 33 38 0.151098 4.55701 30.1593
27 49 34 39 0.126436 4.27764 33.8325
27 49 35 40 0.116452 4.16871 35.7978
27 49 36 41 0.116305 4.16344 35.7978
27 49 37 42 0.128338 4.342 33.8325
27 49 38 43 0.15049 4.53868 30.1593
27 49 39 44 0.181017 4.56736 25.2317
27 49 40 45 0.245499 4.81264 19.6035
27 49 41 46 0.388145 5.36869 13.8317
27 49 42 47 0.719763 6.04908 8.40426
27 49 43 48 2.07847 7.69818 3.70377
28 40 29 32 2.38913 9.57246 4.00667
28 40 30 33 0.796036 7.29406 9.16298
28 40 31 34 0.41057 5.8043 14.1372
28 40 32 35 0.332076 5.72763 17.248
28 40 33 36 0.325204 5.60911 17.248
28 40 34 37 0.418689 5.91907 14.1372
28 40 35 38 0.647196 5.93024 9.16298
28 40 36 39 1.96253 7.86322 4.00667
28 50 29 34 2.51827 9.3271 3.70377
28 50 30 35 0.860026 7.22788 8.40426
28 50 31 36 0.418638 5.79046 13.8317
28 50 32 37 0.277038 5.43093 19.6035
28 50 33 38 0.196259 4.95194 25.2317
28 50 34 39 0.151666 4.57415 30.1593
28 50 35 40 0.128188 4.33691 33.8325
28 50 36 41 0.119059 4.26206 35.7978
28 50 37 42 0.121311 4.34265 35.7978
28 50 38 43 0.133425 4.51412 33.8325
28 50 39 44 0.150004 4.524 30.1593
28 50 40 45 0.184996 4.66777 25.2317
28 50 41 46 0.25875 5.07241 19.6035
28 50 42 47 0.396058 5.47815 13.8317
28 50 43 48 0.763609 6.41757 8.40426
28 50 44 49 2.16613 8.02287 3.70377
29 41 30 33 2.22005 8.895 4.00667
29 41 31 34 0.705054 6.46039 9.16298
29 41 32 35 0.424132 5.99602 14.1372
29 41 33 36 0.324368 5.59468 17.248
29 41 34 37 0.324903 5.60391 17.248
29 41 35 38 0.380693 5.38192 14.1372
29 41 36 39 0.704997 6.45987 9.16298
29 41 37 40 2.47879 9.9317 4.00667
29 51 30 35 2.35055 8.70591 3.70377
29 51 31 36 0.763555 6.41712 8.40426
29 51 32 37 0.422763 5.84752 13.8317
29 51 33 38 0.268924 5.27185 19.6035
29 51 34 39 0.19128 4.82631 25.2317
29 51 35 40 0.148083 4.46606 30.1593
29 51 36 41 0.127846 4.32536 33.8325
29 51 37 42 0.120138 4.30068 35.7978
29 51 38 43 0.12395 4.43714 35.7978
29 51 39 44 0.130726 4.42279 33.8325
29 51 40 45 0.148225 4.47036 30.1593
29 51 41 46 0.18852 4.75667 25.2317
29 51 42 47 0.254454 4.9882 19.6035
29 51 43 48 0.405556 5.60952 13.8317
29 51 44 49 0.770618 6.47648 8.40426
29 51 45 50 2.07485 7.68477 3.70377
30 42 31 34 2.05618 8.23845 4.00667
30 42 32 35 0.752329 6.89357 9.16298
30 42 33 36 0.424123 5.99589 14.1372
30 42 34 37 0.322633 5.56476 17.248
30 42 35 38 0.282117 4.86594 17.248
30 42 36 39 0.359755 5.08592 14.1372
30 42 37 40 0.722374 6.6191 9.16298
30 42 38 41 2.18366 8.7492 4.00667
30 52 31 36 2.19142 8.11652 3.70377
30 52 32 37 0.808956 6.79868 8.40426
30 52 33 38 0.428727 5.93001 13.8317
30 52 34 39 0.272822 5.34827 19.6035
30 52 35 40 0.18973 4.78721 25.2317
30 52 36 41 0.15046 4.53778 30.1593
30 52 37 42 0.12904 4.36576 33.8325
30 52 38 43 0.124247 4.44776 35.7978
30 52 39 44 0.122622 4.3896 35.7978
30 52 40 45 0.128126 4.33482 33.8325
30 52 41 46 0.149509 4.50908 30.1593
30 52 42 47 0.182074 4.59403 25.2317
30 52 43 48 0.254756 4.99411 19.6035
30 52 44 49 0.397898 5.50359 13.8317
30 52 45 50 0.721452 6.06327 8.40426
30 52 46 51 2.35009 8.70419 3.70377
31 43 32 35 2.06682 8.28106 4.00667
31 43 33 36 0.736289 6.7466 9.16298
31 43 34 37 0.432337 6.11201 14.1372
31 43 35 38 0.292805 5.05028 17.248
31 43 36 39 0.277417 4.78488 17.248
31 43 37 40 0.375353 5.30643 14.1372
31 43 38 41 0.677737 6.21009 9.16298
31 43 39 42 2.16207 8.66271 4.00667
31 53 32 37 2.19367 8.12484 3.70377
31 53 33 38 0.791929 6.65558 8.40426
31 53 34 39 0.431481 5.96811 13.8317
31 53 35 40 0.264701 5.18907 19.6035
31 53 36 41 0.191536 4.83276 25.2317
31 53 37 42 0.149089 4.49642 30.1593
31 53 38 43 0.133765 4.52561 33.8325
31 53 39 44 0.123669 4.42707 35.7978
31 53 40 45 0.119473 4.27686 35.7978
31 53 41 46 0.12888 4.36033 33.8325
31 53 42 47 0.143374 4.32406 30.1593
31 53 43 48 0.181178 4.57142 25.2317
31 53 44 49 0.248657 4.87455 19.6035
31 53 45 50 0.367415 5.08196 13.8317
31 53 46 51 0.737261 6.19614 8.40426
31 53 47 52 2.16302 8.01133 3.70377
32 44 33 36 1.72661 6.91794 4.00667
32 44 34 37 0.709154 6.49796 9.16298
32 44 35 38 0.376382 5.32097 14.1372
32 44 36 39 0.284026 4.89886 17.248
32 44 37 40 0.28878 4.98087 17.248
32 44 38 41 0.396454 5.60473 14.1372
32 44 39 42 0.782106 7.16642 9.16298
32 44 40 43 2.23879 8.9701 4.00667
32 54 33 38 1.83981 6.81423 3.70377
32 54 34 39 0.746674 6.27524 8.40426
32 54 35 40 0.387034 5.35332 13.8317
32 54 36 41 0.253146 4.96255 19.6035
32 54 37 42 0.178804 4.51154 25.2317
32 54 38 43 0.149961 4.52272 30.1593
32 54 39 44 0.130668 4.42082 33.8325
32 54 40 45 0.117799 4.21693 35.7978
32 54 41 46 0.118771 4.25175 35.7978
32 54 42 47 0.122497 4.14438 33.8325
32 54 43 48 0.142859 4.30852 30.1593
32 54 44 49 0.179256 4.52293 25.2317
32 54 45 50 0.23468 4.60055 19.6035
32 54 46 51 0.376078 5.20179 13.8317
32 54 47 52 0.72654 6.10603 8.40426
32 54 48 53 2.11791 7.84427 3.70377
33 45 34 37 2.26273 9.066 4.00667
33 45 35 38 0.725171 6.64473 9.16298
33 45 36 39 0.402752 5.69377 14.1372
33 45 37 40 0.291051 5.02003 17.248
33 45 38 41 0.304565 5.25313 17.248
33 45 39 42 0.436773 6.17473 14.1372
33 45 40 43 0.75078 6.87938 9.16298
33 45 41 44 2.05767 8.2444 4.00667
33 55 34 39 2.36338 8.75342 3.70377
33 55 35 40 0.783344 6.58342 8.40426
33 55 36 41 0.419503 5.80243 13.8317
33 55 37 42 0.251931 4.93875 19.6035
33 55 38 43 0.191471 4.83113 25.2317
33 55 39 44 0.154372 4.65575 30.1593
33 55 40 45 0.128384 4.34356 33.8325
33 55 41 46 0.120448 4.31178 35.7978
33 55 42 47 0.115122 4.1211 35.7978
33 55 43 48 0.124833 4.22342 33.8325
33 55 44 49 0.145637 4.39231 30.1593
33 55 45 50 0.17486 4.41201 25.2317
33 55 46 51 0.244296 4.78908 19.6035
33 55 47 52 0.384924 5.32414 13.8317
33 55 48 53 0.73582 6.18402 8.40426
33 55 49 54 2.07676 7.69183 3.70377
34 46 35 38 2.08818 8.36666 4.00667
34 46 36 39 0.778795 7.13609 9.16298
34 46 37 40 0.393141 5.55791 14.1372
34 46 38 41 0.310683 5.35865 17.248
34 46 39 42 0.331171 5.71203 17.248
34 46 40 43 0.407253 5.7574 14.1372
34 46 41 44 0.673158 6.16813 9.16298
34 46 42 45 2.12044 8.4959 4.00667
34 56 35 40 2.21815 8.21551 3.70377
34 56 36 41 0.848415 7.1303 8.40426
34 56 37 42 0.407836 5.64105 13.8317
34 56 38 43 0.273541 5.36237 19.6035
34 56 39 44 0.201162 5.07566 25.2317
34 56 40 45 0.152705 4.60547 30.1593
34 56 41 46 0.13256 4.48484 33.8325
34 56 42 47 0.116868 4.18362 35.7978
34 56 43 48 0.117783 4.21638 35.7978
34 56 44 49 0.128549 4.34914 33.8325
34 56 45 50 0.143523 4.32856 30.1593
34 56 46 51 0.181787 4.5868 25.2317
34 56 47 52 0.253704 4.9735 19.6035
34 56 48 53 0.399706 5.5286 13.8317
34 56 49 54 0.756559 6.35832 8.40426
34 56 50 55 1.97559 7.31714 3.70377
35 47 36 39 2.50433 10.034 4.00667
35 47 37 40 0.733134 6.71769 9.16298
35 47 38 41 0.426234 6.02574 14.1372
35 47 39 42 0.343745 5.9289 17.248
35 47 40 43 0.317968 5.4843 17.248
35 47 41 44 0.386191 5.45965 14.1372
35 47 42 45 0.696811 6.38487 9.16298
35 47 43 46 2.20512 8.83517 4.00667
35 57 36 41 2.64946 9.81298 3.70377
35 57 37 42 0.80042 6.72694 8.40426
35 57 38 43 0.441638 6.10859 13.8317
35 57 39 44 0.288529 5.65618 19.6035
35 57 40 45 0.197191 4.97545 25.2317
35 57 41 46 0.157276 4.74334 30.1593
35 57 42 47 0.127154 4.30196 33.8325
35 57 43 48 0.118702 4.24926 35.7978
35 57 44 49 0.121164 4.3374 35.7978
35 57 45 50 0.126252 4.27143 33.8325
35 57 46 51 0.146825 4.42812 30.1593
35 57 47 52 0.186702 4.71082 25.2317
35 57 48 53 0.260036 5.09763 19.6035
35 57 49 54 0.408307 5.64757 13.8317
35 57 50 55 0.730717 6.14113 8.40426
35 57 51 56 2.00334 7.41993 3.70377
36 48 37 40 1.92498 7.71275 4.00667
36 48 38 41 0.73022 6.69099 9.16298
36 48 39 42 0.446009 6.30531 14.1372
36 48 40 43 0.317289 5.47258 17.248
36 48 41 44 0.297538 5.13192 17.248
36 48 42 45 0.37036 5.23585 14.1372
36 48 43 46 0.687787 6.30218 9.16298
36 48 44 47 2.00782 8.04466 4.00667
36 58 37 42 2.05928 7.6271 3.70377
36 58 38 43 0.796365 6.69286 8.40426
36 58 39 44 0.44238 6.11886 13.8317
36 58 40 45 0.268517 5.26388 19.6035
36 58 41 46 0.196298 4.95292 25.2317
36 58 42 47 0.145434 4.3862 30.1593
36 58 43 48 0.125947 4.26111 33.8325
36 58 44 49 0.120598 4.31714 35.7978
36 58 45 50 0.117716 4.21398 35.7978
36 58 46 51 0.126753 4.28837 33.8325
36 58 47 52 0.148726 4.48548 30.1593
36 58 48 53 0.188269 4.75034 25.2317
36 58 49 54 0.261864 5.13346 19.6035
36 58 50 55 0.394013 5.44986 13.8317
36 58 51 56 0.730862 6.14236 8.40426
36 58 52 57 2.18954 8.10954 3.70377
37 49 38 41 2.07812 8.32635 4.00667
37 49 39 42 0.79297 7.26597 9.16298
37 49 40 43 0.419753 5.93412 14.1372
37 49 41 44 0.30946 5.33755 17.248
37 49 42 45 0.283404 4.88814 17.248
37 49 43 46 0.378039 5.34439 14.1372
37 49 44 47 0.679735 6.2284 9.16298
37 49 45 48 1.9751 7.91358 4.00667
37 59 38 43 2.21519 8.20458 3.70377
37 59 39 44 0.836334 7.02877 8.40426
37 59 40 45 0.417924 5.78058 13.8317
37 59 41 46 0.272332 5.33867 19.6035
37 59 42 47 0.181707 4.58477 25.2317
37 59 43 48 0.144467 4.35703 30.1593
37 59 44 49 0.129289 4.37417 33.8325
37 59 45 50 0.118023 4.22494 35.7978
37 59 46 51 0.117816 4.21756 35.7978
37 59 47 52 0.128296 4.34057 33.8325
37 59 48 53 0.149391 4.50554 30.1593
37 59 49 54 0.189056 4.77019 25.2317
37 59 50 55 0.253843 4.97621 19.6035
37 59 51 56 0.38651 5.34607 13.8317
37 59 52 57 0.760235 6.38921 8.40426
37 59 53 58 2.19443 8.12765 3.70377
38 50 39 42 1.97676 7.92022 4.00667
38 50 40 43 0.679735 6.2284 9.16298
38 50 41 44 0.39464 5.57909 14.1372
38 50 42 45 0.278175 4.79795 17.248
38 50 43 46 0.287443 4.95781 17.248
38 50 44 47 0.39389 5.56849 14.1372
38 50 45 48 0.715067 6.55215 9.16298
38 50 46 49 2.04369 8.18841 4.00667
38 60 39 44 2.07193 7.67396 3.70377
38 60 40 45 0.715588 6.01398 8.40426
38 60 41 46 0.397739 5.5014 13.8317
38 60 42 47 0.235372 4.61412 19.6035
38 60 43 48 0.171232 4.32046 25.2317
38 60 44 49 0.143541 4.3291 30.1593
38 60 45 50 0.12317 4.16716 33.8325
38 60 46 51 0.114859 4.11169 35.7978
38 60 47 52 0.116998 4.18828 35.7978
38 60 48 53 0.126707 4.28683 33.8325
38 60 49 54 0.148211 4.46994 30.1593
38 60 50 55 0.182656 4.60872 25.2317
38 60 51 56 0.244994 4.80275 19.6035
38 60 52 57 0.3882 5.36946 13.8317
38 60 53 58 0.747381 6.28118 8.40426
38 60 54 59 2.19219 8.11937 3.70377
39 51 40 43 2.00947 8.05127 4.00667
39 51 41 44 0.727435 6.66547 9.16298
39 51 42 45 0.36171 5.11355 14.1372
39 51 43 46 0.278089 4.79646 17.248
39 51 44 47 0.296642 5.11646 17.248
39 51 45 48 0.401341 5.67382 14.1372
39 51 46 49 0.712139 6.52532 9.16298
39 51 47 50 1.95244 7.82277 4.00667
39 61 40 45 2.10122 7.78245 3.70377
39 61 41 46 0.774754 6.51124 8.40426
39 61 42 47 0.365206 5.05141 13.8317
39 61 43 48 0.230456 4.51775 19.6035
39 61 44 49 0.1769 4.46348 25.2317
39 61 45 50 0.140759 4.24518 30.1593
39 61 46 51 0.121791 4.12051 33.8325
39 61 47 52 0.115805 4.14558 35.7978
39 61 48 53 0.116913 4.18524 35.7978
39 61 49 54 0.127453 4.31205 33.8325
39 61 50 55 0.14623 4.4102 30.1593
39 61 51 56 0.178664 4.50799 25.2317
39 61 52 57 0.24673 4.83678 19.6035
39 61 53 58 0.384822 5.32273 13.8317
39 61 54 59 0.730815 6.14196 8.40426
39 61 55 60 2.00385 7.42181 3.70377
40 52 41 44 2.49694 10.0044 4.00667
40 52 42 45 0.719772 6.59525 9.16298
40 52 43 46 0.375752 5.31207 14.1372
40 52 44 47 0.300978 5.19125 17.248
40 52 45 48 0.304023 5.24377 17.248
40 52 46 49 0.390661 5.52285 14.1372
40 52 47 50 0.66739 6.11528 9.16298
40 52 48 51 2.22978 8.93398 4.00667
40 62 41 46 2.61508 9.68567 3.70377
40 62 42 47 0.774701 6.51079 8.40426
40 62 43 48 0.380534 5.26342 13.8317
40 62 44 49 0.255769 5.01397 19.6035
40 62 45 50 0.18377 4.63683 25.2317
40 62 46 51 0.144855 4.36872 30.1593
40 62 47 52 0.127324 4.3077 33.8325
40 62 48 53 0.119281 4.27001 35.7978
40 62 49 54 0.121369 4.34474 35.7978
40 62 50 55 0.130689 4.42155 33.8325
40 62 51 56 0.148294 4.47244 30.1593
40 62 52 57 0.186801 4.71332 25.2317
40 62 53 58 0.259312 5.08342 19.6035
40 62 54 59 0.409704 5.6669 13.8317
40 62 55 60 0.776915 6.5294 8.40426
40 62 56 61 2.07719 7.69344 3.70377
41 53 42 45 2.15713 8.64291 4.00667
41 53 43 46 0.662045 6.06631 9.16298
41 53 44 47 0.392744 5.55229 14.1372
41 53 45 48 0.300578 5.18436 17.248
41 53 46 49 0.290178 5.00497 17.248
41 53 47 50 0.361136 5.10544 14.1372
41 53 48 51 0.683978 6.26728 9.16298
41 53 49 52 2.05083 8.21698 4.00667
41 63 42 47 2.27638 8.43118 3.70377
41 63 43 48 0.714103 6.00151 8.40426
41 63 44 49 0.39771 5.501 13.8317
41 63 45 50 0.253162 4.96287 19.6035
41 63 46 51 0.180522 4.55488 25.2317
41 63 47 52 0.146252 4.41085 30.1593
41 63 48 53 0.126995 4.29658 33.8325
41 63 49 54 0.120523 4.31447 35.7978
41 63 50 55 0.121862 4.36238 35.7978
41 63 51 56 0.128896 4.36089 33.8325
41 63 52 57 0.149472 4.50798 30.1593
41 63 53 58 0.188936 4.76717 25.2317
41 63 54 59 0.264283 5.18089 19.6035
41 63 55 60 0.418012 5.78181 13.8317
41 63 56 61 0.75842 6.37396 8.40426
41 63 57 62 1.95578 7.24375 3.70377
42 54 43 46 2.11799 8.4861 4.00667
42 54 44 47 0.759742 6.9615 9.16298
42 54 45 48 0.418247 5.91282 14.1372
42 54 46 49 0.30004 5.17509 17.248
42 54 47 50 0.282289 4.86891 17.248
42 54 48 51 0.372715 5.26914 14.1372
42 54 49 52 0.679687 6.22795 9.16298
42 54 50 53 2.02294 8.10527 4.00667
42 64 43 48 2.24153 8.30213 3.70377
42 64 44 49 0.816213 6.85967 8.40426
42 64 45 50 0.421363 5.82816 13.8317
42 64 46 51 0.259848 5.09394 19.6035
42 64 47 52 0.189313 4.77667 25.2317
42 64 48 53 0.149837 4.51897 30.1593
42 64 49 54 0.131367 4.44449 33.8325
42 64 50 55 0.124059 4.44102 35.7978
42 64 51 56 0.122029 4.36838 35.7978
42 64 52 57 0.130652 4.4203 33.8325
42 64 53 58 0.151784 4.5777 30.1593
42 64 54 59 0.193116 4.87264 25.2317
42 64 55 60 0.272056 5.33327 19.6035
42 64 56 61 0.41529 5.74416 13.8317
42 64 57 62 0.746253 6.2717 8.40426
42 64 58 63 2.33416 8.64518 3.70377
43 55 44 47 2.23237 8.94437 4.00667
43 55 45 48 0.748667 6.86002 9.16298
43 55 46 49 0.395217 5.58725 14.1372
43 55 47 50 0.289412 4.99176 17.248
43 55 48 51 0.286159 4.93567 17.248
43 55 49 52 0.381631 5.39518 14.1372
43 55 50 53 0.697647 6.39253 9.16298
43 55 51 54 1.9715 7.89916 4.00667
44 56 45 48 2.07132 8.29911 4.00667
44 56 46 49 0.672859 6.1654 9.16298
44 56 47 50 0.37206 5.25987 14.1372
44 56 48 51 0.281538 4.85596 17.248
44 56 49 52 0.291653 5.03041 17.248
44 56 50 53 0.40168 5.67862 14.1372
44 56 51 54 0.708959 6.49618 9.16298
44 56 52 55 1.85701 7.44044 4.00667
45 57 46 49 2.13901 8.57031 4.00667
45 57 47 50 0.700399 6.41774 9.16298
45 57 48 51 0.372646 5.26815 14.1372
45 57 49 52 0.290967 5.01859 17.248
45 57 50 53 0.309566 5.33938 17.248
45 57 51 54 0.40709 5.7551 14.1372
45 57 52 55 0.674598 6.18133 9.16298
45 57 53 56 1.87848 7.52646 4.00667
46 58 47 50 2.20221 8.82352 4.00667
46 58 48 51 0.684696 6.27385 9.16298
46 58 49 52 0.382304 5.4047 14.1372
46 58 50 53 0.310352 5.35294 17.248
46 58 51 54 0.311889 5.37946 17.248
46 58 52 55 0.386993 5.47099 14.1372
46 58 53 56 0.672431 6.16148 9.16298
46 58 54 57 2.06491 8.2734 4.00667
47 59 48 51 1.98562 7.95571 4.00667
47 59 49 52 0.671646 6.15428 9.16298
47 59 50 53 0.402894 5.69578 14.1372
47 59 51 54 0.310376 5.35336 17.248
47 59 52 55 0.29619 5.10868 17.248
47 59 53 56 0.375752 5.31207 14.1372
47 59 54 57 0.701655 6.42925 9.16298
47 59 55 58 2.08255 8.34408 4.00667
48 60 49 52 1.96138 7.85858 4.00667
48 60 50 53 0.721232 6.60863 9.16298
48 60 51 54 0.410213 5.79925 14.1372
48 60 52 55 0.298464 5.14789 17.248
48 60 53 56 0.284325 4.90402 17.248
48 60 54 57 0.378428 5.34989 14.1372
48 60 55 58 0.699433 6.40889 9.16298
48 60 56 59 2.08834 8.3673 4.00667
49 61 50 53 2.05783 8.24506 4.00667
49 61 51 54 0.727682 6.66774 9.16298
49 61 52 55 0.39278 5.5528 14.1372
49 61 53 56 0.283867 4.89613 17.248
49 61 54 57 0.283013 4.8814 17.248
49 61 55 58 0.381515 5.39354 14.1372
49 61 56 59 0.688139 6.3054 9.16298
49 61 57 60 1.89475 7.59165 4.00667
50 62 51 54 1.98435 7.95061 4.00667
50 62 52 55 0.680068 6.23145 9.16298
50 62 53 56 0.363755 5.14246 14.1372
50 62 54 57 0.279826 4.82642 17.248
50 62 55 58 0.296146 5.10791 17.248
50 62 56 59 0.406231 5.74296 14.1372
50 62 57 60 0.72405 6.63445 9.16298
50 62 58 61 1.95378 7.82814 4.00667
51 63 52 55 2.24345 8.98876 4.00667
51 63 53 56 0.685794 6.28392 9.16298
51 63 54 57 0.371373 5.25016 14.1372
51 63 55 58 0.294557 5.08051 17.248
51 63 56 59 0.309958 5.34614 17.248
51 63 57 60 0.413982 5.85254 14.1372
51 63 58 61 0.702286 6.43503 9.16298
51 63 59 62 1.82957 7.33047 4.00667
52 64 53 56 2.04348 8.18755 4.00667
52 64 54 57 0.670859 6.14707 9.16298
52 64 55 58 0.383016 5.41476 14.1372
52 64 56 59 0.307963 5.31173 17.248
52 64 57 60 0.317844 5.48216 17.248
52 64 58 61 0.407735 5.76421 14.1372
52 64 59 62 0.685775 6.28374 9.16298
52 64 60 63 2.20346 8.82855 4.00667
