64
# x y z
0.0 0.0 0.0
0.5 0.0 0.0
1.0 0.0 0.0
1.5 0.0 0.0
2.0 0.0 0.0
2.5 0.0 0.0
3.0 0.0 0.0
3.5 0.0 0.0
4.0 0.0 0.0
4.5 0.0 0.0
5.0 0.0 0.0
5.5 0.0 0.0
6.0 0.0 0.0
6.5 0.0 0.0
7.0 0.0 0.0
7.5 0.0 0.0
8.0 0.0 0.0
8.5 0.0 0.0
9.0 0.0 0.0
9.5 0.0 0.0
10.0 0.0 0.0
10.5 0.0 0.0
11.0 0.0 0.0
11.5 0.0 0.0
12.0 0.0 0.0
12.5 0.0 0.0
13.0 0.0 0.0
13.5 0.0 0.0
14.0 0.0 0.0
14.5 0.0 0.0
15.0 0.0 0.0
15.5 0.0 0.0
16.0 0.0 0.0
16.5 0.0 0.0
17.0 0.0 0.0
17.5 0.0 0.0
18.0 0.0 0.0
18.5 0.0 0.0
19.0 0.0 0.0
19.5 0.0 0.0
20.0 0.0 0.0
20.5 0.0 0.0
21.0 0.0 0.0
21.5 0.0 0.0
22.0 0.0 0.0
22.5 0.0 0.0
23.0 0.0 0.0
23.5 0.0 0.0
24.0 0.0 0.0
24.5 0.0 0.0
25.0 0.0 0.0
25.5 0.0 0.0
26.0 0.0 0.0
26.5 0.0 0.0
27.0 0.0 0.0
27.5 0.0 0.0
28.0 0.0 0.0
28.5 0.0 0.0
29.0 0.0 0.0
29.5 0.0 0.0
30.0 0.0 0.0
30.5 0.0 0.0
31.0 0.0 0.0
31.5 0.0 0.0
1400
# a b m n r rhoa
1 13 2 5 1.98602651 7.957350635380448
1 13 3 6 0.7322529 6.709617632695313
1 13 4 7 0.436483052 6.170633773108445
1 13 5 8 0.305801561 5.274452990162541
1 13 6 9 0.266138626 4.59034828701692
1 13 7 10 0.370289252 5.23484097203908
1 13 8 11 0.718116287 6.58008415068194
1 13 9 12 2.10082005 8.417290341047604
1 23 2 7 2.12223934 7.860291475860679
1 23 3 8 0.789912031 6.638626561147475
1 23 4 9 0.429341246 5.938508208798462
1 23 5 10 0.266702528 5.228313184589824
1 23 6 11 0.188854211 4.76511072373731
1 23 7 12 0.142400302 4.294691929268811
1 23 8 13 0.128141982 4.3353682536514535
1 23 9 14 0.124173896 4.4451479894589445
1 23 10 15 0.115491196 4.134326732404441
1 23 11 16 0.127113731 4.300579914399878
1 23 12 17 0.14849911 4.478627645189975
1 23 13 18 0.187777489 4.737943209062808
1 23 14 19 0.278332003 5.456292041514487
1 23 15 20 0.406881118 5.627847037198228
1 23 16 21 0.79837117 6.709719369771678
1 23 17 22 2.27577071 8.428936725311296
1 57 4 16 0.497025426 5.736644416372
1 57 5 17 0.313813955 5.101047961427041
1 57 6 18 0.219926727 4.693443502916369
1 57 7 19 0.162034451 4.335005338256946
1 57 8 20 0.131474765 4.264986285607591
1 57 9 21 0.114388531 4.385436634306107
1 57 10 22 0.095697244 4.247138585722908
1 57 11 23 0.082573517 4.169404096502084
1 57 12 24 0.073667701 4.169106084867558
1 57 13 25 0.065491288 4.099410913456788
1 57 14 26 0.060385477 4.130761418864413
1 57 15 27 0.057166875 4.226676243649248
1 57 16 28 0.05286768 4.181262563414437
1 57 17 29 0.049796079 4.171706559039385
1 57 18 30 0.047732684 4.196143027245193
1 57 19 31 0.045320527 4.142771006461774
1 57 20 32 0.044389885 4.181997789430731
1 57 21 33 0.043616818 4.198251829841253
1 57 22 34 0.043165515 4.208456621193854
1 57 23 35 0.043050355 4.215188162242484
1 57 24 36 0.04318052 4.209919545743717
1 57 25 37 0.04401556 4.236631964108144
1 57 26 38 0.04416383 4.160701011791192
1 57 27 39 0.045221083 4.133680782952975
1 57 28 40 0.047338297 4.1614727736284856
1 57 29 41 0.049683568 4.1622808595447705
1 57 30 42 0.053612524 4.240171680152374
1 57 31 43 0.056929295 4.209110586230223
1 57 32 44 0.060367837 4.129554727536479
1 57 33 45 0.066220791 4.145073972634972
1 57 34 46 0.073750302 4.173780756766388
1 57 35 47 0.082153164 4.148179113192036
1 57 36 48 0.095524779 4.239484418000098
1 57 37 49 0.111041207 4.25710665954236
1 57 38 50 0.130251562 4.2253060928381725
1 57 39 51 0.164935902 4.41262960578812
1 57 40 52 0.215857427 4.6066008080472844
1 57 41 53 0.307118145 4.992207524580941
1 57 42 54 0.474887995 5.4811352144363825
2 14 3 6 1.81944334 7.289907030288193
2 14 4 7 0.730093276 6.68982904425764
2 14 5 8 0.396461759 5.604846072766604
2 14 6 9 0.27289266 4.706841593036897
2 14 7 10 0.274633499 4.736867513895232
2 14 8 11 0.387692197 5.480869310771802
2 14 9 12 0.700761131 6.421059228123385
2 14 10 13 1.82848053 7.326116058328082
2 24 3 8 1.93684144 7.173619852379949
2 24 4 9 0.763087007 6.413182068797644
2 24 5 10 0.398384898 5.510330090751024
2 24 6 11 0.250920067 4.918921108142861
2 24 7 12 0.172011081 4.340130105305129
2 24 8 13 0.14340316 4.32493741399259
2 24 9 14 0.131443369 4.447062549068374
2 24 10 15 0.11473476 4.107248013987212
2 24 11 16 0.11690363 4.184888713284411
2 24 12 17 0.127123795 4.300920405044894
2 24 13 18 0.147511137 4.448831081490022
2 24 14 19 0.198680759 5.013051127100195
2 24 15 20 0.262860439 5.152994646270355
2 24 16 21 0.422340702 5.841678965399716
2 24 17 22 0.849080528 7.1358940293617605
2 24 18 23 2.41489575 8.944224207443623
2 58 5 17 0.461553784 5.32723236947433
2 58 6 18 0.295390774 4.801579029642121
2 58 7 19 0.203991584 4.353372542003132
2 58 8 20 0.1592521 4.260567424816522
2 58 9 21 0.135223116 4.386581221401115
2 58 10 22 0.110305826 4.228913564051234
2 58 11 23 0.093351676 4.1430399519290555
2 58 12 24 0.081965829 4.138719962791331
2 58 13 25 0.071793733 4.063051853697141
2 58 14 26 0.065430437 4.095601960218691
2 58 15 27 0.061360909 4.197487344906626
2 58 16 28 0.056143318 4.150998780854213
2 58 17 29 0.052388433 4.143359301161796
2 58 18 30 0.049720355 4.16536272005004
2 58 19 31 0.046767169 4.111265356529031
2 58 20 32 0.045450082 4.15461369085382
2 58 21 33 0.044284287 4.172049338278666
2 58 22 34 0.043457993 4.182964438934503
2 58 23 35 0.042970235 4.1894176404476084
2 58 24 36 0.042781608 4.188874345015235
2 58 25 37 0.043243085 4.216019370766191
2 58 26 38 0.043061319 4.144783355978143
2 58 27 39 0.043767816 4.123392294443002
2 58 28 40 0.045374277 4.147684319618907
2 58 29 41 0.047177653 4.147350684862877
2 58 30 42 0.050350104 4.2181204489035204
2 58 31 43 0.05291791 4.185235213974482
2 58 32 44 0.055608589 4.111463186839492
2 58 33 45 0.060249779 4.121478788489275
2 58 34 46 0.066104585 4.1378000869143365
2 58 35 47 0.072530546 4.104750610683049
2 58 36 48 0.08268816 4.175192792578033
2 58 37 49 0.094068326 4.174845589586273
2 58 38 50 0.107869316 4.135502449139257
2 58 39 51 0.131614417 4.269516537970148
2 58 40 52 0.164254501 4.394399674102212
2 58 41 53 0.217913549 4.65048038818628
2 58 42 54 0.30431319 4.946612962080861
2 58 43 55 0.446322775 5.151436769963971
3 15 4 7 2.03627469 8.158678455042688
3 15 5 8 0.700039984 6.414451373614423
3 15 6 9 0.366278921 5.178146253202794
3 15 7 10 0.275087957 4.744705987149472
3 15 8 11 0.304568309 5.253181909407581
3 15 9 12 0.434206465 6.138449282633384
3 15 10 13 0.766600653 7.024345357463987
3 15 11 14 1.93323636 7.74583798359599
3 25 4 9 2.11927813 7.8493238280169475
3 25 5 10 0.737740905 6.2001668223457855
3 25 6 11 0.380414347 5.2617672852335415
3 25 7 12 0.22781816 4.466041992736545
3 25 8 13 0.172419552 4.3504365185544245
3 25 9 14 0.148209543 4.469894510214723
3 25 10 15 0.121094349 4.096928954565334
3 25 11 16 0.114252985 4.090001545594035
3 25 12 17 0.115905748 4.149166767618655
3 25 13 18 0.124092676 4.19836996154044
3 25 14 19 0.153186611 4.619999344760805
3 25 15 20 0.186750394 4.7120278674197404
3 25 16 21 0.259460258 5.086339068291387
3 25 17 22 0.426314284 5.896640256785481
3 25 18 23 0.837380632 7.037565054361932
3 25 19 24 2.30342295 8.531354328389208
3 59 6 18 0.440074673 5.079321466447843
3 59 7 19 0.27287088 4.43551800032858
3 59 8 20 0.200264309 4.273828982787009
3 59 9 21 0.1642672 4.394739418103878
3 59 10 22 0.129702512 4.207495140902926
3 59 11 23 0.106978277 4.101341724816331
3 59 12 24 0.092272262 4.095134488221349
3 59 13 25 0.079416573 4.009999777487458
3 59 14 26 0.071435193 4.042760854040882
3 59 15 27 0.066319288 4.151239367897053
3 59 16 28 0.059969431 4.1023011524120525
3 59 17 29 0.055426783 4.098021222394997
3 59 18 30 0.05210074 4.120605891693925
3 59 19 31 0.048496905 4.062867212529122
3 59 20 32 0.046795629 4.113767252935179
3 59 21 33 0.0452554 4.136817716303921
3 59 22 34 0.044043953 4.149407327452888
3 59 23 35 0.043201686 4.158294108060042
3 59 24 36 0.042674881 4.1606218645395465
3 59 25 37 0.04279861 4.1905390613488045
3 59 26 38 0.042350066 4.12895376472855
3 59 27 39 0.042714017 4.111354478681144
3 59 28 40 0.043910096 4.136796578898351
3 59 29 41 0.045277582 4.138845383512321
3 59 30 42 0.047887888 4.209786889853057
3 59 31 43 0.049883121 4.178998572579485
3 59 32 44 0.051970858 4.110333628105635
3 59 33 45 0.055734937 4.12080482200903
3 59 34 46 0.060417346 4.13294146681961
3 59 35 47 0.065400247 4.093712224663677
3 59 36 48 0.073411134 4.154586084564084
3 59 37 49 0.082081597 4.144565463757989
3 59 38 50 0.092420156 4.1016981705986275
3 59 39 51 0.10975045 4.207621514621781
3 59 40 52 0.132379752 4.294343684676935
3 59 41 53 0.167617193 4.4843638001318915
3 59 42 54 0.219413091 4.6824820268832
3 59 43 55 0.295013294 4.795443089688527
3 59 44 56 0.444404961 5.129301449718322
4 16 5 8 2.06554658 8.275961226102117
4 16 6 9 0.683358268 6.261597167346048
4 16 7 10 0.355764673 5.029504573966098
4 16 8 11 0.28906917 4.985853385065957
4 16 9 12 0.320046551 5.520150003136048
4 16 10 13 0.420529774 5.9450996187638045
4 16 11 14 0.679371356 6.22506517811773
4 16 12 15 1.64540477 6.592592105941989
4 26 5 10 2.16268747 8.01010214304655
4 26 6 11 0.745375318 6.264328418740777
4 26 7 12 0.36018442 4.981953527128192
4 26 8 13 0.23661599 4.638510588852664
4 26 9 14 0.186985444 4.717958575925968
4 26 10 15 0.14106036 4.25428023061182
4 26 11 16 0.122624031 4.148681976311025
4 26 12 17 0.115898662 4.1489131046535075
4 26 13 18 0.114769974 4.108508596495637
4 26 14 19 0.130923664 4.429479610806471
4 26 15 20 0.148931245 4.491660529747021
4 26 16 21 0.18491011 4.665594393807006
4 26 17 22 0.263357779 5.162744269938054
4 26 18 23 0.41906475 5.796367064843043
4 26 19 24 0.772199781 6.489768196300409
4 26 20 25 1.97493652 7.3147153579397655
4 60 7 19 0.4223978 4.875295818081179
4 60 8 20 0.278448861 4.5261881192177436
4 60 9 21 0.215750384 4.604316409603603
4 60 10 22 0.162195909 4.3393249214541285
4 60 11 23 0.128937534 4.182679575126547
4 60 12 24 0.108282885 4.151357890480779
4 60 13 25 0.091043446 4.040598415600975
4 60 14 26 0.080428858 4.061113323078929
4 60 15 27 0.073637078 4.167373025006806
4 60 16 28 0.065582124 4.105096770325793
4 60 17 29 0.059855746 4.094524355154931
4 60 18 30 0.055617659 4.1121337841658265
4 60 19 31 0.051149899 4.045404636842955
4 60 20 32 0.048892719 4.096026848651468
4 60 21 33 0.046860719 4.119489264076295
4 60 22 34 0.045168338 4.12885933732557
4 60 23 35 0.043922807 4.137994089860622
4 60 24 36 0.043014672 4.140293439884158
4 60 25 37 0.04274613 4.167568343130233
4 60 26 38 0.041996615 4.11201334814208
4 60 27 39 0.042034553 4.098192570893083
4 60 28 40 0.042777016 4.11741832467349
4 60 29 41 0.043725781 4.119432151787108
4 60 30 42 0.045695913 4.1770852199092845
4 60 31 43 0.047188965 4.148345113961483
4 60 32 44 0.048740638 4.083286140588786
4 60 33 45 0.051687064 4.087888587431982
4 60 34 46 0.0553607 4.093135325689797
4 60 35 47 0.0591736 4.047861108976831
4 60 36 48 0.065389132 4.093016483998093
4 60 37 49 0.07194286 4.071491458499224
4 60 38 50 0.079756816 4.02717974764673
4 60 39 51 0.092471741 4.103987564052263
4 60 40 52 0.108295203 4.151830138948253
4 60 41 53 0.131960159 4.280732263576187
4 60 42 54 0.164330118 4.396422701283407
4 60 43 55 0.207896404 4.436705078748691
4 60 44 56 0.283096135 4.601729589525822
4 60 45 57 0.455183041 5.2537015492239165
5 17 6 9 2.14010465 8.574690725783993
5 17 7 10 0.658626362 6.034979242599334
5 17 8 11 0.373960806 5.286746343870541
5 17 9 12 0.319951859 5.518516759339282
5 17 10 13 0.319722045 5.514552936736424
5 17 11 14 0.39533325 5.588892152639009
5 17 12 15 0.6415088 5.878131388771845
5 17 13 16 2.16194543 8.662199499576847
5 27 6 11 2.27077766 8.410443604571412
5 27 7 12 0.711206176 5.977162044827401
5 27 8 13 0.373732267 5.169342932107572
5 27 9 14 0.263616401 5.167814176183655
5 27 10 15 0.180166105 4.545895134895785
5 27 11 16 0.1433652 4.32379256736414
5 27 12 17 0.126104857 4.266447148203595
5 27 13 18 0.115840275 4.146822980529025
5 27 14 19 0.123003799 4.403261131636412
5 27 15 20 0.132192084 4.472393476461339
5 27 16 21 0.151003762 4.554166169890765
5 27 17 22 0.195741245 4.938882223956298
5 27 18 23 0.277155467 5.433227773143755
5 27 19 24 0.42911568 5.935388253389784
5 27 20 25 0.787080381 6.614828636613934
5 27 21 26 2.13956587 7.9244649993169185
5 61 8 20 0.432884947 4.996337982393358
5 61 9 21 0.306829758 4.987519791945048
5 61 10 22 0.214423807 4.5760060069222215
5 61 11 23 0.162415767 4.345206915053493
5 61 12 24 0.131882036 4.278197986191546
5 61 13 25 0.107555689 4.1234785921731465
5 61 14 26 0.09297342 4.126252575556114
5 61 15 27 0.083839586 4.233332017545513
5 61 16 28 0.073386069 4.15316757085185
5 61 17 29 0.066016041 4.132257697216319
5 61 18 30 0.060536847 4.141116116500958
5 61 19 31 0.054984917 4.065351524688479
5 61 20 32 0.052060169 4.117397163725149
5 61 21 33 0.049387088 4.13744300914647
5 61 22 34 0.047140042 4.144044331182918
5 61 23 35 0.045344582 4.144969885494237
5 61 24 36 0.043992133 4.144525334056233
5 61 25 37 0.043327835 4.170436334255513
5 61 26 38 0.042239954 4.118218306678926
5 61 27 39 0.041966786 4.10909270212902
5 61 28 40 0.042330712 4.127066830923947
5 61 29 41 0.042875235 4.126872203140167
5 61 30 42 0.044361462 4.179320041489529
5 61 31 43 0.045347791 4.145263221716027
5 61 32 44 0.04642333 4.081038738173671
5 61 33 45 0.048745566 4.08369898775137
5 61 34 46 0.051628657 4.083269224476367
5 61 35 47 0.054590811 4.036212998790751
5 61 36 48 0.059547659 4.073449190123876
5 61 37 49 0.064578589 4.042280746138944
5 61 38 50 0.070658287 3.9987930976428627
5 61 39 51 0.080364104 4.057843684063009
5 61 40 52 0.091912362 4.079161769330911
5 61 41 53 0.108717469 4.168019006570147
5 61 42 54 0.130321266 4.227567261390571
5 61 43 55 0.157765307 4.220790355482773
5 61 44 56 0.200660602 4.282286248674939
5 61 45 57 0.283922615 4.615164027516829
5 61 46 58 0.438580851 5.062079842202741
6 18 7 10 1.90431467 7.629958347982377
6 18 8 11 0.648452307 5.941754594634114
6 18 9 12 0.418708633 5.919353844423425
6 18 10 13 0.315332915 5.438849399524224
6 18 11 14 0.30218743 5.212116604444127
6 18 12 15 0.373581866 5.281389205829861
6 18 13 16 0.775958417 7.110090348486899
6 18 14 17 2.26140245 9.060690847655602
6 28 7 12 2.02190242 7.48866636170644
6 28 8 13 0.696898251 5.856914514454103
6 28 9 14 0.415515666 5.7472772914656325
6 28 10 15 0.250790571 4.9163825283655
6 28 11 16 0.179710694 4.534404346163477
6 28 12 17 0.14602988 4.404157422840949
6 28 13 18 0.123662442 4.183814054131099
6 28 14 19 0.121790265 4.359819326281121
6 28 15 20 0.123441187 4.418918644619764
6 28 16 21 0.130085218 4.401112856101514
6 28 17 22 0.154549359 4.661098856173549
6 28 18 23 0.198940004 5.019592316322474
6 28 19 24 0.273317288 5.3579858846584845
6 28 20 25 0.427745693 5.916439039632094
6 28 21 26 0.807378185 6.78541667107744
6 28 22 27 2.41145805 8.931491749093018
6 62 9 21 0.476430206 5.498935342275351
6 62 10 22 0.300341437 4.882052090197576
6 62 11 23 0.21245639 4.534019475034366
6 62 12 24 0.165375737 4.424396776665579
6 62 13 25 0.130008876 4.217433460689266
6 62 14 26 0.109453897 4.196252242030866
6 62 15 27 0.096952426 4.302844807568803
6 62 16 28 0.083203565 4.201217258973932
6 62 17 29 0.073667021 4.169067601351726
6 62 18 30 0.066622869 4.170241945224866
6 62 19 31 0.059636355 4.0795165764063075
6 62 20 32 0.055922992 4.134708811006146
6 62 21 33 0.052535572 4.1549964070896195
6 62 22 34 0.049621317 4.157065731964007
6 62 23 35 0.047289912 4.157219286010374
6 62 24 36 0.045495061 4.158725242714186
6 62 25 37 0.04442188 4.185012057642348
6 62 26 38 0.043011313 4.139970125884123
6 62 27 39 0.042422626 4.136028060319227
6 62 28 40 0.042440438 4.155469376686582
6 62 29 41 0.042673789 4.160515399120789
6 62 30 42 0.043744817 4.210572124182023
6 62 31 43 0.044377379 4.180819591641875
6 62 32 44 0.045145459 4.126767957014462
6 62 33 45 0.046980874 4.1300519964262845
6 62 34 46 0.049320493 4.131863959472714
6 62 35 47 0.051672663 4.086749623850155
6 62 36 48 0.055821187 4.12718178114865
6 62 37 49 0.059906921 4.09802505973014
6 62 38 50 0.064880869 4.061201887694745
6 62 39 51 0.072833071 4.121871530722681
6 62 40 52 0.082028691 4.141894068604389
6 62 41 53 0.095137928 4.222315587004029
6 62 42 54 0.111310008 4.2674119737415435
6 62 43 55 0.131272177 4.258414415776688
6 62 44 56 0.161026065 4.308027379766973
6 62 45 57 0.213822119 4.563165418272973
6 62 46 58 0.301316143 4.897895942821309
6 62 47 59 0.463999943 5.355465823206953
7 19 8 11 1.80243235 7.221749625840982
7 19 9 12 0.755473227 6.922384991453675
7 19 10 13 0.408634063 5.776927966473082
7 19 11 14 0.294309569 5.076239575655726
7 19 12 15 0.275736231 4.755887390954486
7 19 13 16 0.389589559 5.507692634113604
7 19 14 17 0.714061472 6.542929967719583
7 19 15 18 2.28615713 9.159874653931501
7 29 8 13 1.92021373 7.1120345991464085
7 29 9 14 0.807814301 6.789081903594124
7 29 10 15 0.401665808 5.555710568748074
7 29 11 16 0.251607915 4.93240536265804
7 29 12 17 0.186098278 4.695573879297015
7 29 13 18 0.144072933 4.345137291781769
7 29 14 19 0.131001613 4.432116823176136
7 29 15 20 0.125202728 4.481977875961749
7 29 16 21 0.122032118 4.3684771232201385
7 29 17 22 0.133661352 4.5221025393608505
7 29 18 23 0.157979899 4.76456150508727
7 29 19 24 0.196662722 4.962132645067519
7 29 20 25 0.27511246 5.393177607461377
7 29 21 26 0.427017798 5.906371033185205
7 29 22 27 0.841354135 7.070959409076601
7 29 23 28 2.4903767 9.22378846614541
7 63 10 22 0.470547774 5.431040584940566
7 63 11 23 0.300072189 4.877675462136156
7 63 12 24 0.21941733 4.682572491135909
7 63 13 25 0.164116631 4.390711154887336
7 63 14 26 0.133479583 4.3300217414621
7 63 15 27 0.115534978 4.4293892109249136
7 63 16 28 0.09679902 4.296036497165618
7 63 17 29 0.084055321 4.244225175853871
7 63 18 30 0.074649025 4.224642552058607
7 63 19 31 0.06572035 4.11374899247973
7 63 20 32 0.0608748 4.164234311191867
7 63 21 33 0.056564021 4.182103776111203
7 63 22 34 0.052816455 4.177211219099519
7 63 23 35 0.049759386 4.168632573459701
7 63 24 36 0.047408821 4.1676724834720265
7 63 25 37 0.045824693 4.188857061181389
7 63 26 38 0.044057555 4.150688780061558
7 63 27 39 0.043121855 4.150610130704609
7 63 28 40 0.042732607 4.1662499073629675
7 63 29 41 0.042608023 4.171878121937798
7 63 30 42 0.043263108 4.217971529264154
7 63 31 43 0.043490536 4.186096801989931
7 63 32 44 0.043915747 4.137328963010363
7 63 33 45 0.045313453 4.142124368745057
7 63 34 46 0.047046003 4.135777436026989
7 63 35 47 0.048816916 4.0896763913736
7 63 36 48 0.052166184 4.1257818053561115
7 63 37 49 0.05539066 4.095350441003687
7 63 38 50 0.059402734 4.063535372623868
7 63 39 51 0.065770571 4.116892563506837
7 63 40 52 0.072949291 4.128448816325545
7 63 41 53 0.083114477 4.196718917548689
7 63 42 54 0.095213842 4.22568472560322
7 63 43 55 0.10969991 4.205683908066646
7 63 44 56 0.130545077 4.234827596448544
7 63 45 57 0.165276578 4.421743916167807
7 63 46 58 0.218521322 4.663450836466984
7 63 47 59 0.305868772 4.971898958014129
7 63 48 60 0.481234491 5.554386176937297
8 20 9 12 1.91879627 7.6879813242020285
8 20 10 13 0.664783674 6.0913985605224275
8 20 11 14 0.36626075 5.177889366742306
8 20 12 15 0.274796438 4.7396778791953755
8 20 13 16 0.288622567 4.9781503945349
8 20 14 17 0.397391447 5.617989227225792
8 20 15 18 0.758540679 6.950491988403289
8 20 16 19 2.26279023 9.066251222609896
8 30 9 14 2.02634393 7.505116703821458
8 30 10 15 0.696906998 5.856988026521589
8 30 11 16 0.364887839 5.047009686072023
8 30 12 17 0.242995958 4.763580534990037
8 30 13 18 0.172041394 4.34089495349466
8 30 14 19 0.144896065 4.369962368045462
8 30 15 20 0.131150783 4.437163622611447
8 30 16 21 0.119126445 4.2644605230324855
8 30 17 22 0.121175813 4.337823317776894
8 30 18 23 0.132656429 4.4881034455153666
8 30 19 24 0.151412408 4.566490642897346
8 30 20 25 0.19394558 4.893574563076342
8 30 21 26 0.265182226 5.198509886320533
8 30 22 27 0.421515623 5.8302667415333715
8 30 23 28 0.843932607 7.092629559719458
8 30 24 29 2.29950435 8.516840725895483
8 64 11 23 0.429310275 4.955079283951719
8 64 12 24 0.289894395 4.712235351814981
8 64 13 25 0.204633038 4.367061774547932
8 64 14 26 0.160366689 4.290386696182231
8 64 15 27 0.135604496 4.398953028794001
8 64 16 28 0.110933119 4.252962773168568
8 64 17 29 0.094590189 4.198006387025342
8 64 18 30 0.082740846 4.177853079219674
8 64 19 31 0.071749546 4.060551160882361
8 64 20 32 0.065769666 4.116835915256513
8 64 21 33 0.06047607 4.136958572349169
8 64 22 34 0.055930492 4.135263329192199
8 64 23 35 0.052209422 4.129201464223626
8 64 24 36 0.049306445 4.130687076976777
8 64 25 37 0.047258399 4.154449002755035
8 64 26 38 0.045063634 4.119288294705951
8 64 27 39 0.043772078 4.123793820028809
8 64 28 40 0.043033741 4.142128889323484
8 64 29 41 0.04258097 4.151465936022236
8 64 30 42 0.042888665 4.199356613955531
8 64 31 43 0.042781192 4.17098674103542
8 64 32 44 0.042889096 4.128206366687206
8 64 33 45 0.043915551 4.137310497732368
8 64 34 46 0.045264436 4.137643701377183
8 64 35 47 0.046498217 4.087621995944831
8 64 36 48 0.049226531 4.123992217368271
8 64 37 49 0.051754633 4.093232565646032
8 64 38 50 0.055052907 4.070378416884452
8 64 39 51 0.060265887 4.122580681001196
8 64 40 52 0.065926833 4.1266737446031465
8 64 41 53 0.074004449 4.188163801028225
8 64 42 54 0.083189257 4.200494801750598
8 64 43 55 0.094163281 4.1790597866472385
8 64 44 56 0.10952058 4.1988087402088645
8 64 45 57 0.1338428 4.341804348745707
8 64 46 58 0.169298449 4.529343455322481
8 64 47 59 0.222960979 4.75819729855491
8 64 48 60 0.319222281 5.1889603371435165
8 64 49 61 0.48207845 5.564127112575059
9 21 10 13 1.66318532 6.663832882501368
9 21 11 14 0.590827417 5.413738962294347
9 21 12 15 0.341799759 4.832080253429238
9 21 13 16 0.270186659 4.660168596930664
9 21 14 17 0.291847487 5.033773684623452
9 21 15 18 0.423719464 5.990192798784334
9 21 16 19 0.794441537 7.279450781008536
9 21 17 20 1.88879011 7.567756576375611
9 31 10 15 1.74348161 6.457459052381364
9 31 11 16 0.626846208 5.268178889382399
9 31 12 17 0.350972434 4.854536338609723
9 31 13 18 0.220680699 4.326122503668952
9 31 14 19 0.170067685 4.291094941773254
9 31 15 20 0.145281748 4.38159429328784
9 31 16 21 0.123269177 4.170508901755102
9 31 17 22 0.116953466 4.186672730717533
9 31 18 23 0.119255479 4.26907965188443
9 31 19 24 0.125815786 4.256667143111655
9 31 20 25 0.149341723 4.50404025457192
9 31 21 26 0.185295018 4.675306272767717
9 31 22 27 0.254872866 4.996409954171846
9 31 23 28 0.41238426 5.703964704078953
9 31 24 29 0.758969723 6.378579341089364
9 31 25 30 2.20500429 8.166834012662884
10 22 11 14 2.05623617 8.238657495987683
10 22 12 15 0.710444759 6.509790103995999
10 22 13 16 0.373951235 5.2866110370457475
10 22 14 17 0.292368192 5.042754783461737
10 22 15 18 0.324199417 5.591778468405537
10 22 16 19 0.446993052 6.319215397659975
10 22 17 20 0.71441727 6.546190137169887
10 22 18 21 2.19040083 8.776210865553029
10 32 11 16 2.15983739 7.9995460954286965
10 32 12 17 0.772612748 6.493238878588419
10 32 13 18 0.3785108 5.235438043422627
10 32 14 19 0.247411745 4.850145583943904
10 32 15 20 0.192659409 4.861122296366441
10 32 16 21 0.148635632 4.482745051707607
10 32 17 22 0.129451074 4.379658156221473
10 32 18 23 0.121798503 4.360114228271932
10 32 19 24 0.118300864 4.234906568131325
10 32 20 25 0.130764626 4.424098951903253
10 32 21 26 0.149813584 4.5182712470626285
10 32 22 27 0.185713114 4.685855541023915
10 32 23 28 0.262730502 5.150447421332666
10 32 24 29 0.399567407 5.526686169904616
10 32 25 30 0.766228669 6.439585414968919
10 32 26 31 1.97933449 7.331004437804854
11 23 12 15 2.1763024 8.719723124652546
11 23 13 16 0.698231164 6.397877194712063
11 23 14 17 0.383492809 5.421501861565123
11 23 15 18 0.324791785 5.601995607777422
11 23 16 19 0.331314361 5.714496735548847
11 23 17 20 0.400541328 5.6625196207675605
11 23 18 21 0.742996786 6.808063629903748
11 23 19 22 2.12593459 8.51791598719081
11 33 12 17 2.31082914 8.558785170438158
11 33 13 18 0.75511919 6.346218458300918
11 33 14 19 0.394183158 5.4522129922572145
11 33 15 20 0.274850934 5.3880507725409625
11 33 16 21 0.191624383 4.835006842197686
11 33 17 22 0.152911225 4.611693898669591
11 33 18 23 0.132838605 4.494266921642787
11 33 19 24 0.118815633 4.253334147993889
11 33 20 25 0.122633642 4.390010338214144
11 33 21 26 0.130952505 4.4304553749850175
11 33 22 27 0.149269138 4.501851142545416
11 33 23 28 0.191521924 4.832421628571481
11 33 24 29 0.260473846 5.106208979326284
11 33 25 30 0.417307245 5.7720578283866315
11 33 26 31 0.759751634 6.385150724900903
11 33 27 32 1.81301714 6.715002828630679
12 24 13 16 2.02705256 8.121728433658
12 24 14 17 0.667690112 6.118030189640093
12 24 15 18 0.427956238 6.050088780114275
12 24 16 19 0.327749894 5.653016952499323
12 24 17 20 0.31035396 5.352972584501574
12 24 18 21 0.418916861 5.922297598421246
12 24 19 22 0.780652107 7.153098529385064
12 24 20 23 2.29764152 9.205888802082756
12 34 13 18 2.15189318 7.97012254975762
12 34 14 19 0.730135128 6.136245890357393
12 34 15 20 0.43197895 5.974992070999719
12 34 16 21 0.266265101 5.21973806770381
12 34 17 22 0.193116766 4.8726621859656
12 34 18 23 0.154266473 4.652567215411276
12 34 19 24 0.126772152 4.289023430493503
12 34 20 25 0.122065054 4.369656158419137
12 34 21 26 0.121760883 4.358767516340115
12 34 22 27 0.128531594 4.348549815772459
12 34 23 28 0.151326891 4.563911510939358
12 34 24 29 0.188763327 4.762817566911614
12 34 25 30 0.269724154 5.287547745181239
12 34 26 31 0.421485955 5.829856383425037
12 34 27 32 0.745749168 6.2674703515668195
12 34 28 33 2.288962 8.477794261022893
13 25 14 17 1.79449816 7.189959953588456
13 25 15 18 0.762939409 6.9907974571415705
13 25 16 19 0.427933739 6.0497707079952665
13 25 17 20 0.314752956 5.428846290083845
13 25 18 21 0.312943417 5.397635434396403
13 25 19 22 0.413588674 5.8469721293085595
13 25 20 23 0.789891652 7.237760282244058
13 25 21 24 2.19155778 8.78084638112709
13 35 14 19 1.93039025 7.14972611296498
13 35 15 20 0.821852996 6.907066754885556
13 35 16 21 0.422176624 5.839409491970454
13 35 17 22 0.272131503 5.334740303163326
13 35 18 23 0.19737304 4.980055167955101
13 35 19 24 0.147358615 4.4442311263407985
13 35 20 25 0.131473317 4.448075765864571
13 35 21 26 0.121997586 4.367240954787668
13 35 22 27 0.119008424 4.260235634970152
13 35 23 28 0.128427907 4.3450418215842905
13 35 24 29 0.147084681 4.4359694715379
13 35 25 30 0.189406933 4.779056833360704
13 35 26 31 0.262599072 5.147870928312508
13 35 27 32 0.389354339 5.385422341376442
13 35 28 33 0.782788386 6.578757592131626
13 35 29 34 2.15586529 7.984834341112021
14 26 15 18 1.94889984 7.808596361645168
14 26 16 19 0.700061379 6.414647415540991
14 26 17 20 0.40160645 5.677577428294256
14 26 18 21 0.306770162 5.291159381143732
14 26 19 22 0.297283393 5.1275319720637915
14 26 20 23 0.416662553 5.8904280698884675
14 26 21 24 0.727378943 6.664957669138734
14 26 22 25 1.84898843 7.408284423288788
14 36 15 20 2.07288303 7.677486937531397
14 36 16 21 0.740029139 6.219397737200051
14 36 17 22 0.406623921 5.624289572104883
14 36 18 23 0.264842977 5.191859405603833
14 36 19 24 0.179624167 4.532221123806878
14 36 20 25 0.148926616 4.491520922396044
14 36 21 26 0.129606966 4.384932377965586
14 36 22 27 0.118177412 4.230487262405468
14 36 23 28 0.118489016 4.241641989274209
14 36 24 29 0.126524136 4.2806324201781045
14 36 25 30 0.150145912 4.528294023415097
14 36 26 31 0.19126333 4.825896865178759
14 36 27 32 0.255471938 5.008153884983476
14 36 28 33 0.421833541 5.834664079712067
14 36 29 34 0.854528645 7.181681424419729
14 36 30 35 2.62086089 9.707072206607776
15 27 16 19 1.68940177 6.768873517162845
15 27 17 20 0.664046216 6.0846412486699615
15 27 18 21 0.389750649 5.509969990336155
15 27 19 22 0.286403851 4.939882070454888
15 27 20 23 0.315348157 5.439112292925466
15 27 21 24 0.425539574 6.015923997705598
15 27 22 25 0.724687451 6.640295585613414
15 27 23 26 2.00106686 8.017612337843243
15 37 16 21 1.78189493 6.599733246467084
15 37 17 22 0.708534865 5.954711651034518
15 37 18 23 0.391229584 5.411360119145896
15 37 19 24 0.234368695 4.594455655566982
15 37 20 25 0.178070562 4.493021045573241
15 37 21 26 0.144329801 4.352884248150495
15 37 22 27 0.122729535 4.152251444217595
15 37 23 28 0.113993697 4.0807196146164415
15 37 24 29 0.113145538 4.050357417769598
15 37 25 30 0.123334324 4.172712989995446
15 37 26 31 0.143954471 4.341564562032045
15 37 27 32 0.174140057 4.393847765686973
15 37 28 33 0.243228572 4.768140592415215
15 37 29 34 0.396185346 5.479906604236804
15 37 30 35 0.784003928 6.588973323872253
15 37 31 36 2.156543 7.987344424699533
16 28 17 20 2.17922754 8.73144319209393
16 28 18 21 0.789020925 7.229781829400151
16 28 19 22 0.395542317 5.591847767719894
16 28 20 23 0.31797838 5.484478273144069
16 28 21 24 0.326221606 5.626657102716119
16 28 22 25 0.421028835 5.9521549274346235
16 28 23 26 0.743692763 6.8144408522420274
16 28 24 27 2.27709725 9.123574714574465
16 38 17 22 2.29691386 8.507246140552766
16 38 18 23 0.845502685 7.105824904396862
16 38 19 24 0.39969232 5.528413925816253
16 38 20 25 0.261773105 5.131679052710429
16 38 21 26 0.191313553 4.827164076296854
16 38 22 27 0.148976166 4.493015315189504
16 38 23 28 0.127107461 4.300367784397469
16 38 24 29 0.11720578 4.195705008079696
16 38 25 30 0.118334726 4.236118752061022
16 38 26 31 0.128740571 4.355620037704435
16 38 27 32 0.145282893 4.381628825674289
16 38 28 33 0.182931084 4.615660225195034
16 38 29 34 0.262239673 5.140825436301918
16 38 30 35 0.421404367 5.828727884795442
16 38 31 36 0.794809473 6.6797859399984585
16 38 32 37 2.1219528 7.859230196919588
17 29 18 21 2.26000882 9.055107033688293
17 29 19 22 0.706256708 6.471415082420492
17 29 20 23 0.411439774 5.816592771268714
17 29 21 24 0.323113648 5.573051168486111
17 29 22 25 0.321605031 5.547030603317511
17 29 23 26 0.415222974 5.870076501240488
17 29 24 27 0.778444861 7.132873581581789
17 29 25 28 2.3613089 9.46098291293428
17 39 18 23 2.3851864 8.834187537141224
17 39 19 24 0.761725628 6.401740684903609
17 39 20 25 0.409980616 5.670718283526503
17 39 21 26 0.266551925 5.225360832932556
17 39 22 27 0.189662236 4.785498559264831
17 39 23 28 0.148639824 4.482871479449084
17 39 24 29 0.127534477 4.314814818705095
17 39 25 30 0.11955705 4.2798752197735865
17 39 26 31 0.121714841 4.357119315628665
17 39 27 32 0.12930559 4.374736063514852
17 39 28 33 0.14994855 4.522341725725839
17 39 29 34 0.195907258 4.943071012347042
17 39 30 35 0.278411941 5.457859109147793
17 39 31 36 0.439419944 6.077913475272674
17 39 32 37 0.836000468 7.025965796432489
17 39 33 38 1.98952742 7.3687567305283705
18 30 19 22 2.23976154 8.973982886774099
18 30 20 23 0.746016948 6.835737309596646
18 30 21 24 0.425384227 6.013727831232791
18 30 22 25 0.321365228 5.5428944908455415
18 30 23 26 0.309759248 5.342715015912231
18 30 24 27 0.413132592 5.840524421935704
18 30 25 28 0.78726097 7.213655399445758
18 30 26 29 2.17963109 8.733060083325109
18 40 19 24 2.3681235 8.770990439200583
18 40 20 25 0.798770966 6.713079359543299
18 40 21 26 0.425769931 5.889110943473282
18 40 22 27 0.267749995 5.24884724389399
18 40 23 28 0.18871441 4.76158330837939
18 40 24 29 0.148562474 4.480538658408235
18 40 25 30 0.127790025 4.323460655683675
18 40 26 31 0.120494234 4.313424312679177
18 40 27 32 0.119815925 4.289142366274097
18 40 28 33 0.127742752 4.32186129019661
18 40 29 34 0.152175765 4.589512947632702
18 40 30 35 0.194267907 4.901707417705938
18 40 31 36 0.268799125 5.269413903882113
18 40 32 37 0.426852769 5.904088405833837
18 40 33 38 0.713844235 5.999332980146748
18 40 34 39 2.07373084 7.680627032802721
19 31 20 23 2.243018 8.987030443752626
19 31 21 24 0.790206457 7.240644833713722
19 31 22 25 0.442036741 6.249147201640697
19 31 23 26 0.316615814 5.460976789732761
19 31 24 27 0.306440266 5.285469348241504
19 31 25 28 0.410546079 5.803958455859239
19 31 26 29 0.711188451 6.516604537856889
19 31 27 30 2.09330412 8.387176498125651
19 41 20 25 2.3740384 8.79289788251966
19 41 21 26 0.848627269 7.132084722605576
19 41 22 27 0.44473127 6.15137800574689
19 41 23 28 0.273761099 5.366686150532103
19 41 24 29 0.194782054 4.914680214925045
19 41 25 30 0.152060385 4.586033168813139
19 41 26 31 0.131969188 4.464852339457028
19 41 27 32 0.122718798 4.393058732718818
19 41 28 33 0.12094332 4.329500587921392
19 41 29 34 0.132677558 4.488818293174203
19 41 30 35 0.154948767 4.673144717663964
19 41 31 36 0.19448068 4.90707603987567
19 41 32 37 0.275960014 5.409792664641681
19 41 33 38 0.392962163 5.435324587292736
19 41 34 39 0.76768507 6.451825388513874
19 41 35 40 2.52603032 9.355841359562028
20 32 21 24 1.89759604 7.6030390221676445
20 32 22 25 0.722693252 6.622022782906175
20 32 23 26 0.398490587 5.6335279528974915
20 32 24 27 0.300457301 5.182275409233823
20 32 25 28 0.303926559 5.242113031291432
20 32 26 29 0.393911397 5.568791179412228
20 32 27 30 0.717782805 6.577028462261469
20 32 28 31 1.85359463 7.426739941536976
20 42 21 26 2.01613871 7.467318891735248
20 42 22 27 0.767744307 6.452323231699152
20 42 23 28 0.399750016 5.529211958087335
20 42 24 29 0.256368909 5.025737690208954
20 42 25 30 0.182444747 4.60338912124782
20 42 26 31 0.146311433 4.412648861270352
20 42 27 32 0.127890527 4.3268608932438255
20 42 28 33 0.117121529 4.192689010552648
20 42 29 34 0.118653239 4.247520805690446
20 42 30 35 0.12704795 4.298354376331538
20 42 31 36 0.145055367 4.374766803177322
20 42 32 37 0.185714755 4.685896946225611
20 42 33 38 0.233629275 4.579960407381898
20 42 34 39 0.360007628 4.979508197793936
20 42 35 40 0.761286064 6.398046474496368
20 42 36 41 2.23040604 8.260916313011224
21 33 22 25 2.20252265 8.824778984655813
21 33 23 26 0.745891925 6.834591726526518
21 33 24 27 0.413350166 5.843600301895759
21 33 25 28 0.306991786 5.29498194295692
21 33 26 29 0.303674433 5.23776437221249
21 33 27 30 0.417794659 5.90643284140555
21 33 28 31 0.705043257 6.460296256908143
21 33 29 32 1.69630335 6.796525863051285
21 43 22 27 2.31579466 8.577176326324098
21 43 23 28 0.794222683 6.674854403919834
21 43 24 29 0.4189026 5.79412425888152
21 43 25 30 0.258024456 5.05819226899648
21 43 26 31 0.185240631 4.673933996896505
21 43 27 32 0.150107537 4.527136660681515
21 43 28 33 0.127338899 4.308197918926593
21 43 29 34 0.119396294 4.274120514209758
21 43 30 35 0.118011492 4.224547697181461
21 43 31 36 0.124198417 4.201947447758106
21 43 32 37 0.146241607 4.410542958723508
21 43 33 38 0.167993119 4.238750137591468
21 43 34 39 0.221289433 4.338055843866267
21 43 35 40 0.362209526 5.009964133415683
21 43 36 41 0.680972923 5.723073907770414
21 43 37 42 2.19007054 8.111522801709816
22 34 23 26 2.14044772 8.576065293680612
22 34 24 27 0.784100618 7.1846971617867155
22 34 25 28 0.417401968 5.900881303182262
22 34 26 29 0.307062667 5.29620449558606
22 34 27 30 0.325007228 5.605711559951908
22 34 28 31 0.419723003 5.933694162453523
22 34 29 32 0.6931189 6.351033629220695
22 34 30 33 2.16173833 8.66136971844941
22 44 23 28 2.25731017 8.360563086925255
22 44 24 29 0.842456288 7.080222190111834
22 44 25 30 0.423536284 5.858215866029318
22 44 26 31 0.263504993 5.165630185204504
22 44 27 32 0.195403231 4.930353559820907
22 44 28 33 0.152798787 4.608302848479661
22 44 29 34 0.13272554 4.490441645929484
22 44 30 35 0.121877806 4.3629530984561145
22 44 31 36 0.119513268 4.2783079220117886
22 44 32 37 0.131833613 4.4602654933523
22 44 33 38 0.142286962 4.291273675399774
22 44 34 39 0.171294108 4.32203966552706
22 44 35 40 0.246431595 4.830931176017949
22 44 36 41 0.385555301 5.332875285721469
22 44 37 42 0.823929676 6.924519714792435
22 44 38 43 2.26950108 8.405715442811744
23 35 24 27 2.27433783 9.112518632301784
23 35 25 28 0.771582485 7.069993777334124
23 35 26 29 0.404924351 5.724483148625479
23 35 27 30 0.324654247 5.599623357900773
23 35 28 31 0.318361364 5.491083965729087
23 35 29 32 0.390953627 5.526976691148691
23 35 30 33 0.728958763 6.679433525947884
23 35 31 34 2.03178214 8.140678294714023
23 45 24 29 2.40564592 8.909964942462626
23 45 25 30 0.833029607 7.000997906376289
23 45 26 31 0.4181434 5.783623251875731
23 45 27 32 0.276426673 5.418940832155142
23 45 28 33 0.196759364 4.964571085958643
23 45 29 34 0.156816769 4.729482330720838
23 45 30 35 0.132818932 4.493601334156758
23 45 31 36 0.12059173 4.316914451608056
23 45 32 37 0.124009207 4.439252491284062
23 45 33 38 0.125696882 4.252644319219075
23 45 34 39 0.139331662 4.2021439272158965
23 45 35 40 0.1802228 4.547325645505275
23 45 36 41 0.24914534 4.884130179677617
23 45 37 42 0.430391663 5.953037234451779
23 45 38 43 0.809381185 6.802250405063166
23 45 39 44 2.12614614 7.874761373840183
24 36 25 28 2.1683294 8.68777795358034
24 36 26 29 0.709718894 6.50313901855413
24 36 27 30 0.428398218 6.056337125158927
24 36 28 31 0.325663905 5.617037898362002
24 36 29 32 0.311046464 5.364916865562649
24 36 30 33 0.418301292 5.913595196704447
24 36 31 34 0.796638442 7.299580974450388
24 36 32 35 2.51040844 10.05837540159443
24 46 25 30 2.30056969 8.52078650277515
24 46 26 31 0.774847408 6.512019543585194
24 46 27 32 0.432232521 5.978499382442639
24 46 28 33 0.274522172 5.3816058741289305
24 46 29 34 0.19875125 5.014829734091526
24 46 30 35 0.154393054 4.656384808432243
24 46 31 36 0.129366998 4.376813651902085
24 46 32 37 0.123766892 4.430578155777462
24 46 33 38 0.117789637 4.216605783953568
24 46 34 39 0.120810141 4.087313477097271
24 46 35 40 0.141715329 4.27403363027962
24 46 36 41 0.176790976 4.460734929535595
24 46 37 42 0.261561495 5.127530748000729
24 46 38 43 0.40456923 5.5958697557380095
24 46 39 44 0.711826811 5.982378023106099
24 46 40 45 2.29838604 8.512698760192231
25 37 26 29 1.83158426 7.338551676766805
25 37 27 30 0.727770081 6.668541658251809
25 37 28 31 0.420158439 5.939849993877711
25 37 29 32 0.307610554 5.305654428464005
25 37 30 33 0.294676011 5.082559952491937
25 37 31 34 0.392633562 5.550726212693978
25 37 32 35 0.745571982 6.831660095672946
25 37 33 36 2.05250457 8.22370621035203
25 47 26 31 1.96869652 7.291603818216178
25 47 27 32 0.785573084 6.602160919821382
25 47 28 33 0.425085326 5.879641710199839
25 47 29 34 0.274104886 5.373425592104964
25 47 30 35 0.193911122 4.892705129535786
25 47 31 36 0.149523925 4.509535337432745
25 47 32 37 0.133303629 4.509999862988941
25 47 33 38 0.119614709 4.281939283124906
25 47 34 39 0.114618966 4.103102847548273
25 47 35 40 0.123951336 4.193588070864118
25 47 36 41 0.14272848 4.30458954456996
25 47 37 42 0.189268472 4.7755632284660825
25 47 38 43 0.260837469 5.1133372766820555
25 47 39 44 0.380581944 5.264085432324096
25 47 40 45 0.782288242 6.574554251617119
25 47 41 46 2.37746319 8.80558252516869
26 38 27 30 2.01772781 8.08436724791166
26 38 28 31 0.758584946 6.950897605975779
26 38 29 32 0.418895619 5.9219972967210825
26 38 30 33 0.30415362 5.246029370261329
26 38 31 34 0.303540126 5.235447850493525
26 38 32 35 0.423734233 5.990401590602889
26 38 33 36 0.749279377 6.865630876619483
26 38 34 37 1.99727243 8.002409313201136
26 48 27 32 2.1405316 7.928041843428659
26 48 28 33 0.806382515 6.777048800923887
26 48 29 34 0.427192937 5.90879349876211
26 48 30 35 0.265766352 5.209960822650846
26 48 31 36 0.185204281 4.673016825000307
26 48 32 37 0.152272594 4.592433241473226
26 48 33 38 0.128256085 4.3392286475374044
26 48 34 39 0.114703592 4.10613226923732
26 48 35 40 0.114373939 4.094331428502089
26 48 36 41 0.12201818 4.128184500379656
26 48 37 42 0.146542189 4.419608298272321
26 48 38 43 0.18444485 4.653855098169452
26 48 39 44 0.237737226 4.660490781563236
26 48 40 45 0.381642704 5.278757518983027
26 48 41 46 0.75712897 6.363109173173525
26 48 42 47 2.11537857 7.834880745349556
27 39 28 31 2.30083854 9.21869820266237
27 39 29 32 0.792447599 7.261180369838705
27 39 30 33 0.417117323 5.896857229298297
27 39 31 34 0.307324474 5.300720132162537
27 39 32 35 0.327634282 5.651022881386329
27 39 33 36 0.439239462 6.209601601436712
27 39 34 37 0.776644942 7.116380962351707
27 39 35 38 1.84802996 7.404444151356319
27 49 28 33 2.41255148 8.935541564939166
27 49 29 34 0.845361767 7.104640592801355
27 49 30 35 0.425226235 5.881590717570991
27 49 31 36 0.256955656 5.037240007412781
27 49 32 37 0.190788539 4.813917086313071
27 49 33 38 0.149466519 4.5078040132611745
27 49 34 39 0.124549606 4.2138290623380295
27 49 35 40 0.114691838 4.1057115023036
27 49 36 41 0.113959181 4.079484018948217
27 49 37 42 0.12540686 4.2428321393851425
27 49 38 43 0.146709736 4.424661396745899
27 49 39 44 0.173196865 4.3700494384484925
27 49 40 45 0.237605062 4.657899899546069
27 49 41 46 0.376468183 5.2071852306893
27 49 42 47 0.690556238 5.803614584461085
27 49 43 48 2.04329989 7.5679177203425425
28 40 29 32 2.37216283 9.504471016616177
28 40 30 33 0.786678992 7.2083227475018194
28 40 31 34 0.407602628 5.762346397689132
28 40 32 35 0.320245223 5.523576689778964
28 40 33 36 0.324095497 5.589986060436967
28 40 34 37 0.424773181 6.005089371922066
28 40 35 38 0.651907017 5.97341002833994
28 40 36 39 1.94525902 7.794008801411491
28 50 29 34 2.49499293 9.240885931372688
28 50 30 35 0.848906158 7.134428578440597
28 50 31 36 0.414999753 5.740141350965926
28 50 32 37 0.269580839 5.284738264110069
28 50 33 38 0.193646681 4.886032836457313
28 50 34 39 0.149329802 4.503680725682095
28 50 35 40 0.126732597 4.287685184521366
28 50 36 41 0.117420236 4.203382053641892
28 50 37 42 0.119188723 4.266689936261877
28 50 38 43 0.131332786 4.443321245710092
28 50 39 44 0.145528617 4.3890396869211115
28 50 40 45 0.18104775 4.56814052736961
28 50 41 46 0.253482131 4.969146627531124
28 50 42 47 0.382269516 5.287427378312995
28 50 43 48 0.762442311 6.407763875604603
28 50 44 49 2.07577873 7.688211951245756
29 41 30 33 2.1809614 8.738390195018209
29 41 31 34 0.706145854 6.470399329593764
29 41 32 35 0.40631363 5.744123617776318
29 41 33 36 0.319443067 5.509741135444509
29 41 34 37 0.325681484 5.617341100244985
29 41 35 38 0.381011689 5.386425853924087
29 41 36 39 0.706849395 6.47684586070197
29 41 37 40 2.39340861 9.58959582241857
29 51 30 35 2.30772887 8.54730247600565
29 51 31 36 0.762709207 6.410006939142224
29 51 32 37 0.408495767 5.65018033601394
29 51 33 38 0.264407691 5.183326259893016
29 51 34 39 0.187819497 4.739003141855531
29 51 35 40 0.146352796 4.413896339960885
29 51 36 41 0.126266615 4.271919831605465
29 51 37 42 0.117953196 4.222460830653624
29 51 38 43 0.122352272 4.379937920982473
29 51 39 44 0.12775653 4.3223274348813305
29 51 40 45 0.146049112 4.404737446296122
29 51 41 46 0.186106863 4.695790493347328
29 51 42 47 0.247642424 4.854667708522746
29 51 43 48 0.407332523 5.634090724062621
29 51 44 49 0.769828801 6.469841862498374
29 51 45 50 1.98198137 7.340807878872734
30 42 31 34 2.06980662 8.293029795846811
30 42 32 35 0.714003248 6.54239646245515
30 42 33 36 0.414445807 5.8590895616203325
30 42 34 37 0.319446704 5.509803866273817
30 42 35 38 0.280122734 4.831545617776641
30 42 36 39 0.356961155 5.046419439742184
30 42 37 40 0.706667196 6.475176375168955
30 42 38 41 2.13627908 8.559362933472604
30 52 31 36 2.20138113 8.153414652684532
30 52 32 37 0.773942401 6.504413628910597
30 52 33 38 0.420685199 5.8187805873687575
30 52 34 39 0.267495992 5.243867886391142
30 52 35 40 0.187616159 4.733872580671787
30 52 36 41 0.148920438 4.49133459830567
30 52 37 42 0.12647335 4.278914200991125
30 52 38 43 0.122708999 4.392707950416322
30 52 39 44 0.120414943 4.310585872068179
30 52 40 45 0.126882362 4.292752114315757
30 52 41 46 0.148425416 4.476405086511444
30 52 42 47 0.178334928 4.499691446275037
30 52 43 48 0.256466027 5.027641546627821
30 52 44 49 0.403949757 5.587301407064542
30 52 45 50 0.721154426 6.06076973036085
30 52 46 51 2.37721572 8.804665952614942
31 43 32 35 1.85478905 7.431525586994403
31 43 33 36 0.706380514 6.4725495141456975
31 43 34 37 0.420348299 5.942534076393159
31 43 35 38 0.286915866 4.948713284523669
31 43 36 39 0.269518529 4.648644717638507
31 43 37 40 0.35463269 5.01350154132055
31 43 38 41 0.645772206 5.917196886597718
31 43 39 42 2.1084053 8.447681926257118
31 53 32 37 1.98282659 7.343938381373562
31 53 33 38 0.763116186 6.413427296717749
31 53 34 39 0.417053925 5.76855398869392
31 53 35 40 0.258866561 5.074700506497359
31 53 36 41 0.188011891 4.743857567434544
31 53 37 42 0.144455913 4.356687696464698
31 53 38 43 0.130877661 4.427923212640469
31 53 39 44 0.120819175 4.3250564743441595
31 53 40 45 0.117724744 4.214282759567832
31 53 41 46 0.127247346 4.305100448733518
31 53 42 47 0.139513404 4.207625136803565
31 53 43 48 0.179909849 4.5394293631920135
31 53 44 49 0.249319251 4.887539450602282
31 53 45 50 0.363456917 5.027217639250716
31 53 46 51 0.748422617 6.289938713668868
31 53 47 52 2.14957798 7.961547575916587
32 44 33 36 1.71081051 6.8546512497278025
32 44 34 37 0.709182801 6.49822680988201
32 44 35 38 0.378142989 5.345870563119998
32 44 36 39 0.2828085 4.877869601419016
32 44 37 40 0.277743425 4.7905073921098635
32 44 38 41 0.385983918 5.456719085366735
32 44 39 42 0.791662195 7.25398372981558
32 44 40 43 2.15448573 8.632310951646666
32 54 33 38 1.8269527 6.766616971020174
32 54 34 39 0.742866406 6.243242868465392
32 54 35 40 0.386542528 5.346530287885988
32 54 36 41 0.252715524 4.9541184179541276
32 54 37 42 0.174270203 4.397131569087321
32 54 38 43 0.147118275 4.4369826427085055
32 54 39 44 0.128125964 4.3348263240854905
32 54 40 45 0.116339685 4.164700742513844
32 54 41 46 0.117272177 4.198081872304494
32 54 42 47 0.118969223 4.025030552093227
32 54 43 48 0.140652009 4.241964654595634
32 54 44 49 0.178045807 4.492396435111332
32 54 45 50 0.229194856 4.4930301053050625
32 54 46 51 0.372803879 5.156501771817675
32 54 47 52 0.724068251 6.085258275009356
32 54 48 53 2.16190419 8.007201052207657
33 45 34 37 2.19023614 8.77555100725328
33 45 35 38 0.727340846 6.66460858714404
33 45 36 39 0.404600962 5.7199113443455465
33 45 37 40 0.280308886 4.834756359964529
33 45 38 41 0.296800409 5.119201483512097
33 45 39 42 0.443420302 6.268706834470967
33 45 40 43 0.759118604 6.955787502795073
33 45 41 44 2.0060176 8.03744831379132
33 55 34 39 2.28519738 8.463850965402024
33 55 35 40 0.781133327 6.564848044984006
33 55 36 41 0.420482659 5.815979120088788
33 55 37 42 0.244688682 4.796763914515677
33 55 38 43 0.186714083 4.711111679559415
33 55 39 44 0.150976639 4.553348159482349
33 55 40 45 0.126667848 4.285494561630457
33 55 41 46 0.118874886 4.255455272983149
33 55 42 47 0.111863631 4.004468011805213
33 55 43 48 0.122583015 4.147294301003398
33 55 44 49 0.144425499 4.355770431834623
33 55 45 50 0.170245736 4.295587469236526
33 55 46 51 0.238400947 4.673502061513267
33 55 47 52 0.375042983 5.187472328707412
33 55 48 53 0.730999766 6.14351253343575
33 55 49 54 2.01505474 7.463304113575925
34 46 35 38 2.02745599 8.12334484408891
34 46 36 39 0.782882173 7.1735325763593725
34 46 37 40 0.378040581 5.3444228041278885
34 46 38 41 0.299263767 5.1616893829409065
34 46 39 42 0.329182838 5.677732312816059
34 46 40 43 0.407167347 5.75619275752582
34 46 41 44 0.662052813 6.066375739693666
34 46 42 45 2.16505372 8.674653388425716
34 56 35 40 2.15051118 7.965003936312428
34 56 36 41 0.850601666 7.148678069525305
34 56 37 42 0.395765568 5.474100371730382
34 56 38 43 0.265378135 5.202350395877607
34 56 39 44 0.196438232 4.9564683831974365
34 56 40 45 0.150805691 4.5481924892652685
34 56 41 46 0.131101531 4.435497302535105
34 56 42 47 0.114068944 4.083413289064434
34 56 43 48 0.116128772 4.157150528434222
34 56 44 49 0.128558413 4.349457170562669
34 56 45 50 0.141409284 4.264803530532408
34 56 46 51 0.179197548 4.521456805865088
34 56 47 52 0.249970259 4.9003015107717065
34 56 48 53 0.399645056 5.527760185569781
34 56 49 54 0.759512278 6.383139114700261
34 56 50 55 1.90664111 7.061764703908723
35 47 36 39 2.47552847 9.918622910857763
35 47 37 40 0.715327484 6.554530408548706
35 47 38 41 0.409088083 5.783346523007705
35 47 39 42 0.338503007 5.838486211815517
35 47 40 43 0.317507216 5.476351655475637
35 47 41 44 0.38036255 5.377248867513074
35 47 42 45 0.71791716 6.578259554247641
35 47 43 46 2.25063251 9.017539264093907
35 57 36 41 2.61530677 9.68650101029214
35 57 37 42 0.783532592 6.585012093297168
35 57 38 43 0.425731 5.888572462567405
35 57 39 44 0.280025221 5.489485105187978
35 57 40 45 0.193677286 4.886805052300041
35 57 41 46 0.154654895 4.664281746947525
35 57 42 47 0.123558115 4.180284407119718
35 57 43 48 0.116273109 4.162317470489052
35 57 44 49 0.120819108 4.325054075893882
35 57 45 50 0.124457257 4.210704661446084
35 57 46 51 0.144614139 4.361459680201085
35 57 47 52 0.184062605 4.644210411196627
35 57 48 53 0.259180473 5.080854292367739
35 57 49 54 0.411401865 5.690376536563869
35 57 50 55 0.730485256 6.139188457313436
35 57 51 56 1.96372666 7.273196587958058
36 48 37 40 2.01491201 8.073085269646876
36 48 38 41 0.731059139 6.698679226231065
36 48 39 42 0.447045814 6.319961302862124
36 48 40 43 0.318843583 5.499401259591635
36 48 41 44 0.291291649 5.024186613218196
36 48 42 45 0.368636932 5.211481848358871
36 48 43 46 0.699498502 6.4094897856507735
36 48 44 47 2.02286009 8.104930594530305
36 58 37 42 2.1537664 7.977060530277013
36 58 38 43 0.800436137 6.727073890574125
36 58 39 44 0.442103304 6.11502883638839
36 58 40 45 0.269062557 5.274578103146256
36 58 41 46 0.195364314 4.929371618178973
36 58 42 47 0.142274611 4.290901178015475
36 58 43 48 0.123327912 4.1724960557728865
36 58 44 49 0.12026338 4.305160255361054
36 58 45 50 0.116069996 4.155046478979025
36 58 46 51 0.124384719 4.208250516930173
36 58 47 52 0.145809272 4.397504042308566
36 58 48 53 0.185163311 4.6719830827007955
36 58 49 54 0.258978234 5.076889692414122
36 58 50 55 0.387160759 5.355081457620177
36 58 51 56 0.710177064 5.968513119390797
36 58 52 57 2.21805442 8.215168723863682
37 49 38 41 1.97811652 7.925657924515095
37 49 39 42 0.790677697 7.244962795736448
37 49 40 43 0.425135859 6.01021661135395
37 49 41 44 0.304513552 5.252237462880108
37 49 42 45 0.274290943 4.7309591218236235
37 49 43 46 0.365569778 5.168120980226643
37 49 44 47 0.656361222 6.0142238133145565
37 49 45 48 1.9453494 7.794370924145907
37 59 38 43 2.12057985 7.854145102614541
37 59 39 44 0.833762402 7.007156506524102
37 59 40 45 0.422787053 5.847852746983015
37 59 41 46 0.273479317 5.361162226342752
37 59 42 47 0.179272622 4.523351049687238
37 59 43 48 0.14190027 4.2796113194343155
37 59 44 49 0.129610361 4.385047239426221
37 59 45 50 0.117370037 4.201585041619954
37 59 46 51 0.116565405 4.172781014104748
37 59 47 52 0.127085893 4.29963808425521
37 59 48 53 0.148184221 4.469130816686651
37 59 49 54 0.188613801 4.759044773377888
37 59 50 55 0.252969511 4.959097461800364
37 59 51 56 0.382073276 5.284713050580097
37 59 52 57 0.787382739 6.617369732041022
37 59 53 58 2.21416198 8.20075201205572
38 50 39 42 1.90512011 7.633185479374375
38 50 40 43 0.684666337 6.273582975565015
38 50 41 44 0.390354506 5.51850681755374
38 50 42 45 0.270453172 4.664765402405334
38 50 43 46 0.278165708 4.797790912261826
38 50 44 47 0.382387066 5.4058697881801105
38 50 45 48 0.71634476 6.563851686739502
38 50 46 49 1.95404947 7.829229223969082
38 60 39 44 1.99779434 7.399375520587942
38 60 40 45 0.716687889 6.023231789424553
38 60 41 46 0.395870809 5.47555603094837
38 60 42 47 0.230436369 4.517368152774712
38 60 43 48 0.166099482 4.190970477673978
38 60 44 49 0.142466898 4.296700417310651
38 60 45 50 0.121625365 4.11489457264498
38 60 46 51 0.112750679 4.036222347948081
38 60 47 52 0.115053109 4.11864419678312
38 60 48 53 0.124369143 4.20772354134524
38 60 49 54 0.145891972 4.399998215548105
38 60 50 55 0.179813816 4.537006288399507
38 60 51 56 0.238833751 4.681986551242376
38 60 52 57 0.393783726 5.44668817899281
38 60 53 58 0.771966676 6.4878091211327895
38 60 54 59 2.20703373 8.174350596505292
39 51 40 43 2.00160792 8.019780186113696
39 51 41 44 0.730040924 6.689349344003388
39 51 42 45 0.356644446 5.041942071737418
39 51 43 46 0.269106057 4.641530417218836
39 51 44 47 0.290279534 5.006729694520065
39 51 45 48 0.404515275 5.7186999729218595
39 51 46 49 0.711011146 6.514979895941009
39 51 47 50 1.86404182 7.468598372713929
39 61 40 45 2.08683973 7.72917937766925
39 61 41 46 0.77782131 6.5370129909978845
39 61 42 47 0.360888247 4.99168863284192
39 61 43 48 0.222730791 4.366311560419183
39 61 44 49 0.174959201 4.414516152364808
39 61 45 50 0.138728239 4.183945118283349
39 61 46 51 0.119077389 4.028690082211346
39 61 47 52 0.113473191 4.0620866629741625
39 61 48 53 0.113860315 4.075944837080831
39 61 49 54 0.123927534 4.192782788835834
39 61 50 55 0.141996814 4.282523017877338
39 61 51 56 0.170613535 4.304867659229642
39 61 52 57 0.239706778 4.69910096935019
39 61 53 58 0.376420955 5.206531988383096
39 61 54 59 0.70750753 5.946077659969005
39 61 55 60 1.96556616 7.280009677272408
40 52 41 44 2.42142887 9.701863726493288
40 52 42 45 0.707552408 6.483287553757489
40 52 43 46 0.359014516 5.07544814698964
40 52 44 47 0.29407805 5.072246345281636
40 52 45 48 0.305526979 5.269717010901321
40 52 46 49 0.395063655 5.585080843117509
40 52 47 50 0.668303898 6.123654297606483
40 52 48 51 2.25307644 9.027331282397995
40 62 41 46 2.53727731 9.397497650612635
40 62 42 47 0.76155359 6.400294832718169
40 62 43 48 0.363410844 5.026580372528143
40 62 44 49 0.251040685 4.92128564770845
40 62 45 50 0.180693232 4.559195439438486
40 62 46 51 0.14138629 4.264110047830232
40 62 47 52 0.124957446 4.227627323930154
40 62 48 53 0.116443191 4.168406026012374
40 62 49 54 0.118347596 4.236579469300853
40 62 50 55 0.12788612 4.326711793256486
40 62 51 56 0.143163481 4.317708865650641
40 62 52 57 0.182662773 4.60889028548002
40 62 53 58 0.25466659 4.992366214734685
40 62 54 59 0.398500678 5.5119315219827545
40 62 55 60 0.776071937 6.522310804415852
40 62 56 61 2.01750435 7.472376911464113
41 53 42 45 2.10995139 8.453876596963632
41 53 43 46 0.630004107 5.772714133324244
41 53 44 47 0.383300893 5.418788713034444
41 53 45 48 0.299279778 5.1619655400231315
41 53 46 49 0.28935447 4.9907742279588865
41 53 47 50 0.358195065 5.0638634314025435
41 53 48 51 0.693007785 6.35001548485656
41 53 49 52 2.03236317 8.143006289540072
41 63 42 47 2.228128 8.25247897135226
41 63 43 48 0.681409558 5.72674350209835
41 63 44 49 0.390717817 5.404281524767167
41 63 45 50 0.249868406 4.898304831599659
41 63 46 51 0.176428695 4.45159396800254
41 63 47 52 0.143813772 4.337321180162278
41 63 48 53 0.124002016 4.195302703802254
41 63 49 54 0.11744547 4.204285374452298
41 63 50 55 0.119674236 4.284070216701868
41 63 51 56 0.125284497 4.238692288749606
41 63 52 57 0.14678556 4.42694819471101
41 63 53 58 0.186062874 4.694680576578638
41 63 54 59 0.257731557 5.052450412273422
41 63 55 60 0.41864425 5.790550845867893
41 63 56 61 0.758533603 6.374914074955637
41 63 57 62 1.88231318 6.97165958842993
42 54 43 46 2.05452092 8.231785057171477
42 54 44 47 0.764554101 7.0055928453395175
42 54 45 48 0.425654602 6.017550167744505
42 54 46 49 0.300836703 5.188819319627313
42 54 47 50 0.279489816 4.82062907364027
42 54 48 51 0.3686157 5.211181688030377
42 54 49 52 0.674303102 6.17862487531336
42 54 50 53 2.0718022 8.30102542415338
42 64 43 48 2.18021355 8.075014754283533
42 64 44 49 0.825614106 6.938676103478194
42 64 45 50 0.428313652 5.924294863444001
42 64 46 51 0.259028885 5.077882631225383
42 64 47 52 0.188995444 4.768674270873919
42 64 48 53 0.147634487 4.452551229846697
42 64 49 54 0.128573256 4.349959346898515
42 64 50 55 0.122681197 4.3917127009445425
42 64 51 56 0.119795553 4.288413094198739
42 64 52 57 0.129429203 4.378918204820724
42 64 53 58 0.150667068 4.54401171808045
42 64 54 59 0.189907051 4.791675655214425
42 64 55 60 0.274295893 5.3771700051179865
42 64 56 61 0.422001381 5.836985587899438
42 64 57 62 0.748144575 6.287601976242578
42 64 58 63 2.27604026 8.42993507715945
43 55 44 47 2.14005226 8.574480816400765
43 55 45 48 0.75585757 6.9259067181273455
43 55 46 49 0.395393344 5.58974171154917
43 55 47 50 0.287048133 4.950994620404913
43 55 48 51 0.278348616 4.800945702068555
43 55 49 52 0.3675201 5.195693007929649
43 55 50 53 0.695228803 6.370366625200742
43 55 51 54 1.91302097 7.664841609352747
44 56 45 48 2.02400262 8.109508333938951
44 56 46 49 0.667482889 6.116131409731266
44 56 47 50 0.369527352 5.224069864546614
44 56 48 51 0.273548193 4.718148199781131
44 56 49 52 0.279799689 4.8259737506460905
44 56 50 53 0.400428556 5.660925344177273
44 56 51 54 0.712671572 6.530194343801011
44 56 52 55 1.78790963 7.163561895396512
45 57 46 49 2.19608238 8.798974955193728
45 57 47 50 0.728497227 6.67520448146923
45 57 48 51 0.372285216 5.2630582483156125
45 57 49 52 0.27926505 4.81675231873781
45 57 50 53 0.306957709 5.2943941842353555
45 57 51 54 0.410953153 5.8097133289546425
45 57 52 55 0.675458901 6.18921543678502
45 57 53 56 1.83686827 7.359722955256364
46 58 47 50 2.25520871 9.035874582275348
46 58 48 51 0.6966857 6.383716141194766
46 58 49 52 0.365962769 5.173676759600014
46 58 50 53 0.303831011 5.2404650232411925
46 58 51 54 0.309637168 5.340609384996113
46 58 52 55 0.381905222 5.399057879112517
46 58 53 56 0.651713979 5.971641225282171
46 58 54 57 2.09204964 8.382150212134597
47 59 48 51 2.00001551 8.013399926504126
47 59 49 52 0.640877283 5.872344812032378
47 59 50 53 0.391254656 5.531232388375819
47 59 51 54 0.307468926 5.303211634432321
47 59 52 55 0.295152026 5.090770240012713
47 59 53 56 0.369179168 5.219147529212376
47 59 54 57 0.725054301 6.643657024302908
47 59 55 58 2.10211793 8.42249051646855
48 60 49 52 1.91416329 7.669418507360925
48 60 50 53 0.717729817 6.576542934352845
48 60 51 54 0.412649749 5.833698389838337
48 60 52 55 0.300257356 5.1788267659382505
48 60 53 56 0.278216078 4.79865969199024
48 60 54 57 0.382108289 5.401928671191756
48 60 55 58 0.72492038 6.642429909049437
48 60 56 59 2.10936978 8.451546278269626
49 61 50 53 1.9603484 7.854466950850038
49 61 51 54 0.724711163 6.640512858161336
49 61 52 55 0.396466452 5.604912418491059
49 61 53 56 0.276577239 4.770393063017915
49 61 54 57 0.274303997 4.731184276689113
49 61 55 58 0.37403249 5.2877597525455515
49 61 56 59 0.670807943 6.146598808287235
49 61 57 60 1.86041647 7.454072795648004
50 62 51 54 1.896151 7.597249225352621
50 62 52 55 0.682818716 6.256653263931045
50 62 53 56 0.356736881 5.043248840763624
50 62 54 57 0.270890464 4.672307797183933
50 62 55 58 0.289320301 4.990184882425033
50 62 56 59 0.397807249 5.623867489514256
50 62 57 60 0.725282179 6.645745065534159
50 62 58 61 1.89454791 7.59082617451929
51 63 52 55 2.2762932 9.120353152452225
51 63 53 56 0.695496123 6.372816072632867
51 63 54 57 0.366087911 5.175445912945364
51 63 55 58 0.288056815 4.968392326857508
51 63 56 59 0.304657132 5.254713924929062
51 63 57 60 0.415689981 5.876678657162175
51 63 58 61 0.701346833 6.426426002999531
51 63 59 62 1.7593531 7.049145334995331
52 64 53 56 2.02915739 8.130161790540967
52 64 54 57 0.667331329 6.114742668698748
52 64 55 58 0.373838808 5.285021637778055
52 64 56 59 0.303734694 5.238803751509969
52 64 57 60 0.319970512 5.518838485530946
52 64 58 61 0.412324727 5.8291034995647895
52 64 59 62 0.688916898 6.312530774931117
52 64 60 63 2.14156658 8.580548195236593
