64
# x y z
0.0 0.0 0.0
0.5 0.0 0.0
1.0 0.0 0.0
1.5 0.0 0.0
2.0 0.0 0.0
2.5 0.0 0.0
3.0 0.0 0.0
3.5 0.0 0.0
4.0 0.0 0.0
4.5 0.0 0.0
5.0 0.0 0.0
5.5 0.0 0.0
6.0 0.0 0.0
6.5 0.0 0.0
7.0 0.0 0.0
7.5 0.0 0.0
8.0 0.0 0.0
8.5 0.0 0.0
9.0 0.0 0.0
9.5 0.0 0.0
10.0 0.0 0.0
10.5 0.0 0.0
11.0 0.0 0.0
11.5 0.0 0.0
12.0 0.0 0.0
12.5 0.0 0.0
13.0 0.0 0.0
13.5 0.0 0.0
14.0 0.0 0.0
14.5 0.0 0.0
15.0 0.0 0.0
15.5 0.0 0.0
16.0 0.0 0.0
16.5 0.0 0.0
17.0 0.0 0.0
17.5 0.0 0.0
18.0 0.0 0.0
18.5 0.0 0.0
19.0 0.0 0.0
19.5 0.0 0.0
20.0 0.0 0.0
20.5 0.0 0.0
21.0 0.0 0.0
21.5 0.0 0.0
22.0 0.0 0.0
22.5 0.0 0.0
23.0 0.0 0.0
23.5 0.0 0.0
24.0 0.0 0.0
24.5 0.0 0.0
25.0 0.0 0.0
25.5 0.0 0.0
26.0 0.0 0.0
26.5 0.0 0.0
27.0 0.0 0.0
27.5 0.0 0.0
28.0 0.0 0.0
28.5 0.0 0.0
29.0 0.0 0.0
29.5 0.0 0.0
30.0 0.0 0.0
30.5 0.0 0.0
31.0 0.0 0.0
31.5 0.0 0.0
1400
# a b m n r rhoa k
1 13 2 5 1.67481 6.71042 4.00667
1 13 3 6 0.661379 6.06021 9.16298
1 13 4 7 0.396995 5.61238 14.1372
1 13 5 8 0.285131 4.91793 17.248
1 13 6 9 0.254154 4.38364 17.248
1 13 7 10 0.347313 4.91002 14.1372
1 13 8 11 0.652593 5.9797 9.16298
1 13 9 12 1.7817 7.1387 4.00667
1 23 2 7 1.79724 6.65655 3.70377
1 23 3 8 0.708281 5.95258 8.40426
1 23 4 9 0.392029 5.42242 13.8317
1 23 5 10 0.245532 4.8133 19.6035
1 23 6 11 0.171908 4.33754 25.2317
1 23 7 12 0.133502 4.02634 30.1593
1 23 8 13 0.118511 4.00951 33.8325
1 23 9 14 0.11409 4.08416 35.7978
1 23 10 15 0.109033 3.90313 35.7978
1 23 11 16 0.11838 4.00511 33.8325
1 23 12 17 0.140471 4.23651 30.1593
1 23 13 18 0.180886 4.56406 25.2317
1 23 14 19 0.260165 5.10016 19.6035
1 23 15 20 0.384587 5.31949 13.8317
1 23 16 21 0.761683 6.40139 8.40426
1 23 17 22 1.98318 7.34525 3.70377
1 57 4 16 0.453701 5.23659 11.542
1 57 5 17 0.290456 4.72136 16.255
1 57 6 18 0.202802 4.32799 21.3409
1 57 7 19 0.153434 4.1049 26.7536
1 57 8 20 0.124748 4.04677 32.4396
1 57 9 21 0.10797 4.13937 38.3381
1 57 10 22 0.0921859 4.0913 44.381
1 57 11 23 0.0801019 4.04461 50.4932
1 57 12 24 0.0717446 4.06027 56.5934
1 57 13 25 0.0644562 4.03462 62.5948
1 57 14 26 0.0593675 4.06113 68.4065
1 57 15 27 0.0561015 4.14791 73.9358
1 57 16 28 0.0522289 4.13074 79.0892
1 57 17 29 0.0492085 4.12248 83.7758
1 57 18 30 0.0467561 4.11029 87.9092
1 57 19 31 0.0444517 4.06335 91.4105
1 57 20 32 0.0434032 4.08904 94.2106
1 57 21 33 0.0426429 4.10451 96.2531
1 57 22 34 0.0424411 4.13783 97.4958
1 57 23 35 0.0423763 4.14919 97.913
1 57 24 36 0.042602 4.15352 97.4958
1 57 25 37 0.0434574 4.18291 96.2531
1 57 26 38 0.0437979 4.12622 94.2106
1 57 27 39 0.0448689 4.10149 91.4105
1 57 28 40 0.0467228 4.10736 87.9092
1 57 29 41 0.0490538 4.10952 83.7758
1 57 30 42 0.0522131 4.12949 79.0892
1 57 31 43 0.0557073 4.11876 73.9358
1 57 32 44 0.0593331 4.05877 68.4065
1 57 33 45 0.0650485 4.07169 62.5948
1 57 34 46 0.0720703 4.0787 56.5934
1 57 35 47 0.0804186 4.0606 50.4932
1 57 36 48 0.0925098 4.10568 44.381
1 57 37 49 0.107413 4.11801 38.3381
1 57 38 50 0.125986 4.08694 32.4396
1 57 39 51 0.157872 4.22365 26.7536
1 57 40 52 0.205031 4.37554 21.3409
1 57 41 53 0.287729 4.67703 16.255
1 57 42 54 0.431056 4.97523 11.542
2 14 3 6 1.72191 6.89914 4.00667
2 14 4 7 0.67579 6.19225 9.16298
2 14 5 8 0.371528 5.25235 14.1372
2 14 6 9 0.256961 4.43205 17.248
2 14 7 10 0.258365 4.45628 17.248
2 14 8 11 0.356248 5.03634 14.1372
2 14 9 12 0.623552 5.71359 9.16298
2 14 10 13 1.59204 6.37876 4.00667
2 24 3 8 1.82535 6.76069 3.70377
2 24 4 9 0.70959 5.96358 8.40426
2 24 5 10 0.371636 5.14035 13.8317
2 24 6 11 0.230347 4.51562 19.6035
2 24 7 12 0.162254 4.09393 25.2317
2 24 8 13 0.133344 4.02157 30.1593
2 24 9 14 0.121135 4.09829 33.8325
2 24 10 15 0.108826 3.89572 35.7978
2 24 11 16 0.109639 3.92482 35.7978
2 24 12 17 0.120709 4.08389 33.8325
2 24 13 18 0.142758 4.30549 30.1593
2 24 14 19 0.186996 4.71822 25.2317
2 24 15 20 0.248469 4.87087 19.6035
2 24 16 21 0.403858 5.58604 13.8317
2 24 17 22 0.774801 6.51163 8.40426
2 24 18 23 2.11818 7.84526 3.70377
2 58 5 17 0.431845 4.98433 11.542
2 58 6 18 0.273991 4.45372 16.255
2 58 7 19 0.193909 4.13821 21.3409
2 58 8 20 0.151298 4.04776 26.7536
2 58 9 21 0.127577 4.13855 32.4396
2 58 10 22 0.106321 4.07615 38.3381
2 58 11 23 0.0905859 4.02029 44.381
2 58 12 24 0.0798585 4.03232 50.4932
2 58 13 25 0.0707004 4.00117 56.5934
2 58 14 26 0.0643423 4.02749 62.5948
2 58 15 27 0.0602066 4.11853 68.4065
2 58 16 28 0.0554898 4.10268 73.9358
2 58 17 29 0.05177 4.09445 79.0892
2 58 18 30 0.0486921 4.07922 83.7758
2 58 19 31 0.0458689 4.0323 87.9092
2 58 20 32 0.044441 4.06237 91.4105
2 58 21 33 0.0433422 4.0833 94.2106
2 58 22 34 0.0427715 4.11688 96.2531
2 58 23 35 0.0423437 4.12833 97.4958
2 58 24 36 0.0422522 4.13704 97.913
2 58 25 37 0.0427532 4.16826 97.4958
2 58 26 38 0.0427725 4.11698 96.2531
2 58 27 39 0.043472 4.09553 94.2106
2 58 28 40 0.0448786 4.10238 91.4105
2 58 29 41 0.0466339 4.09955 87.9092
2 58 30 42 0.0491451 4.11717 83.7758
2 58 31 43 0.0519019 4.10488 79.0892
2 58 32 44 0.0547806 4.05025 73.9358
2 58 33 45 0.0593339 4.05883 68.4065
2 58 34 46 0.0648019 4.05626 62.5948
2 58 35 47 0.0712357 4.03147 56.5934
2 58 36 48 0.0804518 4.06227 50.4932
2 58 37 49 0.0915018 4.06094 44.381
2 58 38 50 0.104913 4.02215 38.3381
2 58 39 51 0.126931 4.1176 32.4396
2 58 40 52 0.157615 4.21677 26.7536
2 58 41 53 0.207184 4.42151 21.3409
2 58 42 54 0.28333 4.60553 16.255
2 58 43 55 0.418616 4.83164 11.542
3 15 4 7 1.83243 7.34196 4.00667
3 15 5 8 0.647673 5.93461 9.16298
3 15 6 9 0.339984 4.80641 14.1372
3 15 7 10 0.257506 4.44145 17.248
3 15 8 11 0.278206 4.79848 17.248
3 15 9 12 0.383665 5.42394 14.1372
3 15 10 13 0.658123 6.03037 9.16298
3 15 11 14 1.7036 6.82576 4.00667
3 25 4 9 1.91385 7.08846 3.70377
3 25 5 10 0.681729 5.72943 8.40426
3 25 6 11 0.348382 4.81871 13.8317
3 25 7 12 0.21454 4.20574 19.6035
3 25 8 13 0.160229 4.04286 25.2317
3 25 9 14 0.136292 4.11046 30.1593
3 25 10 15 0.115 3.89074 33.8325
3 25 11 16 0.107869 3.86146 35.7978
3 25 12 17 0.110769 3.9653 35.7978
3 25 13 18 0.121285 4.10339 33.8325
3 25 14 19 0.146301 4.41232 30.1593
3 25 15 20 0.178513 4.5042 25.2317
3 25 16 21 0.250634 4.91331 19.6035
3 25 17 22 0.399461 5.52521 13.8317
3 25 18 23 0.769485 6.46696 8.40426
3 25 19 24 2.00919 7.4416 3.70377
3 59 6 18 0.406444 4.69115 11.542
3 59 7 19 0.258508 4.20205 16.255
3 59 8 20 0.189401 4.042 21.3409
3 59 9 21 0.154055 4.12151 26.7536
3 59 10 22 0.12457 4.04099 32.4396
3 59 11 23 0.103521 3.96879 38.3381
3 59 12 24 0.0896314 3.97793 44.381
3 59 13 25 0.0780819 3.94261 50.4932
3 59 14 26 0.0701522 3.97015 56.5934
3 59 15 27 0.0649833 4.06761 62.5948
3 59 16 28 0.0592244 4.05133 68.4065
3 59 17 29 0.05472 4.04576 73.9358
3 59 18 30 0.0509706 4.03123 79.0892
3 59 19 31 0.0475309 3.98194 83.7758
3 59 20 32 0.0457211 4.0193 87.9092
3 59 21 33 0.0442323 4.04329 91.4105
3 59 22 34 0.0432541 4.075 94.2106
3 59 23 35 0.0424847 4.08928 96.2531
3 59 24 36 0.0420501 4.09971 97.4958
3 59 25 37 0.0422314 4.13501 97.913
3 59 26 38 0.0419598 4.09091 97.4958
3 59 27 39 0.0423211 4.07353 96.2531
3 59 28 40 0.0433368 4.08279 94.2106
3 59 29 41 0.0446697 4.08328 91.4105
3 59 30 42 0.0466334 4.0995 87.9092
3 59 31 43 0.0487968 4.08799 83.7758
3 59 32 44 0.051043 4.03695 79.0892
3 59 33 45 0.0547097 4.04501 73.9358
3 59 34 46 0.0590001 4.03599 68.4065
3 59 35 47 0.0639649 4.00386 62.5948
3 59 36 48 0.0711356 4.0258 56.5934
3 59 37 49 0.079437 4.01103 50.4932
3 59 38 50 0.0893619 3.96597 44.381
3 59 39 51 0.105207 4.03344 38.3381
3 59 40 52 0.126183 4.09331 32.4396
3 59 41 53 0.158174 4.23174 26.7536
3 59 42 54 0.203156 4.33554 21.3409
3 59 43 55 0.273611 4.44754 16.255
3 59 44 56 0.412367 4.75952 11.542
4 16 5 8 1.79109 7.17631 4.00667
4 16 6 9 0.617124 5.6547 9.16298
4 16 7 10 0.331495 4.6864 14.1372
4 16 8 11 0.266792 4.60162 17.248
4 16 9 12 0.289664 4.99612 17.248
4 16 10 13 0.378893 5.35648 14.1372
4 16 11 14 0.632162 5.79249 9.16298
4 16 12 15 1.59494 6.3904 4.00667
4 26 5 10 1.87742 6.95354 3.70377
4 26 6 11 0.667379 5.60883 8.40426
4 26 7 12 0.334072 4.62078 13.8317
4 26 8 13 0.217355 4.26092 19.6035
4 26 9 14 0.169727 4.28249 25.2317
4 26 10 15 0.13289 4.00787 30.1593
4 26 11 16 0.115496 3.90754 33.8325
4 26 12 17 0.110494 3.95545 35.7978
4 26 13 18 0.112371 4.02263 35.7978
4 26 14 19 0.125866 4.25837 33.8325
4 26 15 20 0.14305 4.31428 30.1593
4 26 16 21 0.179366 4.52572 25.2317
4 26 17 22 0.249458 4.89026 19.6035
4 26 18 23 0.391102 5.4096 13.8317
4 26 19 24 0.70873 5.95635 8.40426
4 26 20 25 1.79822 6.66019 3.70377
4 60 7 19 0.393844 4.54573 11.542
4 60 8 20 0.259526 4.21859 16.255
4 60 9 21 0.199224 4.25163 21.3409
4 60 10 22 0.154066 4.12181 26.7536
4 60 11 23 0.12365 4.01117 32.4396
4 60 12 24 0.104357 4.00084 38.3381
4 60 13 25 0.088961 3.94818 44.381
4 60 14 26 0.0785351 3.96549 50.4932
4 60 15 27 0.0717773 4.06212 56.5934
4 60 16 28 0.0645192 4.03857 62.5948
4 60 17 29 0.0588901 4.02847 68.4065
4 60 18 30 0.0542372 4.01007 73.9358
4 60 19 31 0.0500161 3.95573 79.0892
4 60 20 32 0.047678 3.99426 83.7758
4 60 21 33 0.0457385 4.02084 87.9092
4 60 22 34 0.0443523 4.05427 91.4105
4 60 23 35 0.0432122 4.07104 94.2106
4 60 24 36 0.0424255 4.08358 96.2531
4 60 25 37 0.0422491 4.11911 97.4958
4 60 26 38 0.0416921 4.0822 97.913
4 60 27 39 0.0417422 4.06969 97.4958
4 60 28 40 0.0423629 4.07755 96.2531
4 60 29 41 0.043295 4.07885 94.2106
4 60 30 42 0.0447729 4.09271 91.4105
4 60 31 43 0.0464068 4.07959 87.9092
4 60 32 44 0.0481501 4.03381 83.7758
4 60 33 45 0.0510728 4.03931 79.0892
4 60 34 46 0.0544687 4.02718 73.9358
4 60 35 47 0.0583545 3.99183 68.4065
4 60 36 48 0.063987 4.00525 62.5948
4 60 37 49 0.0703927 3.98376 56.5934
4 60 38 50 0.0779983 3.93839 50.4932
4 60 39 51 0.089879 3.98892 44.381
4 60 40 52 0.104938 4.02311 38.3381
4 60 41 53 0.126912 4.11697 32.4396
4 60 42 54 0.155914 4.17126 26.7536
4 60 43 55 0.197577 4.21649 21.3409
4 60 44 56 0.269792 4.38547 16.255
4 60 45 57 0.429789 4.96061 11.542
5 17 6 9 1.85808 7.4447 4.00667
5 17 7 10 0.613897 5.62512 9.16298
5 17 8 11 0.34622 4.89458 14.1372
5 17 9 12 0.289149 4.98723 17.248
5 17 10 13 0.291878 5.03431 17.248
5 17 11 14 0.370518 5.23808 14.1372
5 17 12 15 0.633688 5.80647 9.16298
5 17 13 16 1.998 8.00533 4.00667
5 27 6 11 1.97125 7.30108 3.70377
5 27 7 12 0.662741 5.56984 8.40426
5 27 8 13 0.345871 4.78397 13.8317
5 27 9 14 0.239329 4.69169 19.6035
5 27 10 15 0.170268 4.29615 25.2317
5 27 11 16 0.135508 4.08681 30.1593
5 27 12 17 0.120238 4.06797 33.8325
5 27 13 18 0.113498 4.06297 35.7978
5 27 14 19 0.118525 4.24295 35.7978
5 27 15 20 0.126916 4.29389 33.8325
5 27 16 21 0.146101 4.40629 30.1593
5 27 17 22 0.184827 4.66351 25.2317
5 27 18 23 0.256297 5.02432 19.6035
5 27 19 24 0.390791 5.40529 13.8317
5 27 20 25 0.699051 5.875 8.40426
5 27 21 26 1.88541 6.98313 3.70377
5 61 8 20 0.405029 4.67482 11.542
5 61 9 21 0.282872 4.59808 16.255
5 61 10 22 0.204124 4.3562 21.3409
5 61 11 23 0.155973 4.17283 26.7536
5 61 12 24 0.12712 4.12373 32.4396
5 61 13 25 0.105226 4.03415 38.3381
5 61 14 26 0.0908473 4.03189 44.381
5 61 15 27 0.0816957 4.12508 50.4932
5 61 16 28 0.0721929 4.08564 56.5934
5 61 17 29 0.0649352 4.0646 62.5948
5 61 18 30 0.0589716 4.03404 68.4065
5 61 19 31 0.0537066 3.97084 73.9358
5 61 20 32 0.0507015 4.00994 79.0892
5 61 21 33 0.0481492 4.03373 83.7758
5 61 22 34 0.0462335 4.06435 87.9092
5 61 23 35 0.0445702 4.07419 91.4105
5 61 24 36 0.0433734 4.08623 94.2106
5 61 25 37 0.0428236 4.1219 96.2531
5 61 26 38 0.0419317 4.08816 97.4958
5 61 27 39 0.0416736 4.08039 97.913
5 61 28 40 0.0419305 4.08805 97.4958
5 61 29 41 0.0424543 4.08636 96.2531
5 61 30 42 0.0435059 4.09872 94.2106
5 61 31 43 0.0447061 4.08661 91.4105
5 61 32 44 0.0459838 4.0424 87.9092
5 61 33 45 0.0482981 4.04621 83.7758
5 61 34 46 0.0509384 4.02868 79.0892
5 61 35 47 0.0539975 3.99234 73.9358
5 61 36 48 0.0584805 4.00045 68.4065
5 61 37 49 0.0634279 3.97025 62.5948
5 61 38 50 0.0693613 3.92539 56.5934
5 61 39 51 0.0784263 3.96 50.4932
5 61 40 52 0.0895776 3.97554 44.381
5 61 41 53 0.105294 4.03676 38.3381
5 61 42 54 0.124907 4.05193 32.4396
5 61 43 55 0.151359 4.0494 26.7536
5 61 44 56 0.193148 4.12197 21.3409
5 61 45 57 0.273386 4.44389 16.255
5 61 46 58 0.421394 4.86371 11.542
6 18 7 10 1.71892 6.88714 4.00667
6 18 8 11 0.603946 5.53395 9.16298
6 18 9 12 0.377485 5.33656 14.1372
6 18 10 13 0.289501 4.9933 17.248
6 18 11 14 0.279929 4.82821 17.248
6 18 12 15 0.35722 5.05007 14.1372
6 18 13 16 0.725842 6.65088 9.16298
6 18 14 17 2.15292 8.62603 4.00667
6 28 7 12 1.83084 6.78103 3.70377
6 28 8 13 0.651217 5.47299 8.40426
6 28 9 14 0.378936 5.24132 13.8317
6 28 10 15 0.239127 4.68773 19.6035
6 28 11 16 0.171788 4.33451 25.2317
6 28 12 17 0.140439 4.23553 30.1593
6 28 13 18 0.122396 4.14096 33.8325
6 28 14 19 0.118933 4.25755 35.7978
6 28 15 20 0.120108 4.29961 35.7978
6 28 16 21 0.127976 4.32974 33.8325
6 28 17 22 0.149056 4.49542 30.1593
6 28 18 23 0.188227 4.74929 25.2317
6 28 19 24 0.256445 5.02723 19.6035
6 28 20 25 0.393046 5.43648 13.8317
6 28 21 26 0.739749 6.21705 8.40426
6 28 22 27 2.14408 7.94118 3.70377
6 62 9 21 0.439924 5.07758 11.542
6 62 10 22 0.287867 4.67928 16.255
6 62 11 23 0.205488 4.3853 21.3409
6 62 12 24 0.160267 4.28772 26.7536
6 62 13 25 0.127916 4.14953 32.4396
6 62 14 26 0.107445 4.11922 38.3381
6 62 15 27 0.0947989 4.20727 44.381
6 62 16 28 0.0822315 4.15214 50.4932
6 62 17 29 0.0727463 4.11696 56.5934
6 62 18 30 0.0650925 4.07445 62.5948
6 62 19 31 0.05842 3.99631 68.4065
6 62 20 32 0.0545959 4.03659 73.9358
6 62 21 33 0.0513356 4.06009 79.0892
6 62 22 34 0.0487665 4.08545 83.7758
6 62 23 35 0.0465732 4.09421 87.9092
6 62 24 36 0.0449023 4.10454 91.4105
6 62 25 37 0.0439321 4.13887 94.2106
6 62 26 38 0.0427095 4.11092 96.2531
6 62 27 39 0.0421222 4.10674 97.4958
6 62 28 40 0.0420509 4.11732 97.913
6 62 29 41 0.042236 4.11783 97.4958
6 62 30 42 0.0428926 4.12854 96.2531
6 62 31 43 0.0437312 4.11994 94.2106
6 62 32 44 0.0446707 4.08337 91.4105
6 62 33 45 0.0464942 4.08727 87.9092
6 62 34 46 0.0485878 4.07048 83.7758
6 62 35 47 0.0510158 4.0348 79.0892
6 62 36 48 0.0547189 4.04568 73.9358
6 62 37 49 0.0587102 4.01616 68.4065
6 62 38 50 0.0635115 3.97548 62.5948
6 62 39 51 0.070859 4.01015 56.5934
6 62 40 52 0.0796467 4.02162 50.4932
6 62 41 53 0.0918261 4.07533 44.381
6 62 42 54 0.106419 4.07991 38.3381
6 62 43 55 0.125324 4.06547 32.4396
6 62 44 56 0.153686 4.11166 26.7536
6 62 45 57 0.203552 4.344 21.3409
6 62 46 58 0.285866 4.64676 16.255
6 62 47 59 0.440957 5.08951 11.542
7 19 8 11 1.55878 6.24551 4.00667
7 19 9 12 0.637163 5.83831 9.16298
7 19 10 13 0.364586 5.15421 14.1372
7 19 11 14 0.268778 4.63586 17.248
7 19 12 15 0.258907 4.46562 17.248
7 19 13 16 0.366587 5.1825 14.1372
7 19 14 17 0.702098 6.43331 9.16298
7 19 15 18 2.10768 8.44479 4.00667
7 29 8 13 1.66479 6.166 3.70377
7 29 9 14 0.685851 5.76407 8.40426
7 29 10 15 0.363996 5.03468 13.8317
7 29 11 16 0.23186 4.54527 19.6035
7 29 12 17 0.173405 4.37531 25.2317
7 29 13 18 0.13919 4.19787 30.1593
7 29 14 19 0.125743 4.25419 33.8325
7 29 15 20 0.119956 4.29415 35.7978
7 29 16 21 0.118796 4.25264 35.7978
7 29 17 22 0.128063 4.3327 33.8325
7 29 18 23 0.14847 4.47774 30.1593
7 29 19 24 0.183757 4.6365 25.2317
7 29 20 25 0.251909 4.9383 19.6035
7 29 21 26 0.390429 5.40029 13.8317
7 29 22 27 0.76911 6.4638 8.40426
7 29 23 28 2.10275 7.78809 3.70377
7 63 10 22 0.429641 4.95889 11.542
7 63 11 23 0.279678 4.54617 16.255
7 63 12 24 0.206002 4.39628 21.3409
7 63 13 25 0.157446 4.21224 26.7536
7 63 14 26 0.128149 4.1571 32.4396
7 63 15 27 0.110664 4.24265 38.3381
7 63 16 28 0.0940706 4.17495 44.381
7 63 17 29 0.0817586 4.12825 50.4932
7 63 18 30 0.0719509 4.07195 56.5934
7 63 19 31 0.0636453 3.98386 62.5948
7 63 20 32 0.0588072 4.0228 68.4065
7 63 21 33 0.0547616 4.04884 73.9358
7 63 22 34 0.0514948 4.07268 79.0892
7 63 23 35 0.0486785 4.07808 83.7758
7 63 24 36 0.0465183 4.08939 87.9092
7 63 25 37 0.0451239 4.12479 91.4105
7 63 26 38 0.0435709 4.10484 94.2106
7 63 27 39 0.0426558 4.10575 96.2531
7 63 28 40 0.0422284 4.11709 97.4958
7 63 29 41 0.0420772 4.1199 97.913
7 63 30 42 0.0423736 4.13125 97.4958
7 63 31 43 0.0428297 4.12249 96.2531
7 63 32 44 0.0434486 4.09332 94.2106
7 63 33 45 0.044854 4.10013 91.4105
7 63 34 46 0.0464332 4.0819 87.9092
7 63 35 47 0.0482992 4.0463 83.7758
7 63 36 48 0.0512719 4.05505 79.0892
7 63 37 49 0.0544489 4.02572 73.9358
7 63 38 50 0.0583291 3.99009 68.4065
7 63 39 51 0.0642141 4.01946 62.5948
7 63 40 52 0.0711344 4.02574 56.5934
7 63 41 53 0.0805313 4.06628 50.4932
7 63 42 54 0.0914354 4.05799 44.381
7 63 43 55 0.105152 4.03132 38.3381
7 63 44 56 0.124948 4.05327 32.4396
7 63 45 57 0.157653 4.21779 26.7536
7 63 46 58 0.207534 4.42897 21.3409
7 63 47 59 0.291177 4.73308 16.255
7 63 48 60 0.434286 5.01251 11.542
8 20 9 12 1.68225 6.74021 4.00667
8 20 10 13 0.613765 5.62391 9.16298
8 20 11 14 0.341898 4.83347 14.1372
8 20 12 15 0.257615 4.44333 17.248
8 20 13 16 0.268574 4.63235 17.248
8 20 14 17 0.377514 5.33698 14.1372
8 20 15 18 0.714246 6.54462 9.16298
8 20 16 19 1.98354 7.94739 4.00667
8 30 9 14 1.7848 6.61048 3.70377
8 30 10 15 0.651235 5.47315 8.40426
8 30 11 16 0.344692 4.76767 13.8317
8 30 12 17 0.229823 4.50535 19.6035
8 30 13 18 0.167966 4.23807 25.2317
8 30 14 19 0.14032 4.23196 30.1593
8 30 15 20 0.126482 4.2792 33.8325
8 30 16 21 0.116929 4.18579 35.7978
8 30 17 22 0.117249 4.19725 35.7978
8 30 18 23 0.125821 4.25683 33.8325
8 30 19 24 0.143094 4.31561 30.1593
8 30 20 25 0.179698 4.53409 25.2317
8 30 21 26 0.244806 4.79907 19.6035
8 30 22 27 0.390984 5.40797 13.8317
8 30 23 28 0.751646 6.31703 8.40426
8 30 24 29 2.01421 7.46019 3.70377
8 64 11 23 0.408297 4.71255 11.542
8 64 12 24 0.275727 4.48194 16.255
8 64 13 25 0.19837 4.2334 21.3409
8 64 14 26 0.155066 4.14857 26.7536
8 64 15 27 0.130506 4.23355 32.4396
8 64 16 28 0.108355 4.15412 38.3381
8 64 17 29 0.0923572 4.09891 44.381
8 64 18 30 0.0799216 4.0355 50.4932
8 64 19 31 0.0695999 3.9389 56.5934
8 64 20 32 0.063608 3.98153 62.5948
8 64 21 33 0.058606 4.00904 68.4065
8 64 22 34 0.0545725 4.03486 73.9358
8 64 23 35 0.0511048 4.04184 79.0892
8 64 24 36 0.0484002 4.05477 83.7758
8 64 25 37 0.0465679 4.09375 87.9092
8 64 26 38 0.0446075 4.07759 91.4105
8 64 27 39 0.0433404 4.08313 94.2106
8 64 28 40 0.0425861 4.09905 96.2531
8 64 29 41 0.0420967 4.10425 97.4958
8 64 30 42 0.0420798 4.12015 97.913
8 64 31 43 0.0421989 4.11422 97.4958
8 64 32 44 0.042492 4.08998 96.2531
8 64 33 45 0.0435381 4.10175 94.2106
8 64 34 46 0.0446867 4.08483 91.4105
8 64 35 47 0.0460965 4.05231 87.9092
8 64 36 48 0.0484995 4.06308 83.7758
8 64 37 49 0.051005 4.03394 79.0892
8 64 38 50 0.0541865 4.00632 73.9358
8 64 39 51 0.059009 4.0366 68.4065
8 64 40 52 0.0645206 4.03865 62.5948
8 64 41 53 0.0719959 4.07449 56.5934
8 64 42 54 0.0804303 4.06119 50.4932
8 64 43 55 0.0907715 4.02853 44.381
8 64 44 56 0.105393 4.04056 38.3381
8 64 45 57 0.128404 4.16538 32.4396
8 64 46 58 0.161795 4.32861 26.7536
8 64 47 59 0.213821 4.56315 21.3409
8 64 48 60 0.293807 4.77583 16.255
8 64 49 61 0.442845 5.11129 11.542
9 21 10 13 1.60356 6.42493 4.00667
9 21 11 14 0.576117 5.27895 9.16298
9 21 12 15 0.32978 4.66216 14.1372
9 21 13 16 0.258068 4.45114 17.248
9 21 14 17 0.278039 4.79561 17.248
9 21 15 18 0.401426 5.67503 14.1372
9 21 16 19 0.720319 6.60026 9.16298
9 21 17 20 1.73388 6.9471 4.00667
9 31 10 15 1.68978 6.25854 3.70377
9 31 11 16 0.614934 5.16806 8.40426
9 31 12 17 0.341044 4.71721 13.8317
9 31 13 18 0.219918 4.31118 19.6035
9 31 14 19 0.167259 4.22022 25.2317
9 31 15 20 0.141651 4.27209 30.1593
9 31 16 21 0.1224 4.14112 33.8325
9 31 17 22 0.114603 4.10252 35.7978
9 31 18 23 0.114439 4.09667 35.7978
9 31 19 24 0.120573 4.0793 33.8325
9 31 20 25 0.140534 4.23842 30.1593
9 31 21 26 0.173709 4.38298 25.2317
9 31 22 27 0.240435 4.71338 19.6035
9 31 23 28 0.379386 5.24754 13.8317
9 31 24 29 0.706316 5.93606 8.40426
9 31 25 30 1.8654 6.90902 3.70377
10 22 11 14 1.75282 7.02295 4.00667
10 22 12 15 0.635658 5.82452 9.16298
10 22 13 16 0.348449 4.92608 14.1372
10 22 14 17 0.274705 4.7381 17.248
10 22 15 18 0.30607 5.27908 17.248
10 22 16 19 0.415212 5.86991 14.1372
10 22 17 20 0.671432 6.15232 9.16298
10 22 18 21 2.00647 8.03926 4.00667
10 32 11 16 1.8503 6.85308 3.70377
10 32 12 17 0.692759 5.82213 8.40426
10 32 13 18 0.358596 4.95998 13.8317
10 32 14 19 0.234861 4.6041 19.6035
10 32 15 20 0.182151 4.59598 25.2317
10 32 16 21 0.14462 4.36163 30.1593
10 32 17 22 0.125251 4.23756 33.8325
10 32 18 23 0.115783 4.14477 35.7978
10 32 19 24 0.112951 4.04338 35.7978
10 32 20 25 0.123058 4.16336 33.8325
10 32 21 26 0.140743 4.2447 30.1593
10 32 22 27 0.175797 4.43566 25.2317
10 32 23 28 0.244209 4.78736 19.6035
10 32 24 29 0.378714 5.23825 13.8317
10 32 25 30 0.695187 5.84253 8.40426
10 32 26 31 1.84895 6.8481 3.70377
11 23 12 15 1.83539 7.3538 4.00667
11 23 13 16 0.636654 5.83365 9.16298
11 23 14 17 0.355501 5.02578 14.1372
11 23 15 18 0.302973 5.22566 17.248
11 23 16 19 0.31185 5.37878 17.248
11 23 17 20 0.379728 5.36828 14.1372
11 23 18 21 0.704451 6.45487 9.16298
11 23 19 22 1.84893 7.40807 4.00667
11 33 12 17 1.95637 7.24595 3.70377
11 33 13 18 0.695082 5.84165 8.40426
11 33 14 19 0.36765 5.08522 13.8317
11 33 15 20 0.255262 5.00404 19.6035
11 33 16 21 0.184393 4.65255 25.2317
11 33 17 22 0.146929 4.43127 30.1593
11 33 18 23 0.125472 4.24505 33.8325
11 33 19 24 0.113179 4.05155 35.7978
11 33 20 25 0.115466 4.13341 35.7978
11 33 21 26 0.123374 4.17405 33.8325
11 33 22 27 0.141877 4.27892 30.1593
11 33 23 28 0.179445 4.52771 25.2317
11 33 24 29 0.248509 4.87166 19.6035
11 33 25 30 0.386132 5.34085 13.8317
11 33 26 31 0.705663 5.93058 8.40426
11 33 27 32 1.74385 6.45881 3.70377
12 24 13 16 1.73144 6.93729 4.00667
12 24 14 17 0.602442 5.52016 9.16298
12 24 15 18 0.388763 5.496 14.1372
12 24 16 19 0.307866 5.31006 17.248
12 24 17 20 0.293463 5.06165 17.248
12 24 18 21 0.395244 5.58763 14.1372
12 24 19 22 0.711371 6.51828 9.16298
12 24 20 23 2.00717 8.04205 4.00667
12 34 13 18 1.85128 6.8567 3.70377
12 34 14 19 0.662304 5.56618 8.40426
12 34 15 20 0.391008 5.4083 13.8317
12 34 16 21 0.252021 4.94051 19.6035
12 34 17 22 0.183387 4.62715 25.2317
12 34 18 23 0.143927 4.34075 30.1593
12 34 19 24 0.119618 4.04697 33.8325
12 34 20 25 0.113985 4.0804 35.7978
12 34 21 26 0.113934 4.07859 35.7978
12 34 22 27 0.121406 4.10748 33.8325
12 34 23 28 0.141164 4.25739 30.1593
12 34 24 29 0.178595 4.50625 25.2317
12 34 25 30 0.248484 4.87116 19.6035
12 34 26 31 0.384464 5.31778 13.8317
12 34 27 32 0.686634 5.77065 8.40426
12 34 28 33 2.12093 7.85545 3.70377
13 25 14 17 1.56921 6.2873 4.00667
13 25 15 18 0.663672 6.08121 9.16298
13 25 16 19 0.394733 5.58041 14.1372
13 25 17 20 0.295187 5.09137 17.248
13 25 18 21 0.292186 5.0396 17.248
13 25 19 22 0.384448 5.435 14.1372
13 25 20 23 0.721414 6.61031 9.16298
13 25 21 24 1.89903 7.60877 4.00667
13 35 14 19 1.6952 6.27862 3.70377
13 35 15 20 0.714812 6.00747 8.40426
13 35 16 21 0.388659 5.3758 13.8317
13 35 17 22 0.253027 4.96022 19.6035
13 35 18 23 0.180354 4.55063 25.2317
13 35 19 24 0.136777 4.12509 30.1593
13 35 20 25 0.121139 4.09845 33.8325
13 35 21 26 0.113181 4.05162 35.7978
13 35 22 27 0.111986 4.00884 35.7978
13 35 23 28 0.120119 4.06393 33.8325
13 35 24 29 0.139635 4.21129 30.1593
13 35 25 30 0.176563 4.45499 25.2317
13 35 26 31 0.241712 4.73842 19.6035
13 35 27 32 0.358362 4.95675 13.8317
13 35 28 33 0.731266 6.14575 8.40426
13 35 29 34 1.94321 7.19721 3.70377
14 26 15 18 1.72068 6.89418 4.00667
14 26 16 19 0.658016 6.02939 9.16298
14 26 17 20 0.382951 5.41384 14.1372
14 26 18 21 0.286235 4.93697 17.248
14 26 19 22 0.278182 4.79807 17.248
14 26 20 23 0.385141 5.4448 14.1372
14 26 21 24 0.661847 6.06449 9.16298
14 26 22 25 1.67941 6.72886 4.00667
14 36 15 20 1.8328 6.78826 3.70377
14 36 16 21 0.694769 5.83902 8.40426
14 36 17 22 0.384966 5.32472 13.8317
14 36 18 23 0.2441 4.78522 19.6035
14 36 19 24 0.167279 4.22073 25.2317
14 36 20 25 0.137083 4.13432 30.1593
14 36 21 26 0.120085 4.06277 33.8325
14 36 22 27 0.111105 3.97731 35.7978
14 36 23 28 0.111052 3.97542 35.7978
14 36 24 29 0.120363 4.0722 33.8325
14 36 25 30 0.141196 4.25839 30.1593
14 36 26 31 0.177838 4.48714 25.2317
14 36 27 32 0.23707 4.6474 19.6035
14 36 28 33 0.398359 5.50997 13.8317
14 36 29 34 0.807492 6.78638 8.40426
14 36 30 35 2.43918 9.03417 3.70377
15 27 16 19 1.63529 6.55205 4.00667
15 27 17 20 0.658212 6.03118 9.16298
15 27 18 21 0.371009 5.24501 14.1372
15 27 19 22 0.270035 4.65755 17.248
15 27 20 23 0.289229 4.9886 17.248
15 27 21 24 0.383997 5.42863 14.1372
15 27 22 25 0.640645 5.87022 9.16298
15 27 23 26 1.76073 7.05467 4.00667
15 37 16 21 1.72507 6.38927 3.70377
15 37 17 22 0.698377 5.86934 8.40426
15 37 18 23 0.371067 5.13248 13.8317
15 37 19 24 0.222198 4.35586 19.6035
15 37 20 25 0.165198 4.16823 25.2317
15 37 21 26 0.134304 4.0505 30.1593
15 37 22 27 0.115747 3.916 33.8325
15 37 23 28 0.107443 3.84621 35.7978
15 37 24 29 0.108134 3.87095 35.7978
15 37 25 30 0.117216 3.96572 33.8325
15 37 26 31 0.135464 4.0855 30.1593
15 37 27 32 0.163093 4.1151 25.2317
15 37 28 33 0.231133 4.53103 19.6035
15 37 29 34 0.380541 5.26352 13.8317
15 37 30 35 0.763377 6.41562 8.40426
15 37 31 36 2.09426 7.75666 3.70377
16 28 17 20 2.0185 8.08748 4.00667
16 28 18 21 0.736401 6.74763 9.16298
16 28 19 22 0.3725 5.26609 14.1372
16 28 20 23 0.29169 5.03106 17.248
16 28 21 24 0.298904 5.15548 17.248
16 28 22 25 0.382855 5.41248 14.1372
16 28 23 26 0.679067 6.22228 9.16298
16 28 24 27 2.01945 8.09125 4.00667
16 38 17 22 2.12345 7.86479 3.70377
16 38 18 23 0.784701 6.59483 8.40426
16 38 19 24 0.374017 5.17328 13.8317
16 38 20 25 0.238359 4.67269 19.6035
16 38 21 26 0.174642 4.40652 25.2317
16 38 22 27 0.138049 4.16347 30.1593
16 38 23 28 0.118176 3.99819 33.8325
16 38 24 29 0.110486 3.95515 35.7978
16 38 25 30 0.111475 3.99056 35.7978
16 38 26 31 0.120207 4.06691 33.8325
16 38 27 32 0.134494 4.05625 30.1593
16 38 28 33 0.170481 4.30151 25.2317
16 38 29 34 0.244935 4.8016 19.6035
16 38 30 35 0.395137 5.4654 13.8317
16 38 31 36 0.747227 6.27989 8.40426
16 38 32 37 1.9143 7.09012 3.70377
17 29 18 21 2.14971 8.61317 4.00667
17 29 19 22 0.692949 6.34948 9.16298
17 29 20 23 0.384902 5.44143 14.1372
17 29 21 24 0.298348 5.14589 17.248
17 29 22 25 0.293577 5.0636 17.248
17 29 23 26 0.379605 5.36653 14.1372
17 29 24 27 0.711588 6.52026 9.16298
17 29 25 28 1.98839 7.96683 4.00667
17 39 18 23 2.26451 8.38723 3.70377
17 39 19 24 0.744299 6.25528 8.40426
17 39 20 25 0.383986 5.31118 13.8317
17 39 21 26 0.247554 4.85293 19.6035
17 39 22 27 0.177647 4.48234 25.2317
17 39 23 28 0.139257 4.1999 30.1593
17 39 24 29 0.120621 4.08091 33.8325
17 39 25 30 0.113198 4.05222 35.7978
17 39 26 31 0.114239 4.08949 35.7978
17 39 27 32 0.120077 4.06251 33.8325
17 39 28 33 0.139752 4.21484 30.1593
17 39 29 34 0.182053 4.5935 25.2317
17 39 30 35 0.258178 5.0612 19.6035
17 39 31 36 0.407938 5.64247 13.8317
17 39 32 37 0.749262 6.29699 8.40426
17 39 33 38 1.81547 6.72409 3.70377
18 30 19 22 2.06757 8.28405 4.00667
18 30 20 23 0.697369 6.38998 9.16298
18 30 21 24 0.396308 5.60268 14.1372
18 30 22 25 0.297902 5.1382 17.248
18 30 23 26 0.286758 4.94599 17.248
18 30 24 27 0.38355 5.4223 14.1372
18 30 25 28 0.701308 6.42607 9.16298
18 30 26 29 1.90512 7.63317 4.00667
18 40 19 24 2.18785 8.1033 3.70377
18 40 20 25 0.747469 6.28192 8.40426
18 40 21 26 0.397845 5.50286 13.8317
18 40 22 27 0.252688 4.95357 19.6035
18 40 23 28 0.17844 4.50234 25.2317
18 40 24 29 0.141571 4.26968 30.1593
18 40 25 30 0.122508 4.14476 33.8325
18 40 26 31 0.115059 4.11886 35.7978
18 40 27 32 0.113483 4.06243 35.7978
18 40 28 33 0.122007 4.12779 33.8325
18 40 29 34 0.145364 4.38407 30.1593
18 40 30 35 0.186215 4.69851 25.2317
18 40 31 36 0.260165 5.10016 19.6035
18 40 32 37 0.405915 5.61448 13.8317
18 40 33 38 0.695057 5.84144 8.40426
18 40 34 39 1.9124 7.0831 3.70377
19 31 20 23 1.96049 7.85504 4.00667
19 31 21 24 0.709107 6.49753 9.16298
19 31 22 25 0.40324 5.70067 14.1372
19 31 23 26 0.292039 5.03708 17.248
19 31 24 27 0.285839 4.93015 17.248
19 31 25 28 0.377363 5.33484 14.1372
19 31 26 29 0.662437 6.0699 9.16298
19 31 27 30 1.76003 7.05185 4.00667
19 41 20 25 2.07961 7.7024 3.70377
19 41 21 26 0.761584 6.40055 8.40426
19 41 22 27 0.407629 5.63819 13.8317
19 41 23 28 0.253205 4.96371 19.6035
19 41 24 29 0.181758 4.58607 25.2317
19 41 25 30 0.143598 4.33082 30.1593
19 41 26 31 0.124755 4.22077 33.8325
19 41 27 32 0.115245 4.12552 35.7978
19 41 28 33 0.114799 4.10955 35.7978
19 41 29 34 0.125753 4.25456 33.8325
19 41 30 35 0.147231 4.44039 30.1593
19 41 31 36 0.18632 4.70116 25.2317
19 41 32 37 0.260366 5.10409 19.6035
19 41 33 38 0.378009 5.22849 13.8317
19 41 34 39 0.72693 6.10931 8.40426
19 41 35 40 2.12595 7.87404 3.70377
20 32 21 24 1.73904 6.96775 4.00667
20 32 22 25 0.673728 6.17336 9.16298
20 32 23 26 0.373305 5.27747 14.1372
20 32 24 27 0.282093 4.86553 17.248
20 32 25 28 0.283156 4.88386 17.248
20 32 26 29 0.374665 5.2967 14.1372
20 32 27 30 0.648547 5.94262 9.16298
20 32 28 31 1.73683 6.95889 4.00667
20 42 21 26 1.84921 6.84904 3.70377
20 42 22 27 0.718483 6.03832 8.40426
20 42 23 28 0.375789 5.1978 13.8317
20 42 24 29 0.241394 4.73218 19.6035
20 42 25 30 0.173665 4.38186 25.2317
20 42 26 31 0.139539 4.20839 30.1593
20 42 27 32 0.121254 4.10232 33.8325
20 42 28 33 0.112791 4.03767 35.7978
20 42 29 34 0.114424 4.09613 35.7978
20 42 30 35 0.123472 4.17736 33.8325
20 42 31 36 0.142924 4.31048 30.1593
20 42 32 37 0.181905 4.58978 25.2317
20 42 33 38 0.234025 4.58771 19.6035
20 42 34 39 0.364486 5.04145 13.8317
20 42 35 40 0.728531 6.12276 8.40426
20 42 36 41 1.99182 7.37725 3.70377
21 33 22 25 2.01357 8.0677 4.00667
21 33 23 26 0.705881 6.46798 9.16298
21 33 24 27 0.391794 5.53886 14.1372
21 33 25 28 0.289689 4.99654 17.248
21 33 26 29 0.291004 5.01923 17.248
21 33 27 30 0.385209 5.44576 14.1372
21 33 28 31 0.656887 6.01905 9.16298
21 33 29 32 1.63535 6.55229 4.00667
21 43 22 27 2.12368 7.86563 3.70377
21 43 23 28 0.752599 6.32504 8.40426
21 43 24 29 0.397332 5.49576 13.8317
21 43 25 30 0.246766 4.83748 19.6035
21 43 26 31 0.177089 4.46826 25.2317
21 43 27 32 0.142161 4.28746 30.1593
21 43 28 33 0.122593 4.14762 33.8325
21 43 29 34 0.114773 4.10861 35.7978
21 43 30 35 0.114324 4.09253 35.7978
21 43 31 36 0.121893 4.12394 33.8325
21 43 32 37 0.142899 4.30973 30.1593
21 43 33 38 0.167153 4.21755 25.2317
21 43 34 39 0.223158 4.37468 19.6035
21 43 35 40 0.357404 4.9435 13.8317
21 43 36 41 0.673439 5.65976 8.40426
21 43 37 42 1.9054 7.05715 3.70377
22 34 23 26 1.85946 7.45022 4.00667
22 34 24 27 0.713851 6.541 9.16298
22 34 25 28 0.38725 5.47462 14.1372
22 34 26 29 0.290095 5.00355 17.248
22 34 27 30 0.297585 5.13273 17.248
22 34 28 31 0.384283 5.43267 14.1372
22 34 29 32 0.636027 5.82791 9.16298
22 34 30 33 2.00452 8.03143 4.00667
22 44 23 28 1.96951 7.29463 3.70377
22 44 24 29 0.767953 6.45408 8.40426
22 44 25 30 0.396032 5.47779 13.8317
22 44 26 31 0.248235 4.86629 19.6035
22 44 27 32 0.182403 4.60234 25.2317
22 44 28 33 0.145596 4.39106 30.1593
22 44 29 34 0.126203 4.26977 33.8325
22 44 30 35 0.116837 4.1825 35.7978
22 44 31 36 0.116084 4.15555 35.7978
22 44 32 37 0.127501 4.31369 33.8325
22 44 33 38 0.139368 4.20323 30.1593
22 44 34 39 0.168592 4.25387 25.2317
22 44 35 40 0.236832 4.64275 19.6035
22 44 36 41 0.373223 5.1623 13.8317
22 44 37 42 0.724581 6.08957 8.40426
22 44 38 43 2.03937 7.55334 3.70377
23 35 24 27 1.99058 7.9756 4.00667
23 35 25 28 0.707038 6.47858 9.16298
23 35 26 29 0.380326 5.37673 14.1372
23 35 27 30 0.297904 5.13824 17.248
23 35 28 31 0.294309 5.07622 17.248
23 35 29 32 0.357614 5.05564 14.1372
23 35 30 33 0.68125 6.24228 9.16298
23 35 31 34 1.8339 7.34784 4.00667
23 45 24 29 2.1107 7.81755 3.70377
23 45 25 30 0.766511 6.44196 8.40426
23 45 26 31 0.390594 5.40257 13.8317
23 45 27 32 0.255047 4.99981 19.6035
23 45 28 33 0.186005 4.69322 25.2317
23 45 29 34 0.147826 4.45832 30.1593
23 45 30 35 0.126456 4.27834 33.8325
23 45 31 36 0.116502 4.1705 35.7978
23 45 32 37 0.119626 4.28236 35.7978
23 45 33 38 0.122625 4.1487 33.8325
23 45 34 39 0.135998 4.10159 30.1593
23 45 35 40 0.171776 4.33419 25.2317
23 45 36 41 0.238746 4.68027 19.6035
23 45 37 42 0.381007 5.26996 13.8317
23 45 38 43 0.719078 6.04332 8.40426
23 45 39 44 1.86084 6.89212 3.70377
24 36 25 28 1.88534 7.55393 4.00667
24 36 26 29 0.653654 5.98942 9.16298
24 36 27 30 0.388654 5.49447 14.1372
24 36 28 31 0.302126 5.21107 17.248
24 36 29 32 0.285365 4.92196 17.248
24 36 30 33 0.393665 5.56531 14.1372
24 36 31 34 0.757091 6.93721 9.16298
24 36 32 35 2.33732 9.36487 4.00667
24 46 25 30 2.00984 7.444 3.70377
24 46 26 31 0.711311 5.97804 8.40426
24 46 27 32 0.392529 5.42933 13.8317
24 46 28 33 0.257021 5.03852 19.6035
24 46 29 34 0.185669 4.68475 25.2317
24 46 30 35 0.145988 4.40289 30.1593
24 46 31 36 0.124482 4.21154 33.8325
24 46 32 37 0.119368 4.27312 35.7978
24 46 33 38 0.115026 4.11769 35.7978
24 46 34 39 0.118015 3.99274 33.8325
24 46 35 40 0.135919 4.09921 30.1593
24 46 36 41 0.17095 4.31336 25.2317
24 46 37 42 0.238718 4.67971 19.6035
24 46 38 43 0.372557 5.15308 13.8317
24 46 39 44 0.663083 5.57272 8.40426
24 46 40 45 1.973 7.30753 3.70377
25 37 26 29 1.67163 6.69766 4.00667
25 37 27 30 0.64592 5.91856 9.16298
25 37 28 31 0.386014 5.45715 14.1372
25 37 29 32 0.280103 4.83121 17.248
25 37 30 33 0.27499 4.74301 17.248
25 37 31 34 0.378302 5.34812 14.1372
25 37 32 35 0.727718 6.66806 9.16298
25 37 33 36 1.99383 7.98861 4.00667
25 47 26 31 1.7936 6.64307 3.70377
25 47 27 32 0.697867 5.86506 8.40426
25 47 28 33 0.391249 5.41163 13.8317
25 47 29 34 0.25188 4.93774 19.6035
25 47 30 35 0.180585 4.55647 25.2317
25 47 31 36 0.142094 4.28545 30.1593
25 47 32 37 0.127426 4.31113 33.8325
25 47 33 38 0.115901 4.14898 35.7978
25 47 34 39 0.11103 3.97463 35.7978
25 47 35 40 0.118303 4.00249 33.8325
25 47 36 41 0.137221 4.13848 30.1593
25 47 37 42 0.173415 4.37556 25.2317
25 47 38 43 0.240123 4.70727 19.6035
25 47 39 44 0.35515 4.91232 13.8317
25 47 40 45 0.712655 5.98934 8.40426
25 47 41 46 2.01143 7.4499 3.70377
26 38 27 30 1.77591 7.11547 4.00667
26 38 28 31 0.694714 6.36565 9.16298
26 38 29 32 0.380173 5.37457 14.1372
26 38 30 33 0.278853 4.80965 17.248
26 38 31 34 0.28515 4.91825 17.248
26 38 32 35 0.399117 5.64239 14.1372
26 38 33 36 0.705974 6.46883 9.16298
26 38 34 37 1.79631 7.19723 4.00667
26 48 27 32 1.88742 6.99058 3.70377
26 48 28 33 0.740233 6.22111 8.40426
26 48 29 34 0.392013 5.4222 13.8317
26 48 30 35 0.246595 4.83413 19.6035
26 48 31 36 0.17535 4.42438 25.2317
26 48 32 37 0.145239 4.3803 30.1593
26 48 33 38 0.124097 4.19853 33.8325
26 48 34 39 0.110911 3.97038 35.7978
26 48 35 40 0.109488 3.91943 35.7978
26 48 36 41 0.117773 3.98456 33.8325
26 48 37 42 0.136116 4.10516 30.1593
26 48 38 43 0.171623 4.33033 25.2317
26 48 39 44 0.223651 4.38435 19.6035
26 48 40 45 0.358157 4.95391 13.8317
26 48 41 46 0.690166 5.80033 8.40426
26 48 42 47 1.82653 6.76505 3.70377
27 39 28 31 2.03899 8.16957 4.00667
27 39 29 32 0.718833 6.58665 9.16298
27 39 30 33 0.382577 5.40856 14.1372
27 39 31 34 0.288204 4.97093 17.248
27 39 32 35 0.306386 5.28453 17.248
27 39 33 36 0.409823 5.79374 14.1372
27 39 34 37 0.693629 6.35571 9.16298
27 39 35 38 1.68548 6.75315 4.00667
27 49 28 33 2.14437 7.94225 3.70377
27 49 29 34 0.772793 6.49475 8.40426
27 49 30 35 0.394562 5.45745 13.8317
27 49 31 36 0.243401 4.77153 19.6035
27 49 32 37 0.182102 4.59475 25.2317
27 49 33 38 0.144623 4.36171 30.1593
27 49 34 39 0.120197 4.06658 33.8325
27 49 35 40 0.109953 3.93609 35.7978
27 49 36 41 0.110178 3.94414 35.7978
27 49 37 42 0.117585 3.9782 33.8325
27 49 38 43 0.137487 4.14651 30.1593
27 49 39 44 0.16371 4.13067 25.2317
27 49 40 45 0.226022 4.43083 19.6035
27 49 41 46 0.353994 4.89633 13.8317
27 49 42 47 0.644797 5.41904 8.40426
27 49 43 48 1.75135 6.48662 3.70377
28 40 29 32 1.99253 7.98342 4.00667
28 40 30 33 0.697233 6.38873 9.16298
28 40 31 34 0.37835 5.3488 14.1372
28 40 32 35 0.302406 5.21589 17.248
28 40 33 36 0.311061 5.36517 17.248
28 40 34 37 0.399846 5.65269 14.1372
28 40 35 38 0.633638 5.80601 9.16298
28 40 36 39 1.78582 7.15519 4.00667
28 50 29 34 2.10852 7.80948 3.70377
28 50 30 35 0.756996 6.36199 8.40426
28 50 31 36 0.383558 5.30524 13.8317
28 50 32 37 0.252743 4.95466 19.6035
28 50 33 38 0.184469 4.65447 25.2317
28 50 34 39 0.141855 4.27824 30.1593
28 50 35 40 0.120208 4.06694 33.8325
28 50 36 41 0.112572 4.02982 35.7978
28 50 37 42 0.111653 3.99694 35.7978
28 50 38 43 0.12278 4.15395 33.8325
28 50 39 44 0.136919 4.12938 30.1593
28 50 40 45 0.171729 4.33302 25.2317
28 50 41 46 0.237804 4.66181 19.6035
28 50 42 47 0.361169 4.99557 13.8317
28 50 43 48 0.683482 5.74416 8.40426
28 50 44 49 1.89906 7.03367 3.70377
29 41 30 33 1.89396 7.58849 4.00667
29 41 31 34 0.656744 6.01773 9.16298
29 41 32 35 0.386031 5.45738 14.1372
29 41 33 36 0.306266 5.28247 17.248
29 41 34 37 0.304886 5.25867 17.248
29 41 35 38 0.365969 5.17377 14.1372
29 41 36 39 0.668738 6.12763 9.16298
29 41 37 40 2.0027 8.02415 4.00667
29 51 30 35 2.01759 7.47268 3.70377
29 51 31 36 0.70985 5.96577 8.40426
29 51 32 37 0.388276 5.37051 13.8317
29 51 33 38 0.254636 4.99177 19.6035
29 51 34 39 0.179327 4.52472 25.2317
29 51 35 40 0.139579 4.20961 30.1593
29 51 36 41 0.121604 4.11417 33.8325
29 51 37 42 0.111466 3.99025 35.7978
29 51 38 43 0.115055 4.11869 35.7978
29 51 39 44 0.120649 4.08187 33.8325
29 51 40 45 0.139272 4.20034 30.1593
29 51 41 46 0.175129 4.4188 25.2317
29 51 42 47 0.235217 4.61108 19.6035
29 51 43 48 0.369694 5.11348 13.8317
29 51 44 49 0.691439 5.81103 8.40426
29 51 45 50 1.71515 6.35253 3.70377
30 42 31 34 1.74835 7.00507 4.00667
30 42 32 35 0.652889 5.98241 9.16298
30 42 33 36 0.39021 5.51646 14.1372
30 42 34 37 0.298685 5.15171 17.248
30 42 35 38 0.272954 4.70791 17.248
30 42 36 39 0.357702 5.0569 14.1372
30 42 37 40 0.673272 6.16917 9.16298
30 42 38 41 1.89381 7.58789 4.00667
30 52 31 36 1.86581 6.91054 3.70377
30 52 32 37 0.705272 5.92729 8.40426
30 52 33 38 0.392963 5.43534 13.8317
30 52 34 39 0.248261 4.86679 19.6035
30 52 35 40 0.175336 4.42402 25.2317
30 52 36 41 0.14128 4.26091 30.1593
30 52 37 42 0.118993 4.02584 33.8325
30 52 38 43 0.115042 4.11825 35.7978
30 52 39 44 0.11364 4.06808 35.7978
30 52 40 45 0.121807 4.12105 33.8325
30 52 41 46 0.141105 4.25563 30.1593
30 52 42 47 0.172576 4.35437 25.2317
30 52 43 48 0.24054 4.71543 19.6035
30 52 44 49 0.377101 5.21593 13.8317
30 52 45 50 0.669038 5.62277 8.40426
30 52 46 51 1.97577 7.3178 3.70377
31 43 32 35 1.74509 6.99199 4.00667
31 43 33 36 0.66472 6.09081 9.16298
31 43 34 37 0.386146 5.45901 14.1372
31 43 35 38 0.272073 4.69271 17.248
31 43 36 39 0.264589 4.56363 17.248
31 43 37 40 0.346924 4.90453 14.1372
31 43 38 41 0.633928 5.80867 9.16298
31 43 39 42 1.81586 7.27556 4.00667
31 53 32 37 1.85949 6.88714 3.70377
31 53 33 38 0.71551 6.01333 8.40426
31 53 34 39 0.38291 5.29628 13.8317
31 53 35 40 0.238934 4.68395 19.6035
31 53 36 41 0.176248 4.44705 25.2317
31 53 37 42 0.13507 4.0736 30.1593
31 53 38 43 0.121753 4.11922 33.8325
31 53 39 44 0.113163 4.051 35.7978
31 53 40 45 0.112817 4.03859 35.7978
31 53 41 46 0.120943 4.0918 33.8325
31 53 42 47 0.135671 4.09175 30.1593
31 53 43 48 0.170711 4.30733 25.2317
31 53 44 49 0.235165 4.61008 19.6035
31 53 45 50 0.343642 4.75315 13.8317
31 53 46 51 0.670483 5.63491 8.40426
31 53 47 52 1.80187 6.67371 3.70377
32 44 33 36 1.66133 6.6564 4.00667
32 44 34 37 0.65288 5.98232 9.16298
32 44 35 38 0.353121 4.99214 14.1372
32 44 36 39 0.270285 4.66186 17.248
32 44 37 40 0.263889 4.55155 17.248
32 44 38 41 0.368881 5.21493 14.1372
32 44 39 42 0.68562 6.28232 9.16298
32 44 40 43 1.9292 7.72965 4.00667
32 54 33 38 1.76974 6.55472 3.70377
32 54 34 39 0.686521 5.7697 8.40426
32 54 35 40 0.356737 4.93427 13.8317
32 54 36 41 0.236469 4.63563 19.6035
32 54 37 42 0.162977 4.11219 25.2317
32 54 38 43 0.136378 4.11307 30.1593
32 54 39 44 0.119536 4.0442 33.8325
32 54 40 45 0.111684 3.99802 35.7978
32 54 41 46 0.111906 4.006 35.7978
32 54 42 47 0.11687 3.95401 33.8325
32 54 43 48 0.135657 4.09131 30.1593
32 54 44 49 0.170774 4.30892 25.2317
32 54 45 50 0.221113 4.3346 19.6035
32 54 46 51 0.350484 4.84779 13.8317
32 54 47 52 0.657154 5.52289 8.40426
32 54 48 53 1.80546 6.687 3.70377
33 45 34 37 2.02185 8.10087 4.00667
33 45 35 38 0.681922 6.24843 9.16298
33 45 36 39 0.386763 5.46773 14.1372
33 45 37 40 0.265637 4.5817 17.248
33 45 38 41 0.279044 4.81293 17.248
33 45 39 42 0.385421 5.44876 14.1372
33 45 40 43 0.671336 6.15144 9.16298
33 45 41 44 1.74521 6.99249 4.00667
33 55 34 39 2.11643 7.83876 3.70377
33 55 35 40 0.728567 6.12307 8.40426
33 55 36 41 0.397632 5.49992 13.8317
33 55 37 42 0.230968 4.52778 19.6035
33 55 38 43 0.172882 4.36209 25.2317
33 55 39 44 0.140081 4.22473 30.1593
33 55 40 45 0.121341 4.10528 33.8325
33 55 41 46 0.113092 4.04846 35.7978
33 55 42 47 0.109971 3.93673 35.7978
33 55 43 48 0.118632 4.01361 33.8325
33 55 44 49 0.13876 4.18492 30.1593
33 55 45 50 0.164446 4.14924 25.2317
33 55 46 51 0.227215 4.45422 19.6035
33 55 47 52 0.35249 4.87552 13.8317
33 55 48 53 0.668836 5.62107 8.40426
33 55 49 54 1.73004 6.40769 3.70377
34 46 35 38 1.82766 7.32281 4.00667
34 46 36 39 0.746047 6.83601 9.16298
34 46 37 40 0.363461 5.13831 14.1372
34 46 38 41 0.28192 4.86255 17.248
34 46 39 42 0.294016 5.07117 17.248
34 46 40 43 0.374819 5.29888 14.1372
34 46 41 44 0.614287 5.6287 9.16298
34 46 42 45 1.85876 7.44743 4.00667
34 56 35 40 1.93842 7.17947 3.70377
34 56 36 41 0.80499 6.76534 8.40426
34 56 37 42 0.378663 5.23755 13.8317
34 56 38 43 0.246733 4.83683 19.6035
34 56 39 44 0.182049 4.59341 25.2317
34 56 40 45 0.144782 4.36651 30.1593
34 56 41 46 0.124701 4.21895 33.8325
34 56 42 47 0.112401 4.02372 35.7978
34 56 43 48 0.112772 4.03698 35.7978
34 56 44 49 0.123621 4.18242 33.8325
34 56 45 50 0.136381 4.11316 30.1593
34 56 46 51 0.170935 4.31297 25.2317
34 56 47 52 0.235574 4.61808 19.6035
34 56 48 53 0.371674 5.14087 13.8317
34 56 49 54 0.676255 5.68342 8.40426
34 56 50 55 1.74911 6.47832 3.70377
35 47 36 39 2.30533 9.2367 4.00667
35 47 37 40 0.696032 6.37773 9.16298
35 47 38 41 0.383326 5.41914 14.1372
35 47 39 42 0.303033 5.2267 17.248
35 47 40 43 0.293952 5.07007 17.248
35 47 41 44 0.35366 4.99975 14.1372
35 47 42 45 0.660074 6.04825 9.16298
35 47 43 46 1.90034 7.61404 4.00667
35 57 36 41 2.43056 9.00225 3.70377
35 57 37 42 0.759346 6.38174 8.40426
35 57 38 43 0.396475 5.48392 13.8317
35 57 39 44 0.258071 5.0591 19.6035
35 57 40 45 0.185656 4.68442 25.2317
35 57 41 46 0.146577 4.42066 30.1593
35 57 42 47 0.121779 4.12009 33.8325
35 57 43 48 0.113132 4.04986 35.7978
35 57 44 49 0.116216 4.16027 35.7978
35 57 45 50 0.119936 4.05773 33.8325
35 57 46 51 0.138149 4.16648 30.1593
35 57 47 52 0.173627 4.38091 25.2317
35 57 48 53 0.241989 4.74384 19.6035
35 57 49 54 0.369588 5.11202 13.8317
35 57 50 55 0.661896 5.56275 8.40426
35 57 51 56 1.73263 6.41727 3.70377
36 48 37 40 1.9548 7.83223 4.00667
36 48 38 41 0.684972 6.27638 9.16298
36 48 39 42 0.403569 5.70533 14.1372
36 48 40 43 0.300378 5.18091 17.248
36 48 41 44 0.27318 4.71179 17.248
36 48 42 45 0.352746 4.98682 14.1372
36 48 43 46 0.641641 5.87935 9.16298
36 48 44 47 1.73769 6.96233 4.00667
36 58 37 42 2.08559 7.72454 3.70377
36 58 38 43 0.747645 6.2834 8.40426
36 58 39 44 0.407236 5.63275 13.8317
36 58 40 45 0.259357 5.08431 19.6035
36 58 41 46 0.185666 4.68466 25.2317
36 58 42 47 0.141049 4.25395 30.1593
36 58 43 48 0.120792 4.0867 33.8325
36 58 44 49 0.116194 4.15949 35.7978
36 58 45 50 0.112323 4.02091 35.7978
36 58 46 51 0.119789 4.05278 33.8325
36 58 47 52 0.138934 4.19014 30.1593
36 58 48 53 0.175696 4.4331 25.2317
36 58 49 54 0.239008 4.68539 19.6035
36 58 50 55 0.360918 4.9921 13.8317
36 58 51 56 0.662735 5.5698 8.40426
36 58 52 57 1.9155 7.09459 3.70377
37 49 38 41 1.77886 7.12732 4.00667
37 49 39 42 0.695188 6.36999 9.16298
37 49 40 43 0.398099 5.62799 14.1372
37 49 41 44 0.283758 4.89425 17.248
37 49 42 45 0.266992 4.60507 17.248
37 49 43 46 0.348367 4.92492 14.1372
37 49 44 47 0.610412 5.59319 9.16298
37 49 45 48 1.65773 6.64198 4.00667
37 59 38 43 1.90775 7.06586 3.70377
37 59 39 44 0.743672 6.25001 8.40426
37 59 40 45 0.400936 5.54562 13.8317
37 59 41 46 0.256222 5.02285 19.6035
37 59 42 47 0.176379 4.45033 25.2317
37 59 43 48 0.138267 4.17003 30.1593
37 59 44 49 0.124291 4.20509 33.8325
37 59 45 50 0.112608 4.03113 35.7978
37 59 46 51 0.111537 3.99278 35.7978
37 59 47 52 0.120206 4.06686 33.8325
37 59 48 53 0.139607 4.21043 30.1593
37 59 49 54 0.173131 4.36838 25.2317
37 59 50 55 0.232802 4.56375 19.6035
37 59 51 56 0.353127 4.88434 13.8317
37 59 52 57 0.70407 5.91719 8.40426
37 59 53 58 1.86329 6.9012 3.70377
38 50 39 42 1.71818 6.88417 4.00667
38 50 40 43 0.657768 6.02712 9.16298
38 50 41 44 0.369723 5.22683 14.1372
38 50 42 45 0.268122 4.62456 17.248
38 50 43 46 0.268373 4.62888 17.248
38 50 44 47 0.361102 5.10496 14.1372
38 50 45 48 0.639423 5.85902 9.16298
38 50 46 49 1.78552 7.154 4.00667
38 60 39 44 1.81837 6.73485 3.70377
38 60 40 45 0.695618 5.84615 8.40426
38 60 41 46 0.378086 5.22956 13.8317
38 60 42 47 0.231326 4.53481 19.6035
38 60 43 48 0.164705 4.15578 25.2317
38 60 44 49 0.138293 4.17082 30.1593
38 60 45 50 0.117894 3.98867 33.8325
38 60 46 51 0.109288 3.91225 35.7978
38 60 47 52 0.110439 3.95346 35.7978
38 60 48 53 0.119414 4.04008 33.8325
38 60 49 54 0.137331 4.1418 30.1593
38 60 50 55 0.169579 4.27878 25.2317
38 60 51 56 0.226977 4.44956 19.6035
38 60 52 57 0.370903 5.13022 13.8317
38 60 53 58 0.706503 5.93764 8.40426
38 60 54 59 1.89514 7.01916 3.70377
39 51 40 43 1.82591 7.31582 4.00667
39 51 41 44 0.683396 6.26194 9.16298
39 51 42 45 0.360191 5.09208 14.1372
39 51 43 46 0.265762 4.58385 17.248
39 51 44 47 0.277257 4.78212 17.248
39 51 45 48 0.367009 5.18847 14.1372
39 51 46 49 0.637429 5.84075 9.16298
39 51 47 50 1.60541 6.43235 4.00667
39 61 40 45 1.91931 7.10867 3.70377
39 61 41 46 0.733191 6.16193 8.40426
39 61 42 47 0.366094 5.06369 13.8317
39 61 43 48 0.22443 4.39962 19.6035
39 61 44 49 0.171244 4.32078 25.2317
39 61 45 50 0.134981 4.07094 30.1593
39 61 46 51 0.115998 3.92452 33.8325
39 61 47 52 0.109408 3.91656 35.7978
39 61 48 53 0.110068 3.9402 35.7978
39 61 49 54 0.117942 3.99028 33.8325
39 61 50 55 0.135194 4.07735 30.1593
39 61 51 56 0.163741 4.13146 25.2317
39 61 52 57 0.230824 4.52498 19.6035
39 61 53 58 0.36183 5.00472 13.8317
39 61 54 59 0.677047 5.69008 8.40426
39 61 55 60 1.68973 6.25836 3.70377
40 52 41 44 2.0222 8.10228 4.00667
40 52 42 45 0.680477 6.23519 9.16298
40 52 43 46 0.355302 5.02296 14.1372
40 52 44 47 0.282615 4.87454 17.248
40 52 45 48 0.28489 4.91376 17.248
40 52 46 49 0.368275 5.20637 14.1372
40 52 47 50 0.617617 5.65921 9.16298
40 52 48 51 1.86118 7.45714 4.00667
40 62 41 46 2.13556 7.90962 3.70377
40 62 42 47 0.731668 6.14912 8.40426
40 62 43 48 0.359945 4.97864 13.8317
40 62 44 49 0.24129 4.73014 19.6035
40 62 45 50 0.172491 4.35223 25.2317
40 62 46 51 0.1358 4.09563 30.1593
40 62 47 52 0.118981 4.02543 33.8325
40 62 48 53 0.111436 3.98917 35.7978
40 62 49 54 0.111918 4.0064 35.7978
40 62 50 55 0.120763 4.08573 33.8325
40 62 51 56 0.135844 4.09697 30.1593
40 62 52 57 0.173521 4.37823 25.2317
40 62 53 58 0.241287 4.73007 19.6035
40 62 54 59 0.38031 5.26032 13.8317
40 62 55 60 0.683911 5.74776 8.40426
40 62 56 61 1.81209 6.71158 3.70377
41 53 42 45 1.88121 7.53739 4.00667
41 53 43 46 0.625774 5.73395 9.16298
41 53 44 47 0.371453 5.25129 14.1372
41 53 45 48 0.282994 4.88106 17.248
41 53 46 49 0.274079 4.7273 17.248
41 53 47 50 0.338129 4.78019 14.1372
41 53 48 51 0.620275 5.68357 9.16298
41 53 49 52 1.69472 6.79018 4.00667
41 63 42 47 1.99398 7.38525 3.70377
41 63 43 48 0.675898 5.68042 8.40426
41 63 44 49 0.378098 5.22973 13.8317
41 63 45 50 0.239424 4.69355 19.6035
41 63 46 51 0.170552 4.30333 25.2317
41 63 47 52 0.137605 4.15008 30.1593
41 63 48 53 0.119309 4.03654 33.8325
41 63 49 54 0.111925 4.00665 35.7978
41 63 50 55 0.113668 4.06907 35.7978
41 63 51 56 0.1194 4.0396 33.8325
41 63 52 57 0.139949 4.22075 30.1593
41 63 53 58 0.176623 4.4565 25.2317
41 63 54 59 0.24689 4.83992 19.6035
41 63 55 60 0.375791 5.19782 13.8317
41 63 56 61 0.679993 5.71484 8.40426
41 63 57 62 1.6677 6.17679 3.70377
42 54 43 46 1.79247 7.18182 4.00667
42 54 44 47 0.677186 6.20504 9.16298
42 54 45 48 0.379802 5.36932 14.1372
42 54 46 49 0.278353 4.80102 17.248
42 54 47 50 0.262287 4.52392 17.248
42 54 48 51 0.343905 4.86184 14.1372
42 54 49 52 0.608482 5.57551 9.16298
42 54 50 53 1.71404 6.86759 4.00667
42 64 43 48 1.90491 7.05536 3.70377
42 64 44 49 0.729461 6.13058 8.40426
42 64 45 50 0.3814 5.2754 13.8317
42 64 46 51 0.238242 4.67039 19.6035
42 64 47 52 0.174001 4.39034 25.2317
42 64 48 53 0.138157 4.16673 30.1593
42 64 49 54 0.120442 4.07487 33.8325
42 64 50 55 0.115099 4.1203 35.7978
42 64 51 56 0.11331 4.05625 35.7978
42 64 52 57 0.123158 4.16674 33.8325
42 64 53 58 0.143229 4.31969 30.1593
42 64 54 59 0.183024 4.61801 25.2317
42 64 55 60 0.251158 4.92359 19.6035
42 64 56 61 0.385473 5.33174 13.8317
42 64 57 62 0.67932 5.70919 8.40426
42 64 58 63 1.9004 7.03864 3.70377
43 55 44 47 1.92835 7.72627 4.00667
43 55 45 48 0.672748 6.16437 9.16298
43 55 46 49 0.366896 5.18687 14.1372
43 55 47 50 0.26835 4.6285 17.248
43 55 48 51 0.262509 4.52775 17.248
43 55 49 52 0.344212 4.86619 14.1372
43 55 50 53 0.631334 5.7849 9.16298
43 55 51 54 1.63301 6.54293 4.00667
44 56 45 48 1.76707 7.08006 4.00667
44 56 46 49 0.623339 5.71164 9.16298
44 56 47 50 0.347025 4.90595 14.1372
44 56 48 51 0.25896 4.46653 17.248
44 56 49 52 0.263526 4.54528 17.248
44 56 50 53 0.369897 5.2293 14.1372
44 56 51 54 0.631059 5.78238 9.16298
44 56 52 55 1.63921 6.56778 4.00667
45 57 46 49 1.87813 7.52504 4.00667
45 57 47 50 0.662313 6.06876 9.16298
45 57 48 51 0.349236 4.93721 14.1372
45 57 49 52 0.263197 4.53961 17.248
45 57 50 53 0.284415 4.90558 17.248
45 57 51 54 0.367465 5.19491 14.1372
45 57 52 55 0.611248 5.60085 9.16298
45 57 53 56 1.61623 6.47568 4.00667
46 58 47 50 1.89904 7.60883 4.00667
46 58 48 51 0.635363 5.82182 9.16298
46 58 49 52 0.344314 4.86762 14.1372
46 58 50 53 0.283525 4.89022 17.248
46 58 51 54 0.283352 4.88724 17.248
46 58 52 55 0.355604 5.02723 14.1372
46 58 53 56 0.607899 5.57017 9.16298
46 58 54 57 1.80248 7.22195 4.00667
47 59 48 51 1.71666 6.87807 4.00667
47 59 49 52 0.593724 5.44028 9.16298
47 59 50 53 0.363516 5.13909 14.1372
47 59 51 54 0.280973 4.84621 17.248
47 59 52 55 0.273075 4.70998 17.248
47 59 53 56 0.342369 4.84013 14.1372
47 59 54 57 0.651597 5.97057 9.16298
47 59 55 58 1.76336 7.06519 4.00667
48 60 49 52 1.63476 6.54995 4.00667
48 60 50 53 0.640054 5.8648 9.16298
48 60 51 54 0.36947 5.22325 14.1372
48 60 52 55 0.27826 4.79942 17.248
48 60 53 56 0.262119 4.52101 17.248
48 60 54 57 0.36224 5.12104 14.1372
48 60 55 58 0.663302 6.07782 9.16298
48 60 56 59 1.80051 7.21407 4.00667
49 61 50 53 1.79025 7.17295 4.00667
49 61 51 54 0.645011 5.91022 9.16298
49 61 52 55 0.367902 5.20109 14.1372
49 61 53 56 0.260954 4.50092 17.248
49 61 54 57 0.265352 4.57678 17.248
49 61 55 58 0.360214 5.0924 14.1372
49 61 56 59 0.640337 5.8674 9.16298
49 61 57 60 1.58712 6.35907 4.00667
50 62 51 54 1.62765 6.52144 4.00667
50 62 52 55 0.628797 5.76166 9.16298
50 62 53 56 0.33527 4.73977 14.1372
50 62 54 57 0.26071 4.49672 17.248
50 62 55 58 0.276314 4.76586 17.248
50 62 56 59 0.379832 5.36974 14.1372
50 62 57 60 0.635211 5.82043 9.16298
50 62 58 61 1.69566 6.79395 4.00667
51 63 52 55 1.87817 7.5252 4.00667
51 63 53 56 0.619704 5.67834 9.16298
51 63 54 57 0.345022 4.87763 14.1372
51 63 55 58 0.273671 4.72026 17.248
51 63 56 59 0.290832 5.01627 17.248
51 63 57 60 0.371688 5.25461 14.1372
51 63 58 61 0.625928 5.73536 9.16298
51 63 59 62 1.54976 6.20936 4.00667
52 64 53 56 1.68912 6.76774 4.00667
52 64 54 57 0.606216 5.55474 9.16298
52 64 55 58 0.352316 4.98074 14.1372
52 64 56 59 0.289503 4.99334 17.248
52 64 57 60 0.292004 5.03647 17.248
52 64 58 61 0.375608 5.31004 14.1372
52 64 59 62 0.620339 5.68415 9.16298
52 64 60 63 1.7826 7.1423 4.00667
