64
# x y z
0.0 0.0 0.0
0.5 0.0 0.0
1.0 0.0 0.0
1.5 0.0 0.0
2.0 0.0 0.0
2.5 0.0 0.0
3.0 0.0 0.0
3.5 0.0 0.0
4.0 0.0 0.0
4.5 0.0 0.0
5.0 0.0 0.0
5.5 0.0 0.0
6.0 0.0 0.0
6.5 0.0 0.0
7.0 0.0 0.0
7.5 0.0 0.0
8.0 0.0 0.0
8.5 0.0 0.0
9.0 0.0 0.0
9.5 0.0 0.0
10.0 0.0 0.0
10.5 0.0 0.0
11.0 0.0 0.0
11.5 0.0 0.0
12.0 0.0 0.0
12.5 0.0 0.0
13.0 0.0 0.0
13.5 0.0 0.0
14.0 0.0 0.0
14.5 0.0 0.0
15.0 0.0 0.0
15.5 0.0 0.0
16.0 0.0 0.0
16.5 0.0 0.0
17.0 0.0 0.0
17.5 0.0 0.0
18.0 0.0 0.0
18.5 0.0 0.0
19.0 0.0 0.0
19.5 0.0 0.0
20.0 0.0 0.0
20.5 0.0 0.0
21.0 0.0 0.0
21.5 0.0 0.0
22.0 0.0 0.0
22.5 0.0 0.0
23.0 0.0 0.0
23.5 0.0 0.0
24.0 0.0 0.0
24.5 0.0 0.0
25.0 0.0 0.0
25.5 0.0 0.0
26.0 0.0 0.0
26.5 0.0 0.0
27.0 0.0 0.0
27.5 0.0 0.0
28.0 0.0 0.0
28.5 0.0 0.0
29.0 0.0 0.0
29.5 0.0 0.0
30.0 0.0 0.0
30.5 0.0 0.0
31.0 0.0 0.0
31.5 0.0 0.0
1400
# a b m n r rhoa k
1 13 2 5 1.77739 7.12139 4.00667
1 13 3 6 0.678383 6.21601 9.16298
1 13 4 7 0.427117 6.03823 14.1372
1 13 5 8 0.308845 5.32694 17.248
1 13 6 9 0.283819 4.89529 17.248
1 13 7 10 0.396607 5.6069 14.1372
1 13 8 11 0.733366 6.71981 9.16298
1 13 9 12 2.09706 8.40221 4.00667
1 23 2 7 1.90227 7.04559 3.70377
1 23 3 8 0.735648 6.18258 8.40426
1 23 4 9 0.422439 5.84304 13.8317
1 23 5 10 0.263704 5.16952 19.6035
1 23 6 11 0.191388 4.82904 25.2317
1 23 7 12 0.147268 4.4415 30.1593
1 23 8 13 0.129151 4.36949 33.8325
1 23 9 14 0.125399 4.48899 35.7978
1 23 10 15 0.116498 4.17037 35.7978
1 23 11 16 0.131032 4.43316 33.8325
1 23 12 17 0.153751 4.63703 30.1593
1 23 13 18 0.193719 4.88786 25.2317
1 23 14 19 0.273629 5.36409 19.6035
1 23 15 20 0.40275 5.57071 13.8317
1 23 16 21 0.805819 6.77231 8.40426
1 23 17 22 2.232 8.26681 3.70377
1 57 4 16 0.490385 5.66 11.542
1 57 5 17 0.311332 5.0607 16.255
1 57 6 18 0.223197 4.76323 21.3409
1 57 7 19 0.166506 4.45463 26.7536
1 57 8 20 0.132981 4.31384 32.4396
1 57 9 21 0.114922 4.4059 38.3381
1 57 10 22 0.096139 4.26674 44.381
1 57 11 23 0.083479 4.21512 50.4932
1 57 12 24 0.074308 4.20534 56.5934
1 57 13 25 0.0661489 4.14058 62.5948
1 57 14 26 0.0608474 4.16236 68.4065
1 57 15 27 0.0574816 4.24995 73.9358
1 57 16 28 0.0526149 4.16127 79.0892
1 57 17 29 0.0496545 4.15984 83.7758
1 57 18 30 0.0476164 4.18592 87.9092
1 57 19 31 0.045663 4.17407 91.4105
1 57 20 32 0.0445417 4.1963 94.2106
1 57 21 33 0.043552 4.19201 96.2531
1 57 22 34 0.0431904 4.21088 97.4958
1 57 23 35 0.0430694 4.21705 97.913
1 57 24 36 0.0431126 4.2033 97.4958
1 57 25 37 0.043921 4.22753 96.2531
1 57 26 38 0.0438498 4.13111 94.2106
1 57 27 39 0.0454467 4.1543 91.4105
1 57 28 40 0.0475218 4.17761 87.9092
1 57 29 41 0.0496972 4.16342 83.7758
1 57 30 42 0.0532797 4.21385 79.0892
1 57 31 43 0.0569146 4.20802 73.9358
1 57 32 44 0.0610567 4.17667 68.4065
1 57 33 45 0.0666946 4.17473 62.5948
1 57 34 46 0.0742563 4.20242 56.5934
1 57 35 47 0.0829568 4.18876 50.4932
1 57 36 48 0.0961594 4.26765 44.381
1 57 37 49 0.11247 4.3119 38.3381
1 57 38 50 0.133971 4.34597 32.4396
1 57 39 51 0.16889 4.51841 26.7536
1 57 40 52 0.221385 4.72457 21.3409
1 57 41 53 0.311012 5.0555 16.255
1 57 42 54 0.473831 5.46894 11.542
2 14 3 6 1.77948 7.1298 4.00667
2 14 4 7 0.7396 6.77694 9.16298
2 14 5 8 0.404436 5.71759 14.1372
2 14 6 9 0.290994 5.01905 17.248
2 14 7 10 0.294808 5.08484 17.248
2 14 8 11 0.39682 5.6099 14.1372
2 14 9 12 0.70773 6.48491 9.16298
2 14 10 13 1.7642 7.06858 4.00667
2 24 3 8 1.90383 7.05136 3.70377
2 24 4 9 0.78137 6.56684 8.40426
2 24 5 10 0.406474 5.62222 13.8317
2 24 6 11 0.262222 5.14048 19.6035
2 24 7 12 0.182968 4.61659 25.2317
2 24 8 13 0.147592 4.45127 30.1593
2 24 9 14 0.134432 4.54818 33.8325
2 24 10 15 0.116785 4.18063 35.7978
2 24 11 16 0.120952 4.3298 35.7978
2 24 12 17 0.131586 4.4519 33.8325
2 24 13 18 0.152129 4.5881 30.1593
2 24 14 19 0.195995 4.94527 25.2317
2 24 15 20 0.261513 5.12658 19.6035
2 24 16 21 0.427609 5.91455 13.8317
2 24 17 22 0.83293 7.00016 8.40426
2 24 18 23 2.44657 9.06154 3.70377
2 58 5 17 0.47185 5.44607 11.542
2 58 6 18 0.308794 5.01944 16.255
2 58 7 19 0.215642 4.60201 21.3409
2 58 8 20 0.164783 4.40855 26.7536
2 58 9 21 0.138432 4.49068 32.4396
2 58 10 22 0.112631 4.31807 38.3381
2 58 11 23 0.0957127 4.24782 44.381
2 58 12 24 0.0837525 4.22893 50.4932
2 58 13 25 0.073366 4.15203 56.5934
2 58 14 26 0.0665683 4.16682 62.5948
2 58 15 27 0.0622651 4.25934 68.4065
2 58 16 28 0.0563021 4.16274 73.9358
2 58 17 29 0.0525748 4.1581 79.0892
2 58 18 30 0.0498906 4.17963 83.7758
2 58 19 31 0.0473866 4.16572 87.9092
2 58 20 32 0.0458811 4.19401 91.4105
2 58 21 33 0.0444645 4.18902 94.2106
2 58 22 34 0.0437203 4.20821 96.2531
2 58 23 35 0.0431959 4.21142 97.4958
2 58 24 36 0.042915 4.20194 97.913
2 58 25 37 0.0433545 4.22688 97.4958
2 58 26 38 0.0429161 4.13081 96.2531
2 58 27 39 0.0441471 4.15912 94.2106
2 58 28 40 0.0456969 4.17718 91.4105
2 58 29 41 0.0473753 4.16473 87.9092
2 58 30 42 0.0502514 4.20985 83.7758
2 58 31 43 0.0531044 4.19999 79.0892
2 58 32 44 0.0564212 4.17154 73.9358
2 58 33 45 0.0608728 4.1641 68.4065
2 58 34 46 0.0667797 4.18006 62.5948
2 58 35 47 0.0734576 4.15722 56.5934
2 58 36 48 0.0835888 4.22067 50.4932
2 58 37 49 0.0955897 4.24236 44.381
2 58 38 50 0.111185 4.26264 38.3381
2 58 39 51 0.135388 4.39192 32.4396
2 58 40 52 0.169743 4.54125 26.7536
2 58 41 53 0.224001 4.7804 21.3409
2 58 42 54 0.311239 5.0592 16.255
2 58 43 55 0.463656 5.3515 11.542
3 15 4 7 2.10243 8.42374 4.00667
3 15 5 8 0.721815 6.61397 9.16298
3 15 6 9 0.396352 5.60329 14.1372
3 15 7 10 0.303541 5.23546 17.248
3 15 8 11 0.321405 5.54358 17.248
3 15 9 12 0.455723 6.44263 14.1372
3 15 10 13 0.794146 7.27674 9.16298
3 15 11 14 2.22852 8.92894 4.00667
3 25 4 9 2.20186 8.1552 3.70377
3 25 5 10 0.763577 6.4173 8.40426
3 25 6 11 0.406938 5.62864 13.8317
3 25 7 12 0.249238 4.88594 19.6035
3 25 8 13 0.181945 4.59078 25.2317
3 25 9 14 0.154556 4.66129 30.1593
3 25 10 15 0.125329 4.24019 33.8325
3 25 11 16 0.119966 4.29452 35.7978
3 25 12 17 0.121506 4.34964 35.7978
3 25 13 18 0.129776 4.39067 33.8325
3 25 14 19 0.153865 4.64045 30.1593
3 25 15 20 0.189675 4.78582 25.2317
3 25 16 21 0.268462 5.26281 19.6035
3 25 17 22 0.430657 5.95671 13.8317
3 25 18 23 0.846241 7.11203 8.40426
3 25 19 24 2.24147 8.3019 3.70377
3 59 6 18 0.470629 5.43198 11.542
3 59 7 19 0.296394 4.81788 16.255
3 59 8 20 0.212105 4.52652 21.3409
3 59 9 21 0.171629 4.59168 26.7536
3 59 10 22 0.134912 4.3765 32.4396
3 59 11 23 0.111594 4.27831 38.3381
3 59 12 24 0.0957078 4.24761 44.381
3 59 13 25 0.0822871 4.15494 50.4932
3 59 14 26 0.0734496 4.15676 56.5934
3 59 15 27 0.0680161 4.25745 62.5948
3 59 16 28 0.0606514 4.14895 68.4065
3 59 17 29 0.0560187 4.14178 73.9358
3 59 18 30 0.0526187 4.16157 79.0892
3 59 19 31 0.0494391 4.1418 83.7758
3 59 20 32 0.0474964 4.17537 87.9092
3 59 21 33 0.0455945 4.16782 91.4105
3 59 22 34 0.0444238 4.18519 94.2106
3 59 23 35 0.0435043 4.18742 96.2531
3 59 24 36 0.0428602 4.17869 97.4958
3 59 25 37 0.0429615 4.20649 97.913
3 59 26 38 0.0421973 4.11406 97.4958
3 59 27 39 0.043061 4.14476 96.2531
3 59 28 40 0.0441813 4.16234 94.2106
3 59 29 41 0.0453426 4.14479 91.4105
3 59 30 42 0.0475699 4.18183 87.9092
3 59 31 43 0.0497889 4.17111 83.7758
3 59 32 44 0.0523975 4.14407 79.0892
3 59 33 45 0.055928 4.13508 73.9358
3 59 34 46 0.0605716 4.14349 68.4065
3 59 35 47 0.0656748 4.1109 62.5948
3 59 36 48 0.0735561 4.16279 56.5934
3 59 37 49 0.0826461 4.17307 50.4932
3 59 38 50 0.0942555 4.18315 44.381
3 59 39 51 0.111638 4.27998 38.3381
3 59 40 52 0.135139 4.38385 32.4396
3 59 41 53 0.17033 4.55694 26.7536
3 59 42 54 0.222087 4.73955 21.3409
3 59 43 55 0.302459 4.91648 16.255
3 59 44 56 0.459183 5.29987 11.542
4 16 5 8 1.95371 7.82787 4.00667
4 16 6 9 0.694478 6.36349 9.16298
4 16 7 10 0.38018 5.37466 14.1372
4 16 8 11 0.297758 5.13572 17.248
4 16 9 12 0.325167 5.60846 17.248
4 16 10 13 0.418993 5.92338 14.1372
4 16 11 14 0.703117 6.44265 9.16298
4 16 12 15 1.58682 6.35787 4.00667
4 26 5 10 2.05642 7.61652 3.70377
4 26 6 11 0.754767 6.34326 8.40426
4 26 7 12 0.381982 5.28345 13.8317
4 26 8 13 0.244689 4.79676 19.6035
4 26 9 14 0.191429 4.83007 25.2317
4 26 10 15 0.143795 4.33675 30.1593
4 26 11 16 0.12691 4.2937 33.8325
4 26 12 17 0.119403 4.27435 35.7978
4 26 13 18 0.117826 4.21792 35.7978
4 26 14 19 0.128853 4.35941 33.8325
4 26 15 20 0.147645 4.45287 30.1593
4 26 16 21 0.185137 4.67132 25.2317
4 26 17 22 0.25756 5.04909 19.6035
4 26 18 23 0.408255 5.64685 13.8317
4 26 19 24 0.719168 6.04407 8.40426
4 26 20 25 1.64209 6.08192 3.70377
4 60 7 19 0.446643 5.15513 11.542
4 60 8 20 0.289367 4.70366 16.255
4 60 9 21 0.221881 4.73516 21.3409
4 60 10 22 0.166765 4.46155 26.7536
4 60 11 23 0.133382 4.32686 32.4396
4 60 12 24 0.111574 4.27754 38.3381
4 60 13 25 0.0938432 4.16486 44.381
4 60 14 26 0.0823154 4.15637 50.4932
4 60 15 27 0.0752618 4.25932 56.5934
4 60 16 28 0.0660896 4.13686 62.5948
4 60 17 29 0.0603067 4.12537 68.4065
4 60 18 30 0.0560413 4.14345 73.9358
4 60 19 31 0.0520934 4.12002 79.0892
4 60 20 32 0.0495973 4.15505 83.7758
4 60 21 33 0.0471727 4.14692 87.9092
4 60 22 34 0.045566 4.16521 91.4105
4 60 23 35 0.0441998 4.16409 94.2106
4 60 24 36 0.0431961 4.15776 96.2531
4 60 25 37 0.0429346 4.18594 97.4958
4 60 26 38 0.041859 4.09854 97.913
4 60 27 39 0.0424119 4.13499 97.4958
4 60 28 40 0.0431139 4.14984 96.2531
4 60 29 41 0.0438699 4.13301 94.2106
4 60 30 42 0.0456066 4.16892 91.4105
4 60 31 43 0.047218 4.1509 87.9092
4 60 32 44 0.0492646 4.12718 83.7758
4 60 33 45 0.0520199 4.11421 79.0892
4 60 34 46 0.0557155 4.11937 73.9358
4 60 35 47 0.0596689 4.08174 68.4065
4 60 36 48 0.0658513 4.12195 62.5948
4 60 37 49 0.0728465 4.12263 56.5934
4 60 38 50 0.0816934 4.12496 50.4932
4 60 39 51 0.0946986 4.20282 44.381
4 60 40 52 0.111503 4.2748 38.3381
4 60 41 53 0.135662 4.40083 32.4396
4 60 42 54 0.169026 4.52205 26.7536
4 60 43 55 0.216934 4.62958 21.3409
4 60 44 56 0.299963 4.8759 16.255
4 60 45 57 0.458139 5.28782 11.542
5 17 6 9 2.11087 8.45757 4.00667
5 17 7 10 0.700514 6.4188 9.16298
5 17 8 11 0.387966 5.48474 14.1372
5 17 9 12 0.326525 5.63189 17.248
5 17 10 13 0.32149 5.54505 17.248
5 17 11 14 0.410124 5.79799 14.1372
5 17 12 15 0.633192 5.80192 9.16298
5 17 13 16 2.13403 8.55035 4.00667
5 27 6 11 2.24291 8.30724 3.70377
5 27 7 12 0.753707 6.33435 8.40426
5 27 8 13 0.389726 5.39056 13.8317
5 27 9 14 0.272388 5.33977 19.6035
5 27 10 15 0.186052 4.69441 25.2317
5 27 11 16 0.15051 4.53926 30.1593
5 27 12 17 0.13182 4.45982 33.8325
5 27 13 18 0.121057 4.33355 35.7978
5 27 14 19 0.123654 4.42654 35.7978
5 27 15 20 0.134203 4.54042 33.8325
5 27 16 21 0.155282 4.6832 30.1593
5 27 17 22 0.199152 5.02493 25.2317
5 27 18 23 0.285688 5.60049 19.6035
5 27 19 24 0.439118 6.07374 13.8317
5 27 20 25 0.765217 6.43108 8.40426
5 27 21 26 2.33073 8.63249 3.70377
5 61 8 20 0.452654 5.22451 11.542
5 61 9 21 0.31769 5.16405 16.255
5 61 10 22 0.222345 4.74505 21.3409
5 61 11 23 0.169601 4.53744 26.7536
5 61 12 24 0.137044 4.44564 32.4396
5 61 13 25 0.111804 4.28633 38.3381
5 61 14 26 0.0957413 4.24909 44.381
5 61 15 27 0.0862541 4.35525 50.4932
5 61 16 28 0.0742384 4.2014 56.5934
5 61 17 29 0.0667367 4.17737 62.5948
5 61 18 30 0.0611388 4.1823 68.4065
5 61 19 31 0.0561295 4.14998 73.9358
5 61 20 32 0.0529088 4.18452 79.0892
5 61 21 33 0.0497452 4.16745 83.7758
5 61 22 34 0.0475749 4.18227 87.9092
5 61 23 35 0.04568 4.17563 91.4105
5 61 24 36 0.0442269 4.16664 94.2106
5 61 25 37 0.0435758 4.1943 96.2531
5 61 26 38 0.0421175 4.10628 97.4958
5 61 27 39 0.0423663 4.14821 97.913
5 61 28 40 0.0426904 4.16214 97.4958
5 61 29 41 0.0430295 4.14173 96.2531
5 61 30 42 0.0443075 4.17424 94.2106
5 61 31 43 0.0455044 4.15958 91.4105
5 61 32 44 0.047009 4.13252 87.9092
5 61 33 45 0.0491416 4.11687 83.7758
5 61 34 46 0.05205 4.11659 79.0892
5 61 35 47 0.0551443 4.07714 73.9358
5 61 36 48 0.060097 4.11103 68.4065
5 61 37 49 0.0655287 4.10175 62.5948
5 61 38 50 0.0724792 4.10184 56.5934
5 61 39 51 0.0824077 4.16103 50.4932
5 61 40 52 0.0949469 4.21384 44.381
5 61 41 53 0.112403 4.30931 38.3381
5 61 42 54 0.135249 4.38743 32.4396
5 61 43 55 0.166431 4.45262 26.7536
5 61 44 56 0.216482 4.61994 21.3409
5 61 45 57 0.300398 4.88296 16.255
5 61 46 58 0.459908 5.30824 11.542
6 18 7 10 1.94758 7.80331 4.00667
6 18 8 11 0.656068 6.01153 9.16298
6 18 9 12 0.420352 5.94258 14.1372
6 18 10 13 0.316953 5.46679 17.248
6 18 11 14 0.314861 5.43071 17.248
6 18 12 15 0.377765 5.34052 14.1372
6 18 13 16 0.797007 7.30296 9.16298
6 18 14 17 2.30755 9.24558 4.00667
6 28 7 12 2.0647 7.6472 3.70377
6 28 8 13 0.706645 5.93883 8.40426
6 28 9 14 0.419631 5.8042 13.8317
6 28 10 15 0.255266 5.00412 19.6035
6 28 11 16 0.187306 4.72606 25.2317
6 28 12 17 0.152024 4.58493 30.1593
6 28 13 18 0.12929 4.37422 33.8325
6 28 14 19 0.122825 4.39686 35.7978
6 28 15 20 0.125824 4.50421 35.7978
6 28 16 21 0.133995 4.5334 33.8325
6 28 17 22 0.158267 4.77321 30.1593
6 28 18 23 0.207448 5.23427 25.2317
6 28 19 24 0.28725 5.63112 19.6035
6 28 20 25 0.435928 6.02961 13.8317
6 28 21 26 0.893524 7.50941 8.40426
6 28 22 27 2.35624 8.72697 3.70377
6 62 9 21 0.482541 5.56947 11.542
6 62 10 22 0.306808 4.98717 16.255
6 62 11 23 0.219912 4.69314 21.3409
6 62 12 24 0.170675 4.56617 26.7536
6 62 13 25 0.134536 4.36428 32.4396
6 62 14 26 0.112112 4.29817 38.3381
6 62 15 27 0.099338 4.40872 44.381
6 62 16 28 0.0838652 4.23462 50.4932
6 62 17 29 0.0741363 4.19563 56.5934
6 62 18 30 0.0670047 4.19414 62.5948
6 62 19 31 0.0606914 4.15169 68.4065
6 62 20 32 0.0566687 4.18984 73.9358
6 62 21 33 0.0527219 4.16973 79.0892
6 62 22 34 0.0499109 4.18133 83.7758
6 62 23 35 0.0474698 4.17303 87.9092
6 62 24 36 0.0455653 4.16515 91.4105
6 62 25 37 0.0444958 4.19198 94.2106
6 62 26 38 0.0426781 4.10789 96.2531
6 62 27 39 0.0426228 4.15555 97.4958
6 62 28 40 0.0426093 4.172 97.913
6 62 29 41 0.0426086 4.15416 97.4958
6 62 30 42 0.0434713 4.18424 96.2531
6 62 31 43 0.0442838 4.172 94.2106
6 62 32 44 0.0454604 4.15555 91.4105
6 62 33 45 0.0470547 4.13654 87.9092
6 62 34 46 0.0493769 4.13659 83.7758
6 62 35 47 0.0517889 4.09594 79.0892
6 62 36 48 0.0558696 4.13076 73.9358
6 62 37 49 0.0602323 4.12028 68.4065
6 62 38 50 0.0658307 4.12065 62.5948
6 62 39 51 0.0737858 4.17579 56.5934
6 62 40 52 0.0835134 4.21686 50.4932
6 62 41 53 0.0968955 4.30032 44.381
6 62 42 54 0.113689 4.35862 38.3381
6 62 43 55 0.135825 4.40609 32.4396
6 62 44 56 0.16982 4.5433 26.7536
6 62 45 57 0.222491 4.74816 21.3409
6 62 46 58 0.312057 5.07249 16.255
6 62 47 59 0.482375 5.56755 11.542
7 19 8 11 1.7511 7.01607 4.00667
7 19 9 12 0.737331 6.75615 9.16298
7 19 10 13 0.406785 5.75078 14.1372
7 19 11 14 0.307756 5.30817 17.248
7 19 12 15 0.286343 4.93884 17.248
7 19 13 16 0.417324 5.89977 14.1372
7 19 14 17 0.753441 6.90377 9.16298
7 19 15 18 2.22986 8.93432 4.00667
7 29 8 13 1.86931 6.9235 3.70377
7 29 9 14 0.79091 6.64702 8.40426
7 29 10 15 0.400268 5.53638 13.8317
7 29 11 16 0.258967 5.07668 19.6035
7 29 12 17 0.191993 4.84431 25.2317
7 29 13 18 0.149751 4.51637 30.1593
7 29 14 19 0.131382 4.44499 33.8325
7 29 15 20 0.126759 4.53769 35.7978
7 29 16 21 0.123909 4.43565 35.7978
7 29 17 22 0.134701 4.55726 33.8325
7 29 18 23 0.161629 4.87462 30.1593
7 29 19 24 0.203653 5.1385 25.2317
7 29 20 25 0.27804 5.45056 19.6035
7 29 21 26 0.460229 6.36573 13.8317
7 29 22 27 0.829952 6.97513 8.40426
7 29 23 28 2.31931 8.59019 3.70377
7 63 10 22 0.471534 5.44243 11.542
7 63 11 23 0.307486 4.99819 16.255
7 63 12 24 0.224961 4.80088 21.3409
7 63 13 25 0.169203 4.52678 26.7536
7 63 14 26 0.136086 4.41457 32.4396
7 63 15 27 0.118015 4.52447 38.3381
7 63 16 28 0.0971802 4.31295 44.381
7 63 17 29 0.0843056 4.25686 50.4932
7 63 18 30 0.0748674 4.237 56.5934
7 63 19 31 0.0667766 4.17987 62.5948
7 63 20 32 0.061597 4.21364 68.4065
7 63 21 33 0.0566374 4.18753 73.9358
7 63 22 34 0.0530337 4.19439 79.0892
7 63 23 35 0.0498641 4.1774 83.7758
7 63 24 36 0.0474071 4.16752 87.9092
7 63 25 37 0.0458777 4.1937 91.4105
7 63 26 38 0.0436057 4.10812 94.2106
7 63 27 39 0.0432292 4.16095 96.2531
7 63 28 40 0.04282 4.17477 97.4958
7 63 29 41 0.042458 4.15719 97.913
7 63 30 42 0.0429288 4.18538 97.4958
7 63 31 43 0.0433217 4.16985 96.2531
7 63 32 44 0.0441277 4.1573 94.2106
7 63 33 45 0.045298 4.14071 91.4105
7 63 34 46 0.0470022 4.13193 87.9092
7 63 35 47 0.0488114 4.08921 83.7758
7 63 36 48 0.0520813 4.11907 79.0892
7 63 37 49 0.0555468 4.1069 73.9358
7 63 38 50 0.0600493 4.10777 68.4065
7 63 39 51 0.0663529 4.15335 62.5948
7 63 40 52 0.0739207 4.18343 56.5934
7 63 41 53 0.0841525 4.24913 50.4932
7 63 42 54 0.096614 4.28783 44.381
7 63 43 55 0.112536 4.3144 38.3381
7 63 44 56 0.136164 4.4171 32.4396
7 63 45 57 0.170759 4.56841 26.7536
7 63 46 58 0.225214 4.80629 21.3409
7 63 47 59 0.317604 5.16265 16.255
7 63 48 60 0.483088 5.57578 11.542
8 20 9 12 1.96117 7.85775 4.00667
8 20 10 13 0.679663 6.22774 9.16298
8 20 11 14 0.390158 5.51573 14.1372
8 20 12 15 0.290649 5.01309 17.248
8 20 13 16 0.314739 5.4286 17.248
8 20 14 17 0.428552 6.05851 14.1372
8 20 15 18 0.804493 7.37155 9.16298
8 20 16 19 2.15744 8.64414 4.00667
8 30 9 14 2.07702 7.69281 3.70377
8 30 10 15 0.716634 6.02278 8.40426
8 30 11 16 0.387154 5.35498 13.8317
8 30 12 17 0.257856 5.05489 19.6035
8 30 13 18 0.183531 4.63078 25.2317
8 30 14 19 0.148573 4.48087 30.1593
8 30 15 20 0.13539 4.5806 33.8325
8 30 16 21 0.122208 4.37477 35.7978
8 30 17 22 0.123037 4.40443 35.7978
8 30 18 23 0.136349 4.61305 33.8325
8 30 19 24 0.15808 4.76757 30.1593
8 30 20 25 0.198576 5.0104 25.2317
8 30 21 26 0.286649 5.61934 19.6035
8 30 22 27 0.430282 5.95152 13.8317
8 30 23 28 0.829434 6.97078 8.40426
8 30 24 29 2.31137 8.56079 3.70377
8 64 11 23 0.453101 5.22967 11.542
8 64 12 24 0.305382 4.96399 16.255
8 64 13 25 0.21625 4.61497 21.3409
8 64 14 26 0.166688 4.4595 26.7536
8 64 15 27 0.14108 4.57659 32.4396
8 64 16 28 0.112958 4.3306 38.3381
8 64 17 29 0.095982 4.25978 44.381
8 64 18 30 0.0838247 4.23258 50.4932
8 64 19 31 0.0735604 4.16303 56.5934
8 64 20 32 0.067064 4.19785 62.5948
8 64 21 33 0.0608956 4.16566 68.4065
8 64 22 34 0.0564298 4.17218 73.9358
8 64 23 35 0.052498 4.15202 79.0892
8 64 24 36 0.0494389 4.14179 83.7758
8 64 25 37 0.0474202 4.16867 87.9092
8 64 26 38 0.0446971 4.08578 91.4105
8 64 27 39 0.0439322 4.13888 94.2106
8 64 28 40 0.0431625 4.15453 96.2531
8 64 29 41 0.0424296 4.13671 97.4958
8 64 30 42 0.0425493 4.16613 97.913
8 64 31 43 0.0425755 4.15093 97.4958
8 64 32 44 0.0430251 4.1413 96.2531
8 64 33 45 0.0438024 4.12665 94.2106
8 64 34 46 0.0451047 4.12304 91.4105
8 64 35 47 0.0464429 4.08276 87.9092
8 64 36 48 0.0490731 4.11113 83.7758
8 64 37 49 0.0517894 4.09598 79.0892
8 64 38 50 0.0554651 4.10085 73.9358
8 64 39 51 0.0605517 4.14213 68.4065
8 64 40 52 0.0664791 4.16124 62.5948
8 64 41 53 0.0744958 4.21597 56.5934
8 64 42 54 0.0838943 4.23609 50.4932
8 64 43 55 0.095713 4.24784 44.381
8 64 44 56 0.112868 4.32715 38.3381
8 64 45 57 0.136804 4.43788 32.4396
8 64 46 58 0.172627 4.61839 26.7536
8 64 47 59 0.229057 4.8883 21.3409
8 64 48 60 0.319299 5.1902 16.255
8 64 49 61 0.482439 5.56829 11.542
9 21 10 13 1.67079 6.6943 4.00667
9 21 11 14 0.623833 5.71617 9.16298
9 21 12 15 0.361145 5.10556 14.1372
9 21 13 16 0.291349 5.02518 17.248
9 21 14 17 0.305461 5.26858 17.248
9 21 15 18 0.434025 6.13588 14.1372
9 21 16 19 0.733193 6.71823 9.16298
9 21 17 20 1.68646 6.75707 4.00667
9 31 10 15 1.76215 6.52661 3.70377
9 31 11 16 0.664101 5.58128 8.40426
9 31 12 17 0.375845 5.19856 13.8317
9 31 13 18 0.23875 4.68034 19.6035
9 31 14 19 0.176938 4.46445 25.2317
9 31 15 20 0.152148 4.58867 30.1593
9 31 16 21 0.127413 4.31069 33.8325
9 31 17 22 0.119461 4.27645 35.7978
9 31 18 23 0.12297 4.40205 35.7978
9 31 19 24 0.132129 4.47026 33.8325
9 31 20 25 0.154257 4.65227 30.1593
9 31 21 26 0.200099 5.04883 25.2317
9 31 22 27 0.265379 5.20236 19.6035
9 31 23 28 0.42063 5.81801 13.8317
9 31 24 29 0.79294 6.66407 8.40426
9 31 25 30 2.18706 8.10038 3.70377
10 22 11 14 2.04289 8.18519 4.00667
10 22 12 15 0.731238 6.70032 9.16298
10 22 13 16 0.40138 5.67438 14.1372
10 22 14 17 0.307762 5.30826 17.248
10 22 15 18 0.34048 5.87259 17.248
10 22 16 19 0.432892 6.11987 14.1372
10 22 17 20 0.683097 6.2592 9.16298
10 22 18 21 2.15364 8.6289 4.00667
10 32 11 16 2.15279 7.97344 3.70377
10 32 12 17 0.801547 6.73641 8.40426
10 32 13 18 0.403943 5.58721 13.8317
10 32 14 19 0.256368 5.02572 19.6035
10 32 15 20 0.202152 5.10064 25.2317
10 32 16 21 0.153139 4.61857 30.1593
10 32 17 22 0.131957 4.46443 33.8325
10 32 18 23 0.125296 4.48531 35.7978
10 32 19 24 0.124378 4.45246 35.7978
10 32 20 25 0.135587 4.58725 33.8325
10 32 21 26 0.161013 4.85605 30.1593
10 32 22 27 0.195196 4.92513 25.2317
10 32 23 28 0.273968 5.37075 19.6035
10 32 24 29 0.432116 5.97688 13.8317
10 32 25 30 0.820594 6.89649 8.40426
10 32 26 31 2.06489 7.6479 3.70377
11 23 12 15 2.12467 8.51284 4.00667
11 23 13 16 0.722783 6.62284 9.16298
11 23 14 17 0.395986 5.59811 14.1372
11 23 15 18 0.341512 5.89038 17.248
11 23 16 19 0.325486 5.61396 17.248
11 23 17 20 0.392487 5.54866 14.1372
11 23 18 21 0.750484 6.87667 9.16298
11 23 19 22 2.09549 8.39593 4.00667
11 33 12 17 2.27168 8.41379 3.70377
11 33 13 18 0.779149 6.54817 8.40426
11 33 14 19 0.401637 5.55531 13.8317
11 33 15 20 0.286585 5.61808 19.6035
11 33 16 21 0.195301 4.92778 25.2317
11 33 17 22 0.154371 4.65573 30.1593
11 33 18 23 0.135105 4.57094 33.8325
11 33 19 24 0.123784 4.43118 35.7978
11 33 20 25 0.125832 4.50449 35.7978
11 33 21 26 0.137377 4.64781 33.8325
11 33 22 27 0.153581 4.63188 30.1593
11 33 23 28 0.195112 4.92301 25.2317
11 33 24 29 0.273266 5.35698 19.6035
11 33 25 30 0.435009 6.0169 13.8317
11 33 26 31 0.773471 6.50045 8.40426
11 33 27 32 1.71335 6.34586 3.70377
12 24 13 16 2.04475 8.19264 4.00667
12 24 14 17 0.682537 6.25407 9.16298
12 24 15 18 0.454083 6.41945 14.1372
12 24 16 19 0.325201 5.60906 17.248
12 24 17 20 0.306296 5.28299 17.248
12 24 18 21 0.425124 6.01005 14.1372
12 24 19 22 0.773538 7.08791 9.16298
12 24 20 23 2.33704 9.36376 4.00667
12 34 13 18 2.17049 8.03901 3.70377
12 34 14 19 0.740872 6.22648 8.40426
12 34 15 20 0.454672 6.28887 13.8317
12 34 16 21 0.271861 5.32944 19.6035
12 34 17 22 0.195507 4.93297 25.2317
12 34 18 23 0.157176 4.74033 30.1593
12 34 19 24 0.132608 4.48648 33.8325
12 34 20 25 0.12587 4.50585 35.7978
12 34 21 26 0.126907 4.54298 35.7978
12 34 22 27 0.13194 4.46385 33.8325
12 34 23 28 0.153821 4.63912 30.1593
12 34 24 29 0.197026 4.97131 25.2317
12 34 25 30 0.281427 5.51696 19.6035
12 34 26 31 0.434095 6.00426 13.8317
12 34 27 32 0.745386 6.26442 8.40426
12 34 28 33 2.34686 8.69224 3.70377
13 25 14 17 1.74211 6.98006 4.00667
13 25 15 18 0.800114 7.33143 9.16298
13 25 16 19 0.422386 5.97134 14.1372
13 25 17 20 0.311311 5.36948 17.248
13 25 18 21 0.321327 5.54223 17.248
13 25 19 22 0.424372 5.99941 14.1372
13 25 20 23 0.80263 7.35448 9.16298
13 25 21 24 2.121 8.49815 4.00667
13 35 14 19 1.87062 6.92836 3.70377
13 35 15 20 0.853982 7.17708 8.40426
13 35 16 21 0.4228 5.84803 13.8317
13 35 17 22 0.27182 5.32864 19.6035
13 35 18 23 0.199102 5.02367 25.2317
13 35 19 24 0.153515 4.62992 30.1593
13 35 20 25 0.135374 4.58003 33.8325
13 35 21 26 0.125701 4.49982 35.7978
13 35 22 27 0.121235 4.33995 35.7978
13 35 23 28 0.129442 4.37934 33.8325
13 35 24 29 0.151485 4.56869 30.1593
13 35 25 30 0.195415 4.93065 25.2317
13 35 26 31 0.267392 5.24183 19.6035
13 35 27 32 0.39165 5.41718 13.8317
13 35 28 33 0.790603 6.64443 8.40426
13 35 29 34 2.17387 8.05154 3.70377
14 26 15 18 2.24522 8.99587 4.00667
14 26 16 19 0.710193 6.50749 9.16298
14 26 17 20 0.402462 5.68968 14.1372
14 26 18 21 0.31322 5.4024 17.248
14 26 19 22 0.303472 5.23427 17.248
14 26 20 23 0.4148 5.8641 14.1372
14 26 21 24 0.672304 6.16031 9.16298
14 26 22 25 1.51816 6.08277 4.00667
14 36 15 20 2.36891 8.7739 3.70377
14 36 16 21 0.761919 6.40336 8.40426
14 36 17 22 0.415898 5.75257 13.8317
14 36 18 23 0.272666 5.34521 19.6035
14 36 19 24 0.1909 4.81673 25.2317
14 36 20 25 0.156259 4.71266 30.1593
14 36 21 26 0.134358 4.54567 33.8325
14 36 22 27 0.12122 4.33941 35.7978
14 36 23 28 0.119804 4.28873 35.7978
14 36 24 29 0.129899 4.39481 33.8325
14 36 25 30 0.154296 4.65346 30.1593
14 36 26 31 0.19321 4.87501 25.2317
14 36 27 32 0.256943 5.03699 19.6035
14 36 28 33 0.425273 5.88224 13.8317
14 36 29 34 0.840074 7.0602 8.40426
14 36 30 35 2.46629 9.13458 3.70377
15 27 16 19 1.62544 6.5126 4.00667
15 27 17 20 0.647114 5.92949 9.16298
15 27 18 21 0.394839 5.5819 14.1372
15 27 19 22 0.300974 5.19119 17.248
15 27 20 23 0.332101 5.72806 17.248
15 27 21 24 0.431508 6.1003 14.1372
15 27 22 25 0.699974 6.41384 9.16298
15 27 23 26 2.18922 8.77149 4.00667
15 37 16 21 1.72975 6.40659 3.70377
15 37 17 22 0.699104 5.87546 8.40426
15 37 18 23 0.394533 5.45706 13.8317
15 37 19 24 0.246917 4.84045 19.6035
15 37 20 25 0.18685 4.71453 25.2317
15 37 21 26 0.148899 4.49067 30.1593
15 37 22 27 0.126085 4.26579 33.8325
15 37 23 28 0.115833 4.14657 35.7978
15 37 24 29 0.116683 4.17698 35.7978
15 37 25 30 0.128096 4.3338 33.8325
15 37 26 31 0.147264 4.44139 30.1593
15 37 27 32 0.179942 4.54024 25.2317
15 37 28 33 0.255708 5.01279 19.6035
15 37 29 34 0.410368 5.67608 13.8317
15 37 30 35 0.783497 6.58471 8.40426
15 37 31 36 1.91422 7.08985 3.70377
16 28 17 20 2.13026 8.53526 4.00667
16 28 18 21 0.804795 7.37432 9.16298
16 28 19 22 0.422889 5.97846 14.1372
16 28 20 23 0.343376 5.92253 17.248
16 28 21 24 0.339266 5.85165 17.248
16 28 22 25 0.428237 6.05405 14.1372
16 28 23 26 0.827586 7.58316 9.16298
16 28 24 27 2.21408 8.87109 4.00667
16 38 17 22 2.26339 8.38307 3.70377
16 38 18 23 0.861606 7.24116 8.40426
16 38 19 24 0.42672 5.90225 13.8317
16 38 20 25 0.280226 5.49342 19.6035
16 38 21 26 0.198763 5.01513 25.2317
16 38 22 27 0.154444 4.65793 30.1593
16 38 23 28 0.129961 4.39691 33.8325
16 38 24 29 0.120855 4.32634 35.7978
16 38 25 30 0.122709 4.39269 35.7978
16 38 26 31 0.130713 4.42237 33.8325
16 38 27 32 0.149625 4.51258 30.1593
16 38 28 33 0.192565 4.85873 25.2317
16 38 29 34 0.27434 5.37804 19.6035
16 38 30 35 0.439479 6.07872 13.8317
16 38 31 36 0.782774 6.57864 8.40426
16 38 32 37 2.12052 7.85394 3.70377
17 29 18 21 2.30335 9.22874 4.00667
17 29 19 22 0.74867 6.86005 9.16298
17 29 20 23 0.44525 6.29457 14.1372
17 29 21 24 0.332493 5.73482 17.248
17 29 22 25 0.32719 5.64335 17.248
17 29 23 26 0.450541 6.36937 14.1372
17 29 24 27 0.76443 7.00445 9.16298
17 29 25 28 2.19321 8.78747 4.00667
17 39 18 23 2.4313 9.00498 3.70377
17 39 19 24 0.80757 6.78703 8.40426
17 39 20 25 0.441548 6.10735 13.8317
17 39 21 26 0.276067 5.4119 19.6035
17 39 22 27 0.196904 4.96821 25.2317
17 39 23 28 0.152134 4.58825 30.1593
17 39 24 29 0.131017 4.43264 33.8325
17 39 25 30 0.123408 4.41774 35.7978
17 39 26 31 0.122054 4.36928 35.7978
17 39 27 32 0.131645 4.45389 33.8325
17 39 28 33 0.155632 4.69375 30.1593
17 39 29 34 0.201522 5.08475 25.2317
17 39 30 35 0.287345 5.63298 19.6035
17 39 31 36 0.437772 6.05512 13.8317
17 39 32 37 0.826758 6.94829 8.40426
17 39 33 38 1.9709 7.29977 3.70377
18 30 19 22 2.18976 8.77365 4.00667
18 30 20 23 0.794636 7.28123 9.16298
18 30 21 24 0.43096 6.09256 14.1372
18 30 22 25 0.328924 5.67327 17.248
18 30 23 26 0.334546 5.77023 17.248
18 30 24 27 0.41995 5.93691 14.1372
18 30 25 28 0.773972 7.09189 9.16298
18 30 26 29 2.17284 8.70584 4.00667
18 40 19 24 2.32243 8.60176 3.70377
18 40 20 25 0.846313 7.11263 8.40426
18 40 21 26 0.432503 5.98225 13.8317
18 40 22 27 0.275915 5.40892 19.6035
18 40 23 28 0.192926 4.86786 25.2317
18 40 24 29 0.152267 4.59226 30.1593
18 40 25 30 0.132094 4.46909 33.8325
18 40 26 31 0.120617 4.31783 35.7978
18 40 27 32 0.122307 4.3783 35.7978
18 40 28 33 0.133143 4.50457 33.8325
18 40 29 34 0.15739 4.74677 30.1593
18 40 30 35 0.20321 5.12732 25.2317
18 40 31 36 0.276546 5.42128 19.6035
18 40 32 37 0.437623 6.05306 13.8317
18 40 33 38 0.743332 6.24716 8.40426
18 40 34 39 2.11309 7.82641 3.70377
19 31 20 23 2.16273 8.66534 4.00667
19 31 21 24 0.738154 6.76369 9.16298
19 31 22 25 0.433386 6.12685 14.1372
19 31 23 26 0.329217 5.67833 17.248
19 31 24 27 0.312007 5.38149 17.248
19 31 25 28 0.418224 5.9125 14.1372
19 31 26 29 0.731173 6.69972 9.16298
19 31 27 30 2.06882 8.28906 4.00667
19 41 20 25 2.28733 8.47174 3.70377
19 41 21 26 0.795775 6.6879 8.40426
19 41 22 27 0.435363 6.0218 13.8317
19 41 23 28 0.270482 5.3024 19.6035
19 41 24 29 0.194135 4.89835 25.2317
19 41 25 30 0.154231 4.6515 30.1593
19 41 26 31 0.129571 4.38372 33.8325
19 41 27 32 0.123652 4.42646 35.7978
19 41 28 33 0.124559 4.45894 35.7978
19 41 29 34 0.135569 4.58664 33.8325
19 41 30 35 0.160539 4.84174 30.1593
19 41 31 36 0.199922 5.04437 25.2317
19 41 32 37 0.28285 5.54485 19.6035
19 41 33 38 0.409593 5.66536 13.8317
19 41 34 39 0.793418 6.66809 8.40426
19 41 35 40 2.44638 9.06084 3.70377
20 32 21 24 1.70687 6.83885 4.00667
20 32 22 25 0.698374 6.39919 9.16298
20 32 23 26 0.407738 5.76426 14.1372
20 32 24 27 0.30541 5.2677 17.248
20 32 25 28 0.315775 5.44647 17.248
20 32 26 29 0.415471 5.87358 14.1372
20 32 27 30 0.766248 7.02111 9.16298
20 32 28 31 1.94106 7.7772 4.00667
20 42 21 26 1.82591 6.76275 3.70377
20 42 22 27 0.744036 6.25307 8.40426
20 42 23 28 0.395953 5.4767 13.8317
20 42 24 29 0.256261 5.02362 19.6035
20 42 25 30 0.186287 4.70033 25.2317
20 42 26 31 0.143978 4.34227 30.1593
20 42 27 32 0.12966 4.38673 33.8325
20 42 28 33 0.121361 4.34447 35.7978
20 42 29 34 0.121728 4.35758 35.7978
20 42 30 35 0.132445 4.48096 33.8325
20 42 31 36 0.151188 4.55972 30.1593
20 42 32 37 0.193607 4.88502 25.2317
20 42 33 38 0.248168 4.86496 19.6035
20 42 34 39 0.385454 5.33147 13.8317
20 42 35 40 0.777178 6.53161 8.40426
20 42 36 41 2.15376 7.97705 3.70377
21 33 22 25 2.16575 8.67744 4.00667
21 33 23 26 0.762916 6.99058 9.16298
21 33 24 27 0.418742 5.91983 14.1372
21 33 25 28 0.316891 5.46572 17.248
21 33 26 29 0.309766 5.34283 17.248
21 33 27 30 0.435027 6.15005 14.1372
21 33 28 31 0.723681 6.63108 9.16298
21 33 29 32 1.58509 6.35093 4.00667
21 43 22 27 2.28533 8.46434 3.70377
21 43 23 28 0.801976 6.74001 8.40426
21 43 24 29 0.425124 5.88017 13.8317
21 43 25 30 0.268008 5.25391 19.6035
21 43 26 31 0.184144 4.64627 25.2317
21 43 27 32 0.154269 4.65263 30.1593
21 43 28 33 0.133269 4.50884 33.8325
21 43 29 34 0.122931 4.40067 35.7978
21 43 30 35 0.123092 4.4064 35.7978
21 43 31 36 0.129699 4.38806 33.8325
21 43 32 37 0.152718 4.60585 30.1593
21 43 33 38 0.178534 4.50472 25.2317
21 43 34 39 0.240427 4.71321 19.6035
21 43 35 40 0.387187 5.35544 13.8317
21 43 36 41 0.719406 6.04608 8.40426
21 43 37 42 2.12161 7.85795 3.70377
22 34 23 26 2.11325 8.46708 4.00667
22 34 24 27 0.767985 7.03703 9.16298
22 34 25 28 0.422035 5.96638 14.1372
22 34 26 29 0.304501 5.25202 17.248
22 34 27 30 0.337045 5.81334 17.248
22 34 28 31 0.437784 6.18903 14.1372
22 34 29 32 0.686871 6.29378 9.16298
22 34 30 33 2.21226 8.86378 4.00667
22 44 23 28 2.21631 8.2087 3.70377
22 44 24 29 0.827926 6.9581 8.40426
22 44 25 30 0.429686 5.94328 13.8317
22 44 26 31 0.256414 5.02663 19.6035
22 44 27 32 0.198866 5.01771 25.2317
22 44 28 33 0.158624 4.78399 30.1593
22 44 29 34 0.135097 4.57068 33.8325
22 44 30 35 0.12535 4.48724 35.7978
22 44 31 36 0.12295 4.40133 35.7978
22 44 32 37 0.135159 4.57276 33.8325
22 44 33 38 0.147336 4.44356 30.1593
22 44 34 39 0.180875 4.56379 25.2317
22 44 35 40 0.256575 5.02978 19.6035
22 44 36 41 0.400657 5.54176 13.8317
22 44 37 42 0.804179 6.75853 8.40426
22 44 38 43 2.29341 8.49426 3.70377
23 35 24 27 2.29767 9.20599 4.00667
23 35 25 28 0.774369 7.09552 9.16298
23 35 26 29 0.391664 5.53702 14.1372
23 35 27 30 0.335079 5.77943 17.248
23 35 28 31 0.332204 5.72985 17.248
23 35 29 32 0.391468 5.53425 14.1372
23 35 30 33 0.734308 6.72845 9.16298
23 35 31 34 2.04821 8.2065 4.00667
23 45 24 29 2.43394 9.01475 3.70377
23 45 25 30 0.841336 7.07081 8.40426
23 45 26 31 0.40389 5.58647 13.8317
23 45 27 32 0.283686 5.56124 19.6035
23 45 28 33 0.206378 5.20728 25.2317
23 45 29 34 0.160648 4.84503 30.1593
23 45 30 35 0.137114 4.6389 33.8325
23 45 31 36 0.124401 4.45326 35.7978
23 45 32 37 0.127098 4.54983 35.7978
23 45 33 38 0.129111 4.36816 33.8325
23 45 34 39 0.145459 4.38695 30.1593
23 45 35 40 0.185499 4.68046 25.2317
23 45 36 41 0.256451 5.02735 19.6035
23 45 37 42 0.421798 5.83417 13.8317
23 45 38 43 0.803384 6.75185 8.40426
23 45 39 44 2.08062 7.70615 3.70377
24 36 25 28 2.09402 8.39003 4.00667
24 36 26 29 0.648947 5.94629 9.16298
24 36 27 30 0.435132 6.15153 14.1372
24 36 28 31 0.339024 5.84747 17.248
24 36 29 32 0.312282 5.38623 17.248
24 36 30 33 0.421951 5.96519 14.1372
24 36 31 34 0.783425 7.17851 9.16298
24 36 32 35 2.35958 9.45404 4.00667
24 46 25 30 2.23391 8.27389 3.70377
24 46 26 31 0.714338 6.00348 8.40426
24 46 27 32 0.438107 6.05975 13.8317
24 46 28 33 0.287442 5.63487 19.6035
24 46 29 34 0.203646 5.13832 25.2317
24 46 30 35 0.159686 4.81602 30.1593
24 46 31 36 0.134026 4.53445 33.8325
24 46 32 37 0.12751 4.56457 35.7978
24 46 33 38 0.12096 4.33009 35.7978
24 46 34 39 0.126017 4.26349 33.8325
24 46 35 40 0.146263 4.41119 30.1593
24 46 36 41 0.183472 4.6293 25.2317
24 46 37 42 0.263566 5.16683 19.6035
24 46 38 43 0.413902 5.72495 13.8317
24 46 39 44 0.730381 6.13831 8.40426
24 46 40 45 2.08348 7.71672 3.70377
25 37 26 29 1.49521 5.9908 4.00667
25 37 27 30 0.705426 6.46381 9.16298
25 37 28 31 0.430057 6.07978 14.1372
25 37 29 32 0.309976 5.34645 17.248
25 37 30 33 0.306515 5.28677 17.248
25 37 31 34 0.40698 5.75354 14.1372
25 37 32 35 0.74493 6.82578 9.16298
25 37 33 36 1.80327 7.22511 4.00667
25 47 26 31 1.6294 6.03491 3.70377
25 47 27 32 0.760818 6.39412 8.40426
25 47 28 33 0.433728 5.99918 13.8317
25 47 29 34 0.275962 5.40983 19.6035
25 47 30 35 0.198221 5.00145 25.2317
25 47 31 36 0.153925 4.64227 30.1593
25 47 32 37 0.136819 4.62894 33.8325
25 47 33 38 0.121822 4.36095 35.7978
25 47 34 39 0.118407 4.23872 35.7978
25 47 35 40 0.126871 4.29237 33.8325
25 47 36 41 0.147155 4.4381 30.1593
25 47 37 42 0.191676 4.83632 25.2317
25 47 38 43 0.268411 5.26181 19.6035
25 47 39 44 0.398134 5.50686 13.8317
25 47 40 45 0.7602 6.38891 8.40426
25 47 41 46 2.26436 8.38669 3.70377
26 38 27 30 2.1961 8.79905 4.00667
26 38 28 31 0.837199 7.67124 9.16298
26 38 29 32 0.44435 6.28186 14.1372
26 38 30 33 0.327422 5.64736 17.248
26 38 31 34 0.324822 5.60252 17.248
26 38 32 35 0.448313 6.33788 14.1372
26 38 33 36 0.735293 6.73747 9.16298
26 38 34 37 1.98857 7.96755 4.00667
26 48 27 32 2.32793 8.62214 3.70377
26 48 28 33 0.891944 7.49613 8.40426
26 48 29 34 0.457936 6.33402 13.8317
26 48 30 35 0.286232 5.61117 19.6035
26 48 31 36 0.199297 5.0286 25.2317
26 48 32 37 0.162319 4.89541 30.1593
26 48 33 38 0.133885 4.52966 33.8325
26 48 34 39 0.120464 4.31235 35.7978
26 48 35 40 0.118269 4.23377 35.7978
26 48 36 41 0.126553 4.28162 33.8325
26 48 37 42 0.150019 4.52447 30.1593
26 48 38 43 0.191095 4.82164 25.2317
26 48 39 44 0.251165 4.92373 19.6035
26 48 40 45 0.387282 5.35675 13.8317
26 48 41 46 0.742212 6.23774 8.40426
26 48 42 47 1.96321 7.2713 3.70377
27 39 28 31 2.23968 8.97365 4.00667
27 39 29 32 0.772386 7.07736 9.16298
27 39 30 33 0.426213 6.02545 14.1372
27 39 31 34 0.320467 5.5274 17.248
27 39 32 35 0.344053 5.93421 17.248
27 39 33 36 0.437329 6.18259 14.1372
27 39 34 37 0.764285 7.00312 9.16298
27 39 35 38 1.82567 7.31484 4.00667
27 49 28 33 2.35763 8.73214 3.70377
27 49 29 34 0.832217 6.99417 8.40426
27 49 30 35 0.43408 6.00405 13.8317
27 49 31 36 0.267961 5.25298 19.6035
27 49 32 37 0.200006 5.04648 25.2317
27 49 33 38 0.153589 4.63213 30.1593
27 49 34 39 0.129103 4.36789 33.8325
27 49 35 40 0.117549 4.20798 35.7978
27 49 36 41 0.117373 4.20169 35.7978
27 49 37 42 0.128735 4.35544 33.8325
27 49 38 43 0.15245 4.59778 30.1593
27 49 39 44 0.184429 4.65345 25.2317
27 49 40 45 0.25089 4.91832 19.6035
27 49 41 46 0.395005 5.46357 13.8317
27 49 42 47 0.71265 5.9893 8.40426
27 49 43 48 1.98629 7.35677 3.70377
28 40 29 32 2.19151 8.78064 4.00667
28 40 30 33 0.773389 7.08655 9.16298
28 40 31 34 0.419468 5.93008 14.1372
28 40 32 35 0.33994 5.86328 17.248
28 40 33 36 0.332218 5.73009 17.248
28 40 34 37 0.432683 6.11692 14.1372
28 40 35 38 0.676345 6.19733 9.16298
28 40 36 39 1.98127 7.9383 4.00667
28 50 29 34 2.32383 8.60694 3.70377
28 50 30 35 0.83584 7.02461 8.40426
28 50 31 36 0.425238 5.88176 13.8317
28 50 32 37 0.281541 5.51921 19.6035
28 50 33 38 0.197474 4.98261 25.2317
28 50 34 39 0.153455 4.62811 30.1593
28 50 35 40 0.128513 4.34794 33.8325
28 50 36 41 0.119317 4.2713 35.7978
28 50 37 42 0.120967 4.33034 35.7978
28 50 38 43 0.134102 4.53702 33.8325
28 50 39 44 0.151383 4.5656 30.1593
28 50 40 45 0.188061 4.7451 25.2317
28 50 41 46 0.262805 5.15191 19.6035
28 50 42 47 0.397522 5.49839 13.8317
28 50 43 48 0.760735 6.39341 8.40426
28 50 44 49 2.11048 7.81672 3.70377
29 41 30 33 2.18468 8.75328 4.00667
29 41 31 34 0.737673 6.75928 9.16298
29 41 32 35 0.442191 6.25133 14.1372
29 41 33 36 0.333548 5.75303 17.248
29 41 34 37 0.335331 5.78377 17.248
29 41 35 38 0.396946 5.61169 14.1372
29 41 36 39 0.732056 6.70781 9.16298
29 41 37 40 2.31513 9.27597 4.00667
29 51 30 35 2.31869 8.58791 3.70377
29 51 31 36 0.797686 6.70396 8.40426
29 51 32 37 0.440618 6.09448 13.8317
29 51 33 38 0.276068 5.41192 19.6035
29 51 34 39 0.196624 4.96115 25.2317
29 51 35 40 0.150398 4.5359 30.1593
29 51 36 41 0.129244 4.37265 33.8325
29 51 37 42 0.120596 4.31707 35.7978
29 51 38 43 0.124921 4.4719 35.7978
29 51 39 44 0.131857 4.46105 33.8325
29 51 40 45 0.150852 4.54958 30.1593
29 51 41 46 0.191651 4.83569 25.2317
29 51 42 47 0.257128 5.04062 19.6035
29 51 43 48 0.409401 5.66271 13.8317
29 51 44 49 0.773866 6.50377 8.40426
29 51 45 50 1.99848 7.40192 3.70377
30 42 31 34 2.04831 8.20691 4.00667
30 42 32 35 0.770664 7.06158 9.16298
30 42 33 36 0.432957 6.12078 14.1372
30 42 34 37 0.332479 5.73458 17.248
30 42 35 38 0.294773 5.08424 17.248
30 42 36 39 0.381351 5.39122 14.1372
30 42 37 40 0.722423 6.61954 9.16298
30 42 38 41 2.05065 8.21626 4.00667
30 52 31 36 2.18634 8.09772 3.70377
30 52 32 37 0.827613 6.95547 8.40426
30 52 33 38 0.43597 6.03019 13.8317
30 52 34 39 0.279173 5.47278 19.6035
30 52 35 40 0.192426 4.85523 25.2317
30 52 36 41 0.151907 4.5814 30.1593
30 52 37 42 0.129651 4.38643 33.8325
30 52 38 43 0.125163 4.48057 35.7978
30 52 39 44 0.123518 4.42168 35.7978
30 52 40 45 0.130628 4.41947 33.8325
30 52 41 46 0.152429 4.59714 30.1593
30 52 42 47 0.18541 4.6782 25.2317
30 52 43 48 0.26031 5.103 19.6035
30 52 44 49 0.408234 5.64656 13.8317
30 52 45 50 0.734789 6.17536 8.40426
30 52 46 51 2.19879 8.14383 3.70377
31 43 32 35 1.94928 7.81013 4.00667
31 43 33 36 0.723431 6.62879 9.16298
31 43 34 37 0.435632 6.15861 14.1372
31 43 35 38 0.299337 5.16295 17.248
31 43 36 39 0.288665 4.97888 17.248
31 43 37 40 0.381542 5.39392 14.1372
31 43 38 41 0.679448 6.22576 9.16298
31 43 39 42 2.02542 8.11519 4.00667
31 53 32 37 2.07619 7.68974 3.70377
31 53 33 38 0.777972 6.53828 8.40426
31 53 34 39 0.43366 5.99825 13.8317
31 53 35 40 0.26564 5.20749 19.6035
31 53 36 41 0.191766 4.83859 25.2317
31 53 37 42 0.149157 4.49846 30.1593
31 53 38 43 0.134152 4.5387 33.8325
31 53 39 44 0.123787 4.43129 35.7978
31 53 40 45 0.1213 4.34227 35.7978
31 53 41 46 0.130732 4.42298 33.8325
31 53 42 47 0.145679 4.39357 30.1593
31 53 43 48 0.184794 4.66267 25.2317
31 53 44 49 0.255277 5.00434 19.6035
31 53 45 50 0.379362 5.24721 13.8317
31 53 46 51 0.732432 6.15555 8.40426
31 53 47 52 2.02969 7.51751 3.70377
32 44 33 36 1.60714 6.43927 4.00667
32 44 34 37 0.706365 6.47241 9.16298
32 44 35 38 0.381104 5.38774 14.1372
32 44 36 39 0.29136 5.02536 17.248
32 44 37 40 0.29249 5.04485 17.248
32 44 38 41 0.400783 5.66594 14.1372
32 44 39 42 0.764224 7.00256 9.16298
32 44 40 43 2.17324 8.70745 4.00667
32 54 33 38 1.71994 6.37028 3.70377
32 54 34 39 0.744613 6.25792 8.40426
32 54 35 40 0.388657 5.37578 13.8317
32 54 36 41 0.254029 4.97987 19.6035
32 54 37 42 0.179827 4.53733 25.2317
32 54 38 43 0.150958 4.55279 30.1593
32 54 39 44 0.130968 4.43098 33.8325
32 54 40 45 0.119909 4.29248 35.7978
32 54 41 46 0.120576 4.31635 35.7978
32 54 42 47 0.1247 4.2189 33.8325
32 54 43 48 0.145709 4.39448 30.1593
32 54 44 49 0.183932 4.64092 25.2317
32 54 45 50 0.243128 4.76618 19.6035
32 54 46 51 0.382983 5.29729 13.8317
32 54 47 52 0.719436 6.04632 8.40426
32 54 48 53 1.97918 7.33044 3.70377
33 45 34 37 2.24615 8.99958 4.00667
33 45 35 38 0.72968 6.68604 9.16298
33 45 36 39 0.408628 5.77685 14.1372
33 45 37 40 0.294668 5.08242 17.248
33 45 38 41 0.308445 5.32005 17.248
33 45 39 42 0.431273 6.09698 14.1372
33 45 40 43 0.752223 6.8926 9.16298
33 45 41 44 1.96094 7.85685 4.00667
33 55 34 39 2.35045 8.70552 3.70377
33 55 35 40 0.786903 6.61334 8.40426
33 55 36 41 0.421684 5.8326 13.8317
33 55 37 42 0.255134 5.00152 19.6035
33 55 38 43 0.194195 4.89986 25.2317
33 55 39 44 0.15547 4.68888 30.1593
33 55 40 45 0.131465 4.44779 33.8325
33 55 41 46 0.122607 4.38905 35.7978
33 55 42 47 0.11739 4.2023 35.7978
33 55 43 48 0.127172 4.30253 33.8325
33 55 44 49 0.148858 4.48945 30.1593
33 55 45 50 0.180476 4.55372 25.2317
33 55 46 51 0.250442 4.90955 19.6035
33 55 47 52 0.391135 5.41005 13.8317
33 55 48 53 0.735407 6.18055 8.40426
33 55 49 54 1.97587 7.31818 3.70377
34 46 35 38 2.03823 8.16651 4.00667
34 46 36 39 0.76815 7.03854 9.16298
34 46 37 40 0.393777 5.5669 14.1372
34 46 38 41 0.314157 5.41857 17.248
34 46 39 42 0.329362 5.68082 17.248
34 46 40 43 0.416791 5.89224 14.1372
34 46 41 44 0.680309 6.23365 9.16298
34 46 42 45 1.95569 7.83581 4.00667
34 56 35 40 2.16704 8.02623 3.70377
34 56 36 41 0.83428 7.0115 8.40426
34 56 37 42 0.408738 5.65352 13.8317
34 56 38 43 0.276218 5.41486 19.6035
34 56 39 44 0.201738 5.0902 25.2317
34 56 40 45 0.156341 4.71514 30.1593
34 56 41 46 0.134723 4.55801 33.8325
34 56 42 47 0.119015 4.26049 35.7978
34 56 43 48 0.119442 4.27575 35.7978
34 56 44 49 0.130384 4.41122 33.8325
34 56 45 50 0.146628 4.42219 30.1593
34 56 46 51 0.184903 4.66542 25.2317
34 56 47 52 0.256893 5.03601 19.6035
34 56 48 53 0.402078 5.56142 13.8317
34 56 49 54 0.745485 6.26525 8.40426
34 56 50 55 1.9189 7.10718 3.70377
35 47 36 39 2.31628 9.28057 4.00667
35 47 37 40 0.71198 6.52385 9.16298
35 47 38 41 0.426356 6.02746 14.1372
35 47 39 42 0.341368 5.8879 17.248
35 47 40 43 0.328504 5.66602 17.248
35 47 41 44 0.40038 5.66023 14.1372
35 47 42 45 0.701125 6.4244 9.16298
35 47 43 46 2.13721 8.5631 4.00667
35 57 36 41 2.45666 9.0989 3.70377
35 57 37 42 0.780394 6.55864 8.40426
35 57 38 43 0.441432 6.10574 13.8317
35 57 39 44 0.287694 5.63982 19.6035
35 57 40 45 0.202176 5.10123 25.2317
35 57 41 46 0.160043 4.82678 30.1593
35 57 42 47 0.129879 4.39413 33.8325
35 57 43 48 0.120535 4.31489 35.7978
35 57 44 49 0.122805 4.39614 35.7978
35 57 45 50 0.128738 4.35554 33.8325
35 57 46 51 0.149346 4.50417 30.1593
35 57 47 52 0.189634 4.7848 25.2317
35 57 48 53 0.263502 5.16558 19.6035
35 57 49 54 0.409658 5.66626 13.8317
35 57 50 55 0.73409 6.16949 8.40426
35 57 51 56 1.94761 7.21352 3.70377
36 48 37 40 1.77232 7.10112 4.00667
36 48 38 41 0.718967 6.58788 9.16298
36 48 39 42 0.43983 6.21795 14.1372
36 48 40 43 0.327151 5.64269 17.248
36 48 41 44 0.307012 5.29532 17.248
36 48 42 45 0.379319 5.36249 14.1372
36 48 43 46 0.684585 6.27283 9.16298
36 48 44 47 1.85917 7.44908 4.00667
36 58 37 42 1.91051 7.07609 3.70377
36 58 38 43 0.786902 6.61333 8.40426
36 58 39 44 0.439789 6.08302 13.8317
36 58 40 45 0.276914 5.42849 19.6035
36 58 41 46 0.200778 5.06596 25.2317
36 58 42 47 0.149545 4.51017 30.1593
36 58 43 48 0.128421 4.3448 33.8325
36 58 44 49 0.122455 4.38362 35.7978
36 58 45 50 0.119965 4.29448 35.7978
36 58 46 51 0.128966 4.36324 33.8325
36 58 47 52 0.151324 4.56383 30.1593
36 58 48 53 0.191481 4.8314 25.2317
36 58 49 54 0.265111 5.19711 19.6035
36 58 50 55 0.401682 5.55593 13.8317
36 58 51 56 0.739641 6.21613 8.40426
36 58 52 57 2.04074 7.55843 3.70377
37 49 38 41 1.97588 7.91671 4.00667
37 49 39 42 0.774773 7.09923 9.16298
37 49 40 43 0.43501 6.14981 14.1372
37 49 41 44 0.319983 5.51906 17.248
37 49 42 45 0.294541 5.08022 17.248
37 49 43 46 0.386071 5.45795 14.1372
37 49 44 47 0.669377 6.13349 9.16298
37 49 45 48 1.88004 7.5327 4.00667
37 59 38 43 2.11756 7.84297 3.70377
37 59 39 44 0.823982 6.92496 8.40426
37 59 40 45 0.433916 6.00178 13.8317
37 59 41 46 0.280424 5.4973 19.6035
37 59 42 47 0.188394 4.75351 25.2317
37 59 43 48 0.148127 4.46741 30.1593
37 59 44 49 0.131576 4.45154 33.8325
37 59 45 50 0.120215 4.30342 35.7978
37 59 46 51 0.119714 4.2855 35.7978
37 59 47 52 0.130345 4.4099 33.8325
37 59 48 53 0.151546 4.57053 30.1593
37 59 49 54 0.191174 4.82364 25.2317
37 59 50 55 0.258604 5.06956 19.6035
37 59 51 56 0.395415 5.46925 13.8317
37 59 52 57 0.739812 6.21757 8.40426
37 59 53 58 2.02657 7.50595 3.70377
38 50 39 42 1.87287 7.50396 4.00667
38 50 40 43 0.707308 6.48105 9.16298
38 50 41 44 0.409615 5.7908 14.1372
38 50 42 45 0.291599 5.02949 17.248
38 50 43 46 0.295538 5.09743 17.248
38 50 44 47 0.394723 5.58027 14.1372
38 50 45 48 0.711541 6.51984 9.16298
38 50 46 49 1.98676 7.96028 4.00667
38 60 39 44 1.97832 7.32724 3.70377
38 60 40 45 0.746855 6.27677 8.40426
38 60 41 46 0.412966 5.71202 13.8317
38 60 42 47 0.246862 4.83938 19.6035
38 60 43 48 0.177338 4.47454 25.2317
38 60 44 49 0.147153 4.43804 30.1593
38 60 45 50 0.126057 4.26483 33.8325
38 60 46 51 0.117246 4.19716 35.7978
38 60 47 52 0.119394 4.27405 35.7978
38 60 48 53 0.129049 4.36606 33.8325
38 60 49 54 0.15069 4.5447 30.1593
38 60 50 55 0.187243 4.72447 25.2317
38 60 51 56 0.25415 4.98223 19.6035
38 60 52 57 0.393672 5.44515 13.8317
38 60 53 58 0.7379 6.2015 8.40426
38 60 54 59 2.01702 7.47058 3.70377
39 51 40 43 2.02414 8.11007 4.00667
39 51 41 44 0.752456 6.89474 9.16298
39 51 42 45 0.384054 5.42944 14.1372
39 51 43 46 0.29005 5.00277 17.248
39 51 44 47 0.301698 5.20368 17.248
39 51 45 48 0.406466 5.74627 14.1372
39 51 46 49 0.716047 6.56113 9.16298
39 51 47 50 1.87779 7.52367 4.00667
39 61 40 45 2.12401 7.86687 3.70377
39 61 41 46 0.802585 6.74513 8.40426
39 61 42 47 0.387268 5.35656 13.8317
39 61 43 48 0.241842 4.74096 19.6035
39 61 44 49 0.183256 4.62385 25.2317
39 61 45 50 0.145039 4.37428 30.1593
39 61 46 51 0.124963 4.22782 33.8325
39 61 47 52 0.118684 4.24863 35.7978
39 61 48 53 0.119249 4.26884 35.7978
39 61 49 54 0.12963 4.38571 33.8325
39 61 50 55 0.149655 4.5135 30.1593
39 61 51 56 0.185405 4.67808 25.2317
39 61 52 57 0.254008 4.97946 19.6035
39 61 53 58 0.3946 5.45798 13.8317
39 61 54 59 0.738606 6.20743 8.40426
39 61 55 60 1.91577 7.09556 3.70377
40 52 41 44 2.33968 9.37434 4.00667
40 52 42 45 0.726187 6.65404 9.16298
40 52 43 46 0.385667 5.45224 14.1372
40 52 44 47 0.305597 5.27092 17.248
40 52 45 48 0.309968 5.34632 17.248
40 52 46 49 0.401115 5.67063 14.1372
40 52 47 50 0.681326 6.24297 9.16298
40 52 48 51 2.07721 8.32269 4.00667
40 62 41 46 2.45993 9.11102 3.70377
40 62 42 47 0.780114 6.55628 8.40426
40 62 43 48 0.389681 5.38994 13.8317
40 62 44 49 0.260583 5.10834 19.6035
40 62 45 50 0.186769 4.71249 25.2317
40 62 46 51 0.147159 4.43821 30.1593
40 62 47 52 0.129517 4.38188 33.8325
40 62 48 53 0.120663 4.31948 35.7978
40 62 49 54 0.122344 4.37965 35.7978
40 62 50 55 0.132242 4.47408 33.8325
40 62 51 56 0.151898 4.58115 30.1593
40 62 52 57 0.190475 4.80602 25.2317
40 62 53 58 0.264089 5.17707 19.6035
40 62 54 59 0.415917 5.75283 13.8317
40 62 55 60 0.765729 6.43539 8.40426
40 62 56 61 2.01125 7.44922 3.70377
41 53 42 45 2.03487 8.15305 4.00667
41 53 43 46 0.66805 6.12133 9.16298
41 53 44 47 0.397942 5.62577 14.1372
41 53 45 48 0.305991 5.27773 17.248
41 53 46 49 0.298437 5.14744 17.248
41 53 47 50 0.375138 5.30339 14.1372
41 53 48 51 0.678132 6.21371 9.16298
41 53 49 52 1.91224 7.66173 4.00667
41 63 42 47 2.15424 7.97883 3.70377
41 63 43 48 0.720795 6.05775 8.40426
41 63 44 49 0.404426 5.59389 13.8317
41 63 45 50 0.257411 5.04617 19.6035
41 63 46 51 0.183969 4.64186 25.2317
41 63 47 52 0.149362 4.50464 30.1593
41 63 48 53 0.128724 4.35505 33.8325
41 63 49 54 0.12161 4.35338 35.7978
41 63 50 55 0.123081 4.40603 35.7978
41 63 51 56 0.131556 4.45088 33.8325
41 63 52 57 0.152176 4.58952 30.1593
41 63 53 58 0.192339 4.85303 25.2317
41 63 54 59 0.269455 5.28226 19.6035
41 63 55 60 0.418638 5.79046 13.8317
41 63 56 61 0.758615 6.3756 8.40426
41 63 57 62 1.89135 7.00513 3.70377
42 54 43 46 1.99207 7.98155 4.00667
42 54 44 47 0.746998 6.84473 9.16298
42 54 45 48 0.41793 5.90835 14.1372
42 54 46 49 0.305557 5.27023 17.248
42 54 47 50 0.2933 5.05884 17.248
42 54 48 51 0.379168 5.36036 14.1372
42 54 49 52 0.668957 6.12964 9.16298
42 54 50 53 1.87783 7.52384 4.00667
42 64 43 48 2.11565 7.83589 3.70377
42 64 44 49 0.805458 6.76928 8.40426
42 64 45 50 0.420627 5.81798 13.8317
42 64 46 51 0.262238 5.14078 19.6035
42 64 47 52 0.192548 4.85832 25.2317
42 64 48 53 0.151274 4.5623 30.1593
42 64 49 54 0.132119 4.46993 33.8325
42 64 50 55 0.124681 4.4633 35.7978
42 64 51 56 0.12375 4.42999 35.7978
42 64 52 57 0.132417 4.47999 33.8325
42 64 53 58 0.15386 4.64029 30.1593
42 64 54 59 0.196436 4.95642 25.2317
42 64 55 60 0.273241 5.35649 19.6035
42 64 56 61 0.41834 5.78635 13.8317
42 64 57 62 0.743743 6.25061 8.40426
42 64 58 63 2.15966 7.99888 3.70377
43 55 44 47 2.16126 8.65946 4.00667
43 55 45 48 0.747759 6.8517 9.16298
43 55 46 49 0.404064 5.71232 14.1372
43 55 47 50 0.302025 5.20932 17.248
43 55 48 51 0.294312 5.07628 17.248
43 55 49 52 0.386631 5.46586 14.1372
43 55 50 53 0.693573 6.35519 9.16298
43 55 51 54 1.86762 7.48295 4.00667
44 56 45 48 1.9688 7.88834 4.00667
44 56 46 49 0.678315 6.21539 9.16298
44 56 47 50 0.387669 5.48054 14.1372
44 56 48 51 0.289642 4.99573 17.248
44 56 49 52 0.296195 5.10876 17.248
44 56 50 53 0.403051 5.698 14.1372
44 56 51 54 0.697186 6.3883 9.16298
44 56 52 55 1.80009 7.21235 4.00667
45 57 46 49 1.97075 7.89616 4.00667
45 57 47 50 0.70501 6.45999 9.16298
45 57 48 51 0.378995 5.35791 14.1372
45 57 49 52 0.2961 5.10713 17.248
45 57 50 53 0.312925 5.39731 17.248
45 57 51 54 0.408288 5.77204 14.1372
45 57 52 55 0.678784 6.21968 9.16298
45 57 53 56 1.82233 7.30148 4.00667
46 58 47 50 2.13923 8.5712 4.00667
46 58 48 51 0.682277 6.25169 9.16298
46 58 49 52 0.388285 5.48925 14.1372
46 58 50 53 0.314594 5.4261 17.248
46 58 51 54 0.31578 5.44657 17.248
46 58 52 55 0.39612 5.60001 14.1372
46 58 53 56 0.681308 6.24281 9.16298
46 58 54 57 1.91482 7.67205 4.00667
47 59 48 51 1.84284 7.38367 4.00667
47 59 49 52 0.662368 6.06926 9.16298
47 59 50 53 0.403092 5.69858 14.1372
47 59 51 54 0.312479 5.38963 17.248
47 59 52 55 0.302879 5.22404 17.248
47 59 53 56 0.385437 5.44898 14.1372
47 59 54 57 0.681079 6.24071 9.16298
47 59 55 58 1.91139 7.65829 4.00667
48 60 49 52 1.86523 7.47334 4.00667
48 60 50 53 0.71638 6.56418 9.16298
48 60 51 54 0.413333 5.84336 14.1372
48 60 52 55 0.30693 5.29392 17.248
48 60 53 56 0.295654 5.09943 17.248
48 60 54 57 0.384586 5.43696 14.1372
48 60 55 58 0.687585 6.30033 9.16298
48 60 56 59 1.90716 7.64135 4.00667
49 61 50 53 1.99744 8.00306 4.00667
49 61 51 54 0.7285 6.67523 9.16298
49 61 52 55 0.404038 5.71195 14.1372
49 61 53 56 0.295676 5.09981 17.248
49 61 54 57 0.29294 5.05262 17.248
49 61 55 58 0.390826 5.52517 14.1372
49 61 56 59 0.691331 6.33465 9.16298
49 61 57 60 1.80295 7.22384 4.00667
50 62 51 54 1.9013 7.61788 4.00667
50 62 52 55 0.69051 6.32713 9.16298
50 62 53 56 0.377087 5.33094 14.1372
50 62 54 57 0.289824 4.99887 17.248
50 62 55 58 0.303582 5.23618 17.248
50 62 56 59 0.411089 5.81164 14.1372
50 62 57 60 0.712199 6.52587 9.16298
50 62 58 61 1.88803 7.5647 4.00667
51 63 52 55 2.09012 8.37441 4.00667
51 63 53 56 0.6818 6.24732 9.16298
51 63 54 57 0.379022 5.3583 14.1372
51 63 55 58 0.301494 5.20016 17.248
51 63 56 59 0.314612 5.42642 17.248
51 63 57 60 0.414366 5.85796 14.1372
51 63 58 61 0.702519 6.43716 9.16298
51 63 59 62 1.76239 7.0613 4.00667
52 64 53 56 1.90978 7.65186 4.00667
52 64 54 57 0.663387 6.0786 9.16298
52 64 55 58 0.388647 5.49437 14.1372
52 64 56 59 0.311273 5.36883 17.248
52 64 57 60 0.319568 5.5119 17.248
52 64 58 61 0.411783 5.82145 14.1372
52 64 59 62 0.682391 6.25274 9.16298
52 64 60 63 2.03027 8.13463 4.00667
