64
# x y z
0.0 0.0 0.0
0.5 0.0 0.0
1.0 0.0 0.0
1.5 0.0 0.0
2.0 0.0 0.0
2.5 0.0 0.0
3.0 0.0 0.0
3.5 0.0 0.0
4.0 0.0 0.0
4.5 0.0 0.0
5.0 0.0 0.0
5.5 0.0 0.0
6.0 0.0 0.0
6.5 0.0 0.0
7.0 0.0 0.0
7.5 0.0 0.0
8.0 0.0 0.0
8.5 0.0 0.0
9.0 0.0 0.0
9.5 0.0 0.0
10.0 0.0 0.0
10.5 0.0 0.0
11.0 0.0 0.0
11.5 0.0 0.0
12.0 0.0 0.0
12.5 0.0 0.0
13.0 0.0 0.0
13.5 0.0 0.0
14.0 0.0 0.0
14.5 0.0 0.0
15.0 0.0 0.0
15.5 0.0 0.0
16.0 0.0 0.0
16.5 0.0 0.0
17.0 0.0 0.0
17.5 0.0 0.0
18.0 0.0 0.0
18.5 0.0 0.0
19.0 0.0 0.0
19.5 0.0 0.0
20.0 0.0 0.0
20.5 0.0 0.0
21.0 0.0 0.0
21.5 0.0 0.0
22.0 0.0 0.0
22.5 0.0 0.0
23.0 0.0 0.0
23.5 0.0 0.0
24.0 0.0 0.0
24.5 0.0 0.0
25.0 0.0 0.0
25.5 0.0 0.0
26.0 0.0 0.0
26.5 0.0 0.0
27.0 0.0 0.0
27.5 0.0 0.0
28.0 0.0 0.0
28.5 0.0 0.0
29.0 0.0 0.0
29.5 0.0 0.0
30.0 0.0 0.0
30.5 0.0 0.0
31.0 0.0 0.0
31.5 0.0 0.0
1385
# a b m n r rhoa
1 13 2 5 1.64695215 6.598791945251372
1 13 3 6 0.585265179 5.362772294682586
1 13 4 7 0.382902337 5.413154260327046
1 13 5 8 0.295984062 5.105121163382011
1 13 6 9 0.240768334 4.152762513866806
1 13 7 10 0.410537171 5.803832521976127
1 13 8 11 0.712449227 6.528157001330204
1 13 9 12 2.4567438 9.843358957931017
1 23 2 7 1.76720949 6.545341719236576
1 23 3 8 0.640052476 5.379167807233723
1 23 4 9 0.38126009 5.2734653268142795
1 23 5 10 0.250371463 4.908166528695009
1 23 6 11 0.178733541 4.509749125533887
1 23 7 12 0.145263097 4.3810317923798525
1 23 8 13 0.119326604 4.037121657737733
1 23 9 14 0.125061914 4.476937049434185
1 23 10 15 0.105948645 3.792724731030823
1 23 11 16 0.124893684 4.225470093752542
1 23 12 17 0.139892836 4.2190685363274385
1 23 13 18 0.182485818 4.604425411947923
1 23 14 19 0.250524536 4.91116730109153
1 23 15 20 0.376797054 5.211734067194833
1 23 16 21 0.766775316 6.4441795788141985
1 23 17 22 1.91295358 7.085144656017529
1 57 4 16 0.451835104 5.215059815637001
1 57 5 17 0.294231697 4.782738225166147
1 57 6 18 0.210657801 4.4956358916854136
1 57 7 19 0.163126497 4.3642215031552505
1 57 8 20 0.125665054 4.076521695171978
1 57 9 21 0.115496555 4.427916146883206
1 57 10 22 0.092078618 4.086540375476643
1 57 11 23 0.082197861 4.150436009369795
1 57 12 24 0.07254099 4.105341672211497
1 57 13 25 0.065537713 4.1023168748062915
1 57 14 26 0.060467579 4.136377732436162
1 57 15 27 0.058071817 4.293583816492445
1 57 16 28 0.052135916 4.12338793342397
1 57 17 29 0.050505795 4.231163587618989
1 57 18 30 0.047356915 4.163109467489683
1 57 19 31 0.045531147 4.16202388119955
1 57 20 32 0.044372894 4.180397057091817
1 57 21 33 0.043328524 4.170502652608006
1 57 22 34 0.043094235 4.201507120233221
1 57 23 35 0.043493635 4.258591024043713
1 57 24 36 0.04306283 4.198445264485906
1 57 25 37 0.044307595 4.264741224007104
1 57 26 38 0.043567484 4.104518896119212
1 57 27 39 0.04582027 4.1884527526401065
1 57 28 40 0.048013669 4.220844199475745
1 57 29 41 0.048759597 4.084874446058636
1 57 30 42 0.052898968 4.183737106331472
1 57 31 43 0.057366231 4.241415780649109
1 57 32 44 0.059580355 4.075685810285893
1 57 33 45 0.065646707 4.109139327177382
1 57 34 46 0.073316696 4.149241516522755
1 57 35 47 0.081547434 4.117593845237733
1 57 36 48 0.093608084 4.154419593232916
1 57 37 49 0.108719563 4.168099286509333
1 57 38 50 0.126263649 4.095939866146715
1 57 39 51 0.161465048 4.319771756574866
1 57 40 52 0.206207863 4.400670023373825
1 57 41 53 0.300066824 4.877588254024864
1 57 42 54 0.451849001 5.215220214166501
2 14 3 6 1.54014382 6.170846332083587
2 14 4 7 0.685615482 6.282279970862657
2 14 5 8 0.392264723 5.54551187417657
2 14 6 9 0.253943804 4.380012489017512
2 14 7 10 0.293804552 5.067529062808695
2 14 8 11 0.356268365 5.036625351857022
2 14 9 12 0.693417239 6.353767303085177
2 14 10 13 1.48074984 5.9328743200731475
2 24 11 16 0.117369207 4.201555329474728
2 24 12 17 0.122440237 4.142463759139922
2 24 13 18 0.147130766 4.437359362393331
2 24 14 19 0.184482059 4.654793944086527
2 24 15 20 0.252024989 4.940581488731916
2 24 16 21 0.409176389 5.659594477729289
2 24 17 22 0.732393332 6.155224425265781
2 24 18 23 2.64247517 9.787126580136102
2 58 5 17 0.453273089 5.231656971817652
2 58 6 18 0.293377012 4.7688453147093375
2 58 7 19 0.213781782 4.562304588699598
2 58 8 20 0.155344911 4.156036042335529
2 58 9 21 0.139796154 4.5349286579115535
2 58 10 22 0.107911309 4.137112380125996
2 58 11 23 0.094388458 4.18905336520126
2 58 12 24 0.081730587 4.126841832924713
2 58 13 25 0.072730469 4.116064934117752
2 58 14 26 0.066114923 4.1384471914578205
2 58 15 27 0.06294153 4.305612155192498
2 58 16 28 0.055733796 4.120720461308992
2 58 17 29 0.053386228 4.22227411035074
2 58 18 30 0.049592261 4.154631542200201
2 58 19 31 0.047205197 4.149772056423345
2 58 20 32 0.045615066 4.169694957047615
2 58 21 33 0.044093487 4.154073955413327
2 58 22 34 0.043533729 4.190254260043986
2 58 23 35 0.043359341 4.2273538430400315
2 58 24 36 0.04273059 4.183879021058875
2 58 25 37 0.043503408 4.2413997711390135
2 58 26 38 0.042368752 4.0781216688500805
2 58 27 39 0.04420447 4.164529730657268
2 58 28 40 0.045924965 4.198022972565428
2 58 29 41 0.046185903 4.060166715755453
2 58 30 42 0.049514102 4.148083709127883
2 58 31 43 0.053033197 4.194353170675975
2 58 32 44 0.054581363 4.03551445374784
2 58 33 45 0.059307176 4.0569985806786155
2 58 34 46 0.065245153 4.084004154237399
2 58 35 47 0.071242012 4.0318280833469675
2 58 36 48 0.080280778 4.0536362846646625
2 58 37 49 0.09111084 4.043589428151412
2 58 38 50 0.10339109 3.9638158632078224
2 58 39 51 0.126783295 4.112796964642922
2 58 40 52 0.154588339 4.1357950155752645
2 58 41 53 0.20789653 4.43670776770737
2 58 42 54 0.281347431 4.573304394176113
2 58 43 55 0.404320021 4.6666429312553115
3 15 4 7 2.43106359 9.740466859395935
3 15 5 8 0.780691845 7.153462647827596
3 15 6 9 0.37927921 5.3619335090790425
3 15 7 10 0.320617816 5.5300031588150835
3 15 8 11 0.303026531 5.226589384648471
3 15 9 12 0.480958505 6.799390676952898
3 15 10 13 0.7587075 6.952020565651811
3 15 11 14 2.37680754 9.523080831683378
3 25 4 9 2.53777752 9.399350314600639
3 25 5 10 0.816218592 6.859713755332831
3 25 6 11 0.406115903 5.617262832672497
3 25 7 12 0.259596202 5.089004051682792
3 25 8 13 0.169847595 4.285541699334898
3 25 9 14 0.159152409 4.799923573588971
3 25 10 15 0.11693042 3.9560526756495076
3 25 11 16 0.117472251 4.205244074405674
3 25 12 17 0.114413712 4.095755213022668
3 25 13 18 0.127027522 4.297663245280627
3 25 14 19 0.147248808 4.440919425241476
3 25 15 20 0.186503953 4.705809744743786
3 25 16 21 0.25972006 5.091432106712015
3 25 17 22 0.389815368 5.391799144272742
3 25 18 23 0.887824267 7.4615065086120795
3 25 19 24 2.41742615 8.95359623310333
3 59 6 18 0.46882475 5.411153521841152
3 59 7 19 0.304105412 4.943235529285276
3 59 8 20 0.200989966 4.289315186662519
3 59 9 21 0.175436531 4.693559262963653
3 59 10 22 0.129630101 4.2051461584048235
3 59 11 23 0.110363492 4.231124367763311
3 59 12 24 0.093379001 4.144252662525558
3 59 13 25 0.081706127 4.125606768367629
3 59 14 26 0.07299545 4.131061111336236
3 59 15 27 0.068874917 4.31120833069019
3 59 16 28 0.06015504 4.114998021498539
3 59 17 29 0.057034708 4.2169043763030905
3 59 18 30 0.05243012 4.146656292678751
3 59 19 31 0.049303845 4.130469259886128
3 59 20 32 0.047228251 4.151798715585233
3 59 21 33 0.04530011 4.1409046787458825
3 59 22 34 0.044319882 4.175402764657553
3 59 23 35 0.043662516 4.20265040178935
3 59 24 36 0.042721754 4.165191785394313
3 59 25 37 0.043193237 4.229178163370176
3 59 26 38 0.041702995 4.065867056870841
3 59 27 39 0.04314773 4.153100678412541
3 59 28 40 0.04444599 4.187283475257041
3 59 29 41 0.044301509 4.049622084661667
3 59 30 42 0.047133064 4.143430900644544
3 59 31 43 0.050050815 4.193047272271514
3 59 32 44 0.051093748 4.040963699124517
3 59 33 45 0.054994298 4.066045116035594
3 59 34 46 0.05981553 4.091773317828168
3 59 35 47 0.06430348 4.025060366582656
3 59 36 48 0.071498018 4.04631633474988
3 59 37 49 0.079757207 4.027199490502078
3 59 38 50 0.089073863 3.9531863689480553
3 59 39 51 0.106228189 4.072584791184991
3 59 40 52 0.125667085 4.076587579960942
3 59 41 53 0.161147753 4.311282972181711
3 59 42 54 0.205279288 4.3808533582500795
3 59 43 55 0.270866075 4.4029298814913895
3 59 44 56 0.364594244 4.208129855481419
4 16 5 8 2.16944581 8.692251038797538
4 16 6 9 0.693682533 6.356198186322715
4 16 7 10 0.408832749 5.779736823623952
4 16 8 11 0.269894942 4.655137073880554
4 16 9 12 0.330444029 5.699485284316149
4 16 10 13 0.374572434 5.295393031012426
4 16 11 14 0.651926414 5.973587762635319
4 16 12 15 1.30723881 5.237673073833984
4 26 5 10 2.2612731 8.375240877649102
4 26 6 11 0.769638924 6.468246086708056
4 26 7 12 0.406976781 5.6291702166413184
4 26 8 13 0.224766322 4.406215170050289
4 26 9 14 0.196882125 4.967668553335511
4 26 10 15 0.132943163 4.009471336567586
4 26 11 16 0.123011486 4.161790561651297
4 26 12 17 0.111030573 3.9746463970126578
4 26 13 18 0.113218577 4.052972050751735
4 26 14 19 0.120415805 4.07397209007493
4 26 15 20 0.141163835 4.25740096309019
4 26 16 21 0.169637978 4.280252708375742
4 26 17 22 0.218992136 4.293020694465588
4 26 18 23 0.365749448 5.058927180994639
4 26 19 24 0.608391602 5.113081571251904
4 26 20 25 1.22532238 4.5383152018543385
4 60 7 19 0.468393216 5.40617277642638
4 60 8 20 0.270394501 4.395264442931266
4 60 9 21 0.22678168 4.8397346566088775
4 60 10 22 0.158865998 4.250237805277085
4 60 11 23 0.131119595 4.253464719632104
4 60 12 24 0.108173973 4.147182413529199
4 60 13 25 0.092801363 4.118616515277892
4 60 14 26 0.081353127 4.107782655994346
4 60 15 27 0.076005901 4.301432785922573
4 60 16 28 0.065262705 4.08510281731993
4 60 17 29 0.061247854 4.189753643768358
4 60 18 30 0.055773962 4.123690164970465
4 60 19 31 0.051884463 4.103500716595876
4 60 20 32 0.04922793 4.124109419718201
4 60 21 33 0.046823246 4.11619504186872
4 60 22 34 0.045558155 4.164492695371603
4 60 23 35 0.04436119 4.17929441620578
4 60 24 36 0.043114555 4.149907483428555
4 60 25 37 0.043241271 4.215842513376424
4 60 26 38 0.041438393 4.057356173623929
4 60 27 39 0.042575223 4.150905627632494
4 60 28 40 0.043487875 4.185840672619852
4 60 29 41 0.043011514 4.052140627714376
4 60 30 42 0.045287113 4.139716616771868
4 60 31 43 0.047544232 4.179576358884989
4 60 32 44 0.04817896 4.036231114495905
4 60 33 45 0.05130688 4.057820138685807
4 60 34 46 0.055249024 4.084878475963697
4 60 35 47 0.058612749 4.009495233809007
4 60 36 48 0.064365343 4.028932665709514
4 60 37 49 0.070732311 4.002982367901565
4 60 38 50 0.077879212 3.9323734454129435
4 60 39 51 0.090795918 4.029612877502858
4 60 40 52 0.104957725 4.023877640918615
4 60 41 53 0.12992464 4.214700880146115
4 60 42 54 0.158824422 4.249125497488024
4 60 43 55 0.198819306 4.242991257720312
4 60 44 56 0.249958551 4.063077937435279
4 60 45 57 0.426584178 4.923614798805764
5 17 6 9 2.14236364 8.58374175074328
5 17 7 10 0.774420558 7.095998979421649
5 17 8 11 0.342228746 4.838144914263823
5 17 9 12 0.339217505 5.850809844501502
5 17 10 13 0.296904324 5.12099380524087
5 17 11 14 0.403696742 5.707128235254015
5 17 12 15 0.57917236 5.306943924736601
5 17 13 16 2.62194828 10.505278608689201
5 27 6 11 2.28750739 8.472406716664347
5 27 7 12 0.816840227 6.86493813787213
5 27 8 13 0.343064661 4.745158599314172
5 27 9 14 0.276117553 5.4128809864396175
5 27 10 15 0.16838729 4.248695737687651
5 27 11 16 0.14403293 4.343930829724922
5 27 12 17 0.121717163 4.118000331809441
5 27 13 18 0.118709019 4.2495176050407055
5 27 14 19 0.116906464 4.1849901641513645
5 27 15 20 0.131080986 4.43480221307745
5 27 16 21 0.14638237 4.414788270787803
5 27 17 22 0.177495425 4.4785093676402665
5 27 18 23 0.267831861 5.250452107148866
5 27 19 24 0.396789568 5.488264006047989
5 27 20 25 0.658060311 5.530510345450818
5 27 21 26 2.41968259 8.961953573278633
5 61 8 20 0.40486686 4.67295452163259
5 61 9 21 0.31891831 5.1840192864822
5 61 10 22 0.20597652 4.395732945852115
5 61 11 23 0.163186833 4.365835708532408
5 61 12 24 0.130139712 4.221677725705931
5 61 13 25 0.108799054 4.171146818813928
5 61 14 26 0.093163074 4.134669608144186
5 61 15 27 0.086012949 4.343072148820122
5 61 16 28 0.072429998 4.099060256933293
5 61 17 29 0.067022767 4.195273461255968
5 61 18 30 0.060214757 4.119083054720191
5 61 19 31 0.055445367 4.09939524452428
5 61 20 32 0.052053496 4.116869401487698
5 61 21 33 0.048989816 4.104161227901751
5 61 22 34 0.04732906 4.1606607561617395
5 61 23 35 0.045459152 4.155442783883312
5 61 24 36 0.043779151 4.124460171616895
5 61 25 37 0.043528824 4.189782138826308
5 61 26 38 0.041336621 4.030147128911374
5 61 27 39 0.04212279 4.124367517262659
5 61 28 40 0.042690867 4.162180432473844
5 61 29 41 0.041826843 4.02596127395705
5 61 30 42 0.043618461 4.109321469978365
5 61 31 43 0.045395269 4.149603208359272
5 61 32 44 0.045655009 4.013496238220473
5 61 33 45 0.048077149 4.0277018161051155
5 61 34 46 0.051200487 4.049405601336915
5 61 35 47 0.053635786 3.9656025013726026
5 61 36 48 0.058168477 3.9791041244188845
5 61 37 49 0.06297979 3.9422043196526637
5 61 38 50 0.068425848 3.872451771761176
5 61 39 51 0.078050282 3.9410113233271007
5 61 40 52 0.088268599 3.917447954097847
5 61 41 53 0.105796782 4.056045475175277
5 61 42 54 0.124519234 4.039351774497278
5 61 43 55 0.148832797 3.9818135311404386
5 61 44 56 0.177165557 3.780879858418526
5 61 45 57 0.257885054 4.191923297321824
5 61 46 58 0.406866278 4.696031711461695
6 18 7 10 2.45668897 9.843139272275694
6 18 8 11 0.567336095 5.198488482157603
6 18 9 12 0.441639877 6.243536669019763
6 18 10 13 0.284548696 4.907884431839286
6 18 11 14 0.29584448 5.102713658675804
6 18 12 15 0.320629489 4.532792612249931
6 18 13 16 0.777339702 7.122747033345064
6 18 14 17 2.16438665 8.67198065980824
6 28 7 12 2.5607768 9.484534412891332
6 28 8 13 0.617161917 5.186789584073183
6 28 9 14 0.436013237 6.0307930141640504
6 28 10 15 0.23179192 4.54394174852887
6 28 11 16 0.180175357 4.546128578482681
6 28 12 17 0.141031251 4.253402323854508
6 28 13 18 0.126290045 4.272712527930257
6 28 14 19 0.117822233 4.217772647912354
6 28 15 20 0.125745382 4.501403676510616
6 28 16 21 0.129838534 4.392766910724426
6 28 17 22 0.147393896 4.445295176232746
6 28 18 23 0.201748562 5.090456978397911
6 28 19 24 0.271803311 5.328306578768045
6 28 20 25 0.399115025 5.520428969494589
6 28 21 26 0.939298366 7.894108250859167
6 28 22 27 2.65449796 9.831656257808113
6 62 9 21 0.49520703 5.715656574071648
6 62 10 22 0.283747044 4.6123101197241185
6 62 11 23 0.211796107 4.519928413894553
6 62 12 24 0.161684346 4.325638768156675
6 62 13 25 0.13096754 4.248532119146695
6 62 14 26 0.108956026 4.177164823882637
6 62 15 27 0.09922072 4.403513944614838
6 62 16 28 0.08189722 4.135255672349919
6 62 17 29 0.074518026 4.21722887251387
6 62 18 30 0.065945206 4.127823797976856
6 62 19 31 0.060122136 4.112747172776646
6 62 20 32 0.055869721 4.130770179234242
6 62 21 33 0.052068836 4.118082629829149
6 62 22 34 0.049917699 4.181895372333507
6 62 23 35 0.047379679 4.16511063297772
6 62 24 36 0.045350732 4.14553205992989
6 62 25 37 0.044742814 4.215247442990907
6 62 26 38 0.042164095 4.05842280808633
6 62 27 39 0.042680862 4.161204986947593
6 62 28 40 0.042920795 4.202502557714945
6 62 29 41 0.041818947 4.077171890420046
6 62 30 42 0.04325766 4.163681776365501
6 62 31 43 0.044677061 4.209052813276312
6 62 32 44 0.044632922 4.079916705189016
6 62 33 45 0.046615333 4.097917572174713
6 62 34 46 0.049297638 4.129949263470106
6 62 35 47 0.051149803 4.045397044279671
6 62 36 48 0.055064769 4.071255442847515
6 62 37 49 0.059055001 4.039748161992644
6 62 38 50 0.063596671 3.9808178327004473
6 62 39 51 0.071655136 4.05520817745639
6 62 40 52 0.079985172 4.038710181088978
6 62 41 53 0.094286517 4.184529122532712
6 62 42 54 0.108905838 4.175240712331607
6 62 43 55 0.127320628 4.130227822007865
6 62 44 56 0.148209402 3.965135468937218
6 62 45 57 0.20379537 4.349185150429387
6 62 46 58 0.295107343 4.796971856819755
6 62 47 59 0.444798591 5.1338447089229655
7 19 8 11 1.30297244 5.2205791418752066
7 19 9 12 0.741721418 6.796377460247096
7 19 10 13 0.347739807 4.916055703643707
7 19 11 14 0.285068612 4.916851922037393
7 19 12 15 0.246502206 4.251660106857214
7 19 13 16 0.414672367 5.862292478162519
7 19 14 17 0.755331414 6.921085561973307
7 19 15 18 2.72869293 10.932969077181971
7 29 8 13 1.40756441 5.2132982011575875
7 29 9 14 0.780766991 6.561769261772127
7 29 10 15 0.340111998 4.704318326857993
7 29 11 16 0.236481216 4.635868541600904
7 29 12 17 0.170019558 4.289880616275363
7 29 13 18 0.140684261 4.242937351999765
7 29 14 19 0.121414019 4.107744201434581
7 29 15 20 0.122914295 4.400057088448071
7 29 16 21 0.11606997 4.155045548237126
7 29 17 22 0.122142967 4.132406361083109
7 29 18 23 0.149776905 4.517165034483995
7 29 19 24 0.18200745 4.592355379330579
7 29 20 25 0.236894749 4.643975251546161
7 29 21 26 0.414308155 5.7305753927952345
7 29 22 27 0.734107949 6.169634513366331
7 29 23 28 1.82276747 6.751115831693674
7 63 10 22 0.409754034 4.729362057288398
7 63 11 23 0.282780232 4.596594584123788
7 63 12 24 0.204026156 4.35411034104646
7 63 13 25 0.159522969 4.267814146447148
7 63 14 26 0.128408933 4.165531980182693
7 63 15 27 0.115116613 4.413349900152478
7 63 16 28 0.092936718 4.124623704401024
7 63 17 29 0.083294604 4.2058141127029725
7 63 18 30 0.072530773 4.104763457386128
7 63 19 31 0.065264403 4.085209103208383
7 63 20 32 0.05993273 4.099790564065889
7 63 21 33 0.055341047 4.091682266235061
7 63 22 34 0.052580442 4.158545139532965
7 63 23 35 0.049396058 4.138194478109208
7 63 24 36 0.04693084 4.125653546504107
7 63 25 37 0.045842643 4.190497879249679
7 63 26 38 0.042853369 4.037241692057987
7 63 27 39 0.043094091 4.1479377609823675
7 63 28 40 0.043033503 4.195586005020803
7 63 29 41 0.041474271 4.0608690951987905
7 63 30 42 0.042630458 4.156290808406351
7 63 31 43 0.043650768 4.201519620940161
7 63 32 44 0.043322938 4.081480070237728
7 63 33 45 0.044875558 4.102096177769375
7 63 34 46 0.04709217 4.139835940994755
7 63 35 47 0.048290319 4.045560304264201
7 63 36 48 0.051513833 4.07418788607488
7 63 37 49 0.054713209 4.0452625877156345
7 63 38 50 0.058386856 3.9940426757511887
7 63 39 51 0.064874193 4.060784005132132
7 63 40 52 0.071421283 4.0419736397685035
7 63 41 53 0.082699704 4.175775686496553
7 63 42 54 0.093551067 4.151889122232705
7 63 43 55 0.106991714 4.101856873595147
7 63 44 56 0.121885793 3.9539240519304664
7 63 45 57 0.159553711 4.268636605703722
7 63 46 58 0.216331206 4.616711698159191
7 63 47 59 0.298508297 4.852254387096672
7 63 48 60 0.46725664 5.393054468945301
8 20 9 12 2.45550912 9.838412003984017
8 20 10 13 0.615558048 5.64034520424338
8 20 11 14 0.373142112 5.275172330118821
8 20 12 15 0.251631014 4.340121580379808
8 20 13 16 0.293703373 5.06578393149757
8 20 14 17 0.375911464 5.314323121661639
8 20 15 18 0.753435115 6.903709814868361
8 20 16 19 1.88326916 7.5456359577588925
8 30 9 14 2.55839698 9.475720101278352
8 30 10 15 0.652766902 5.486023156742058
8 30 11 16 0.372948286 5.158499162384963
8 30 12 17 0.236397369 4.634224843736936
8 30 13 18 0.17804289 4.492322834274436
8 30 14 19 0.141063714 4.254381384868718
8 30 15 20 0.135645532 4.589232381175925
8 30 16 21 0.118365379 4.2372160609617655
8 30 17 22 0.117223393 4.196335514120501
8 30 18 23 0.132655725 4.488079627409833
8 30 19 24 0.150431684 4.536912703886794
8 30 20 25 0.182386963 4.6019311333289785
8 30 21 26 0.27897263 5.4688505973542885
8 30 22 27 0.418882481 5.793845979429531
8 30 23 28 0.760682262 6.392971965136384
8 30 24 29 2.9469664 10.91489279129461
8 64 11 23 0.436799777 5.041522768695509
8 64 12 24 0.284973593 4.63224768201653
8 64 13 25 0.209484793 4.470602796110501
8 64 14 26 0.160305928 4.288761120523891
8 64 15 27 0.140555772 4.559570347533898
8 64 16 28 0.109795451 4.20934676655268
8 64 17 29 0.096304484 4.274088499085035
8 64 18 30 0.082263295 4.15373998378632
8 64 19 31 0.072859637 4.123374991136773
8 64 20 32 0.06596704 4.129190491786335
8 64 21 33 0.060118073 4.112469237013303
8 64 22 34 0.056516211 4.178568907514506
8 64 23 35 0.052373762 4.142198983495732
8 64 24 36 0.049313025 4.131238321767728
8 64 25 37 0.047730662 4.195965274802002
8 64 26 38 0.044167275 4.037351690646139
8 64 27 39 0.044065661 4.151452451201529
8 64 28 40 0.04367636 4.203982929034513
8 64 29 41 0.041667937 4.062449048948874
8 64 30 42 0.042472563 4.158614830881142
8 64 31 43 0.043087979 4.200897186478875
8 64 32 44 0.042429063 4.083926786639956
8 64 33 45 0.043583513 4.106028997858984
8 64 34 46 0.045253546 4.1366482412789285
8 64 35 47 0.045899799 4.035015536226831
8 64 36 48 0.048516106 4.064475791743564
8 64 37 49 0.050995083 4.03316036312
8 64 38 50 0.053950893 3.9889001763129874
8 64 39 51 0.059177691 4.048140960123234
8 64 40 52 0.064245448 4.021427867949712
8 64 41 53 0.073251023 4.145524857794508
8 64 42 54 0.081457681 4.113061925810427
8 64 43 55 0.091379472 4.055511582697053
8 64 44 56 0.102206575 3.9184038325656494
8 64 45 57 0.12842891 4.1661800256918635
8 64 46 58 0.165477376 4.427115986098239
8 64 47 59 0.214139675 4.569942362418612
8 64 48 60 0.302020169 4.909339890213935
8 64 49 61 0.464252105 5.35837626531645
9 21 10 13 1.20620991 4.8328837230580035
9 21 11 14 0.522935494 4.791646726567602
9 21 12 15 0.285698076 4.038961395178531
9 21 13 16 0.260716924 4.496834989595688
9 21 14 17 0.264797745 4.567220825610985
9 21 15 18 0.408919821 5.780967775023852
9 21 16 19 0.659172525 6.039983722465683
9 21 17 20 1.56372067 6.26531096353897
9 31 10 15 1.28003569 4.7409608488854245
9 31 11 16 0.553994968 4.655918083246469
9 31 12 17 0.304975466 4.21832126588447
9 31 13 18 0.211515573 4.146453606401405
9 31 14 19 0.156283606 3.9432993468964086
9 31 15 20 0.144371525 4.354142614344528
9 31 16 21 0.118602868 4.0126358332682415
9 31 17 22 0.111701831 3.9986759333743764
9 31 18 23 0.118132431 4.2288770431230365
9 31 19 24 0.125941677 4.260926354935149
9 31 20 25 0.14309609 4.3156764009736674
9 31 21 26 0.195905942 4.94303780744428
9 31 22 27 0.260225166 5.101333971457053
9 31 23 28 0.388339633 5.3713872586382765
9 31 24 29 0.910753419 7.654209077402031
9 31 25 30 2.42588048 8.98490914714681
10 22 11 14 2.47426013 9.913541092435874
10 22 12 15 0.715779373 6.558671057773067
10 22 13 16 0.409774469 5.793050076475775
10 22 14 17 0.289076324 4.985976776969414
10 22 15 18 0.348490811 6.010755452367096
10 22 16 19 0.42688721 6.034975752813508
10 22 17 20 0.72583272 6.650789660920701
10 22 18 21 2.6858983 10.76150516443623
10 32 11 16 2.57776289 9.547447024074573
10 32 12 17 0.792490741 6.660298712004355
10 32 13 18 0.410644284 5.679897923038512
10 32 14 19 0.244595 4.7949274158539215
10 32 15 20 0.205197388 5.17747668354446
10 32 16 21 0.14832524 4.47338384952905
10 32 17 22 0.128232009 4.3384140953941825
10 32 18 23 0.122011557 4.367741085367133
10 32 19 24 0.119682504 4.2843661926256384
10 32 20 25 0.125828856 4.257109334360695
10 32 21 26 0.154747603 4.667077754356124
10 32 22 27 0.185743097 4.6866120627560655
10 32 23 28 0.239295354 4.691035603266908
10 32 24 29 0.420897238 5.821713441721366
10 32 25 30 0.715804566 6.015808112736847
10 32 26 31 1.71524872 6.352890853864268
11 23 12 15 1.92740556 7.722475898623229
11 23 13 16 0.712070361 6.5246854602901765
11 23 14 17 0.352109372 4.97782897350893
11 23 15 18 0.332050232 5.727189008876791
11 23 16 19 0.295472337 5.096294951221534
11 23 17 20 0.371287602 5.24895481265478
11 23 18 21 0.715362397 6.554850315619624
11 23 19 22 1.79198624 7.179895521866432
11 33 12 17 2.07489635 7.684943816562855
11 33 13 18 0.764091929 6.421627695170287
11 33 14 19 0.365339427 5.053255904132785
11 33 15 20 0.281914119 5.526514189208304
11 33 16 21 0.183599368 4.632522159265979
11 33 17 22 0.148255506 4.471280721636838
11 33 18 23 0.129603435 4.384812915280019
11 33 19 24 0.119346979 4.272355147412375
11 33 20 25 0.117901514 4.220610730545698
11 33 21 26 0.134096504 4.536824835183564
11 33 22 27 0.150493762 4.538784932258789
11 33 23 28 0.177890525 4.488478407975557
11 33 24 29 0.273320934 5.358057359158611
11 33 25 30 0.401109663 5.548018152334436
11 33 26 31 0.69312165 5.825174975460481
11 33 27 32 1.663534 6.161351301688913
12 24 13 16 2.38161058 9.542325022636176
12 24 14 17 0.638311255 5.848832352450737
12 24 15 18 0.466246606 6.591406104768501
12 24 16 19 0.305157052 5.2633365249256725
12 24 17 20 0.302669618 5.220433363619926
12 24 18 21 0.40679748 5.750963886000796
12 24 19 22 0.676396186 6.197803759156786
12 24 20 23 2.52737224 10.12634373133665
12 34 13 18 2.50198485 9.266782411632967
12 34 14 19 0.70418183 5.918127610485066
12 34 15 20 0.467974448 6.47287006978111
12 34 16 21 0.261224948 5.120933236044134
12 34 17 22 0.193622015 4.885410471615728
12 34 18 23 0.152792254 4.608105817841524
12 34 19 24 0.130271114 4.407402189263855
12 34 20 25 0.120154674 4.301268823482794
12 34 21 26 0.126645842 4.533638132282127
12 34 22 27 0.133812412 4.5272132822897095
12 34 23 28 0.146580037 4.42074976706035
12 34 24 29 0.205056246 5.173915432491552
12 34 25 30 0.275742289 5.405524484296143
12 34 26 31 0.417066102 5.7687224169899025
12 34 27 32 0.773714933 6.50250192855999
12 34 28 33 2.69101071 9.966891173199528
13 25 14 17 1.45911514 5.846191240605459
13 25 15 18 0.78508826 7.193746904270481
13 25 16 19 0.382327495 5.40502762300826
13 25 17 20 0.305823549 5.274832238299694
13 25 18 21 0.304259538 5.247856239653314
13 25 19 22 0.379542705 5.365658581882203
13 25 20 23 0.838688845 7.684887916124151
13 25 21 24 2.2966372 9.20186482438161
13 35 14 19 1.58684579 5.877315626729643
13 35 15 20 0.832761552 6.998745102300631
13 35 16 21 0.384692871 5.320946434994386
13 35 17 22 0.259573684 5.088562619210542
13 35 18 23 0.185401524 4.6779935990394215
13 35 19 24 0.145467067 4.387183382653959
13 35 20 25 0.124011322 4.195617549384776
13 35 21 26 0.119688626 4.284585346545006
13 35 22 27 0.117700534 4.213416095669126
13 35 23 28 0.116711252 3.9486376663404097
13 35 24 29 0.145127968 4.3769563977524575
13 35 25 30 0.17471339 4.408313925652941
13 35 26 31 0.226505485 4.440308918284467
13 35 27 32 0.338679545 4.6845051037435805
13 35 28 33 0.650461061 5.4666442680713745
13 35 29 34 1.45534391 5.390262594142069
14 26 15 18 2.4049845 9.635976580773399
14 26 16 19 0.64928523 5.949386650236048
14 26 17 20 0.401586876 5.67730070738855
14 26 18 21 0.286756832 4.945970272506024
14 26 19 22 0.260870556 4.499484828135212
14 26 20 23 0.369269004 5.220417555741701
14 26 21 24 0.566383691 5.189761624712792
14 26 22 25 1.13718577 4.556326848555059
14 36 15 20 2.52220786 9.34168383774603
14 36 16 21 0.704597821 5.921623707257136
14 36 17 22 0.409103922 5.65859213779951
14 36 18 23 0.255672096 5.012077689974185
14 36 19 24 0.183291188 4.624746257341073
14 36 20 25 0.144282193 4.351448424697195
14 36 21 26 0.129568983 4.383647316740465
14 36 22 27 0.120814224 4.324879239607997
14 36 23 28 0.111883564 4.00518156866159
14 36 24 29 0.129597637 4.384616754234729
14 36 25 30 0.146768217 4.426425142153655
14 36 26 31 0.176403641 4.450961813265613
14 36 27 32 0.242386701 4.751636942142265
14 36 28 33 0.395174343 5.465922740187973
14 36 29 34 0.706102254 5.934267354247325
14 36 30 35 3.26220964 12.082482000245331
15 27 16 19 1.35307797 5.42133541022007
15 27 17 20 0.617347359 5.656740622596761
15 27 18 21 0.347515548 4.912885316722651
15 27 19 22 0.262582084 4.529005194047755
15 27 20 23 0.300745062 5.1872386993554915
15 27 21 24 0.384321019 5.433210404597456
15 27 22 25 0.609925776 5.58873681659024
15 27 23 26 2.28589552 9.158826469282788
15 37 16 21 1.44988873 5.370057849066857
15 37 17 22 0.652312004 5.482200075402748
15 37 18 23 0.346611356 4.794215328822066
15 37 19 24 0.22617517 4.433833575577675
15 37 20 25 0.164496637 4.150527991072561
15 37 21 26 0.137961465 4.160819759255857
15 37 22 27 0.122444453 4.142606397112833
15 37 23 28 0.105680575 3.783128424078078
15 37 24 29 0.113612509 4.067073936044788
15 37 25 30 0.120151217 4.0650204069684746
15 37 26 31 0.132203083 3.9871510496133262
15 37 27 32 0.165443389 4.174416143123985
15 37 28 33 0.229211194 4.493350387911494
15 37 29 34 0.332407486 4.597752027479464
15 37 30 35 0.822251014 6.9104118018818275
15 37 31 36 1.9413101 7.1901707519153994
16 28 17 20 2.62274259 10.508461145856437
16 28 18 21 0.78292138 7.173891829260283
16 28 19 22 0.410690774 5.806004033229789
16 28 20 23 0.319727142 5.514640849586845
16 28 21 24 0.315078566 5.4344623982309415
16 28 22 25 0.402117386 5.684800615822502
16 28 23 26 0.872095821 7.990995321399882
16 28 24 27 2.51696677 10.08465245838585
16 38 17 22 2.73068716 10.113843713306249
16 38 18 23 0.834954847 7.017178125057606
16 38 19 24 0.425160804 5.880685697300449
16 38 20 25 0.254567009 4.9904140748013335
16 38 21 26 0.187780443 4.7380177434721995
16 38 22 27 0.153897332 4.641434185135384
16 38 23 28 0.120533036 4.077938312134331
16 38 24 29 0.118999095 4.259901677617362
16 38 25 30 0.117391472 4.202352366719861
16 38 26 31 0.119399814 4.0395985377180175
16 38 27 32 0.139977293 4.221615699438583
16 38 28 33 0.176148932 4.444535074984768
16 38 29 34 0.22672733 4.444657865207217
16 38 30 35 0.431575249 5.969408210318418
16 38 31 36 0.721814427 6.066316550762403
16 38 32 37 1.86203615 6.896558084532273
17 29 18 21 2.14619073 8.599075633191383
17 29 19 22 0.740607839 6.7861737597307865
17 29 20 23 0.390456335 5.51994639112619
17 29 21 24 0.291665103 5.0306279327475885
17 29 22 25 0.292639403 5.0474326198509205
17 29 23 26 0.404021559 5.71172022740834
17 29 24 27 0.676234671 6.196323800672573
17 29 25 28 1.72692452 6.9192147523126835
17 39 18 23 2.25979955 8.36978318384146
17 39 19 24 0.806790243 6.780475453290602
17 39 20 25 0.38498605 5.325001591386575
17 39 21 26 0.250960174 4.919707347247779
17 39 22 27 0.191331086 4.827606463500596
17 39 23 28 0.137573279 4.149112345311924
17 39 24 29 0.126190731 4.269352483423195
17 39 25 30 0.116799542 4.181162595486458
17 39 26 31 0.110497568 3.955566009101486
17 39 27 32 0.122495247 4.144324886960103
17 39 28 33 0.14273698 4.304845898530493
17 39 29 34 0.16765164 4.230134045653591
17 39 30 35 0.274301725 5.3772843329525255
17 39 31 36 0.391146821 5.410215368299188
17 39 32 37 0.719473882 6.046646000631789
17 39 33 38 1.68491775 6.240551844567802
18 30 19 22 2.65507504 10.63800656745854
18 30 20 23 0.729331721 6.682850932110502
18 30 21 24 0.398252223 5.63015816123673
18 30 22 25 0.32191939 5.552452654670398
18 30 23 26 0.321465065 5.544616475394792
18 30 24 27 0.407032418 5.754285243727617
18 30 25 28 0.716315078 6.5635797112095
18 30 26 29 2.80899686 11.254720335380963
18 40 19 24 2.79907575 10.367139484848742
18 40 20 25 0.773096916 6.497307952635548
18 40 21 26 0.405184628 5.604381740339363
18 40 22 27 0.278521111 5.459999227408546
18 40 23 28 0.178982533 4.516031614248553
18 40 24 29 0.148198624 4.469565200932951
18 40 25 30 0.127221334 4.304220396800077
18 40 26 31 0.110562346 3.95788491674421
18 40 27 32 0.115624077 4.13908357525962
18 40 28 33 0.125120079 4.233129610801259
18 40 29 34 0.134816315 4.065964269965253
18 40 30 35 0.195798781 4.940333954416261
18 40 31 36 0.250253355 4.905851194010197
18 40 32 37 0.387860993 5.364766866128726
18 40 33 38 0.638788867 5.368548107898741
18 40 34 39 2.24121568 8.300952759206364
19 31 20 23 1.88908608 7.568942430167439
19 31 21 24 0.666301591 6.105307201468974
19 31 22 25 0.431402873 6.098814434494501
19 31 23 26 0.311685022 5.3759306881915405
19 31 24 27 0.300717373 5.186761120600278
19 31 25 28 0.390179158 5.516027893604942
19 31 26 29 0.843448946 7.728504619592324
19 31 27 30 2.30211554 9.22381471883686
19 41 20 25 1.99669084 7.395288407753811
19 41 21 26 0.724493099 6.088828808317577
19 41 22 27 0.437441891 6.050553690748412
19 41 23 28 0.246422188 4.830746765534492
19 41 24 29 0.186341088 4.701700385710105
19 41 25 30 0.148112206 4.466958895455147
19 41 26 31 0.118628472 4.013502081526884
19 41 27 32 0.117779679 4.216249309806385
19 41 28 33 0.119807401 4.288837226122401
19 41 29 34 0.120339125 4.07137781119379
19 41 30 35 0.160083875 4.8280159263185904
19 41 31 36 0.190119104 4.797026110568056
19 41 32 37 0.267525821 5.244452640330868
19 41 33 38 0.381841907 5.281512829966395
19 41 34 39 0.875585356 7.358647511083886
19 41 35 40 2.725279 10.09381311960889
20 32 21 24 1.56915295 6.287076310825078
20 32 22 25 0.736315797 6.746845870850498
20 32 23 26 0.383201252 5.417380071583261
20 32 24 27 0.287465202 4.958188209695171
20 32 25 28 0.28343217 4.888626636424389
20 32 26 29 0.39944415 5.647008632217399
20 32 27 30 0.661790675 6.063973774816505
20 32 28 31 1.61965851 6.489435366926622
20 42 21 26 1.68882511 6.255023816659846
20 42 22 27 0.786463659 6.609645544206973
20 42 23 28 0.366162579 5.064641474363064
20 42 24 29 0.246648385 4.835181027055309
20 42 25 30 0.180156962 4.545664441562995
20 42 26 31 0.131622111 3.9696293468887696
20 42 27 32 0.123778044 4.187725162988917
20 42 28 33 0.117949388 4.222324512763238
20 42 29 34 0.109639367 3.924844331095171
20 42 30 35 0.133156905 4.505035817937345
20 42 31 36 0.146319087 4.412879700471989
20 42 32 37 0.1870033 4.718409112965267
20 42 33 38 0.237528789 4.656404678880113
20 42 34 39 0.414515486 5.733443127625999
20 42 35 40 0.82734535 6.953225929219774
20 42 36 41 2.28358945 8.457895558660399
21 33 22 25 2.73441213 10.955884017906438
21 33 23 26 0.739629904 6.777212962280028
21 33 24 27 0.403775846 5.708246541707728
21 33 25 28 0.297927356 5.138639019914682
21 33 26 29 0.298053438 5.140813677165387
21 33 27 30 0.394759638 5.580782904035559
21 33 28 31 0.655736583 6.008500259541715
21 33 29 32 1.52530621 6.111396941671862
21 43 22 27 2.85660504 10.580214880859126
21 43 23 28 0.762963742 6.412146117614543
21 43 24 29 0.410411479 5.676677840140748
21 43 25 30 0.258932258 5.0759884001437525
21 43 26 31 0.164650189 4.154402367386316
21 43 27 32 0.144521553 4.358667352225802
21 43 28 33 0.127795802 4.323656106245703
21 43 29 34 0.108755257 3.89319516878685
21 43 30 35 0.120325581 4.3073869121625155
21 43 31 36 0.122048544 4.12921179151094
21 43 32 37 0.141602008 4.270615949437084
21 43 33 38 0.162071208 4.089330320783051
21 43 34 39 0.228542856 4.480248598425785
21 43 35 40 0.340173635 4.705170869756854
21 43 36 41 0.581344021 4.885766651875284
21 43 37 42 1.73717216 6.43409028566518
22 34 23 26 1.83923624 7.3692106269914515
22 34 24 27 0.686794273 6.293081207537666
22 34 25 28 0.386144329 5.458986842452933
22 34 26 29 0.280792097 4.843090763803068
22 34 27 30 0.311765404 5.377317113685475
22 34 28 31 0.420421128 5.9435636721243155
22 34 29 32 0.698225297 6.397823435516775
22 34 30 33 2.55320968 10.229865798421548
22 44 23 28 1.90446336 7.053698813582915
22 44 24 29 0.736072441 6.186144616084797
22 44 25 30 0.391845224 5.41987545101239
22 44 26 31 0.215503227 4.224625733752902
22 44 27 32 0.177997747 4.491183800136607
22 44 28 33 0.148238189 4.470758453221008
22 44 29 34 0.117845023 3.9869960148191357
22 44 30 35 0.122645264 4.390426379842841
22 44 31 36 0.11824727 4.232988022696082
22 44 32 37 0.129741983 4.389500345515076
22 44 33 38 0.14109161 4.2552227084078975
22 44 34 39 0.18326031 4.623967153247241
22 44 35 40 0.245224144 4.80726086426505
22 44 36 41 0.365530846 5.055903549364662
22 44 37 42 0.755542994 6.3497802175610705
22 44 38 43 2.45526611 9.093746832250602
23 35 24 27 2.49662316 10.003142349057335
23 35 25 28 0.808990329 7.412761050367137
23 35 26 29 0.350261809 4.951709666943631
23 35 27 30 0.298518164 5.148829252469485
23 35 28 31 0.295791277 5.101796015477653
23 35 29 32 0.3312244 4.682574637783602
23 35 30 33 0.604010478 5.534535067763506
23 35 31 34 1.36349807 5.463085300736752
23 45 24 29 2.623125 9.715457954717323
23 45 25 30 0.879022244 7.387532013495634
23 45 26 31 0.354519767 4.9036018927257174
23 45 27 32 0.263817694 5.1717602311901745
23 45 28 33 0.199179377 5.025632101420372
23 45 29 34 0.14256943 4.299792709579047
23 45 30 35 0.135637646 4.588965577794903
23 45 31 36 0.121186073 4.338190602849208
23 45 32 37 0.122929296 4.400594090725827
23 45 33 38 0.125082766 4.231867217375439
23 45 34 39 0.148051248 4.465120445487363
23 45 35 40 0.177201171 4.471084842216776
23 45 36 41 0.236646782 4.639114220999637
23 45 37 42 0.392430122 5.427965569552527
23 45 38 43 0.811776805 6.822383819846434
23 45 39 44 1.96065026 7.261802302572538
24 36 25 28 2.27139196 9.100715506614279
24 46 25 30 2.40524088 8.90846476649313
24 46 26 31 0.597268778 5.01960245972617
24 46 27 32 0.395104502 5.464956722234482
24 46 28 33 0.271482594 5.322019390820497
24 46 29 34 0.175869183 4.437476535210641
24 46 30 35 0.154677308 4.664957707102517
24 46 31 36 0.129229111 4.372148584973502
24 46 32 37 0.122060525 4.369494030339945
24 46 33 38 0.11706728 4.190747017581113
24 46 34 39 0.128150855 4.335668449745773
24 46 35 40 0.139179512 4.197555191322357
24 46 36 41 0.17055192 4.30331300871013
24 46 37 42 0.243469074 4.772855282549386
24 46 38 43 0.403013345 5.57434926142136
24 46 39 44 0.649681009 5.460088507780294
24 46 40 45 2.35776089 8.732609690377659
25 37 26 29 1.11370843 4.462260920721073
25 37 27 30 0.603741757 5.5320727829984
25 37 28 31 0.392092779 5.54308107314404
25 37 29 32 0.262212987 4.5226390238786305
25 37 30 33 0.272732853 4.70408524834643
25 37 31 34 0.33479892 4.733108223758096
25 37 32 35 0.786696906 7.208486893099975
25 37 33 36 1.84556365 7.394562463802438
25 47 26 31 1.21295991 4.492527426776348
25 47 27 32 0.657577838 5.5264555166254095
25 47 28 33 0.399509565 5.52588611820911
25 47 29 34 0.230551131 4.519617894020846
25 47 30 35 0.186945528 4.716951427826693
25 47 31 36 0.145774106 4.396443460734908
25 47 32 37 0.128348449 4.342353555917394
25 47 33 38 0.116331229 4.164398036610191
25 47 34 39 0.11889335 4.2561162429222525
25 47 35 40 0.118510633 4.009515289285431
25 47 36 41 0.135260895 4.07937248687981
25 47 37 42 0.172850463 4.361309130905528
25 47 38 43 0.249914095 4.8992004976545775
25 47 39 44 0.332813161 4.6033631918855145
25 47 40 45 0.686474543 5.769310955983368
25 47 41 46 2.03704511 7.544751438863008
26 38 27 30 2.2851977 9.156030535596896
26 38 28 31 0.875608687 8.023183637287598
26 38 29 32 0.391286942 5.531688820947682
26 38 30 33 0.306473543 5.286043308595335
26 38 31 34 0.281873847 4.861748744172593
26 38 32 35 0.440456267 6.226803776856543
26 38 33 36 0.682389545 6.252720779253905
26 38 34 37 1.76639236 7.077349319056757
26 48 27 32 2.419365 8.960777292204785
26 48 28 33 0.934448162 7.8533458724704985
26 48 29 34 0.402483075 5.5670147395760505
26 48 30 35 0.281244082 5.513379093311263
26 48 31 36 0.195645746 4.936472622885734
26 48 32 37 0.155347602 4.685173297881512
26 48 33 38 0.13108045 4.434784078838009
26 48 34 39 0.12420424 4.4462342368502
26 48 35 40 0.113046718 4.046819882599418
26 48 36 41 0.120965448 4.092567906807668
26 48 37 42 0.141174339 4.257717756266831
26 48 38 43 0.18653774 4.706662247821003
26 48 39 44 0.224629615 4.403535229159269
26 48 40 45 0.36863296 5.098810979352482
26 48 41 46 0.726717998 6.107527439326617
26 48 42 47 2.45767089 9.102653590022475
27 39 28 31 2.53281017 10.148131716301993
27 39 29 32 0.671898448 6.156591082235952
27 39 30 33 0.404678469 5.721007073743654
27 39 31 34 0.287150878 4.952766762020875
27 39 32 35 0.326149132 5.62540707408723
27 39 33 36 0.394153265 5.57221050770595
27 39 34 37 0.683289386 6.260966003055985
27 39 35 38 1.53823285 6.163189708031932
27 49 28 33 2.65294095 9.825889447156667
27 49 29 34 0.72227695 6.070203714588804
27 49 30 35 0.42330354 5.8549966268636755
27 49 31 36 0.260634948 5.109367148530678
27 49 32 37 0.187257362 4.7248195263433095
27 49 33 38 0.148188682 4.4692653572769965
27 49 34 39 0.131740488 4.45711483841221
27 49 35 40 0.110534126 3.9568747038065197
27 49 36 41 0.111729592 3.9996697151377787
27 49 37 42 0.120266051 4.068905532438438
27 49 38 43 0.147039239 4.434598973105602
27 49 39 44 0.16339057 4.122620052483509
27 49 40 45 0.228272153 4.474941861835692
27 49 41 46 0.357091498 4.939173237889051
27 49 42 47 0.705848888 5.932138000355648
27 49 43 48 2.11894815 7.848101657203166
28 40 29 32 1.71023425 6.852342366712367
28 40 30 33 0.71182458 6.522433374253533
28 40 31 34 0.37722461 5.332887285881748
28 40 32 35 0.309737553 5.3423408214272605
28 40 33 36 0.298359337 5.146089810779492
28 40 34 37 0.39747984 5.61923885382322
28 40 35 38 0.565015015 5.177220475851453
28 40 36 39 2.12048577 8.496084369601238
28 50 29 34 1.81386727 6.718151516653951
28 50 30 35 0.775831395 6.520289226762135
28 50 31 36 0.397325621 5.495678516464841
28 50 32 37 0.249631611 4.89366281178144
28 50 33 38 0.183467823 4.62920305673268
28 50 34 39 0.15279947 4.608323447274372
28 50 35 40 0.118043621 3.993715088857172
28 50 36 41 0.113134675 4.049968546644788
28 50 37 42 0.113509674 4.063392672846797
28 50 38 43 0.130791825 4.425019163057246
28 50 39 44 0.137488675 4.146560748785227
28 50 40 45 0.175004504 4.415659223572881
28 50 41 46 0.244211795 4.787415242013932
28 50 42 47 0.386647057 5.34797609895199
28 50 43 48 0.727267374 6.112144538399079
28 50 44 49 2.00681749 7.432795214443213
29 41 30 33 2.82866852 11.33353816354781
29 41 31 34 0.836424653 7.66414117334306
29 41 32 35 0.434726055 6.145794813204339
29 41 33 36 0.324155512 5.591021196736368
29 41 34 37 0.339092276 5.848649899760393
29 41 35 38 0.359061159 5.076107546867276
29 41 36 39 0.815690816 7.474157469176603
29 41 37 40 2.60814683 10.449980768316127
29 51 30 35 2.9734971 11.013156465484448
29 51 31 36 0.912871034 7.672006065716651
29 51 32 37 0.425946393 5.891551708355072
29 51 33 38 0.274274181 5.376744373097491
29 51 34 39 0.206867665 5.219620593400469
29 51 35 40 0.141342202 4.262780385075882
29 51 36 41 0.125951238 4.261249827814421
29 51 37 42 0.114753216 4.107908697544192
29 51 38 43 0.122717712 4.393019856345667
29 51 39 44 0.121058339 4.095710644934271
29 51 40 45 0.140662235 4.2422730634898
29 51 41 46 0.17862084 4.506905488948648
29 51 42 47 0.245890078 4.820315526845027
29 51 43 48 0.376681441 5.210134945852682
29 51 44 49 0.708598678 5.955247952116312
29 51 45 50 1.74743462 6.472100101683085
30 42 31 34 2.27309848 9.10755296721106
30 42 32 35 0.681866701 6.247929970884899
30 42 33 36 0.399061595 5.641600388318226
30 42 34 37 0.332969347 5.743041867325912
30 42 35 38 0.262410532 4.526046272071002
30 42 36 39 0.405256492 5.729178681390481
30 42 37 40 0.775074681 7.1019926944547365
30 42 38 41 2.17979888 8.73373236229842
30 52 31 36 2.41762537 8.954334098639185
30 52 32 37 0.72119545 6.061114506747784
30 52 33 38 0.402442151 5.566448692143615
30 52 34 39 0.278318522 5.456027766216574
30 52 35 40 0.170694646 4.306914226758459
30 52 36 41 0.14341892 4.325412724394708
30 52 37 42 0.120464889 4.075632726285178
30 52 38 43 0.121329698 4.343332056895122
30 52 39 44 0.113563965 4.0653361693244765
30 52 40 45 0.122859823 4.156659417703066
30 52 41 46 0.14524749 4.380561096349025
30 52 42 47 0.18144999 4.578289721964567
30 52 43 48 0.244821289 4.799363480900248
30 52 44 49 0.387615457 5.361370692187507
30 52 45 50 0.670200479 5.632539481074394
30 52 46 51 2.60581751 9.65135495108742
31 43 32 35 1.63572932 6.553825781415388
31 43 33 36 0.650198543 5.957755317685463
31 43 34 37 0.429029002 6.065254623870736
31 43 35 38 0.249017562 4.295044865692775
31 43 36 39 0.270143642 4.659426641449679
31 43 37 40 0.336111508 4.751664499439052
31 43 38 41 0.545723179 5.000449795950198
31 43 39 42 1.64408244 6.587293967466645
31 53 32 37 1.73446918 6.424079062966132
31 53 33 38 0.703635529 5.913536354513955
31 53 34 39 0.427250494 5.909589608430488
31 53 35 40 0.227097105 4.45190676352974
31 53 36 41 0.177427051 4.4767841761346086
31 53 37 42 0.135480552 4.085997185927901
31 53 38 43 0.127055743 4.298618033286687
31 53 39 44 0.112078946 4.0121758076478296
31 53 40 45 0.112225907 4.017436683038893
31 53 41 46 0.12312104 4.165497051329758
31 53 42 47 0.139656894 4.211952693250256
31 53 43 48 0.168145046 4.24258351241055
31 53 44 49 0.233653435 4.580434028863804
31 53 45 50 0.326522402 4.516351463315013
31 53 46 51 0.698414919 5.869660987572757
31 53 47 52 1.85149696 6.85752332358044
32 44 33 36 1.56344731 6.26421570053078
32 44 34 37 0.749701191 6.8694959492632615
32 44 35 38 0.325853063 4.606639149917404
32 44 36 39 0.285605936 4.92611966471738
32 44 37 40 0.276638097 4.771442739347315
32 44 38 41 0.361782033 5.1145729968311215
32 44 39 42 0.707757665 6.485168319250443
32 44 40 43 2.33545152 9.357380952871686
32 54 33 38 1.67244982 6.194373469653392
32 54 34 39 0.781631299 6.569033131444485
32 54 35 40 0.335252939 4.6371094061512785
32 54 36 41 0.239761909 4.700181732012401
32 54 37 42 0.164449958 4.149350201060384
32 54 38 43 0.143393213 4.3246374195401875
32 54 39 44 0.119599645 4.046359327273273
32 54 40 45 0.111965325 4.0081084297529594
32 54 41 46 0.115550137 4.136436688490917
32 54 42 47 0.12173964 4.118760785727169
32 54 43 48 0.135221996 4.078199320678543
32 54 44 49 0.17371719 4.383178117042419
32 54 45 50 0.217928378 4.272167273921285
32 54 46 51 0.368555161 5.0977348889361975
32 54 47 52 0.678021271 5.698267455156117
32 54 48 53 2.34985117 8.703313887816368
33 45 34 37 2.60689891 10.444980766073003
33 45 35 38 0.592593343 5.429920104393798
33 45 36 39 0.389822267 5.510982465958146
33 45 37 40 0.269719073 4.652103692461918
33 45 38 41 0.275801398 4.75701138874209
33 45 39 42 0.389433346 5.505484224854226
33 45 40 43 0.756762991 6.934203071349863
33 45 41 44 1.8576445 7.442966429680736
33 55 34 39 2.69676852 9.98821679091361
33 55 35 40 0.644450416 5.416129241105506
33 55 36 41 0.390771584 5.4050252123905596
33 55 37 42 0.226206634 4.434450381302291
33 55 38 43 0.178527095 4.50454014426064
33 55 39 44 0.138798869 4.18607526889893
33 55 40 45 0.120698365 4.08353181152322
33 55 41 46 0.116690211 4.177248790004866
33 55 42 47 0.114124328 4.085395912499621
33 55 43 48 0.117426006 3.972819606969129
33 55 44 49 0.140986882 4.252064186339816
33 55 45 50 0.16231622 4.095512387375384
33 55 46 51 0.233074849 4.569091696134889
33 55 47 52 0.345576568 4.779902478403856
33 55 48 53 0.712226113 5.9857338611729825
33 55 49 54 1.91437336 7.090403197983676
34 46 35 38 1.35619653 5.433830447558456
34 46 36 39 0.668037979 6.121217687507336
34 46 37 40 0.332826723 4.705226945528253
34 46 38 41 0.266681006 4.599703235380981
34 46 39 42 0.284088392 4.899945127012836
34 46 40 43 0.394860031 5.582202176636283
34 46 41 44 0.606563663 5.557929847211335
34 46 42 45 2.24521616 8.995837743043243
34 56 35 40 1.46218945 5.4156169161996655
34 56 36 41 0.711537561 5.979947090726982
34 56 37 42 0.336881717 4.6596381326908904
34 56 38 43 0.237534257 4.656511871026764
34 56 39 44 0.171541726 4.328287485901002
34 56 40 45 0.138824398 4.186845205399923
34 56 41 46 0.126752631 4.288362985552988
34 56 42 47 0.116380938 4.166177507727116
34 56 43 48 0.112549098 4.029006198614543
34 56 44 49 0.128881071 4.36037350905029
34 56 45 50 0.140486907 4.236985295584821
34 56 46 51 0.185230429 4.673676583205033
34 56 47 52 0.249658293 4.894185873386583
34 56 48 53 0.428467373 5.926421082224213
34 56 49 54 0.817497202 6.870459526981103
34 56 50 55 2.23031821 8.260591010682068
35 47 36 39 3.13251902 12.55096650957511
35 47 37 40 0.75221553 6.892534783645445
35 47 38 41 0.404749061 5.722005044632364
35 47 39 42 0.306912949 5.29362216556067
35 47 40 43 0.305361836 5.266868631098072
35 47 41 44 0.344700703 4.873091383044177
35 47 42 45 0.642172251 5.88421057606906
35 47 43 46 1.91384771 7.668154082792134
35 57 36 41 3.25724534 12.064095362961709
35 57 37 42 0.812598976 6.829293559189807
35 57 38 43 0.431721994 5.971437939339841
35 57 39 44 0.267756116 5.248967237151057
35 57 40 45 0.189852235 4.79029255494862
35 57 41 46 0.15715258 4.739610151878547
35 57 42 47 0.129820201 4.392146658836998
35 57 43 48 0.11345015 4.061261846663132
35 57 44 49 0.120928955 4.328986353022387
35 57 45 50 0.121842345 4.12223555636472
35 57 46 51 0.144150034 4.347462603159539
35 57 47 52 0.174637501 4.406399118004233
35 57 48 53 0.255168476 5.002204956086851
35 57 49 54 0.390545045 5.401891798762946
35 57 50 55 0.690985867 5.807225298539245
35 57 51 56 1.50933355 5.590227932206523
36 48 37 40 1.81991198 7.2917847155975215
36 48 38 41 0.654626144 5.998325330778124
36 48 39 42 0.384189034 5.431344510618728
36 48 40 43 0.301235623 5.1956998756975805
36 48 41 44 0.278418887 4.802157733442298
36 48 42 45 0.364038909 5.146478829608606
36 48 43 46 0.661231628 6.058851239134222
36 48 44 47 2.36973357 9.494737776144728
36 58 37 42 1.93356587 7.161487886647195
36 58 38 43 0.724667135 6.0902914522157
36 58 39 44 0.386781989 5.349842434406817
36 58 40 45 0.246613097 4.834489257400775
36 58 41 46 0.189425656 4.77952924627439
36 58 42 47 0.144442203 4.356274212606003
36 58 43 48 0.116679479 3.947562705165521
36 58 44 49 0.117806936 4.21722504949606
36 58 45 50 0.111634147 3.996252997425596
36 58 46 51 0.121634873 4.11521625239983
36 58 47 52 0.135871824 4.097797671439153
36 58 48 53 0.177730697 4.484445677581457
36 58 49 54 0.238145068 4.668485927772834
36 58 50 55 0.349953048 4.84043652363659
36 58 51 56 0.538935801 4.529356919330033
36 58 52 57 2.02080573 7.484604471562297
37 49 38 41 1.70860368 6.845809212617897
37 49 39 42 0.659121612 6.039517207737598
37 49 40 43 0.388292036 5.4893493348526174
37 49 41 44 0.291678579 5.030860366252058
37 49 42 45 0.27403456 4.726537038180378
37 49 43 46 0.338601911 4.786871742400802
37 49 44 47 0.674491837 6.18035425007433
37 49 45 48 2.02908045 8.129853517436453
37 59 38 43 1.84984716 6.851412839888777
37 59 39 44 0.709713348 5.964615929281498
37 59 40 45 0.380596499 5.264286752341179
37 59 41 46 0.264541472 5.185948840831385
37 59 42 47 0.183165954 4.621586391997236
37 59 43 48 0.134215181 4.0478344956463115
37 59 44 49 0.127756718 4.322333795398149
37 59 45 50 0.113728226 4.071216346055796
37 59 46 51 0.11486528 4.1119203383184395
37 59 47 52 0.119659955 4.048399767535682
37 59 48 53 0.143863311 4.338815241203553
37 59 49 54 0.175971142 4.440049132992332
37 59 50 55 0.232480278 4.557436000848511
37 59 51 56 0.30431394 4.209171253818466
37 59 52 57 0.689375514 5.793691472266096
37 59 53 58 2.38574371 8.836251686532787
38 50 39 42 1.58099849 6.334537467446508
38 50 40 43 0.612895591 5.615949167800926
38 50 41 44 0.375967108 5.315109770178913
38 50 42 45 0.274827997 4.740222207554499
38 50 43 46 0.259756871 4.480276034173729
38 50 44 47 0.388438529 5.491420330849327
38 50 45 48 0.68527677 6.279176360064248
38 50 46 49 1.89066221 7.575257461207453
38 60 39 44 1.6818291 6.229112187970484
38 60 40 45 0.637584316 5.3584247473863895
38 60 41 46 0.383639333 5.3063742406860825
38 60 42 47 0.236761261 4.641358414444473
38 60 43 48 0.157010362 3.961636628288246
38 60 44 49 0.141475035 4.266786533974643
38 60 45 50 0.119089507 4.029100064885859
38 60 46 51 0.112535849 4.02853191402165
38 60 47 52 0.110398312 3.9520128661056204
38 60 48 53 0.123927512 4.192782044520036
38 60 49 54 0.141100806 4.255500053233904
38 60 50 55 0.173087267 4.367284095794311
38 60 51 56 0.205746906 4.0333673227438
38 60 52 57 0.367666353 5.085441186308694
38 60 53 58 0.806842053 6.78091087803239
38 60 54 59 2.47916837 9.18227536293546
39 51 40 43 2.1626168 8.664889456870558
39 51 41 44 0.819212107 7.506422983158796
39 51 42 45 0.400736471 5.665278389935958
39 51 43 46 0.257606403 4.443184848845054
39 51 44 47 0.296354252 5.111506185571051
39 51 45 48 0.380481858 5.378935544626488
39 51 46 49 0.656989018 6.0199762946107525
39 51 47 50 1.63292086 6.542573212100269
39 61 40 45 2.24570379 8.317575697114831
39 61 41 46 0.874248685 7.347413779660803
39 61 42 47 0.410337603 5.675656011382107
39 61 43 48 0.220131642 4.315359043818314
39 61 44 49 0.181068092 4.568653790387835
39 61 45 50 0.140006606 4.222499758690948
39 61 46 51 0.121176362 4.099703662362398
39 61 47 52 0.110038083 3.9391174728975757
39 61 48 53 0.114110421 4.084898072977139
39 61 49 54 0.12006459 4.062089595849063
39 61 50 55 0.136384538 4.1132607613827625
39 61 51 56 0.147937928 3.732723794865649
39 61 52 57 0.217186878 4.257631250376831
39 61 53 58 0.347524412 4.806844421884075
39 61 54 59 0.623248162 5.237939973140558
39 61 55 60 1.71242531 6.3424335858560985
40 52 41 44 2.62736916 10.526998279949945
40 52 42 45 0.778501022 7.133388183621427
40 52 43 46 0.333526 4.7151127412153615
40 52 44 47 0.301446706 5.1993406267679205
40 52 45 48 0.295620778 5.0988552556024285
40 52 46 49 0.380762444 5.382902235749839
40 52 47 50 0.6132874 5.619539305272623
40 52 48 51 2.48908003 9.972919524741533
40 62 41 46 2.74722459 10.175094589968278
40 62 42 47 0.834458325 7.013005224774999
40 62 43 48 0.340934472 4.715694519213207
40 62 44 49 0.253116835 4.961985533456013
40 62 45 50 0.179059881 4.517983234931556
40 62 46 51 0.142447947 4.2961288686158206
40 62 47 52 0.120814662 4.087466433993746
40 62 48 53 0.117631599 4.210948376715915
40 62 49 54 0.116704771 4.177770005468109
40 62 50 55 0.126073016 4.265369886416241
40 62 51 56 0.12969213 3.911422491229557
40 62 52 57 0.174535569 4.403827201478145
40 62 53 58 0.249240772 4.886000984531149
40 62 54 59 0.383061838 5.2983865180295915
40 62 55 60 0.742676794 6.241649319804133
40 62 56 61 2.11471954 7.83243984823032
41 53 42 45 2.15933981 8.651759642979687
41 53 43 46 0.528445922 4.842138660259497
41 53 44 47 0.370718172 5.240904685683479
41 53 45 48 0.279452248 4.819981102291509
41 53 46 49 0.271148285 4.676754683393179
41 53 47 50 0.315240103 4.456601962657613
41 53 48 51 0.649395811 5.950399901569625
41 53 49 52 1.74933174 7.0089930636324596
41 63 42 47 2.27220702 8.415737628677073
41 63 43 48 0.578742919 4.863906312815004
41 63 44 49 0.372105365 5.146840153788643
41 63 45 50 0.237016332 4.6463587085260745
41 63 46 51 0.172005409 4.339986991164957
41 63 47 52 0.135518675 4.0871469485205365
41 63 48 53 0.123568517 4.180636333161993
41 63 49 54 0.115123925 4.121179251332923
41 63 50 55 0.117989249 4.223751447487166
41 63 51 56 0.114910473 3.8877127455096847
41 63 52 57 0.142184293 4.288177251308721
41 63 53 58 0.183944472 4.641229716076584
41 63 54 59 0.252928108 4.958285816509992
41 63 55 60 0.406927555 5.628489338650187
41 63 56 61 0.784112248 6.589883673380657
41 63 57 62 2.06272364 7.639858869333895
42 54 43 46 1.60461337 6.429154472519836
42 54 44 47 0.711994134 6.523986993922495
42 54 45 48 0.388734452 5.495603843702055
42 54 46 49 0.282982031 4.880862657107951
42 54 47 50 0.253250884 4.3680610328052145
42 54 48 51 0.364176374 5.148422195262172
42 54 49 52 0.632164659 5.792511225006032
42 54 50 53 2.267162 9.083767457469841
42 64 43 48 1.71844443 6.3647270363338295
42 64 44 49 0.758472697 6.374402205059414
42 64 45 50 0.391065031 5.409084075671418
42 64 46 51 0.243981903 4.7829085454196205
42 64 47 52 0.172501658 4.3525081916138255
42 64 48 53 0.144178736 4.3483282350860355
42 64 49 54 0.124221526 4.202729283838756
42 64 50 55 0.119574966 4.280516572537287
42 64 51 56 0.109507879 3.920137354527101
42 64 52 57 0.124444455 4.210271537316763
42 64 53 58 0.146484438 4.417866569145882
42 64 54 59 0.183236189 4.623358539676176
42 64 55 60 0.258783117 5.0730647088592695
42 64 56 61 0.412060089 5.6994808764418705
42 64 57 62 0.703969207 5.916340671383096
42 64 58 63 2.28086946 8.447821334792968
43 55 44 47 2.34068757 9.378360071521207
43 55 45 48 0.754654776 6.9148855424776485
43 55 46 49 0.390418638 5.519413462344009
43 55 47 50 0.265729476 4.583291284319262
43 55 48 51 0.277105686 4.77950769555994
43 55 49 52 0.34309481 4.850388605613547
43 55 50 53 0.683165508 6.259830911596322
43 55 51 54 1.81496254 7.271953948319003
44 56 45 48 1.8816383 7.539101641730444
44 56 46 49 0.6177022 5.659992023076572
44 56 47 50 0.326341443 4.613543459508125
44 56 48 51 0.274252951 4.730303837339964
44 56 49 52 0.277101039 4.779427544291368
44 56 50 53 0.428483824 6.057547351472092
44 56 51 54 0.762621812 6.987887322635731
44 56 52 55 2.10893572 8.449807143570565
45 57 46 49 2.270534 9.097277944972099
45 57 47 50 0.632799763 5.79833066934964
45 57 48 51 0.365349071 5.165000808522562
45 57 49 52 0.266360267 4.594171142045422
45 57 50 53 0.303408133 5.233171240553229
45 57 51 54 0.386413025 5.462785442661353
45 57 52 55 0.641088641 5.874281480857604
45 57 53 56 1.38693616 5.556993966816746
46 58 47 50 1.91466393 7.671424406074783
46 58 48 51 0.671528643 6.153202566944776
46 58 49 52 0.342176773 4.837410163286391
46 58 50 53 0.292946028 5.052721275483743
46 58 51 54 0.282168897 4.8668377546722725
46 58 52 55 0.347948823 4.91901059772908
46 58 53 56 0.481927794 4.415894050140811
46 58 54 57 1.91277939 7.66387367828193
47 59 48 51 2.33940296 9.373213064596454
47 59 49 52 0.647107603 5.929433100695126
47 59 50 53 0.392216297 5.544827267730278
47 59 51 54 0.289281708 4.989519231917614
47 59 52 55 0.278583907 4.805003991746508
47 59 53 56 0.290430808 4.105868817550273
47 59 54 57 0.636404054 5.831356710553389
47 59 55 58 2.29635931 9.200751411163342
48 60 49 52 1.99552896 7.995423806188811
48 60 50 53 0.694499914 6.363687830911668
48 60 51 54 0.380712954 5.382202587357921
48 60 52 55 0.287774683 4.9635261255008025
48 60 53 56 0.234531079 4.045182591195462
48 60 54 57 0.356652034 5.0420493445601675
48 60 55 58 0.765222174 7.011714383923698
48 60 56 59 2.41133022 9.66140177969179
49 61 50 53 1.90669774 7.6395065204177275
49 61 51 54 0.661473705 6.061069385498231
49 61 52 55 0.377781761 5.340763822580179
49 61 53 56 0.235628279 4.064107052541839
49 61 54 57 0.25083484 4.326389203340079
49 61 55 58 0.3494913 4.94081685258097
49 61 56 59 0.609145955 5.581591333476489
49 61 57 60 1.62674725 6.5178376009648
50 62 51 54 1.67733441 6.720523601247894
50 62 52 55 0.637759035 5.843772372423171
50 62 53 56 0.303980394 4.297421576815798
50 62 54 57 0.255423145 4.4055281029189075
50 62 55 58 0.282869316 4.878918553334111
50 62 56 59 0.397332635 5.617157792163648
50 62 57 60 0.695907178 6.3765825607901805
50 62 58 61 1.97978553 7.932345094961756
51 63 52 55 2.51028084 10.057864150643871
51 63 53 56 0.625710097 5.733368211702125
51 63 54 57 0.358899136 5.073817000667969
51 63 55 58 0.285686845 4.927515179886059
51 63 56 59 0.317513936 5.476467561764597
51 63 57 60 0.406230442 5.742947575132818
51 63 58 61 0.716868243 6.568648350251816
51 63 59 62 1.93964416 7.7715119165191675
52 64 53 56 1.71540173 6.873046748075995
52 64 54 57 0.62803464 5.754667949403072
52 64 55 58 0.352850192 4.988302069522277
52 64 56 59 0.313235046 5.4026654396260625
52 64 57 60 0.301483729 5.199979197978663
52 64 58 61 0.391958418 5.541181589256659
52 64 59 62 0.643316837 5.894698393061982
52 64 60 63 2.15983466 8.653742343080664
