64
# x y z
0.0 0.0 0.0
0.5 0.0 0.0
1.0 0.0 0.0
1.5 0.0 0.0
2.0 0.0 0.0
2.5 0.0 0.0
3.0 0.0 0.0
3.5 0.0 0.0
4.0 0.0 0.0
4.5 0.0 0.0
5.0 0.0 0.0
5.5 0.0 0.0
6.0 0.0 0.0
6.5 0.0 0.0
7.0 0.0 0.0
7.5 0.0 0.0
8.0 0.0 0.0
8.5 0.0 0.0
9.0 0.0 0.0
9.5 0.0 0.0
10.0 0.0 0.0
10.5 0.0 0.0
11.0 0.0 0.0
11.5 0.0 0.0
12.0 0.0 0.0
12.5 0.0 0.0
13.0 0.0 0.0
13.5 0.0 0.0
14.0 0.0 0.0
14.5 0.0 0.0
15.0 0.0 0.0
15.5 0.0 0.0
16.0 0.0 0.0
16.5 0.0 0.0
17.0 0.0 0.0
17.5 0.0 0.0
18.0 0.0 0.0
18.5 0.0 0.0
19.0 0.0 0.0
19.5 0.0 0.0
20.0 0.0 0.0
20.5 0.0 0.0
21.0 0.0 0.0
21.5 0.0 0.0
22.0 0.0 0.0
22.5 0.0 0.0
23.0 0.0 0.0
23.5 0.0 0.0
24.0 0.0 0.0
24.5 0.0 0.0
25.0 0.0 0.0
25.5 0.0 0.0
26.0 0.0 0.0
26.5 0.0 0.0
27.0 0.0 0.0
27.5 0.0 0.0
28.0 0.0 0.0
28.5 0.0 0.0
29.0 0.0 0.0
29.5 0.0 0.0
30.0 0.0 0.0
30.5 0.0 0.0
31.0 0.0 0.0
31.5 0.0 0.0
1400
# a b m n r rhoa k
1 13 2 5 1.88935 7.57002 4.00667
1 13 3 6 0.716708 6.56718 9.16298
1 13 4 7 0.408945 5.78132 14.1372
1 13 5 8 0.295427 5.09551 17.248
1 13 6 9 0.255723 4.41071 17.248
1 13 7 10 0.361523 5.11092 14.1372
1 13 8 11 0.695852 6.37608 9.16298
1 13 9 12 2.00028 8.01444 4.00667
1 23 2 7 2.01864 7.47659 3.70377
1 23 3 8 0.764502 6.42508 8.40426
1 23 4 9 0.401685 5.55598 13.8317
1 23 5 10 0.253388 4.96731 19.6035
1 23 6 11 0.173928 4.3885 25.2317
1 23 7 12 0.13266 4.00092 30.1593
1 23 8 13 0.116025 3.92542 33.8325
1 23 9 14 0.109398 3.91619 35.7978
1 23 10 15 0.100646 3.60291 35.7978
1 23 11 16 0.115791 3.91751 33.8325
1 23 12 17 0.131781 3.97443 30.1593
1 23 13 18 0.168052 4.24023 25.2317
1 23 14 19 0.230869 4.52585 19.6035
1 23 15 20 0.362534 5.01445 13.8317
1 23 16 21 0.810191 6.80906 8.40426
1 23 17 22 2.10789 7.80713 3.70377
1 57 4 16 0.466626 5.38577 11.542
1 57 5 17 0.299701 4.87165 16.255
1 57 6 18 0.207033 4.41828 21.3409
1 57 7 19 0.154876 4.14348 26.7536
1 57 8 20 0.126675 4.10929 32.4396
1 57 9 21 0.110835 4.2492 38.3381
1 57 10 22 0.0931442 4.13383 44.381
1 57 11 23 0.0820133 4.14112 50.4932
1 57 12 24 0.0731171 4.13795 56.5934
1 57 13 25 0.065826 4.12036 62.5948
1 57 14 26 0.0619364 4.23686 68.4065
1 57 15 27 0.0590176 4.36351 73.9358
1 57 16 28 0.0522637 4.1335 79.0892
1 57 17 29 0.0504486 4.22637 83.7758
1 57 18 30 0.0471642 4.14617 87.9092
1 57 19 31 0.0450352 4.11669 91.4105
1 57 20 32 0.0434854 4.09679 94.2106
1 57 21 33 0.042292 4.07073 96.2531
1 57 22 34 0.0421589 4.11032 97.4958
1 57 23 35 0.0435107 4.26026 97.913
1 57 24 36 0.0431624 4.20815 97.4958
1 57 25 37 0.0445777 4.29074 96.2531
1 57 26 38 0.0437493 4.12165 94.2106
1 57 27 39 0.0458998 4.19572 91.4105
1 57 28 40 0.0478518 4.20662 87.9092
1 57 29 41 0.048557 4.0679 83.7758
1 57 30 42 0.0516369 4.08392 79.0892
1 57 31 43 0.056958 4.21124 73.9358
1 57 32 44 0.0583007 3.98815 68.4065
1 57 33 45 0.065646 4.1091 62.5948
1 57 34 46 0.0720063 4.07508 56.5934
1 57 35 47 0.0798622 4.0325 50.4932
1 57 36 48 0.0907734 4.02861 44.381
1 57 37 49 0.107616 4.1258 38.3381
1 57 38 50 0.119867 3.88842 32.4396
1 57 39 51 0.154678 4.13819 26.7536
1 57 40 52 0.196021 4.18328 21.3409
1 57 41 53 0.283549 4.60909 16.255
1 57 42 54 0.413556 4.77325 11.542
2 14 3 6 1.86539 7.474 4.00667
2 14 4 7 0.69038 6.32594 9.16298
2 14 5 8 0.384492 5.43563 14.1372
2 14 6 9 0.259697 4.47925 17.248
2 14 7 10 0.267983 4.62217 17.248
2 14 8 11 0.377079 5.33083 14.1372
2 14 9 12 0.681359 6.24328 9.16298
2 14 10 13 1.74206 6.97986 4.00667
2 24 3 8 1.96868 7.29156 3.70377
2 24 4 9 0.720209 6.05282 8.40426
2 24 5 10 0.380865 5.268 13.8317
2 24 6 11 0.231566 4.53951 19.6035
2 24 7 12 0.160816 4.05766 25.2317
2 24 8 13 0.131074 3.95309 30.1593
2 24 9 14 0.117867 3.98773 33.8325
2 24 10 15 0.102557 3.67131 35.7978
2 24 11 16 0.109606 3.92364 35.7978
2 24 12 17 0.116896 3.95489 33.8325
2 24 13 18 0.138248 4.16945 30.1593
2 24 14 19 0.174336 4.3988 25.2317
2 24 15 20 0.24241 4.7521 19.6035
2 24 16 21 0.414972 5.73976 13.8317
2 24 17 22 0.774513 6.50921 8.40426
2 24 18 23 2.94614 10.9118 3.70377
2 58 5 17 0.441429 5.09495 11.542
2 58 6 18 0.276452 4.49373 16.255
2 58 7 19 0.193582 4.13123 21.3409
2 58 8 20 0.152046 4.06778 26.7536
2 58 9 21 0.129861 4.21264 32.4396
2 58 10 22 0.10667 4.08951 38.3381
2 58 11 23 0.0920743 4.08635 44.381
2 58 12 24 0.0809627 4.08807 50.4932
2 58 13 25 0.0718801 4.06794 56.5934
2 58 14 26 0.0668696 4.18569 62.5948
2 58 15 27 0.0631587 4.32047 68.4065
2 58 16 28 0.0552902 4.08793 73.9358
2 58 17 29 0.0528799 4.18223 79.0892
2 58 18 30 0.0489414 4.1001 83.7758
2 58 19 31 0.0463628 4.07572 87.9092
2 58 20 32 0.0443809 4.05688 91.4105
2 58 21 33 0.0428613 4.03799 94.2106
2 58 22 34 0.0424526 4.08619 96.2531
2 58 23 35 0.0432982 4.22139 97.4958
2 58 24 36 0.0427136 4.18221 97.913
2 58 25 37 0.0437592 4.26634 97.4958
2 58 26 38 0.0426292 4.10319 96.2531
2 58 27 39 0.0443412 4.17741 94.2106
2 58 28 40 0.0459183 4.19741 91.4105
2 58 29 41 0.0462011 4.0615 87.9092
2 58 30 42 0.0486738 4.07769 83.7758
2 58 31 43 0.0531152 4.20084 79.0892
2 58 32 44 0.0539616 3.98969 73.9358
2 58 33 45 0.0599686 4.10225 68.4065
2 58 34 46 0.0649666 4.06657 62.5948
2 58 35 47 0.0707288 4.00279 56.5934
2 58 36 48 0.0791962 3.99887 50.4932
2 58 37 49 0.0917375 4.0714 44.381
2 58 38 50 0.100565 3.85545 38.3381
2 58 39 51 0.124641 4.0433 32.4396
2 58 40 52 0.151591 4.05562 26.7536
2 58 41 53 0.20457 4.36572 21.3409
2 58 42 54 0.272827 4.4348 16.255
2 58 43 55 0.392302 4.52793 11.542
3 15 4 7 1.96875 7.88813 4.00667
3 15 5 8 0.690285 6.32507 9.16298
3 15 6 9 0.347813 4.91709 14.1372
3 15 7 10 0.266466 4.59599 17.248
3 15 8 11 0.296084 5.10684 17.248
3 15 9 12 0.42578 6.01932 14.1372
3 15 10 13 0.741286 6.79239 9.16298
3 15 11 14 1.89723 7.60159 4.00667
3 25 4 9 2.04526 7.57517 3.70377
3 25 5 10 0.719473 6.04664 8.40426
3 25 6 11 0.353469 4.88907 13.8317
3 25 7 12 0.212358 4.16296 19.6035
3 25 8 13 0.157312 3.96924 25.2317
3 25 9 14 0.13343 4.02415 30.1593
3 25 10 15 0.109264 3.69666 33.8325
3 25 11 16 0.108616 3.88822 35.7978
3 25 12 17 0.108933 3.89957 35.7978
3 25 13 18 0.120289 4.06967 33.8325
3 25 14 19 0.141193 4.25829 30.1593
3 25 15 20 0.179818 4.53711 25.2317
3 25 16 21 0.256073 5.01993 19.6035
3 25 17 22 0.392358 5.42697 13.8317
3 25 18 23 0.981387 8.24783 8.40426
3 25 19 24 2.56953 9.51696 3.70377
3 59 6 18 0.411983 4.75508 11.542
3 59 7 19 0.256667 4.17213 16.255
3 59 8 20 0.188732 4.02773 21.3409
3 59 9 21 0.155741 4.16664 26.7536
3 59 10 22 0.124184 4.02846 32.4396
3 59 11 23 0.104538 4.00779 38.3381
3 59 12 24 0.0903676 4.0106 44.381
3 59 13 25 0.0790337 3.99067 50.4932
3 59 14 26 0.0725872 4.10795 56.5934
3 59 15 27 0.0679885 4.25572 62.5948
3 59 16 28 0.0587182 4.01671 68.4065
3 59 17 29 0.0556567 4.11502 73.9358
3 59 18 30 0.0510077 4.03416 79.0892
3 59 19 31 0.0479017 4.013 83.7758
3 59 20 32 0.0454775 3.99789 87.9092
3 59 21 33 0.0435671 3.98249 91.4105
3 59 22 34 0.0428858 4.04029 94.2106
3 59 23 35 0.0432534 4.16327 96.2531
3 59 24 36 0.0424155 4.13533 97.4958
3 59 25 37 0.043132 4.22318 97.913
3 59 26 38 0.0417463 4.07009 97.4958
3 59 27 39 0.0430456 4.14327 96.2531
3 59 28 40 0.0442467 4.16851 94.2106
3 59 29 41 0.044142 4.03504 91.4105
3 59 30 42 0.0460891 4.05166 87.9092
3 59 31 43 0.0498172 4.17348 83.7758
3 59 32 44 0.0502228 3.97208 79.0892
3 59 33 45 0.0551742 4.07935 73.9358
3 59 34 46 0.0591353 4.04524 68.4065
3 59 35 47 0.063251 3.95918 62.5948
3 59 36 48 0.0699276 3.95744 56.5934
3 59 37 49 0.0794734 4.01287 50.4932
3 59 38 50 0.0859045 3.81253 44.381
3 59 39 51 0.103045 3.95056 38.3381
3 59 40 52 0.121244 3.9331 32.4396
3 59 41 53 0.155284 4.15442 26.7536
3 59 42 54 0.194193 4.14427 21.3409
3 59 43 55 0.253374 4.11859 16.255
3 59 44 56 0.343265 3.96194 11.542
4 16 5 8 2.12803 8.5263 4.00667
4 16 6 9 0.671524 6.15316 9.16298
4 16 7 10 0.338325 4.78295 14.1372
4 16 8 11 0.263123 4.53833 17.248
4 16 9 12 0.281486 4.85506 17.248
4 16 10 13 0.346255 4.89506 14.1372
4 16 11 14 0.519818 4.76308 9.16298
4 16 12 15 1.52045 6.09194 4.00667
4 26 5 10 2.21777 8.21413 3.70377
4 26 6 11 0.727623 6.11513 8.40426
4 26 7 12 0.343484 4.75096 13.8317
4 26 8 13 0.218257 4.27861 19.6035
4 26 9 14 0.169662 4.28085 25.2317
4 26 10 15 0.128175 3.86567 30.1593
4 26 11 16 0.1164 3.93811 33.8325
4 26 12 17 0.108471 3.88302 35.7978
4 26 13 18 0.110694 3.96258 35.7978
4 26 14 19 0.120397 4.07335 33.8325
4 26 15 20 0.140695 4.24326 30.1593
4 26 16 21 0.169352 4.27303 25.2317
4 26 17 22 0.218067 4.27488 19.6035
4 26 18 23 0.38394 5.31054 13.8317
4 26 19 24 0.618383 5.19705 8.40426
4 26 20 25 1.48376 5.49549 3.70377
4 60 7 19 0.404793 4.6721 11.542
4 60 8 20 0.263845 4.2888 16.255
4 60 9 21 0.204846 4.37161 21.3409
4 60 10 22 0.155639 4.1639 26.7536
4 60 11 23 0.126075 4.08983 32.4396
4 60 12 24 0.10618 4.07076 38.3381
4 60 13 25 0.0908224 4.03079 44.381
4 60 14 26 0.0819735 4.13911 50.4932
4 60 15 27 0.0758107 4.29039 56.5934
4 60 16 28 0.0643616 4.0287 62.5948
4 60 17 29 0.0602786 4.12345 68.4065
4 60 18 30 0.0545746 4.03502 73.9358
4 60 19 31 0.0507451 4.01339 79.0892
4 60 20 32 0.0476578 3.99257 83.7758
4 60 21 33 0.0452652 3.97923 87.9092
4 60 22 34 0.0442023 4.04055 91.4105
4 60 23 35 0.0440339 4.14846 94.2106
4 60 24 36 0.0429003 4.12928 96.2531
4 60 25 37 0.0432554 4.21722 97.4958
4 60 26 38 0.0415723 4.07047 97.913
4 60 27 39 0.0424919 4.14279 97.4958
4 60 28 40 0.0433392 4.17153 96.2531
4 60 29 41 0.0428819 4.03993 94.2106
4 60 30 42 0.0443891 4.05763 91.4105
4 60 31 43 0.0474808 4.174 87.9092
4 60 32 44 0.047524 3.98136 83.7758
4 60 33 45 0.0516246 4.08295 79.0892
4 60 34 46 0.0548222 4.05332 73.9358
4 60 35 47 0.0577487 3.95039 68.4065
4 60 36 48 0.0631199 3.95098 62.5948
4 60 37 49 0.0706081 3.99595 56.5934
4 60 38 50 0.0755103 3.81276 50.4932
4 60 39 51 0.0884322 3.92471 44.381
4 60 40 52 0.101656 3.89728 38.3381
4 60 41 53 0.125718 4.07824 32.4396
4 60 42 54 0.151102 4.04253 26.7536
4 60 43 55 0.186431 3.9786 21.3409
4 60 44 56 0.232592 3.78079 16.255
4 60 45 57 0.463338 5.34782 11.542
5 17 6 9 2.14421 8.59113 4.00667
5 17 7 10 0.640217 5.86629 9.16298
5 17 8 11 0.348342 4.92457 14.1372
5 17 9 12 0.292874 5.05147 17.248
5 17 10 13 0.284752 4.91139 17.248
5 17 11 14 0.33889 4.79094 14.1372
5 17 12 15 0.642624 5.88835 9.16298
5 17 13 16 2.83563 11.3614 4.00667
5 27 6 11 2.26163 8.37654 3.70377
5 27 7 12 0.687606 5.77882 8.40426
5 27 8 13 0.345964 4.78526 13.8317
5 27 9 14 0.239534 4.69571 19.6035
5 27 10 15 0.164556 4.15204 25.2317
5 27 11 16 0.13618 4.10709 30.1593
5 27 12 17 0.118282 4.00178 33.8325
5 27 13 18 0.112984 4.04456 35.7978
5 27 14 19 0.115755 4.14376 35.7978
5 27 15 20 0.127825 4.32466 33.8325
5 27 16 21 0.140249 4.2298 30.1593
5 27 17 22 0.166796 4.20855 25.2317
5 27 18 23 0.253493 4.96936 19.6035
5 27 19 24 0.352056 4.86953 13.8317
5 27 20 25 0.60356 5.07248 8.40426
5 27 21 26 1.99554 7.39104 3.70377
5 61 8 20 0.408044 4.70963 11.542
5 61 9 21 0.288448 4.68873 16.255
5 61 10 22 0.20426 4.3591 21.3409
5 61 11 23 0.15742 4.21156 26.7536
5 61 12 24 0.128248 4.1603 32.4396
5 61 13 25 0.106655 4.08894 38.3381
5 61 14 26 0.0942647 4.18356 44.381
5 61 15 27 0.0858616 4.33543 50.4932
5 61 16 28 0.07147 4.04473 56.5934
5 61 17 29 0.0661377 4.13987 62.5948
5 61 18 30 0.0589332 4.03142 68.4065
5 61 19 31 0.0542159 4.0085 73.9358
5 61 20 32 0.0503375 3.98115 79.0892
5 61 21 33 0.0473301 3.96512 83.7758
5 61 22 34 0.0458626 4.03175 87.9092
5 61 23 35 0.0450488 4.11793 91.4105
5 61 24 36 0.0435718 4.10493 94.2106
5 61 25 37 0.0435419 4.19104 96.2531
5 61 26 38 0.0415086 4.04691 97.4958
5 61 27 39 0.0420279 4.11508 97.913
5 61 28 40 0.0425455 4.14801 97.4958
5 61 29 41 0.0416961 4.01338 96.2531
5 61 30 42 0.0427734 4.02971 94.2106
5 61 31 43 0.0452895 4.13993 91.4105
5 61 32 44 0.0449469 3.95125 87.9092
5 61 33 45 0.0482516 4.04232 83.7758
5 61 34 46 0.050698 4.00966 79.0892
5 61 35 47 0.0525604 3.88609 73.9358
5 61 36 48 0.056789 3.88474 68.4065
5 61 37 49 0.0624192 3.90712 62.5948
5 61 38 50 0.0660304 3.73688 56.5934
5 61 39 51 0.075393 3.80684 50.4932
5 61 40 52 0.0847149 3.75973 44.381
5 61 41 53 0.101301 3.88368 38.3381
5 61 42 54 0.11722 3.80257 32.4396
5 61 43 55 0.137453 3.67737 26.7536
5 61 44 56 0.160298 3.42092 21.3409
5 61 45 57 0.248072 4.03242 16.255
5 61 46 58 0.392747 4.53307 11.542
6 18 7 10 1.87621 7.51735 4.00667
6 18 8 11 0.618327 5.66572 9.16298
6 18 9 12 0.385803 5.45417 14.1372
6 18 10 13 0.279531 4.82133 17.248
6 18 11 14 0.250176 4.31503 17.248
6 18 12 15 0.317241 4.48488 14.1372
6 18 13 16 0.7951 7.28548 9.16298
6 18 14 17 2.59964 10.4159 4.00667
6 28 7 12 1.99021 7.37127 3.70377
6 28 8 13 0.66708 5.60632 8.40426
6 28 9 14 0.388194 5.36937 13.8317
6 28 10 15 0.235595 4.61849 19.6035
6 28 11 16 0.174702 4.40803 25.2317
6 28 12 17 0.140657 4.2421 30.1593
6 28 13 18 0.124577 4.21476 33.8325
6 28 14 19 0.120128 4.30032 35.7978
6 28 15 20 0.125861 4.50554 35.7978
6 28 16 21 0.127551 4.31539 33.8325
6 28 17 22 0.142404 4.29479 30.1593
6 28 18 23 0.196129 4.94867 25.2317
6 28 19 24 0.250528 4.91124 19.6035
6 28 20 25 0.372454 5.15166 13.8317
6 28 21 26 0.798495 6.71076 8.40426
6 28 22 27 2.90467 10.7582 3.70377
6 62 9 21 0.454997 5.25156 11.542
6 62 10 22 0.290395 4.72037 16.255
6 62 11 23 0.208401 4.44748 21.3409
6 62 12 24 0.162396 4.34467 26.7536
6 62 13 25 0.130238 4.22486 32.4396
6 62 14 26 0.112061 4.29619 38.3381
6 62 15 27 0.100279 4.45046 44.381
6 62 16 28 0.0815339 4.11691 50.4932
6 62 17 29 0.0742657 4.20295 56.5934
6 62 18 30 0.0651826 4.08009 62.5948
6 62 19 31 0.0592231 4.05125 68.4065
6 62 20 32 0.0543487 4.01831 73.9358
6 62 21 33 0.050624 4.00381 79.0892
6 62 22 34 0.0486543 4.07605 83.7758
6 62 23 35 0.0472175 4.15086 87.9092
6 62 24 36 0.0453592 4.14631 91.4105
6 62 25 37 0.0449476 4.23454 94.2106
6 62 26 38 0.0425596 4.09649 96.2531
6 62 27 39 0.042768 4.1697 97.4958
6 62 28 40 0.0430342 4.2136 97.913
6 62 29 41 0.04189 4.0841 97.4958
6 62 30 42 0.0426531 4.1055 96.2531
6 62 31 43 0.0448693 4.22717 94.2106
6 62 32 44 0.0443031 4.04976 91.4105
6 62 33 45 0.0472034 4.14961 87.9092
6 62 34 46 0.0492774 4.12825 83.7758
6 62 35 47 0.0505672 3.99932 79.0892
6 62 36 48 0.0543018 4.01485 73.9358
6 62 37 49 0.0591298 4.04487 68.4065
6 62 38 50 0.0621561 3.89065 62.5948
6 62 39 51 0.0701461 3.96981 56.5934
6 62 40 52 0.0779328 3.93508 50.4932
6 62 41 53 0.0918613 4.0769 44.381
6 62 42 54 0.104698 4.01391 38.3381
6 62 43 55 0.120404 3.90587 32.4396
6 62 44 56 0.137566 3.68039 26.7536
6 62 45 57 0.198008 4.22568 21.3409
6 62 46 58 0.285076 4.63392 16.255
6 62 47 59 0.434773 5.01813 11.542
7 19 8 11 1.64112 6.57542 4.00667
7 19 9 12 0.671783 6.15554 9.16298
7 19 10 13 0.365498 5.16711 14.1372
7 19 11 14 0.256693 4.42743 17.248
7 19 12 15 0.243878 4.2064 17.248
7 19 13 16 0.418699 5.91921 14.1372
7 19 14 17 0.872152 7.99151 9.16298
7 19 15 18 2.99394 11.9957 4.00667
7 29 8 13 1.74649 6.4686 3.70377
7 29 9 14 0.717176 6.02734 8.40426
7 29 10 15 0.363146 5.02291 13.8317
7 29 11 16 0.236035 4.62712 19.6035
7 29 12 17 0.174028 4.39102 25.2317
7 29 13 18 0.14171 4.27387 30.1593
7 29 14 19 0.127372 4.30933 33.8325
7 29 15 20 0.126093 4.51385 35.7978
7 29 16 21 0.116869 4.18365 35.7978
7 29 17 22 0.121682 4.11682 33.8325
7 29 18 23 0.150173 4.52912 30.1593
7 29 19 24 0.176431 4.45165 25.2317
7 29 20 25 0.231943 4.5469 19.6035
7 29 21 26 0.390533 5.40173 13.8317
7 29 22 27 0.900029 7.56407 8.40426
7 29 23 28 2.56848 9.51308 3.70377
7 63 10 22 0.436097 5.03342 11.542
7 63 11 23 0.284086 4.61782 16.255
7 63 12 24 0.209003 4.46032 21.3409
7 63 13 25 0.160502 4.294 26.7536
7 63 14 26 0.133885 4.34319 32.4396
7 63 15 27 0.117413 4.50138 38.3381
7 63 16 28 0.0931078 4.13222 44.381
7 63 17 29 0.083438 4.21306 50.4932
7 63 18 30 0.0719905 4.07419 56.5934
7 63 19 31 0.064688 4.04913 62.5948
7 63 20 32 0.0584954 4.00147 68.4065
7 63 21 33 0.0539752 3.9907 73.9358
7 63 22 34 0.0514559 4.06961 79.0892
7 63 23 35 0.0492534 4.12624 83.7758
7 63 24 36 0.0469893 4.13079 87.9092
7 63 25 37 0.0461785 4.22119 91.4105
7 63 26 38 0.0434047 4.08918 94.2106
7 63 27 39 0.0432666 4.16455 96.2531
7 63 28 40 0.0432272 4.21447 97.4958
7 63 29 41 0.0417544 4.0883 97.913
7 63 30 42 0.0421856 4.11292 97.4958
7 63 31 43 0.0439945 4.2346 96.2531
7 63 32 44 0.0431696 4.06703 94.2106
7 63 33 45 0.0455751 4.16604 91.4105
7 63 34 46 0.0472122 4.15039 87.9092
7 63 35 47 0.0478672 4.01011 83.7758
7 63 36 48 0.050988 4.0326 79.0892
7 63 37 49 0.054911 4.05989 73.9358
7 63 38 50 0.0573255 3.92144 68.4065
7 63 39 51 0.0637616 3.99114 62.5948
7 63 40 52 0.0699785 3.96032 56.5934
7 63 41 53 0.0811215 4.09609 50.4932
7 63 42 54 0.090918 4.03503 44.381
7 63 43 55 0.102435 3.92717 38.3381
7 63 44 56 0.114754 3.72259 32.4396
7 63 45 57 0.155653 4.16427 26.7536
7 63 46 58 0.208852 4.4571 21.3409
7 63 47 59 0.290391 4.72031 16.255
7 63 48 60 0.453522 5.23453 11.542
8 20 9 12 1.85004 7.41248 4.00667
8 20 10 13 0.624965 5.72654 9.16298
8 20 11 14 0.329855 4.66322 14.1372
8 20 12 15 0.235766 4.06648 17.248
8 20 13 16 0.265713 4.58301 17.248
8 20 14 17 0.358212 5.0641 14.1372
8 20 15 18 0.663293 6.07774 9.16298
8 20 16 19 1.83329 7.34539 4.00667
8 30 9 14 1.95155 7.22809 3.70377
8 30 10 15 0.663076 5.57266 8.40426
8 30 11 16 0.352588 4.87688 13.8317
8 30 12 17 0.231925 4.54654 19.6035
8 30 13 18 0.172017 4.34029 25.2317
8 30 14 19 0.144177 4.34826 30.1593
8 30 15 20 0.135231 4.57522 33.8325
8 30 16 21 0.115977 4.1517 35.7978
8 30 17 22 0.114009 4.08128 35.7978
8 30 18 23 0.128803 4.35774 33.8325
8 30 19 24 0.141439 4.26571 30.1593
8 30 20 25 0.169965 4.28851 25.2317
8 30 21 26 0.245078 4.8044 19.6035
8 30 22 27 0.432435 5.98131 13.8317
8 30 23 28 0.837283 7.03674 8.40426
8 30 24 29 2.79147 10.339 3.70377
8 64 11 23 0.415675 4.7977 11.542
8 64 12 24 0.279706 4.54662 16.255
8 64 13 25 0.202106 4.31314 21.3409
8 64 14 26 0.162019 4.33459 26.7536
8 64 15 27 0.138731 4.50036 32.4396
8 64 16 28 0.106786 4.09397 38.3381
8 64 17 29 0.0940533 4.17418 44.381
8 64 18 30 0.079697 4.02416 50.4932
8 64 19 31 0.0706579 3.99877 56.5934
8 64 20 32 0.0630748 3.94815 62.5948
8 64 21 33 0.0576172 3.94139 68.4065
8 64 22 34 0.0545158 4.03067 73.9358
8 64 23 35 0.051529 4.07539 79.0892
8 64 24 36 0.0488127 4.08932 83.7758
8 64 25 37 0.0475889 4.1835 87.9092
8 64 26 38 0.0443889 4.05761 91.4105
8 64 27 39 0.043926 4.13829 94.2106
8 64 28 40 0.0436053 4.19714 96.2531
8 64 29 41 0.0418031 4.07563 97.4958
8 64 30 42 0.0419357 4.10605 97.913
8 64 31 43 0.0433973 4.23105 97.4958
8 64 32 44 0.0423047 4.07196 96.2531
8 64 33 45 0.0443062 4.17411 94.2106
8 64 34 46 0.0455573 4.16442 91.4105
8 64 35 47 0.0456541 4.01342 87.9092
8 64 36 48 0.0482827 4.04492 83.7758
8 64 37 49 0.0514493 4.06908 79.0892
8 64 38 50 0.0533932 3.94766 73.9358
8 64 39 51 0.0586455 4.01174 68.4065
8 64 40 52 0.0636219 3.98239 62.5948
8 64 41 53 0.0727345 4.11629 56.5934
8 64 42 54 0.0803317 4.05621 50.4932
8 64 43 55 0.0889523 3.94779 44.381
8 64 44 56 0.0981611 3.76331 38.3381
8 64 45 57 0.127386 4.13234 32.4396
8 64 46 58 0.162851 4.35684 26.7536
8 64 47 59 0.212961 4.54479 21.3409
8 64 48 60 0.300963 4.89216 16.255
8 64 49 61 0.478612 5.52411 11.542
9 21 10 13 1.66098 6.655 4.00667
9 21 11 14 0.569128 5.21491 9.16298
9 21 12 15 0.31038 4.38789 14.1372
9 21 13 16 0.257535 4.44195 17.248
9 21 14 17 0.266567 4.59774 17.248
9 21 15 18 0.373733 5.28353 14.1372
9 21 16 19 0.594044 5.44322 9.16298
9 21 17 20 1.70564 6.83392 4.00667
9 31 10 15 1.74497 6.46298 3.70377
9 31 11 16 0.626595 5.26607 8.40426
9 31 12 17 0.342252 4.73391 13.8317
9 31 13 18 0.223908 4.38939 19.6035
9 31 14 19 0.172296 4.34731 25.2317
9 31 15 20 0.152554 4.60092 30.1593
9 31 16 21 0.121359 4.1059 33.8325
9 31 17 22 0.113172 4.05129 35.7978
9 31 18 23 0.118295 4.2347 35.7978
9 31 19 24 0.122681 4.1506 33.8325
9 31 20 25 0.137264 4.13979 30.1593
9 31 21 26 0.1784 4.50134 25.2317
9 31 22 27 0.267132 5.23672 19.6035
9 31 23 28 0.413283 5.7164 13.8317
9 31 24 29 0.945438 7.9457 8.40426
9 31 25 30 2.61185 9.67369 3.70377
10 22 11 14 1.94978 7.81211 4.00667
10 22 12 15 0.657007 6.02014 9.16298
10 22 13 16 0.370723 5.24098 14.1372
10 22 14 17 0.287486 4.95854 17.248
10 22 15 18 0.322225 5.55772 17.248
10 22 16 19 0.381667 5.39568 14.1372
10 22 17 20 0.720711 6.60386 9.16298
10 22 18 21 2.80783 11.2501 4.00667
10 32 11 16 2.07082 7.66984 3.70377
10 32 12 17 0.735235 6.17911 8.40426
10 32 13 18 0.376762 5.21125 13.8317
10 32 14 19 0.247974 4.86116 19.6035
10 32 15 20 0.200537 5.05989 25.2317
10 32 16 21 0.142381 4.2941 30.1593
10 32 17 22 0.123895 4.19169 33.8325
10 32 18 23 0.117374 4.20174 35.7978
10 32 19 24 0.113582 4.06598 35.7978
10 32 20 25 0.117284 3.968 33.8325
10 32 21 26 0.138002 4.16204 30.1593
10 32 22 27 0.179796 4.53656 25.2317
10 32 23 28 0.230504 4.51869 19.6035
10 32 24 29 0.396229 5.48052 13.8317
10 32 25 30 0.673073 5.65668 8.40426
10 32 26 31 1.48905 5.51512 3.70377
11 23 12 15 2.00638 8.0389 4.00667
11 23 13 16 0.68876 6.31109 9.16298
11 23 14 17 0.37634 5.32038 14.1372
11 23 15 18 0.323467 5.57914 17.248
11 23 16 19 0.270886 4.67223 17.248
11 23 17 20 0.361623 5.11232 14.1372
11 23 18 21 0.765288 7.01232 9.16298
11 23 19 22 1.99487 7.9928 4.00667
11 33 12 17 2.15959 7.99862 3.70377
11 33 13 18 0.744449 6.25654 8.40426
11 33 14 19 0.39329 5.43986 13.8317
11 33 15 20 0.28498 5.58662 19.6035
11 33 16 21 0.179525 4.52972 25.2317
11 33 17 22 0.146105 4.40642 30.1593
11 33 18 23 0.126232 4.27075 33.8325
11 33 19 24 0.114997 4.11665 35.7978
11 33 20 25 0.111058 3.97563 35.7978
11 33 21 26 0.122119 4.13161 33.8325
11 33 22 27 0.147198 4.4394 30.1593
11 33 23 28 0.171881 4.33684 25.2317
11 33 24 29 0.26166 5.12946 19.6035
11 33 25 30 0.385238 5.32848 13.8317
11 33 26 31 0.626804 5.26783 8.40426
11 33 27 32 1.69236 6.26813 3.70377
12 24 13 16 1.96799 7.8851 4.00667
12 24 14 17 0.663018 6.07522 9.16298
12 24 15 18 0.441664 6.24387 14.1372
12 24 16 19 0.27602 4.76078 17.248
12 24 17 20 0.28976 4.99777 17.248
12 24 18 21 0.410365 5.8014 14.1372
12 24 19 22 0.722901 6.62393 9.16298
12 24 20 23 2.83238 11.3484 4.00667
12 34 13 18 2.07958 7.70228 3.70377
12 34 14 19 0.725345 6.09599 8.40426
12 34 15 20 0.446142 6.17089 13.8317
12 34 16 21 0.241906 4.74221 19.6035
12 34 17 22 0.183543 4.63109 25.2317
12 34 18 23 0.143761 4.33574 30.1593
12 34 19 24 0.122885 4.1575 33.8325
12 34 20 25 0.110974 3.97261 35.7978
12 34 21 26 0.114674 4.10507 35.7978
12 34 22 27 0.129736 4.38929 33.8325
12 34 23 28 0.140441 4.23559 30.1593
12 34 24 29 0.196225 4.9511 25.2317
12 34 25 30 0.265146 5.19779 19.6035
12 34 26 31 0.379842 5.25385 13.8317
12 34 27 32 0.739111 6.21168 8.40426
12 34 28 33 2.71631 10.0606 3.70377
13 25 14 17 1.73986 6.97104 4.00667
13 25 15 18 0.775652 7.10728 9.16298
13 25 16 19 0.350987 4.96196 14.1372
13 25 17 20 0.29469 5.0828 17.248
13 25 18 21 0.294575 5.08082 17.248
13 25 19 22 0.382993 5.41444 14.1372
13 25 20 23 0.930025 8.5218 9.16298
13 25 21 24 2.44051 9.77833 4.00667
13 35 14 19 1.86139 6.89416 3.70377
13 35 15 20 0.821123 6.90094 8.40426
13 35 16 21 0.357245 4.94129 13.8317
13 35 17 22 0.246581 4.83385 19.6035
13 35 18 23 0.171535 4.32811 25.2317
13 35 19 24 0.134841 4.06672 30.1593
13 35 20 25 0.111006 3.7556 33.8325
13 35 21 26 0.105463 3.77532 35.7978
13 35 22 27 0.10927 3.91163 35.7978
13 35 23 28 0.10602 3.58692 33.8325
13 35 24 29 0.130816 3.94533 30.1593
13 35 25 30 0.156961 3.96039 25.2317
13 35 26 31 0.193601 3.79526 19.6035
13 35 27 32 0.288959 3.99678 13.8317
13 35 28 33 0.598792 5.03241 8.40426
13 35 29 34 1.49169 5.52488 3.70377
14 26 15 18 1.97003 7.89325 4.00667
14 26 16 19 0.539927 4.94734 9.16298
14 26 17 20 0.362905 5.13045 14.1372
14 26 18 21 0.259961 4.4838 17.248
14 26 19 22 0.247887 4.27554 17.248
14 26 20 23 0.373727 5.28344 14.1372
14 26 21 24 0.564277 5.17046 9.16298
14 26 22 25 1.3896 5.56766 4.00667
14 36 15 20 2.06771 7.65834 3.70377
14 36 16 21 0.587578 4.93815 8.40426
14 36 17 22 0.358808 4.96291 13.8317
14 36 18 23 0.220439 4.32138 19.6035
14 36 19 24 0.161186 4.06698 25.2317
14 36 20 25 0.123066 3.71158 30.1593
14 36 21 26 0.110967 3.75429 33.8325
14 36 22 27 0.109834 3.93181 35.7978
14 36 23 28 0.100679 3.60409 35.7978
14 36 24 29 0.117266 3.96739 33.8325
14 36 25 30 0.133313 4.02062 30.1593
14 36 26 31 0.154192 3.89052 25.2317
14 36 27 32 0.207907 4.07572 19.6035
14 36 28 33 0.348336 4.81807 13.8317
14 36 29 34 0.657286 5.524 8.40426
14 36 30 35 3.77886 13.996 3.70377
15 27 16 19 1.54436 6.18772 4.00667
15 27 17 20 0.681662 6.24605 9.16298
15 27 18 21 0.340003 4.80668 14.1372
15 27 19 22 0.250455 4.31984 17.248
15 27 20 23 0.275111 4.74511 17.248
15 27 21 24 0.332401 4.69921 14.1372
15 27 22 25 0.557489 5.10826 9.16298
15 27 23 26 1.86628 7.47757 4.00667
15 37 16 21 1.64409 6.08934 3.70377
15 37 17 22 0.70781 5.94862 8.40426
15 37 18 23 0.336087 4.64864 13.8317
15 37 19 24 0.214681 4.20852 19.6035
15 37 20 25 0.144337 3.64187 25.2317
15 37 21 26 0.120627 3.63803 30.1593
15 37 22 27 0.11232 3.80006 33.8325
15 37 23 28 0.0956646 3.42458 35.7978
15 37 24 29 0.103416 3.70207 35.7978
15 37 25 30 0.109691 3.71114 33.8325
15 37 26 31 0.117038 3.52977 30.1593
15 37 27 32 0.141449 3.56899 25.2317
15 37 28 33 0.194478 3.81245 19.6035
15 37 29 34 0.285188 3.94462 13.8317
15 37 30 35 0.910149 7.64913 8.40426
15 37 31 36 2.15438 7.97934 3.70377
16 28 17 20 2.85099 11.423 4.00667
16 28 18 21 0.802984 7.35773 9.16298
16 28 19 22 0.413575 5.84678 14.1372
16 28 20 23 0.289794 4.99836 17.248
16 28 21 24 0.278445 4.80262 17.248
16 28 22 25 0.370177 5.23326 14.1372
16 28 23 26 0.727651 6.66745 9.16298
16 28 24 27 2.78178 11.1457 4.00667
16 38 17 22 2.93966 10.8878 3.70377
16 38 18 23 0.844833 7.1002 8.40426
16 38 19 24 0.421932 5.83603 13.8317
16 38 20 25 0.222155 4.35503 19.6035
16 38 21 26 0.164169 4.14226 25.2317
16 38 22 27 0.14072 4.24402 30.1593
16 38 23 28 0.109576 3.70724 33.8325
16 38 24 29 0.109684 3.92645 35.7978
16 38 25 30 0.109293 3.91246 35.7978
16 38 26 31 0.109357 3.69981 33.8325
16 38 27 32 0.123457 3.72336 30.1593
16 38 28 33 0.153035 3.86134 25.2317
16 38 29 34 0.195181 3.82623 19.6035
16 38 30 35 0.439184 6.07465 13.8317
16 38 31 36 0.708058 5.95071 8.40426
16 38 32 37 1.97671 7.3213 3.70377
17 29 18 21 2.5535 10.231 4.00667
17 29 19 22 0.839065 7.68834 9.16298
17 29 20 23 0.357649 5.05614 14.1372
17 29 21 24 0.263848 4.55084 17.248
17 29 22 25 0.276933 4.77653 17.248
17 29 23 26 0.370108 5.23228 14.1372
17 29 24 27 0.843631 7.73017 9.16298
17 29 25 28 2.47503 9.91664 4.00667
17 39 18 23 2.65191 9.82206 3.70377
17 39 19 24 0.89416 7.51475 8.40426
17 39 20 25 0.343497 4.75114 13.8317
17 39 21 26 0.221239 4.33707 19.6035
17 39 22 27 0.174892 4.41281 25.2317
17 39 23 28 0.124623 3.75856 30.1593
17 39 24 29 0.116015 3.92507 33.8325
17 39 25 30 0.108589 3.88724 35.7978
17 39 26 31 0.101991 3.65105 35.7978
17 39 27 32 0.108408 3.66771 33.8325
17 39 28 33 0.124397 3.75173 30.1593
17 39 29 34 0.144005 3.63348 25.2317
17 39 30 35 0.26567 5.20807 19.6035
17 39 31 36 0.363369 5.02601 13.8317
17 39 32 37 0.703724 5.91428 8.40426
17 39 33 38 1.64742 6.10165 3.70377
18 30 19 22 2.93696 11.7674 4.00667
18 30 20 23 0.636297 5.83037 9.16298
18 30 21 24 0.344913 4.8761 14.1372
18 30 22 25 0.287432 4.95761 17.248
18 30 23 26 0.273053 4.7096 17.248
18 30 24 27 0.421194 5.95449 14.1372
18 30 25 28 0.797527 7.30773 9.16298
18 30 26 29 2.67412 10.7143 4.00667
18 40 19 24 3.05856 11.3282 3.70377
18 40 20 25 0.668116 5.61502 8.40426
18 40 21 26 0.348941 4.82644 13.8317
18 40 22 27 0.248631 4.87405 19.6035
18 40 23 28 0.159269 4.01863 25.2317
18 40 24 29 0.135877 4.09795 30.1593
18 40 25 30 0.118715 4.01642 33.8325
18 40 26 31 0.104164 3.72884 35.7978
18 40 27 32 0.10444 3.73873 35.7978
18 40 28 33 0.112335 3.80057 33.8325
18 40 29 34 0.120107 3.62234 30.1593
18 40 30 35 0.192181 4.84904 25.2317
18 40 31 36 0.237133 4.64864 19.6035
18 40 32 37 0.378239 5.23168 13.8317
18 40 33 38 0.612498 5.14759 8.40426
18 40 34 39 2.61456 9.68374 3.70377
19 31 20 23 1.8286 7.3266 4.00667
19 31 21 24 0.589601 5.4025 9.16298
19 31 22 25 0.38352 5.42189 14.1372
19 31 23 26 0.267353 4.61129 17.248
19 31 24 27 0.299565 5.16689 17.248
19 31 25 28 0.41218 5.82706 14.1372
19 31 26 29 0.887752 8.13445 9.16298
19 31 27 30 2.47314 9.90906 4.00667
19 41 20 25 1.91384 7.08843 3.70377
19 41 21 26 0.636082 5.3458 8.40426
19 41 22 27 0.387437 5.3589 13.8317
19 41 23 28 0.216927 4.25253 19.6035
19 41 24 29 0.168382 4.24856 25.2317
19 41 25 30 0.136758 4.12451 30.1593
19 41 26 31 0.111902 3.78592 33.8325
19 41 27 32 0.107222 3.83829 35.7978
19 41 28 33 0.108785 3.89426 35.7978
19 41 29 34 0.109218 3.69513 33.8325
19 41 30 35 0.158054 4.76679 30.1593
19 41 31 36 0.182771 4.61163 25.2317
19 41 32 37 0.261512 5.12656 19.6035
19 41 33 38 0.362413 5.01279 13.8317
19 41 34 39 0.992894 8.34454 8.40426
19 41 35 40 2.74547 10.1686 3.70377
20 32 21 24 1.69164 6.77785 4.00667
20 32 22 25 0.717745 6.57668 9.16298
20 32 23 26 0.347314 4.91003 14.1372
20 32 24 27 0.27784 4.79217 17.248
20 32 25 28 0.27318 4.71181 17.248
20 32 26 29 0.383993 5.42857 14.1372
20 32 27 30 0.615309 5.63807 9.16298
20 32 28 31 1.38563 5.55177 4.00667
20 42 21 26 1.80098 6.67042 3.70377
20 42 22 27 0.767388 6.44933 8.40426
20 42 23 28 0.343179 4.74674 13.8317
20 42 24 29 0.231747 4.54306 19.6035
20 42 25 30 0.170448 4.3007 25.2317
20 42 26 31 0.127344 3.84059 30.1593
20 42 27 32 0.11425 3.86536 33.8325
20 42 28 33 0.10987 3.93311 35.7978
20 42 29 34 0.103064 3.68945 35.7978
20 42 30 35 0.134714 4.55773 33.8325
20 42 31 36 0.1462 4.4093 30.1593
20 42 32 37 0.190004 4.79411 25.2317
20 42 33 38 0.235886 4.62421 19.6035
20 42 34 39 0.482365 6.67191 13.8317
20 42 35 40 0.932357 7.83577 8.40426
20 42 36 41 2.59 9.59277 3.70377
21 33 22 25 2.79943 11.2164 4.00667
21 33 23 26 0.760591 6.96928 9.16298
21 33 24 27 0.412345 5.82939 14.1372
21 33 25 28 0.293378 5.06017 17.248
21 33 26 29 0.292971 5.05314 17.248
21 33 27 30 0.372372 5.26428 14.1372
21 33 28 31 0.581676 5.32988 9.16298
21 33 29 32 1.56908 6.28678 4.00667
21 43 22 27 2.92352 10.828 3.70377
21 43 23 28 0.795256 6.68354 8.40426
21 43 24 29 0.409964 5.67049 13.8317
21 43 25 30 0.252451 4.94894 19.6035
21 43 26 31 0.161319 4.07034 25.2317
21 43 27 32 0.133039 4.01236 30.1593
21 43 28 33 0.119235 4.03401 33.8325
21 43 29 34 0.102706 3.67664 35.7978
21 43 30 35 0.11935 4.27247 35.7978
21 43 31 36 0.120296 4.06991 33.8325
21 43 32 37 0.140072 4.22448 30.1593
21 43 33 38 0.155633 3.92689 25.2317
21 43 34 39 0.237183 4.64963 19.6035
21 43 35 40 0.3366 4.65574 13.8317
21 43 36 41 0.596095 5.00974 8.40426
21 43 37 42 1.77826 6.58627 3.70377
22 34 23 26 2.00425 8.03038 4.00667
22 34 24 27 0.734027 6.72588 9.16298
22 34 25 28 0.388786 5.49634 14.1372
22 34 26 29 0.277611 4.78823 17.248
22 34 27 30 0.290835 5.01631 17.248
22 34 28 31 0.374043 5.28791 14.1372
22 34 29 32 0.671048 6.1488 9.16298
22 34 30 33 2.58372 10.3521 4.00667
22 44 23 28 2.08451 7.72054 3.70377
22 44 24 29 0.770023 6.47148 8.40426
22 44 25 30 0.391105 5.40964 13.8317
22 44 26 31 0.212334 4.16249 19.6035
22 44 27 32 0.162482 4.0997 25.2317
22 44 28 33 0.13801 4.1623 30.1593
22 44 29 34 0.112135 3.7938 33.8325
22 44 30 35 0.122957 4.40158 35.7978
22 44 31 36 0.117407 4.2029 35.7978
22 44 32 37 0.129405 4.37811 33.8325
22 44 33 38 0.137282 4.14032 30.1593
22 44 34 39 0.188473 4.75548 25.2317
22 44 35 40 0.236616 4.63851 19.6035
22 44 36 41 0.356395 4.92953 13.8317
22 44 37 42 0.719622 6.04789 8.40426
22 44 38 43 2.45473 9.09178 3.70377
23 35 24 27 2.80019 11.2194 4.00667
23 35 25 28 0.898444 8.23242 9.16298
23 35 26 29 0.359951 5.08869 14.1372
23 35 27 30 0.270078 4.6583 17.248
23 35 28 31 0.257373 4.43916 17.248
23 35 29 32 0.293068 4.14315 14.1372
23 35 30 33 0.561334 5.14349 9.16298
23 35 31 34 1.42435 5.7069 4.00667
23 45 24 29 2.91632 10.8014 3.70377
23 45 25 30 0.969586 8.14865 8.40426
23 45 26 31 0.370751 5.1281 13.8317
23 45 27 32 0.245221 4.8072 19.6035
23 45 28 33 0.189018 4.76925 25.2317
23 45 29 34 0.138599 4.18006 30.1593
23 45 30 35 0.133794 4.5266 33.8325
23 45 31 36 0.120571 4.31616 35.7978
23 45 32 37 0.121632 4.35416 35.7978
23 45 33 38 0.121044 4.09523 33.8325
23 45 34 39 0.148093 4.46639 30.1593
23 45 35 40 0.163386 4.12251 25.2317
23 45 36 41 0.216548 4.24511 19.6035
23 45 37 42 0.34032 4.7072 13.8317
23 45 38 43 0.718627 6.03953 8.40426
23 45 39 44 1.69961 6.29496 3.70377
24 36 25 28 2.4506 9.81876 4.00667
24 36 26 29 0.56306 5.15931 9.16298
24 36 27 30 0.338972 4.7921 14.1372
24 36 28 31 0.274674 4.73756 17.248
24 36 29 32 0.249235 4.2988 17.248
24 36 30 33 0.343958 4.8626 14.1372
24 36 31 34 0.626477 5.7404 9.16298
24 36 32 35 3.69987 14.8241 4.00667
24 46 25 30 2.57353 9.53177 3.70377
24 46 26 31 0.608451 5.11358 8.40426
24 46 27 32 0.347385 4.80492 13.8317
24 46 28 33 0.247242 4.84682 19.6035
24 46 29 34 0.16769 4.23111 25.2317
24 46 30 35 0.148941 4.49195 30.1593
24 46 31 36 0.12732 4.30757 33.8325
24 46 32 37 0.120656 4.31923 35.7978
24 46 33 38 0.114835 4.11083 35.7978
24 46 34 39 0.130449 4.4134 33.8325
24 46 35 40 0.131794 3.97482 30.1593
24 46 36 41 0.162044 4.08864 25.2317
24 46 37 42 0.222297 4.3578 19.6035
24 46 38 43 0.383438 5.3036 13.8317
24 46 39 44 0.611477 5.13902 8.40426
24 46 40 45 2.69802 9.99287 3.70377
25 37 26 29 1.3705 5.49114 4.00667
25 37 27 30 0.548569 5.02652 9.16298
25 37 28 31 0.354491 5.0115 14.1372
25 37 29 32 0.245393 4.23253 17.248
25 37 30 33 0.234995 4.05319 17.248
25 37 31 34 0.295219 4.17356 14.1372
25 37 32 35 0.888796 8.14402 9.16298
25 37 33 36 2.07836 8.32728 4.00667
25 47 26 31 1.47222 5.45276 3.70377
25 47 27 32 0.60084 5.04961 8.40426
25 47 28 33 0.371335 5.13618 13.8317
25 47 29 34 0.224929 4.40941 19.6035
25 47 30 35 0.179211 4.5218 25.2317
25 47 31 36 0.143249 4.3203 30.1593
25 47 32 37 0.125704 4.25287 33.8325
25 47 33 38 0.113666 4.06899 35.7978
25 47 34 39 0.119594 4.28119 35.7978
25 47 35 40 0.110055 3.72343 33.8325
25 47 36 41 0.126 3.80008 30.1593
25 47 37 42 0.153753 3.87945 25.2317
25 47 38 43 0.229486 4.49875 19.6035
25 47 39 44 0.296296 4.09827 13.8317
25 47 40 45 0.753648 6.33385 8.40426
25 47 41 46 2.26218 8.3786 3.70377
26 38 27 30 1.88137 7.53801 4.00667
26 38 28 31 0.740841 6.78831 9.16298
26 38 29 32 0.370999 5.24487 14.1372
26 38 30 33 0.262265 4.52354 17.248
26 38 31 34 0.246795 4.25671 17.248
26 38 32 35 0.452009 6.39013 14.1372
26 38 33 36 0.678783 6.21967 9.16298
26 38 34 37 1.90449 7.63066 4.00667
26 48 27 32 1.9984 7.40161 3.70377
26 48 28 33 0.798432 6.71023 8.40426
26 48 29 34 0.382591 5.29188 13.8317
26 48 30 35 0.255279 5.00437 19.6035
26 48 31 36 0.184515 4.65564 25.2317
26 48 32 37 0.146495 4.41817 30.1593
26 48 33 38 0.125243 4.2373 33.8325
26 48 34 39 0.122981 4.40243 35.7978
26 48 35 40 0.103797 3.71571 35.7978
26 48 36 41 0.112428 3.80372 33.8325
26 48 37 42 0.126106 3.80327 30.1593
26 48 38 43 0.172259 4.34638 25.2317
26 48 39 44 0.198521 3.89172 19.6035
26 48 40 45 0.374951 5.1862 13.8317
26 48 41 46 0.757859 6.36924 8.40426
26 48 42 47 2.71053 10.0392 3.70377
27 39 28 31 2.76537 11.0799 4.00667
27 39 29 32 0.833623 7.63847 9.16298
27 39 30 33 0.403298 5.70148 14.1372
27 39 31 34 0.276102 4.7622 17.248
27 39 32 35 0.325506 5.61431 17.248
27 39 33 36 0.377525 5.33713 14.1372
27 39 34 37 0.685589 6.28204 9.16298
27 39 35 38 1.49156 5.9762 4.00667
27 49 28 33 2.89808 10.7338 3.70377
27 49 29 34 0.885341 7.44064 8.40426
27 49 30 35 0.439657 6.08119 13.8317
27 49 31 36 0.2697 5.28708 19.6035
27 49 32 37 0.184786 4.66246 25.2317
27 49 33 38 0.146877 4.4297 30.1593
27 49 34 39 0.133038 4.501 33.8325
27 49 35 40 0.101627 3.63801 35.7978
27 49 36 41 0.103506 3.70529 35.7978
27 49 37 42 0.106061 3.58831 33.8325
27 49 38 43 0.132947 4.00959 30.1593
27 49 39 44 0.139059 3.50868 25.2317
27 49 40 45 0.206295 4.04411 19.6035
27 49 41 46 0.309431 4.27996 13.8317
27 49 42 47 0.631234 5.30506 8.40426
27 49 43 48 1.6564 6.13493 3.70377
28 40 29 32 2.46742 9.88614 4.00667
28 40 30 33 0.782109 7.16645 9.16298
28 40 31 34 0.394707 5.58004 14.1372
28 40 32 35 0.312193 5.3847 17.248
28 40 33 36 0.293015 5.05391 17.248
28 40 34 37 0.399379 5.64609 14.1372
28 40 35 38 0.527043 4.82928 9.16298
28 40 36 39 2.49184 9.98398 4.00667
28 50 29 34 2.57026 9.51966 3.70377
28 50 30 35 0.861009 7.23614 8.40426
28 50 31 36 0.428906 5.93248 13.8317
28 50 32 37 0.247651 4.85484 19.6035
28 50 33 38 0.18309 4.61967 25.2317
28 50 34 39 0.155156 4.6794 30.1593
28 50 35 40 0.109442 3.7027 33.8325
28 50 36 41 0.106692 3.81932 35.7978
28 50 37 42 0.103271 3.69686 35.7978
28 50 38 43 0.123742 4.18651 33.8325
28 50 39 44 0.124033 3.74075 30.1593
28 50 40 45 0.168851 4.26039 25.2317
28 50 41 46 0.229395 4.49696 19.6035
28 50 42 47 0.385616 5.33372 13.8317
28 50 43 48 0.694051 5.83298 8.40426
28 50 44 49 2.41782 8.95505 3.70377
29 41 30 33 2.65263 10.6282 4.00667
29 41 31 34 0.866569 7.94035 9.16298
29 41 32 35 0.424627 6.00302 14.1372
29 41 33 36 0.318794 5.49855 17.248
29 41 34 37 0.339428 5.85444 17.248
29 41 35 38 0.324137 4.58238 14.1372
29 41 36 39 0.927635 8.4999 9.16298
29 41 37 40 2.63176 10.5446 4.00667
29 51 30 35 2.80651 10.3947 3.70377
29 51 31 36 0.952302 8.00339 8.40426
29 51 32 37 0.407053 5.63023 13.8317
29 51 33 38 0.267299 5.24001 19.6035
29 51 34 39 0.205059 5.17399 25.2317
29 51 35 40 0.127562 3.84718 30.1593
29 51 36 41 0.116344 3.93622 33.8325
29 51 37 42 0.102884 3.68301 35.7978
29 51 38 43 0.115289 4.12708 35.7978
29 51 39 44 0.108999 3.6877 33.8325
29 51 40 45 0.134435 4.05448 30.1593
29 51 41 46 0.166146 4.19213 25.2317
29 51 42 47 0.239817 4.70126 19.6035
29 51 43 48 0.350212 4.84401 13.8317
29 51 44 49 0.74804 6.28672 8.40426
29 51 45 50 1.64728 6.10113 3.70377
30 42 31 34 2.46518 9.87716 4.00667
30 42 32 35 0.659794 6.04568 9.16298
30 42 33 36 0.397489 5.61937 14.1372
30 42 34 37 0.338996 5.847 17.248
30 42 35 38 0.240463 4.1475 17.248
30 42 36 39 0.461948 6.53064 14.1372
30 42 37 40 0.876122 8.02789 9.16298
30 42 38 41 2.48999 9.97658 4.00667
30 52 31 36 2.61632 9.69024 3.70377
30 52 32 37 0.685634 5.76225 8.40426
30 52 33 38 0.392411 5.4277 13.8317
30 52 34 39 0.27491 5.38921 19.6035
30 52 35 40 0.152887 3.85759 25.2317
30 52 36 41 0.131652 3.97053 30.1593
30 52 37 42 0.107982 3.65331 33.8325
30 52 38 43 0.114379 4.09451 35.7978
30 52 39 44 0.103241 3.69581 35.7978
30 52 40 45 0.118543 4.0106 33.8325
30 52 41 46 0.137298 4.14081 30.1593
30 52 42 47 0.179978 4.54115 25.2317
30 52 43 48 0.233715 4.58165 19.6035
30 52 44 49 0.409147 5.65918 13.8317
30 52 45 50 0.649086 5.45509 8.40426
30 52 46 51 2.90037 10.7423 3.70377
31 43 32 35 1.43789 5.76114 4.00667
31 43 33 36 0.604351 5.53765 9.16298
31 43 34 37 0.407041 5.7544 14.1372
31 43 35 38 0.210734 3.63473 17.248
31 43 36 39 0.260891 4.49984 17.248
31 43 37 40 0.324921 4.59346 14.1372
31 43 38 41 0.560787 5.13848 9.16298
31 43 39 42 1.67249 6.70111 4.00667
31 53 32 37 1.51362 5.6061 3.70377
31 53 33 38 0.64388 5.41134 8.40426
31 53 34 39 0.396651 5.48635 13.8317
31 53 35 40 0.192721 3.77801 19.6035
31 53 36 41 0.155155 3.91483 25.2317
31 53 37 42 0.116769 3.52167 30.1593
31 53 38 43 0.116388 3.93771 33.8325
31 53 39 44 0.0998387 3.574 35.7978
31 53 40 45 0.106359 3.80741 35.7978
31 53 41 46 0.115296 3.90076 33.8325
31 53 42 47 0.137311 4.14121 30.1593
31 53 43 48 0.159553 4.02578 25.2317
31 53 44 49 0.238762 4.68058 19.6035
31 53 45 50 0.307419 4.25211 13.8317
31 53 46 51 0.771264 6.48191 8.40426
31 53 47 52 2.13814 7.91918 3.70377
32 44 33 36 1.6375 6.56093 4.00667
32 44 34 37 0.743804 6.81546 9.16298
32 44 35 38 0.280214 3.96143 14.1372
32 44 36 39 0.265708 4.58291 17.248
32 44 37 40 0.254696 4.39298 17.248
32 44 38 41 0.348349 4.92466 14.1372
32 44 39 42 0.660776 6.05468 9.16298
32 44 40 43 2.32998 9.33545 4.00667
32 54 33 38 1.72568 6.39152 3.70377
32 54 34 39 0.762536 6.40855 8.40426
32 54 35 40 0.288688 3.99304 13.8317
32 54 36 41 0.209159 4.10026 19.6035
32 54 37 42 0.14023 3.53823 25.2317
32 54 38 43 0.130022 3.92137 30.1593
32 54 39 44 0.105875 3.58202 33.8325
32 54 40 45 0.10557 3.77918 35.7978
32 54 41 46 0.108452 3.88233 35.7978
32 54 42 47 0.120323 4.07082 33.8325
32 54 43 48 0.12936 3.9014 30.1593
32 54 44 49 0.176849 4.4622 25.2317
32 54 45 50 0.203688 3.99301 19.6035
32 54 46 51 0.381676 5.27921 13.8317
32 54 47 52 0.7354 6.18049 8.40426
32 54 48 53 2.49576 9.24373 3.70377
33 45 34 37 2.66708 10.6861 4.00667
33 45 35 38 0.54982 5.03799 9.16298
33 45 36 39 0.355749 5.02928 14.1372
33 45 37 40 0.233586 4.02889 17.248
33 45 38 41 0.245377 4.23225 17.248
33 45 39 42 0.325627 4.60344 14.1372
33 45 40 43 0.661857 6.06458 9.16298
33 45 41 44 1.60975 6.44973 4.00667
33 55 34 39 2.73673 10.1362 3.70377
33 55 35 40 0.595496 5.0047 8.40426
33 55 36 41 0.347138 4.8015 13.8317
33 55 37 42 0.190455 3.73359 19.6035
33 55 38 43 0.157957 3.98553 25.2317
33 55 39 44 0.120159 3.6239 30.1593
33 55 40 45 0.111354 3.7674 33.8325
33 55 41 46 0.108061 3.86834 35.7978
33 55 42 47 0.111804 4.00234 35.7978
33 55 43 48 0.111642 3.77712 33.8325
33 55 44 49 0.141646 4.27194 30.1593
33 55 45 50 0.149819 3.78018 25.2317
33 55 46 51 0.227677 4.46328 19.6035
33 55 47 52 0.339312 4.69325 13.8317
33 55 48 53 0.709075 5.95925 8.40426
33 55 49 54 1.88154 6.96881 3.70377
34 46 35 38 1.41184 5.65676 4.00667
34 46 36 39 0.638633 5.85178 9.16298
34 46 37 40 0.291545 4.12162 14.1372
34 46 38 41 0.238475 4.11321 17.248
34 46 39 42 0.243494 4.19977 17.248
34 46 40 43 0.366125 5.17597 14.1372
34 46 41 44 0.569708 5.22022 9.16298
34 46 42 45 2.59799 10.4093 4.00667
34 56 35 40 1.50257 5.5652 3.70377
34 56 36 41 0.665584 5.59374 8.40426
34 56 37 42 0.287398 3.9752 13.8317
34 56 38 43 0.207834 4.07429 19.6035
34 56 39 44 0.146607 3.69914 25.2317
34 56 40 45 0.126501 3.81518 30.1593
34 56 41 46 0.116757 3.95019 33.8325
34 56 42 47 0.114157 4.08658 35.7978
34 56 43 48 0.107709 3.85574 35.7978
34 56 44 49 0.13059 4.4182 33.8325
34 56 45 50 0.131828 3.97584 30.1593
34 56 46 51 0.18311 4.62017 25.2317
34 56 47 52 0.245811 4.81876 19.6035
34 56 48 53 0.429505 5.94077 13.8317
34 56 49 54 0.801192 6.73343 8.40426
34 56 50 55 2.23031 8.26056 3.70377
35 47 36 39 3.6414 14.5899 4.00667
35 47 37 40 0.831804 7.6218 9.16298
35 47 38 41 0.405322 5.7301 14.1372
35 47 39 42 0.27552 4.75215 17.248
35 47 40 43 0.282558 4.87355 17.248
35 47 41 44 0.312853 4.42285 14.1372
35 47 42 45 0.725354 6.6464 9.16298
35 47 43 46 2.15262 8.62484 4.00667
35 57 36 41 3.75555 13.9097 3.70377
35 57 37 42 0.8868 7.4529 8.40426
35 57 38 43 0.434588 6.01107 13.8317
35 57 39 44 0.25188 4.93773 19.6035
35 57 40 45 0.18409 4.64491 25.2317
35 57 41 46 0.151826 4.57896 30.1593
35 57 42 47 0.131778 4.4584 33.8325
35 57 43 48 0.110204 3.94505 35.7978
35 57 44 49 0.122645 4.39043 35.7978
35 57 45 50 0.11401 3.85724 33.8325
35 57 46 51 0.139551 4.20877 30.1593
35 57 47 52 0.164775 4.15755 25.2317
35 57 48 53 0.240405 4.71278 19.6035
35 57 49 54 0.350574 4.84903 13.8317
35 57 50 55 0.618176 5.19531 8.40426
35 57 51 56 1.38682 5.13646 3.70377
36 48 37 40 2.03011 8.134 4.00667
36 48 38 41 0.639302 5.85791 9.16298
36 48 39 42 0.338269 4.78217 14.1372
36 48 40 43 0.274774 4.73929 17.248
36 48 41 44 0.249872 4.30978 17.248
36 48 42 45 0.380986 5.38606 14.1372
36 48 43 46 0.699142 6.40622 9.16298
36 48 44 47 2.63502 10.5577 4.00667
36 58 37 42 2.12821 7.88242 3.70377
36 58 38 43 0.705007 5.92506 8.40426
36 58 39 44 0.350323 4.84555 13.8317
36 58 40 45 0.230328 4.51524 19.6035
36 58 41 46 0.177916 4.48913 25.2317
36 58 42 47 0.14439 4.35469 30.1593
36 58 43 48 0.112465 3.80498 33.8325
36 58 44 49 0.119122 4.26431 35.7978
36 58 45 50 0.10536 3.77166 35.7978
36 58 46 51 0.119959 4.05853 33.8325
36 58 47 52 0.131318 3.96046 30.1593
36 58 48 53 0.174243 4.39644 25.2317
36 58 49 54 0.225953 4.42947 19.6035
36 58 50 55 0.340245 4.70615 13.8317
36 58 51 56 0.54538 4.58351 8.40426
36 58 52 57 2.71543 10.0573 3.70377
37 49 38 41 1.82884 7.32755 4.00667
37 49 39 42 0.622412 5.70314 9.16298
37 49 40 43 0.36427 5.14975 14.1372
37 49 41 44 0.264383 4.56006 17.248
37 49 42 45 0.263954 4.55266 17.248
37 49 43 46 0.29681 4.19605 14.1372
37 49 44 47 0.611519 5.60333 9.16298
37 49 45 48 1.57408 6.30681 4.00667
37 59 38 43 1.96659 7.2838 3.70377
37 59 39 44 0.683449 5.74388 8.40426
37 59 40 45 0.366581 5.07043 13.8317
37 59 41 46 0.252989 4.95948 19.6035
37 59 42 47 0.185227 4.67358 25.2317
37 59 43 48 0.129476 3.9049 30.1593
37 59 44 49 0.128567 4.34973 33.8325
37 59 45 50 0.106833 3.82438 35.7978
37 59 46 51 0.112424 4.02452 35.7978
37 59 47 52 0.113887 3.85309 33.8325
37 59 48 53 0.138165 4.16697 30.1593
37 59 49 54 0.161919 4.08548 25.2317
37 59 50 55 0.217444 4.26268 19.6035
37 59 51 56 0.283659 3.92347 13.8317
37 59 52 57 0.830225 6.97743 8.40426
37 59 53 58 2.63199 9.74831 3.70377
38 50 39 42 1.52875 6.12519 4.00667
38 50 40 43 0.580228 5.31661 9.16298
38 50 41 44 0.34684 4.90334 14.1372
38 50 42 45 0.275959 4.75973 17.248
38 50 43 46 0.24204 4.1747 17.248
38 50 44 47 0.389525 5.50678 14.1372
38 50 45 48 0.647705 5.9349 9.16298
38 50 46 49 2.30724 9.24435 4.00667
38 60 39 44 1.63493 6.05542 3.70377
38 60 40 45 0.606251 5.09509 8.40426
38 60 41 46 0.358619 4.9603 13.8317
38 60 42 47 0.235079 4.60838 19.6035
38 60 43 48 0.147749 3.72796 25.2317
38 60 44 49 0.138926 4.1899 30.1593
38 60 45 50 0.109808 3.71509 33.8325
38 60 46 51 0.108899 3.89835 35.7978
38 60 47 52 0.10406 3.72511 35.7978
38 60 48 53 0.118423 4.00656 33.8325
38 60 49 54 0.12925 3.89808 30.1593
38 60 50 55 0.1618 4.08248 25.2317
38 60 51 56 0.188052 3.68648 19.6035
38 60 52 57 0.407546 5.63705 13.8317
38 60 53 58 0.923539 7.76166 8.40426
38 60 54 59 2.68588 9.9479 3.70377
39 51 40 43 2.50155 10.0229 4.00667
39 51 41 44 0.91827 8.41409 9.16298
39 51 42 45 0.46703 6.60247 14.1372
39 51 43 46 0.252177 4.34954 17.248
39 51 44 47 0.29685 5.12007 17.248
39 51 45 48 0.351082 4.9633 14.1372
39 51 46 49 0.702808 6.43982 9.16298
39 51 47 50 1.53334 6.14358 4.00667
39 61 40 45 2.59458 9.60975 3.70377
39 61 41 46 0.979792 8.23443 8.40426
39 61 42 47 0.474943 6.56925 13.8317
39 61 43 48 0.222631 4.36436 19.6035
39 61 44 49 0.184867 4.66452 25.2317
39 61 45 50 0.13217 3.98614 30.1593
39 61 46 51 0.119273 4.0353 33.8325
39 61 47 52 0.104415 3.73782 35.7978
39 61 48 53 0.109246 3.91075 35.7978
39 61 49 54 0.109218 3.69511 33.8325
39 61 50 55 0.126705 3.82133 30.1593
39 61 51 56 0.131558 3.31942 25.2317
39 61 52 57 0.210823 4.13287 19.6035
39 61 53 58 0.336781 4.65825 13.8317
39 61 54 59 0.617389 5.1887 8.40426
39 61 55 60 1.72434 6.38658 3.70377
40 52 41 44 2.64302 10.5897 4.00667
40 52 42 45 0.901802 8.26319 9.16298
40 52 43 46 0.329601 4.65963 14.1372
40 52 44 47 0.30091 5.19008 17.248
40 52 45 48 0.275107 4.74503 17.248
40 52 46 49 0.404584 5.71967 14.1372
40 52 47 50 0.589969 5.40588 9.16298
40 52 48 51 2.78866 11.1732 4.00667
40 62 41 46 2.76295 10.2333 3.70377
40 62 42 47 0.950153 7.98533 8.40426
40 62 43 48 0.340092 4.70404 13.8317
40 62 44 49 0.251856 4.93728 19.6035
40 62 45 50 0.165143 4.16684 25.2317
40 62 46 51 0.138545 4.17841 30.1593
40 62 47 52 0.113811 3.85052 33.8325
40 62 48 53 0.112663 4.0331 35.7978
40 62 49 54 0.106729 3.82068 35.7978
40 62 50 55 0.119188 4.03243 33.8325
40 62 51 56 0.11791 3.55607 30.1593
40 62 52 57 0.1704 4.29948 25.2317
40 62 53 58 0.240373 4.71217 19.6035
40 62 54 59 0.377606 5.22292 13.8317
40 62 55 60 0.734853 6.1759 8.40426
40 62 56 61 2.18838 8.10525 3.70377
41 53 42 45 2.50551 10.0387 4.00667
41 53 43 46 0.544351 4.98788 9.16298
41 53 44 47 0.369428 5.22266 14.1372
41 53 45 48 0.255292 4.40327 17.248
41 53 46 49 0.277273 4.7824 17.248
41 53 47 50 0.292593 4.13643 14.1372
41 53 48 51 0.723445 6.62891 9.16298
41 53 49 52 2.02763 8.12406 4.00667
41 63 42 47 2.60546 9.65003 3.70377
41 63 43 48 0.59535 5.00348 8.40426
41 63 44 49 0.369651 5.11289 13.8317
41 63 45 50 0.215377 4.22216 19.6035
41 63 46 51 0.165785 4.18304 25.2317
41 63 47 52 0.126388 3.81177 30.1593
41 63 48 53 0.117599 3.97869 33.8325
41 63 49 54 0.104834 3.75284 35.7978
41 63 50 55 0.112282 4.01945 35.7978
41 63 51 56 0.105601 3.57273 33.8325
41 63 52 57 0.138867 4.18813 30.1593
41 63 53 58 0.176495 4.45327 25.2317
41 63 54 59 0.247667 4.85516 19.6035
41 63 55 60 0.397101 5.49257 13.8317
41 63 56 61 0.792951 6.66416 8.40426
41 63 57 62 1.91135 7.07919 3.70377
42 54 43 46 1.67079 6.6943 4.00667
42 54 44 47 0.697704 6.39305 9.16298
42 54 45 48 0.342696 4.84475 14.1372
42 54 46 49 0.280412 4.83654 17.248
42 54 47 50 0.228976 3.94937 17.248
42 54 48 51 0.372699 5.26891 14.1372
42 54 49 52 0.678359 6.21579 9.16298
42 54 50 53 2.41915 9.69274 4.00667
42 64 43 48 1.77939 6.59046 3.70377
42 64 44 49 0.738933 6.21019 8.40426
42 64 45 50 0.342192 4.73308 13.8317
42 64 46 51 0.22925 4.49412 19.6035
42 64 47 52 0.156712 3.95412 25.2317
42 64 48 53 0.134391 4.05315 30.1593
42 64 49 54 0.1111 3.75879 33.8325
42 64 50 55 0.113646 4.06828 35.7978
42 64 51 56 0.101403 3.63 35.7978
42 64 52 57 0.122478 4.14375 33.8325
42 64 53 58 0.142367 4.29368 30.1593
42 64 54 59 0.183125 4.62054 25.2317
42 64 55 60 0.259426 5.08567 19.6035
42 64 56 61 0.431978 5.97498 13.8317
42 64 57 62 0.723088 6.07702 8.40426
42 64 58 63 2.41373 8.93991 3.70377
43 55 44 47 2.35752 9.4458 4.00667
43 55 45 48 0.664043 6.08461 9.16298
43 55 46 49 0.386501 5.46403 14.1372
43 55 47 50 0.238955 4.12149 17.248
43 55 48 51 0.264163 4.55628 17.248
43 55 49 52 0.323939 4.57958 14.1372
43 55 50 53 0.683979 6.26728 9.16298
43 55 51 54 1.78692 7.1596 4.00667
44 56 45 48 1.633 6.54288 4.00667
44 56 46 49 0.608556 5.57619 9.16298
44 56 47 50 0.294052 4.15707 14.1372
44 56 48 51 0.257224 4.43658 17.248
44 56 49 52 0.25336 4.36994 17.248
44 56 50 53 0.427859 6.04871 14.1372
44 56 51 54 0.746686 6.84187 9.16298
44 56 52 55 2.10305 8.42621 4.00667
45 57 46 49 2.62755 10.5277 4.00667
45 57 47 50 0.694461 6.36333 9.16298
45 57 48 51 0.370738 5.24118 14.1372
45 57 49 52 0.233085 4.02023 17.248
45 57 50 53 0.288398 4.97427 17.248
45 57 51 54 0.34844 4.92595 14.1372
45 57 52 55 0.569139 5.215 9.16298
45 57 53 56 1.2695 5.08648 4.00667
46 58 47 50 2.14444 8.59207 4.00667
46 58 48 51 0.710597 6.51119 9.16298
46 58 49 52 0.29144 4.12014 14.1372
46 58 50 53 0.281619 4.85735 17.248
46 58 51 54 0.265001 4.57073 17.248
46 58 52 55 0.33386 4.71983 14.1372
46 58 53 56 0.486613 4.45882 9.16298
46 58 54 57 2.61069 10.4602 4.00667
47 59 48 51 2.59159 10.3836 4.00667
47 59 49 52 0.559414 5.1259 9.16298
47 59 50 53 0.38637 5.46217 14.1372
47 59 51 54 0.271229 4.67814 17.248
47 59 52 55 0.261947 4.51806 17.248
47 59 53 56 0.269613 3.81156 14.1372
47 59 54 57 0.783544 7.1796 9.16298
47 59 55 58 2.54887 10.2125 4.00667
48 60 49 52 1.53166 6.13685 4.00667
48 60 50 53 0.663753 6.08195 9.16298
48 60 51 54 0.349015 4.93408 14.1372
48 60 52 55 0.269286 4.64464 17.248
48 60 53 56 0.212854 3.6713 17.248
48 60 54 57 0.399915 5.65366 14.1372
48 60 55 58 0.888273 8.13923 9.16298
48 60 56 59 2.62863 10.532 4.00667
49 61 50 53 2.30053 9.21747 4.00667
49 61 51 54 0.684505 6.27211 9.16298
49 61 52 55 0.385857 5.45493 14.1372
49 61 53 56 0.221929 3.82783 17.248
49 61 54 57 0.250985 4.32897 17.248
49 61 55 58 0.344399 4.86883 14.1372
49 61 56 59 0.61411 5.62707 9.16298
49 61 57 60 1.63197 6.53876 4.00667
50 62 51 54 1.57269 6.30126 4.00667
50 62 52 55 0.620019 5.68122 9.16298
50 62 53 56 0.280843 3.97032 14.1372
50 62 54 57 0.24804 4.27818 17.248
50 62 55 58 0.271239 4.67831 17.248
50 62 56 59 0.396372 5.60357 14.1372
50 62 57 60 0.682732 6.25586 9.16298
50 62 58 61 2.05492 8.23337 4.00667
51 63 52 55 2.7998 11.2179 4.00667
51 63 53 56 0.689457 6.31748 9.16298
51 63 54 57 0.375433 5.30756 14.1372
51 63 55 58 0.276929 4.77645 17.248
51 63 56 59 0.318007 5.48497 17.248
51 63 57 60 0.390985 5.52742 14.1372
51 63 58 61 0.726885 6.66043 9.16298
51 63 59 62 1.79144 7.17769 4.00667
52 64 53 56 2.00351 8.02739 4.00667
52 64 54 57 0.695887 6.3764 9.16298
52 64 55 58 0.349125 4.93563 14.1372
52 64 56 59 0.319553 5.51163 17.248
52 64 57 60 0.29442 5.07815 17.248
52 64 58 61 0.411259 5.81403 14.1372
52 64 59 62 0.66084 6.05526 9.16298
52 64 60 63 2.28834 9.1686 4.00667
