64
# x y z
0.0 0.0 0.0
0.5 0.0 0.0
1.0 0.0 0.0
1.5 0.0 0.0
2.0 0.0 0.0
2.5 0.0 0.0
3.0 0.0 0.0
3.5 0.0 0.0
4.0 0.0 0.0
4.5 0.0 0.0
5.0 0.0 0.0
5.5 0.0 0.0
6.0 0.0 0.0
6.5 0.0 0.0
7.0 0.0 0.0
7.5 0.0 0.0
8.0 0.0 0.0
8.5 0.0 0.0
9.0 0.0 0.0
9.5 0.0 0.0
10.0 0.0 0.0
10.5 0.0 0.0
11.0 0.0 0.0
11.5 0.0 0.0
12.0 0.0 0.0
12.5 0.0 0.0
13.0 0.0 0.0
13.5 0.0 0.0
14.0 0.0 0.0
14.5 0.0 0.0
15.0 0.0 0.0
15.5 0.0 0.0
16.0 0.0 0.0
16.5 0.0 0.0
17.0 0.0 0.0
17.5 0.0 0.0
18.0 0.0 0.0
18.5 0.0 0.0
19.0 0.0 0.0
19.5 0.0 0.0
20.0 0.0 0.0
20.5 0.0 0.0
21.0 0.0 0.0
21.5 0.0 0.0
22.0 0.0 0.0
22.5 0.0 0.0
23.0 0.0 0.0
23.5 0.0 0.0
24.0 0.0 0.0
24.5 0.0 0.0
25.0 0.0 0.0
25.5 0.0 0.0
26.0 0.0 0.0
26.5 0.0 0.0
27.0 0.0 0.0
27.5 0.0 0.0
28.0 0.0 0.0
28.5 0.0 0.0
29.0 0.0 0.0
29.5 0.0 0.0
30.0 0.0 0.0
30.5 0.0 0.0
31.0 0.0 0.0
31.5 0.0 0.0
1400
# a b m n r rhoa k
1 13 2 5 1.99624 7.99828 4.00667
1 13 3 6 0.728003 6.67067 9.16298
1 13 4 7 0.43667 6.17328 14.1372
1 13 5 8 0.311891 5.37949 17.248
1 13 6 9 0.29639 5.11213 17.248
1 13 7 10 0.397904 5.62524 14.1372
1 13 8 11 0.731463 6.70238 9.16298
1 13 9 12 2.07871 8.32869 4.00667
1 23 2 7 2.124 7.86681 3.70377
1 23 3 8 0.785541 6.60189 8.40426
1 23 4 9 0.433454 5.99539 13.8317
1 23 5 10 0.267952 5.2528 19.6035
1 23 6 11 0.19378 4.88939 25.2317
1 23 7 12 0.14859 4.48137 30.1593
1 23 8 13 0.131474 4.44809 33.8325
1 23 9 14 0.124888 4.47073 35.7978
1 23 10 15 0.120769 4.32325 35.7978
1 23 11 16 0.132381 4.47879 33.8325
1 23 12 17 0.155718 4.69635 30.1593
1 23 13 18 0.195552 4.9341 25.2317
1 23 14 19 0.278548 5.46053 19.6035
1 23 15 20 0.419647 5.80441 13.8317
1 23 16 21 0.817359 6.8693 8.40426
1 23 17 22 2.30673 8.5436 3.70377
1 57 4 16 0.500581 5.77768 11.542
1 57 5 17 0.316129 5.13869 16.255
1 57 6 18 0.226271 4.82883 21.3409
1 57 7 19 0.168246 4.5012 26.7536
1 57 8 20 0.135276 4.38828 32.4396
1 57 9 21 0.114472 4.38863 38.3381
1 57 10 22 0.0967457 4.29367 44.381
1 57 11 23 0.0840748 4.24521 50.4932
1 57 12 24 0.074614 4.22266 56.5934
1 57 13 25 0.0663663 4.15418 62.5948
1 57 14 26 0.0606181 4.14668 68.4065
1 57 15 27 0.0567914 4.19892 73.9358
1 57 16 28 0.0527917 4.17526 79.0892
1 57 17 29 0.0495648 4.15233 83.7758
1 57 18 30 0.0474793 4.17387 87.9092
1 57 19 31 0.0457256 4.1798 91.4105
1 57 20 32 0.0445481 4.1969 94.2106
1 57 21 33 0.0436067 4.19728 96.2531
1 57 22 34 0.0431494 4.20689 97.4958
1 57 23 35 0.0430483 4.21498 97.913
1 57 24 36 0.0430374 4.19597 97.4958
1 57 25 37 0.0435655 4.19331 96.2531
1 57 26 38 0.0441797 4.1622 94.2106
1 57 27 39 0.0454347 4.15321 91.4105
1 57 28 40 0.0472602 4.15461 87.9092
1 57 29 41 0.0496239 4.15728 83.7758
1 57 30 42 0.0529052 4.18423 79.0892
1 57 31 43 0.056382 4.16865 73.9358
1 57 32 44 0.0606189 4.14673 68.4065
1 57 33 45 0.0667043 4.17534 62.5948
1 57 34 46 0.0738392 4.17881 56.5934
1 57 35 47 0.0825326 4.16734 50.4932
1 57 36 48 0.0952909 4.2291 44.381
1 57 37 49 0.111901 4.29007 38.3381
1 57 38 50 0.133726 4.33802 32.4396
1 57 39 51 0.169344 4.53055 26.7536
1 57 40 52 0.22077 4.71145 21.3409
1 57 41 53 0.308681 5.01761 16.255
1 57 42 54 0.466943 5.38944 11.542
2 14 3 6 1.94848 7.80693 4.00667
2 14 4 7 0.751629 6.88716 9.16298
2 14 5 8 0.407018 5.75407 14.1372
2 14 6 9 0.300873 5.18945 17.248
2 14 7 10 0.298036 5.14052 17.248
2 14 8 11 0.402535 5.6907 14.1372
2 14 9 12 0.713748 6.54005 9.16298
2 14 10 13 1.91012 7.65321 4.00667
2 24 3 8 2.0728 7.67718 3.70377
2 24 4 9 0.795379 6.68457 8.40426
2 24 5 10 0.410692 5.68056 13.8317
2 24 6 11 0.26478 5.19063 19.6035
2 24 7 12 0.18433 4.65095 25.2317
2 24 8 13 0.150392 4.53573 30.1593
2 24 9 14 0.133597 4.51992 33.8325
2 24 10 15 0.1205 4.31365 35.7978
2 24 11 16 0.122281 4.37738 35.7978
2 24 12 17 0.133349 4.51155 33.8325
2 24 13 18 0.153843 4.6398 30.1593
2 24 14 19 0.199605 5.03636 25.2317
2 24 15 20 0.270608 5.30488 19.6035
2 24 16 21 0.436965 6.04395 13.8317
2 24 17 22 0.86447 7.26523 8.40426
2 24 18 23 2.45039 9.07569 3.70377
2 58 5 17 0.476522 5.49999 11.542
2 58 6 18 0.311961 5.07093 16.255
2 58 7 19 0.217338 4.63819 21.3409
2 58 8 20 0.167541 4.48232 26.7536
2 58 9 21 0.137559 4.46236 32.4396
2 58 10 22 0.113191 4.33952 38.3381
2 58 11 23 0.096247 4.27154 44.381
2 58 12 24 0.0840184 4.24236 50.4932
2 58 13 25 0.0734625 4.15749 56.5934
2 58 14 26 0.0662013 4.14385 62.5948
2 58 15 27 0.0613378 4.19591 68.4065
2 58 16 28 0.0563755 4.16816 73.9358
2 58 17 29 0.0523695 4.14186 79.0892
2 58 18 30 0.0496522 4.15966 83.7758
2 58 19 31 0.0473624 4.16359 87.9092
2 58 20 32 0.0457483 4.18187 91.4105
2 58 21 33 0.0444323 4.18599 94.2106
2 58 22 34 0.043591 4.19577 96.2531
2 58 23 35 0.0431089 4.20294 97.4958
2 58 24 36 0.0427727 4.188 97.913
2 58 25 37 0.0429434 4.1868 97.4958
2 58 26 38 0.0431979 4.15793 96.2531
2 58 27 39 0.0440818 4.15298 94.2106
2 58 28 40 0.0454701 4.15644 91.4105
2 58 29 41 0.0473026 4.15834 87.9092
2 58 30 42 0.0499215 4.18221 83.7758
2 58 31 43 0.0526324 4.16265 79.0892
2 58 32 44 0.0560373 4.14316 73.9358
2 58 33 45 0.0609002 4.16597 68.4065
2 58 34 46 0.0664591 4.15999 62.5948
2 58 35 47 0.0731798 4.14149 56.5934
2 58 36 48 0.0829458 4.1882 50.4932
2 58 37 49 0.0953694 4.23259 44.381
2 58 38 50 0.111223 4.26406 38.3381
2 58 39 51 0.136033 4.41284 32.4396
2 58 40 52 0.169798 4.54272 26.7536
2 58 41 53 0.223234 4.76403 21.3409
2 58 42 54 0.308529 5.01514 16.255
2 58 43 55 0.464615 5.36256 11.542
3 15 4 7 2.11946 8.49198 4.00667
3 15 5 8 0.715345 6.55469 9.16298
3 15 6 9 0.400798 5.66615 14.1372
3 15 7 10 0.300245 5.17861 17.248
3 15 8 11 0.315678 5.4448 17.248
3 15 9 12 0.432702 6.11719 14.1372
3 15 10 13 0.763687 6.99765 9.16298
3 15 11 14 2.06785 8.2852 4.00667
3 25 4 9 2.22253 8.23174 3.70377
3 25 5 10 0.761885 6.40308 8.40426
3 25 6 11 0.408153 5.64544 13.8317
3 25 7 12 0.250226 4.90532 19.6035
3 25 8 13 0.185471 4.67974 25.2317
3 25 9 14 0.152976 4.61366 30.1593
3 25 10 15 0.128556 4.34937 33.8325
3 25 11 16 0.120879 4.3272 35.7978
3 25 12 17 0.12247 4.38415 35.7978
3 25 13 18 0.130361 4.41043 33.8325
3 25 14 19 0.155209 4.681 30.1593
3 25 15 20 0.19268 4.86164 25.2317
3 25 16 21 0.271428 5.32094 19.6035
3 25 17 22 0.441095 6.10108 13.8317
3 25 18 23 0.848922 7.13456 8.40426
3 25 19 24 2.24592 8.31837 3.70377
3 59 6 18 0.472633 5.45511 11.542
3 59 7 19 0.297837 4.84134 16.255
3 59 8 20 0.215803 4.60544 21.3409
3 59 9 21 0.170221 4.55402 26.7536
3 59 10 22 0.1355 4.39555 32.4396
3 59 11 23 0.11221 4.30192 38.3381
3 59 12 24 0.0959589 4.25875 44.381
3 59 13 25 0.0824054 4.16091 50.4932
3 59 14 26 0.0731483 4.13971 56.5934
3 59 15 27 0.0669826 4.19276 62.5948
3 59 16 28 0.0607933 4.15866 68.4065
3 59 17 29 0.0558698 4.13077 73.9358
3 59 18 30 0.0524379 4.14727 79.0892
3 59 19 31 0.0494805 4.14527 83.7758
3 59 20 32 0.0474305 4.16957 87.9092
3 59 21 33 0.0456341 4.17144 91.4105
3 59 22 34 0.0443727 4.18038 94.2106
3 59 23 35 0.0435062 4.1876 96.2531
3 59 24 36 0.0428182 4.17459 97.4958
3 59 25 37 0.0426533 4.17631 97.913
3 59 26 38 0.0425915 4.15249 97.4958
3 59 27 39 0.0430962 4.14814 96.2531
3 59 28 40 0.0440732 4.15216 94.2106
3 59 29 41 0.0454293 4.15271 91.4105
3 59 30 42 0.047432 4.16971 87.9092
3 59 31 43 0.0495126 4.14796 83.7758
3 59 32 44 0.0522031 4.12871 79.0892
3 59 33 45 0.056127 4.14979 73.9358
3 59 34 46 0.0604951 4.13826 68.4065
3 59 35 47 0.0656724 4.11074 62.5948
3 59 36 48 0.0733149 4.14914 56.5934
3 59 37 49 0.0827255 4.17708 50.4932
3 59 38 50 0.0945445 4.19598 44.381
3 59 39 51 0.112468 4.31182 38.3381
3 59 40 52 0.135696 4.40191 32.4396
3 59 41 53 0.170548 4.56277 26.7536
3 59 42 54 0.221626 4.72971 21.3409
3 59 43 55 0.304959 4.95712 16.255
3 59 44 56 0.46774 5.39863 11.542
4 16 5 8 2.01318 8.06613 4.00667
4 16 6 9 0.714817 6.54985 9.16298
4 16 7 10 0.386527 5.4644 14.1372
4 16 8 11 0.305865 5.27554 17.248
4 16 9 12 0.324323 5.59392 17.248
4 16 10 13 0.431625 6.10196 14.1372
4 16 11 14 0.736913 6.75232 9.16298
4 16 12 15 1.92786 7.72431 4.00667
4 26 5 10 2.12285 7.86255 3.70377
4 26 6 11 0.77105 6.4801 8.40426
4 26 7 12 0.388894 5.37905 13.8317
4 26 8 13 0.25356 4.97066 19.6035
4 26 9 14 0.191426 4.83 25.2317
4 26 10 15 0.14881 4.488 30.1593
4 26 11 16 0.129725 4.38894 33.8325
4 26 12 17 0.12228 4.37734 35.7978
4 26 13 18 0.120693 4.32052 35.7978
4 26 14 19 0.133082 4.50251 33.8325
4 26 15 20 0.153445 4.62781 30.1593
4 26 16 21 0.194936 4.91857 25.2317
4 26 17 22 0.2783 5.45566 19.6035
4 26 18 23 0.444742 6.15152 13.8317
4 26 19 24 0.808653 6.79613 8.40426
4 26 20 25 2.16929 8.03454 3.70377
4 60 7 19 0.454264 5.24309 11.542
4 60 8 20 0.298399 4.85048 16.255
4 60 9 21 0.221796 4.73334 21.3409
4 60 10 22 0.168821 4.51658 26.7536
4 60 11 23 0.135105 4.38274 32.4396
4 60 12 24 0.11259 4.31649 38.3381
4 60 13 25 0.0944851 4.19334 44.381
4 60 14 26 0.0824148 4.16139 50.4932
4 60 15 27 0.07431 4.20545 56.5934
4 60 16 28 0.0664628 4.16022 62.5948
4 60 17 29 0.0603188 4.1262 68.4065
4 60 18 30 0.0559932 4.1399 73.9358
4 60 19 31 0.0522443 4.13196 79.0892
4 60 20 32 0.0496139 4.15644 83.7758
4 60 21 33 0.0473112 4.15909 87.9092
4 60 22 34 0.0455597 4.16463 91.4105
4 60 23 35 0.0442879 4.17239 94.2106
4 60 24 36 0.0432409 4.16207 96.2531
4 60 25 37 0.0427163 4.16466 97.4958
4 60 26 38 0.0423443 4.14606 97.913
4 60 27 39 0.0425171 4.14523 97.4958
4 60 28 40 0.0430966 4.14818 96.2531
4 60 29 41 0.0440525 4.15021 94.2106
4 60 30 42 0.0455943 4.1678 91.4105
4 60 31 43 0.0471348 4.14358 87.9092
4 60 32 44 0.0492604 4.12683 83.7758
4 60 33 45 0.052408 4.14491 79.0892
4 60 34 46 0.0558767 4.13129 73.9358
4 60 35 47 0.059932 4.09974 68.4065
4 60 36 48 0.0659817 4.13011 62.5948
4 60 37 49 0.0733315 4.15008 56.5934
4 60 38 50 0.0823971 4.1605 50.4932
4 60 39 51 0.095821 4.25263 44.381
4 60 40 52 0.112612 4.31732 38.3381
4 60 41 53 0.136852 4.43943 32.4396
4 60 42 54 0.170283 4.55568 26.7536
4 60 43 55 0.220903 4.71427 21.3409
4 60 44 56 0.308962 5.02218 16.255
4 60 45 57 0.481339 5.5556 11.542
5 17 6 9 2.14704 8.60246 4.00667
5 17 7 10 0.707059 6.47877 9.16298
5 17 8 11 0.401113 5.67059 14.1372
5 17 9 12 0.322757 5.56691 17.248
5 17 10 13 0.326852 5.63752 17.248
5 17 11 14 0.420033 5.93807 14.1372
5 17 12 15 0.709421 6.50041 9.16298
5 17 13 16 2.09893 8.40973 4.00667
5 27 6 11 2.27451 8.42427 3.70377
5 27 7 12 0.761644 6.40106 8.40426
5 27 8 13 0.404547 5.59557 13.8317
5 27 9 14 0.270532 5.30338 19.6035
5 27 10 15 0.191036 4.82016 25.2317
5 27 11 16 0.152638 4.60345 30.1593
5 27 12 17 0.13349 4.51632 33.8325
5 27 13 18 0.121913 4.36421 35.7978
5 27 14 19 0.124719 4.46465 35.7978
5 27 15 20 0.13452 4.55116 33.8325
5 27 16 21 0.156882 4.73144 30.1593
5 27 17 22 0.203429 5.13286 25.2317
5 27 18 23 0.289773 5.68058 19.6035
5 27 19 24 0.446577 6.17691 13.8317
5 27 20 25 0.817383 6.8695 8.40426
5 27 21 26 2.22725 8.24923 3.70377
5 61 8 20 0.468175 5.40366 11.542
5 61 9 21 0.316366 5.14253 16.255
5 61 10 22 0.225013 4.80199 21.3409
5 61 11 23 0.17173 4.59438 26.7536
5 61 12 24 0.138183 4.4826 32.4396
5 61 13 25 0.112439 4.31068 38.3381
5 61 14 26 0.0957647 4.25013 44.381
5 61 15 27 0.0849272 4.28825 50.4932
5 61 16 28 0.0745701 4.22018 56.5934
5 61 17 29 0.0666487 4.17186 62.5948
5 61 18 30 0.0610078 4.17333 68.4065
5 61 19 31 0.0562068 4.15569 73.9358
5 61 20 32 0.0528209 4.17757 79.0892
5 61 21 33 0.0498066 4.17259 83.7758
5 61 22 34 0.0474787 4.17381 87.9092
5 61 23 35 0.0456521 4.17308 91.4105
5 61 24 36 0.0442042 4.16451 94.2106
5 61 25 37 0.0432802 4.16585 96.2531
5 61 26 38 0.0425474 4.14819 97.4958
5 61 27 39 0.0423818 4.14973 97.913
5 61 28 40 0.0425607 4.14949 97.4958
5 61 29 41 0.0431023 4.14873 96.2531
5 61 30 42 0.0442077 4.16484 94.2106
5 61 31 43 0.0452386 4.13529 91.4105
5 61 32 44 0.0468758 4.12082 87.9092
5 61 33 45 0.0493569 4.13491 83.7758
5 61 34 46 0.0520445 4.11616 79.0892
5 61 35 47 0.0551943 4.08084 73.9358
5 61 36 48 0.0600001 4.1044 68.4065
5 61 37 49 0.0657093 4.11306 62.5948
5 61 38 50 0.0727445 4.11686 56.5934
5 61 39 51 0.0829979 4.19083 50.4932
5 61 40 52 0.0952591 4.22769 44.381
5 61 41 53 0.112535 4.31437 38.3381
5 61 42 54 0.135142 4.38396 32.4396
5 61 43 55 0.167608 4.48413 26.7536
5 61 44 56 0.219609 4.68666 21.3409
5 61 45 57 0.3088 5.01955 16.255
5 61 46 58 0.472765 5.45663 11.542
6 18 7 10 1.96397 7.86899 4.00667
6 18 8 11 0.687448 6.29907 9.16298
6 18 9 12 0.414077 5.85388 14.1372
6 18 10 13 0.321434 5.54409 17.248
6 18 11 14 0.321084 5.53804 17.248
6 18 12 15 0.412032 5.82496 14.1372
6 18 13 16 0.785177 7.19456 9.16298
6 18 14 17 2.2889 9.17085 4.00667
6 28 7 12 2.08293 7.71468 3.70377
6 28 8 13 0.740278 6.22149 8.40426
6 28 9 14 0.415153 5.74226 13.8317
6 28 10 15 0.261182 5.12008 19.6035
6 28 11 16 0.189955 4.79288 25.2317
6 28 12 17 0.153663 4.63437 30.1593
6 28 13 18 0.129893 4.39462 33.8325
6 28 14 19 0.123374 4.4165 35.7978
6 28 15 20 0.124692 4.4637 35.7978
6 28 16 21 0.134235 4.54149 33.8325
6 28 17 22 0.159587 4.81304 30.1593
6 28 18 23 0.207333 5.23136 25.2317
6 28 19 24 0.286352 5.61351 19.6035
6 28 20 25 0.445937 6.16805 13.8317
6 28 21 26 0.830802 6.98227 8.40426
6 28 22 27 2.39872 8.8843 3.70377
6 62 9 21 0.478732 5.5255 11.542
6 62 10 22 0.310317 5.04421 16.255
6 62 11 23 0.222756 4.75382 21.3409
6 62 12 24 0.172072 4.60355 26.7536
6 62 13 25 0.135206 4.38604 32.4396
6 62 14 26 0.11212 4.29846 38.3381
6 62 15 27 0.0975771 4.33057 44.381
6 62 16 28 0.0840886 4.24591 50.4932
6 62 17 29 0.0740002 4.18792 56.5934
6 62 18 30 0.0668231 4.18278 62.5948
6 62 19 31 0.0607367 4.15479 68.4065
6 62 20 32 0.0565184 4.17873 73.9358
6 62 21 33 0.052745 4.17156 79.0892
6 62 22 34 0.0497699 4.16951 83.7758
6 62 23 35 0.0474199 4.16865 87.9092
6 62 24 36 0.0454771 4.15708 91.4105
6 62 25 37 0.0441605 4.16038 94.2106
6 62 26 38 0.0430904 4.14758 96.2531
6 62 27 39 0.0425919 4.15254 97.4958
6 62 28 40 0.0424249 4.15395 97.913
6 62 29 41 0.0426304 4.15628 97.4958
6 62 30 42 0.0433302 4.17067 96.2531
6 62 31 43 0.0439823 4.1436 94.2106
6 62 32 44 0.0451838 4.13027 91.4105
6 62 33 45 0.0471784 4.14741 87.9092
6 62 34 46 0.0492804 4.1285 83.7758
6 62 35 47 0.0517458 4.09253 79.0892
6 62 36 48 0.055684 4.11704 73.9358
6 62 37 49 0.060277 4.12334 68.4065
6 62 38 50 0.0659027 4.12516 62.5948
6 62 39 51 0.0740453 4.19048 56.5934
6 62 40 52 0.0835622 4.21933 50.4932
6 62 41 53 0.0966889 4.29115 44.381
6 62 42 54 0.113213 4.34038 38.3381
6 62 43 55 0.136072 4.41412 32.4396
6 62 44 56 0.171003 4.57495 26.7536
6 62 45 57 0.22622 4.82775 21.3409
6 62 46 58 0.316773 5.14916 16.255
6 62 47 59 0.486412 5.61414 11.542
7 19 8 11 1.97321 7.90602 4.00667
7 19 9 12 0.737266 6.75555 9.16298
7 19 10 13 0.417006 5.89529 14.1372
7 19 11 14 0.315778 5.44653 17.248
7 19 12 15 0.307799 5.3089 17.248
7 19 13 16 0.417745 5.90572 14.1372
7 19 14 17 0.751178 6.88302 9.16298
7 19 15 18 2.16357 8.66869 4.00667
7 29 8 13 2.0968 7.76609 3.70377
7 29 9 14 0.793824 6.67151 8.40426
7 29 10 15 0.413706 5.72224 13.8317
7 29 11 16 0.265403 5.20284 19.6035
7 29 12 17 0.1957 4.93783 25.2317
7 29 13 18 0.151556 4.57083 30.1593
7 29 14 19 0.132954 4.49817 33.8325
7 29 15 20 0.125717 4.50038 35.7978
7 29 16 21 0.125034 4.47594 35.7978
7 29 17 22 0.136758 4.62688 33.8325
7 29 18 23 0.163244 4.92332 30.1593
7 29 19 24 0.205692 5.18995 25.2317
7 29 20 25 0.286844 5.62316 19.6035
7 29 21 26 0.445168 6.15741 13.8317
7 29 22 27 0.860437 7.23134 8.40426
7 29 23 28 2.43945 9.03516 3.70377
7 63 10 22 0.482407 5.56792 11.542
7 63 11 23 0.314288 5.10876 16.255
7 63 12 24 0.228395 4.87416 21.3409
7 63 13 25 0.170939 4.57323 26.7536
7 63 14 26 0.136839 4.439 32.4396
7 63 15 27 0.116122 4.4519 38.3381
7 63 16 28 0.0978141 4.34109 44.381
7 63 17 29 0.0844001 4.26163 50.4932
7 63 18 30 0.0748319 4.23499 56.5934
7 63 19 31 0.0669349 4.18977 62.5948
7 63 20 32 0.0615125 4.20786 68.4065
7 63 21 33 0.0567588 4.19651 73.9358
7 63 22 34 0.0529509 4.18784 79.0892
7 63 23 35 0.0498806 4.17879 83.7758
7 63 24 36 0.0473883 4.16587 87.9092
7 63 25 37 0.045557 4.16439 91.4105
7 63 26 38 0.0440509 4.15007 94.2106
7 63 27 39 0.0431798 4.15619 96.2531
7 63 28 40 0.0426152 4.15481 97.4958
7 63 29 41 0.0424644 4.15782 97.913
7 63 30 42 0.0427694 4.16984 97.4958
7 63 31 43 0.0429907 4.13798 96.2531
7 63 32 44 0.0438138 4.12772 94.2106
7 63 33 45 0.0452819 4.13924 91.4105
7 63 34 46 0.0468444 4.11806 87.9092
7 63 35 47 0.0486793 4.07815 83.7758
7 63 36 48 0.0518219 4.09855 79.0892
7 63 37 49 0.0554766 4.1017 73.9358
7 63 38 50 0.0599474 4.10079 68.4065
7 63 39 51 0.0663637 4.15402 62.5948
7 63 40 52 0.0737198 4.17206 56.5934
7 63 41 53 0.0836671 4.22462 50.4932
7 63 42 54 0.0957776 4.25071 44.381
7 63 43 55 0.112072 4.29661 38.3381
7 63 44 56 0.136062 4.41378 32.4396
7 63 45 57 0.171793 4.59608 26.7536
7 63 46 58 0.225872 4.82031 21.3409
7 63 47 59 0.3162 5.13983 16.255
7 63 48 60 0.475539 5.48865 11.542
8 20 9 12 1.91869 7.68757 4.00667
8 20 10 13 0.688918 6.31255 9.16298
8 20 11 14 0.396975 5.6121 14.1372
8 20 12 15 0.305535 5.26986 17.248
8 20 13 16 0.314468 5.42394 17.248
8 20 14 17 0.428664 6.06009 14.1372
8 20 15 18 0.781044 7.15669 9.16298
8 20 16 19 2.2417 8.98173 4.00667
8 30 9 14 2.03761 7.54683 3.70377
8 30 10 15 0.730477 6.13912 8.40426
8 30 11 16 0.394002 5.44971 13.8317
8 30 12 17 0.261282 5.12205 19.6035
8 30 13 18 0.184906 4.66549 25.2317
8 30 14 19 0.149982 4.52334 30.1593
8 30 15 20 0.133217 4.50706 33.8325
8 30 16 21 0.123111 4.40709 35.7978
8 30 17 22 0.124625 4.46129 35.7978
8 30 18 23 0.13766 4.65739 33.8325
8 30 19 24 0.159819 4.82002 30.1593
8 30 20 25 0.20425 5.15358 25.2317
8 30 21 26 0.281346 5.51538 19.6035
8 30 22 27 0.448968 6.20998 13.8317
8 30 23 28 0.875168 7.35514 8.40426
8 30 24 29 2.33356 8.64297 3.70377
8 64 11 23 0.460042 5.30978 11.542
8 64 12 24 0.308294 5.01132 16.255
8 64 13 25 0.217394 4.63939 21.3409
8 64 14 26 0.167097 4.47046 26.7536
8 64 15 27 0.138023 4.47741 32.4396
8 64 16 28 0.113366 4.34622 38.3381
8 64 17 29 0.0957505 4.2495 44.381
8 64 18 30 0.0835946 4.22096 50.4932
8 64 19 31 0.073524 4.16097 56.5934
8 64 20 32 0.066774 4.1797 62.5948
8 64 21 33 0.0608931 4.16549 68.4065
8 64 22 34 0.0562094 4.15589 73.9358
8 64 23 35 0.0524041 4.1446 79.0892
8 64 24 36 0.0493293 4.13261 83.7758
8 64 25 37 0.047015 4.13305 87.9092
8 64 26 38 0.0451255 4.12495 91.4105
8 64 27 39 0.0439292 4.1386 94.2106
8 64 28 40 0.0430066 4.13952 96.2531
8 64 29 41 0.042514 4.14493 97.4958
8 64 30 42 0.042489 4.16023 97.913
8 64 31 43 0.0423474 4.1287 97.4958
8 64 32 44 0.0428201 4.12156 96.2531
8 64 33 45 0.0438997 4.13582 94.2106
8 64 34 46 0.0450215 4.11543 91.4105
8 64 35 47 0.046361 4.07556 87.9092
8 64 36 48 0.0489012 4.09673 83.7758
8 64 37 49 0.0518226 4.09861 79.0892
8 64 38 50 0.0554646 4.10082 73.9358
8 64 39 51 0.0606625 4.14971 68.4065
8 64 40 52 0.0664581 4.15993 62.5948
8 64 41 53 0.0742856 4.20407 56.5934
8 64 42 54 0.0835432 4.21836 50.4932
8 64 43 55 0.0957031 4.2474 44.381
8 64 44 56 0.113228 4.34096 38.3381
8 64 45 57 0.138158 4.48179 32.4396
8 64 46 58 0.174032 4.65598 26.7536
8 64 47 59 0.229749 4.90306 21.3409
8 64 48 60 0.317736 5.16481 16.255
8 64 49 61 0.488487 5.6381 11.542
9 21 10 13 1.86152 7.45849 4.00667
9 21 11 14 0.669174 6.13163 9.16298
9 21 12 15 0.389672 5.50886 14.1372
9 21 13 16 0.300501 5.18302 17.248
9 21 14 17 0.315408 5.44015 17.248
9 21 15 18 0.43549 6.15659 14.1372
9 21 16 19 0.776661 7.11653 9.16298
9 21 17 20 1.98605 7.95746 4.00667
9 31 10 15 1.96288 7.27005 3.70377
9 31 11 16 0.711669 5.98105 8.40426
9 31 12 17 0.395298 5.46764 13.8317
9 31 13 18 0.247345 4.84884 19.6035
9 31 14 19 0.182472 4.60409 25.2317
9 31 15 20 0.151156 4.55877 30.1593
9 31 16 21 0.129502 4.38136 33.8325
9 31 17 22 0.121155 4.33707 35.7978
9 31 18 23 0.12378 4.43103 35.7978
9 31 19 24 0.132518 4.48343 33.8325
9 31 20 25 0.156037 4.70596 30.1593
9 31 21 26 0.194488 4.90726 25.2317
9 31 22 27 0.270657 5.30584 19.6035
9 31 23 28 0.433967 6.0025 13.8317
9 31 24 29 0.791255 6.64991 8.40426
9 31 25 30 2.19112 8.11542 3.70377
10 22 11 14 2.06588 8.27728 4.00667
10 22 12 15 0.744088 6.81807 9.16298
10 22 13 16 0.401639 5.67803 14.1372
10 22 14 17 0.311538 5.37339 17.248
10 22 15 18 0.330771 5.70513 17.248
10 22 16 19 0.439669 6.21568 14.1372
10 22 17 20 0.723069 6.62547 9.16298
10 22 18 21 2.15103 8.61847 4.00667
10 32 11 16 2.17725 8.06405 3.70377
10 32 12 17 0.803806 6.75539 8.40426
10 32 13 18 0.404996 5.60177 13.8317
10 32 14 19 0.259215 5.08152 19.6035
10 32 15 20 0.196027 4.94608 25.2317
10 32 16 21 0.153776 4.63776 30.1593
10 32 17 22 0.132278 4.4753 33.8325
10 32 18 23 0.124852 4.46942 35.7978
10 32 19 24 0.123593 4.42436 35.7978
10 32 20 25 0.135289 4.57716 33.8325
10 32 21 26 0.155443 4.68806 30.1593
10 32 22 27 0.19586 4.94188 25.2317
10 32 23 28 0.277817 5.44619 19.6035
10 32 24 29 0.426884 5.90452 13.8317
10 32 25 30 0.808214 6.79244 8.40426
10 32 26 31 2.24358 8.30972 3.70377
11 23 12 15 2.16051 8.65645 4.00667
11 23 13 16 0.71959 6.59359 9.16298
11 23 14 17 0.401992 5.68302 14.1372
11 23 15 18 0.328687 5.66918 17.248
11 23 16 19 0.331487 5.71747 17.248
11 23 17 20 0.411892 5.82298 14.1372
11 23 18 21 0.759964 6.96353 9.16298
11 23 19 22 2.16675 8.68143 4.00667
11 33 12 17 2.29272 8.49171 3.70377
11 33 13 18 0.776804 6.52846 8.40426
11 33 14 19 0.406338 5.62034 13.8317
11 33 15 20 0.275366 5.39815 19.6035
11 33 16 21 0.196401 4.95554 25.2317
11 33 17 22 0.154751 4.66719 30.1593
11 33 18 23 0.134941 4.5654 33.8325
11 33 19 24 0.1234 4.41745 35.7978
11 33 20 25 0.125765 4.50212 35.7978
11 33 21 26 0.134004 4.53369 33.8325
11 33 22 27 0.154905 4.67181 30.1593
11 33 23 28 0.199435 5.03209 25.2317
11 33 24 29 0.274416 5.37953 19.6035
11 33 25 30 0.436784 6.04145 13.8317
11 33 26 31 0.830808 6.98233 8.40426
11 33 27 32 2.01164 7.45064 3.70377
12 24 13 16 2.0355 8.15557 4.00667
12 24 14 17 0.696982 6.38643 9.16298
12 24 15 18 0.431142 6.09513 14.1372
12 24 16 19 0.331333 5.71483 17.248
12 24 17 20 0.317974 5.4844 17.248
12 24 18 21 0.432985 6.12118 14.1372
12 24 19 22 0.803265 7.3603 9.16298
12 24 20 23 2.33014 9.33608 4.00667
12 34 13 18 2.16354 8.01326 3.70377
12 34 14 19 0.754292 6.33926 8.40426
12 34 15 20 0.432999 5.9891 13.8317
12 34 16 21 0.274453 5.38025 19.6035
12 34 17 22 0.196138 4.94889 25.2317
12 34 18 23 0.157057 4.73671 30.1593
12 34 19 24 0.132255 4.47454 33.8325
12 34 20 25 0.125281 4.48478 35.7978
12 34 21 26 0.123875 4.43446 35.7978
12 34 22 27 0.132015 4.4664 33.8325
12 34 23 28 0.155592 4.69255 30.1593
12 34 24 29 0.195744 4.93895 25.2317
12 34 25 30 0.277448 5.43895 19.6035
12 34 26 31 0.447699 6.19243 13.8317
12 34 27 32 0.78334 6.58339 8.40426
12 34 28 33 2.29574 8.50291 3.70377
13 25 14 17 1.89148 7.57852 4.00667
13 25 15 18 0.760098 6.96476 9.16298
13 25 16 19 0.434965 6.14917 14.1372
13 25 17 20 0.320091 5.52092 17.248
13 25 18 21 0.324756 5.60138 17.248
13 25 19 22 0.435323 6.15423 14.1372
13 25 20 23 0.79979 7.32846 9.16298
13 25 21 24 2.1254 8.51576 4.00667
13 35 14 19 2.02219 7.48975 3.70377
13 35 15 20 0.817199 6.86795 8.40426
13 35 16 21 0.434551 6.01057 13.8317
13 35 17 22 0.275661 5.40393 19.6035
13 35 18 23 0.200678 5.06346 25.2317
13 35 19 24 0.154332 4.65453 30.1593
13 35 20 25 0.135367 4.57979 33.8325
13 35 21 26 0.123945 4.43695 35.7978
13 35 22 27 0.121715 4.35711 35.7978
13 35 23 28 0.131434 4.44673 33.8325
13 35 24 29 0.151699 4.57515 30.1593
13 35 25 30 0.194254 4.90135 25.2317
13 35 26 31 0.27746 5.43921 19.6035
13 35 27 32 0.410579 5.679 13.8317
13 35 28 33 0.793984 6.67285 8.40426
13 35 29 34 2.1726 8.0468 3.70377
14 26 15 18 2.06812 8.28625 4.00667
14 26 16 19 0.744947 6.82594 9.16298
14 26 17 20 0.417133 5.89708 14.1372
14 26 18 21 0.323641 5.58215 17.248
14 26 19 22 0.324001 5.58835 17.248
14 26 20 23 0.445208 6.29397 14.1372
14 26 21 24 0.757075 6.93706 9.16298
14 26 22 25 2.03567 8.15627 4.00667
14 36 15 20 2.19475 8.12886 3.70377
14 36 16 21 0.794399 6.67633 8.40426
14 36 17 22 0.424195 5.86733 13.8317
14 36 18 23 0.276073 5.41201 19.6035
14 36 19 24 0.192802 4.86472 25.2317
14 36 20 25 0.156623 4.72364 30.1593
14 36 21 26 0.133535 4.51783 33.8325
14 36 22 27 0.121924 4.36459 35.7978
14 36 23 28 0.121939 4.36513 35.7978
14 36 24 29 0.130801 4.42531 33.8325
14 36 25 30 0.154254 4.6522 30.1593
14 36 26 31 0.201477 5.08361 25.2317
14 36 27 32 0.269236 5.27798 19.6035
14 36 28 33 0.433162 5.99136 13.8317
14 36 29 34 0.853435 7.17249 8.40426
14 36 30 35 2.51596 9.31855 3.70377
15 27 16 19 1.95278 7.82415 4.00667
15 27 17 20 0.715521 6.5563 9.16298
15 27 18 21 0.420152 5.93976 14.1372
15 27 19 22 0.317328 5.47327 17.248
15 27 20 23 0.338972 5.84658 17.248
15 27 21 24 0.442827 6.26032 14.1372
15 27 22 25 0.752704 6.89701 9.16298
15 27 23 26 2.0848 8.35311 4.00667
15 37 16 21 2.06547 7.65004 3.70377
15 37 17 22 0.770037 6.47159 8.40426
15 37 18 23 0.422925 5.84977 13.8317
15 37 19 24 0.260806 5.11271 19.6035
15 37 20 25 0.193815 4.89028 25.2317
15 37 21 26 0.15285 4.60985 30.1593
15 37 22 27 0.129566 4.38354 33.8325
15 37 23 28 0.119966 4.29453 35.7978
15 37 24 29 0.119534 4.27904 35.7978
15 37 25 30 0.130011 4.39861 33.8325
15 37 26 31 0.155881 4.70126 30.1593
15 37 27 32 0.19061 4.80941 25.2317
15 37 28 33 0.267121 5.23652 19.6035
15 37 29 34 0.43501 6.01691 13.8317
15 37 30 35 0.844046 7.09358 8.40426
15 37 31 36 2.14278 7.93636 3.70377
16 28 17 20 2.09978 8.41312 4.00667
16 28 18 21 0.791331 7.25095 9.16298
16 28 19 22 0.424516 6.00145 14.1372
16 28 20 23 0.340067 5.86546 17.248
16 28 21 24 0.340636 5.87528 17.248
16 28 22 25 0.438315 6.19653 14.1372
16 28 23 26 0.764299 7.00325 9.16298
16 28 24 27 2.26107 9.05934 4.00667
16 38 17 22 2.23024 8.2603 3.70377
16 38 18 23 0.850272 7.14591 8.40426
16 38 19 24 0.426242 5.89564 13.8317
16 38 20 25 0.278914 5.46769 19.6035
16 38 21 26 0.199029 5.02184 25.2317
16 38 22 27 0.154643 4.66394 30.1593
16 38 23 28 0.131682 4.45513 33.8325
16 38 24 29 0.121612 4.35345 35.7978
16 38 25 30 0.122204 4.37462 35.7978
16 38 26 31 0.135605 4.58787 33.8325
16 38 27 32 0.154017 4.64503 30.1593
16 38 28 33 0.19513 4.92345 25.2317
16 38 29 34 0.280795 5.50458 19.6035
16 38 30 35 0.450915 6.2369 13.8317
16 38 31 36 0.799821 6.72191 8.40426
16 38 32 37 2.18863 8.10618 3.70377
17 29 18 21 2.28586 9.15867 4.00667
17 29 19 22 0.748891 6.86207 9.16298
17 29 20 23 0.443278 6.2667 14.1372
17 29 21 24 0.339299 5.85222 17.248
17 29 22 25 0.336111 5.79723 17.248
17 29 23 26 0.434036 6.13603 14.1372
17 29 24 27 0.796368 7.29711 9.16298
17 29 25 28 2.30703 9.2435 4.00667
17 39 18 23 2.41808 8.956 3.70377
17 39 19 24 0.80531 6.76803 8.40426
17 39 20 25 0.440324 6.09042 13.8317
17 39 21 26 0.279191 5.47313 19.6035
17 39 22 27 0.197608 4.98598 25.2317
17 39 23 28 0.154354 4.65519 30.1593
17 39 24 29 0.132052 4.46767 33.8325
17 39 25 30 0.122765 4.39471 35.7978
17 39 26 31 0.126418 4.52548 35.7978
17 39 27 32 0.134196 4.5402 33.8325
17 39 28 33 0.156049 4.70634 30.1593
17 39 29 34 0.203844 5.14332 25.2317
17 39 30 35 0.290262 5.69017 19.6035
17 39 31 36 0.436992 6.04433 13.8317
17 39 32 37 0.81738 6.86947 8.40426
17 39 33 38 2.09677 7.76596 3.70377
18 30 19 22 2.14426 8.59135 4.00667
18 30 20 23 0.781064 7.15688 9.16298
18 30 21 24 0.441109 6.23603 14.1372
18 30 22 25 0.334317 5.76629 17.248
18 30 23 26 0.327402 5.64702 17.248
18 30 24 27 0.440121 6.22207 14.1372
18 30 25 28 0.81516 7.4693 9.16298
18 30 26 29 2.20437 8.83218 4.00667
18 40 19 24 2.27409 8.42272 3.70377
18 40 20 25 0.833683 7.00649 8.40426
18 40 21 26 0.439031 6.07253 13.8317
18 40 22 27 0.276158 5.41367 19.6035
18 40 23 28 0.195522 4.93336 25.2317
18 40 24 29 0.153791 4.63822 30.1593
18 40 25 30 0.131659 4.45435 33.8325
18 40 26 31 0.125474 4.4917 35.7978
18 40 27 32 0.124336 4.45096 35.7978
18 40 28 33 0.133269 4.50883 33.8325
18 40 29 34 0.1592 4.80136 30.1593
18 40 30 35 0.205278 5.17951 25.2317
18 40 31 36 0.275673 5.40416 19.6035
18 40 32 37 0.430964 5.96095 13.8317
18 40 33 38 0.763079 6.41312 8.40426
18 40 34 39 2.20509 8.16716 3.70377
19 31 20 23 2.24455 8.99316 4.00667
19 31 21 24 0.779115 7.13901 9.16298
19 31 22 25 0.439649 6.2154 14.1372
19 31 23 26 0.324062 5.5894 17.248
19 31 24 27 0.321307 5.54188 17.248
19 31 25 28 0.430724 6.08922 14.1372
19 31 26 29 0.73926 6.77383 9.16298
19 31 27 30 2.07013 8.29431 4.00667
19 41 20 25 2.37397 8.79263 3.70377
19 41 21 26 0.8353 7.02008 8.40426
19 41 22 27 0.440715 6.09582 13.8317
19 41 23 28 0.276427 5.41895 19.6035
19 41 24 29 0.19761 4.98604 25.2317
19 41 25 30 0.154524 4.66033 30.1593
19 41 26 31 0.135706 4.59127 33.8325
19 41 27 32 0.125551 4.49443 35.7978
19 41 28 33 0.124449 4.45499 35.7978
19 41 29 34 0.136846 4.62986 33.8325
19 41 30 35 0.161719 4.87733 30.1593
19 41 31 36 0.198351 5.00474 25.2317
19 41 32 37 0.276782 5.42591 19.6035
19 41 33 38 0.414163 5.72857 13.8317
19 41 34 39 0.803673 6.75427 8.40426
19 41 35 40 2.45014 9.07475 3.70377
20 32 21 24 2.00253 8.02346 4.00667
20 32 22 25 0.733979 6.72544 9.16298
20 32 23 26 0.414352 5.85776 14.1372
20 32 24 27 0.317133 5.4699 17.248
20 32 25 28 0.323207 5.57466 17.248
20 32 26 29 0.422544 5.97357 14.1372
20 32 27 30 0.754697 6.91527 9.16298
20 32 28 31 2.11278 8.4652 4.00667
20 42 21 26 2.125 7.87052 3.70377
20 42 22 27 0.782525 6.57655 8.40426
20 42 23 28 0.416221 5.75704 13.8317
20 42 24 29 0.267294 5.23992 19.6035
20 42 25 30 0.190256 4.80049 25.2317
20 42 26 31 0.153932 4.64249 30.1593
20 42 27 32 0.133154 4.50494 33.8325
20 42 28 33 0.122494 4.38501 35.7978
20 42 29 34 0.124354 4.45161 35.7978
20 42 30 35 0.135179 4.57345 33.8325
20 42 31 36 0.152116 4.5877 30.1593
20 42 32 37 0.192719 4.86264 25.2317
20 42 33 38 0.255461 5.00793 19.6035
20 42 34 39 0.401213 5.54945 13.8317
20 42 35 40 0.805199 6.76711 8.40426
20 42 36 41 2.27349 8.42051 3.70377
21 33 22 25 2.16017 8.65508 4.00667
21 33 23 26 0.760744 6.97068 9.16298
21 33 24 27 0.429535 6.07241 14.1372
21 33 25 28 0.323454 5.57893 17.248
21 33 26 29 0.324109 5.59022 17.248
21 33 27 30 0.436652 6.17302 14.1372
21 33 28 31 0.773976 7.09192 9.16298
21 33 29 32 1.89042 7.57429 4.00667
21 43 22 27 2.28059 8.44679 3.70377
21 43 23 28 0.814491 6.84519 8.40426
21 43 24 29 0.434373 6.00811 13.8317
21 43 25 30 0.269841 5.28984 19.6035
21 43 26 31 0.196476 4.95742 25.2317
21 43 27 32 0.156901 4.73202 30.1593
21 43 28 33 0.133348 4.51149 33.8325
21 43 29 34 0.124822 4.46837 35.7978
21 43 30 35 0.125025 4.4756 35.7978
21 43 31 36 0.12975 4.38977 33.8325
21 43 32 37 0.151151 4.55862 30.1593
21 43 33 38 0.182299 4.59972 25.2317
21 43 34 39 0.248509 4.87166 19.6035
21 43 35 40 0.400582 5.54072 13.8317
21 43 36 41 0.756617 6.35881 8.40426
21 43 37 42 2.25078 8.33639 3.70377
22 34 23 26 2.16596 8.67828 4.00667
22 34 24 27 0.798385 7.31558 9.16298
22 34 25 28 0.433155 6.12358 14.1372
22 34 26 29 0.326436 5.63035 17.248
22 34 27 30 0.335574 5.78796 17.248
22 34 28 31 0.447192 6.32203 14.1372
22 34 29 32 0.729308 6.68263 9.16298
22 34 30 33 2.16782 8.68572 4.00667
22 44 23 28 2.29407 8.49672 3.70377
22 44 24 29 0.859667 7.22487 8.40426
22 44 25 30 0.438574 6.06622 13.8317
22 44 26 31 0.279913 5.48729 19.6035
22 44 27 32 0.204024 5.14787 25.2317
22 44 28 33 0.15945 4.8089 30.1593
22 44 29 34 0.137659 4.65736 33.8325
22 44 30 35 0.127487 4.56374 35.7978
22 44 31 36 0.122655 4.39076 35.7978
22 44 32 37 0.132921 4.49705 33.8325
22 44 33 38 0.148752 4.48626 30.1593
22 44 34 39 0.184011 4.6429 25.2317
22 44 35 40 0.260531 5.10733 19.6035
22 44 36 41 0.41044 5.67708 13.8317
22 44 37 42 0.809036 6.79935 8.40426
22 44 38 43 2.3939 8.86647 3.70377
23 35 24 27 2.30286 9.22682 4.00667
23 35 25 28 0.779577 7.14325 9.16298
23 35 26 29 0.431137 6.09505 14.1372
23 35 27 30 0.336398 5.80218 17.248
23 35 28 31 0.337782 5.82606 17.248
23 35 29 32 0.413873 5.851 14.1372
23 35 30 33 0.74213 6.80012 9.16298
23 35 31 34 2.04049 8.17556 4.00667
23 45 24 29 2.44057 9.03932 3.70377
23 45 25 30 0.842847 7.08351 8.40426
23 45 26 31 0.444298 6.14538 13.8317
23 45 27 32 0.289155 5.66847 19.6035
23 45 28 33 0.205944 5.19631 25.2317
23 45 29 34 0.162974 4.91519 30.1593
23 45 30 35 0.138987 4.70227 33.8325
23 45 31 36 0.123406 4.41767 35.7978
23 45 32 37 0.124103 4.44261 35.7978
23 45 33 38 0.129014 4.36489 33.8325
23 45 34 39 0.145994 4.40309 30.1593
23 45 35 40 0.185659 4.68448 25.2317
23 45 36 41 0.257997 5.05765 19.6035
23 45 37 42 0.415639 5.74898 13.8317
23 45 38 43 0.796016 6.68992 8.40426
23 45 39 44 2.15619 7.98603 3.70377
24 36 25 28 2.10489 8.43361 4.00667
24 36 26 29 0.742722 6.80554 9.16298
24 36 27 30 0.440643 6.22945 14.1372
24 36 28 31 0.342523 5.90783 17.248
24 36 29 32 0.328474 5.66551 17.248
24 36 30 33 0.433796 6.13265 14.1372
24 36 31 34 0.791853 7.25573 9.16298
24 36 32 35 2.39684 9.60334 4.00667
24 46 25 30 2.24046 8.29815 3.70377
24 46 26 31 0.809835 6.80606 8.40426
24 46 27 32 0.447774 6.19346 13.8317
24 46 28 33 0.286591 5.61819 19.6035
24 46 29 34 0.206988 5.22265 25.2317
24 46 30 35 0.162464 4.89981 30.1593
24 46 31 36 0.133333 4.51098 33.8325
24 46 32 37 0.124762 4.46619 35.7978
24 46 33 38 0.121043 4.33305 35.7978
24 46 34 39 0.126603 4.28331 33.8325
24 46 35 40 0.147005 4.43357 30.1593
24 46 36 41 0.185679 4.68499 25.2317
24 46 37 42 0.262727 5.15039 19.6035
24 46 38 43 0.413471 5.719 13.8317
24 46 39 44 0.745306 6.26375 8.40426
24 46 40 45 2.22559 8.24308 3.70377
25 37 26 29 2.02819 8.12629 4.00667
25 37 27 30 0.754428 6.91281 9.16298
25 37 28 31 0.443379 6.26812 14.1372
25 37 29 32 0.330223 5.69567 17.248
25 37 30 33 0.324333 5.59407 17.248
25 37 31 34 0.428571 6.05878 14.1372
25 37 32 35 0.795783 7.29174 9.16298
25 37 33 36 2.0266 8.11992 4.00667
25 47 26 31 2.16986 8.03666 3.70377
25 47 27 32 0.816799 6.86459 8.40426
25 47 28 33 0.44428 6.14514 13.8317
25 47 29 34 0.286731 5.62095 19.6035
25 47 30 35 0.205424 5.1832 25.2317
25 47 31 36 0.155093 4.67751 30.1593
25 47 32 37 0.135062 4.56951 33.8325
25 47 33 38 0.122569 4.38769 35.7978
25 47 34 39 0.11919 4.26674 35.7978
25 47 35 40 0.127751 4.32215 33.8325
25 47 36 41 0.149103 4.49684 30.1593
25 47 37 42 0.191798 4.8394 25.2317
25 47 38 43 0.268245 5.25856 19.6035
25 47 39 44 0.403973 5.58763 13.8317
25 47 40 45 0.790722 6.64544 8.40426
25 47 41 46 2.31545 8.5759 3.70377
26 38 27 30 2.10048 8.41593 4.00667
26 38 28 31 0.781466 7.16056 9.16298
26 38 29 32 0.440725 6.2306 14.1372
26 38 30 33 0.330026 5.69228 17.248
26 38 31 34 0.326087 5.62434 17.248
26 38 32 35 0.450981 6.3756 14.1372
26 38 33 36 0.749264 6.86549 9.16298
26 38 34 37 2.05374 8.22867 4.00667
26 48 27 32 2.23511 8.27835 3.70377
26 48 28 33 0.832103 6.99321 8.40426
26 48 29 34 0.447233 6.18598 13.8317
26 48 30 35 0.284269 5.57268 19.6035
26 48 31 36 0.194474 4.90691 25.2317
26 48 32 37 0.156262 4.71276 30.1593
26 48 33 38 0.132174 4.47178 33.8325
26 48 34 39 0.119391 4.27394 35.7978
26 48 35 40 0.11815 4.22951 35.7978
26 48 36 41 0.127867 4.32607 33.8325
26 48 37 42 0.150867 4.55005 30.1593
26 48 38 43 0.192076 4.84639 25.2317
26 48 39 44 0.256387 5.02608 19.6035
26 48 40 45 0.405402 5.60739 13.8317
26 48 41 46 0.769126 6.46394 8.40426
26 48 42 47 2.08661 7.72832 3.70377
27 39 28 31 2.28156 9.14145 4.00667
27 39 29 32 0.807528 7.39936 9.16298
27 39 30 33 0.446819 6.31676 14.1372
27 39 31 34 0.326608 5.63333 17.248
27 39 32 35 0.34397 5.93278 17.248
27 39 33 36 0.437649 6.18712 14.1372
27 39 34 37 0.755075 6.91874 9.16298
27 39 35 38 1.95211 7.82146 4.00667
27 49 28 33 2.40279 8.89938 3.70377
27 49 29 34 0.865477 7.2737 8.40426
27 49 30 35 0.454594 6.28779 13.8317
27 49 31 36 0.272492 5.3418 19.6035
27 49 32 37 0.198737 5.01448 25.2317
27 49 33 38 0.155262 4.68258 30.1593
27 49 34 39 0.129835 4.39263 33.8325
27 49 35 40 0.118569 4.2445 35.7978
27 49 36 41 0.119247 4.26878 35.7978
27 49 37 42 0.130005 4.3984 33.8325
27 49 38 43 0.153001 4.61441 30.1593
27 49 39 44 0.186974 4.71766 25.2317
27 49 40 45 0.259361 5.08439 19.6035
27 49 41 46 0.404035 5.58848 13.8317
27 49 42 47 0.73924 6.21277 8.40426
27 49 43 48 2.07407 7.68188 3.70377
28 40 29 32 2.31415 9.27202 4.00667
28 40 30 33 0.818302 7.49809 9.16298
28 40 31 34 0.432004 6.10732 14.1372
28 40 32 35 0.341363 5.88782 17.248
28 40 33 36 0.334276 5.76558 17.248
28 40 34 37 0.426294 6.02659 14.1372
28 40 35 38 0.696602 6.38295 9.16298
28 40 36 39 2.07665 8.32046 4.00667
28 50 29 34 2.44692 9.06282 3.70377
28 50 30 35 0.882648 7.418 8.40426
28 50 31 36 0.436593 6.03882 13.8317
28 50 32 37 0.282028 5.52874 19.6035
28 50 33 38 0.201091 5.07387 25.2317
28 50 34 39 0.15463 4.66354 30.1593
28 50 35 40 0.12985 4.39316 33.8325
28 50 36 41 0.121261 4.34086 35.7978
28 50 37 42 0.122317 4.37868 35.7978
28 50 38 43 0.134051 4.53528 33.8325
28 50 39 44 0.152188 4.58988 30.1593
28 50 40 45 0.191893 4.84179 25.2317
28 50 41 46 0.265003 5.195 19.6035
28 50 42 47 0.403997 5.58795 13.8317
28 50 43 48 0.76508 6.42993 8.40426
28 50 44 49 2.20802 8.17799 3.70377
29 41 30 33 2.20822 8.8476 4.00667
29 41 31 34 0.73753 6.75797 9.16298
29 41 32 35 0.435561 6.1576 14.1372
29 41 33 36 0.332914 5.74209 17.248
29 41 34 37 0.327056 5.64104 17.248
29 41 35 38 0.401376 5.67432 14.1372
29 41 36 39 0.74468 6.82349 9.16298
29 41 37 40 2.3261 9.31993 4.00667
29 51 30 35 2.34321 8.67871 3.70377
29 51 31 36 0.794778 6.67952 8.40426
29 51 32 37 0.432381 5.98055 13.8317
29 51 33 38 0.277161 5.43334 19.6035
29 51 34 39 0.195158 4.92417 25.2317
29 51 35 40 0.150344 4.53426 30.1593
29 51 36 41 0.130295 4.40822 33.8325
29 51 37 42 0.121522 4.35023 35.7978
29 51 38 43 0.124053 4.44081 35.7978
29 51 39 44 0.13131 4.44257 33.8325
29 51 40 45 0.152055 4.58586 30.1593
29 51 41 46 0.190792 4.81401 25.2317
29 51 42 47 0.257258 5.04316 19.6035
29 51 43 48 0.403384 5.57947 13.8317
29 51 44 49 0.769346 6.46578 8.40426
29 51 45 50 2.07009 7.66713 3.70377
30 42 31 34 2.06143 8.25946 4.00667
30 42 32 35 0.760379 6.96734 9.16298
30 42 33 36 0.436629 6.17269 14.1372
30 42 34 37 0.326374 5.62929 17.248
30 42 35 38 0.300698 5.18642 17.248
30 42 36 39 0.398096 5.62795 14.1372
30 42 37 40 0.75359 6.90513 9.16298
30 42 38 41 2.16497 8.67432 4.00667
30 52 31 36 2.19404 8.12623 3.70377
30 52 32 37 0.813783 6.83925 8.40426
30 52 33 38 0.439674 6.08143 13.8317
30 52 34 39 0.276214 5.41477 19.6035
30 52 35 40 0.192217 4.84995 25.2317
30 52 36 41 0.153254 4.62203 30.1593
30 52 37 42 0.13136 4.44426 33.8325
30 52 38 43 0.124601 4.46044 35.7978
30 52 39 44 0.12303 4.4042 35.7978
30 52 40 45 0.131656 4.45427 33.8325
30 52 41 46 0.152052 4.58578 30.1593
30 52 42 47 0.186346 4.70183 25.2317
30 52 43 48 0.258273 5.06306 19.6035
30 52 44 49 0.407362 5.63449 13.8317
30 52 45 50 0.745793 6.26784 8.40426
30 52 46 51 2.27081 8.41055 3.70377
31 43 32 35 2.1205 8.49613 4.00667
31 43 33 36 0.774457 7.09634 9.16298
31 43 34 37 0.439072 6.20723 14.1372
31 43 35 38 0.308094 5.31399 17.248
31 43 36 39 0.30218 5.21199 17.248
31 43 37 40 0.401237 5.67235 14.1372
31 43 38 41 0.71494 6.55098 9.16298
31 43 39 42 2.14685 8.60173 4.00667
31 53 32 37 2.24822 8.32688 3.70377
31 53 33 38 0.832676 6.99803 8.40426
31 53 34 39 0.443126 6.12918 13.8317
31 53 35 40 0.27243 5.3406 19.6035
31 53 36 41 0.197712 4.9886 25.2317
31 53 37 42 0.154382 4.65606 30.1593
31 53 38 43 0.135427 4.58185 33.8325
31 53 39 44 0.124423 4.45406 35.7978
31 53 40 45 0.123018 4.40376 35.7978
31 53 41 46 0.131254 4.44067 33.8325
31 53 42 47 0.147456 4.44718 30.1593
31 53 43 48 0.184921 4.66588 25.2317
31 53 44 49 0.256574 5.02976 19.6035
31 53 45 50 0.386434 5.34504 13.8317
31 53 46 51 0.758973 6.37861 8.40426
31 53 47 52 2.1124 7.82383 3.70377
32 44 33 36 1.90356 7.62695 4.00667
32 44 34 37 0.731425 6.70203 9.16298
32 44 35 38 0.397173 5.6149 14.1372
32 44 36 39 0.305726 5.27315 17.248
32 44 37 40 0.30696 5.29443 17.248
32 44 38 41 0.412085 5.82571 14.1372
32 44 39 42 0.765015 7.00982 9.16298
32 44 40 43 2.27158 9.10147 4.00667
32 54 33 38 2.02509 7.50048 3.70377
32 54 34 39 0.780089 6.55607 8.40426
32 54 35 40 0.406447 5.62185 13.8317
32 54 36 41 0.266327 5.22095 19.6035
32 54 37 42 0.189573 4.78325 25.2317
32 54 38 43 0.154302 4.65365 30.1593
32 54 39 44 0.132784 4.49241 33.8325
32 54 40 45 0.122352 4.37992 35.7978
32 54 41 46 0.121812 4.36058 35.7978
32 54 42 47 0.127125 4.30098 33.8325
32 54 43 48 0.1471 4.43644 30.1593
32 54 44 49 0.18634 4.70167 25.2317
32 54 45 50 0.249267 4.88651 19.6035
32 54 46 51 0.400505 5.53966 13.8317
32 54 47 52 0.753295 6.33089 8.40426
32 54 48 53 2.10607 7.80041 3.70377
33 45 34 37 2.17759 8.72487 4.00667
33 45 35 38 0.731001 6.69815 9.16298
33 45 36 39 0.418714 5.91943 14.1372
33 45 37 40 0.308484 5.32072 17.248
33 45 38 41 0.312401 5.38828 17.248
33 45 39 42 0.422411 5.9717 14.1372
33 45 40 43 0.744704 6.8237 9.16298
33 45 41 44 2.03645 8.15939 4.00667
33 55 34 39 2.29551 8.50206 3.70377
33 55 35 40 0.790878 6.64675 8.40426
33 55 36 41 0.431263 5.96509 13.8317
33 55 37 42 0.267197 5.23801 19.6035
33 55 38 43 0.196754 4.96444 25.2317
33 55 39 44 0.156109 4.70813 30.1593
33 55 40 45 0.13286 4.49499 33.8325
33 55 41 46 0.122832 4.39711 35.7978
33 55 42 47 0.118925 4.25726 35.7978
33 55 43 48 0.127535 4.31484 33.8325
33 55 44 49 0.149351 4.50431 30.1593
33 55 45 50 0.182409 4.60248 25.2317
33 55 46 51 0.257237 5.04275 19.6035
33 55 47 52 0.400171 5.53504 13.8317
33 55 48 53 0.753049 6.32882 8.40426
33 55 49 54 2.06276 7.64 3.70377
34 46 35 38 2.03272 8.14446 4.00667
34 46 36 39 0.782131 7.16665 9.16298
34 46 37 40 0.419978 5.9373 14.1372
34 46 38 41 0.321431 5.54404 17.248
34 46 39 42 0.326502 5.6315 17.248
34 46 40 43 0.416185 5.88368 14.1372
34 46 41 44 0.695049 6.36872 9.16298
34 46 42 45 2.1025 8.424 4.00667
34 56 35 40 2.16635 8.02366 3.70377
34 56 36 41 0.848399 7.13017 8.40426
34 56 37 42 0.43303 5.98953 13.8317
34 56 38 43 0.281308 5.51462 19.6035
34 56 39 44 0.203012 5.12233 25.2317
34 56 40 45 0.158057 4.76688 30.1593
34 56 41 46 0.13494 4.56537 33.8325
34 56 42 47 0.120648 4.31893 35.7978
34 56 43 48 0.11977 4.28749 35.7978
34 56 44 49 0.130344 4.40987 33.8325
34 56 45 50 0.147098 4.43638 30.1593
34 56 46 51 0.188096 4.74597 25.2317
34 56 47 52 0.259896 5.09488 19.6035
34 56 48 53 0.405975 5.61531 13.8317
34 56 49 54 0.750609 6.30832 8.40426
34 56 50 55 2.01123 7.44913 3.70377
35 47 36 39 2.36735 9.48518 4.00667
35 47 37 40 0.774233 7.09428 9.16298
35 47 38 41 0.438258 6.19573 14.1372
35 47 39 42 0.339686 5.85889 17.248
35 47 40 43 0.328133 5.65962 17.248
35 47 41 44 0.405863 5.73775 14.1372
35 47 42 45 0.735497 6.73935 9.16298
35 47 43 46 2.19049 8.77657 4.00667
35 57 36 41 2.50873 9.29178 3.70377
35 57 37 42 0.840906 7.06719 8.40426
35 57 38 43 0.451201 6.24086 13.8317
35 57 39 44 0.289294 5.67119 19.6035
35 57 40 45 0.203972 5.14655 25.2317
35 57 41 46 0.1599 4.82248 30.1593
35 57 42 47 0.131578 4.45163 33.8325
35 57 43 48 0.120792 4.32408 35.7978
35 57 44 49 0.122217 4.37509 35.7978
35 57 45 50 0.128033 4.33168 33.8325
35 57 46 51 0.150287 4.53256 30.1593
35 57 47 52 0.189445 4.78003 25.2317
35 57 48 53 0.262129 5.13866 19.6035
35 57 49 54 0.403501 5.58109 13.8317
35 57 50 55 0.733484 6.16439 8.40426
35 57 51 56 2.00829 7.43823 3.70377
36 48 37 40 2.01033 8.05472 4.00667
36 48 38 41 0.740624 6.78632 9.16298
36 48 39 42 0.437991 6.19195 14.1372
36 48 40 43 0.327262 5.6446 17.248
36 48 41 44 0.311232 5.36812 17.248
36 48 42 45 0.400669 5.66433 14.1372
36 48 43 46 0.712698 6.53044 9.16298
36 48 44 47 1.97617 7.91787 4.00667
36 58 37 42 2.14553 7.94656 3.70377
36 58 38 43 0.805193 6.76705 8.40426
36 58 39 44 0.440123 6.08763 13.8317
36 58 40 45 0.277927 5.44835 19.6035
36 58 41 46 0.199843 5.04237 25.2317
36 58 42 47 0.151487 4.56873 30.1593
36 58 43 48 0.128869 4.35997 33.8325
36 58 44 49 0.121926 4.36467 35.7978
36 58 45 50 0.119236 4.26839 35.7978
36 58 46 51 0.129832 4.39255 33.8325
36 58 47 52 0.151522 4.56981 30.1593
36 58 48 53 0.191368 4.82854 25.2317
36 58 49 54 0.262569 5.14728 19.6035
36 58 50 55 0.402162 5.56258 13.8317
36 58 51 56 0.750005 6.30324 8.40426
36 58 52 57 2.13454 7.90585 3.70377
37 49 38 41 2.05553 8.23585 4.00667
37 49 39 42 0.766639 7.0247 9.16298
37 49 40 43 0.430389 6.08448 14.1372
37 49 41 44 0.318677 5.49652 17.248
37 49 42 45 0.306055 5.27883 17.248
37 49 43 46 0.396508 5.6055 14.1372
37 49 44 47 0.692112 6.34181 9.16298
37 49 45 48 1.95888 7.84859 4.00667
37 59 38 43 2.19147 8.11672 3.70377
37 59 39 44 0.818404 6.87808 8.40426
37 59 40 45 0.431372 5.96659 13.8317
37 59 41 46 0.276714 5.42457 19.6035
37 59 42 47 0.190223 4.79964 25.2317
37 59 43 48 0.148528 4.47949 30.1593
37 59 44 49 0.130811 4.42568 33.8325
37 59 45 50 0.119141 4.26499 35.7978
37 59 46 51 0.120402 4.31014 35.7978
37 59 47 52 0.130703 4.42203 33.8325
37 59 48 53 0.152189 4.58992 30.1593
37 59 49 54 0.190601 4.80918 25.2317
37 59 50 55 0.260479 5.10631 19.6035
37 59 51 56 0.402988 5.574 13.8317
37 59 52 57 0.77158 6.48456 8.40426
37 59 53 58 2.1138 7.82905 3.70377
38 50 39 42 1.99376 7.98834 4.00667
38 50 40 43 0.723315 6.62772 9.16298
38 50 41 44 0.41374 5.84911 14.1372
38 50 42 45 0.304361 5.2496 17.248
38 50 43 46 0.302576 5.21882 17.248
38 50 44 47 0.400438 5.66106 14.1372
38 50 45 48 0.710959 6.5145 9.16298
38 50 46 49 2.08392 8.34957 4.00667
38 60 39 44 2.10654 7.80214 3.70377
38 60 40 45 0.768369 6.45757 8.40426
38 60 41 46 0.417642 5.77669 13.8317
38 60 42 47 0.255167 5.00217 19.6035
38 60 43 48 0.181427 4.57771 25.2317
38 60 44 49 0.148476 4.47793 30.1593
38 60 45 50 0.126205 4.26982 33.8325
38 60 46 51 0.118885 4.25581 35.7978
38 60 47 52 0.120766 4.32314 35.7978
38 60 48 53 0.130913 4.42913 33.8325
38 60 49 54 0.151927 4.58202 30.1593
38 60 50 55 0.190636 4.81006 25.2317
38 60 51 56 0.262051 5.13713 19.6035
38 60 52 57 0.416517 5.76113 13.8317
38 60 53 58 0.785419 6.60087 8.40426
38 60 54 59 2.14788 7.95527 3.70377
39 51 40 43 2.10877 8.44916 4.00667
39 51 41 44 0.759389 6.95826 9.16298
39 51 42 45 0.402643 5.69223 14.1372
39 51 43 46 0.298391 5.14664 17.248
39 51 44 47 0.303453 5.23394 17.248
39 51 45 48 0.397834 5.62425 14.1372
39 51 46 49 0.712499 6.52862 9.16298
39 51 47 50 1.95282 7.82429 4.00667
39 61 40 45 2.21814 8.2155 3.70377
39 61 41 46 0.812044 6.82463 8.40426
39 61 42 47 0.403823 5.58554 13.8317
39 61 43 48 0.249937 4.89964 19.6035
39 61 44 49 0.185949 4.6918 25.2317
39 61 45 50 0.145365 4.38411 30.1593
39 61 46 51 0.126617 4.28378 33.8325
39 61 47 52 0.119727 4.28595 35.7978
39 61 48 53 0.120505 4.31381 35.7978
39 61 49 54 0.12983 4.39248 33.8325
39 61 50 55 0.150625 4.54273 30.1593
39 61 51 56 0.187908 4.74125 25.2317
39 61 52 57 0.262462 5.14518 19.6035
39 61 53 58 0.407719 5.63943 13.8317
39 61 54 59 0.757517 6.36637 8.40426
39 61 55 60 1.97249 7.30567 3.70377
40 52 41 44 2.34233 9.38494 4.00667
40 52 42 45 0.757961 6.94518 9.16298
40 52 43 46 0.400124 5.65662 14.1372
40 52 44 47 0.309082 5.33103 17.248
40 52 45 48 0.305023 5.26103 17.248
40 52 46 49 0.400687 5.66459 14.1372
40 52 47 50 0.694154 6.36052 9.16298
40 52 48 51 2.15248 8.62428 4.00667
40 62 41 46 2.46618 9.13417 3.70377
40 62 42 47 0.809575 6.80388 8.40426
40 62 43 48 0.403191 5.57681 13.8317
40 62 44 49 0.263883 5.17304 19.6035
40 62 45 50 0.186352 4.70198 25.2317
40 62 46 51 0.148518 4.4792 30.1593
40 62 47 52 0.130218 4.40559 33.8325
40 62 48 53 0.121674 4.35567 35.7978
40 62 49 54 0.122164 4.37318 35.7978
40 62 50 55 0.132281 4.4754 33.8325
40 62 51 56 0.152523 4.59998 30.1593
40 62 52 57 0.194403 4.90512 25.2317
40 62 53 58 0.269177 5.27683 19.6035
40 62 54 59 0.42068 5.81872 13.8317
40 62 55 60 0.765169 6.43068 8.40426
40 62 56 61 2.11598 7.8371 3.70377
41 53 42 45 2.15999 8.65437 4.00667
41 53 43 46 0.705895 6.4681 9.16298
41 53 44 47 0.406678 5.74928 14.1372
41 53 45 48 0.303263 5.23066 17.248
41 53 46 49 0.300297 5.17951 17.248
41 53 47 50 0.38364 5.42358 14.1372
41 53 48 51 0.707482 6.48264 9.16298
41 53 49 52 1.99549 7.99529 4.00667
41 63 42 47 2.27751 8.43538 3.70377
41 63 43 48 0.75777 6.3685 8.40426
41 63 44 49 0.412721 5.70863 13.8317
41 63 45 50 0.257501 5.04792 19.6035
41 63 46 51 0.185966 4.69224 25.2317
41 63 47 52 0.150382 4.53542 30.1593
41 63 48 53 0.13005 4.39992 33.8325
41 63 49 54 0.121464 4.34813 35.7978
41 63 50 55 0.122727 4.39335 35.7978
41 63 51 56 0.131141 4.43685 33.8325
41 63 52 57 0.15371 4.63579 30.1593
41 63 53 58 0.193709 4.8876 25.2317
41 63 54 59 0.269091 5.27513 19.6035
41 63 55 60 0.411092 5.68609 13.8317
41 63 56 61 0.762316 6.4067 8.40426
41 63 57 62 1.96803 7.28914 3.70377
42 54 43 46 2.12895 8.53 4.00667
42 54 44 47 0.752703 6.897 9.16298
42 54 45 48 0.408847 5.77994 14.1372
42 54 46 49 0.305477 5.26885 17.248
42 54 47 50 0.298934 5.15601 17.248
42 54 48 51 0.398178 5.62912 14.1372
42 54 49 52 0.701738 6.43001 9.16298
42 54 50 53 1.99809 8.00568 4.00667
42 64 43 48 2.24911 8.3302 3.70377
42 64 44 49 0.809195 6.80068 8.40426
42 64 45 50 0.413123 5.71418 13.8317
42 64 46 51 0.261576 5.12782 19.6035
42 64 47 52 0.192001 4.84451 25.2317
42 64 48 53 0.152168 4.58929 30.1593
42 64 49 54 0.131689 4.45538 33.8325
42 64 50 55 0.124062 4.44115 35.7978
42 64 51 56 0.123152 4.40858 35.7978
42 64 52 57 0.133722 4.52416 33.8325
42 64 53 58 0.155499 4.68972 30.1593
42 64 54 59 0.197717 4.98874 25.2317
42 64 55 60 0.271258 5.31763 19.6035
42 64 56 61 0.423829 5.86227 13.8317
42 64 57 62 0.768312 6.45709 8.40426
42 64 58 63 2.29005 8.48183 3.70377
43 55 44 47 2.26562 9.07759 4.00667
43 55 45 48 0.737163 6.75461 9.16298
43 55 46 49 0.403849 5.70928 14.1372
43 55 47 50 0.304865 5.25831 17.248
43 55 48 51 0.304649 5.25458 17.248
43 55 49 52 0.396572 5.6064 14.1372
43 55 50 53 0.70777 6.48528 9.16298
43 55 51 54 1.94783 7.80429 4.00667
44 56 45 48 2.03988 8.17312 4.00667
44 56 46 49 0.691744 6.33844 9.16298
44 56 47 50 0.394554 5.57787 14.1372
44 56 48 51 0.300483 5.18272 17.248
44 56 49 52 0.302381 5.21546 17.248
44 56 50 53 0.405699 5.73543 14.1372
44 56 51 54 0.698151 6.39714 9.16298
44 56 52 55 1.89214 7.58116 4.00667
45 57 46 49 2.10558 8.43637 4.00667
45 57 47 50 0.732462 6.71153 9.16298
45 57 48 51 0.399045 5.64137 14.1372
45 57 49 52 0.304056 5.24434 17.248
45 57 50 53 0.313101 5.40036 17.248
45 57 51 54 0.400342 5.6597 14.1372
45 57 52 55 0.679072 6.22233 9.16298
45 57 53 56 1.88771 7.56343 4.00667
46 58 47 50 2.19111 8.77907 4.00667
46 58 48 51 0.713708 6.53969 9.16298
46 58 49 52 0.398752 5.63722 14.1372
46 58 50 53 0.31554 5.44243 17.248
46 58 51 54 0.310297 5.35198 17.248
46 58 52 55 0.396516 5.60561 14.1372
46 58 53 56 0.693972 6.35885 9.16298
46 58 54 57 2.01377 8.06849 4.00667
47 59 48 51 1.97015 7.89373 4.00667
47 59 49 52 0.689148 6.31465 9.16298
47 59 50 53 0.407662 5.76319 14.1372
47 59 51 54 0.308472 5.32052 17.248
47 59 52 55 0.304434 5.25086 17.248
47 59 53 56 0.39482 5.58163 14.1372
47 59 54 57 0.715958 6.5603 9.16298
47 59 55 58 1.99763 8.00382 4.00667
48 60 49 52 1.95798 7.84497 4.00667
48 60 50 53 0.72126 6.60889 9.16298
48 60 51 54 0.40533 5.73022 14.1372
48 60 52 55 0.307471 5.30325 17.248
48 60 53 56 0.303923 5.24205 17.248
48 60 54 57 0.409277 5.78602 14.1372
48 60 55 58 0.732905 6.7156 9.16298
48 60 56 59 2.02988 8.13305 4.00667
49 61 50 53 2.09594 8.39774 4.00667
49 61 51 54 0.720047 6.59778 9.16298
49 61 52 55 0.403595 5.70569 14.1372
49 61 53 56 0.300427 5.18176 17.248
49 61 54 57 0.305545 5.27003 17.248
49 61 55 58 0.404067 5.71236 14.1372
49 61 56 59 0.706418 6.47289 9.16298
49 61 57 60 1.85083 7.41565 4.00667
50 62 51 54 1.96555 7.8753 4.00667
50 62 52 55 0.700456 6.41827 9.16298
50 62 53 56 0.385856 5.45491 14.1372
50 62 54 57 0.30222 5.21268 17.248
50 62 55 58 0.311135 5.36644 17.248
50 62 56 59 0.414464 5.85935 14.1372
50 62 57 60 0.706626 6.4748 9.16298
50 62 58 61 1.98916 7.96992 4.00667
51 63 52 55 2.15731 8.64362 4.00667
51 63 53 56 0.706109 6.47006 9.16298
51 63 54 57 0.399 5.64073 14.1372
51 63 55 58 0.309079 5.33098 17.248
51 63 56 59 0.315116 5.43512 17.248
51 63 57 60 0.404031 5.71186 14.1372
51 63 58 61 0.705381 6.46339 9.16298
51 63 59 62 1.84336 7.38575 4.00667
52 64 53 56 1.99328 7.98643 4.00667
52 64 54 57 0.701351 6.42647 9.16298
52 64 55 58 0.399705 5.6507 14.1372
52 64 56 59 0.313824 5.41283 17.248
52 64 57 60 0.314106 5.41769 17.248
52 64 58 61 0.415987 5.88088 14.1372
52 64 59 62 0.70887 6.49536 9.16298
52 64 60 63 2.16605 8.67864 4.00667
