64
# x y z
0.0 0.0 0.0
0.5 0.0 0.0
1.0 0.0 0.0
1.5 0.0 0.0
2.0 0.0 0.0
2.5 0.0 0.0
3.0 0.0 0.0
3.5 0.0 0.0
4.0 0.0 0.0
4.5 0.0 0.0
5.0 0.0 0.0
5.5 0.0 0.0
6.0 0.0 0.0
6.5 0.0 0.0
7.0 0.0 0.0
7.5 0.0 0.0
8.0 0.0 0.0
8.5 0.0 0.0
9.0 0.0 0.0
9.5 0.0 0.0
10.0 0.0 0.0
10.5 0.0 0.0
11.0 0.0 0.0
11.5 0.0 0.0
12.0 0.0 0.0
12.5 0.0 0.0
13.0 0.0 0.0
13.5 0.0 0.0
14.0 0.0 0.0
14.5 0.0 0.0
15.0 0.0 0.0
15.5 0.0 0.0
16.0 0.0 0.0
16.5 0.0 0.0
17.0 0.0 0.0
17.5 0.0 0.0
18.0 0.0 0.0
18.5 0.0 0.0
19.0 0.0 0.0
19.5 0.0 0.0
20.0 0.0 0.0
20.5 0.0 0.0
21.0 0.0 0.0
21.5 0.0 0.0
22.0 0.0 0.0
22.5 0.0 0.0
23.0 0.0 0.0
23.5 0.0 0.0
24.0 0.0 0.0
24.5 0.0 0.0
25.0 0.0 0.0
25.5 0.0 0.0
26.0 0.0 0.0
26.5 0.0 0.0
27.0 0.0 0.0
27.5 0.0 0.0
28.0 0.0 0.0
28.5 0.0 0.0
29.0 0.0 0.0
29.5 0.0 0.0
30.0 0.0 0.0
30.5 0.0 0.0
31.0 0.0 0.0
31.5 0.0 0.0
1395
# a b m n r rhoa k
1 13 2 5 1.48503 5.95003 4.00667
1 13 3 6 0.541042 4.95756 9.16298
1 13 4 7 0.332063 4.69443 14.1372
1 13 5 8 0.255757 4.41129 17.248
1 13 6 9 0.244659 4.21986 17.248
1 13 7 10 0.340135 4.80854 14.1372
1 13 8 11 0.597223 5.47234 9.16298
1 13 9 12 1.48767 5.96061 4.00667
1 23 2 7 1.58149 5.85749 3.70377
1 23 3 8 0.580952 4.88247 8.40426
1 23 4 9 0.329734 4.56077 13.8317
1 23 5 10 0.222039 4.35275 19.6035
1 23 6 11 0.160316 4.04504 25.2317
1 23 7 12 0.126217 3.80661 30.1593
1 23 8 13 0.112623 3.81032 33.8325
1 23 9 14 0.108329 3.87794 35.7978
1 23 10 15 0.106854 3.82514 35.7978
1 23 11 16 0.117358 3.97052 33.8325
1 23 12 17 0.136759 4.12456 30.1593
1 23 13 18 0.171279 4.32165 25.2317
1 23 14 19 0.234097 4.58914 19.6035
1 23 15 20 0.344495 4.76494 13.8317
1 23 16 21 0.666513 5.60155 8.40426
1 23 17 22 1.6445 6.09087 3.70377
1 57 4 16 0.388665 4.48596 11.542
1 57 5 17 0.26386 4.28905 16.255
1 57 6 18 0.190203 4.05911 21.3409
1 57 7 19 0.146527 3.92012 26.7536
1 57 8 20 0.120968 3.92415 32.4396
1 57 9 21 0.103158 3.95487 38.3381
1 57 10 22 0.087759 3.89483 44.381
1 57 11 23 0.0775776 3.91715 50.4932
1 57 12 24 0.0700188 3.9626 56.5934
1 57 13 25 0.0635966 3.98081 62.5948
1 57 14 26 0.0578632 3.95822 68.4065
1 57 15 27 0.0538102 3.9785 73.9358
1 57 16 28 0.0503435 3.98163 79.0892
1 57 17 29 0.0477411 3.99955 83.7758
1 57 18 30 0.045518 4.00145 87.9092
1 57 19 31 0.043767 4.00077 91.4105
1 57 20 32 0.0426531 4.01838 94.2106
1 57 21 33 0.0418922 4.03225 96.2531
1 57 22 34 0.0415324 4.04923 97.4958
1 57 23 35 0.0414119 4.05476 97.913
1 57 24 36 0.04134 4.03048 97.4958
1 57 25 37 0.0423617 4.07744 96.2531
1 57 26 38 0.0429373 4.04515 94.2106
1 57 27 39 0.0440643 4.02794 91.4105
1 57 28 40 0.0460337 4.04679 87.9092
1 57 29 41 0.0480054 4.02169 83.7758
1 57 30 42 0.051349 4.06115 79.0892
1 57 31 43 0.0542358 4.00996 73.9358
1 57 32 44 0.0593654 4.06098 68.4065
1 57 33 45 0.0644036 4.03133 62.5948
1 57 34 46 0.070147 3.96986 56.5934
1 57 35 47 0.0771164 3.89386 50.4932
1 57 36 48 0.0861127 3.82177 44.381
1 57 37 49 0.103586 3.97129 38.3381
1 57 38 50 0.122714 3.98078 32.4396
1 57 39 51 0.154316 4.12852 26.7536
1 57 40 52 0.196461 4.19266 21.3409
1 57 41 53 0.262479 4.26659 16.255
1 57 42 54 0.390749 4.51001 11.542
2 14 3 6 1.52316 6.1028 4.00667
2 14 4 7 0.57996 5.31416 9.16298
2 14 5 8 0.340339 4.81143 14.1372
2 14 6 9 0.248981 4.29442 17.248
2 14 7 10 0.254673 4.39259 17.248
2 14 8 11 0.333498 4.71471 14.1372
2 14 9 12 0.540344 4.95116 9.16298
2 14 10 13 1.30106 5.21292 4.00667
2 24 3 8 1.62024 6.00099 3.70377
2 24 4 9 0.618068 5.1944 8.40426
2 24 5 10 0.347871 4.81164 13.8317
2 24 6 11 0.221727 4.34664 19.6035
2 24 7 12 0.158003 3.98669 25.2317
2 24 8 13 0.130419 3.93334 30.1593
2 24 9 14 0.116778 3.95088 33.8325
2 24 10 15 0.107833 3.86019 35.7978
2 24 11 16 0.110492 3.95537 35.7978
2 24 12 17 0.120456 4.07534 33.8325
2 24 13 18 0.139863 4.21816 30.1593
2 24 14 19 0.176022 4.44133 25.2317
2 24 15 20 0.233536 4.57813 19.6035
2 24 16 21 0.379244 5.24558 13.8317
2 24 17 22 0.699543 5.87914 8.40426
2 24 18 23 1.84684 6.84028 3.70377
2 58 5 17 0.405026 4.67479 11.542
2 58 6 18 0.264394 4.29772 16.255
2 58 7 19 0.189959 4.0539 21.3409
2 58 8 20 0.150061 4.01467 26.7536
2 58 9 21 0.123937 4.02045 32.4396
2 58 10 22 0.102583 3.93283 38.3381
2 58 11 23 0.0888216 3.94199 44.381
2 58 12 24 0.0789721 3.98756 50.4932
2 58 13 25 0.0705058 3.99016 56.5934
2 58 14 26 0.0634356 3.97073 62.5948
2 58 15 27 0.0581345 3.97678 68.4065
2 58 16 28 0.0537992 3.97768 73.9358
2 58 17 29 0.0505068 3.99454 79.0892
2 58 18 30 0.0476283 3.9901 83.7758
2 58 19 31 0.0453515 3.98682 87.9092
2 58 20 32 0.0439566 4.01809 91.4105
2 58 21 33 0.0427508 4.02758 94.2106
2 58 22 34 0.0420298 4.04549 96.2531
2 58 23 35 0.0415216 4.04818 97.4958
2 58 24 36 0.0411705 4.03113 97.913
2 58 25 37 0.0417921 4.07456 97.4958
2 58 26 38 0.0419917 4.04183 96.2531
2 58 27 39 0.0427573 4.02819 94.2106
2 58 28 40 0.0442358 4.04361 91.4105
2 58 29 41 0.0457176 4.019 87.9092
2 58 30 42 0.0483753 4.05268 83.7758
2 58 31 43 0.0506121 4.00287 79.0892
2 58 32 44 0.0547396 4.04721 73.9358
2 58 33 45 0.0586937 4.01503 68.4065
2 58 34 46 0.063045 3.94629 62.5948
2 58 35 47 0.0683943 3.87067 56.5934
2 58 36 48 0.0751945 3.79681 50.4932
2 58 37 49 0.0881659 3.91289 44.381
2 58 38 50 0.101938 3.90811 38.3381
2 58 39 51 0.123638 4.01076 32.4396
2 58 40 52 0.150675 4.03109 26.7536
2 58 41 53 0.189997 4.05471 21.3409
2 58 42 54 0.257333 4.18295 16.255
2 58 43 55 0.364484 4.20685 11.542
3 15 4 7 1.46871 5.88462 4.00667
3 15 5 8 0.588109 5.38883 9.16298
3 15 6 9 0.327893 4.63547 14.1372
3 15 7 10 0.251507 4.33798 17.248
3 15 8 11 0.256412 4.42259 17.248
3 15 9 12 0.319607 4.51833 14.1372
3 15 10 13 0.503915 4.61736 9.16298
3 15 11 14 1.3421 5.37735 4.00667
3 25 4 9 1.55739 5.76822 3.70377
3 25 5 10 0.633394 5.32321 8.40426
3 25 6 11 0.339086 4.69012 13.8317
3 25 7 12 0.21279 4.17144 19.6035
3 25 8 13 0.160117 4.04001 25.2317
3 25 9 14 0.133001 4.01121 30.1593
3 25 10 15 0.114356 3.86894 33.8325
3 25 11 16 0.109108 3.90581 35.7978
3 25 12 17 0.111241 3.98219 35.7978
3 25 13 18 0.119873 4.05561 33.8325
3 25 14 19 0.138937 4.19026 30.1593
3 25 15 20 0.168002 4.23898 25.2317
3 25 16 21 0.236955 4.64516 19.6035
3 25 17 22 0.365661 5.05771 13.8317
3 25 18 23 0.672178 5.64916 8.40426
3 25 19 24 1.56699 5.80377 3.70377
3 59 6 18 0.396906 4.58107 11.542
3 59 7 19 0.25774 4.18956 16.255
3 59 8 20 0.191531 4.08745 21.3409
3 59 9 21 0.15188 4.06332 26.7536
3 59 10 22 0.12166 3.94661 32.4396
3 59 11 23 0.102801 3.94119 38.3381
3 59 12 24 0.0897124 3.98152 44.381
3 59 13 25 0.0788632 3.98206 50.4932
3 59 14 26 0.0698385 3.9524 56.5934
3 59 15 27 0.0631694 3.95407 62.5948
3 59 16 28 0.0578358 3.95634 68.4065
3 59 17 29 0.0537907 3.97705 73.9358
3 59 18 30 0.050297 3.97795 79.0892
3 59 19 31 0.0473241 3.96462 83.7758
3 59 20 32 0.0454994 3.99982 87.9092
3 59 21 33 0.0438817 4.01125 91.4105
3 59 22 34 0.042887 4.04041 94.2106
3 59 23 35 0.0420402 4.04649 96.2531
3 59 24 36 0.041378 4.03419 97.4958
3 59 25 37 0.0416145 4.0746 97.913
3 59 26 38 0.041583 4.05417 97.4958
3 59 27 39 0.0419944 4.04209 96.2531
3 59 28 40 0.0431058 4.06102 94.2106
3 59 29 41 0.0442579 4.04563 91.4105
3 59 30 42 0.0462714 4.06768 87.9092
3 59 31 43 0.0480869 4.02852 83.7758
3 59 32 44 0.0515072 4.07366 79.0892
3 59 33 45 0.0547121 4.04518 73.9358
3 59 34 46 0.0581754 3.97958 68.4065
3 59 35 47 0.0623734 3.90425 62.5948
3 59 36 48 0.0677998 3.83702 56.5934
3 59 37 49 0.0780239 3.93968 50.4932
3 59 38 50 0.0886481 3.93429 44.381
3 59 39 51 0.104835 4.01916 38.3381
3 59 40 52 0.124087 4.02532 32.4396
3 59 41 53 0.150852 4.03582 26.7536
3 59 42 54 0.193282 4.12483 21.3409
3 59 43 55 0.254229 4.13249 16.255
3 59 44 56 0.390816 4.51079 11.542
4 16 5 8 1.60188 6.41818 4.00667
4 16 6 9 0.587992 5.38775 9.16298
4 16 7 10 0.327547 4.63059 14.1372
4 16 8 11 0.257729 4.44531 17.248
4 16 9 12 0.254438 4.38853 17.248
4 16 10 13 0.310722 4.39273 14.1372
4 16 11 14 0.536184 4.91304 9.16298
4 16 12 15 1.43009 5.72991 4.00667
4 26 5 10 1.70108 6.30041 3.70377
4 26 6 11 0.638255 5.36406 8.40426
4 26 7 12 0.329438 4.55669 13.8317
4 26 8 13 0.218572 4.28478 19.6035
4 26 9 14 0.165382 4.17286 25.2317
4 26 10 15 0.131174 3.95612 30.1593
4 26 11 16 0.116781 3.95098 33.8325
4 26 12 17 0.111553 3.99336 35.7978
4 26 13 18 0.112305 4.02025 35.7978
4 26 14 19 0.121102 4.09719 33.8325
4 26 15 20 0.135946 4.10004 30.1593
4 26 16 21 0.172618 4.35545 25.2317
4 26 17 22 0.236518 4.63658 19.6035
4 26 18 23 0.362191 5.00971 13.8317
4 26 19 24 0.614279 5.16256 8.40426
4 26 20 25 1.561 5.7816 3.70377
4 60 7 19 0.390237 4.5041 11.542
4 60 8 20 0.26314 4.27735 16.255
4 60 9 21 0.195952 4.1818 21.3409
4 60 10 22 0.150064 4.01475 26.7536
4 60 11 23 0.122835 3.98471 32.4396
4 60 12 24 0.104674 4.01299 38.3381
4 60 13 25 0.0901077 3.99907 44.381
4 60 14 26 0.0783853 3.95793 50.4932
4 60 15 27 0.0698876 3.95518 56.5934
4 60 16 28 0.0630877 3.94896 62.5948
4 60 17 29 0.0580366 3.97008 68.4065
4 60 18 30 0.0537237 3.9721 73.9358
4 60 19 31 0.0500257 3.95649 79.0892
4 60 20 32 0.0475949 3.9873 83.7758
4 60 21 33 0.0455218 4.00178 87.9092
4 60 22 34 0.0440101 4.02298 91.4105
4 60 23 35 0.0427415 4.02671 94.2106
4 60 24 36 0.0417649 4.02 96.2531
4 60 25 37 0.0416788 4.06351 97.4958
4 60 26 38 0.0413365 4.04738 97.913
4 60 27 39 0.0414115 4.03745 97.4958
4 60 28 40 0.0421203 4.0542 96.2531
4 60 29 41 0.0428955 4.04121 94.2106
4 60 30 42 0.0445277 4.0703 91.4105
4 60 31 43 0.0458795 4.03323 87.9092
4 60 32 44 0.0486836 4.07851 83.7758
4 60 33 45 0.0511937 4.04887 79.0892
4 60 34 46 0.0539128 3.98608 73.9358
4 60 35 47 0.0571831 3.9117 68.4065
4 60 36 48 0.0614049 3.84362 62.5948
4 60 37 49 0.069454 3.93064 56.5934
4 60 38 50 0.0775939 3.91797 50.4932
4 60 39 51 0.0897397 3.98274 44.381
4 60 40 52 0.103584 3.97122 38.3381
4 60 41 53 0.122097 3.96076 32.4396
4 60 42 54 0.149844 4.00887 26.7536
4 60 43 55 0.18677 3.98585 21.3409
4 60 44 56 0.261067 4.24365 16.255
4 60 45 57 0.404305 4.66646 11.542
5 17 6 9 1.58444 6.34831 4.00667
5 17 7 10 0.566036 5.18658 9.16298
5 17 8 11 0.333353 4.71267 14.1372
5 17 9 12 0.259606 4.47768 17.248
5 17 10 13 0.251132 4.33151 17.248
5 17 11 14 0.336186 4.75271 14.1372
5 17 12 15 0.61562 5.64091 9.16298
5 17 13 16 1.76335 7.06516 4.00667
5 27 6 11 1.68776 6.25109 3.70377
5 27 7 12 0.605708 5.09053 8.40426
5 27 8 13 0.333941 4.61897 13.8317
5 27 9 14 0.224306 4.39718 19.6035
5 27 10 15 0.161887 4.08468 25.2317
5 27 11 16 0.133497 4.02618 30.1593
5 27 12 17 0.119536 4.04421 33.8325
5 27 13 18 0.112536 4.02853 35.7978
5 27 14 19 0.113302 4.05596 35.7978
5 27 15 20 0.119127 4.03037 33.8325
5 27 16 21 0.139064 4.19408 30.1593
5 27 17 22 0.174343 4.39896 25.2317
5 27 18 23 0.237573 4.65727 19.6035
5 27 19 24 0.343933 4.75718 13.8317
5 27 20 25 0.61306 5.15232 8.40426
5 27 21 26 1.5566 5.76528 3.70377
5 61 8 20 0.394364 4.55173 11.542
5 61 9 21 0.26792 4.35504 16.255
5 61 10 22 0.192499 4.10811 21.3409
5 61 11 23 0.151353 4.04924 26.7536
5 61 12 24 0.125242 4.0628 32.4396
5 61 13 25 0.105055 4.0276 38.3381
5 61 14 26 0.0894373 3.96932 44.381
5 61 15 27 0.0783903 3.95818 50.4932
5 61 16 28 0.0697046 3.94482 56.5934
5 61 17 29 0.0633178 3.96336 62.5948
5 61 18 30 0.057889 3.95999 68.4065
5 61 19 31 0.0533469 3.94424 73.9358
5 61 20 32 0.0502898 3.97738 79.0892
5 61 21 33 0.0476091 3.98849 83.7758
5 61 22 34 0.0456315 4.01143 87.9092
5 61 23 35 0.043986 4.02078 91.4105
5 61 24 36 0.0426714 4.0201 94.2106
5 61 25 37 0.0422221 4.06401 96.2531
5 61 26 38 0.0415642 4.05234 97.4958
5 61 27 39 0.0413406 4.04778 97.913
5 61 28 40 0.0417172 4.06725 97.4958
5 61 29 41 0.0421407 4.05617 96.2531
5 61 30 42 0.0434009 4.08883 94.2106
5 61 31 43 0.0442919 4.04874 91.4105
5 61 32 44 0.0465366 4.091 87.9092
5 61 33 45 0.0484962 4.06281 83.7758
5 61 34 46 0.0506071 4.00247 79.0892
5 61 35 47 0.0532243 3.93518 73.9358
5 61 36 48 0.0566291 3.8738 68.4065
5 61 37 49 0.0631399 3.95223 62.5948
5 61 38 50 0.0696558 3.94206 56.5934
5 61 39 51 0.0791351 3.99579 50.4932
5 61 40 52 0.0897049 3.98119 44.381
5 61 41 53 0.103355 3.96244 38.3381
5 61 42 54 0.122947 3.98835 32.4396
5 61 43 55 0.14768 3.95097 26.7536
5 61 44 56 0.194377 4.1482 21.3409
5 61 45 57 0.274688 4.46506 16.255
5 61 46 58 0.436217 5.0348 11.542
6 18 7 10 1.45476 5.82874 4.00667
6 18 8 11 0.56537 5.18048 9.16298
6 18 9 12 0.333666 4.7171 14.1372
6 18 10 13 0.250781 4.32547 17.248
6 18 11 14 0.261294 4.50679 17.248
6 18 12 15 0.362137 5.11959 14.1372
6 18 13 16 0.690963 6.33128 9.16298
6 18 14 17 1.81978 7.29126 4.00667
6 28 7 12 1.54542 5.72388 3.70377
6 28 8 13 0.60586 5.0918 8.40426
6 28 9 14 0.340843 4.71443 13.8317
6 28 10 15 0.218376 4.28094 19.6035
6 28 11 16 0.164927 4.16139 25.2317
6 28 12 17 0.137488 4.14653 30.1593
6 28 13 18 0.120686 4.0831 33.8325
6 28 14 19 0.113298 4.05583 35.7978
6 28 15 20 0.111885 4.00522 35.7978
6 28 16 21 0.121221 4.10121 33.8325
6 28 17 22 0.140927 4.25025 30.1593
6 28 18 23 0.178765 4.51054 25.2317
6 28 19 24 0.230042 4.50964 19.6035
6 28 20 25 0.350392 4.8465 13.8317
6 28 21 26 0.633894 5.32741 8.40426
6 28 22 27 1.72453 6.38726 3.70377
6 62 9 21 0.400501 4.62256 11.542
6 62 10 22 0.262344 4.2644 16.255
6 62 11 23 0.19486 4.15849 21.3409
6 62 12 24 0.155229 4.15294 26.7536
6 62 13 25 0.12606 4.08933 32.4396
6 62 14 26 0.104431 4.00368 38.3381
6 62 15 27 0.0896798 3.98008 44.381
6 62 16 28 0.0783299 3.95513 50.4932
6 62 17 29 0.070078 3.96595 56.5934
6 62 18 30 0.0632565 3.95952 62.5948
6 62 19 31 0.0574616 3.93075 68.4065
6 62 20 32 0.0535603 3.96002 73.9358
6 62 21 33 0.0501988 3.97019 79.0892
6 62 22 34 0.0476297 3.99022 83.7758
6 62 23 35 0.0455101 4.00075 87.9092
6 62 24 36 0.0437888 4.00275 91.4105
6 62 25 37 0.0430444 4.05524 94.2106
6 62 26 38 0.0420461 4.04706 96.2531
6 62 27 39 0.041459 4.04208 97.4958
6 62 28 40 0.0414983 4.06322 97.913
6 62 29 41 0.0415353 4.04951 97.4958
6 62 30 42 0.0424174 4.0828 96.2531
6 62 31 43 0.0428768 4.03945 94.2106
6 62 32 44 0.0446844 4.08462 91.4105
6 62 33 45 0.0461651 4.05834 87.9092
6 62 34 46 0.0477207 3.99784 83.7758
6 62 35 47 0.0497086 3.93141 79.0892
6 62 36 48 0.0523724 3.87219 73.9358
6 62 37 49 0.0576074 3.94072 68.4065
6 62 38 50 0.0626774 3.92327 62.5948
6 62 39 51 0.0700212 3.96274 56.5934
6 62 40 52 0.077938 3.93534 50.4932
6 62 41 53 0.0879352 3.90265 44.381
6 62 42 54 0.101764 3.90144 38.3381
6 62 43 55 0.118486 3.84364 32.4396
6 62 44 56 0.148239 3.96594 26.7536
6 62 45 57 0.195273 4.16731 21.3409
6 62 46 58 0.278474 4.5266 16.255
6 62 47 59 0.416162 4.80332 11.542
7 19 8 11 1.44403 5.78575 4.00667
7 19 9 12 0.548791 5.02856 9.16298
7 19 10 13 0.309607 4.37697 14.1372
7 19 11 14 0.250766 4.3252 17.248
7 19 12 15 0.266405 4.59495 17.248
7 19 13 16 0.370853 5.24281 14.1372
7 19 14 17 0.64649 5.92377 9.16298
7 19 15 18 1.66897 6.687 4.00667
7 29 8 13 1.5341 5.68195 3.70377
7 29 9 14 0.597263 5.01955 8.40426
7 29 10 15 0.320202 4.42893 13.8317
7 29 11 16 0.217754 4.26875 19.6035
7 29 12 17 0.16788 4.23589 25.2317
7 29 13 18 0.136933 4.1298 30.1593
7 29 14 19 0.12008 4.0626 33.8325
7 29 15 20 0.11151 3.99181 35.7978
7 29 16 21 0.112784 4.03743 35.7978
7 29 17 22 0.122538 4.14576 33.8325
7 29 18 23 0.141878 4.27893 30.1593
7 29 19 24 0.170712 4.30736 25.2317
7 29 20 25 0.233627 4.57991 19.6035
7 29 21 26 0.355099 4.91162 13.8317
7 29 22 27 0.6786 5.70313 8.40426
7 29 23 28 1.79833 6.6606 3.70377
7 63 10 22 0.379225 4.377 11.542
7 63 11 23 0.260359 4.23213 16.255
7 63 12 24 0.197184 4.20809 21.3409
7 63 13 25 0.153915 4.11778 26.7536
7 63 14 26 0.123526 4.00714 32.4396
7 63 15 27 0.10358 3.97105 38.3381
7 63 16 28 0.0887573 3.93914 44.381
7 63 17 29 0.0782133 3.94924 50.4932
7 63 18 30 0.0693158 3.92282 56.5934
7 63 19 31 0.0622289 3.8952 62.5948
7 63 20 32 0.0573722 3.92463 68.4065
7 63 21 33 0.0532222 3.93503 73.9358
7 63 22 34 0.0499927 3.95388 79.0892
7 63 23 35 0.047272 3.96025 83.7758
7 63 24 36 0.0451128 3.96583 87.9092
7 63 25 37 0.0437883 4.00271 91.4105
7 63 26 38 0.0424926 4.00325 94.2106
7 63 27 39 0.0415671 4.00096 96.2531
7 63 28 40 0.0412216 4.01893 97.4958
7 63 29 41 0.0409489 4.00943 97.913
7 63 30 42 0.0414278 4.03904 97.4958
7 63 31 43 0.0415152 3.99597 96.2531
7 63 32 44 0.0428313 4.03516 94.2106
7 63 33 45 0.0437817 4.0021 91.4105
7 63 34 46 0.044803 3.9386 87.9092
7 63 35 47 0.0461665 3.86764 83.7758
7 63 36 48 0.0481875 3.81111 79.0892
7 63 37 49 0.0521753 3.85762 73.9358
7 63 38 50 0.0560733 3.83578 68.4065
7 63 39 51 0.0616893 3.86143 62.5948
7 63 40 52 0.0674597 3.81778 56.5934
7 63 41 53 0.0746662 3.77014 50.4932
7 63 42 54 0.0842629 3.73967 44.381
7 63 43 55 0.0952915 3.65329 38.3381
7 63 44 56 0.114156 3.70319 32.4396
7 63 45 57 0.141861 3.79529 26.7536
7 63 46 58 0.1859 3.96729 21.3409
7 63 47 59 0.248454 4.03862 16.255
7 63 48 60 0.36363 4.197 11.542
8 20 9 12 1.38606 5.5535 4.00667
8 20 10 13 0.496008 4.54491 9.16298
8 20 11 14 0.308811 4.36571 14.1372
8 20 12 15 0.257888 4.44804 17.248
8 20 13 16 0.272768 4.7047 17.248
8 20 14 17 0.355936 5.03192 14.1372
8 20 15 18 0.613329 5.61992 9.16298
8 20 16 19 1.55671 6.23722 4.00667
8 30 9 14 1.48369 5.49524 3.70377
8 30 10 15 0.543551 4.56814 8.40426
8 30 11 16 0.314817 4.35444 13.8317
8 30 12 17 0.21961 4.30514 19.6035
8 30 13 18 0.164449 4.14933 25.2317
8 30 14 19 0.13403 4.04224 30.1593
8 30 15 20 0.116921 3.95575 33.8325
8 30 16 21 0.111019 3.97425 35.7978
8 30 17 22 0.113263 4.05456 35.7978
8 30 18 23 0.12235 4.13941 33.8325
8 30 19 24 0.13717 4.13696 30.1593
8 30 20 25 0.172907 4.36274 25.2317
8 30 21 26 0.233773 4.58277 19.6035
8 30 22 27 0.371667 5.14078 13.8317
8 30 23 28 0.695995 5.84933 8.40426
8 30 24 29 1.75957 6.51704 3.70377
8 64 11 23 0.371659 4.28967 11.542
8 64 12 24 0.261097 4.24413 16.255
8 64 13 25 0.192924 4.11718 21.3409
8 64 14 26 0.148744 3.97943 26.7536
8 64 15 27 0.121262 3.93368 32.4396
8 64 16 28 0.101612 3.89562 38.3381
8 64 17 29 0.0879981 3.90544 44.381
8 64 18 30 0.0774968 3.91306 50.4932
8 64 19 31 0.0679822 3.84734 56.5934
8 64 20 32 0.0620734 3.88547 62.5948
8 64 21 33 0.0568946 3.89196 68.4065
8 64 22 34 0.0529678 3.91621 73.9358
8 64 23 35 0.0496588 3.92747 79.0892
8 64 24 36 0.0470211 3.93923 83.7758
8 64 25 37 0.0452771 3.98027 87.9092
8 64 26 38 0.0435561 3.98148 91.4105
8 64 27 39 0.0423809 3.99273 94.2106
8 64 28 40 0.0417383 4.01744 96.2531
8 64 29 41 0.0411903 4.01588 97.4958
8 64 30 42 0.0413987 4.05347 97.913
8 64 31 43 0.0412183 4.01861 97.4958
8 64 32 44 0.0422014 4.06201 96.2531
8 64 33 45 0.0428579 4.03767 94.2106
8 64 34 46 0.0435792 3.9836 91.4105
8 64 35 47 0.044564 3.91758 87.9092
8 64 36 48 0.0462265 3.87266 83.7758
8 64 37 49 0.0495688 3.92036 79.0892
8 64 38 50 0.0528763 3.90945 73.9358
8 64 39 51 0.0576454 3.94332 68.4065
8 64 40 52 0.0623671 3.90386 62.5948
8 64 41 53 0.0683059 3.86566 56.5934
8 64 42 54 0.0760386 3.83944 50.4932
8 64 43 55 0.0847809 3.76266 44.381
8 64 44 56 0.0994815 3.81393 38.3381
8 64 45 57 0.120393 3.90549 32.4396
8 64 46 58 0.152308 4.07478 26.7536
8 64 47 59 0.195046 4.16246 21.3409
8 64 48 60 0.267866 4.35417 16.255
8 64 49 61 0.388509 4.48415 11.542
9 21 10 13 1.25699 5.03636 4.00667
9 21 11 14 0.512466 4.69571 9.16298
9 21 12 15 0.325158 4.59681 14.1372
9 21 13 16 0.261928 4.51772 17.248
9 21 14 17 0.263602 4.54659 17.248
9 21 15 18 0.345247 4.88082 14.1372
9 21 16 19 0.581343 5.32683 9.16298
9 21 17 20 1.35958 5.4474 4.00667
9 31 10 15 1.35516 5.01919 3.70377
9 31 11 16 0.556499 4.67696 8.40426
9 31 12 17 0.327834 4.53449 13.8317
9 31 13 18 0.218338 4.2802 19.6035
9 31 14 19 0.162131 4.09085 25.2317
9 31 15 20 0.131189 3.95657 30.1593
9 31 16 21 0.116083 3.92739 33.8325
9 31 17 22 0.11075 3.96462 35.7978
9 31 18 23 0.111774 4.00124 35.7978
9 31 19 24 0.116469 3.94044 33.8325
9 31 20 25 0.135771 4.09477 30.1593
9 31 21 26 0.166604 4.2037 25.2317
9 31 22 27 0.231542 4.53903 19.6035
9 31 23 28 0.359101 4.96697 13.8317
9 31 24 29 0.637445 5.35726 8.40426
9 31 25 30 1.51996 5.6296 3.70377
10 22 11 14 1.52115 6.09473 4.00667
10 22 12 15 0.608319 5.57401 9.16298
10 22 13 16 0.351527 4.9696 14.1372
10 22 14 17 0.265237 4.5748 17.248
10 22 15 18 0.268823 4.63666 17.248
10 22 16 19 0.350682 4.95765 14.1372
10 22 17 20 0.566972 5.19515 9.16298
10 22 18 21 1.62333 6.50414 4.00667
10 32 11 16 1.62289 6.01082 3.70377
10 32 12 17 0.652562 5.4843 8.40426
10 32 13 18 0.352641 4.87761 13.8317
10 32 14 19 0.226613 4.44243 19.6035
10 32 15 20 0.166187 4.19318 25.2317
10 32 16 21 0.135242 4.0788 30.1593
10 32 17 22 0.119975 4.05907 33.8325
10 32 18 23 0.112484 4.02667 35.7978
10 32 19 24 0.109116 3.90611 35.7978
10 32 20 25 0.118429 4.00675 33.8325
10 32 21 26 0.13412 4.04498 30.1593
10 32 22 27 0.16865 4.25532 25.2317
10 32 23 28 0.231476 4.53774 19.6035
10 32 24 29 0.346215 4.78873 13.8317
10 32 25 30 0.593206 4.98546 8.40426
10 32 26 31 1.54902 5.7372 3.70377
11 23 12 15 1.61688 6.4783 4.00667
11 23 13 16 0.599869 5.49659 9.16298
11 23 14 17 0.334599 4.73028 14.1372
11 23 15 18 0.262152 4.52158 17.248
11 23 16 19 0.268685 4.63428 17.248
11 23 17 20 0.337369 4.76944 14.1372
11 23 18 21 0.619975 5.68081 9.16298
11 23 19 22 1.53408 6.14654 4.00667
11 33 12 17 1.71317 6.34521 3.70377
11 33 13 18 0.641791 5.39378 8.40426
11 33 14 19 0.34071 4.7126 13.8317
11 33 15 20 0.222754 4.36677 19.6035
11 33 16 21 0.16614 4.192 25.2317
11 33 17 22 0.137039 4.13299 30.1593
11 33 18 23 0.11965 4.04806 33.8325
11 33 19 24 0.108266 3.87567 35.7978
11 33 20 25 0.109935 3.93542 35.7978
11 33 21 26 0.116128 3.92891 33.8325
11 33 22 27 0.134648 4.0609 30.1593
11 33 23 28 0.168657 4.2555 25.2317
11 33 24 29 0.226658 4.44331 19.6035
11 33 25 30 0.332427 4.59802 13.8317
11 33 26 31 0.601271 5.05323 8.40426
11 33 27 32 1.44703 5.35947 3.70377
12 24 13 16 1.48465 5.94852 4.00667
12 24 14 17 0.538799 4.937 9.16298
12 24 15 18 0.322012 4.55234 14.1372
12 24 16 19 0.263364 4.5425 17.248
12 24 17 20 0.267394 4.61201 17.248
12 24 18 21 0.371834 5.25668 14.1372
12 24 19 22 0.644464 5.90521 9.16298
12 24 20 23 1.74168 6.97832 4.00667
12 34 13 18 1.57449 5.83154 3.70377
12 34 14 19 0.584119 4.90909 8.40426
12 34 15 20 0.323715 4.47752 13.8317
12 34 16 21 0.218209 4.27767 19.6035
12 34 17 22 0.16653 4.20182 25.2317
12 34 18 23 0.135016 4.07198 30.1593
12 34 19 24 0.113961 3.8556 33.8325
12 34 20 25 0.108424 3.88134 35.7978
12 34 21 26 0.107359 3.84323 35.7978
12 34 22 27 0.115993 3.92432 33.8325
12 34 23 28 0.134608 4.05968 30.1593
12 34 24 29 0.167012 4.214 25.2317
12 34 25 30 0.221986 4.3517 19.6035
12 34 26 31 0.343205 4.7471 13.8317
12 34 27 32 0.6099 5.12576 8.40426
12 34 28 33 1.77111 6.55979 3.70377
13 25 14 17 1.30965 5.24732 4.00667
13 25 15 18 0.509185 4.66565 9.16298
13 25 16 19 0.321681 4.54766 14.1372
13 25 17 20 0.260743 4.49728 17.248
13 25 18 21 0.274062 4.72702 17.248
13 25 19 22 0.354046 5.00521 14.1372
13 25 20 23 0.625166 5.72838 9.16298
13 25 21 24 1.45688 5.83724 4.00667
13 35 14 19 1.40901 5.21866 3.70377
13 35 15 20 0.554813 4.66279 8.40426
13 35 16 21 0.321647 4.44891 13.8317
13 35 17 22 0.222988 4.37135 19.6035
13 35 18 23 0.166171 4.19279 25.2317
13 35 19 24 0.129416 3.90311 30.1593
13 35 20 25 0.114889 3.88699 33.8325
13 35 21 26 0.106408 3.80918 35.7978
13 35 22 27 0.107262 3.83975 35.7978
13 35 23 28 0.115725 3.91526 33.8325
13 35 24 29 0.133347 4.02167 30.1593
13 35 25 30 0.162688 4.10489 25.2317
13 35 26 31 0.224328 4.39762 19.6035
13 35 27 32 0.335942 4.64664 13.8317
13 35 28 33 0.660906 5.55443 8.40426
13 35 29 34 1.62085 6.00326 3.70377
14 26 15 18 1.3423 5.37814 4.00667
14 26 16 19 0.542698 4.97273 9.16298
14 26 17 20 0.341966 4.83443 14.1372
14 26 18 21 0.27257 4.70128 17.248
14 26 19 22 0.267777 4.61861 17.248
14 26 20 23 0.355676 5.02825 14.1372
14 26 21 24 0.562732 5.1563 9.16298
14 26 22 25 1.45044 5.81143 4.00667
14 36 15 20 1.44619 5.35634 3.70377
14 36 16 21 0.584606 4.91318 8.40426
14 36 17 22 0.346388 4.79112 13.8317
14 36 18 23 0.229885 4.50656 19.6035
14 36 19 24 0.162154 4.09143 25.2317
14 36 20 25 0.132689 4.0018 30.1593
14 36 21 26 0.114842 3.88541 33.8325
14 36 22 27 0.108437 3.88179 35.7978
14 36 23 28 0.109627 3.92441 35.7978
14 36 24 29 0.118853 4.02111 33.8325
14 36 25 30 0.135678 4.09195 30.1593
14 36 26 31 0.173231 4.37092 25.2317
14 36 27 32 0.235706 4.62067 19.6035
14 36 28 33 0.392177 5.42447 13.8317
14 36 29 34 0.745042 6.26153 8.40426
14 36 30 35 2.1406 7.92829 3.70377
15 27 16 19 1.42423 5.70643 4.00667
15 27 17 20 0.614342 5.62921 9.16298
15 27 18 21 0.365246 5.16355 14.1372
15 27 19 22 0.269237 4.64379 17.248
15 27 20 23 0.274732 4.73857 17.248
15 27 21 24 0.334635 4.73079 14.1372
15 27 22 25 0.560054 5.13176 9.16298
15 27 23 26 1.44772 5.80052 4.00667
15 37 16 21 1.5243 5.64567 3.70377
15 37 17 22 0.660166 5.54821 8.40426
15 37 18 23 0.365817 5.05986 13.8317
15 37 19 24 0.224914 4.40912 19.6035
15 37 20 25 0.165574 4.17772 25.2317
15 37 21 26 0.13108 3.95329 30.1593
15 37 22 27 0.114468 3.87275 33.8325
15 37 23 28 0.106856 3.82522 35.7978
15 37 24 29 0.107608 3.85213 35.7978
15 37 25 30 0.113228 3.83079 33.8325
15 37 26 31 0.131778 3.97433 30.1593
15 37 27 32 0.160831 4.05805 25.2317
15 37 28 33 0.226677 4.44366 19.6035
15 37 29 34 0.352051 4.86945 13.8317
15 37 30 35 0.659351 5.54136 8.40426
16 28 17 20 1.7518 7.01888 4.00667
16 28 18 21 0.687747 6.30181 9.16298
16 28 19 22 0.367029 5.18875 14.1372
16 28 20 23 0.280024 4.82984 17.248
16 28 21 24 0.266432 4.59541 17.248
16 28 22 25 0.341637 4.82978 14.1372
16 28 23 26 0.581954 5.33243 9.16298
16 28 24 27 1.62448 6.50875 4.00667
16 38 17 22 1.85916 6.88592 3.70377
16 38 18 23 0.73309 6.16108 8.40426
16 38 19 24 0.367983 5.08982 13.8317
16 38 20 25 0.234322 4.59353 19.6035
16 38 21 26 0.167644 4.22993 25.2317
16 38 22 27 0.134663 4.06133 30.1593
16 38 23 28 0.116391 3.9378 33.8325
16 38 24 29 0.109647 3.92513 35.7978
16 38 25 30 0.107746 3.85708 35.7978
16 38 26 31 0.116972 3.95745 33.8325
16 38 27 32 0.132487 3.9957 30.1593
16 38 28 33 0.168677 4.256 25.2317
16 38 29 34 0.233134 4.57026 19.6035
16 38 30 35 0.362516 5.01421 13.8317
16 38 31 36 0.608843 5.11687 8.40426
16 38 32 37 1.69076 6.26221 3.70377
17 29 18 21 1.81699 7.2801 4.00667
17 29 19 22 0.642572 5.88787 9.16298
17 29 20 23 0.362572 5.12573 14.1372
17 29 21 24 0.268036 4.62307 17.248
17 29 22 25 0.269214 4.64339 17.248
17 29 23 26 0.345754 4.88798 14.1372
17 29 24 27 0.632764 5.798 9.16298
17 29 25 28 1.69564 6.79387 4.00667
17 39 18 23 1.92132 7.11612 3.70377
17 39 19 24 0.685962 5.765 8.40426
17 39 20 25 0.361429 4.99917 13.8317
17 39 21 26 0.228708 4.48349 19.6035
17 39 22 27 0.167996 4.23882 25.2317
17 39 23 28 0.134055 4.04301 30.1593
17 39 24 29 0.118034 3.99338 33.8325
17 39 25 30 0.108186 3.8728 35.7978
17 39 26 31 0.109888 3.93375 35.7978
17 39 27 32 0.116397 3.93802 33.8325
17 39 28 33 0.13593 4.09956 30.1593
17 39 29 34 0.171141 4.31818 25.2317
17 39 30 35 0.23485 4.60389 19.6035
17 39 31 36 0.335102 4.63503 13.8317
17 39 32 37 0.629849 5.29342 8.40426
17 39 33 38 1.48958 5.51705 3.70377
18 30 19 22 1.66819 6.68388 4.00667
18 30 20 23 0.61634 5.64751 9.16298
18 30 21 24 0.345281 4.88129 14.1372
18 30 22 25 0.271499 4.6828 17.248
18 30 23 26 0.269191 4.643 17.248
18 30 24 27 0.368146 5.20454 14.1372
18 30 25 28 0.648477 5.94198 9.16298
18 30 26 29 1.65055 6.61319 4.00667
18 40 19 24 1.76905 6.55216 3.70377
18 40 20 25 0.65851 5.53429 8.40426
18 40 21 26 0.349836 4.83882 13.8317
18 40 22 27 0.230081 4.51039 19.6035
18 40 23 28 0.167347 4.22244 25.2317
18 40 24 29 0.136523 4.11743 30.1593
18 40 25 30 0.116052 3.92634 33.8325
18 40 26 31 0.109873 3.93322 35.7978
18 40 27 32 0.108959 3.90047 35.7978
18 40 28 33 0.117809 3.98577 33.8325
18 40 29 34 0.136958 4.13056 30.1593
18 40 30 35 0.17104 4.31563 25.2317
18 40 31 36 0.219225 4.29758 19.6035
18 40 32 37 0.345625 4.78057 13.8317
18 40 33 38 0.585137 4.91764 8.40426
18 40 34 39 1.4676 5.43567 3.70377
19 31 20 23 1.56408 6.26675 4.00667
19 31 21 24 0.577783 5.29421 9.16298
19 31 22 25 0.349117 4.93553 14.1372
19 31 23 26 0.266115 4.58994 17.248
19 31 24 27 0.275119 4.74524 17.248
19 31 25 28 0.356287 5.03689 14.1372
19 31 26 29 0.591907 5.42363 9.16298
19 31 27 30 1.41363 5.66394 4.00667
19 41 20 25 1.6644 6.16455 3.70377
19 41 21 26 0.628161 5.27923 8.40426
19 41 22 27 0.353945 4.89566 13.8317
19 41 23 28 0.229992 4.50865 19.6035
19 41 24 29 0.172342 4.34849 25.2317
19 41 25 30 0.134971 4.07063 30.1593
19 41 26 31 0.118879 4.02197 33.8325
19 41 27 32 0.110564 3.95795 35.7978
19 41 28 33 0.111462 3.9901 35.7978
19 41 29 34 0.120854 4.0888 33.8325
19 41 30 35 0.139845 4.21762 30.1593
19 41 31 36 0.165469 4.17505 25.2317
19 41 32 37 0.234493 4.5969 19.6035
19 41 33 38 0.343764 4.75483 13.8317
19 41 34 39 0.643133 5.40505 8.40426
19 41 35 40 1.91178 7.08081 3.70377
20 32 21 24 1.3513 5.41419 4.00667
20 32 22 25 0.566571 5.19148 9.16298
20 32 23 26 0.333931 4.72083 14.1372
20 32 24 27 0.270384 4.66357 17.248
20 32 25 28 0.268146 4.62497 17.248
20 32 26 29 0.340367 4.81183 14.1372
20 32 27 30 0.54503 4.9941 9.16298
20 32 28 31 1.44187 5.7771 4.00667
20 42 21 26 1.45592 5.39238 3.70377
20 42 22 27 0.610327 5.12935 8.40426
20 42 23 28 0.338813 4.68635 13.8317
20 42 24 29 0.229692 4.50278 19.6035
20 42 25 30 0.164039 4.13899 25.2317
20 42 26 31 0.133954 4.03995 30.1593
20 42 27 32 0.116708 3.94854 33.8325
20 42 28 33 0.109823 3.93143 35.7978
20 42 29 34 0.111192 3.98044 35.7978
20 42 30 35 0.119551 4.04472 33.8325
20 42 31 36 0.130611 3.93913 30.1593
20 42 32 37 0.167698 4.2313 25.2317
20 42 33 38 0.218308 4.27961 19.6035
20 42 34 39 0.337536 4.66868 13.8317
20 42 35 40 0.670329 5.63362 8.40426
20 42 36 41 1.65745 6.13882 3.70377
21 33 22 25 1.61898 6.48672 4.00667
21 33 23 26 0.613455 5.62107 9.16298
21 33 24 27 0.371501 5.25198 14.1372
21 33 25 28 0.273599 4.71902 17.248
21 33 26 29 0.267245 4.60942 17.248
21 33 27 30 0.328922 4.65002 14.1372
21 33 28 31 0.553943 5.07577 9.16298
21 33 29 32 1.3495 5.40699 4.00667
21 43 22 27 1.72465 6.38769 3.70377
21 43 23 28 0.662394 5.56693 8.40426
21 43 24 29 0.37637 5.20583 13.8317
21 43 25 30 0.233384 4.57515 19.6035
21 43 26 31 0.171263 4.32125 25.2317
21 43 27 32 0.137346 4.14227 30.1593
21 43 28 33 0.119775 4.0523 33.8325
21 43 29 34 0.112714 4.03491 35.7978
21 43 30 35 0.112742 4.03591 35.7978
21 43 31 36 0.11462 3.87787 33.8325
21 43 32 37 0.135299 4.08053 30.1593
21 43 33 38 0.160788 4.05695 25.2317
21 43 34 39 0.218425 4.2819 19.6035
21 43 35 40 0.355452 4.91649 13.8317
21 43 36 41 0.634642 5.3337 8.40426
21 43 37 42 1.90481 7.05498 3.70377
22 34 23 26 1.5305 6.13222 4.00667
22 34 24 27 0.647645 5.93436 9.16298
22 34 25 28 0.356415 5.0387 14.1372
22 34 26 29 0.270102 4.6587 17.248
22 34 27 30 0.263208 4.53979 17.248
22 34 28 31 0.340023 4.80696 14.1372
22 34 29 32 0.567573 5.20066 9.16298
22 34 30 33 1.68006 6.73143 4.00667
22 44 23 28 1.63579 6.05859 3.70377
22 44 24 29 0.694906 5.84017 8.40426
22 44 25 30 0.360429 4.98534 13.8317
22 44 26 31 0.23412 4.58958 19.6035
22 44 27 32 0.171665 4.3314 25.2317
22 44 28 33 0.138324 4.17176 30.1593
22 44 29 34 0.121048 4.09535 33.8325
22 44 30 35 0.112677 4.03357 35.7978
22 44 31 36 0.106667 3.81843 35.7978
22 44 32 37 0.116343 3.93618 33.8325
22 44 33 38 0.127182 3.83572 30.1593
22 44 34 39 0.154585 3.90044 25.2317
22 44 35 40 0.215597 4.22646 19.6035
22 44 36 41 0.319153 4.41442 13.8317
22 44 37 42 0.58882 4.9486 8.40426
22 44 38 43 1.44933 5.36799 3.70377
23 35 24 27 1.73431 6.94879 4.00667
23 35 25 28 0.617479 5.65794 9.16298
23 35 26 29 0.350029 4.94842 14.1372
23 35 27 30 0.266499 4.59656 17.248
23 35 28 31 0.267274 4.60994 17.248
23 35 29 32 0.336761 4.76085 14.1372
23 35 30 33 0.623277 5.71107 9.16298
23 35 31 34 1.52296 6.10201 4.00667
23 45 24 29 1.83955 6.81328 3.70377
23 45 25 30 0.665804 5.59559 8.40426
23 45 26 31 0.359506 4.97257 13.8317
23 45 27 32 0.23516 4.60997 19.6035
23 45 28 33 0.173932 4.3886 25.2317
23 45 29 34 0.140913 4.24982 30.1593
23 45 30 35 0.122426 4.14198 33.8325
23 45 31 36 0.108384 3.87991 35.7978
23 45 32 37 0.110449 3.95384 35.7978
23 45 33 38 0.113133 3.82759 33.8325
23 45 34 39 0.127048 3.83167 30.1593
23 45 35 40 0.160884 4.05937 25.2317
23 45 36 41 0.213724 4.18974 19.6035
23 45 37 42 0.326876 4.52124 13.8317
23 45 38 43 0.577849 4.8564 8.40426
23 45 39 44 1.75031 6.48276 3.70377
24 36 25 28 1.46831 5.88302 4.00667
24 36 26 29 0.567521 5.20019 9.16298
24 36 27 30 0.33808 4.77949 14.1372
24 36 28 31 0.272444 4.69911 17.248
24 36 29 32 0.276496 4.76899 17.248
24 36 30 33 0.391467 5.53424 14.1372
24 36 31 34 0.695773 6.37535 9.16298
24 36 32 35 2.03344 8.14731 4.00667
24 46 25 30 1.56764 5.80617 3.70377
24 46 26 31 0.615713 5.17461 8.40426
24 46 27 32 0.345061 4.77277 13.8317
24 46 28 33 0.231158 4.53152 19.6035
24 46 29 34 0.173006 4.36524 25.2317
24 46 30 35 0.140274 4.23057 30.1593
24 46 31 36 0.116475 3.94066 33.8325
24 46 32 37 0.111223 3.98154 35.7978
24 46 33 38 0.107489 3.84785 35.7978
24 46 34 39 0.112962 3.82179 33.8325
24 46 35 40 0.131776 3.97428 30.1593
24 46 36 41 0.162349 4.09635 25.2317
24 46 37 42 0.220907 4.33056 19.6035
24 46 38 43 0.331922 4.59103 13.8317
24 46 39 44 0.656556 5.51787 8.40426
24 46 40 45 1.84095 6.81844 3.70377
25 37 26 29 1.45372 5.82457 4.00667
25 37 27 30 0.558863 5.12085 9.16298
25 37 28 31 0.341551 4.82856 14.1372
25 37 29 32 0.265745 4.58355 17.248
25 37 30 33 0.273368 4.71504 17.248
25 37 31 34 0.350537 4.9556 14.1372
25 37 32 35 0.618849 5.6705 9.16298
25 37 33 36 1.38773 5.56017 4.00667
25 47 26 31 1.56238 5.78669 3.70377
25 47 27 32 0.613209 5.15357 8.40426
25 47 28 33 0.350535 4.84848 13.8317
25 47 29 34 0.235402 4.61471 19.6035
25 47 30 35 0.17532 4.42362 25.2317
25 47 31 36 0.134909 4.06875 30.1593
25 47 32 37 0.120668 4.08251 33.8325
25 47 33 38 0.109315 3.91325 35.7978
25 47 34 39 0.107789 3.8586 35.7978
25 47 35 40 0.117022 3.95916 33.8325
25 47 36 41 0.134883 4.06797 30.1593
25 47 37 42 0.16695 4.21244 25.2317
25 47 38 43 0.226357 4.4374 19.6035
25 47 39 44 0.369701 5.11358 13.8317
25 47 40 45 0.698989 5.87448 8.40426
25 47 41 46 1.78932 6.62722 3.70377
26 38 27 30 1.44963 5.80819 4.00667
26 38 28 31 0.587262 5.38107 9.16298
26 38 29 32 0.350315 4.95246 14.1372
26 38 30 33 0.276874 4.77552 17.248
26 38 31 34 0.272364 4.69772 17.248
26 38 32 35 0.360004 5.08944 14.1372
26 38 33 36 0.560343 5.13441 9.16298
26 38 34 37 1.58737 6.36008 4.00667
26 48 27 32 1.56125 5.7825 3.70377
26 48 28 33 0.636048 5.34551 8.40426
26 48 29 34 0.359715 4.97546 13.8317
26 48 30 35 0.238874 4.68278 19.6035
26 48 31 36 0.16773 4.23211 25.2317
26 48 32 37 0.138439 4.17523 30.1593
26 48 33 38 0.118136 3.99683 33.8325
26 48 34 39 0.109268 3.91154 35.7978
26 48 35 40 0.110973 3.9726 35.7978
26 48 36 41 0.120621 4.08091 33.8325
26 48 37 42 0.138345 4.17239 30.1593
26 48 38 43 0.173256 4.37154 25.2317
26 48 39 44 0.250303 4.90682 19.6035
26 48 40 45 0.394 5.44968 13.8317
26 48 41 46 0.715308 6.01164 8.40426
26 48 42 47 1.88567 6.9841 3.70377
27 39 28 31 1.61172 6.45764 4.00667
27 39 29 32 0.633292 5.80284 9.16298
27 39 30 33 0.371296 5.24907 14.1372
27 39 31 34 0.274391 4.73269 17.248
27 39 32 35 0.276301 4.76563 17.248
27 39 33 36 0.329283 4.65512 14.1372
27 39 34 37 0.580141 5.31582 9.16298
27 39 35 38 1.38302 5.54129 4.00667
27 49 28 33 1.71883 6.36616 3.70377
27 49 29 34 0.684021 5.74869 8.40426
27 49 30 35 0.377086 5.21573 13.8317
27 49 31 36 0.231903 4.54613 19.6035
27 49 32 37 0.172325 4.34806 25.2317
27 49 33 38 0.135784 4.09513 30.1593
27 49 34 39 0.11658 3.94419 33.8325
27 49 35 40 0.109084 3.90496 35.7978
27 49 36 41 0.110647 3.96093 35.7978
27 49 37 42 0.116111 3.92832 33.8325
27 49 38 43 0.133349 4.02172 30.1593
27 49 39 44 0.170815 4.30996 25.2317
27 49 40 45 0.229875 4.50637 19.6035
27 49 41 46 0.33675 4.65781 13.8317
27 49 42 47 0.570151 4.79169 8.40426
27 49 43 48 1.25295 4.64065 3.70377
28 40 29 32 1.69349 6.78526 4.00667
28 40 30 33 0.651439 5.96912 9.16298
28 40 31 34 0.356268 5.03662 14.1372
28 40 32 35 0.274464 4.73394 17.248
28 40 33 36 0.257068 4.4339 17.248
28 40 34 37 0.340049 4.80732 14.1372
28 40 35 38 0.536472 4.91568 9.16298
28 40 36 39 1.37825 5.52219 4.00667
28 50 29 34 1.80158 6.67265 3.70377
28 50 30 35 0.700599 5.88802 8.40426
28 50 31 36 0.358525 4.959 13.8317
28 50 32 37 0.235293 4.61258 19.6035
28 50 33 38 0.170064 4.291 25.2317
28 50 34 39 0.135432 4.08453 30.1593
28 50 35 40 0.117731 3.98315 33.8325
28 50 36 41 0.112262 4.01872 35.7978
28 50 37 42 0.109316 3.91328 35.7978
28 50 38 43 0.1176 3.97871 33.8325
28 50 39 44 0.139014 4.19256 30.1593
28 50 40 45 0.170159 4.2934 25.2317
28 50 41 46 0.223117 4.37388 19.6035
28 50 42 47 0.31908 4.41341 13.8317
28 50 43 48 0.519643 4.36722 8.40426
28 50 44 49 1.78341 6.60533 3.70377
29 41 30 33 1.66334 6.66444 4.00667
29 41 31 34 0.593803 5.441 9.16298
29 41 32 35 0.347103 4.90706 14.1372
29 41 33 36 0.259745 4.48007 17.248
29 41 34 37 0.271113 4.67614 17.248
29 41 35 38 0.335453 4.74236 14.1372
29 41 36 39 0.603717 5.53185 9.16298
29 41 37 40 1.80664 7.2386 4.00667
29 51 30 35 1.76518 6.53782 3.70377
29 51 31 36 0.635258 5.33887 8.40426
29 51 32 37 0.349729 4.83733 13.8317
29 51 33 38 0.227827 4.46621 19.6035
29 51 34 39 0.16706 4.2152 25.2317
29 51 35 40 0.134177 4.04669 30.1593
29 51 36 41 0.120224 4.0675 33.8325
29 51 37 42 0.108336 3.87818 35.7978
29 51 38 43 0.109282 3.91206 35.7978
29 51 39 44 0.120037 4.06114 33.8325
29 51 40 45 0.135463 4.08547 30.1593
29 51 41 46 0.162848 4.10892 25.2317
29 51 42 47 0.207613 4.06995 19.6035
29 51 43 48 0.289403 4.00293 13.8317
29 51 44 49 0.593082 4.98442 8.40426
29 51 45 50 1.50274 5.56582 3.70377
30 42 31 34 1.41921 5.6863 4.00667
30 42 32 35 0.552631 5.06375 9.16298
30 42 33 36 0.321569 4.54608 14.1372
30 42 34 37 0.262528 4.52808 17.248
30 42 35 38 0.252545 4.35588 17.248
30 42 36 39 0.340566 4.81464 14.1372
30 42 37 40 0.623055 5.70904 9.16298
30 42 38 41 1.55796 6.24222 4.00667
30 52 31 36 1.51349 5.60564 3.70377
30 52 32 37 0.597681 5.02307 8.40426
30 52 33 38 0.334526 4.62705 13.8317
30 52 34 39 0.222948 4.37057 19.6035
30 52 35 40 0.164531 4.1514 25.2317
30 52 36 41 0.138018 4.16253 30.1593
30 52 37 42 0.114962 3.88944 33.8325
30 52 38 43 0.109189 3.90872 35.7978
30 52 39 44 0.112264 4.01881 35.7978
30 52 40 45 0.11839 4.00544 33.8325
30 52 41 46 0.132857 4.00686 30.1593
30 52 42 47 0.156062 3.9377 25.2317
30 52 43 48 0.197193 3.86569 19.6035
30 52 44 49 0.328458 4.54313 13.8317
30 52 45 50 0.580297 4.87696 8.40426
30 52 46 51 1.73241 6.41644 3.70377
31 43 32 35 1.44673 5.79657 4.00667
31 43 33 36 0.544626 4.9904 9.16298
31 43 34 37 0.339759 4.80324 14.1372
31 43 35 38 0.255096 4.39988 17.248
31 43 36 39 0.266637 4.59895 17.248
31 43 37 40 0.349508 4.94106 14.1372
31 43 38 41 0.590916 5.41455 9.16298
31 43 39 42 1.81168 7.2588 4.00667
31 53 32 37 1.54793 5.73318 3.70377
31 53 33 38 0.601759 5.05734 8.40426
31 53 34 39 0.342754 4.74086 13.8317
31 53 35 40 0.224687 4.40466 19.6035
31 53 36 41 0.174518 4.40338 25.2317
31 53 37 42 0.132646 4.00051 30.1593
31 53 38 43 0.117604 3.97883 33.8325
31 53 39 44 0.112923 4.04239 35.7978
31 53 40 45 0.111433 3.98905 35.7978
31 53 41 46 0.117429 3.97292 33.8325
31 53 42 47 0.128279 3.86881 30.1593
31 53 43 48 0.150104 3.78737 25.2317
31 53 44 49 0.218388 4.28117 19.6035
31 53 45 50 0.326516 4.51627 13.8317
31 53 46 51 0.646779 5.4357 8.40426
31 53 47 52 1.70919 6.33047 3.70377
32 44 33 36 1.33548 5.35084 4.00667
32 44 34 37 0.570523 5.22769 9.16298
32 44 35 38 0.325692 4.60436 14.1372
32 44 36 39 0.267129 4.60743 17.248
32 44 37 40 0.24895 4.29388 17.248
32 44 38 41 0.316206 4.47026 14.1372
32 44 39 42 0.552216 5.05994 9.16298
32 44 40 43 1.3491 5.4054 4.00667
32 54 33 38 1.4535 5.38345 3.70377
32 54 34 39 0.61231 5.14602 8.40426
32 54 35 40 0.337896 4.67367 13.8317
32 54 36 41 0.238391 4.67331 19.6035
32 54 37 42 0.161295 4.06976 25.2317
32 54 38 43 0.133705 4.03245 30.1593
32 54 39 44 0.119708 4.05003 33.8325
32 54 40 45 0.110776 3.96554 35.7978
32 54 41 46 0.110047 3.93944 35.7978
32 54 42 47 0.112497 3.80607 33.8325
32 54 43 48 0.122986 3.70918 30.1593
32 54 44 49 0.16097 4.06156 25.2317
32 54 45 50 0.214615 4.20722 19.6035
32 54 46 51 0.346734 4.79592 13.8317
32 54 47 52 0.622498 5.23163 8.40426
32 54 48 53 1.54065 5.70622 3.70377
33 45 34 37 1.67386 6.70658 4.00667
33 45 35 38 0.609728 5.58692 9.16298
33 45 36 39 0.383527 5.42199 14.1372
33 45 37 40 0.258607 4.46044 17.248
33 45 38 41 0.253528 4.37284 17.248
33 45 39 42 0.330123 4.66701 14.1372
33 45 40 43 0.533068 4.88449 9.16298
33 45 41 44 1.65647 6.63692 4.00667
33 55 34 39 1.77415 6.57105 3.70377
33 55 35 40 0.663732 5.57818 8.40426
33 55 36 41 0.395324 5.468 13.8317
33 55 37 42 0.228292 4.47534 19.6035
33 55 38 43 0.169998 4.28933 25.2317
33 55 39 44 0.139833 4.21727 30.1593
33 55 40 45 0.120251 4.0684 33.8325
33 55 41 46 0.112072 4.01194 35.7978
33 55 42 47 0.107434 3.84588 35.7978
33 55 43 48 0.110584 3.74133 33.8325
33 55 44 49 0.132908 4.0084 30.1593
33 55 45 50 0.163374 4.12221 25.2317
33 55 46 51 0.234325 4.59359 19.6035
33 55 47 52 0.358267 4.95544 13.8317
33 55 48 53 0.639181 5.37184 8.40426
34 46 35 38 1.5141 6.06651 4.00667
34 46 36 39 0.695996 6.37739 9.16298
34 46 37 40 0.34134 4.82559 14.1372
34 46 38 41 0.263706 4.5484 17.248
34 46 39 42 0.265773 4.58404 17.248
34 46 40 43 0.327691 4.63262 14.1372
34 46 41 44 0.616138 5.64566 9.16298
34 46 42 45 1.74395 6.98745 4.00667
34 56 35 40 1.62132 6.00499 3.70377
34 56 36 41 0.746437 6.27325 8.40426
34 56 37 42 0.351049 4.85559 13.8317
34 56 38 43 0.233457 4.57657 19.6035
34 56 39 44 0.173761 4.38428 25.2317
34 56 40 45 0.138086 4.16459 30.1593
34 56 41 46 0.120313 4.0705 33.8325
34 56 42 47 0.107472 3.84725 35.7978
34 56 43 48 0.103787 3.71536 35.7978
34 56 44 49 0.114678 3.87984 33.8325
34 56 45 50 0.130555 3.93745 30.1593
34 56 46 51 0.169135 4.26755 25.2317
34 56 47 52 0.229194 4.493 19.6035
34 56 48 53 0.341665 4.7258 13.8317
34 56 49 54 0.618889 5.2013 8.40426
35 47 36 39 2.03457 8.15183 4.00667
35 47 37 40 0.612559 5.61286 9.16298
35 47 38 41 0.352103 4.97774 14.1372
35 47 39 42 0.274212 4.7296 17.248
35 47 40 43 0.264552 4.56298 17.248
35 47 41 44 0.369244 5.22006 14.1372
35 47 42 45 0.652655 5.98026 9.16298
35 47 43 46 1.68822 6.76414 4.00667
35 57 36 41 2.13659 7.91344 3.70377
35 57 37 42 0.662369 5.56672 8.40426
35 57 38 43 0.361702 5.00294 13.8317
35 57 39 44 0.237157 4.64912 19.6035
35 57 40 45 0.1715 4.32722 25.2317
35 57 41 46 0.13875 4.18461 30.1593
35 57 42 47 0.115169 3.89645 33.8325
35 57 43 48 0.1043 3.73369 35.7978
35 57 44 49 0.106513 3.81294 35.7978
35 57 45 50 0.113315 3.83373 33.8325
35 57 46 51 0.135304 4.08066 30.1593
35 57 47 52 0.168061 4.24048 25.2317
35 57 48 53 0.224158 4.39429 19.6035
35 57 49 54 0.33262 4.60069 13.8317
35 57 50 55 0.565915 4.7561 8.40426
35 57 51 56 1.51819 5.62302 3.70377
36 48 37 40 1.42673 5.71641 4.00667
36 48 38 41 0.567445 5.19949 9.16298
36 48 39 42 0.340547 4.81437 14.1372
36 48 40 43 0.264016 4.55374 17.248
36 48 41 44 0.288819 4.98154 17.248
36 48 42 45 0.384338 5.43344 14.1372
36 48 43 46 0.662739 6.07266 9.16298
36 48 44 47 1.76334 7.06511 4.00667
36 58 37 42 1.52582 5.65128 3.70377
36 58 38 43 0.614206 5.16195 8.40426
36 58 39 44 0.341617 4.72514 13.8317
36 58 40 45 0.223141 4.37436 19.6035
36 58 41 46 0.167555 4.22771 25.2317
36 58 42 47 0.129049 3.89203 30.1593
36 58 43 48 0.109701 3.71147 33.8325
36 58 44 49 0.103852 3.71769 35.7978
36 58 45 50 0.103923 3.72021 35.7978
36 58 46 51 0.115662 3.91315 33.8325
36 58 47 52 0.13373 4.03321 30.1593
36 58 48 53 0.164223 4.14363 25.2317
36 58 49 54 0.215155 4.2178 19.6035
36 58 50 55 0.308497 4.26703 13.8317
36 58 51 56 0.568488 4.77772 8.40426
36 58 52 57 1.48369 5.49525 3.70377
37 49 39 42 0.591106 5.41629 9.16298
37 49 40 43 0.340754 4.81729 14.1372
37 49 41 44 0.27972 4.8246 17.248
37 49 42 45 0.269478 4.64795 17.248
37 49 43 46 0.331959 4.69296 14.1372
37 49 44 47 0.516935 4.73666 9.16298
37 49 45 48 1.14112 4.5721 4.00667
37 59 39 44 0.642215 5.39734 8.40426
37 59 40 45 0.350429 4.84702 13.8317
37 59 41 46 0.236319 4.63269 19.6035
37 59 42 47 0.165272 4.1701 25.2317
37 59 43 48 0.129438 3.90376 30.1593
37 59 44 49 0.112286 3.79891 33.8325
37 59 45 50 0.105397 3.77297 35.7978
37 59 46 51 0.109616 3.924 35.7978
37 59 47 52 0.118971 4.02511 33.8325
37 59 48 53 0.136684 4.12229 30.1593
37 59 49 54 0.163842 4.13402 25.2317
37 59 50 55 0.212557 4.16687 19.6035
37 59 51 56 0.332618 4.60066 13.8317
37 59 52 57 0.63007 5.29527 8.40426
37 59 53 58 1.79273 6.63986 3.70377
38 50 39 42 1.4108 5.65262 4.00667
38 50 40 43 0.546975 5.01192 9.16298
38 50 41 44 0.352886 4.9888 14.1372
38 50 42 45 0.263901 4.55175 17.248
38 50 43 46 0.25624 4.41961 17.248
38 50 44 47 0.303477 4.29031 14.1372
38 50 45 48 0.46308 4.24319 9.16298
38 50 46 49 1.68795 6.76305 4.00667
38 60 39 44 1.51279 5.60304 3.70377
38 60 40 45 0.593655 4.98923 8.40426
38 60 41 46 0.348444 4.81956 13.8317
38 60 42 47 0.217669 4.26708 19.6035
38 60 43 48 0.156741 3.95485 25.2317
38 60 44 49 0.124933 3.76788 30.1593
38 60 45 50 0.110004 3.7217 33.8325
38 60 46 51 0.107544 3.84984 35.7978
38 60 47 52 0.109998 3.93767 35.7978
38 60 48 53 0.119007 4.02631 33.8325
38 60 49 54 0.131635 3.97001 30.1593
38 60 50 55 0.15746 3.97297 25.2317
38 60 51 56 0.218152 4.27655 19.6035
38 60 52 57 0.34604 4.78631 13.8317
38 60 53 58 0.670356 5.63385 8.40426
38 60 54 59 1.61102 5.96684 3.70377
39 51 40 43 1.37923 5.52613 4.00667
39 51 41 44 0.615776 5.64234 9.16298
39 51 42 45 0.342564 4.84288 14.1372
39 51 43 46 0.256061 4.41653 17.248
39 51 44 47 0.231895 3.99972 17.248
39 51 45 48 0.273663 3.86881 14.1372
39 51 46 49 0.551097 5.04969 9.16298
39 51 47 50 1.42097 5.69334 4.00667
39 61 40 45 1.48213 5.48946 3.70377
39 61 41 46 0.650651 5.46824 8.40426
39 61 42 47 0.3386 4.6834 13.8317
39 61 43 48 0.21548 4.22416 19.6035
39 61 44 49 0.153434 3.87141 25.2317
39 61 45 50 0.125348 3.78042 30.1593
39 61 46 51 0.114346 3.86862 33.8325
39 61 47 52 0.110134 3.94256 35.7978
39 61 48 53 0.112513 4.02773 35.7978
39 61 49 54 0.115841 3.91921 33.8325
39 61 50 55 0.129439 3.90378 30.1593
39 61 51 56 0.163922 4.13602 25.2317
39 61 52 57 0.231665 4.54146 19.6035
39 61 53 58 0.37862 5.23694 13.8317
39 61 54 59 0.682909 5.73935 8.40426
39 61 55 60 1.89054 7.00213 3.70377
40 52 41 44 1.82908 7.32853 4.00667
40 52 42 45 0.636642 5.83354 9.16298
40 52 43 46 0.351326 4.96675 14.1372
40 52 44 47 0.239155 4.12494 17.248
40 52 45 48 0.223004 3.84637 17.248
40 52 46 49 0.325683 4.60424 14.1372
40 52 47 50 0.546218 5.00498 9.16298
40 52 48 51 1.66065 6.65369 4.00667
40 62 41 46 1.91797 7.10372 3.70377
40 62 42 47 0.671577 5.6441 8.40426
40 62 43 48 0.350422 4.84692 13.8317
40 62 44 49 0.213085 4.17723 19.6035
40 62 45 50 0.157596 3.9764 25.2317
40 62 46 51 0.131975 3.98027 30.1593
40 62 47 52 0.118264 4.00117 33.8325
40 62 48 53 0.11324 4.05373 35.7978
40 62 49 54 0.107859 3.86111 35.7978
40 62 50 55 0.112534 3.8073 33.8325
40 62 51 56 0.130231 3.92767 30.1593
40 62 52 57 0.166087 4.19065 25.2317
40 62 53 58 0.23749 4.65565 19.6035
40 62 54 59 0.359442 4.97168 13.8317
40 62 55 60 0.671653 5.64475 8.40426
40 62 56 61 1.88466 6.98034 3.70377
41 53 42 45 1.5765 6.31651 4.00667
41 53 43 46 0.591377 5.41877 9.16298
41 53 44 47 0.30283 4.28116 14.1372
41 53 45 48 0.226373 3.90447 17.248
41 53 46 49 0.253298 4.36888 17.248
41 53 47 50 0.328145 4.63905 14.1372
41 53 48 51 0.619769 5.67893 9.16298
41 53 49 52 1.60684 6.43806 4.00667
41 63 42 47 1.65788 6.14041 3.70377
41 63 43 48 0.62559 5.25762 8.40426
41 63 44 49 0.313268 4.33302 13.8317
41 63 45 50 0.207739 4.07241 19.6035
41 63 46 51 0.159524 4.02507 25.2317
41 63 47 52 0.132805 4.00531 30.1593
41 63 48 53 0.119122 4.03019 33.8325
41 63 49 54 0.104844 3.75319 35.7978
41 63 50 55 0.102152 3.6568 35.7978
41 63 51 56 0.108587 3.67377 33.8325
41 63 52 57 0.12574 3.79222 30.1593
41 63 53 58 0.159625 4.0276 25.2317
41 63 54 59 0.209606 4.10902 19.6035
41 63 55 60 0.312438 4.32154 13.8317
41 63 56 61 0.515723 4.33427 8.40426
41 63 57 62 1.1914 4.41266 3.70377
42 54 43 46 1.79631 7.19721 4.00667
42 54 44 47 0.529344 4.85037 9.16298
42 54 45 48 0.300158 4.24338 14.1372
42 54 46 49 0.254618 4.39164 17.248
42 54 47 50 0.258242 4.45415 17.248
42 54 48 51 0.35839 5.06662 14.1372
42 54 49 52 0.575164 5.27022 9.16298
42 54 50 53 1.43715 5.7582 4.00667
42 64 43 48 1.8809 6.96644 3.70377
42 64 44 49 0.580534 4.87896 8.40426
42 64 45 50 0.321081 4.44109 13.8317
42 64 46 51 0.219586 4.30466 19.6035
42 64 47 52 0.167824 4.23448 25.2317
42 64 48 53 0.140574 4.23962 30.1593
42 64 49 54 0.114786 3.88352 33.8325
42 64 50 55 0.105668 3.78269 35.7978
42 64 51 56 0.105447 3.77476 35.7978
42 64 52 57 0.114798 3.8839 33.8325
42 64 53 58 0.136308 4.11095 30.1593
42 64 54 59 0.167157 4.21766 25.2317
42 64 55 60 0.229296 4.49501 19.6035
42 64 56 61 0.333916 4.61862 13.8317
42 64 57 62 0.603852 5.07493 8.40426
42 64 58 63 1.97245 7.30552 3.70377
43 55 44 47 1.33437 5.34638 4.00667
43 55 45 48 0.510607 4.67868 9.16298
43 55 46 49 0.326606 4.61729 14.1372
43 55 47 50 0.263415 4.54338 17.248
43 55 48 51 0.286628 4.94375 17.248
43 55 49 52 0.348919 4.93272 14.1372
43 55 50 53 0.588131 5.38903 9.16298
43 55 51 54 1.7211 6.89587 4.00667
44 56 45 48 1.60864 6.4453 4.00667
44 56 46 49 0.603123 5.5264 9.16298
44 56 47 50 0.359397 5.08086 14.1372
44 56 48 51 0.2945 5.07952 17.248
44 56 49 52 0.265805 4.58459 17.248
44 56 50 53 0.33396 4.72125 14.1372
44 56 51 54 0.570155 5.22432 9.16298
44 56 52 55 1.46997 5.88969 4.00667
45 57 46 49 1.73435 6.94895 4.00667
45 57 47 50 0.649011 5.94687 9.16298
45 57 48 51 0.396422 5.60429 14.1372
45 57 49 52 0.265392 4.57747 17.248
45 57 50 53 0.259443 4.47487 17.248
45 57 51 54 0.324924 4.5935 14.1372
45 57 52 55 0.51822 4.74844 9.16298
45 57 53 56 1.42688 5.71705 4.00667
46 58 47 50 1.68637 6.75674 4.00667
46 58 48 51 0.679918 6.23007 9.16298
46 58 49 52 0.331387 4.68487 14.1372
46 58 50 53 0.25499 4.39806 17.248
46 58 51 54 0.247193 4.26357 17.248
46 58 52 55 0.29963 4.23592 14.1372
46 58 53 56 0.52836 4.84135 9.16298
46 58 54 57 1.39152 5.57536 4.00667
47 59 48 51 1.81066 7.25471 4.00667
47 59 49 52 0.53371 4.89037 9.16298
47 59 50 53 0.318601 4.50411 14.1372
47 59 51 54 0.244378 4.21503 17.248
47 59 52 55 0.238594 4.11525 17.248
47 59 53 56 0.326285 4.61274 14.1372
47 59 54 57 0.584617 5.35683 9.16298
47 59 55 58 1.70659 6.83775 4.00667
48 60 49 52 1.17501 4.70786 4.00667
48 60 50 53 0.48793 4.47089 9.16298
48 60 51 54 0.291014 4.11412 14.1372
48 60 52 55 0.229042 3.95051 17.248
48 60 53 56 0.246591 4.25319 17.248
48 60 54 57 0.337035 4.76472 14.1372
48 60 55 58 0.63248 5.7954 9.16298
48 60 56 59 1.51336 6.06352 4.00667
49 61 50 53 1.68468 6.74996 4.00667
49 61 51 54 0.549651 5.03644 9.16298
49 61 52 55 0.316497 4.47437 14.1372
49 61 53 56 0.256387 4.42216 17.248
49 61 54 57 0.267157 4.60791 17.248
49 61 55 58 0.382252 5.40396 14.1372
49 61 56 59 0.638711 5.8525 9.16298
49 61 57 60 1.78063 7.13439 4.00667
50 62 51 54 1.41228 5.65852 4.00667
50 62 52 55 0.531388 4.86909 9.16298
50 62 53 56 0.322266 4.55593 14.1372
50 62 54 57 0.256583 4.42553 17.248
50 62 55 58 0.280247 4.83369 17.248
50 62 56 59 0.356503 5.03995 14.1372
50 62 57 60 0.621074 5.69089 9.16298
50 62 58 61 1.77503 7.11196 4.00667
51 63 52 55 1.61323 6.46366 4.00667
51 63 53 56 0.591682 5.42157 9.16298
51 63 54 57 0.334733 4.73218 14.1372
51 63 55 58 0.272226 4.69535 17.248
51 63 56 59 0.253814 4.37778 17.248
51 63 57 60 0.310014 4.38271 14.1372
51 63 58 61 0.470302 4.30937 9.16298
51 63 59 62 1.1036 4.42177 4.00667
52 64 53 56 1.59906 6.4069 4.00667
52 64 54 57 0.571921 5.2405 9.16298
52 64 55 58 0.359516 5.08254 14.1372
52 64 56 59 0.267028 4.60569 17.248
52 64 57 60 0.264175 4.55649 17.248
52 64 58 61 0.322368 4.55737 14.1372
52 64 59 62 0.557781 5.11094 9.16298
52 64 60 63 1.8779 7.52414 4.00667
