64
# x y z
0.0 0.0 0.0
0.5 0.0 0.0
1.0 0.0 0.0
1.5 0.0 0.0
2.0 0.0 0.0
2.5 0.0 0.0
3.0 0.0 0.0
3.5 0.0 0.0
4.0 0.0 0.0
4.5 0.0 0.0
5.0 0.0 0.0
5.5 0.0 0.0
6.0 0.0 0.0
6.5 0.0 0.0
7.0 0.0 0.0
7.5 0.0 0.0
8.0 0.0 0.0
8.5 0.0 0.0
9.0 0.0 0.0
9.5 0.0 0.0
10.0 0.0 0.0
10.5 0.0 0.0
11.0 0.0 0.0
11.5 0.0 0.0
12.0 0.0 0.0
12.5 0.0 0.0
13.0 0.0 0.0
13.5 0.0 0.0
14.0 0.0 0.0
14.5 0.0 0.0
15.0 0.0 0.0
15.5 0.0 0.0
16.0 0.0 0.0
16.5 0.0 0.0
17.0 0.0 0.0
17.5 0.0 0.0
18.0 0.0 0.0
18.5 0.0 0.0
19.0 0.0 0.0
19.5 0.0 0.0
20.0 0.0 0.0
20.5 0.0 0.0
21.0 0.0 0.0
21.5 0.0 0.0
22.0 0.0 0.0
22.5 0.0 0.0
23.0 0.0 0.0
23.5 0.0 0.0
24.0 0.0 0.0
24.5 0.0 0.0
25.0 0.0 0.0
25.5 0.0 0.0
26.0 0.0 0.0
26.5 0.0 0.0
27.0 0.0 0.0
27.5 0.0 0.0
28.0 0.0 0.0
28.5 0.0 0.0
29.0 0.0 0.0
29.5 0.0 0.0
30.0 0.0 0.0
30.5 0.0 0.0
31.0 0.0 0.0
31.5 0.0 0.0
1399
# a b m n r rhoa k
1 13 2 5 1.75555 7.03391 4.00667
1 13 3 6 0.532152 4.87609 9.16298
1 13 4 7 0.31818 4.49817 14.1372
1 13 5 8 0.247769 4.27351 17.248
1 13 6 9 0.237409 4.09483 17.248
1 13 7 10 0.333289 4.71177 14.1372
1 13 8 11 0.58093 5.32305 9.16298
1 13 9 12 1.41705 5.67764 4.00667
1 23 2 7 1.84686 6.84036 3.70377
1 23 3 8 0.571307 4.80141 8.40426
1 23 4 9 0.316556 4.3785 13.8317
1 23 5 10 0.216498 4.24412 19.6035
1 23 6 11 0.156881 3.95837 25.2317
1 23 7 12 0.123245 3.71699 30.1593
1 23 8 13 0.110685 3.74476 33.8325
1 23 9 14 0.10677 3.82213 35.7978
1 23 10 15 0.104713 3.74848 35.7978
1 23 11 16 0.115216 3.89805 33.8325
1 23 12 17 0.134121 4.04499 30.1593
1 23 13 18 0.166491 4.20085 25.2317
1 23 14 19 0.22727 4.4553 19.6035
1 23 15 20 0.323044 4.46824 13.8317
1 23 16 21 0.63557 5.3415 8.40426
1 23 17 22 1.61154 5.96879 3.70377
1 57 4 16 0.374762 4.32548 11.542
1 57 5 17 0.257396 4.18397 16.255
1 57 6 18 0.186488 3.97982 21.3409
1 57 7 19 0.143824 3.84782 26.7536
1 57 8 20 0.119205 3.86695 32.4396
1 57 9 21 0.101686 3.89845 38.3381
1 57 10 22 0.0863058 3.83034 44.381
1 57 11 23 0.0765007 3.86277 50.4932
1 57 12 24 0.0693747 3.92615 56.5934
1 57 13 25 0.0629886 3.94275 62.5948
1 57 14 26 0.0571789 3.91141 68.4065
1 57 15 27 0.0532606 3.93786 73.9358
1 57 16 28 0.0498185 3.94011 79.0892
1 57 17 29 0.047271 3.96017 83.7758
1 57 18 30 0.0450557 3.96082 87.9092
1 57 19 31 0.043666 3.99153 91.4105
1 57 20 32 0.0424446 3.99873 94.2106
1 57 21 33 0.0417908 4.02249 96.2531
1 57 22 34 0.0414244 4.0387 97.4958
1 57 23 35 0.0413501 4.04871 97.913
1 57 24 36 0.041284 4.02501 97.4958
1 57 25 37 0.0424207 4.08312 96.2531
1 57 26 38 0.0429117 4.04273 94.2106
1 57 27 39 0.0440327 4.02505 91.4105
1 57 28 40 0.0459128 4.03616 87.9092
1 57 29 41 0.0478439 4.00816 83.7758
1 57 30 42 0.0516275 4.08318 79.0892
1 57 31 43 0.0537482 3.97391 73.9358
1 57 32 44 0.0590661 4.04051 68.4065
1 57 33 45 0.0644224 4.03251 62.5948
1 57 34 46 0.0694839 3.93233 56.5934
1 57 35 47 0.0763129 3.85328 50.4932
1 57 36 48 0.0848382 3.7652 44.381
1 57 37 49 0.101423 3.88836 38.3381
1 57 38 50 0.119303 3.87013 32.4396
1 57 39 51 0.151331 4.04866 26.7536
1 57 40 52 0.193264 4.12444 21.3409
1 57 41 53 0.256663 4.17206 16.255
1 57 42 54 0.378045 4.36338 11.542
2 14 3 6 1.18867 4.76261 4.00667
2 14 4 7 0.487856 4.47021 9.16298
2 14 5 8 0.303936 4.29679 14.1372
2 14 6 9 0.230372 3.97345 17.248
2 14 7 10 0.242858 4.18881 17.248
2 14 8 11 0.320747 4.53445 14.1372
2 14 9 12 0.5166 4.73359 9.16298
2 14 10 13 1.28005 5.12874 4.00667
2 24 3 8 1.2702 4.70454 3.70377
2 24 4 9 0.519852 4.36897 8.40426
2 24 5 10 0.309449 4.2802 13.8317
2 24 6 11 0.202798 3.97555 19.6035
2 24 7 12 0.146756 3.70291 25.2317
2 24 8 13 0.123626 3.72847 30.1593
2 24 9 14 0.111945 3.78738 33.8325
2 24 10 15 0.103757 3.71427 35.7978
2 24 11 16 0.107121 3.8347 35.7978
2 24 12 17 0.117303 3.96864 33.8325
2 24 13 18 0.135132 4.0755 30.1593
2 24 14 19 0.170789 4.30929 25.2317
2 24 15 20 0.220134 4.3154 19.6035
2 24 16 21 0.362878 5.0192 13.8317
2 24 17 22 0.680963 5.72299 8.40426
2 24 18 23 1.79776 6.6585 3.70377
2 58 5 17 0.363096 4.19084 11.542
2 58 6 18 0.242967 3.94943 16.255
2 58 7 19 0.177293 3.78361 21.3409
2 58 8 20 0.141405 3.78308 26.7536
2 58 9 21 0.117872 3.82371 32.4396
2 58 10 22 0.0980192 3.75787 38.3381
2 58 11 23 0.0856227 3.80002 44.381
2 58 12 24 0.0765471 3.86511 50.4932
2 58 13 25 0.0682267 3.86118 56.5934
2 58 14 26 0.0615047 3.84987 62.5948
2 58 15 27 0.0564656 3.86262 68.4065
2 58 16 28 0.0523556 3.87095 73.9358
2 58 17 29 0.0492702 3.89674 79.0892
2 58 18 30 0.046571 3.90152 83.7758
2 58 19 31 0.044143 3.88058 87.9092
2 58 20 32 0.0436763 3.99247 91.4105
2 58 21 33 0.0423184 3.98684 94.2106
2 58 22 34 0.0415255 3.99696 96.2531
2 58 23 35 0.0409858 3.99595 97.4958
2 58 24 36 0.0406495 3.98011 97.913
2 58 25 37 0.0412594 4.02262 97.4958
2 58 26 38 0.0414321 3.98797 96.2531
2 58 27 39 0.0421874 3.9745 94.2106
2 58 28 40 0.0439096 4.0138 91.4105
2 58 29 41 0.0453797 3.9893 87.9092
2 58 30 42 0.048188 4.03698 83.7758
2 58 31 43 0.0504756 3.99207 79.0892
2 58 32 44 0.0542784 4.01311 73.9358
2 58 33 45 0.058296 3.98783 68.4065
2 58 34 46 0.062144 3.88989 62.5948
2 58 35 47 0.0673997 3.81438 56.5934
2 58 36 48 0.073899 3.7314 50.4932
2 58 37 49 0.0860189 3.8176 44.381
2 58 38 50 0.0988455 3.78955 38.3381
2 58 39 51 0.121134 3.92955 32.4396
2 58 40 52 0.147649 3.95015 26.7536
2 58 41 53 0.184935 3.94668 21.3409
2 58 42 54 0.247471 4.02264 16.255
2 58 43 55 0.350841 4.04939 11.542
3 15 4 7 1.36956 5.48737 4.00667
3 15 5 8 0.564597 5.17339 9.16298
3 15 6 9 0.317096 4.48284 14.1372
3 15 7 10 0.244636 4.21947 17.248
3 15 8 11 0.249552 4.30426 17.248
3 15 9 12 0.30824 4.35763 14.1372
3 15 10 13 0.493038 4.5177 9.16298
3 15 11 14 1.37017 5.48982 4.00667
3 25 4 9 1.45523 5.38983 3.70377
3 25 5 10 0.609742 5.12443 8.40426
3 25 6 11 0.328544 4.54432 13.8317
3 25 7 12 0.205877 4.03591 19.6035
3 25 8 13 0.15631 3.94396 25.2317
3 25 9 14 0.130247 3.92817 30.1593
3 25 10 15 0.111442 3.77035 33.8325
3 25 11 16 0.106994 3.83016 35.7978
3 25 12 17 0.109371 3.91524 35.7978
3 25 13 18 0.117005 3.95857 33.8325
3 25 14 19 0.135499 4.08656 30.1593
3 25 15 20 0.159952 4.03587 25.2317
3 25 16 21 0.227218 4.45428 19.6035
3 25 17 22 0.353968 4.89597 13.8317
3 25 18 23 0.646969 5.43729 8.40426
3 25 19 24 1.49014 5.51914 3.70377
3 59 6 18 0.384717 4.44038 11.542
3 59 7 19 0.250217 4.06728 16.255
3 59 8 20 0.186751 3.98544 21.3409
3 59 9 21 0.148501 3.97294 26.7536
3 59 10 22 0.118786 3.85336 32.4396
3 59 11 23 0.1009 3.86831 38.3381
3 59 12 24 0.0884682 3.9263 44.381
3 59 13 25 0.0777125 3.92396 50.4932
3 59 14 26 0.0687765 3.8923 56.5934
3 59 15 27 0.0622858 3.89876 62.5948
3 59 16 28 0.0570793 3.9046 68.4065
3 59 17 29 0.0531676 3.93099 73.9358
3 59 18 30 0.0498953 3.94618 79.0892
3 59 19 31 0.046894 3.92858 83.7758
3 59 20 32 0.0455279 4.00232 87.9092
3 59 21 33 0.0437938 4.00321 91.4105
3 59 22 34 0.0427141 4.02412 94.2106
3 59 23 35 0.0418571 4.02888 96.2531
3 59 24 36 0.0412166 4.01845 97.4958
3 59 25 37 0.0414408 4.05759 97.913
3 59 26 38 0.0414035 4.03667 97.4958
3 59 27 39 0.0417394 4.01755 96.2531
3 59 28 40 0.0430347 4.05433 94.2106
3 59 29 41 0.044099 4.03111 91.4105
3 59 30 42 0.0462979 4.07001 87.9092
3 59 31 43 0.0479226 4.01475 83.7758
3 59 32 44 0.0513171 4.05863 79.0892
3 59 33 45 0.0547014 4.04439 73.9358
3 59 34 46 0.0576952 3.94673 68.4065
3 59 35 47 0.0618085 3.86889 62.5948
3 59 36 48 0.066993 3.79136 56.5934
3 59 37 49 0.0765735 3.86645 50.4932
3 59 38 50 0.0864981 3.83887 44.381
3 59 39 51 0.103286 3.95977 38.3381
3 59 40 52 0.122203 3.96421 32.4396
3 59 41 53 0.147713 3.95185 26.7536
3 59 42 54 0.187444 4.00022 21.3409
3 59 43 55 0.246575 4.00808 16.255
3 59 44 56 0.383861 4.4305 11.542
4 16 5 8 1.60534 6.43208 4.00667
4 16 6 9 0.5836 5.34751 9.16298
4 16 7 10 0.322343 4.55701 14.1372
4 16 8 11 0.252756 4.35952 17.248
4 16 9 12 0.246258 4.24744 17.248
4 16 10 13 0.301215 4.25832 14.1372
4 16 11 14 0.531356 4.8688 9.16298
4 16 12 15 1.42006 5.68971 4.00667
4 26 5 10 1.70446 6.31294 3.70377
4 26 6 11 0.633964 5.328 8.40426
4 26 7 12 0.323595 4.47586 13.8317
4 26 8 13 0.215678 4.22805 19.6035
4 26 9 14 0.163124 4.11591 25.2317
4 26 10 15 0.128453 3.87405 30.1593
4 26 11 16 0.115074 3.89323 33.8325
4 26 12 17 0.110326 3.94943 35.7978
4 26 13 18 0.11029 3.94815 35.7978
4 26 14 19 0.118865 4.02152 33.8325
4 26 15 20 0.130797 3.94475 30.1593
4 26 16 21 0.1672 4.21875 25.2317
4 26 17 22 0.231018 4.52878 19.6035
4 26 18 23 0.352447 4.87493 13.8317
4 26 19 24 0.594871 4.99945 8.40426
4 26 20 25 1.5406 5.70603 3.70377
4 60 7 19 0.383943 4.43145 11.542
4 60 8 20 0.259413 4.21676 16.255
4 60 9 21 0.193088 4.12069 21.3409
4 60 10 22 0.147237 3.93912 26.7536
4 60 11 23 0.121068 3.92738 32.4396
4 60 12 24 0.103666 3.97435 38.3381
4 60 13 25 0.0891393 3.95609 44.381
4 60 14 26 0.077476 3.91201 50.4932
4 60 15 27 0.069119 3.91168 56.5934
4 60 16 28 0.0623885 3.90519 62.5948
4 60 17 29 0.057492 3.93283 68.4065
4 60 18 30 0.0533655 3.94562 73.9358
4 60 19 31 0.0497453 3.93432 79.0892
4 60 20 32 0.047621 3.98949 83.7758
4 60 21 33 0.0454777 3.99791 87.9092
4 60 22 34 0.043908 4.01365 91.4105
4 60 23 35 0.0426891 4.02176 94.2106
4 60 24 36 0.0417382 4.01743 96.2531
4 60 25 37 0.0416682 4.06247 97.4958
4 60 26 38 0.0412896 4.04279 97.913
4 60 27 39 0.0413087 4.02742 97.4958
4 60 28 40 0.042119 4.05409 96.2531
4 60 29 41 0.0428333 4.03535 94.2106
4 60 30 42 0.0446239 4.0791 91.4105
4 60 31 43 0.045598 4.00848 87.9092
4 60 32 44 0.0484574 4.05955 83.7758
4 60 33 45 0.0511748 4.04738 79.0892
4 60 34 46 0.0534383 3.951 73.9358
4 60 35 47 0.0566329 3.87406 68.4065
4 60 36 48 0.0606445 3.79603 62.5948
4 60 37 49 0.068188 3.85899 56.5934
4 60 38 50 0.0758117 3.82798 50.4932
4 60 39 51 0.0883902 3.92284 44.381
4 60 40 52 0.102018 3.91116 38.3381
4 60 41 53 0.119628 3.8807 32.4396
4 60 42 54 0.145534 3.89357 26.7536
4 60 43 55 0.181225 3.86752 21.3409
4 60 44 56 0.255396 4.15146 16.255
4 60 45 57 0.385061 4.44436 11.542
5 17 6 9 1.56006 6.25063 4.00667
5 17 7 10 0.551618 5.05446 9.16298
5 17 8 11 0.325906 4.60739 14.1372
5 17 9 12 0.25126 4.33372 17.248
5 17 10 13 0.242324 4.1796 17.248
5 17 11 14 0.329888 4.66368 14.1372
5 17 12 15 0.605266 5.54604 9.16298
5 17 13 16 1.74724 7.00059 4.00667
5 27 6 11 1.66165 6.15436 3.70377
5 27 7 12 0.588829 4.94867 8.40426
5 27 8 13 0.326841 4.52076 13.8317
5 27 9 14 0.219396 4.30093 19.6035
5 27 10 15 0.157188 3.96611 25.2317
5 27 11 16 0.130516 3.93626 30.1593
5 27 12 17 0.117701 3.98212 33.8325
5 27 13 18 0.110432 3.95322 35.7978
5 27 14 19 0.111162 3.97936 35.7978
5 27 15 20 0.115226 3.8984 33.8325
5 27 16 21 0.135167 4.07654 30.1593
5 27 17 22 0.170572 4.30382 25.2317
5 27 18 23 0.231643 4.54102 19.6035
5 27 19 24 0.33381 4.61714 13.8317
5 27 20 25 0.601349 5.05389 8.40426
5 27 21 26 1.51891 5.6257 3.70377
5 61 8 20 0.38551 4.44953 11.542
5 61 9 21 0.261749 4.25473 16.255
5 61 10 22 0.187184 3.99469 21.3409
5 61 11 23 0.148023 3.96016 26.7536
5 61 12 24 0.123205 3.9967 32.4396
5 61 13 25 0.103282 3.95963 38.3381
5 61 14 26 0.0878696 3.89974 44.381
5 61 15 27 0.0771863 3.89739 50.4932
5 61 16 28 0.0686333 3.88419 56.5934
5 61 17 29 0.0624393 3.90837 62.5948
5 61 18 30 0.0572415 3.91569 68.4065
5 61 19 31 0.0529072 3.91174 73.9358
5 61 20 32 0.0502904 3.97743 79.0892
5 61 21 33 0.047446 3.97482 83.7758
5 61 22 34 0.0454119 3.99213 87.9092
5 61 23 35 0.0437972 4.00352 91.4105
5 61 24 36 0.0425334 4.0071 94.2106
5 61 25 37 0.0421284 4.05498 96.2531
5 61 26 38 0.0414525 4.04145 97.4958
5 61 27 39 0.0411699 4.03107 97.913
5 61 28 40 0.0416572 4.06141 97.4958
5 61 29 41 0.0420319 4.0457 96.2531
5 61 30 42 0.0434694 4.09528 94.2106
5 61 31 43 0.0440387 4.02559 91.4105
5 61 32 44 0.0464347 4.08204 87.9092
5 61 33 45 0.0485727 4.06921 83.7758
5 61 34 46 0.0503241 3.98009 79.0892
5 61 35 47 0.0529367 3.91392 73.9358
5 61 36 48 0.056197 3.84424 68.4065
5 61 37 49 0.0624918 3.91166 62.5948
5 61 38 50 0.0686601 3.88571 56.5934
5 61 39 51 0.0785004 3.96374 50.4932
5 61 40 52 0.0889817 3.94909 44.381
5 61 41 53 0.102113 3.9148 38.3381
5 61 42 54 0.120711 3.91582 32.4396
5 61 43 55 0.145095 3.88181 26.7536
5 61 44 56 0.192796 4.11444 21.3409
5 61 45 57 0.266987 4.33988 16.255
5 61 46 58 0.431647 4.98205 11.542
6 18 7 10 1.41029 5.65056 4.00667
6 18 8 11 0.553437 5.07113 9.16298
6 18 9 12 0.323614 4.57498 14.1372
6 18 10 13 0.241457 4.16465 17.248
6 18 11 14 0.255659 4.4096 17.248
6 18 12 15 0.355837 5.03053 14.1372
6 18 13 16 0.681732 6.2467 9.16298
6 18 14 17 1.80631 7.23727 4.00667
6 28 7 12 1.49574 5.53989 3.70377
6 28 8 13 0.592599 4.98036 8.40426
6 28 9 14 0.332217 4.59512 13.8317
6 28 10 15 0.210831 4.13303 19.6035
6 28 11 16 0.160772 4.05655 25.2317
6 28 12 17 0.135057 4.07321 30.1593
6 28 13 18 0.118095 3.99547 33.8325
6 28 14 19 0.111013 3.97402 35.7978
6 28 15 20 0.108348 3.87861 35.7978
6 28 16 21 0.118034 3.99339 33.8325
6 28 17 22 0.13812 4.1656 30.1593
6 28 18 23 0.172126 4.34302 25.2317
6 28 19 24 0.223914 4.3895 19.6035
6 28 20 25 0.343991 4.75798 13.8317
6 28 21 26 0.618756 5.20019 8.40426
6 28 22 27 1.69878 6.2919 3.70377
6 62 9 21 0.390145 4.50303 11.542
6 62 10 22 0.253734 4.12444 16.255
6 62 11 23 0.189762 4.0497 21.3409
6 62 12 24 0.152125 4.06989 26.7536
6 62 13 25 0.123465 4.00514 32.4396
6 62 14 26 0.102267 3.92071 38.3381
6 62 15 27 0.0880616 3.90826 44.381
6 62 16 28 0.0769536 3.88564 50.4932
6 62 17 29 0.0691002 3.91062 56.5934
6 62 18 30 0.0625965 3.91821 62.5948
6 62 19 31 0.0572306 3.91495 68.4065
6 62 20 32 0.0533274 3.9428 73.9358
6 62 21 33 0.0499818 3.95302 79.0892
6 62 22 34 0.0473947 3.97053 83.7758
6 62 23 35 0.0453963 3.99075 87.9092
6 62 24 36 0.043741 3.99839 91.4105
6 62 25 37 0.0431101 4.06143 94.2106
6 62 26 38 0.0420302 4.04554 96.2531
6 62 27 39 0.0414362 4.03985 97.4958
6 62 28 40 0.0414083 4.05441 97.913
6 62 29 41 0.0413272 4.02923 97.4958
6 62 30 42 0.0424983 4.09059 96.2531
6 62 31 43 0.0422394 3.9794 94.2106
6 62 32 44 0.0443531 4.05434 91.4105
6 62 33 45 0.0460551 4.04867 87.9092
6 62 34 46 0.0472036 3.95452 83.7758
6 62 35 47 0.0491762 3.88931 79.0892
6 62 36 48 0.0516004 3.81512 73.9358
6 62 37 49 0.0568564 3.88935 68.4065
6 62 38 50 0.0615494 3.85267 62.5948
6 62 39 51 0.0685714 3.88069 56.5934
6 62 40 52 0.0763765 3.85649 50.4932
6 62 41 53 0.0856586 3.80162 44.381
6 62 42 54 0.0987546 3.78606 38.3381
6 62 43 55 0.114547 3.71586 32.4396
6 62 44 56 0.144099 3.85516 26.7536
6 62 45 57 0.184316 3.93348 21.3409
6 62 46 58 0.26387 4.2892 16.255
6 62 47 59 0.387975 4.47799 11.542
7 19 8 11 1.44126 5.77463 4.00667
7 19 9 12 0.537258 4.92288 9.16298
7 19 10 13 0.297832 4.2105 14.1372
7 19 11 14 0.24408 4.20988 17.248
7 19 12 15 0.260209 4.48807 17.248
7 19 13 16 0.360996 5.10346 14.1372
7 19 14 17 0.626802 5.74337 9.16298
7 19 15 18 1.60158 6.41699 4.00667
7 29 8 13 1.52889 5.66264 3.70377
7 29 9 14 0.586147 4.92613 8.40426
7 29 10 15 0.309176 4.27643 13.8317
7 29 11 16 0.21211 4.15811 19.6035
7 29 12 17 0.164922 4.16125 25.2317
7 29 13 18 0.133999 4.04131 30.1593
7 29 14 19 0.117579 3.97801 33.8325
7 29 15 20 0.10817 3.87224 35.7978
7 29 16 21 0.109983 3.93713 35.7978
7 29 17 22 0.120251 4.06839 33.8325
7 29 18 23 0.139066 4.19413 30.1593
7 29 19 24 0.166583 4.20318 25.2317
7 29 20 25 0.229775 4.50439 19.6035
7 29 21 26 0.346419 4.79155 13.8317
7 29 22 27 0.661559 5.55992 8.40426
7 29 23 28 1.7598 6.51789 3.70377
7 63 10 22 0.366831 4.23395 11.542
7 63 11 23 0.253516 4.12091 16.255
7 63 12 24 0.193377 4.12685 21.3409
7 63 13 25 0.150703 4.03186 26.7536
7 63 14 26 0.120948 3.92349 32.4396
7 63 15 27 0.101742 3.9006 38.3381
7 63 16 28 0.0871738 3.86886 44.381
7 63 17 29 0.076953 3.88561 50.4932
7 63 18 30 0.0684808 3.87556 56.5934
7 63 19 31 0.0615386 3.852 62.5948
7 63 20 32 0.0571859 3.91189 68.4065
7 63 21 33 0.0529673 3.91618 73.9358
7 63 22 34 0.0496615 3.92769 79.0892
7 63 23 35 0.0470209 3.93921 83.7758
7 63 24 36 0.044919 3.94879 87.9092
7 63 25 37 0.0436415 3.98929 91.4105
7 63 26 38 0.042286 3.98379 94.2106
7 63 27 39 0.0413059 3.97582 96.2531
7 63 28 40 0.0410725 4.00439 97.4958
7 63 29 41 0.040775 3.9924 97.913
7 63 30 42 0.0413857 4.03493 97.4958
7 63 31 43 0.0411935 3.965 96.2531
7 63 32 44 0.0425764 4.01115 94.2106
7 63 33 45 0.043639 3.98906 91.4105
7 63 34 46 0.0443931 3.90256 87.9092
7 63 35 47 0.045727 3.83082 83.7758
7 63 36 48 0.0476359 3.76749 79.0892
7 63 37 49 0.0513724 3.79826 73.9358
7 63 38 50 0.055034 3.76468 68.4065
7 63 39 51 0.0609696 3.81638 62.5948
7 63 40 52 0.0666298 3.77081 56.5934
7 63 41 53 0.0734739 3.70993 50.4932
7 63 42 54 0.0825471 3.66352 44.381
7 63 43 55 0.0932399 3.57464 38.3381
7 63 44 56 0.112341 3.64428 32.4396
7 63 45 57 0.13698 3.66471 26.7536
7 63 46 58 0.180799 3.85841 21.3409
7 63 47 59 0.239775 3.89754 16.255
7 63 48 60 0.352823 4.07227 11.542
8 20 9 12 1.36071 5.45192 4.00667
8 20 10 13 0.475317 4.35532 9.16298
8 20 11 14 0.300826 4.25283 14.1372
8 20 12 15 0.254505 4.3897 17.248
8 20 13 16 0.270786 4.67051 17.248
8 20 14 17 0.356596 5.04125 14.1372
8 20 15 18 0.623368 5.71191 9.16298
8 20 16 19 1.66874 6.6861 4.00667
8 30 9 14 1.45659 5.39487 3.70377
8 30 10 15 0.521011 4.37871 8.40426
8 30 11 16 0.305108 4.22015 13.8317
8 30 12 17 0.214979 4.21435 19.6035
8 30 13 18 0.160663 4.0538 25.2317
8 30 14 19 0.130881 3.94727 30.1593
8 30 15 20 0.113321 3.83393 33.8325
8 30 16 21 0.108279 3.87616 35.7978
8 30 17 22 0.111238 3.98207 35.7978
8 30 18 23 0.12041 4.07376 33.8325
8 30 19 24 0.134389 4.05308 30.1593
8 30 20 25 0.171112 4.31745 25.2317
8 30 21 26 0.229406 4.49717 19.6035
8 30 22 27 0.363992 5.03461 13.8317
8 30 23 28 0.682943 5.73963 8.40426
8 30 24 29 1.73408 6.42265 3.70377
8 64 11 23 0.360285 4.15839 11.542
8 64 12 24 0.255217 4.14855 16.255
8 64 13 25 0.188202 4.0164 21.3409
8 64 14 26 0.145179 3.88407 26.7536
8 64 15 27 0.11877 3.85286 32.4396
8 64 16 28 0.0996192 3.81921 38.3381
8 64 17 29 0.0864103 3.83497 44.381
8 64 18 30 0.0758512 3.82997 50.4932
8 64 19 31 0.0671297 3.7991 56.5934
8 64 20 32 0.0619337 3.87673 62.5948
8 64 21 33 0.0566184 3.87307 68.4065
8 64 22 34 0.0526156 3.89017 73.9358
8 64 23 35 0.0493978 3.90683 79.0892
8 64 24 36 0.0468487 3.92479 83.7758
8 64 25 37 0.0451525 3.96932 87.9092
8 64 26 38 0.0434345 3.97037 91.4105
8 64 27 39 0.0421701 3.97287 94.2106
8 64 28 40 0.0416589 4.00979 96.2531
8 64 29 41 0.0410912 4.00622 97.4958
8 64 30 42 0.0414367 4.05719 97.913
8 64 31 43 0.0410121 3.99851 97.4958
8 64 32 44 0.0420533 4.04776 96.2531
8 64 33 45 0.0428073 4.0329 94.2106
8 64 34 46 0.0432558 3.95404 91.4105
8 64 35 47 0.0442345 3.88862 87.9092
8 64 36 48 0.0457956 3.83656 83.7758
8 64 37 49 0.0489216 3.86917 79.0892
8 64 38 50 0.0520448 3.84797 73.9358
8 64 39 51 0.057144 3.90903 68.4065
8 64 40 52 0.0617762 3.86687 62.5948
8 64 41 53 0.0674313 3.81617 56.5934
8 64 42 54 0.0747451 3.77412 50.4932
8 64 43 55 0.0832413 3.69433 44.381
8 64 44 56 0.0982271 3.76584 38.3381
8 64 45 57 0.116819 3.78956 32.4396
8 64 46 58 0.14884 3.982 26.7536
8 64 47 59 0.189301 4.03986 21.3409
8 64 48 60 0.261252 4.24665 16.255
8 64 49 61 0.371759 4.29083 11.542
9 21 10 13 1.19637 4.79344 4.00667
9 21 11 14 0.494902 4.53478 9.16298
9 21 12 15 0.317936 4.49472 14.1372
9 21 13 16 0.255386 4.40488 17.248
9 21 14 17 0.257045 4.4335 17.248
9 21 15 18 0.336288 4.75416 14.1372
9 21 16 19 0.57129 5.23472 9.16298
9 21 17 20 1.24575 4.99131 4.00667
9 31 10 15 1.29132 4.78275 3.70377
9 31 11 16 0.537179 4.51459 8.40426
9 31 12 17 0.320137 4.42803 13.8317
9 31 13 18 0.212204 4.15995 19.6035
9 31 14 19 0.157748 3.98025 25.2317
9 31 15 20 0.126832 3.82515 30.1593
9 31 16 21 0.112782 3.81569 33.8325
9 31 17 22 0.108295 3.87672 35.7978
9 31 18 23 0.109391 3.91597 35.7978
9 31 19 24 0.113623 3.84416 33.8325
9 31 20 25 0.133829 4.03617 30.1593
9 31 21 26 0.162461 4.09917 25.2317
9 31 22 27 0.224439 4.39979 19.6035
9 31 23 28 0.347565 4.80741 13.8317
9 31 24 29 0.616843 5.18411 8.40426
9 31 25 30 1.4564 5.39419 3.70377
10 22 11 14 1.51342 6.06378 4.00667
10 22 12 15 0.605338 5.5467 9.16298
10 22 13 16 0.344142 4.86519 14.1372
10 22 14 17 0.25821 4.4536 17.248
10 22 15 18 0.260291 4.48949 17.248
10 22 16 19 0.339178 4.79502 14.1372
10 22 17 20 0.520051 4.76522 9.16298
10 22 18 21 1.53744 6.16003 4.00667
10 32 11 16 1.61239 5.97192 3.70377
10 32 12 17 0.649043 5.45473 8.40426
10 32 13 18 0.345248 4.77536 13.8317
10 32 14 19 0.221497 4.34212 19.6035
10 32 15 20 0.161531 4.07571 25.2317
10 32 16 21 0.131758 3.97372 30.1593
10 32 17 22 0.117499 3.97527 33.8325
10 32 18 23 0.110399 3.95203 35.7978
10 32 19 24 0.106837 3.82453 35.7978
10 32 20 25 0.117491 3.97501 33.8325
10 32 21 26 0.131787 3.9746 30.1593
10 32 22 27 0.164964 4.16232 25.2317
10 32 23 28 0.226745 4.445 19.6035
10 32 24 29 0.340774 4.71348 13.8317
10 32 25 30 0.58618 4.92641 8.40426
10 32 26 31 1.62992 6.03685 3.70377
11 23 12 15 1.60945 6.44853 4.00667
11 23 13 16 0.583071 5.34267 9.16298
11 23 14 17 0.324833 4.59221 14.1372
11 23 15 18 0.254069 4.38218 17.248
11 23 16 19 0.260104 4.48627 17.248
11 23 17 20 0.314014 4.43927 14.1372
11 23 18 21 0.590442 5.41021 9.16298
11 23 19 22 1.50406 6.02628 4.00667
11 33 12 17 1.70296 6.30737 3.70377
11 33 13 18 0.623016 5.23599 8.40426
11 33 14 19 0.330791 4.57539 13.8317
11 33 15 20 0.215438 4.22335 19.6035
11 33 16 21 0.160958 4.06124 25.2317
11 33 17 22 0.133436 4.02434 30.1593
11 33 18 23 0.11695 3.95673 33.8325
11 33 19 24 0.105558 3.77875 35.7978
11 33 20 25 0.108828 3.89581 35.7978
11 33 21 26 0.113715 3.84727 33.8325
11 33 22 27 0.131008 3.9511 30.1593
11 33 23 28 0.163952 4.13679 25.2317
11 33 24 29 0.220822 4.3289 19.6035
11 33 25 30 0.323473 4.47417 13.8317
11 33 26 31 0.603696 5.07362 8.40426
11 33 27 32 1.45919 5.40449 3.70377
12 24 13 16 1.42158 5.69579 4.00667
12 24 14 17 0.519074 4.75627 9.16298
12 24 15 18 0.311208 4.3996 14.1372
12 24 16 19 0.254356 4.38713 17.248
12 24 17 20 0.251052 4.33013 17.248
12 24 18 21 0.355661 5.02804 14.1372
12 24 19 22 0.627202 5.74704 9.16298
12 24 20 23 1.70333 6.82467 4.00667
12 34 13 18 1.50731 5.58272 3.70377
12 34 14 19 0.562439 4.72688 8.40426
12 34 15 20 0.311681 4.31107 13.8317
12 34 16 21 0.210122 4.11914 19.6035
12 34 17 22 0.161153 4.06616 25.2317
12 34 18 23 0.131406 3.96311 30.1593
12 34 19 24 0.110656 3.74377 33.8325
12 34 20 25 0.107203 3.83763 35.7978
12 34 21 26 0.104959 3.75729 35.7978
12 34 22 27 0.112625 3.81038 33.8325
12 34 23 28 0.130534 3.93682 30.1593
12 34 24 29 0.162078 4.08951 25.2317
12 34 25 30 0.214651 4.20791 19.6035
12 34 26 31 0.338533 4.68248 13.8317
12 34 27 32 0.597959 5.02541 8.40426
12 34 28 33 1.75014 6.48214 3.70377
13 25 14 17 1.29217 5.17731 4.00667
13 25 15 18 0.499939 4.58093 9.16298
13 25 16 19 0.312523 4.41819 14.1372
13 25 17 20 0.247481 4.26854 17.248
13 25 18 21 0.262247 4.52323 17.248
13 25 19 22 0.342185 4.83752 14.1372
13 25 20 23 0.60613 5.55395 9.16298
13 25 21 24 1.38631 5.55449 4.00667
13 35 14 19 1.38859 5.143 3.70377
13 35 15 20 0.54224 4.55712 8.40426
13 35 16 21 0.312078 4.31656 13.8317
13 35 17 22 0.216541 4.24497 19.6035
13 35 18 23 0.162054 4.08889 25.2317
13 35 19 24 0.125785 3.79357 30.1593
13 35 20 25 0.114008 3.85718 33.8325
13 35 21 26 0.104266 3.73247 35.7978
13 35 22 27 0.104374 3.73636 35.7978
13 35 23 28 0.112526 3.80705 33.8325
13 35 24 29 0.12975 3.91316 30.1593
13 35 25 30 0.157604 3.97663 25.2317
13 35 26 31 0.220747 4.32743 19.6035
13 35 27 32 0.328224 4.53989 13.8317
13 35 28 33 0.646676 5.43483 8.40426
13 35 29 34 1.59929 5.92341 3.70377
14 26 15 18 1.36473 5.46802 4.00667
14 26 16 19 0.536193 4.91313 9.16298
14 26 17 20 0.330112 4.66686 14.1372
14 26 18 21 0.264742 4.56625 17.248
14 26 19 22 0.260788 4.49806 17.248
14 26 20 23 0.350004 4.94807 14.1372
14 26 21 24 0.546366 5.00634 9.16298
14 26 22 25 1.43158 5.73587 4.00667
14 36 15 20 1.46483 5.42541 3.70377
14 36 16 21 0.576329 4.84362 8.40426
14 36 17 22 0.339241 4.69227 13.8317
14 36 18 23 0.225363 4.41792 19.6035
14 36 19 24 0.158054 3.98798 25.2317
14 36 20 25 0.13226 3.98886 30.1593
14 36 21 26 0.112854 3.81815 33.8325
14 36 22 27 0.105783 3.78679 35.7978
14 36 23 28 0.106931 3.82788 35.7978
14 36 24 29 0.116008 3.92483 33.8325
14 36 25 30 0.131864 3.97693 30.1593
14 36 26 31 0.170629 4.30525 25.2317
14 36 27 32 0.230657 4.52169 19.6035
14 36 28 33 0.383811 5.30875 13.8317
14 36 29 34 0.729654 6.13221 8.40426
14 36 30 35 2.08986 7.74036 3.70377
15 27 16 19 1.41146 5.65526 4.00667
15 27 17 20 0.596049 5.46159 9.16298
15 27 18 21 0.355967 5.03236 14.1372
15 27 19 22 0.261705 4.51388 17.248
15 27 20 23 0.272149 4.69401 17.248
15 27 21 24 0.325876 4.60697 14.1372
15 27 22 25 0.547693 5.01849 9.16298
15 27 23 26 1.41119 5.65417 4.00667
15 37 16 21 1.50751 5.58347 3.70377
15 37 17 22 0.645865 5.42802 8.40426
15 37 18 23 0.358037 4.95225 13.8317
15 37 19 24 0.218329 4.28003 19.6035
15 37 20 25 0.165383 4.17289 25.2317
15 37 21 26 0.128634 3.8795 30.1593
15 37 22 27 0.1116 3.77571 33.8325
15 37 23 28 0.104305 3.73389 35.7978
15 37 24 29 0.105184 3.76535 35.7978
15 37 25 30 0.110312 3.73212 33.8325
15 37 26 31 0.12991 3.918 30.1593
15 37 27 32 0.157682 3.97859 25.2317
15 37 28 33 0.222112 4.35417 19.6035
15 37 29 34 0.343676 4.75362 13.8317
15 37 30 35 0.635755 5.34305 8.40426
15 37 31 36 1.42422 5.27498 3.70377
16 28 17 20 1.72358 6.90583 4.00667
16 28 18 21 0.676425 6.19807 9.16298
16 28 19 22 0.356941 5.04614 14.1372
16 28 20 23 0.280831 4.84377 17.248
16 28 21 24 0.260427 4.49183 17.248
16 28 22 25 0.333417 4.71358 14.1372
16 28 23 26 0.567058 5.19594 9.16298
16 28 24 27 1.6028 6.4219 4.00667
16 38 17 22 1.83746 6.80552 3.70377
16 38 18 23 0.721762 6.06588 8.40426
16 38 19 24 0.357458 4.94425 13.8317
16 38 20 25 0.235556 4.61772 19.6035
16 38 21 26 0.164589 4.15286 25.2317
16 38 22 27 0.131218 3.95743 30.1593
16 38 23 28 0.113729 3.84775 33.8325
16 38 24 29 0.107399 3.84464 35.7978
16 38 25 30 0.105341 3.77097 35.7978
16 38 26 31 0.115742 3.91584 33.8325
16 38 27 32 0.130603 3.93889 30.1593
16 38 28 33 0.16661 4.20384 25.2317
16 38 29 34 0.229899 4.50684 19.6035
16 38 30 35 0.355232 4.91345 13.8317
16 38 31 36 0.594407 4.99555 8.40426
16 38 32 37 1.62419 6.01564 3.70377
17 29 18 21 1.80098 7.21593 4.00667
17 29 19 22 0.624036 5.71803 9.16298
17 29 20 23 0.367746 5.19889 14.1372
17 29 21 24 0.262603 4.52936 17.248
17 29 22 25 0.262059 4.51998 17.248
17 29 23 26 0.336033 4.75056 14.1372
17 29 24 27 0.617442 5.65761 9.16298
17 29 25 28 1.66125 6.6561 4.00667
17 39 18 23 1.90211 7.04497 3.70377
17 39 19 24 0.665353 5.5918 8.40426
17 39 20 25 0.365904 5.06106 13.8317
17 39 21 26 0.22429 4.39687 19.6035
17 39 22 27 0.163231 4.1186 25.2317
17 39 23 28 0.130725 3.94256 30.1593
17 39 24 29 0.115509 3.90796 33.8325
17 39 25 30 0.105814 3.78792 35.7978
17 39 26 31 0.108891 3.89806 35.7978
17 39 27 32 0.115075 3.89327 33.8325
17 39 28 33 0.134939 4.06968 30.1593
17 39 29 34 0.169938 4.28783 25.2317
17 39 30 35 0.232283 4.55358 19.6035
17 39 31 36 0.330122 4.56614 13.8317
17 39 32 37 0.619091 5.203 8.40426
17 39 33 38 1.50433 5.57169 3.70377
18 30 19 22 1.59996 6.41051 4.00667
18 30 20 23 0.633718 5.80674 9.16298
18 30 21 24 0.338127 4.78016 14.1372
18 30 22 25 0.263507 4.54495 17.248
18 30 23 26 0.261869 4.5167 17.248
18 30 24 27 0.360203 5.09225 14.1372
18 30 25 28 0.636182 5.82933 9.16298
18 30 26 29 1.62964 6.52945 4.00667
18 40 19 24 1.69504 6.27803 3.70377
18 40 20 25 0.673062 5.65659 8.40426
18 40 21 26 0.341754 4.72703 13.8317
18 40 22 27 0.22219 4.35571 19.6035
18 40 23 28 0.162261 4.09412 25.2317
18 40 24 29 0.132921 4.00879 30.1593
18 40 25 30 0.112956 3.82157 33.8325
18 40 26 31 0.108245 3.87491 35.7978
18 40 27 32 0.107235 3.83877 35.7978
18 40 28 33 0.116355 3.93658 33.8325
18 40 29 34 0.135105 4.07467 30.1593
18 40 30 35 0.167825 4.2345 25.2317
18 40 31 36 0.213129 4.17808 19.6035
18 40 32 37 0.334397 4.62528 13.8317
18 40 33 38 0.564299 4.74252 8.40426
18 40 34 39 1.38812 5.14128 3.70377
19 31 20 23 1.69109 6.77566 4.00667
19 31 21 24 0.569597 5.2192 9.16298
19 31 22 25 0.337676 4.77379 14.1372
19 31 23 26 0.25735 4.43877 17.248
19 31 24 27 0.266578 4.59793 17.248
19 31 25 28 0.344345 4.86807 14.1372
19 31 26 29 0.572985 5.25025 9.16298
19 31 27 30 1.35472 5.4279 4.00667
19 41 20 25 1.78725 6.61958 3.70377
19 41 21 26 0.61831 5.19644 8.40426
19 41 22 27 0.342197 4.73316 13.8317
19 41 23 28 0.223025 4.37209 19.6035
19 41 24 29 0.167824 4.23448 25.2317
19 41 25 30 0.131357 3.96164 30.1593
19 41 26 31 0.117164 3.96397 33.8325
19 41 27 32 0.108963 3.90064 35.7978
19 41 28 33 0.110366 3.95085 35.7978
19 41 29 34 0.119689 4.0494 33.8325
19 41 30 35 0.137979 4.16135 30.1593
19 41 31 36 0.161739 4.08094 25.2317
19 41 32 37 0.228746 4.48423 19.6035
19 41 33 38 0.333091 4.60721 13.8317
19 41 34 39 0.614658 5.16575 8.40426
19 41 35 40 1.8889 6.99604 3.70377
20 32 21 24 1.24314 4.98086 4.00667
20 32 22 25 0.523395 4.79586 9.16298
20 32 23 26 0.313624 4.43376 14.1372
20 32 24 27 0.257995 4.44988 17.248
20 32 25 28 0.258521 4.45896 17.248
20 32 26 29 0.333171 4.71009 14.1372
20 32 27 30 0.537854 4.92835 9.16298
20 32 28 31 1.52392 6.10586 4.00667
20 42 21 26 1.33823 4.9565 3.70377
20 42 22 27 0.562328 4.72595 8.40426
20 42 23 28 0.316844 4.38248 13.8317
20 42 24 29 0.21723 4.25847 19.6035
20 42 25 30 0.155919 3.9341 25.2317
20 42 26 31 0.12953 3.90652 30.1593
20 42 27 32 0.113333 3.83435 33.8325
20 42 28 33 0.107408 3.84496 35.7978
20 42 29 34 0.109 3.90196 35.7978
20 42 30 35 0.116912 3.95543 33.8325
20 42 31 36 0.126574 3.81738 30.1593
20 42 32 37 0.162102 4.0901 25.2317
20 42 33 38 0.208532 4.08796 19.6035
20 42 34 39 0.316858 4.38267 13.8317
20 42 35 40 0.637799 5.36023 8.40426
20 42 36 41 1.54297 5.71482 3.70377
21 33 22 25 1.53669 6.157 4.00667
21 33 23 26 0.584741 5.35797 9.16298
21 33 24 27 0.356019 5.0331 14.1372
21 33 25 28 0.262338 4.52479 17.248
21 33 26 29 0.259046 4.46801 17.248
21 33 27 30 0.319505 4.51689 14.1372
21 33 28 31 0.557725 5.11042 9.16298
21 33 29 32 1.36417 5.46579 4.00667
21 43 22 27 1.63727 6.06409 3.70377
21 43 23 28 0.63194 5.31099 8.40426
21 43 24 29 0.360943 4.99244 13.8317
21 43 25 30 0.223778 4.38684 19.6035
21 43 26 31 0.166718 4.20659 25.2317
21 43 27 32 0.134195 4.04722 30.1593
21 43 28 33 0.117907 3.98909 33.8325
21 43 29 34 0.111327 3.98525 35.7978
21 43 30 35 0.111369 3.98676 35.7978
21 43 31 36 0.112275 3.79856 33.8325
21 43 32 37 0.132581 3.99855 30.1593
21 43 33 38 0.156142 3.93972 25.2317
21 43 34 39 0.209623 4.10936 19.6035
21 43 35 40 0.346451 4.792 13.8317
21 43 36 41 0.614434 5.16386 8.40426
21 43 37 42 1.93863 7.18025 3.70377
22 34 23 26 1.49935 6.0074 4.00667
22 34 24 27 0.629963 5.77233 9.16298
22 34 25 28 0.343259 4.85271 14.1372
22 34 26 29 0.26214 4.52138 17.248
22 34 27 30 0.254643 4.39207 17.248
22 34 28 31 0.336111 4.75165 14.1372
22 34 29 32 0.557176 5.10539 9.16298
22 34 30 33 1.66227 6.66017 4.00667
22 44 23 28 1.60195 5.93325 3.70377
22 44 24 29 0.676429 5.68488 8.40426
22 44 25 30 0.348072 4.81442 13.8317
22 44 26 31 0.228918 4.48761 19.6035
22 44 27 32 0.16806 4.24043 25.2317
22 44 28 33 0.136339 4.11189 30.1593
22 44 29 34 0.119702 4.04984 33.8325
22 44 30 35 0.111564 3.99373 35.7978
22 44 31 36 0.104725 3.74893 35.7978
22 44 32 37 0.114418 3.87105 33.8325
22 44 33 38 0.12374 3.7319 30.1593
22 44 34 39 0.148698 3.75189 25.2317
22 44 35 40 0.2097 4.11087 19.6035
22 44 36 41 0.308269 4.26387 13.8317
22 44 37 42 0.582298 4.89378 8.40426
22 44 38 43 1.38902 5.14461 3.70377
23 35 24 27 1.68951 6.76933 4.00667
23 35 25 28 0.592706 5.43096 9.16298
23 35 26 29 0.339523 4.7999 14.1372
23 35 27 30 0.257912 4.44846 17.248
23 35 28 31 0.262896 4.53441 17.248
23 35 29 32 0.329321 4.65567 14.1372
23 35 30 33 0.611285 5.60119 9.16298
23 35 31 34 1.50259 6.02037 4.00667
23 45 24 29 1.79179 6.63639 3.70377
23 45 25 30 0.63994 5.37822 8.40426
23 45 26 31 0.350005 4.84115 13.8317
23 45 27 32 0.229148 4.49211 19.6035
23 45 28 33 0.170529 4.30274 25.2317
23 45 29 34 0.138665 4.18204 30.1593
23 45 30 35 0.120827 4.08789 33.8325
23 45 31 36 0.105973 3.79361 35.7978
23 45 32 37 0.108244 3.87489 35.7978
23 45 33 38 0.109658 3.71 33.8325
23 45 34 39 0.121609 3.66764 30.1593
23 45 35 40 0.154322 3.89381 25.2317
23 45 36 41 0.203638 3.99202 19.6035
23 45 37 42 0.314226 4.34627 13.8317
23 45 38 43 0.540039 4.53863 8.40426
23 45 39 44 1.59274 5.89915 3.70377
24 36 25 28 1.39453 5.58741 4.00667
24 36 26 29 0.548879 5.02936 9.16298
24 36 27 30 0.326589 4.61704 14.1372
24 36 28 31 0.266745 4.6008 17.248
24 36 29 32 0.270116 4.65896 17.248
24 36 30 33 0.383978 5.42836 14.1372
24 36 31 34 0.679978 6.23062 9.16298
24 36 32 35 1.98651 7.95929 4.00667
24 46 25 30 1.49079 5.52155 3.70377
24 46 26 31 0.596902 5.01652 8.40426
24 46 27 32 0.33495 4.63292 13.8317
24 46 28 33 0.225833 4.42713 19.6035
24 46 29 34 0.169968 4.28858 25.2317
24 46 30 35 0.138486 4.17663 30.1593
24 46 31 36 0.114158 3.86225 33.8325
24 46 32 37 0.109602 3.92351 35.7978
24 46 33 38 0.104951 3.757 35.7978
24 46 34 39 0.109419 3.70193 33.8325
24 46 35 40 0.128916 3.88803 30.1593
24 46 36 41 0.158231 3.99244 25.2317
24 46 37 42 0.21803 4.27416 19.6035
24 46 38 43 0.323427 4.47354 13.8317
24 46 39 44 0.642433 5.39917 8.40426
24 46 40 45 1.94268 7.19524 3.70377
25 37 26 29 1.4333 5.74276 4.00667
25 37 27 30 0.544715 4.99121 9.16298
25 37 28 31 0.334936 4.73505 14.1372
25 37 29 32 0.260032 4.48502 17.248
25 37 30 33 0.269007 4.63982 17.248
25 37 31 34 0.34123 4.82402 14.1372
25 37 32 35 0.596593 5.46656 9.16298
25 37 33 36 1.32659 5.3152 4.00667
25 47 26 31 1.54068 5.70631 3.70377
25 47 27 32 0.599355 5.03714 8.40426
25 47 28 33 0.343466 4.75071 13.8317
25 47 29 34 0.231435 4.53694 19.6035
25 47 30 35 0.173335 4.37353 25.2317
25 47 31 36 0.132271 3.98921 30.1593
25 47 32 37 0.118877 4.02192 33.8325
25 47 33 38 0.106863 3.82546 35.7978
25 47 34 39 0.104621 3.7452 35.7978
25 47 35 40 0.114689 3.88023 33.8325
25 47 36 41 0.131778 3.97434 30.1593
25 47 37 42 0.165036 4.16413 25.2317
25 47 38 43 0.22112 4.33474 19.6035
25 47 39 44 0.362335 5.0117 13.8317
25 47 40 45 0.712325 5.98656 8.40426
25 47 41 46 1.75628 6.50487 3.70377
26 38 27 30 1.4082 5.64218 4.00667
26 38 28 31 0.573533 5.25527 9.16298
26 38 29 32 0.341688 4.8305 14.1372
26 38 30 33 0.273031 4.70924 17.248
26 38 31 34 0.266518 4.59689 17.248
26 38 32 35 0.352212 4.97928 14.1372
26 38 33 36 0.546209 5.0049 9.16298
26 38 34 37 1.51778 6.08122 4.00667
26 48 27 32 1.51834 5.62358 3.70377
26 48 28 33 0.620372 5.21377 8.40426
26 48 29 34 0.351746 4.86524 13.8317
26 48 30 35 0.235188 4.61053 19.6035
26 48 31 36 0.163769 4.13218 25.2317
26 48 32 37 0.136138 4.10583 30.1593
26 48 33 38 0.11537 3.90327 33.8325
26 48 34 39 0.106044 3.79615 35.7978
26 48 35 40 0.108792 3.89449 35.7978
26 48 36 41 0.118093 3.99539 33.8325
26 48 37 42 0.137019 4.1324 30.1593
26 48 38 43 0.169978 4.28883 25.2317
26 48 39 44 0.246427 4.83084 19.6035
26 48 40 45 0.398165 5.50728 13.8317
26 48 41 46 0.701934 5.89924 8.40426
26 48 42 47 1.86638 6.91265 3.70377
27 39 28 31 1.58879 6.36574 4.00667
27 39 29 32 0.618144 5.66404 9.16298
27 39 30 33 0.366671 5.18368 14.1372
27 39 31 34 0.268861 4.6373 17.248
27 39 32 35 0.272339 4.6973 17.248
27 39 33 36 0.323212 4.5693 14.1372
27 39 34 37 0.567966 5.20426 9.16298
27 39 35 38 1.40084 5.61268 4.00667
27 49 28 33 1.69219 6.26748 3.70377
27 49 29 34 0.668658 5.61957 8.40426
27 49 30 35 0.371214 5.13451 13.8317
27 49 31 36 0.225959 4.4296 19.6035
27 49 32 37 0.16958 4.2788 25.2317
27 49 33 38 0.132429 3.99397 30.1593
27 49 34 39 0.113134 3.82762 33.8325
27 49 35 40 0.106883 3.82618 35.7978
27 49 36 41 0.10845 3.88228 35.7978
27 49 37 42 0.115107 3.89437 33.8325
27 49 38 43 0.131401 3.96296 30.1593
27 49 39 44 0.168838 4.26006 25.2317
27 49 40 45 0.231427 4.53679 19.6035
27 49 41 46 0.331242 4.58163 13.8317
27 49 42 47 0.560441 4.71009 8.40426
27 49 43 48 1.23203 4.56315 3.70377
28 40 29 32 1.65637 6.63654 4.00667
28 40 30 33 0.642195 5.88442 9.16298
28 40 31 34 0.346793 4.90267 14.1372
28 40 32 35 0.269443 4.64734 17.248
28 40 33 36 0.249203 4.29824 17.248
28 40 34 37 0.327507 4.63003 14.1372
28 40 35 38 0.517005 4.7373 9.16298
28 40 36 39 1.30205 5.21687 4.00667
28 50 29 34 1.76356 6.53184 3.70377
28 50 30 35 0.689915 5.79823 8.40426
28 50 31 36 0.348663 4.82259 13.8317
28 50 32 37 0.23181 4.5443 19.6035
28 50 33 38 0.165752 4.1822 25.2317
28 50 34 39 0.131336 3.96101 30.1593
28 50 35 40 0.115295 3.90072 33.8325
28 50 36 41 0.110152 3.94318 35.7978
28 50 37 42 0.108554 3.886 35.7978
28 50 38 43 0.116569 3.94381 33.8325
28 50 39 44 0.138594 4.17991 30.1593
28 50 40 45 0.172298 4.34736 25.2317
28 50 41 46 0.222224 4.35637 19.6035
28 50 42 47 0.317734 4.39479 13.8317
28 50 43 48 0.519631 4.36712 8.40426
28 50 44 49 1.85915 6.88585 3.70377
29 41 30 33 1.64021 6.57179 4.00667
29 41 31 34 0.576889 5.28602 9.16298
29 41 32 35 0.342745 4.84544 14.1372
29 41 33 36 0.252646 4.35764 17.248
29 41 34 37 0.26252 4.52794 17.248
29 41 35 38 0.324198 4.58325 14.1372
29 41 36 39 0.576191 5.27963 9.16298
29 41 37 40 1.78658 7.15822 4.00667
29 51 30 35 1.73913 6.44134 3.70377
29 51 31 36 0.616381 5.18022 8.40426
29 51 32 37 0.345215 4.7749 13.8317
29 51 33 38 0.221528 4.34274 19.6035
29 51 34 39 0.161414 4.07274 25.2317
29 51 35 40 0.130687 3.94143 30.1593
29 51 36 41 0.117264 3.96734 33.8325
29 51 37 42 0.106522 3.81323 35.7978
29 51 38 43 0.107409 3.845 35.7978
29 51 39 44 0.118525 4.01002 33.8325
29 51 40 45 0.13488 4.06789 30.1593
29 51 41 46 0.159316 4.01981 25.2317
29 51 42 47 0.201727 3.95456 19.6035
29 51 43 48 0.280016 3.87309 13.8317
29 51 44 49 0.564939 4.74789 8.40426
29 51 45 50 1.33848 4.95742 3.70377
30 42 31 34 1.36667 5.4758 4.00667
30 42 32 35 0.548782 5.02848 9.16298
30 42 33 36 0.312602 4.41931 14.1372
30 42 34 37 0.252828 4.36077 17.248
30 42 35 38 0.241344 4.16269 17.248
30 42 36 39 0.320465 4.53047 14.1372
30 42 37 40 0.594339 5.44591 9.16298
30 42 38 41 1.45814 5.84228 4.00667
30 52 31 36 1.45644 5.39431 3.70377
30 52 32 37 0.592444 4.97906 8.40426
30 52 33 38 0.325385 4.50062 13.8317
30 52 34 39 0.214918 4.21315 19.6035
30 52 35 40 0.159442 4.02298 25.2317
30 52 36 41 0.134241 4.04861 30.1593
30 52 37 42 0.112631 3.81061 33.8325
30 52 38 43 0.107092 3.83366 35.7978
30 52 39 44 0.110678 3.96203 35.7978
30 52 40 45 0.117335 3.96974 33.8325
30 52 41 46 0.129674 3.91087 30.1593
30 52 42 47 0.150975 3.80937 25.2317
30 52 43 48 0.190001 3.7247 19.6035
30 52 44 49 0.310778 4.29858 13.8317
30 52 45 50 0.527936 4.43691 8.40426
30 52 46 51 1.65738 6.13855 3.70377
31 43 32 35 1.53322 6.14312 4.00667
31 43 33 36 0.546876 5.01101 9.16298
31 43 34 37 0.333831 4.71943 14.1372
31 43 35 38 0.248302 4.2827 17.248
31 43 36 39 0.256744 4.42831 17.248
31 43 37 40 0.340567 4.81465 14.1372
31 43 38 41 0.57308 5.25112 9.16298
31 43 39 42 1.84355 7.38651 4.00667
31 53 32 37 1.6329 6.0479 3.70377
31 53 33 38 0.602786 5.06597 8.40426
31 53 34 39 0.336244 4.65082 13.8317
31 53 35 40 0.22041 4.32081 19.6035
31 53 36 41 0.171101 4.31718 25.2317
31 53 37 42 0.130474 3.935 30.1593
31 53 38 43 0.116007 3.92482 33.8325
31 53 39 44 0.111975 4.00846 35.7978
31 53 40 45 0.110854 3.96833 35.7978
31 53 41 46 0.115328 3.90185 33.8325
31 53 42 47 0.124892 3.76664 30.1593
31 53 43 48 0.145923 3.68189 25.2317
31 53 44 49 0.209101 4.09913 19.6035
31 53 45 50 0.304401 4.21038 13.8317
31 53 46 51 0.625882 5.26008 8.40426
31 53 47 52 1.71973 6.36949 3.70377
32 44 33 36 1.34629 5.39416 4.00667
32 44 34 37 0.557321 5.10672 9.16298
32 44 35 38 0.315811 4.46468 14.1372
32 44 36 39 0.257271 4.43741 17.248
32 44 37 40 0.242243 4.1782 17.248
32 44 38 41 0.306391 4.3315 14.1372
32 44 39 42 0.549741 5.03727 9.16298
32 44 40 43 1.29321 5.18146 4.00667
32 54 33 38 1.4607 5.41011 3.70377
32 54 34 39 0.59764 5.02272 8.40426
32 54 35 40 0.329268 4.55432 13.8317
32 54 36 41 0.232379 4.55544 19.6035
32 54 37 42 0.158524 3.99984 25.2317
32 54 38 43 0.131558 3.96769 30.1593
32 54 39 44 0.118668 4.01482 33.8325
32 54 40 45 0.110077 3.94051 35.7978
32 54 41 46 0.108386 3.87996 35.7978
32 54 42 47 0.109889 3.71781 33.8325
32 54 43 48 0.120329 3.62904 30.1593
32 54 44 49 0.155605 3.92619 25.2317
32 54 45 50 0.203206 3.98357 19.6035
32 54 46 51 0.338352 4.67998 13.8317
32 54 47 52 0.616749 5.18332 8.40426
32 54 48 53 1.5224 5.63864 3.70377
33 45 34 37 1.6504 6.61261 4.00667
33 45 35 38 0.593486 5.4381 9.16298
33 45 36 39 0.37022 5.23387 14.1372
33 45 37 40 0.250238 4.3161 17.248
33 45 38 41 0.24384 4.20574 17.248
33 45 39 42 0.321225 4.54121 14.1372
33 45 40 43 0.498615 4.5688 9.16298
33 45 41 44 1.51103 6.0542 4.00667
33 55 34 39 1.74796 6.47405 3.70377
33 55 35 40 0.647136 5.4387 8.40426
33 55 36 41 0.385153 5.3273 13.8317
33 55 37 42 0.223534 4.38206 19.6035
33 55 38 43 0.167201 4.21875 25.2317
33 55 39 44 0.138769 4.18518 30.1593
33 55 40 45 0.119291 4.0359 33.8325
33 55 41 46 0.110391 3.95175 35.7978
33 55 42 47 0.104931 3.75631 35.7978
33 55 43 48 0.108327 3.66496 33.8325
33 55 44 49 0.128641 3.87972 30.1593
33 55 45 50 0.154955 3.90977 25.2317
33 55 46 51 0.228537 4.48014 19.6035
33 55 47 52 0.35295 4.88188 13.8317
33 55 48 53 0.626556 5.26574 8.40426
33 55 49 54 1.7011 6.30047 3.70377
34 46 35 38 1.49148 5.97588 4.00667
34 46 36 39 0.677108 6.20432 9.16298
34 46 37 40 0.332466 4.70013 14.1372
34 46 38 41 0.257952 4.44915 17.248
34 46 39 42 0.264832 4.56782 17.248
34 46 40 43 0.318822 4.50723 14.1372
34 46 41 44 0.602735 5.52285 9.16298
34 46 42 45 1.84278 7.3834 4.00667
34 56 35 40 1.59957 5.92444 3.70377
34 56 36 41 0.728879 6.12569 8.40426
34 56 37 42 0.343001 4.74427 13.8317
34 56 38 43 0.229319 4.49547 19.6035
34 56 39 44 0.172197 4.34483 25.2317
34 56 40 45 0.136425 4.11447 30.1593
34 56 41 46 0.118327 4.00331 33.8325
34 56 42 47 0.10462 3.74517 35.7978
34 56 43 48 0.101544 3.63506 35.7978
34 56 44 49 0.110934 3.75318 33.8325
34 56 45 50 0.123851 3.73525 30.1593
34 56 46 51 0.164074 4.13986 25.2317
34 56 47 52 0.223298 4.37743 19.6035
34 56 48 53 0.329674 4.55994 13.8317
34 56 49 54 0.586128 4.92597 8.40426
34 56 50 55 1.46811 5.43756 3.70377
35 47 36 39 1.98147 7.93911 4.00667
35 47 37 40 0.590179 5.4078 9.16298
35 47 38 41 0.343779 4.86006 14.1372
35 47 39 42 0.272693 4.7034 17.248
35 47 40 43 0.257229 4.43668 17.248
35 47 41 44 0.361292 5.10764 14.1372
35 47 42 45 0.664762 6.0912 9.16298
35 47 43 46 1.65663 6.63756 4.00667
35 57 36 41 2.08659 7.72825 3.70377
35 57 37 42 0.639141 5.37151 8.40426
35 57 38 43 0.353731 4.89269 13.8317
35 57 39 44 0.234414 4.59534 19.6035
35 57 40 45 0.168597 4.25398 25.2317
35 57 41 46 0.136241 4.10893 30.1593
35 57 42 47 0.112064 3.79141 33.8325
35 57 43 48 0.102261 3.66071 35.7978
35 57 44 49 0.103568 3.70751 35.7978
35 57 45 50 0.108312 3.66447 33.8325
35 57 46 51 0.132526 3.99689 30.1593
35 57 47 52 0.165416 4.17371 25.2317
35 57 48 53 0.21927 4.29847 19.6035
35 57 49 54 0.322265 4.45747 13.8317
35 57 50 55 0.546736 4.59491 8.40426
35 57 51 56 1.52325 5.64179 3.70377
36 48 37 40 1.35655 5.43523 4.00667
36 48 38 41 0.553173 5.06871 9.16298
36 48 39 42 0.338653 4.7876 14.1372
36 48 40 43 0.256639 4.4265 17.248
36 48 41 44 0.282897 4.8794 17.248
36 48 42 45 0.38643 5.46303 14.1372
36 48 43 46 0.650013 5.95606 9.16298
36 48 44 47 1.74625 6.99665 4.00667
36 58 37 42 1.45153 5.37612 3.70377
36 58 38 43 0.598617 5.03093 8.40426
36 58 39 44 0.337102 4.66268 13.8317
36 58 40 45 0.217974 4.27306 19.6035
36 58 41 46 0.163748 4.13165 25.2317
36 58 42 47 0.124903 3.76698 30.1593
36 58 43 48 0.107217 3.62743 33.8325
36 58 44 49 0.100736 3.60611 35.7978
36 58 45 50 0.0991313 3.54868 35.7978
36 58 46 51 0.112968 3.82199 33.8325
36 58 47 52 0.131086 3.95346 30.1593
36 58 48 53 0.159925 4.03517 25.2317
36 58 49 54 0.207636 4.0704 19.6035
36 58 50 55 0.295684 4.08981 13.8317
36 58 51 56 0.555325 4.6671 8.40426
36 58 52 57 1.38799 5.14081 3.70377
37 49 38 41 1.53553 6.15234 4.00667
37 49 39 42 0.583175 5.34362 9.16298
37 49 40 43 0.328886 4.64952 14.1372
37 49 41 44 0.273195 4.71205 17.248
37 49 42 45 0.267122 4.60732 17.248
37 49 43 46 0.325795 4.60582 14.1372
37 49 44 47 0.509036 4.66429 9.16298
37 49 45 48 1.11796 4.47931 4.00667
37 59 38 43 1.646 6.09641 3.70377
37 59 39 44 0.629389 5.28955 8.40426
37 59 40 45 0.339038 4.68947 13.8317
37 59 41 46 0.229759 4.5041 19.6035
37 59 42 47 0.158944 4.01042 25.2317
37 59 43 48 0.126081 3.80253 30.1593
37 59 44 49 0.109329 3.69888 33.8325
37 59 45 50 0.100623 3.60207 35.7978
37 59 46 51 0.107352 3.84296 35.7978
37 59 47 52 0.117041 3.9598 33.8325
37 59 48 53 0.133848 4.03676 30.1593
37 59 49 54 0.159 4.01184 25.2317
37 59 50 55 0.205846 4.0353 19.6035
37 59 51 56 0.326665 4.51832 13.8317
37 59 52 57 0.599501 5.03836 8.40426
37 59 53 58 1.80029 6.66786 3.70377
38 50 39 42 1.43598 5.7535 4.00667
38 50 40 43 0.529853 4.85504 9.16298
38 50 41 44 0.345158 4.87956 14.1372
38 50 42 45 0.259439 4.4748 17.248
38 50 43 46 0.252909 4.36217 17.248
38 50 44 47 0.301523 4.26268 14.1372
38 50 45 48 0.458346 4.19981 9.16298
38 50 46 49 1.76552 7.07386 4.00667
38 60 39 44 1.53231 5.67534 3.70377
38 60 40 45 0.57599 4.84077 8.40426
38 60 41 46 0.338986 4.68874 13.8317
38 60 42 47 0.20833 4.08401 19.6035
38 60 43 48 0.152464 3.84693 25.2317
38 60 44 49 0.121114 3.6527 30.1593
38 60 45 50 0.104801 3.54569 33.8325
38 60 46 51 0.105122 3.76314 35.7978
38 60 47 52 0.10808 3.86903 35.7978
38 60 48 53 0.116518 3.94209 33.8325
38 60 49 54 0.128079 3.86278 30.1593
38 60 50 55 0.152804 3.85551 25.2317
38 60 51 56 0.213153 4.17855 19.6035
38 60 52 57 0.327909 4.53554 13.8317
38 60 53 58 0.649352 5.45732 8.40426
38 60 54 59 1.54143 5.7091 3.70377
39 51 40 43 1.30493 5.22844 4.00667
39 51 41 44 0.591478 5.4197 9.16298
39 51 42 45 0.326707 4.61871 14.1372
39 51 43 46 0.247232 4.26424 17.248
39 51 44 47 0.223871 3.86132 17.248
39 51 45 48 0.259812 3.673 14.1372
39 51 46 49 0.522268 4.78553 9.16298
39 51 47 50 1.2578 5.0396 4.00667
39 61 40 45 1.40629 5.20859 3.70377
39 61 41 46 0.624372 5.24738 8.40426
39 61 42 47 0.319195 4.41501 13.8317
39 61 43 48 0.207722 4.07209 19.6035
39 61 44 49 0.14801 3.73455 25.2317
39 61 45 50 0.119001 3.589 30.1593
39 61 46 51 0.111839 3.7838 33.8325
39 61 47 52 0.108384 3.87991 35.7978
39 61 48 53 0.110653 3.96112 35.7978
39 61 49 54 0.113706 3.84697 33.8325
39 61 50 55 0.127271 3.83839 30.1593
39 61 51 56 0.162349 4.09634 25.2317
39 61 52 57 0.224237 4.39584 19.6035
39 61 53 58 0.375049 5.18756 13.8317
39 61 54 59 0.675986 5.68116 8.40426
39 61 55 60 1.97267 7.30632 3.70377
40 52 41 44 1.81239 7.26163 4.00667
40 52 42 45 0.605896 5.55182 9.16298
40 52 43 46 0.341913 4.83369 14.1372
40 52 44 47 0.231333 3.99001 17.248
40 52 45 48 0.210298 3.62722 17.248
40 52 46 49 0.307635 4.34908 14.1372
40 52 47 50 0.496349 4.54803 9.16298
40 52 48 51 1.59141 6.37626 4.00667
40 62 41 46 1.89817 7.03037 3.70377
40 62 42 47 0.636428 5.34871 8.40426
40 62 43 48 0.341157 4.71878 13.8317
40 62 44 49 0.206302 4.04425 19.6035
40 62 45 50 0.149405 3.76975 25.2317
40 62 46 51 0.128783 3.88399 30.1593
40 62 47 52 0.115753 3.91621 33.8325
40 62 48 53 0.1107 3.96282 35.7978
40 62 49 54 0.105521 3.77741 35.7978
40 62 50 55 0.109534 3.70581 33.8325
40 62 51 56 0.126272 3.80827 30.1593
40 62 52 57 0.156481 3.94828 25.2317
40 62 53 58 0.225051 4.41179 19.6035
40 62 54 59 0.334368 4.62487 13.8317
40 62 55 60 0.624551 5.24889 8.40426
41 53 42 45 1.46688 5.8773 4.00667
41 53 43 46 0.573154 5.2518 9.16298
41 53 44 47 0.292312 4.13247 14.1372
41 53 45 48 0.213138 3.67619 17.248
41 53 46 49 0.241845 4.17134 17.248
41 53 47 50 0.306518 4.3333 14.1372
41 53 48 51 0.601717 5.51352 9.16298
41 53 49 52 1.6262 6.51564 4.00667
41 63 42 47 1.54064 5.70618 3.70377
41 63 43 48 0.605992 5.09292 8.40426
41 63 44 49 0.301983 4.17693 13.8317
41 63 45 50 0.196052 3.84331 19.6035
41 63 46 51 0.155536 3.92443 25.2317
41 63 47 52 0.130161 3.92556 30.1593
41 63 48 53 0.116926 3.95591 33.8325
41 63 49 54 0.103281 3.69724 35.7978
41 63 50 55 0.100742 3.60634 35.7978
41 63 51 56 0.106804 3.61347 33.8325
41 63 52 57 0.121086 3.65187 30.1593
41 63 53 58 0.155286 3.91812 25.2317
41 63 54 59 0.202201 3.96385 19.6035
41 63 55 60 0.303636 4.19979 13.8317
41 63 56 61 0.485655 4.08157 8.40426
41 63 57 62 1.21628 4.50483 3.70377
42 54 43 46 1.83797 7.36413 4.00667
42 54 44 47 0.524856 4.80925 9.16298
42 54 45 48 0.285675 4.03863 14.1372
42 54 46 49 0.247503 4.26892 17.248
42 54 47 50 0.246882 4.25821 17.248
42 54 48 51 0.350826 4.95968 14.1372
42 54 49 52 0.573596 5.25585 9.16298
42 54 50 53 1.42693 5.71722 4.00667
42 64 43 48 1.9267 7.13605 3.70377
42 64 44 49 0.57528 4.83481 8.40426
42 64 45 50 0.307335 4.25096 13.8317
42 64 46 51 0.216923 4.25246 19.6035
42 64 47 52 0.165809 4.18363 25.2317
42 64 48 53 0.139187 4.19778 30.1593
42 64 49 54 0.114054 3.85875 33.8325
42 64 50 55 0.104856 3.75361 35.7978
42 64 51 56 0.104207 3.73038 35.7978
42 64 52 57 0.111267 3.76444 33.8325
42 64 53 58 0.133408 4.02349 30.1593
42 64 54 59 0.162498 4.10011 25.2317
42 64 55 60 0.224203 4.39517 19.6035
42 64 56 61 0.317887 4.39692 13.8317
42 64 57 62 0.604685 5.08193 8.40426
42 64 58 63 1.96159 7.26527 3.70377
43 55 44 47 1.28095 5.13236 4.00667
43 55 45 48 0.473667 4.3402 9.16298
43 55 46 49 0.314796 4.45033 14.1372
43 55 47 50 0.251729 4.3418 17.248
43 55 48 51 0.28008 4.8308 17.248
43 55 49 52 0.347013 4.90578 14.1372
43 55 50 53 0.581943 5.33233 9.16298
43 55 51 54 1.60214 6.41926 4.00667
44 56 45 48 1.4655 5.87178 4.00667
44 56 46 49 0.586887 5.37763 9.16298
44 56 47 50 0.3461 4.89288 14.1372
44 56 48 51 0.287408 4.9572 17.248
44 56 49 52 0.260824 4.49868 17.248
44 56 50 53 0.32636 4.6138 14.1372
44 56 51 54 0.537976 4.92946 9.16298
44 56 52 55 1.39217 5.57795 4.00667
45 57 46 49 1.82553 7.31428 4.00667
45 57 47 50 0.654639 5.99844 9.16298
45 57 48 51 0.398522 5.63397 14.1372
45 57 49 52 0.266939 4.60416 17.248
45 57 50 53 0.260181 4.4876 17.248
45 57 51 54 0.315046 4.45385 14.1372
45 57 52 55 0.500755 4.58841 9.16298
45 57 53 56 1.43961 5.76803 4.00667
46 58 47 50 1.64778 6.6021 4.00667
46 58 48 51 0.667242 6.11392 9.16298
46 58 49 52 0.327755 4.63353 14.1372
46 58 50 53 0.254164 4.38381 17.248
46 58 51 54 0.237663 4.0992 17.248
46 58 52 55 0.284651 4.02416 14.1372
46 58 53 56 0.517198 4.73908 9.16298
46 58 54 57 1.30613 5.23324 4.00667
47 59 48 51 1.79757 7.20228 4.00667
47 59 49 52 0.531126 4.86669 9.16298
47 59 50 53 0.320173 4.52635 14.1372
47 59 51 54 0.2362 4.07398 17.248
47 59 52 55 0.227963 3.9319 17.248
47 59 53 56 0.320687 4.5336 14.1372
47 59 54 57 0.557747 5.11063 9.16298
47 59 55 58 1.71981 6.89073 4.00667
48 60 49 52 1.17125 4.69281 4.00667
48 60 50 53 0.491599 4.50451 9.16298
48 60 51 54 0.28017 3.96081 14.1372
48 60 52 55 0.217949 3.75917 17.248
48 60 53 56 0.240534 4.14872 17.248
48 60 54 57 0.320631 4.53281 14.1372
48 60 55 58 0.614303 5.62884 9.16298
48 60 56 59 1.44494 5.78941 4.00667
49 61 50 53 1.79579 7.19514 4.00667
49 61 51 54 0.52744 4.83292 9.16298
49 61 52 55 0.300718 4.25129 14.1372
49 61 53 56 0.250716 4.32434 17.248
49 61 54 57 0.259242 4.47139 17.248
49 61 55 58 0.379139 5.35994 14.1372
49 61 56 59 0.629537 5.76843 9.16298
49 61 57 60 1.86446 7.47025 4.00667
50 62 51 54 1.25339 5.0219 4.00667
50 62 52 55 0.483031 4.426 9.16298
50 62 53 56 0.304008 4.29782 14.1372
50 62 54 57 0.242217 4.17775 17.248
50 62 55 58 0.266327 4.5936 17.248
50 62 56 59 0.330127 4.66706 14.1372
50 62 57 60 0.579778 5.31249 9.16298
50 62 58 61 1.5169 6.07773 4.00667
51 63 52 55 1.54037 6.17175 4.00667
51 63 53 56 0.574014 5.25968 9.16298
51 63 54 57 0.325092 4.59588 14.1372
51 63 55 58 0.266111 4.58987 17.248
51 63 56 59 0.242935 4.19013 17.248
51 63 57 60 0.302245 4.27289 14.1372
51 63 58 61 0.441797 4.04818 9.16298
51 63 59 62 1.13163 4.53405 4.00667
52 64 53 56 1.6118 6.45795 4.00667
52 64 54 57 0.565282 5.17967 9.16298
52 64 55 58 0.354839 5.01642 14.1372
52 64 56 59 0.256949 4.43185 17.248
52 64 57 60 0.259092 4.46881 17.248
52 64 58 61 0.306377 4.3313 14.1372
52 64 59 62 0.56171 5.14693 9.16298
52 64 60 63 1.86603 7.47658 4.00667
