64
# x y z
0.0 0.0 0.0
0.5 0.0 0.0
1.0 0.0 0.0
1.5 0.0 0.0
2.0 0.0 0.0
2.5 0.0 0.0
3.0 0.0 0.0
3.5 0.0 0.0
4.0 0.0 0.0
4.5 0.0 0.0
5.0 0.0 0.0
5.5 0.0 0.0
6.0 0.0 0.0
6.5 0.0 0.0
7.0 0.0 0.0
7.5 0.0 0.0
8.0 0.0 0.0
8.5 0.0 0.0
9.0 0.0 0.0
9.5 0.0 0.0
10.0 0.0 0.0
10.5 0.0 0.0
11.0 0.0 0.0
11.5 0.0 0.0
12.0 0.0 0.0
12.5 0.0 0.0
13.0 0.0 0.0
13.5 0.0 0.0
14.0 0.0 0.0
14.5 0.0 0.0
15.0 0.0 0.0
15.5 0.0 0.0
16.0 0.0 0.0
16.5 0.0 0.0
17.0 0.0 0.0
17.5 0.0 0.0
18.0 0.0 0.0
18.5 0.0 0.0
19.0 0.0 0.0
19.5 0.0 0.0
20.0 0.0 0.0
20.5 0.0 0.0
21.0 0.0 0.0
21.5 0.0 0.0
22.0 0.0 0.0
22.5 0.0 0.0
23.0 0.0 0.0
23.5 0.0 0.0
24.0 0.0 0.0
24.5 0.0 0.0
25.0 0.0 0.0
25.5 0.0 0.0
26.0 0.0 0.0
26.5 0.0 0.0
27.0 0.0 0.0
27.5 0.0 0.0
28.0 0.0 0.0
28.5 0.0 0.0
29.0 0.0 0.0
29.5 0.0 0.0
30.0 0.0 0.0
30.5 0.0 0.0
31.0 0.0 0.0
31.5 0.0 0.0
1400
# a b m n r rhoa
1 13 2 5 1.33185018 5.336282684391037
1 13 3 6 0.500617272 4.587145336594809
1 13 4 7 0.332052023 4.694274882298941
1 13 5 8 0.285734878 4.9283436511327325
1 13 6 9 0.215846845 3.722917676759016
1 13 7 10 0.404411434 5.717231955369523
1 13 8 11 0.679225454 6.223728281217976
1 13 9 12 2.62336526 10.510955978375128
1 23 2 7 1.44377523 5.347414836550806
1 23 3 8 0.550068066 4.622915375480111
1 23 4 9 0.331280795 4.582168004712924
1 23 5 10 0.238234039 4.670230074166326
1 23 6 11 0.166865414 4.210296235715209
1 23 7 12 0.141759044 4.275352043618995
1 23 8 13 0.111752892 3.7808837718035266
1 23 9 14 0.122968204 4.401986910179393
1 23 10 15 0.097087951 3.475531686533686
1 23 11 16 0.123101967 4.1648517633654905
1 23 12 17 0.130571838 3.937953859454557
1 23 13 18 0.185157613 4.67183931253671
1 23 14 19 0.241955409 4.743182092962852
1 23 15 20 0.345429412 4.777867064564362
1 23 16 21 0.790143689 6.640573475350004
1 23 17 22 1.89968646 7.036006263245477
1 57 4 16 0.401720403 4.636638260861648
1 57 5 17 0.27915327 4.53763829227796
1 57 6 18 0.199714544 4.262096479863975
1 57 7 19 0.158770523 4.247683505051943
1 57 8 20 0.120118077 3.896580085604692
1 57 9 21 0.114355081 4.384154225535444
1 57 10 22 0.089440083 3.969439575705644
1 57 11 23 0.081140059 4.0970241631468935
1 57 12 24 0.071514339 4.0472399957232446
1 57 13 25 0.065437539 4.096046508145545
1 57 14 26 0.059766916 4.088447802396431
1 57 15 27 0.058971543 4.360105740421181
1 57 16 28 0.051798691 4.0967170776582655
1 57 17 29 0.05121365 4.2904647094271695
1 57 18 30 0.046466041 4.084793428876517
1 57 19 31 0.044516685 4.069291425534213
1 57 20 32 0.044228653 4.166808025645908
1 57 21 33 0.042510698 4.09178440450032
1 57 22 34 0.043029816 4.19522653798879
1 57 23 35 0.044414438 4.3487495815133865
1 57 24 36 0.043032276 4.195466377668408
1 57 25 37 0.044360794 4.269861790094611
1 57 26 38 0.043389273 4.087729530522697
1 57 27 39 0.046316031 4.233770502297662
1 57 28 40 0.047891302 4.21008701193073
1 57 29 41 0.047990968 4.020481933532341
1 57 30 42 0.052372926 4.1421328649237985
1 57 31 43 0.057833242 4.275944592994071
1 57 32 44 0.058762739 4.019755530423298
1 57 33 45 0.065128522 4.076703665747274
1 57 34 46 0.071675382 4.056353967546871
1 57 35 47 0.08084548 4.08214991612477
1 57 36 48 0.09157746 4.0642984864694345
1 57 37 49 0.107514183 4.12188733183129
1 57 38 50 0.120962274 3.9239654825464627
1 57 39 51 0.155550888 4.1615466691747445
1 57 40 52 0.192987945 4.118544521427956
1 57 41 53 0.287164892 4.6678672620853225
1 57 42 54 0.412280354 4.7585207255654
2 14 3 6 1.31140729 5.254374792974969
2 14 4 7 0.581559572 5.328817897141738
2 14 5 8 0.373368446 5.27837205166128
2 14 6 9 0.227083049 3.916719270158588
2 14 7 10 0.27807435 4.796215173162589
2 14 8 11 0.311220839 4.399780956509042
2 14 9 12 0.616309795 5.647233445896676
2 14 10 13 1.16166023 4.654387906074173
2 24 3 8 1.42129577 5.264156033224716
2 24 4 9 0.624341687 5.247130242215317
2 24 5 10 0.371674346 5.140878439433232
2 24 6 11 0.229477685 4.498574554398864
2 24 7 12 0.178479025 4.503327256969025
2 24 8 13 0.126997971 3.83016857005833
2 24 9 14 0.133281916 4.509265257128923
2 24 10 15 0.098400856 3.522530751627855
2 24 11 16 0.114548133 4.10056718443646
2 24 12 17 0.113003347 3.823189835944315
2 24 13 18 0.146067745 4.405299404336899
2 24 14 19 0.172926503 4.36322774853928
2 24 15 20 0.225693342 4.424388041993889
2 24 16 21 0.375074488 5.187908095601139
2 24 17 22 0.616549533 5.181642949348713
2 24 18 23 2.24071827 8.299110465781059
2 58 5 17 0.429014586 4.95166645522687
2 58 6 18 0.276712886 4.497969833849146
2 58 7 19 0.208097834 4.441003784675381
2 58 8 20 0.148092294 3.9620024080231997
2 58 9 21 0.138514909 4.493365606983086
2 58 10 22 0.104803057 4.017947966785858
2 58 11 23 0.093463871 4.148019277285857
2 58 12 24 0.080572256 4.0683539521613765
2 58 13 25 0.072800592 4.120033433501073
2 58 14 26 0.06542442 4.095225327597475
2 58 15 27 0.06409441 4.384476684565685
2 58 16 28 0.05503367 4.068956114705103
2 58 17 29 0.054173082 4.2845057644175135
2 58 18 30 0.048704605 4.080267447039804
2 58 19 31 0.046188599 4.060403719013041
2 58 20 32 0.045478515 4.157212764956085
2 58 21 33 0.043306806 4.079960264805948
2 58 22 34 0.043413182 4.178651243443098
2 58 23 35 0.04419666 4.30898893275462
2 58 24 36 0.04282355 4.192981010846464
2 58 25 37 0.043574792 4.248359411663337
2 58 26 38 0.042225886 4.064370380392447
2 58 27 39 0.044666242 4.208033548773062
2 58 28 40 0.046062199 4.210567598012982
2 58 29 41 0.045654562 4.013456942799055
2 58 30 42 0.04919072 4.120992122047799
2 58 31 43 0.053660353 4.243954437541113
2 58 32 44 0.054033734 3.9950250884531058
2 58 33 45 0.059079241 4.0414063364704775
2 58 34 46 0.064156986 4.015890611021337
2 58 35 47 0.070802257 4.006940850252088
2 58 36 48 0.078841876 3.980981466131682
2 58 37 49 0.090384616 4.011358886880254
2 58 38 50 0.09981332 3.8266510312971707
2 58 39 51 0.123044485 3.9915115348914982
2 58 40 52 0.146724738 3.925415358023781
2 58 41 53 0.201664457 4.303709459904833
2 58 42 54 0.263603679 4.284879585382423
2 58 43 55 0.373976622 4.316420827231406
3 15 4 7 2.20733379 8.84405562962663
3 15 5 8 0.783495046 7.179148318526325
3 15 6 9 0.356378232 5.0381785599773465
3 15 7 10 0.320211483 5.522994743619807
3 15 8 11 0.285647515 4.926836817632364
3 15 9 12 0.481260173 6.8036554078297025
3 15 10 13 0.704703925 6.45718696506302
3 15 11 14 2.53453167 10.15502919679877
3 25 4 9 2.31104323 8.559578111069476
3 25 5 10 0.811263336 6.818068492559405
3 25 6 11 0.386589278 5.347176918651953
3 25 7 12 0.25593299 5.017192135458483
3 25 8 13 0.158560571 4.000751019705942
3 25 9 14 0.157765124 4.758084043690393
3 25 10 15 0.108774198 3.680106999012997
3 25 11 16 0.116555045 4.172410149255901
3 25 12 17 0.107890977 3.862255876165077
3 25 13 18 0.128838532 4.358934306789925
3 25 14 19 0.143034447 4.313817291892593
3 25 15 20 0.176738727 4.459416599015528
3 25 16 21 0.248924255 4.879796131443867
3 25 17 22 0.351349862 4.859756799716388
3 25 18 23 0.812261773 6.826459617302045
3 25 19 24 2.56213851 9.489577876794698
3 59 6 18 0.450248321 5.196745239841147
3 59 7 19 0.299452194 4.867597439216988
3 59 8 20 0.191446738 4.0856537123868195
3 59 9 21 0.174544788 4.669701924962408
3 59 10 22 0.126142588 4.092012698034097
3 59 11 23 0.109679835 4.204914271113851
3 59 12 24 0.092202401 4.092033987764542
3 59 13 25 0.082116892 4.146347622529136
3 59 14 26 0.072450343 4.10021164977093
3 59 15 27 0.070467361 4.410886967529166
3 59 16 28 0.0596549 4.080785175651004
3 59 17 29 0.058218025 4.304393815818654
3 59 18 30 0.051709805 4.089687154949123
3 59 19 31 0.048420397 4.0564576933093655
3 59 20 32 0.047254974 4.154147913675939
3 59 21 33 0.044557115 4.072987151133151
3 59 22 34 0.044349417 4.178185274788203
3 59 23 35 0.044600722 4.29295559223832
3 59 24 36 0.042866273 4.17928178159703
3 59 25 37 0.043373501 4.246828347181168
3 59 26 38 0.041668273 4.06248180753926
3 59 27 39 0.043666592 4.203042729227322
3 59 28 40 0.044566505 4.198637265959433
3 59 29 41 0.043678187 3.992643923103886
3 59 30 42 0.046713619 4.106557817788721
3 59 31 43 0.050545012 4.23444902332821
3 59 32 44 0.050499709 3.9939816293248183
3 59 33 45 0.054689719 4.043525836756913
3 59 34 46 0.05879725 4.0221163084515394
3 59 35 47 0.063660859 3.9848356646250993
3 59 36 48 0.070018589 3.9625904092451676
3 59 37 49 0.078958775 3.9868840749484646
3 59 38 50 0.085917412 3.813099943511982
3 59 39 51 0.102880923 3.9442570400298758
3 59 40 52 0.119473921 3.8756839348810765
3 59 41 53 0.156309983 4.1818551952748155
3 59 42 54 0.193453751 4.128485260210103
3 59 43 55 0.252994674 4.112430137339173
3 59 44 56 0.320005263 3.6934859046800623
4 16 5 8 2.16506777 8.674709682123643
4 16 6 9 0.651837797 5.972775766963118
4 16 7 10 0.398369394 5.631814627224392
4 16 8 11 0.240906656 4.155148286143833
4 16 9 12 0.311991513 5.381217032597768
4 16 10 13 0.317251109 4.485031890199275
4 16 11 14 0.552391471 5.061551212664506
4 16 12 15 0.854014113 3.4217517794887935
4 26 5 10 2.24557883 8.317112873716777
4 26 6 11 0.729999387 6.135105087619022
4 26 7 12 0.3970527 5.491903562127345
4 26 8 13 0.205637517 4.03122291130819
4 26 9 14 0.193448901 4.881042513001192
4 26 10 15 0.123305312 3.718800598346853
4 26 11 16 0.121755434 4.119295136805008
4 26 12 17 0.105110102 3.7627067654954187
4 26 13 18 0.114785191 4.109053331090706
4 26 14 19 0.117829267 3.986462949377675
4 26 15 20 0.137110286 4.1351488054002745
4 26 16 21 0.163458058 4.124322888712686
4 26 17 22 0.201443512 3.9490055742541688
4 26 18 23 0.329508448 4.557653478548951
4 26 19 24 0.577485798 4.853341140322808
4 26 20 25 1.11174859 4.117663734042894
4 60 7 19 0.456936535 5.273940295650225
4 60 8 20 0.252414221 4.1029948698975
4 60 9 21 0.223232939 4.764001181113727
4 60 10 22 0.153043696 4.094470250320861
4 60 11 23 0.12952201 4.201639731657473
4 60 12 24 0.106275764 4.0744087253334
4 60 13 25 0.092957505 4.125546252074199
4 60 14 26 0.080453621 4.0623636870865765
4 60 15 27 0.07760912 4.392164409110805
4 60 16 28 0.064009887 4.006682985635216
4 60 17 29 0.062413074 4.269462309818793
4 60 18 30 0.055028296 4.068558783940856
4 60 19 31 0.050888276 4.024713082841944
4 60 20 32 0.049208482 4.122480147880148
4 60 21 33 0.045983936 4.042411954284599
4 60 22 34 0.045298072 4.140718384193059
4 60 23 35 0.045043726 4.243596543665828
4 60 24 36 0.043160187 4.154299702675253
4 60 25 37 0.043343816 4.225840220671712
4 60 26 38 0.041346271 4.04833623490607
4 60 27 39 0.043014707 4.193753473875235
4 60 28 40 0.043945126 4.22985247667779
4 60 29 41 0.042473641 4.001467288574289
4 60 30 42 0.044933554 4.107397619813302
4 60 31 43 0.048178331 4.235319507488012
4 60 32 44 0.047800513 4.00452641276329
4 60 33 45 0.051257352 4.053903008744777
4 60 34 46 0.054762366 4.048897047778548
4 60 35 47 0.058344045 3.9911141234586727
4 60 36 48 0.0633868 3.967681009558137
4 60 37 49 0.070480616 3.988738090670343
4 60 38 50 0.075949797 3.834951038119179
4 60 39 51 0.089021775 3.950874651855626
4 60 40 52 0.101478711 3.890498924420684
4 60 41 53 0.128175898 4.157972422429792
4 60 42 54 0.153166749 4.097762361403389
4 60 43 55 0.190916286 4.0743333670746775
4 60 44 56 0.229501943 3.7305556360095435
4 60 45 57 0.399375713 4.609575957621203
5 17 6 9 1.9282635 7.725913380132033
5 17 7 10 0.725525917 6.647978431605578
5 17 8 11 0.29714552 4.200795822056044
5 17 9 12 0.327562943 5.6497924291916615
5 17 10 13 0.270128478 4.659165093389292
5 17 11 14 0.38743486 5.4772312946426664
5 17 12 15 0.472825838 4.332493022340693
5 17 13 16 3.2209262 12.905184807469428
5 27 6 11 2.06371999 7.643549122956266
5 27 7 12 0.759315147 6.381482374403536
5 27 8 13 0.29640763 4.09981375026218
5 27 9 14 0.260790457 5.112415675146153
5 27 10 15 0.151749819 3.8289042431894504
5 27 11 16 0.139363727 4.203110984832896
5 27 12 17 0.113293242 3.8329977190461406
5 27 13 18 0.117303379 4.1991988341784054
5 27 14 19 0.113519016 4.063727095570536
5 27 15 20 0.127800908 4.323828855175895
5 27 16 21 0.140792958 4.246215576287771
5 27 17 22 0.164535163 4.151500067124086
5 27 18 23 0.241261912 4.729587098060615
5 27 19 24 0.371737835 5.141756598592599
5 27 20 25 0.58321479 4.901489082077352
5 27 21 26 2.04087513 7.558936961198285
5 61 8 20 0.357727644 4.128875876733338
5 61 9 21 0.302219714 4.912583495538825
5 61 10 22 0.192202636 4.101785287686294
5 61 11 23 0.15731789 4.2088203387890575
5 61 12 24 0.125017289 4.0555084700006185
5 61 13 25 0.107166126 4.108543494776273
5 61 14 26 0.090688579 4.02484906624145
5 61 15 27 0.08683021 4.384338301517861
5 61 16 28 0.070075371 3.9658038960039157
5 61 17 29 0.067426571 4.220549472387366
5 61 18 30 0.058791432 4.021718319214248
5 61 19 31 0.053998746 3.9924382241472856
5 61 20 32 0.051718234 4.090353797823314
5 61 21 33 0.047849656 4.008643407103966
5 61 22 34 0.046807059 4.114772055321765
5 61 23 35 0.04592978 4.198463114013831
5 61 24 36 0.043732632 4.120077588621545
5 61 25 37 0.043590502 4.195718834537604
5 61 26 38 0.04124025 4.020751360714446
5 61 27 39 0.042524105 4.163661461234325
5 61 28 40 0.043282672 4.219878937187748
5 61 29 41 0.041369964 3.981985276034275
5 61 30 42 0.043368047 4.085729816284229
5 61 31 43 0.04605653 4.210049392016931
5 61 32 44 0.045337505 3.985584709178392
5 61 33 45 0.048083855 4.028263616647381
5 61 34 46 0.050870112 4.023276506597216
5 61 35 47 0.053438281 3.95099981946106
5 61 36 48 0.057399209 3.9264811638489614
5 61 37 49 0.062902904 3.937391659570425
5 61 38 50 0.067050912 3.7946394609914478
5 61 39 51 0.076733743 3.874535008653417
5 61 40 52 0.085893237 3.8120270330391386
5 61 41 53 0.104995082 4.025309836567214
5 61 42 54 0.12133576 3.9360812118871196
5 61 43 55 0.144714048 3.8716221564559254
5 61 44 56 0.166711277 3.5577756763439727
5 61 45 57 0.245329536 3.98783326729572
5 61 46 58 0.394794962 4.556705142020433
6 18 7 10 2.43617983 9.760965939045562
6 18 8 11 0.483114623 4.426768938837591
6 18 9 12 0.422722752 5.976102114848082
6 18 10 13 0.250336473 4.317793389424831
6 18 11 14 0.268064128 4.623559267851201
6 18 12 15 0.244349711 3.454412656429758
6 18 13 16 0.704818204 6.45823410109136
6 18 14 17 1.82366986 7.306841296491642
6 28 7 12 2.53398707 9.385311350538895
6 28 8 13 0.533949097 4.487447359369197
6 28 9 14 0.41960555 5.803847234217029
6 28 10 15 0.211500568 4.146159455311338
6 28 11 16 0.176400644 4.450886193893593
6 28 12 17 0.131603897 3.969080025590281
6 28 13 18 0.128495978 4.347344836160687
6 28 14 19 0.116149705 4.157899883055932
6 28 15 20 0.126234285 4.518905311375084
6 28 16 21 0.128200334 4.337342449807848
6 28 17 22 0.142515007 4.298151350567978
6 28 18 23 0.19008414 4.7961439097928515
6 28 19 24 0.267636421 5.246620791651188
6 28 20 25 0.377884476 5.226774933949638
6 28 21 26 0.869526446 7.307726852480064
6 28 22 27 2.63314071 9.752553864897601
6 62 9 21 0.477308397 5.509071382069536
6 62 10 22 0.266728702 4.335676855387712
6 62 11 23 0.206445967 4.405751387003715
6 62 12 24 0.15638982 4.183991122659729
6 62 13 25 0.130327419 4.227766862132321
6 62 14 26 0.106824348 4.0954403825245755
6 62 15 27 0.101150669 4.489166995045186
6 62 16 28 0.080265385 4.052859042280068
6 62 17 29 0.075609929 4.2790233819065975
6 62 18 30 0.064517044 4.038428352143139
6 62 19 31 0.058884299 4.028071029166108
6 62 20 32 0.055818443 4.126978901428313
6 62 21 33 0.051108294 4.042114130640472
6 62 22 34 0.049672757 4.161375159326691
6 62 23 35 0.048134264 4.231445611882611
6 62 24 36 0.045392563 4.1493558516075835
6 62 25 37 0.044959533 4.235664670449992
6 62 26 38 0.042217723 4.063584666732936
6 62 27 39 0.043221794 4.213943587587841
6 62 28 40 0.043373448 4.2468231577937035
6 62 29 41 0.04143288 4.039531977578175
6 62 30 42 0.043147686 4.153096443278273
6 62 31 43 0.045529468 4.289358589912031
6 62 32 44 0.044566057 4.073804543621542
6 62 33 45 0.046952973 4.127599241274214
6 62 34 46 0.049267457 4.127420825926693
6 62 35 47 0.051240783 4.052592579775449
6 62 36 48 0.054742254 4.047410051810826
6 62 37 49 0.059476479 4.068580012758683
6 62 38 50 0.062953058 3.9405310367491655
6 62 39 51 0.071195345 4.029187038886214
6 62 40 52 0.078790922 3.978408633775114
6 62 41 53 0.094879994 4.210868220306929
6 62 42 54 0.107938735 4.138163840303699
6 62 43 55 0.126206453 4.094084451873172
6 62 44 56 0.143030737 3.826587522611628
6 62 45 57 0.199265022 4.25250325697971
6 62 46 58 0.293705571 4.774186043476987
6 62 47 59 0.446287619 5.151031001042399
7 19 8 11 0.996006191 3.990667021255778
7 19 9 12 0.673619988 6.172365516368464
7 19 10 13 0.298595868 4.221299633854813
7 19 11 14 0.262718149 4.531352037679815
7 19 12 15 0.201283051 3.4717219452519057
7 19 13 16 0.395668906 5.593637377545809
7 19 14 17 0.678201868 6.214349184632384
7 19 15 18 2.98049355 11.94185078820515
7 29 8 13 1.09118227 4.041490765830072
7 29 9 14 0.707435583 5.945472998631475
7 29 10 15 0.294167041 4.068822653336348
7 29 11 16 0.222300042 4.357867355960989
7 29 12 17 0.155546772 3.9247077805425388
7 29 13 18 0.139325531 4.201959020612129
7 29 14 19 0.116599059 3.944841892598734
7 29 15 20 0.121592729 4.352747978908355
7 29 16 21 0.111749074 4.000367127201991
7 29 17 22 0.1162921 3.9344566910980063
7 29 18 23 0.137108958 4.135108753863853
7 29 19 24 0.172671131 4.356784281648609
7 29 20 25 0.2168788 4.251591831548067
7 29 21 26 0.364576128 5.042698201094703
7 29 22 27 0.667508919 5.609918909408582
7 29 23 28 1.59399632 5.903799562328955
7 63 10 22 0.365820021 4.222277716767628
7 63 11 23 0.266110572 4.3256291480561595
7 63 12 24 0.191708326 4.091236246696262
7 63 13 25 0.155343247 4.155991524340507
7 63 14 26 0.123447903 4.004598245769949
7 63 15 27 0.11565206 4.43387790998879
7 63 16 28 0.089837456 3.9870753834957244
7 63 17 29 0.083621648 4.222327622637841
7 63 18 30 0.07018328 3.9719108338125486
7 63 19 31 0.06342433 3.970030190590919
7 63 20 32 0.059448698 4.066679610730275
7 63 21 33 0.054001113 3.9926132300868042
7 63 22 34 0.052412863 4.145291450339219
7 63 23 35 0.050134695 4.200074386719064
7 63 24 36 0.046728398 4.10785702815367
7 63 25 37 0.0458723 4.193208839776211
7 63 26 38 0.042652841 4.0183498284562
7 63 27 39 0.043359182 4.17345357866133
7 63 28 40 0.043264356 4.218093204028447
7 63 29 41 0.040872056 4.001904435345815
7 63 30 42 0.042289073 4.1230072031111
7 63 31 43 0.044283542 4.262426049359033
7 63 32 44 0.043078301 4.058432671191459
7 63 33 45 0.044968409 4.110583732001058
7 63 34 46 0.04662808 4.099038151004269
7 63 35 47 0.047918867 4.014441614281235
7 63 36 48 0.050973513 4.031454409057086
7 63 37 49 0.054843923 4.054927026405214
7 63 38 50 0.057596726 3.9399926179883376
7 63 39 51 0.064205166 4.018906426160144
7 63 40 52 0.070129916 3.9688907833142597
7 63 41 53 0.082907531 4.18626954429316
7 63 42 54 0.092595353 4.1094735871905925
7 63 43 55 0.105888621 4.059566406089741
7 63 44 56 0.117883333 3.82408592665454
7 63 45 57 0.156012407 4.1738939651748215
7 63 46 58 0.213970529 4.566332627460184
7 63 47 59 0.296096282 4.813047066954771
7 63 48 60 0.455295477 5.254999280321479
8 20 9 12 2.5207591 10.099847069023284
8 20 10 13 0.537651627 4.926490337923583
8 20 11 14 0.354108466 5.006090499117991
8 20 12 15 0.216507573 3.7343138866537204
8 20 13 16 0.287370916 4.956561968570031
8 20 14 17 0.339709356 4.802527877243949
8 20 15 18 0.790641919 7.244634962689065
8 20 16 19 1.90524299 7.633677818847767
8 30 9 14 2.61336983 9.679327025395953
8 30 10 15 0.573574523 4.820469765936877
8 30 11 16 0.356030674 4.924500266002975
8 30 12 17 0.218224383 4.277970019233861
8 30 13 18 0.178139629 4.494763722639395
8 30 14 19 0.1365059 4.116920953071963
8 30 15 20 0.136832009 4.629373907311267
8 30 16 21 0.11531412 4.127987807310382
8 30 17 22 0.11441078 4.095650253974713
8 30 18 23 0.123961465 4.193930760623992
8 30 19 24 0.146044421 4.404595969069197
8 30 20 25 0.172338011 4.348379101399325
8 30 21 26 0.254148763 4.982214973380735
8 30 22 27 0.390258435 5.397927502638171
8 30 23 28 0.679495211 5.71065483102777
8 30 24 29 3.08945011 11.442620022645436
8 64 11 23 0.417372503 4.817294073165094
8 64 12 24 0.269547787 4.381501101133378
8 64 13 25 0.206688163 4.410920077767854
8 64 14 26 0.15538689 4.157159131826508
8 64 15 27 0.143090782 4.641805009705594
8 64 16 28 0.107051314 4.104141823153635
8 64 17 29 0.097680817 4.3351715224488405
8 64 18 30 0.080090269 4.044016868732307
8 64 19 31 0.071305923 4.035445024494486
8 64 20 32 0.065887451 4.124208638090144
8 64 21 33 0.059011299 4.036758659474896
8 64 22 34 0.056885374 4.205863253796934
8 64 23 35 0.053506353 4.231774700606074
8 64 24 36 0.049247903 4.125782673853405
8 64 25 37 0.047968039 4.216832901759211
8 64 26 38 0.044239644 4.043966975480903
8 64 27 39 0.044577212 4.199645978875257
8 64 28 40 0.044158509 4.250391241569052
8 64 29 41 0.041260984 4.022772838729566
8 64 30 42 0.042372929 4.148859369924852
8 64 31 43 0.04393843 4.283812591101082
8 64 32 44 0.042389338 4.080103134168552
8 64 33 45 0.043859649 4.132043936658268
8 64 34 46 0.044896179 4.1039811532226445
8 64 35 47 0.045547558 4.004050304603571
8 64 36 48 0.048090231 4.028797771174295
8 64 37 49 0.051175162 4.047402667324707
8 64 38 50 0.053337905 3.943578443801947
8 64 39 51 0.058610065 4.0093116306613785
8 64 40 52 0.063133514 3.9518266352690596
8 64 41 53 0.073445538 4.156533124091539
8 64 42 54 0.080591122 4.069306557555242
8 64 43 55 0.090323747 4.008657460300254
8 64 44 56 0.099050044 3.797388495068896
8 64 45 57 0.125654814 4.076189513862777
8 64 46 58 0.163234464 4.367110009386283
8 64 47 59 0.211308279 4.509517704889909
8 64 48 60 0.293175639 4.76557199523208
8 64 49 61 0.437009372 5.043941904465133
9 21 10 13 0.911065217 3.6503366631133107
9 21 11 14 0.454182104 4.161660887178536
9 21 12 15 0.233721924 3.3041658573957307
9 21 13 16 0.244227227 4.2124213608224705
9 21 14 17 0.228071068 3.9337605820205876
9 21 15 18 0.396581872 5.606544130299406
9 21 16 19 0.570045477 5.223314491369594
9 21 17 20 1.1754683 4.709712270595307
9 31 10 15 0.976240902 3.615774100378867
9 31 11 16 0.483528973 4.063703497690061
9 31 12 17 0.263970252 3.6511505078657143
9 31 13 18 0.202249414 3.9648041048631
9 31 14 19 0.146401436 3.6939555065263616
9 31 15 20 0.143257735 4.320551499320766
9 31 16 21 0.114638924 3.8785255541182577
9 31 17 22 0.110003147 3.9378668421679115
9 31 18 23 0.11241428 4.024180015487915
9 31 19 24 0.126064206 4.2650718217717065
9 31 20 25 0.141919781 4.280199757331252
9 31 21 26 0.190982403 4.818808602474957
9 31 22 27 0.262946032 5.154672571911947
9 31 23 28 0.385541468 5.332683952173114
9 31 24 29 1.0593987 8.9034627561776
9 31 25 30 2.85033066 10.556976005440717
10 22 11 14 2.43729662 9.76544054679694
10 22 12 15 0.635690104 5.824814802001217
10 22 13 16 0.407611603 5.762473278762429
10 22 14 17 0.260652238 4.495719288076683
10 22 15 18 0.362903704 6.259348449512531
10 22 16 19 0.405284332 5.729572260118123
10 22 17 20 0.643037301 5.892137010683609
10 22 18 21 3.08713095 12.369111541459306
10 32 11 16 2.5312508 9.375176829256931
10 32 12 17 0.720278052 6.0534044548800665
10 32 13 18 0.407592659 5.637688840446259
10 32 14 19 0.228846476 4.486200624681438
10 32 15 20 0.207018699 5.223431436321249
10 32 16 21 0.142371496 4.293823160776208
10 32 17 22 0.127041373 4.298131859740495
10 32 18 23 0.114508291 4.099140929870073
10 32 19 24 0.117482654 4.205616478558431
10 32 20 25 0.122576402 4.147070566441048
10 32 21 26 0.146375107 4.414569223868349
10 32 22 27 0.17932833 4.524756656619656
10 32 23 28 0.221140146 4.335129290465214
10 32 24 29 0.41158364 5.692890789130357
10 32 25 30 0.660916354 5.554513275113222
10 32 26 31 1.29704774 4.803969609999953
11 23 12 15 1.65237408 6.6205158235144514
11 23 13 16 0.696012284 6.377545644816071
11 23 14 17 0.305383981 4.3172643205512315
11 23 15 18 0.339617772 5.85771363357344
11 23 16 19 0.276761282 4.773567429258866
11 23 17 20 0.340206665 4.8095584175982875
11 23 18 21 0.733043665 6.716863395446567
11 23 19 22 1.78293547 7.143632083262995
11 33 12 17 1.80077512 6.669661172937257
11 33 13 18 0.742666198 6.2415602682587945
11 33 14 19 0.32648559 4.515842291726635
11 33 15 20 0.277940216 5.4486116301100225
11 33 16 21 0.171512973 4.327561999146356
11 33 17 22 0.145558645 4.389945310065451
11 33 18 23 0.120361826 4.0721458435996425
11 33 19 24 0.116866174 4.183547872186109
11 33 20 25 0.115802971 4.145487580691053
11 33 21 26 0.128873362 4.360112694028189
11 33 22 27 0.148863851 4.489627974592179
11 33 23 28 0.170329709 4.297706249859345
11 33 24 29 0.275386812 5.3985558773622095
11 33 25 30 0.390080294 5.3954635143755025
11 33 26 31 0.589127128 4.951177911396222
11 33 27 32 1.55321819 5.752766650253855
12 24 13 16 2.53106521 10.141140239353021
12 24 14 17 0.541561167 4.962313369173753
12 24 15 18 0.473797316 6.698151752562742
12 24 16 19 0.276481091 4.768734706191875
12 24 17 20 0.277780846 4.7911528280085545
12 24 18 21 0.365989352 5.174052567908811
12 24 19 22 0.56101143 5.140535712281388
12 24 20 23 2.14240018 8.583888154424578
12 34 13 18 2.64332549 9.790275971876127
12 34 14 19 0.617166277 5.186826226649408
12 34 15 20 0.465938713 6.444712446629203
12 34 16 21 0.240686248 4.718302046870198
12 34 17 22 0.190850868 4.815489752258549
12 34 18 23 0.140270287 4.230452190298863
12 34 19 24 0.12626049 4.271712607320815
12 34 20 25 0.117626648 4.210771141979752
12 34 21 26 0.121330487 4.343360301331969
12 34 22 27 0.13227899 4.475333726858371
12 34 23 28 0.14023802 4.2294790405053915
12 34 24 29 0.20343626 5.133040449508492
12 34 25 30 0.263593972 5.167374488426301
12 34 26 31 0.35259374 4.876961714880173
12 34 27 32 0.686686957 5.771096138594873
12 34 28 33 2.30426203 8.534462089727553
13 25 14 17 1.13786676 4.559055350003506
13 25 15 18 0.761874536 6.9810400486596365
13 25 16 19 0.331426981 4.685438559199708
13 25 17 20 0.285609145 4.92617501341995
13 25 18 21 0.276645688 4.771573668609146
13 25 19 22 0.332273573 4.697406971634753
13 25 20 23 0.773680335 7.08921633193343
13 25 21 24 2.44717408 9.805016258506317
13 35 14 19 1.26521965 4.686085608980574
13 35 15 20 0.78958486 6.6358769308020715
13 35 16 21 0.331577255 4.58626854282796
13 35 17 22 0.245230277 4.807381092764576
13 35 18 23 0.162516504 4.100565890980834
13 35 19 24 0.135193551 4.077341439689442
13 35 20 25 0.117370884 3.970954689904885
13 35 21 26 0.11037876 3.951312948197835
13 35 22 27 0.112251815 4.018364131543134
13 35 23 28 0.107991579 3.6536290133103533
13 35 24 29 0.135725446 4.09338301496446
13 35 25 30 0.158345727 3.9953301427082315
13 35 26 31 0.184262304 3.612193107618756
13 35 27 32 0.278344477 3.8499701040561436
13 35 28 33 0.497221637 4.1787802142811366
13 35 29 34 1.31245691 4.861041668423433
14 26 15 18 2.59319648 10.390079666053571
14 26 16 19 0.547928152 5.020653916303176
14 26 17 20 0.385949895 5.456238096535896
14 26 18 21 0.254596382 4.391268128040931
14 26 19 22 0.230229672 3.970992096749111
14 26 20 23 0.337488947 4.7711375845333075
14 26 21 24 0.537550647 4.925565060347284
14 26 22 25 1.04443349 4.1846991736601336
14 36 15 20 2.68121316 9.930603278004202
14 36 16 21 0.597181174 5.018866212880396
14 36 17 22 0.392958989 5.435280685559021
14 36 18 23 0.222709719 4.365898474663108
14 36 19 24 0.170377263 4.298906117599421
14 36 20 25 0.137610477 4.150234210561796
14 36 21 26 0.120454272 4.0752735262476065
14 36 22 27 0.117126763 4.192876376056399
14 36 23 28 0.105985192 3.794033031960439
14 36 24 29 0.123895839 4.191710466598774
14 36 25 30 0.137795328 4.155809185380439
14 36 26 31 0.15119928 3.8150132143432063
14 36 27 32 0.210361358 4.123826908605906
14 36 28 33 0.32348841 4.474386274632841
14 36 29 34 0.590067511 4.959081135193875
14 36 30 35 3.63143458 13.45000713930772
15 27 16 19 0.916335355 3.6714523610920065
15 27 17 20 0.526699164 4.826133154133334
15 27 18 21 0.279051683 3.9450002277810134
15 27 19 22 0.220284481 3.799457843502812
15 27 20 23 0.268733836 4.635110364423712
15 27 21 24 0.353053121 4.991170910672478
15 27 22 25 0.540068064 4.948632098377515
15 27 23 26 1.92046969 7.6946861640585
15 37 16 21 0.993158217 3.6784319846158775
15 37 17 22 0.554537268 4.660475713770912
15 37 18 23 0.272023578 3.7625414888271145
15 37 19 24 0.194595939 3.8147689156562374
15 37 20 25 0.148746612 3.7531282580762406
15 37 21 26 0.123391091 3.7213876320386827
15 37 22 27 0.115944748 3.922704891959748
15 37 23 28 0.099288468 3.554305277710371
15 37 24 29 0.108524674 3.884940812663133
15 37 25 30 0.114814583 3.884468543606809
15 37 26 31 0.118140765 3.5630415303693885
15 37 27 32 0.150857601 3.8063920760675245
15 37 28 33 0.20182182 3.9564217495677974
15 37 29 34 0.28304695 3.915013178236241
15 37 30 35 0.88557982 7.442643591116793
15 37 31 36 2.09899512 7.774200175560388
16 28 17 20 3.16716524 12.68978244145838
16 28 18 21 0.698607634 6.401326781255429
16 28 19 22 0.378388451 5.349340700391708
16 28 20 23 0.303853081 5.240845685711038
16 28 21 24 0.301938404 5.207821414040151
16 28 22 25 0.382737048 5.41081754214051
16 28 23 26 0.808457189 7.407875899970743
16 28 24 27 2.48962084 9.975086371344762
16 38 17 22 3.27033046 12.11255966915849
16 38 18 23 0.739804818 6.217512485057559
16 38 19 24 0.399754463 5.529273467542228
16 38 20 25 0.243762513 4.77860772518305
16 38 21 26 0.173553752 4.3790543002509255
16 38 22 27 0.150929282 4.551919906010707
16 38 23 28 0.116434135 3.9392620953870345
16 38 24 29 0.115555575 4.136631356738796
16 38 25 30 0.114768821 4.108467321672209
16 38 26 31 0.110096073 3.724829382894148
16 38 27 32 0.131394027 3.9627504955082755
16 38 28 33 0.161189957 4.067094869594705
16 38 29 34 0.198200217 3.8854255169627203
16 38 30 35 0.44443907 6.147336390563682
16 38 31 36 0.722501766 6.0720931268402945
16 38 32 37 1.69426735 6.275180634920311
17 29 18 21 1.7742022 7.108640762032621
17 29 19 22 0.653142561 5.984731291537901
17 29 20 23 0.352779009 4.987295743567904
17 29 21 24 0.260148613 4.487032784389506
17 29 22 25 0.268182127 4.6255945098439195
17 29 23 26 0.357421371 5.052925590163174
17 29 24 27 0.605862933 5.5515090732358985
17 29 25 28 1.49613728 5.994526697241505
17 39 18 23 1.86114833 6.893269801327563
17 39 19 24 0.720043028 6.051429251936352
17 39 20 25 0.349854006 4.839066606966585
17 39 21 26 0.219362746 4.300285961742473
17 39 22 27 0.179990813 4.541472221662543
17 39 23 28 0.128786109 3.884097541620616
17 39 24 29 0.118143694 3.997100812259262
17 39 25 30 0.111186215 3.9802180328045753
17 39 26 31 0.100144513 3.584949775734629
17 39 27 32 0.112758008 3.8148893953285095
17 39 28 33 0.128583424 3.8779847060334847
17 39 29 34 0.143756192 3.62721153251298
17 39 30 35 0.264105036 5.177393151051685
17 39 31 36 0.361942368 5.006268891016247
17 39 32 37 0.601633081 5.0562811994840855
17 39 33 38 1.26216238 4.674762176760905
18 30 19 22 2.86582384 11.482407228346833
18 30 20 23 0.740558879 6.785725140299853
18 30 21 24 0.370693494 5.240555808677706
18 30 22 25 0.314622304 5.426592809657463
18 30 23 26 0.301268622 5.196269041118623
18 30 24 27 0.372771597 5.269934297709619
18 30 25 28 0.638196093 5.847777125512317
18 30 26 29 2.96528411 11.880911598099484
18 40 19 24 3.01953794 11.183681257562549
18 40 20 25 0.78777181 6.6206395861176865
18 40 21 26 0.374811665 5.184272813509091
18 40 22 27 0.278340407 5.45645678964917
18 40 23 28 0.176042424 4.441847698249685
18 40 24 29 0.143047986 4.314225618512787
18 40 25 30 0.125517453 4.246573781068787
18 40 26 31 0.104583536 3.7438568793952243
18 40 27 32 0.110867341 3.9688030561818657
18 40 28 33 0.118421504 4.006499829160273
18 40 29 34 0.122152082 3.684020000946219
18 40 30 35 0.197477538 4.982691828995235
18 40 31 36 0.246983773 4.841755818511178
18 40 32 37 0.355120626 4.911912778616775
18 40 33 38 0.546137251 4.589879781842018
18 40 34 39 2.28551046 8.465010542462386
19 31 20 23 1.91171809 7.659621400587343
19 31 21 24 0.581961288 5.332498812242157
19 31 22 25 0.416375536 5.886370462644519
19 31 23 26 0.301283983 5.196533987027065
19 31 24 27 0.289377874 4.991177899206927
19 31 25 28 0.382613434 5.409069990386246
19 31 26 29 0.996123491 9.127458204065304
19 31 27 30 2.72027554 10.899243382521055
19 41 20 25 2.01331599 7.456864179330029
19 41 21 26 0.627789649 5.276107813408972
19 41 22 27 0.419514238 5.802584236388114
19 41 23 28 0.23517704 4.610302077619634
19 41 24 29 0.174617422 4.405892490920222
19 41 25 30 0.143618488 4.331431553476547
19 41 26 31 0.111842365 3.783910870321161
19 41 27 32 0.113089994 4.048369066691956
19 41 28 33 0.11507623 4.119471876915378
19 41 29 34 0.111083219 3.7582270357423693
19 41 30 35 0.16433502 4.956227438971502
19 41 31 36 0.193468781 4.881544118979084
19 41 32 37 0.256248899 5.023385069594564
19 41 33 38 0.350378172 4.846316700272955
19 41 34 39 0.935189249 7.859574160747223
19 41 35 40 2.6222829 9.712339007986357
20 32 21 24 1.18175358 4.734895306445893
20 32 22 25 0.650732255 5.9626457093056
20 32 23 26 0.346621011 4.900239097818611
20 32 24 27 0.253083157 4.3651680842741865
20 32 25 28 0.255624426 4.408999789488593
20 32 26 29 0.392760047 5.55251435225453
20 32 27 30 0.607811416 5.569362981214695
20 32 28 31 1.21170393 4.854896442081473
20 42 21 26 1.2765849 4.728179908154212
20 42 22 27 0.694686843 5.838329265324845
20 42 23 28 0.329219053 4.553650661211701
20 42 24 29 0.217659087 4.266888217527071
20 42 25 30 0.167931944 4.237206589015129
20 42 26 31 0.121341906 3.659585668436957
20 42 27 32 0.116756225 3.950159216994055
20 42 28 33 0.112430335 4.0247547486103326
20 42 29 34 0.10107237 3.61816498288296
20 42 30 35 0.135537221 4.585567945340046
20 42 31 36 0.150140213 4.5281221456243825
20 42 32 37 0.182508885 4.605007431318751
20 42 33 38 0.225999171 4.430383372465335
20 42 34 39 0.441928615 6.1126125950648476
20 42 35 40 0.799190339 6.716603879524724
20 42 36 41 2.08411635 7.719092598013413
21 33 22 25 3.13569671 12.56369846124505
21 33 23 26 0.763531124 6.996219329007876
21 33 24 27 0.369042279 5.217212306566967
21 33 25 28 0.28082364 4.843634816194836
21 33 26 29 0.300980066 5.19129203886902
21 33 27 30 0.381380528 5.391640192441495
21 33 28 31 0.554933047 5.084839619094081
21 33 29 32 1.40612792 5.6338889945825485
21 43 22 27 3.25152698 12.042915859068476
21 43 23 28 0.783319526 6.58322143110775
21 43 24 29 0.376360613 5.2056973575022445
21 43 25 30 0.248416904 4.869850256755664
21 43 26 31 0.154654919 3.9022048229871085
21 43 27 32 0.137811005 4.15628199256153
21 43 28 33 0.123671101 4.184107010062656
21 43 29 34 0.100720908 3.605583428683588
21 43 30 35 0.121374373 4.344931322061361
21 43 31 36 0.124816413 4.222855819842467
21 43 32 37 0.137468894 4.145964167880132
21 43 33 38 0.154247153 3.8919161980785777
21 43 34 39 0.22986161 4.506100842786328
21 43 35 40 0.30831356 4.264492694335444
21 43 36 41 0.501747674 4.216818208723249
21 43 37 42 1.59268196 5.89893147204833
22 34 23 26 1.83390959 7.347868504140358
22 34 24 27 0.573898357 5.25861834825382
22 34 25 28 0.344985748 4.877121111794919
22 34 26 29 0.269408778 4.646751736817119
22 34 27 30 0.289910854 5.000370716750121
22 34 28 31 0.35347481 4.997132398462726
22 34 29 32 0.603140058 5.526559427954022
22 34 30 33 2.16532866 8.675754981970755
22 44 23 28 1.88951652 6.998339120249242
22 44 24 29 0.618015612 5.193964259327773
22 44 25 30 0.353026854 4.882952406592904
22 44 26 31 0.193355752 3.790456862478185
22 44 27 32 0.163302329 4.120393583011915
22 44 28 33 0.140172541 4.2275042403898935
22 44 29 34 0.107883411 3.6499694155271616
22 44 30 35 0.122326912 4.379030089653635
22 44 31 36 0.121593658 4.3527812350323485
22 44 32 37 0.127807267 4.324043996274033
22 44 33 38 0.137860007 4.157759858064358
22 44 34 39 0.188899577 4.766255384541792
22 44 35 40 0.231440182 4.5370464392241106
22 44 36 41 0.333809525 4.617144574056636
22 44 37 42 0.715901194 6.016620199630294
22 44 38 43 2.38668436 8.839735640032947
23 35 24 27 2.08070843 8.336709738835236
23 35 25 28 0.733807699 6.723864222617588
23 35 26 29 0.321116277 4.539674415470882
23 35 27 30 0.266522647 4.596971865736112
23 35 28 31 0.250986601 4.329006770947067
23 35 29 32 0.26679433 3.7717159821633577
23 35 30 33 0.455232863 4.1712889693808926
23 35 31 34 1.26236762 5.057889072734836
23 45 24 29 2.1993467 8.145879587017888
23 45 25 30 0.808578943 6.795508154229328
23 45 26 31 0.318163805 4.4007380733577435
23 45 27 32 0.240366521 4.7120342664254276
23 45 28 33 0.18979178 4.788767173188382
23 45 29 34 0.130390542 3.9324861009099954
23 45 30 35 0.133962699 4.532297872668033
23 45 31 36 0.12487063 4.470089509690279
23 45 32 37 0.121066783 4.333920287422666
23 45 33 38 0.123012883 4.161837825704465
23 45 34 39 0.151817596 4.5787108250809245
23 45 35 40 0.166742108 4.20718501706782
23 45 36 41 0.217028866 4.2545336561053455
23 45 37 42 0.363832198 5.032408403753007
23 45 38 43 0.755485347 6.3492957371501495
23 45 39 44 1.62828073 6.03078121354927
24 36 25 28 2.37981789 9.53514230738101
24 36 26 29 0.526093562 4.820584035983585
24 36 27 30 0.358609575 5.069723428471321
24 36 28 31 0.285930466 4.931717145068036
24 36 29 32 0.237895441 4.1032109712758675
24 36 30 33 0.3167429 4.477847254725279
24 36 31 34 0.571068201 5.232685689467656
24 36 32 35 3.55309894 14.236090991443307
24 46 25 30 2.5145729 9.313405683687057
24 46 26 31 0.557714376 4.687176957363483
24 46 27 32 0.367120322 5.077888663447291
24 46 28 33 0.263896478 5.173304676340446
24 46 29 34 0.162690983 4.104968290850896
24 46 30 35 0.153466966 4.628454652361418
24 46 31 36 0.135191962 4.5738869577002
24 46 32 37 0.122042977 4.3688658511538865
24 46 33 38 0.117721532 4.214167777145583
24 46 34 39 0.133884453 4.529650612035095
24 46 35 40 0.134168903 4.046438784048013
24 46 36 41 0.162373465 4.0969567754138385
24 46 37 42 0.235660224 4.619774193601162
24 46 38 43 0.397732522 5.501306638503384
24 46 39 44 0.592121553 4.976343839449246
24 46 40 45 2.41558975 8.946794625483395
25 37 26 29 1.01687792 4.074293128552623
25 37 27 30 0.53226043 4.877090915329921
25 37 28 31 0.358051659 5.061836076840181
25 37 29 32 0.228858056 3.9473345193028178
25 37 30 33 0.236061675 4.071582249269578
25 37 31 34 0.299669738 4.236481113317911
25 37 32 35 0.860203619 7.882027329288447
25 37 33 36 2.01976352 8.092523663840847
25 47 26 31 1.09117196 4.041452579936714
25 47 27 32 0.579395622 4.869391798922686
25 47 28 33 0.374899674 5.185490125318328
25 47 29 34 0.205718554 4.032811523229933
25 47 30 35 0.178873129 4.513271166542043
25 47 31 36 0.14871741 4.485211418082249
25 47 32 37 0.124859606 4.2243171485815525
25 47 33 38 0.11439979 4.095256836533706
25 47 34 39 0.120089257 4.298927041068024
25 47 35 40 0.109905625 3.7183860440267082
25 47 36 41 0.12400661 3.7399512477367143
25 47 37 42 0.159111335 4.014647725682217
25 47 38 43 0.230846882 4.5254156600347315
25 47 39 44 0.280695302 3.8824859494122843
25 47 40 45 0.578098007 4.858486304301674
25 47 41 46 1.53361884 5.680175118830538
26 38 27 30 1.92575774 7.715873629490381
26 38 28 31 0.79626883 7.296194227614075
26 38 29 32 0.337419168 4.770151107161321
26 38 30 33 0.267995726 4.622379472914074
26 38 31 34 0.262855479 4.533720699980852
26 38 32 35 0.457051617 6.461415010253425
26 38 33 36 0.691395932 6.335246110354783
26 38 34 37 1.61828522 6.483933048604566
26 48 27 32 2.042007 7.563129150055166
26 48 28 33 0.858830468 7.217835065975234
26 48 29 34 0.350331014 4.845664426183942
26 48 30 35 0.261446256 5.125271655866894
26 48 31 36 0.198188979 5.000642687069596
26 48 32 37 0.149854122 4.519493844339345
26 48 33 38 0.129243909 4.3726492388452165
26 48 34 39 0.125841043 4.5048281265401116
26 48 35 40 0.105669138 3.7827190050359674
26 48 36 41 0.113192764 3.829598293466861
26 48 37 42 0.134182804 4.046858028330997
26 48 38 43 0.180049003 4.542940453647132
26 48 39 44 0.201569054 3.951466641641651
26 48 40 45 0.33707557 4.662319444217619
26 48 41 46 0.629001564 5.286293062896396
26 48 42 47 2.6325971 9.750540457187803
27 39 28 31 2.47207888 9.904801545916214
27 39 29 32 0.598142745 5.480769156012596
27 39 30 33 0.360688888 5.099119023475233
27 39 31 34 0.277066074 4.778824469381619
27 39 32 35 0.319670835 5.513669668721888
27 39 33 36 0.372925196 5.272105752414613
27 39 34 37 0.579968776 5.31424146747977
27 39 35 38 1.10712073 4.43586618806431
27 49 28 33 2.59972958 9.628806644031423
27 49 29 34 0.648219119 5.447802403248894
27 49 30 35 0.396354996 5.482253147754365
27 49 31 36 0.268032241 5.254380264125046
27 49 32 37 0.18028818 4.54897529333398
27 49 33 38 0.146438052 4.416467600344319
27 49 34 39 0.132767543 4.4918627139504075
27 49 35 40 0.10230569 3.6623150828231243
27 49 36 41 0.10402675 3.7239251848266743
27 49 37 42 0.113827361 3.8510683194858313
27 49 38 43 0.14130702 4.261719320953591
27 49 39 44 0.146303807 3.691492161958166
27 49 40 45 0.206200124 4.042251999100874
27 49 41 46 0.305744138 4.228953286507696
27 49 42 47 0.661699062 5.5610913571204605
27 49 43 48 1.76139515 6.523806727269197
28 40 29 32 1.45931298 5.84698391997896
28 40 30 33 0.616154993 5.645814998487622
28 40 31 34 0.371657602 5.2541855644230075
28 40 32 35 0.302875902 5.223991341731826
28 40 33 36 0.294741903 5.083696455050299
28 40 34 37 0.367625016 5.197176222936447
28 40 35 38 0.455168951 4.170703345094337
28 40 36 39 2.15864861 8.64899023344186
28 50 29 34 1.55189152 5.74785296653509
28 50 30 35 0.690121022 5.799956915778943
28 50 31 36 0.399151738 5.520936771747229
28 50 32 37 0.23202666 4.548543483076172
28 50 33 38 0.177522059 4.47918138844586
28 50 34 39 0.15106241 4.5559349518998635
28 50 35 40 0.108066324 3.656157826233812
28 50 36 41 0.105451523 3.7749288743330855
28 50 37 42 0.108909702 3.8987239546536636
28 50 38 43 0.128817949 4.358237931695891
28 50 39 44 0.12757859 3.8476796265537025
28 50 40 45 0.166455767 4.199960149999615
28 50 41 46 0.225342877 4.417517687993206
28 50 42 47 0.389432744 5.386506813787254
28 50 43 48 0.687165156 5.775115047610471
28 50 44 49 2.06589426 7.6516021241541505
29 41 30 33 2.9548445 11.83908353747273
29 41 31 34 0.985131435 9.026738230464415
29 41 32 35 0.440462617 6.226893547866619
29 41 33 36 0.33620739 5.7988915023891705
29 41 34 37 0.332575084 5.736241635003814
29 41 35 38 0.309055551 4.369169918577365
29 41 36 39 0.866084777 7.9359162540267
29 41 37 40 2.52212386 10.105315210459697
29 51 30 35 3.11990512 11.555418447869355
29 51 31 36 1.07033834 8.995402341629223
29 51 32 37 0.417507569 5.7748286446767105
29 51 33 38 0.278138245 5.4524936991679915
29 51 34 39 0.209156469 5.2773709841764145
29 51 35 40 0.130051398 3.922257758840469
29 51 36 41 0.118210306 3.9993544651652417
29 51 37 42 0.110756264 3.964826747802002
29 51 38 43 0.121151047 4.336936750320664
29 51 39 44 0.112375824 3.801959141286914
29 51 40 45 0.133427791 4.024087372707015
29 51 41 46 0.164762124 4.157226676497759
29 51 42 47 0.24075261 4.719602976869466
29 51 43 48 0.343685543 4.7537464368165
29 51 44 49 0.659452307 5.542209042591704
29 51 45 50 1.38376497 5.125150492350032
30 42 31 34 2.68778569 10.769067311235425
30 42 32 35 0.64551422 5.914832966407592
30 42 33 36 0.400842822 5.666781891777317
30 42 34 37 0.321994657 5.553750856850636
30 42 35 38 0.227253343 3.9196564942020804
30 42 36 39 0.420288049 5.9416823120849545
30 42 37 40 0.753334967 6.902792160890236
30 42 38 41 1.99208531 7.981626240860478
30 52 31 36 2.83101598 10.485438826904117
30 52 32 37 0.665559219 5.593533122512941
30 52 33 38 0.3924968 5.42888783792072
30 52 34 39 0.269775847 5.288561110879262
30 52 35 40 0.151838392 3.8311390895818005
30 52 36 41 0.131836397 3.9760920603930936
30 52 37 42 0.115379428 3.9035786825559144
30 52 38 43 0.11992907 4.293192704432669
30 52 39 44 0.106334095 3.8065229796783244
30 52 40 45 0.11889787 4.022616499132795
30 52 41 46 0.138691797 4.182846053456321
30 52 42 47 0.184112747 4.64547557854791
30 52 43 48 0.235911725 4.624704503051538
30 52 44 49 0.385159507 5.327400792087579
30 52 45 50 0.601263655 5.053176447106946
30 52 46 51 2.7826878 10.306442248083812
31 43 32 35 1.26066058 5.05104952867023
31 43 33 36 0.573617583 5.2560456221079725
31 43 34 37 0.373787124 5.284290972441869
31 43 35 38 0.199221806 3.4361696746285797
31 43 36 39 0.249605883 4.305192202571887
31 43 37 40 0.303861695 4.29574350923705
31 43 38 41 0.471385884 4.31929875469263
31 43 39 42 1.49237457 5.979450764136638
31 53 32 37 1.32430571 4.90492692673703
31 53 33 38 0.606818599 5.09986164411224
31 53 34 39 0.370273772 5.121506156258675
31 53 35 40 0.184756304 3.6218772554690064
31 53 36 41 0.151761306 3.829194079601325
31 53 37 42 0.12306745 3.711626849433878
31 53 38 43 0.120245459 4.068208852851578
31 53 39 44 0.101062771 3.617821360133531
31 53 40 45 0.105398447 3.7730288721402854
31 53 41 46 0.115052255 3.892509590167037
31 53 42 47 0.137279156 4.140241804613828
31 53 43 48 0.157271953 3.9682370110529868
31 53 44 49 0.223301062 4.377490889728311
31 53 45 50 0.285023688 3.9423547741090115
31 53 46 51 0.640637674 5.384085963729469
31 53 47 52 1.57647034 5.838887321469211
32 44 33 36 1.48773796 5.96087340308746
32 44 34 37 0.674083224 6.176610137910692
32 44 35 38 0.261435708 3.695960248374816
32 44 36 39 0.262100349 4.520696248197686
32 44 37 40 0.258575462 4.459899139391772
32 44 38 41 0.330970199 4.678980955809994
32 44 39 42 0.656215228 6.012886073420774
32 44 40 43 2.26865284 9.0897407597201
32 54 33 38 1.56776586 5.806647908761971
32 54 34 39 0.701804743 5.898149951863535
32 54 35 40 0.273298061 3.780169722377902
32 54 36 41 0.20608196 4.039935566617925
32 54 37 42 0.150683427 3.8019973718626168
32 54 38 43 0.136873309 4.128001747458485
32 54 39 44 0.108745606 3.6791396591359815
32 54 40 45 0.106506467 3.8126935120842576
32 54 41 46 0.11014473 3.9429351971770155
32 54 42 47 0.121852463 4.122577873966694
32 54 43 48 0.12980412 3.914800030057802
32 54 44 49 0.171433154 4.325548030959763
32 54 45 50 0.200295696 3.9265043194993465
32 54 46 51 0.351909343 4.867495358594951
32 54 47 52 0.607891964 5.108882483293263
32 54 48 53 2.34187601 8.673775710389771
33 45 34 37 2.23305682 8.947119293723647
33 45 35 38 0.441288019 4.04351266260548
33 45 36 39 0.329019331 4.651401209213838
33 45 37 40 0.243064207 4.1923616387708265
33 45 38 41 0.249636487 4.305720059129529
33 45 39 42 0.345848543 4.889318588745912
33 45 40 43 0.698589276 6.401158567294786
33 45 41 44 1.54231786 6.17955699052054
33 55 34 39 2.30614867 8.541449774872442
33 55 35 40 0.489052632 4.1101257674024225
33 55 36 41 0.31685981 4.382701639439787
33 55 37 42 0.199009955 3.9012992467440264
33 55 38 43 0.164722036 4.156215188547971
33 55 39 44 0.122448369 3.692955806346739
33 55 40 45 0.112556232 3.8080628014902094
33 55 41 46 0.109991476 3.9374490464487137
33 55 42 47 0.112805455 4.038183206341946
33 55 43 48 0.111891146 3.7855612552729196
33 55 44 49 0.138451987 4.17561355424745
33 55 45 50 0.150045666 3.7859055846359
33 55 46 51 0.220541808 4.323399748650593
33 55 47 52 0.303872225 4.203061595876472
33 55 48 53 0.660872801 5.554147244351225
33 55 49 54 1.64558411 6.094868994674644
34 46 35 38 1.19748543 4.797927620447185
34 46 36 39 0.57010654 5.223874010330196
34 46 37 40 0.294061875 4.157201817903789
34 46 38 41 0.241690182 4.168662510989696
34 46 39 42 0.254338281 4.386816412402979
34 46 40 43 0.381778269 5.3972631233578365
34 46 41 44 0.554403491 5.0799873088128935
34 46 42 45 2.30654966 9.241580769502193
34 56 35 40 1.26724696 4.69359430378779
34 56 36 41 0.590893002 4.966018776682447
34 56 37 42 0.291533963 4.032402776459653
34 56 38 43 0.214843867 4.211699944832779
34 56 39 44 0.148789756 3.7542168540677006
34 56 40 45 0.128602334 3.878555018197447
34 56 41 46 0.119656573 4.0482853458980195
34 56 42 47 0.115444672 4.132661277170101
34 56 43 48 0.108364123 3.879193445641198
34 56 44 49 0.128903508 4.3611326096665675
34 56 45 50 0.134004979 4.0414949526802015
34 56 46 51 0.18254588 4.605940877654373
34 56 47 52 0.231623862 4.540647217113046
34 56 48 53 0.422766587 5.847569667940101
34 56 49 54 0.770362902 6.474330586490142
34 56 50 55 2.19467448 8.128574747574403
35 47 36 39 3.49454986 14.001504213979324
35 47 37 40 0.807659249 7.400564392848228
35 47 38 41 0.404953382 5.724893564718947
35 47 39 42 0.276664476 4.771897723275365
35 47 40 43 0.287661996 4.961582504669833
35 47 41 44 0.303474217 4.290265668065025
35 47 42 45 0.544789153 4.9918913357256
35 47 43 46 1.42028144 5.6905974628722635
35 57 36 41 3.60004235 13.333737464522942
35 57 37 42 0.867190549 7.288095365352729
35 57 38 43 0.441025758 6.100124571247375
35 57 39 44 0.250281727 4.906407385594827
35 57 40 45 0.18680207 4.713331740181994
35 57 41 46 0.156448287 4.71836917541671
35 57 42 47 0.132926303 4.497233967408542
35 57 43 48 0.111311041 3.9846865246599985
35 57 44 49 0.122603601 4.388934937545784
35 57 45 50 0.117784179 3.984937507982359
35 57 46 51 0.142414544 4.295121457869506
35 57 47 52 0.160861689 4.058812113500588
35 57 48 53 0.244263097 4.788420942728535
35 57 49 54 0.351560792 4.862674314742377
35 57 50 55 0.613989408 5.16012699167512
35 57 51 56 1.12925666 4.182509640339106
36 48 37 40 1.97172716 7.900057874566278
36 48 38 41 0.644887497 5.909090316987404
36 48 39 42 0.338354848 4.78337897152482
36 48 40 43 0.2872032 4.953669209766559
36 48 41 44 0.260030739 4.484999698391747
36 48 42 45 0.337230972 4.767490548891664
36 48 43 46 0.56360371 5.164288718376527
36 48 44 47 2.56036802 10.258546896614575
36 58 37 42 2.07613864 7.689544975967216
36 58 38 43 0.718277307 6.036589672501999
36 58 39 44 0.346055686 4.786529482453644
36 58 40 45 0.235119279 4.609169757652066
36 58 41 46 0.185109257 4.670619208982031
36 58 42 47 0.145771101 4.396352832070036
36 58 43 48 0.113390982 3.8363045111411145
36 58 44 49 0.118873568 4.255408091528441
36 58 45 50 0.108387305 3.8800233094371412
36 58 46 51 0.121277629 4.103129781812794
36 58 47 52 0.126674108 3.820401092091263
36 58 48 53 0.172543862 4.353573069817599
36 58 49 54 0.220038318 4.31352956322322
36 58 50 55 0.323812598 4.4788703374083845
36 58 51 56 0.443924771 3.730859463149397
36 58 52 57 1.79273473 6.639881398437556
37 49 38 41 1.5482434 6.203298667304085
37 49 39 42 0.532507533 4.879355114824238
37 49 40 43 0.351654632 4.971400238214111
37 49 41 44 0.268378232 4.62897692097437
37 49 42 45 0.25221583 4.350208463160288
37 49 43 46 0.284023513 4.015287818494052
37 49 44 47 0.640662399 5.870375834544705
37 49 45 48 1.69083811 6.7746284559585135
37 59 38 43 1.68434687 6.238437434984884
37 59 39 44 0.583916398 4.907385578549771
37 59 40 45 0.343139297 4.746190940145158
37 59 41 46 0.248918379 4.879680941053648
37 59 42 47 0.179796538 4.536570335276467
37 59 43 48 0.127568234 3.8473672969519055
37 59 44 49 0.126932144 4.294436365636321
37 59 45 50 0.109576757 3.9226030330076886
37 59 46 51 0.114200372 4.088118117766584
37 59 47 52 0.111364405 3.767740271285825
37 59 48 53 0.139592189 4.2100012364248105
37 59 49 54 0.163519539 4.125874158185868
37 59 50 55 0.218053281 4.274615814647883
37 59 51 56 0.261173574 3.612467769099996
37 59 52 57 0.616616327 5.18220430353136
37 59 53 58 2.30878176 8.551202140919042
38 50 39 42 1.15620502 4.632530685870383
38 50 40 43 0.520356169 4.768012426859876
38 50 41 44 0.339460687 4.799012402077859
38 50 42 45 0.257844197 4.447286310166054
38 50 43 46 0.230495359 3.9755746554090954
38 50 44 47 0.393656132 5.5651824554929945
38 50 45 48 0.649488822 5.951252159369676
38 50 46 49 1.95668502 7.839789000166168
38 60 39 44 1.24935712 4.627334408305638
38 60 40 45 0.537327803 4.515842885090604
38 60 41 46 0.346644553 4.794674498908436
38 60 42 47 0.225730733 4.42512103788917
38 60 43 48 0.146121828 3.6869005244203885
38 60 44 49 0.13869831 4.183042480908667
38 60 45 50 0.114207888 3.863942513014828
38 60 46 51 0.112051104 4.011179126265436
38 60 47 52 0.103261435 3.696528618051055
38 60 48 53 0.12153587 4.111866729811547
38 60 49 54 0.133636142 4.03037109082831
38 60 50 55 0.167080611 4.215726019499146
38 60 51 56 0.185162376 3.629837703416064
38 60 52 57 0.343187968 4.7468641415571415
38 60 53 58 0.793162593 6.665945131298303
38 60 54 59 2.44827469 9.067852203876516
39 51 40 43 2.18104505 8.738725352870983
39 51 41 44 0.864237681 7.918991352956481
39 51 42 45 0.417271683 5.899039442387333
39 51 43 46 0.236738135 4.083249804065759
39 51 44 47 0.298298744 5.145044705159404
39 51 45 48 0.353677816 5.000002328174782
39 51 46 49 0.620795354 5.6883345269014685
39 51 47 50 1.26848964 5.08241797982219
39 61 40 45 2.25924753 8.367738627405847
39 61 41 46 0.921982375 7.748580149913973
39 61 42 47 0.434755717 6.01339940730167
39 61 43 48 0.215017635 4.2151064124514885
39 61 44 49 0.18474138 4.661337050917172
39 61 45 50 0.138989494 4.191824383454999
39 61 46 51 0.124319062 4.20602917409633
39 61 47 52 0.105066361 3.761140935442
39 61 48 53 0.113949257 4.0791287619250545
39 61 49 54 0.11586799 3.920107974140779
39 61 50 55 0.134753885 4.064081425523362
39 61 51 56 0.137517122 3.4697892584438685
39 61 52 57 0.207254863 4.062928615334527
39 61 53 58 0.335555735 4.641297581753656
39 61 54 59 0.610862332 5.133846230048984
39 61 55 60 1.63908666 6.070803918748839
40 52 41 44 2.52669673 10.123637186433728
40 52 42 45 0.758265123 6.947967074679636
40 52 43 46 0.297204725 4.201632813024795
40 52 44 47 0.30063247 5.18529671708069
40 52 45 48 0.284488758 4.90685062363278
40 52 46 49 0.383654675 5.42379018822922
40 52 47 50 0.535684594 4.908466456692257
40 52 48 51 2.66705174 10.685993238771784
40 62 41 46 2.63653859 9.765138839031572
40 62 42 47 0.814451246 6.844860518974999
40 62 43 48 0.312001921 4.315508901791814
40 62 44 49 0.245971919 4.821919900011448
40 62 45 50 0.171619605 4.330252504610878
40 62 46 51 0.143107568 4.316022569298255
40 62 47 52 0.113613326 3.843826972585404
40 62 48 53 0.116775409 4.180298688015683
40 62 49 54 0.112873661 4.040624828724231
40 62 50 55 0.125999293 4.262875650344849
40 62 51 56 0.123113911 3.7130280801821516
40 62 52 57 0.171170141 4.318911768733224
40 62 53 58 0.246355117 4.829431936626671
40 62 54 59 0.386457743 5.345357569394174
40 62 55 60 0.734671881 6.174373944856116
40 62 56 61 2.03180017 7.525325374895405
41 53 42 45 1.97433574 7.9105095909033585
41 53 43 46 0.447073903 4.096528593723171
41 53 44 47 0.350794527 4.959240790242189
41 53 45 48 0.259257375 4.471660747312017
41 53 46 49 0.263945117 4.5525147322562285
41 53 47 50 0.265539787 3.7539802983375012
41 53 48 51 0.592871667 5.432470381242142
41 53 49 52 1.48137374 5.935374080794576
41 63 42 47 2.08178862 7.710471215904313
41 63 43 48 0.501972334 4.218706309910086
41 63 44 49 0.347148065 4.801638912817153
41 63 45 50 0.22011853 4.315102002225982
41 63 46 51 0.16903628 4.2650708515504725
41 63 47 52 0.124734729 3.76191079942957
41 63 48 53 0.120735138 4.084775935379455
41 63 49 54 0.1100314 3.9388782364318575
41 63 50 55 0.117213496 4.195981223637004
41 63 51 56 0.108986468 3.687288631486909
41 63 52 57 0.139401234 4.204242169303215
41 63 53 58 0.179969518 4.5409349128446745
41 63 54 59 0.251937156 4.938859651164849
41 63 55 60 0.394438414 5.455743610071058
41 63 56 61 0.735942223 6.1850502300777315
41 63 57 62 1.6553701 6.1311140742611245
42 54 43 46 1.45667786 5.836425866649499
42 54 44 47 0.68657856 6.291104633940755
42 54 45 48 0.36284162 5.1295525551387975
42 54 46 49 0.281720265 4.859099768031052
42 54 47 50 0.221457441 3.8196890102735432
42 54 48 51 0.343961161 4.862636354330183
42 54 49 52 0.561503377 5.145043412101425
42 54 50 53 2.27389936 9.110761828192913
42 64 43 48 1.57434964 5.831032731358344
42 64 44 49 0.723401504 6.079654759465781
42 64 45 50 0.362921186 5.019807582632938
42 64 46 51 0.239639669 4.697785395507918
42 64 47 52 0.156876528 3.958259770418761
42 64 48 53 0.139637196 4.211358615566187
42 64 49 54 0.117781142 3.984834758569709
42 64 50 55 0.118532156 4.243186304870663
42 64 51 56 0.103975966 3.722107231112017
42 64 52 57 0.122326112 4.138602620938173
42 64 53 58 0.142614646 4.301156392011925
42 64 54 59 0.181614412 4.5824383667380655
42 64 55 60 0.249669804 4.894411529714324
42 64 56 61 0.388039939 5.367241988889076
42 64 57 62 0.597000558 5.0173482689475115
42 64 58 63 2.10524797 7.797359308759209
43 55 44 47 2.28922507 9.172166873690598
43 55 45 48 0.701301857 6.426013888875232
43 55 46 49 0.391068015 5.5285938134007555
43 55 47 50 0.232168606 4.004434752177635
43 55 48 51 0.259647262 4.478385502562613
43 55 49 52 0.298530318 4.220372942561821
43 55 50 53 0.641425566 5.877368717413302
43 55 51 54 1.55663414 6.236917584239042
44 56 45 48 1.57624612 6.3154962944064446
44 56 46 49 0.582334347 5.33591714386561
44 56 47 50 0.27327011 3.8632651650975443
44 56 48 51 0.256189833 4.418751906619901
44 56 49 52 0.248607381 4.287970080348701
44 56 50 53 0.425532613 6.015825588886521
44 56 51 54 0.716935517 6.569264780472334
44 56 52 55 2.08229579 8.3430697647669
45 57 46 49 2.36351171 9.469808843235244
45 57 47 50 0.521316831 4.776814952181743
45 57 48 51 0.336700482 4.759990923201051
45 57 49 52 0.233439758 4.0263595306039655
45 57 50 53 0.292149504 5.0389828616581305
45 57 51 54 0.346542264 4.899125838333497
45 57 52 55 0.570930326 5.2314223437969085
45 57 53 56 1.01178106 4.053871698146114
46 58 47 50 1.41650552 5.67546860167134
46 58 48 51 0.584531331 5.356048061182769
46 58 49 52 0.28658634 4.051518931634349
46 58 50 53 0.27762377 4.788443587495937
46 58 51 54 0.255349196 4.404252633549509
46 58 52 55 0.322352167 4.557146398721786
46 58 53 56 0.384974859 3.5275163841492354
46 58 54 57 1.70976527 6.850463319135614
47 59 48 51 2.50818462 10.04946529118006
47 59 49 52 0.590082073 5.406909391192856
47 59 50 53 0.39422576 5.57323538162335
47 59 51 54 0.271746202 4.687067531693254
47 59 52 55 0.26909109 4.641272267006503
47 59 53 56 0.24552716 3.4710584495074532
47 59 54 57 0.57134531 5.235224833297034
47 59 55 58 2.22684829 8.922243769710487
48 60 49 52 1.64233505 6.580292754312267
48 60 50 53 0.664330743 6.087248363474393
48 60 51 54 0.345401712 4.883001664304429
48 60 52 55 0.278981377 4.811859538275257
48 60 53 56 0.205504529 3.544533827530052
48 60 54 57 0.332463231 4.700088198442479
48 60 55 58 0.754778621 6.916020331559019
48 60 56 59 2.38814239 9.568495822568591
49 61 50 53 1.96523771 7.874056797128108
49 61 51 54 0.606796138 5.560060010655087
49 61 52 55 0.374699789 5.297193469908216
49 61 53 56 0.212017697 3.656872686496933
49 61 54 57 0.238439129 4.112588479971173
49 61 55 58 0.337516834 4.771531827707796
49 61 56 59 0.604353114 5.537674634089835
49 61 57 60 1.55001364 6.210391432842636
50 62 51 54 1.32524735 5.309827330833944
50 62 52 55 0.581206888 5.325586261206708
50 62 53 56 0.259302976 3.6658094600500752
50 62 54 57 0.238543572 4.114389908622649
50 62 55 58 0.27283007 4.705762043241354
50 62 56 59 0.403069073 5.6982547738172284
50 62 57 60 0.687390049 6.2985402902599565
50 62 58 61 1.89204727 7.580806938022363
51 63 52 55 2.69879659 10.813184341733225
51 63 53 56 0.560746898 5.138111811233523
51 63 54 57 0.340677535 4.816215185395868
51 63 55 58 0.271073367 4.675462500750864
51 63 56 59 0.318985335 5.501846192370319
51 63 57 60 0.392847956 5.55375713646316
51 63 58 61 0.66444255 6.088272848619701
51 63 59 62 1.52491639 6.109835062004564
52 64 53 56 1.45423525 5.826639137148347
52 64 54 57 0.57064266 5.228786466402736
52 64 55 58 0.318180316 4.498168244681165
52 64 56 59 0.305903135 5.276204934417733
52 64 57 60 0.285565662 4.925425020389761
52 64 58 61 0.3618373 5.115354315636457
52 64 59 62 0.531103358 4.866488689386537
52 64 60 63 1.99105768 7.97750886770747
