64
# x y z
0.0 0.0 0.0
0.5 0.0 0.0
1.0 0.0 0.0
1.5 0.0 0.0
2.0 0.0 0.0
2.5 0.0 0.0
3.0 0.0 0.0
3.5 0.0 0.0
4.0 0.0 0.0
4.5 0.0 0.0
5.0 0.0 0.0
5.5 0.0 0.0
6.0 0.0 0.0
6.5 0.0 0.0
7.0 0.0 0.0
7.5 0.0 0.0
8.0 0.0 0.0
8.5 0.0 0.0
9.0 0.0 0.0
9.5 0.0 0.0
10.0 0.0 0.0
10.5 0.0 0.0
11.0 0.0 0.0
11.5 0.0 0.0
12.0 0.0 0.0
12.5 0.0 0.0
13.0 0.0 0.0
13.5 0.0 0.0
14.0 0.0 0.0
14.5 0.0 0.0
15.0 0.0 0.0
15.5 0.0 0.0
16.0 0.0 0.0
16.5 0.0 0.0
17.0 0.0 0.0
17.5 0.0 0.0
18.0 0.0 0.0
18.5 0.0 0.0
19.0 0.0 0.0
19.5 0.0 0.0
20.0 0.0 0.0
20.5 0.0 0.0
21.0 0.0 0.0
21.5 0.0 0.0
22.0 0.0 0.0
22.5 0.0 0.0
23.0 0.0 0.0
23.5 0.0 0.0
24.0 0.0 0.0
24.5 0.0 0.0
25.0 0.0 0.0
25.5 0.0 0.0
26.0 0.0 0.0
26.5 0.0 0.0
27.0 0.0 0.0
27.5 0.0 0.0
28.0 0.0 0.0
28.5 0.0 0.0
29.0 0.0 0.0
29.5 0.0 0.0
30.0 0.0 0.0
30.5 0.0 0.0
31.0 0.0 0.0
31.5 0.0 0.0
1400
# a b m n r rhoa
1 13 2 5 1.12583495 4.510847871167648
1 13 3 6 0.47464992 4.349207046622034
1 13 4 7 0.344185951 4.865814248086885
1 13 5 8 0.291417585 5.026358752266789
1 13 6 9 0.230965874 3.983690079151704
1 13 7 10 0.429129401 6.0666739812944614
1 13 8 11 0.774126929 7.093308463186247
1 13 9 12 2.82265172 11.309430838161225
1 23 2 7 1.2283122 4.5493888146261945
1 23 3 8 0.52344048 4.399130203535011
1 23 4 9 0.343516283 4.7514052876518535
1 23 5 10 0.238774419 4.680823434116362
1 23 6 11 0.17080519 4.3097034385904625
1 23 7 12 0.144390909 4.354727222011701
1 23 8 13 0.113301619 3.8332811342024695
1 23 9 14 0.123739115 4.429583801249814
1 23 10 15 0.102508333 3.6695692493834446
1 23 11 16 0.120889973 4.090014396132732
1 23 12 17 0.134900313 4.068497589962529
1 23 13 18 0.179792145 4.536459492466563
1 23 14 19 0.231252539 4.533367972513454
1 23 15 20 0.326993882 4.522872821037733
1 23 16 21 0.721000308 6.059474482525397
1 23 17 22 1.70946148 6.3314562341287015
1 57 4 16 0.413783821 4.775873671953195
1 57 5 17 0.281700571 4.579044687265051
1 57 6 18 0.20254601 4.32252263125861
1 57 7 19 0.161785504 4.328345109106399
1 57 8 20 0.121728511 3.948821889755292
1 57 9 21 0.114500865 4.3897433041669
1 57 10 22 0.090444346 4.014009763510779
1 57 11 23 0.081579286 4.119202155796696
1 57 12 24 0.071830605 4.065138565749703
1 57 13 25 0.065926619 4.126660349326275
1 57 14 26 0.060121185 4.112682118159137
1 57 15 27 0.057897594 4.280702506901929
1 57 16 28 0.051628526 4.083258863791052
1 57 17 29 0.050695668 4.2470703508700565
1 57 18 30 0.047050469 4.136170038604284
1 57 19 31 0.045521722 4.161162337450602
1 57 20 32 0.044543875 4.196505280035729
1 57 21 33 0.043044185 4.143134156193498
1 57 22 34 0.043180134 4.209881912363095
1 57 23 35 0.043387619 4.248210682506267
1 57 24 36 0.043136672 4.2056445496982375
1 57 25 37 0.044446879 4.2781477340342144
1 57 26 38 0.04318504 4.068488616640429
1 57 27 39 0.046353301 4.237177370788198
1 57 28 40 0.048421191 4.256669140699436
1 57 29 41 0.048213563 4.03913000864503
1 57 30 42 0.052013304 4.113690648326055
1 57 31 43 0.057584656 4.257565198620951
1 57 32 44 0.059637175 4.079572669767352
1 57 33 45 0.065213118 4.081998931365425
1 57 34 46 0.07371529 4.171799308448306
1 57 35 47 0.081706627 4.125632014985722
1 57 36 48 0.093721974 4.159474144370543
1 57 37 49 0.10806419 4.142973544110078
1 57 38 50 0.122603809 3.9772161901050183
1 57 39 51 0.158457478 4.2393084234705904
1 57 40 52 0.203182407 4.336103942660228
1 57 41 53 0.29871404 4.855598740953492
1 57 42 54 0.435900038 5.031138022884654
2 14 3 6 1.31253164 5.258879691143166
2 14 4 7 0.64540877 5.913866730317071
2 14 5 8 0.394170911 5.572459972153795
2 14 6 9 0.245657924 4.237097964973835
2 14 7 10 0.294659171 5.082269496851148
2 14 8 11 0.344101274 4.864617155201809
2 14 9 12 0.651368181 5.968472685617595
2 14 10 13 1.20789799 4.839647300680425
2 24 3 8 1.43461953 5.313504207665028
2 24 4 9 0.695958266 5.8490146355521695
2 24 5 10 0.393687022 5.4453506007769406
2 24 6 11 0.246091218 4.824258582510207
2 24 7 12 0.188679134 4.760693235317209
2 24 8 13 0.133372702 4.022425927609158
2 24 9 14 0.138232112 4.676742942839702
2 24 10 15 0.106823117 3.824028874476867
2 24 11 16 0.116295994 4.163136702348692
2 24 12 17 0.120937175 4.091611359509722
2 24 13 18 0.148781696 4.4871502381654045
2 24 14 19 0.176255636 4.4472273971309
2 24 15 20 0.230137312 4.511505577463676
2 24 16 21 0.393470892 5.442361161045433
2 24 17 22 0.674100425 5.665315643591965
2 24 18 23 3.18313466 11.78960627245496
2 58 5 17 0.454808718 5.2493811305178735
2 58 6 18 0.293010259 4.762883742213311
2 58 7 19 0.219301968 4.6801105573965724
2 58 8 20 0.154379044 4.130195620282034
2 58 9 21 0.142136801 4.610858265805879
2 58 10 22 0.10831231 4.152485988480083
2 58 11 23 0.095416525 4.234679998131341
2 58 12 24 0.082268878 4.154021887523941
2 58 13 25 0.074382184 4.209541111105643
2 58 14 26 0.066581636 4.167660975826394
2 58 15 27 0.063556821 4.347702082281664
2 58 16 28 0.055848932 4.129233128758258
2 58 17 29 0.054139035 4.281813014395259
2 58 18 30 0.0496281 4.157633983243189
2 58 19 31 0.047556165 4.180625379609324
2 58 20 32 0.046010867 4.205875315390062
2 58 21 33 0.044073675 4.152207454966114
2 58 22 34 0.043844484 4.2201653770672936
2 58 23 35 0.043444316 4.235638549046341
2 58 24 36 0.042913345 4.20177310608072
2 58 25 37 0.043758756 4.26629512988334
2 58 26 38 0.042092964 4.0515762322790705
2 58 27 39 0.044774183 4.21820273536566
2 58 28 40 0.04637621 4.239271493413627
2 58 29 41 0.045633284 4.011586410412196
2 58 30 42 0.04871227 4.080909588578198
2 58 31 43 0.053223008 4.209365170983616
2 58 32 44 0.054632243 4.039276305122029
2 58 33 45 0.058942043 4.032021096288549
2 58 34 46 0.065594861 4.105894039678699
2 58 35 47 0.071234888 4.031424911925226
2 58 36 48 0.080339999 4.056626544604771
2 58 37 49 0.090704037 4.025535107610187
2 58 38 50 0.100916741 3.8689540736927643
2 58 39 51 0.125046488 4.056455673325557
2 58 40 52 0.152980659 4.092783783462601
2 58 41 53 0.208383223 4.447094254742958
2 58 42 54 0.276615282 4.496383280168871
2 58 43 55 0.405471016 4.679927662165682
3 15 4 7 2.61520907 10.478276825628681
3 15 5 8 0.84592754 7.751215923305418
3 15 6 9 0.39064123 5.522560282607775
3 15 7 10 0.338235102 5.8338653971809915
3 15 8 11 0.303734948 5.238808132491724
3 15 9 12 0.480825249 6.797506814634988
3 15 10 13 0.687401821 6.298648156843718
3 15 11 14 2.40750608 9.646079716916915
3 25 4 9 2.7358331 10.132903103807083
3 25 5 10 0.880368939 7.398849989226991
3 25 6 11 0.424094342 5.8659347424355825
3 25 7 12 0.277090027 5.43194491760667
3 25 8 13 0.168883627 4.261219158525154
3 25 9 14 0.164756174 4.96892914437083
3 25 10 15 0.117718205 3.9827054402345197
3 25 11 16 0.11813277 4.228889178565484
3 25 12 17 0.114420762 4.096007587268264
3 25 13 18 0.130402669 4.4118530285727795
3 25 14 19 0.142930744 4.310689683096222
3 25 15 20 0.174778688 4.409961504483145
3 25 16 21 0.251094724 4.922345003306992
3 25 17 22 0.360088917 4.980632560752963
3 25 18 23 0.937169119 7.876213504185225
3 25 19 24 2.26716561 8.397065393504333
3 59 6 18 0.489187847 5.646183443036957
3 59 7 19 0.322746911 5.246253221637084
3 59 8 20 0.20314275 4.335257624927344
3 59 9 21 0.181663853 4.860162562116652
3 59 10 22 0.13204911 4.283617796743644
3 59 11 23 0.11301316 4.332707551097911
3 59 12 24 0.095196379 4.22490970034625
3 59 13 25 0.084574082 4.270419097550406
3 59 14 26 0.074142498 4.195976464082688
3 59 15 27 0.070196433 4.3939282966299
3 59 16 28 0.060717157 4.1534504993432995
3 59 17 29 0.058169803 4.3008284856896015
3 59 18 30 0.052734598 4.17073721438334
3 59 19 31 0.049956444 4.185141265863196
3 59 20 32 0.047988811 4.218658952080663
3 59 21 33 0.045430483 4.1528221369083935
3 59 22 34 0.044839434 4.22435007135804
3 59 23 35 0.043845694 4.220281843259626
3 59 24 36 0.04302515 4.194771622563954
3 59 25 37 0.043529039 4.262057534870302
3 59 26 38 0.041526944 4.04870282295361
3 59 27 39 0.043801423 4.216020624416038
3 59 28 40 0.044974196 4.2370460805074055
3 59 29 41 0.043877973 4.0109064567301385
3 59 30 42 0.046436341 4.082182525037354
3 59 31 43 0.050188038 4.2045432394369415
3 59 32 44 0.051114612 4.042613816211612
3 59 33 45 0.054557641 4.0337605496932305
3 59 34 46 0.059964233 4.101945575228228
3 59 35 47 0.064045369 4.0089039726164355
3 59 36 48 0.071234592 4.0314081602771585
3 59 37 49 0.07896357 3.9871261900159713
3 59 38 50 0.086555147 3.8414032552141038
3 59 39 51 0.104045392 3.9889005455235673
3 59 40 52 0.123511412 4.006658451118197
3 59 41 53 0.160063346 4.282271178055021
3 59 42 54 0.200446418 4.277715360375271
3 59 43 55 0.267897722 4.3546792833959485
3 59 44 56 0.349266919 4.031222581165902
4 16 5 8 2.14071271 8.577127020870178
4 16 6 9 0.677707892 6.209822893128823
4 16 7 10 0.417698938 5.905079617648776
4 16 8 11 0.261356952 4.507874166725289
4 16 9 12 0.3278365 5.654510729294223
4 16 10 13 0.343376757 4.854374537421104
4 16 11 14 0.623160658 5.710007756772029
4 16 12 15 1.28314027 5.141118203284577
4 26 5 10 2.22504868 8.241073870951357
4 26 6 11 0.75627985 6.355972947411188
4 26 7 12 0.414547698 5.733888673513342
4 26 8 13 0.214256872 4.200192765951488
4 26 9 14 0.197463312 4.982332882987111
4 26 10 15 0.130645558 3.9401772022746147
4 26 11 16 0.121502585 4.110740613841819
4 26 12 17 0.109439315 3.9176829165448273
4 26 13 18 0.115299199 4.127453668853852
4 26 14 19 0.116253095 3.9331370530208174
4 26 15 20 0.132937298 4.009294452334818
4 26 16 21 0.162564151 4.101768105267991
4 26 17 22 0.201294326 3.94608100081047
4 26 18 23 0.356554605 4.931747108865923
4 26 19 24 0.54009029 4.539059545748129
4 26 20 25 0.995731158 3.687961572456895
4 60 7 19 0.475763751 5.491243149573497
4 60 8 20 0.262069666 4.259944193690066
4 60 9 21 0.227325429 4.851338772425447
4 60 10 22 0.157660532 4.217987246751804
4 60 11 23 0.131313788 4.259764259180709
4 60 12 24 0.108233441 4.149462302461149
4 60 13 25 0.094663971 4.201280905350361
4 60 14 26 0.081491456 4.114767334862573
4 60 15 27 0.076524562 4.330785578282464
4 60 16 28 0.065244981 4.083993387940099
4 60 17 29 0.061904924 4.234701527602964
4 60 18 30 0.055596051 4.110536180303926
4 60 19 31 0.052218691 4.129934542026553
4 60 20 32 0.049775379 4.169972399894603
4 60 21 33 0.046734643 4.108406021233655
4 60 22 34 0.045819981 4.188426335012155
4 60 23 35 0.044310197 4.174490334976994
4 60 24 36 0.043255357 4.1634601055878635
4 60 25 37 0.043449362 4.236130512876971
4 60 26 38 0.041171732 4.031246602854264
4 60 27 39 0.043141866 4.206150942907967
4 60 28 40 0.043983009 4.233498831028304
4 60 29 41 0.042599797 4.013352521282673
4 60 30 42 0.044703197 4.086340576484227
4 60 31 43 0.047890262 4.2099955863417495
4 60 32 44 0.048470073 4.060619340153625
4 60 33 45 0.051263078 4.054355873508999
4 60 34 46 0.055805711 4.126037551355667
4 60 35 47 0.058884552 4.028088336020183
4 60 36 48 0.064807686 4.056621015978197
4 60 37 49 0.070893493 4.0121042062085746
4 60 38 50 0.076914565 3.883665296606851
4 60 39 51 0.090584847 4.020245337216879
4 60 40 52 0.105313931 4.037533894986251
4 60 41 53 0.132224615 4.289311105402955
4 60 42 54 0.160031081 4.281407973061418
4 60 43 55 0.203433731 4.341467433542021
4 60 44 56 0.251198161 4.0832278063710445
4 60 45 57 0.420546973 4.8539336586828785
5 17 6 9 2.15745765 8.644218451058796
5 17 7 10 0.807209884 7.396446870981785
5 17 8 11 0.325267979 4.598367719734806
5 17 9 12 0.338413712 5.836946055257072
5 17 10 13 0.280461537 4.83738927825562
5 17 11 14 0.399413272 5.64657210477659
5 17 12 15 0.57438099 5.263040704091428
5 17 13 16 2.87974479 11.538183865652444
5 27 6 11 2.30275387 8.528876208357437
5 27 7 12 0.846584294 7.1149150283022875
5 27 8 13 0.321804019 4.451088327199376
5 27 9 14 0.274615273 5.383430983135016
5 27 10 15 0.164997674 4.1631700008485
5 27 11 16 0.142442398 4.295961514718527
5 27 12 17 0.12036442 4.072233605198726
5 27 13 18 0.120331733 4.307607140014842
5 27 14 19 0.114705683 4.106207122364632
5 27 15 20 0.126640331 4.28456359172993
5 27 16 21 0.144607551 4.361260990802027
5 27 17 22 0.170595829 4.304420906943697
5 27 18 23 0.274228102 5.3758410616626895
5 27 19 24 0.38295597 5.296922186351919
5 27 20 25 0.612463432 5.147302291698783
5 27 21 26 2.33271344 8.639839636587663
5 61 8 20 0.385507334 4.449507770376229
5 61 9 21 0.316767243 5.14905367784557
5 61 10 22 0.203055579 4.333397313681077
5 61 11 23 0.162451445 4.346161430093374
5 61 12 24 0.129608893 4.20445817977147
5 61 13 25 0.110761553 4.246385262162668
5 61 14 26 0.092953081 4.125349910567194
5 61 15 27 0.08641091 4.363166487585516
5 61 16 28 0.072293004 4.091307299921775
5 61 17 29 0.067759887 4.241413304658152
5 61 18 30 0.059936842 4.100071851749588
5 61 19 31 0.055725072 4.120075445754974
5 61 20 32 0.05263649 4.162977931063712
5 61 21 33 0.048868014 4.093957167411284
5 61 22 34 0.047559565 4.180924270957915
5 61 23 35 0.045333308 4.143939323772683
5 61 24 36 0.043952448 4.140786586315085
5 61 25 37 0.04376835 4.212837247243308
5 61 26 38 0.041097878 4.006870688004468
5 61 27 39 0.042721872 4.183025415777376
5 61 28 40 0.043224313 4.214189179519938
5 61 29 41 0.04145378 3.990052821799993
5 61 30 42 0.043119554 4.062319141156573
5 61 31 43 0.045684983 4.1760861033919365
5 61 32 44 0.045921826 4.0369519126196005
5 61 33 45 0.048062358 4.026462688186736
5 61 34 46 0.051709293 4.089646661278275
5 61 35 47 0.053773954 3.975818057203362
5 61 36 48 0.058485357 4.0007807881373765
5 61 37 49 0.063055099 3.9469182678114105
5 61 38 50 0.067602926 3.825879813209471
5 61 39 51 0.077714911 3.9240773562145215
5 61 40 52 0.088316221 3.9195614656816216
5 61 41 53 0.107358088 4.1159029492586
5 61 42 54 0.125439879 4.069217112525554
5 61 43 55 0.151868625 4.063032867551989
5 61 44 56 0.178719386 3.8140400328283106
5 61 45 57 0.257866696 4.191624887907635
5 61 46 58 0.409036626 4.7210817674235885
6 18 7 10 2.71495769 10.877936518356208
6 18 8 11 0.529615955 4.852859647568166
6 18 9 12 0.439870825 6.218527285568181
6 18 10 13 0.268847819 4.637076338610409
6 18 11 14 0.286863519 4.947810405578992
6 18 12 15 0.301810643 4.266747444708062
6 18 13 16 0.750660456 6.878285673904062
6 18 14 17 2.15776748 8.645459837281459
6 28 7 12 2.81614491 10.430359768404555
6 28 8 13 0.576368126 4.843947933567294
6 28 9 14 0.436812463 6.041847647758897
6 28 10 15 0.22863223 4.482000645045154
6 28 11 16 0.179540392 4.530107339058488
6 28 12 17 0.140843686 4.247745496724231
6 28 13 18 0.131415981 4.446135943565026
6 28 14 19 0.116867906 4.183609873915665
6 28 15 20 0.123720271 4.428909228159885
6 28 16 21 0.130440779 4.413142386530008
6 28 17 22 0.14523134 4.380074023824012
6 28 18 23 0.211047848 5.325093670940077
6 28 19 24 0.273864146 5.368706236328711
6 28 20 25 0.396385187 5.482670739828275
6 28 21 26 0.97124032 8.162556756410984
6 28 22 27 2.5727408 9.52884634578444
6 62 9 21 0.495624448 5.720474393269077
6 62 10 22 0.281423653 4.5745433833017435
6 62 11 23 0.212154633 4.527579696429789
6 62 12 24 0.162116452 4.33719916043827
6 62 13 25 0.134524532 4.363919449164102
6 62 14 26 0.109218623 4.187232288634491
6 62 15 27 0.100250338 4.449209412462949
6 62 16 28 0.082084048 4.144689222679879
6 62 17 29 0.075709526 4.284659915327595
6 62 18 30 0.065964638 4.129040139192657
6 62 19 31 0.060629949 4.147484901989215
6 62 20 32 0.056716332 4.193365005369344
6 62 21 33 0.052087082 4.119525691388349
6 62 22 34 0.050287854 4.212905405098561
6 62 23 35 0.047301457 4.158234197957281
6 62 24 36 0.045541983 4.163014405132028
6 62 25 37 0.044992647 4.238784360325268
6 62 26 38 0.041911437 4.034103704596846
6 62 27 39 0.043269565 4.218601059675248
6 62 28 40 0.043489336 4.258170096181225
6 62 29 41 0.041386672 4.035026891433549
6 62 30 42 0.042733183 4.113199264666466
6 62 31 43 0.044925829 4.232489396319523
6 62 32 44 0.044872186 4.101787941639778
6 62 33 45 0.046577136 4.094559703691732
6 62 34 46 0.049705509 4.1641189844624344
6 62 35 47 0.051173682 4.047285615307409
6 62 36 48 0.055241942 4.084354862924545
6 62 37 49 0.059045952 4.039129151231507
6 62 38 50 0.062814762 3.9318744329626063
6 62 39 51 0.07127837 4.033885706389034
6 62 40 52 0.080027547 4.040849831972315
6 62 41 53 0.095692271 4.246917879051493
6 62 42 54 0.10987529 4.212407640509059
6 62 43 55 0.129925102 4.214715867232525
6 62 44 56 0.149877207 4.009755261416854
6 62 45 57 0.205075807 4.376510882051554
6 62 46 58 0.298990671 4.860095379729857
6 62 47 59 0.457459771 5.279979461296139
7 19 8 11 1.05607907 4.231359156770013
7 19 9 12 0.681050418 6.240450387246419
7 19 10 13 0.31706664 4.482424021150808
7 19 11 14 0.273868223 4.723668064313288
7 19 12 15 0.235256639 4.057697020811282
7 19 13 16 0.410345443 5.8011220312328335
7 19 14 17 0.743227907 6.81018138667451
7 19 15 18 2.95399445 11.83567766858148
7 29 8 13 1.14786612 4.251434844509701
7 29 9 14 0.716836227 6.024478460633727
7 29 10 15 0.315120193 4.3586398239703605
7 29 11 16 0.224991726 4.410633885965345
7 29 12 17 0.16383713 4.133887515536223
7 29 13 18 0.142477825 4.297029967866739
7 29 14 19 0.117398398 3.9718855583078025
7 29 15 20 0.11855642 4.2440549018486955
7 29 16 21 0.113584774 4.066081085023285
7 29 17 22 0.117371509 3.9709758352400537
7 29 18 23 0.149840159 4.519072730180413
7 29 19 24 0.176526058 4.454050600941455
7 29 20 25 0.227518182 4.460161362566865
7 29 21 26 0.402835619 5.571891013303458
7 29 22 27 0.675767584 5.679326882292868
7 29 23 28 1.6341062 6.052357428503368
7 63 10 22 0.384092273 4.433175201940434
7 63 11 23 0.271622572 4.415226745343973
7 63 12 24 0.198399859 4.234039863663655
7 63 13 25 0.160118918 4.283757929268549
7 63 14 26 0.125997297 4.0872995188744135
7 63 15 27 0.114244979 4.379933126268854
7 63 16 28 0.091766298 4.07267930416833
7 63 17 29 0.083401297 4.211201387551252
7 63 18 30 0.071643297 4.054538168127082
7 63 19 31 0.065158408 4.07857437249776
7 63 20 32 0.060348533 4.128234207729548
7 63 21 33 0.054915167 4.060194505558178
7 63 22 34 0.052693864 4.167515594874822
7 63 23 35 0.048941351 4.1001010335562516
7 63 24 36 0.046817996 4.115733518462807
7 63 25 37 0.045870827 4.1930741921430865
7 63 26 38 0.042303563 3.985444137804
7 63 27 39 0.04339366 4.1767721913714375
7 63 28 40 0.043314363 4.222968676735214
7 63 29 41 0.040837313 3.9985026449930805
7 63 30 42 0.041928159 4.0878196022454185
7 63 31 43 0.043681221 4.204450815117924
7 63 32 44 0.043389709 4.087770606345178
7 63 33 45 0.04469921 4.085976122911065
7 63 34 46 0.047248829 4.153607711517971
7 63 35 47 0.048104484 4.029991827710072
7 63 36 48 0.051509468 4.073842661713052
7 63 37 49 0.054516151 4.03069295508798
7 63 38 50 0.057543544 3.9363546214916294
7 63 39 51 0.064324189 4.026356641296428
7 63 40 52 0.071268046 4.033301436069261
7 63 41 53 0.083673474 4.224944485096361
7 63 42 54 0.094372868 4.188361465541627
7 63 43 55 0.108943777 4.176695220742673
7 63 44 56 0.123172877 3.9956765175722566
7 63 45 57 0.160740218 4.300379942673952
7 63 46 58 0.218980772 4.673255932222421
7 63 47 59 0.306045232 4.974767316507853
7 63 48 60 0.447798248 5.168466610902043
8 20 9 12 2.5438232 10.192257281004533
8 20 10 13 0.582085122 5.333633500530762
8 20 11 14 0.368236127 5.205815601163023
8 20 12 15 0.248448914 4.285236847924187
8 20 13 16 0.303982423 5.243076571310257
8 20 14 17 0.378485004 5.350705686271377
8 20 15 18 0.802926603 7.357199258956774
8 20 16 19 1.85696442 7.440241574300981
8 30 9 14 2.64482613 9.795834000877859
8 30 10 15 0.625611216 5.2577996947730625
8 30 11 16 0.365139027 5.0504840366354715
8 30 12 17 0.233828739 4.583870607517125
8 30 13 18 0.185193393 4.672742102370162
8 30 14 19 0.138875165 4.188376302048673
8 30 15 20 0.133837138 4.528049825581507
8 30 16 21 0.117835746 4.218256383115295
8 30 17 22 0.114939299 4.114570053110603
8 30 18 23 0.134145803 4.538492745389111
8 30 19 24 0.14879896 4.487670908138893
8 30 20 25 0.179761248 4.53567990897064
8 30 21 26 0.276871795 5.4276667982672855
8 30 22 27 0.397197824 5.4939108700049895
8 30 23 28 0.690507806 5.803207549311611
8 30 24 29 3.25019281 12.037974397056775
8 64 11 23 0.430500255 4.968813977924084
8 64 12 24 0.283838448 4.613795892362453
8 64 13 25 0.2158474 4.606386822422865
8 64 14 26 0.159883195 4.277451489761127
8 64 15 27 0.141968553 4.6054003711857145
8 64 16 28 0.110032977 4.218453057304855
8 64 17 29 0.097705027 4.336245986256391
8 64 18 30 0.082071923 4.144076992191136
8 64 19 31 0.073392241 4.153516865351428
8 64 20 32 0.067008353 4.194371220504396
8 64 21 33 0.060058724 4.108409377397585
8 64 22 34 0.057055033 4.218407120587296
8 64 23 35 0.052077479 4.118766197792328
8 64 24 36 0.049369636 4.13598095381339
8 64 25 37 0.047873408 4.208513964344939
8 64 26 38 0.04376325 4.000419572538029
8 64 27 39 0.044491039 4.191527568667422
8 64 28 40 0.044063721 4.241267607322121
8 64 29 41 0.041076718 4.004807676776537
8 64 30 42 0.04182688 4.0953940900031345
8 64 31 43 0.043113604 4.203395516474894
8 64 32 44 0.042499223 4.0906799007341945
8 64 33 45 0.043383786 4.087212596949416
8 64 34 46 0.045362866 4.146641234661958
8 64 35 47 0.045745878 4.021484461148451
8 64 36 48 0.048437893 4.057923434777825
8 64 37 49 0.050685849 4.00870329317604
8 64 38 50 0.053066438 3.923507325346815
8 64 39 51 0.05842333 3.9965377358132574
8 64 40 52 0.06378946 3.9928854122935444
8 64 41 53 0.073596159 4.1650572794416405
8 64 42 54 0.081423778 4.111350053624048
8 64 43 55 0.091766846 4.072703624951748
8 64 44 56 0.1019137 3.9071755674323874
8 64 45 57 0.12760321 4.139394663679418
8 64 46 58 0.164426952 4.399013359654723
8 64 47 59 0.214716862 4.582260076650397
8 64 48 60 0.286590843 4.658536091706972
8 64 49 61 0.437805014 5.053125167529689
9 21 10 13 1.03491016 4.146542343605312
9 21 11 14 0.481290734 4.410056683011114
9 21 12 15 0.269913372 3.815810399613828
9 21 13 16 0.261537491 4.510988096115568
9 21 14 17 0.252739818 4.359246187050158
9 21 15 18 0.403522592 5.704666247631214
9 21 16 19 0.591641692 5.421200146671853
9 21 17 20 1.19883114 4.803319434841213
9 31 10 15 1.11347191 4.124046519080787
9 31 11 16 0.509164878 4.279154324077149
9 31 12 17 0.290358426 4.016143131738152
9 31 13 18 0.214717274 4.209218274126693
9 31 14 19 0.150814986 3.8053168276395613
9 31 15 20 0.14084838 4.247887064429024
9 31 16 21 0.117190539 3.964853161151375
9 31 17 22 0.109505567 3.920054590093651
9 31 18 23 0.119088652 4.263107618087266
9 31 19 24 0.125487161 4.245548925880114
9 31 20 25 0.143240585 4.32003426750628
9 31 21 26 0.197255543 4.97709052018928
9 31 22 27 0.253586852 4.971199529650609
9 31 23 28 0.363607725 5.029303566364163
9 31 24 29 0.971123656 8.161576281752117
9 31 25 30 2.38062414 8.817289964509921
10 22 11 14 2.30170482 9.22216909978973
10 22 12 15 0.701954703 6.431995902784681
10 22 13 16 0.430644689 6.088095860714389
10 22 14 17 0.280734064 4.842089812959726
10 22 15 18 0.357316457 6.162979838608263
10 22 16 19 0.41339795 5.844275832280876
10 22 17 20 0.643487605 5.896263136586931
10 22 18 21 3.0175497 12.090322511650198
10 32 11 16 2.39819954 8.882385245801258
10 32 12 17 0.778799333 6.545232551164595
10 32 13 18 0.431181124 5.963956801748666
10 32 14 19 0.236863441 4.643361503973498
10 32 15 20 0.203168843 5.126293066923468
10 32 16 21 0.147885093 4.460109328744734
10 32 17 22 0.127522696 4.314416237595305
10 32 18 23 0.123661823 4.426816920371717
10 32 19 24 0.121145635 4.336743012814683
10 32 20 25 0.128926218 4.361900946565246
10 32 21 26 0.159209332 4.8016403308237265
10 32 22 27 0.187561315 4.73248877391869
10 32 23 28 0.233307655 4.573655517439393
10 32 24 29 0.458355278 6.3398208448603155
10 32 25 30 0.74857623 6.291229717352717
10 32 26 31 1.75446732 6.498147621781495
11 23 12 15 1.9971767 8.00202575478815
11 23 13 16 0.782658759 7.1714854386644715
11 23 14 17 0.334909208 4.734667383625702
11 23 15 18 0.331798631 5.722849404976673
11 23 16 19 0.278321287 4.800474332578821
11 23 17 20 0.324246903 4.5839325978632
11 23 18 21 0.670962553 6.148015496404402
11 23 19 22 1.60141103 6.416323756461718
11 33 12 17 2.14667426 7.950792857947649
11 33 13 18 0.837676686 7.040053169330184
11 33 14 19 0.352960529 4.882035020805682
11 33 15 20 0.280698936 5.502692302898364
11 33 16 21 0.183087517 4.619607294004882
11 33 17 22 0.148090073 4.466291379901209
11 33 18 23 0.130412938 4.4122004548877305
11 33 19 24 0.120677215 4.319974623577525
11 33 20 25 0.121026808 4.332489271753491
11 33 21 26 0.137250627 4.643536815979302
11 33 22 27 0.151859453 4.579973202460457
11 33 23 28 0.172671575 4.356795484518537
11 33 24 29 0.290893298 5.70253786736591
11 33 25 30 0.41289015 5.710962009708772
11 33 26 31 0.693049992 5.824572742954265
11 33 27 32 1.52121842 5.634246785590286
12 24 13 16 2.7752909 11.119671713989645
12 24 14 17 0.587202365 5.380522688492444
12 24 15 18 0.463250964 6.5490562137185675
12 24 16 19 0.293744145 5.066487165309105
12 24 17 20 0.280394648 4.836235579481471
12 24 18 21 0.387522368 5.478468409847353
12 24 19 22 0.622725767 5.706022859857453
12 24 20 23 3.09220395 12.38943737274606
12 34 13 18 2.89564542 10.724811562460724
12 34 14 19 0.655748414 5.511080560577929
12 34 15 20 0.459093233 6.350027997949036
12 34 16 21 0.257031053 5.03871805537931
12 34 17 22 0.192883876 4.866785977907676
12 34 18 23 0.151978152 4.583553079961786
12 34 19 24 0.131225816 4.439702179305351
12 34 20 25 0.123428356 4.41845932349278
12 34 21 26 0.129054484 4.619862133368687
12 34 22 27 0.135166912 4.5730394526666505
12 34 23 28 0.142379031 4.294050411022399
12 34 24 29 0.216075303 5.45194485210652
12 34 25 30 0.28391986 5.565833809437672
12 34 26 31 0.419767795 5.806091354187596
12 34 27 32 0.72925285 6.128830996122016
12 34 28 33 2.80734558 10.397769052885971
13 25 14 17 1.1899821 4.767864261553265
13 25 15 18 0.725131265 6.644362243785798
13 25 16 19 0.353819129 5.002000093646738
13 25 17 20 0.28338386 4.887793387492888
13 25 18 21 0.285458111 4.923569985079641
13 25 19 22 0.34891675 4.93269434331493
13 25 20 23 0.902544059 8.26999187377858
13 25 21 24 2.15142305 8.62003980696594
13 35 14 19 1.31212935 4.85982846073884
13 35 15 20 0.760296223 6.389727592777864
13 35 16 21 0.357733505 4.94805326950755
13 35 17 22 0.248301371 4.86758540118161
13 35 18 23 0.176836619 4.461886579517937
13 35 19 24 0.141990685 4.28233817159215
13 35 20 25 0.124561416 4.214228624591372
13 35 21 26 0.118521962 4.2428213824508605
13 35 22 27 0.116258302 4.1617874129777706
13 35 23 28 0.109721021 3.7121404225012262
13 35 24 29 0.146079552 4.405655495067724
13 35 25 30 0.171576306 4.3291599977076185
13 35 26 31 0.215759845 4.229656354508035
13 35 27 32 0.307463281 4.252731912280815
13 35 28 33 0.595005226 5.000578978832082
13 35 29 34 1.25895242 4.662873215534763
14 26 15 18 2.44205862 9.784520304058427
14 26 16 19 0.618583413 5.668066558913794
14 26 17 20 0.388857692 5.497346108155883
14 26 18 21 0.270048129 4.657779237078027
14 26 19 22 0.242917339 4.189828465430488
14 26 20 23 0.372977731 5.272848448479866
14 26 21 24 0.501629538 4.596420708262956
14 26 22 25 0.919076093 3.682433590776454
14 36 15 20 2.54521572 9.426899714403842
14 36 16 21 0.675977441 5.681090575210013
14 36 17 22 0.405261799 5.6054491444642895
14 36 18 23 0.247700993 4.855815868149146
14 36 19 24 0.182136448 4.59561021675192
14 36 20 25 0.148020435 4.464191147300787
14 36 21 26 0.130042098 4.399653997137576
14 36 22 27 0.121585831 4.3525010459230895
14 36 23 28 0.10674574 3.8212589507887165
14 36 24 29 0.131897131 4.462414468391063
14 36 25 30 0.146447688 4.416758215257695
14 36 26 31 0.171181326 4.31919398517501
14 36 27 32 0.226732853 4.444766135548466
14 36 28 33 0.36954578 5.111436808139394
14 36 29 34 0.640553102 5.38337519860184
14 36 30 35 3.56964076 13.221136894820182
15 27 16 19 1.32771101 5.319698400715263
15 27 17 20 0.607182122 5.563596773776596
15 27 18 21 0.326010213 4.608860805702206
15 27 19 22 0.249912626 4.310482893463951
15 27 20 23 0.316481845 5.458666097824163
15 27 21 24 0.36911953 5.218304416850338
15 27 22 25 0.567606071 5.200962266460819
15 27 23 26 2.18804324 8.766764783041033
15 37 16 21 1.42145003 5.264727377153844
15 37 17 22 0.647040309 5.437895376808698
15 37 18 23 0.32824199 4.540136244183123
15 37 19 24 0.220855048 4.32954036094333
15 37 20 25 0.167073411 4.2155443513381385
15 37 21 26 0.136843906 4.127114973870067
15 37 22 27 0.122649733 4.149551540158222
15 37 23 28 0.100383711 3.5935125296066874
15 37 24 29 0.114839515 4.110998008894641
15 37 25 30 0.119830956 4.054185165070291
15 37 26 31 0.128647316 3.879911643356587
15 37 27 32 0.157203075 3.9664991027760594
15 37 28 33 0.216967852 4.253337565828149
15 37 29 34 0.305232161 4.221871787477399
15 37 30 35 0.797215514 6.700006935581459
15 37 31 36 1.67470284 6.202718142927116
16 28 17 20 2.85854731 11.453252581957512
16 28 18 21 0.745661426 6.832479669128427
16 28 19 22 0.397437527 5.61864066787844
16 28 20 23 0.340226195 5.868207688937774
16 28 21 24 0.313107834 5.400471292180933
16 28 22 25 0.400469865 5.661509336406445
16 28 23 26 0.891743915 8.171030385721586
16 28 24 27 2.43127833 9.741327251473704
16 38 17 22 2.97218102 11.00828200471531
16 38 18 23 0.798695544 6.712445493400177
16 38 19 24 0.416559409 5.761714004525751
16 38 20 25 0.260142788 5.09971907119064
16 38 21 26 0.185704624 4.68564132398406
16 38 22 27 0.155206457 4.680916464968639
16 38 23 28 0.114798058 3.8839094609449565
16 38 24 29 0.120639377 4.318620107732865
16 38 25 30 0.118219189 4.231982785647774
16 38 26 31 0.117906331 3.989070219952742
16 38 27 32 0.136680372 4.12218290462515
16 38 28 33 0.173069554 4.366837166886543
16 38 29 34 0.218227198 4.278025203193778
16 38 30 35 0.443038129 6.127959031164715
16 38 31 36 0.697392847 5.861071228130791
16 38 32 37 1.85128063 6.856722086498965
17 29 18 21 2.12630137 8.519385553206849
17 29 19 22 0.723375836 6.628277285472428
17 29 20 23 0.406733796 5.750063574661315
17 29 21 24 0.280596051 4.839709370302237
17 29 22 25 0.28631087 4.9382783379171125
17 29 23 26 0.385704709 5.452771861122262
17 29 24 27 0.617444651 5.657632107108082
17 29 25 28 1.55005472 6.210556026800701
17 39 18 23 2.23940658 8.29425226457272
17 39 19 24 0.7959535 6.689400641042137
17 39 20 25 0.393148639 5.437903862559348
17 39 21 26 0.244633215 4.795676565064645
17 39 22 27 0.191998944 4.844457648872014
17 39 23 28 0.129300319 3.8996057498612786
17 39 24 29 0.125804881 4.256298199303637
17 39 25 30 0.115761747 4.144011853612977
17 39 26 31 0.107131841 3.8350805037814495
17 39 27 32 0.117982199 3.991637026814431
17 39 28 33 0.137973221 4.161174311862919
17 39 29 34 0.156867894 3.958041920015687
17 39 30 35 0.270135044 5.295602642975144
17 39 31 36 0.365379959 5.053816529548957
17 39 32 37 0.664114885 5.58139456318067
17 39 33 38 1.40525225 5.2047344867846235
18 30 19 22 2.87295597 11.510983311748214
18 30 20 23 0.789412328 7.233368246702548
18 30 21 24 0.38940014 5.505014786088778
18 30 22 25 0.326389498 5.629552897160491
18 30 23 26 0.311821278 5.378280826183896
18 30 24 27 0.383263705 5.418262980070237
18 30 25 28 0.652838509 5.9819452695768325
18 30 26 29 3.10991649 12.460405655754126
18 40 19 24 3.02692876 11.211055172629838
18 40 20 25 0.824035587 6.925409818437049
18 40 21 26 0.398995194 5.518771506150925
18 40 22 27 0.285228651 5.591490743747542
18 40 23 28 0.170162393 4.293484584577796
18 40 24 29 0.149041697 4.494991683588054
18 40 25 30 0.127489512 4.31329353871174
18 40 26 31 0.108441758 3.881972605152804
18 40 27 32 0.113673187 4.069246072849648
18 40 28 33 0.12406125 4.1973067402556365
18 40 29 34 0.129558103 3.907380332139164
18 40 30 35 0.198170632 5.000179761270984
18 40 31 36 0.244813514 4.799211063391066
18 40 32 37 0.379318669 5.246612224177051
18 40 33 38 0.585171446 4.917933329009741
18 40 34 39 2.3512737 8.708582615156592
19 31 20 23 1.89134733 7.578002510198423
19 31 21 24 0.603755543 5.532199103821006
19 31 22 25 0.423756231 5.99071258000126
19 31 23 26 0.294359627 5.077102974020725
19 31 24 27 0.285827481 4.929940863941754
19 31 25 28 0.365890817 5.172659562164264
19 31 26 29 0.899666427 8.243624193421686
19 31 27 30 2.26332207 9.068382129393171
19 41 20 25 1.97987173 7.332994252484517
19 41 21 26 0.658877621 5.537379231683406
19 41 22 27 0.427009532 5.906256700566778
19 41 23 28 0.225071904 4.412205658447809
19 41 24 29 0.18138703 4.5767011348233115
19 41 25 30 0.14540306 4.385252977012566
19 41 26 31 0.114917671 3.887956272105752
19 41 27 32 0.11564986 4.140006549043193
19 41 28 33 0.119578306 4.280636137073499
19 41 29 34 0.116808882 3.951940736856394
19 41 30 35 0.164362844 4.95706659104184
19 41 31 36 0.191361487 4.8283735320787615
19 41 32 37 0.272186392 5.335816321769302
19 41 33 38 0.373390081 5.164609926860887
19 41 34 39 0.965925996 8.117893792591733
19 41 35 40 2.93944531 10.887036385797867
20 32 21 24 1.22218552 4.896892702668295
20 32 22 25 0.667755082 6.1186255083579795
20 32 23 26 0.3409132 4.819546820843056
20 32 24 27 0.268574084 4.632354968371026
20 32 25 28 0.269295954 4.644805753015676
20 32 26 29 0.4277228 6.046788628137866
20 32 27 30 0.692496185 6.3453277050186285
20 32 28 31 1.66504604 6.671288171441224
20 42 21 26 1.32789811 4.918232358676616
20 42 22 27 0.708189088 5.951805651016355
20 42 23 28 0.314021872 4.343448205799122
20 42 24 29 0.228950579 4.488241411814342
20 42 25 30 0.170535774 4.3029056178590706
20 42 26 31 0.124216707 3.74628762397743
20 42 27 32 0.119822824 4.0539100388853475
20 42 28 33 0.117012629 4.188790633907914
20 42 29 34 0.105879799 3.790260198078726
20 42 30 35 0.136468183 4.617064750970506
20 42 31 36 0.148694714 4.484526922848337
20 42 32 37 0.193387319 4.879488695127417
20 42 33 38 0.239275914 4.690654510485109
20 42 34 39 0.455372037 6.298557627472336
20 42 35 40 0.878315894 7.38159566401944
20 42 36 41 2.26849343 8.401983336561347
21 33 22 25 3.06122006 12.265295184544325
21 33 23 26 0.697047665 6.387032818733932
21 33 24 27 0.387684441 5.480759662905006
21 33 25 28 0.28466782 4.909939077786631
21 33 26 29 0.307310334 5.300476246012849
21 33 27 30 0.406310778 5.744083298576202
21 33 28 31 0.662523011 6.07068415389272
21 33 29 32 1.36423702 5.466046028714152
21 43 22 27 3.17358411 11.754233209040361
21 43 23 28 0.710081449 5.9677095460133405
21 43 24 29 0.396621856 5.485944268314909
21 43 25 30 0.250518305 4.911045151445265
21 43 26 31 0.156278123 3.9431610015454632
21 43 27 32 0.141342836 4.2627995060654085
21 43 28 33 0.127622577 4.317795465150431
21 43 29 34 0.104171004 3.729089155666982
21 43 30 35 0.120813493 4.324853071441539
21 43 31 36 0.121501147 4.1106919626546645
21 43 32 37 0.142642191 4.301987129640498
21 43 33 38 0.158907567 4.009506314872191
21 43 34 39 0.233726946 4.5818751045573665
21 43 35 40 0.329546088 4.558174102763516
21 43 36 41 0.527071147 4.429643275161947
21 43 37 42 1.38642817 5.135014378983343
22 34 23 26 1.6440328 6.5870950764228695
22 34 24 27 0.632413048 5.794787208090794
22 34 25 28 0.354601549 5.013061295804835
22 34 26 29 0.275727943 4.755744439864768
22 34 27 30 0.31592152 5.449001634823882
22 34 28 31 0.426475897 6.029160952267441
22 34 29 32 0.637578788 5.842120773024329
22 34 30 33 2.65608927 10.642070251248402
22 44 23 28 1.6950996 6.27826309949322
22 44 24 29 0.681194732 5.724938048410274
22 44 25 30 0.363228058 5.024052136139102
22 44 26 31 0.197442643 3.870574386145908
22 44 27 32 0.170439259 4.300470381392453
22 44 28 33 0.146284322 4.41183121277341
22 44 29 34 0.111908136 3.7861360700641375
22 44 30 35 0.122347141 4.379754242648551
22 44 31 36 0.117883047 4.219949653213299
22 44 32 37 0.131807408 4.45937891173936
22 44 33 38 0.140527275 4.238202765782327
22 44 34 39 0.190614726 4.809531490747903
22 44 35 40 0.244824365 4.799423781383623
22 44 36 41 0.35082757 4.852532626967354
22 44 37 42 0.675900166 5.680441135971997
22 44 38 43 2.47701538 9.174301178014069
23 35 24 27 3.02593404 12.123915785904249
23 35 25 28 0.843093869 7.7252510566495705
23 35 26 29 0.340963979 4.82026469204316
23 35 27 30 0.302566674 5.21865778965999
23 35 28 31 0.298055293 5.1408456721305695
23 35 29 32 0.294213014 4.159338495178108
23 35 30 33 0.547049703 5.0126047069387285
23 35 31 34 1.17843524 4.721599816796358
23 45 24 29 3.16234846 11.712618918768674
23 45 25 30 0.926007659 7.782409685646874
23 45 26 31 0.342159655 4.732640851228977
23 45 27 32 0.267553576 5.244996736532455
23 45 28 33 0.207404289 5.2331605232938765
23 45 29 34 0.139894059 4.219105421138465
23 45 30 35 0.138393739 4.682211194179321
23 45 31 36 0.12352088 4.421771475932426
23 45 32 37 0.127402779 4.560734785379789
23 45 33 38 0.127120646 4.300813866388181
23 45 34 39 0.155876249 4.701116915784318
23 45 35 40 0.179227647 4.522216254473166
23 45 36 41 0.232982051 4.567272527000865
23 45 37 42 0.367209248 5.079118658901712
23 45 38 43 0.816074653 6.858504054466046
23 45 39 44 1.78662379 6.617247867578827
24 36 25 28 2.12904029 8.530359498767249
24 36 26 29 0.490443963 4.493927524211604
24 36 27 30 0.37762164 5.338500165272394
24 36 28 31 0.316155973 5.4530454707116345
24 36 29 32 0.250862031 4.326858192611378
24 36 30 33 0.358276885 5.065020134401669
24 36 31 34 0.600984072 5.506804174432398
24 36 32 35 3.48893956 13.979025599497147
24 46 25 30 2.27112531 8.411731221043354
24 46 26 31 0.526751866 4.426959954432692
24 46 27 32 0.378918492 5.241077106315413
24 46 28 33 0.272485029 5.3416706635943125
24 46 29 34 0.166962756 4.212752338788653
24 46 30 35 0.153326505 4.624218448402545
24 46 31 36 0.128895997 4.360878493486648
24 46 32 37 0.124469216 4.455719785517006
24 46 33 38 0.117390597 4.202321043675195
24 46 34 39 0.132315517 4.476569527910684
24 46 35 40 0.137841532 4.157202665191317
24 46 36 41 0.165478708 4.175307301148794
24 46 37 42 0.226471239 4.439637575516694
24 46 38 43 0.395086464 5.464707226496375
24 46 39 44 0.589453448 4.9539203897158535
24 46 40 45 1.9800208 7.333546373834933
25 37 26 29 0.889308106 3.5631631232999412
25 37 27 30 0.559647375 5.128036905544035
25 37 28 31 0.388098309 5.486610583912608
25 37 29 32 0.237112288 4.08970317991896
25 37 30 33 0.252187747 4.3497240887089665
25 37 31 34 0.309061959 4.369260509543124
25 37 32 35 0.77221318 7.075772822105204
25 37 33 36 1.59128504 6.375752267332726
25 47 26 31 0.975765519 3.6140133899480302
25 47 27 32 0.605529986 5.089031804645166
25 47 28 33 0.393229017 5.439015624863234
25 47 29 34 0.215164135 4.217978330791694
25 47 30 35 0.182651036 4.608594141145888
25 47 31 36 0.144169944 4.348063074612976
25 47 32 37 0.130436252 4.412989226638316
25 47 33 38 0.116517892 4.171080154880494
25 47 34 39 0.12217352 4.373538998833717
25 47 35 40 0.116718163 3.948871482998568
25 47 36 41 0.131445234 3.9642948622443943
25 47 37 42 0.162502689 4.1002173151969
25 47 38 43 0.246797781 4.838109717242021
25 47 39 44 0.310318717 4.292227372555551
25 47 40 45 0.599611247 5.039289179654182
25 47 41 46 2.03315312 7.530336393752622
26 38 27 30 2.19809119 8.807023591729731
26 38 28 31 0.90720917 8.312738185912107
26 38 29 32 0.366993415 5.188247174159247
26 38 30 33 0.294393703 5.07769071549433
26 38 31 34 0.274373811 4.732388425745289
26 38 32 35 0.461659212 6.526553349965652
26 38 33 36 0.665635241 6.099201450696875
26 38 34 37 1.76591179 7.075423834187553
26 48 27 32 2.32213565 8.600661910021513
26 48 28 33 0.962793016 8.091563412211006
26 48 29 34 0.384763468 5.3219229096935265
26 48 30 35 0.278477419 5.4591427096193295
26 48 31 36 0.196306494 4.953144410948156
26 48 32 37 0.160352483 4.836116952745747
26 48 33 38 0.133130714 4.504149709979913
26 48 34 39 0.128668095 4.606030270619539
26 48 35 40 0.111712778 3.9990678115114737
26 48 36 41 0.118507927 4.009423738442285
26 48 37 42 0.134484675 4.055962243203942
26 48 38 43 0.186212079 4.698445270740185
26 48 39 44 0.213542853 4.186195467239166
26 48 40 45 0.334638687 4.6286132726484865
26 48 41 46 0.702187344 5.901365430374105
26 48 42 47 2.36342182 8.753576486622443
27 39 28 31 2.45595688 9.84020603004689
27 39 29 32 0.60128438 5.509555890201689
27 39 30 33 0.373090908 5.274448450622765
27 39 31 34 0.270594531 4.667203556735869
27 39 32 35 0.32951272 5.683422104246852
27 39 33 36 0.374447283 5.293623750432574
27 39 34 37 0.633731309 5.8068664053873755
27 39 35 38 1.25388872 5.023916927870402
27 49 28 33 2.56730756 9.508722861475501
27 49 29 34 0.656742261 5.519433109764405
27 49 30 35 0.400744555 5.542968097453154
27 49 31 36 0.253296235 4.96550240820163
27 49 32 37 0.18957877 4.783392571108351
27 49 33 38 0.148436939 4.4767526120040575
27 49 34 39 0.134840697 4.562002771847519
27 49 35 40 0.108315029 3.8774359901499524
27 49 36 41 0.109363168 3.914957024108036
27 49 37 42 0.115485228 3.90715816489322
27 49 38 43 0.148232638 4.470591039005136
27 49 39 44 0.15816008 3.990645955335096
27 49 40 45 0.215645994 4.227424472085162
27 49 41 46 0.352888845 4.8810435110767525
27 49 42 47 0.68405168 5.748948583928522
27 49 43 48 1.93497235 7.166697168440533
28 40 29 32 1.52113294 6.094676030586887
28 40 30 33 0.641643957 5.879369829466832
28 40 31 34 0.352856491 4.988391119536839
28 40 32 35 0.31666733 5.461865335622954
28 40 33 36 0.295527063 5.097238863062257
28 40 34 37 0.390485477 5.52035837644519
28 40 35 38 0.501751021 4.597533854388936
28 40 36 39 2.23042508 8.93657478293504
28 50 29 34 1.62652071 6.024262500064606
28 50 30 35 0.711764432 5.9818537737340085
28 50 31 36 0.378126035 5.230116099322808
28 50 32 37 0.250178781 4.904389279755573
28 50 33 38 0.182570833 4.6065704839907085
28 50 34 39 0.155916821 4.702340538476876
28 50 35 40 0.115131166 3.895179349436593
28 50 36 41 0.111096001 3.9769885732028483
28 50 37 42 0.110315866 3.949061483544998
28 50 38 43 0.134022719 4.534328501494925
28 50 39 44 0.136252954 4.109292281436555
28 50 40 45 0.172418975 4.350421959869855
28 50 41 46 0.253565971 4.970790188170324
28 50 42 47 0.407057652 5.630288797960556
28 50 43 48 0.755766291 6.351656863740707
28 50 44 49 2.13989341 7.925678132926063
29 41 30 33 3.08856168 12.37484400284249
29 41 31 34 0.881782424 8.07975345713375
29 41 32 35 0.478564996 6.765553240644744
29 41 33 36 0.342807279 5.912726121666314
29 41 34 37 0.35283118 6.085617961817984
29 41 35 38 0.342378227 4.840258152115354
29 41 36 39 0.90482612 8.29090234982379
29 41 37 40 2.82513662 11.319387009689798
29 51 30 35 3.25227023 12.045668687898534
29 51 31 36 0.968564347 8.140067181955176
29 51 32 37 0.463207232 6.406931491522278
29 51 33 38 0.289987621 5.684783393737224
29 51 34 39 0.219618585 5.541347841671976
29 51 35 40 0.140792294 4.24619555051956
29 51 36 41 0.125714805 4.253250699766632
29 51 37 42 0.112436539 4.024976837946457
29 51 38 43 0.125373658 4.488096787990072
29 51 39 44 0.118728736 4.016894266943401
29 51 40 45 0.136761167 4.12461962441824
29 51 41 46 0.180186213 4.5464024936987775
29 51 42 47 0.248702902 4.875456829461891
29 51 43 48 0.367418921 5.082018787513309
29 51 44 49 0.669758485 5.628824848313891
29 51 45 50 1.41456424 5.239223978257485
30 42 31 34 2.21490072 8.874373812662053
30 42 32 35 0.72472125 6.640605285126202
30 42 33 36 0.41582808 5.878630985779582
30 42 34 37 0.348143773 6.00476975494026
30 42 35 38 0.2536963 4.375743550008147
30 42 36 39 0.442673036 6.258142610279519
30 42 37 40 0.825579602 7.564768203407291
30 42 38 41 2.16971505 8.693329794329895
30 52 31 36 2.36965373 8.776658062827382
30 52 32 37 0.75531927 6.347899982762158
30 52 33 38 0.413372568 5.717634658283216
30 52 34 39 0.289588984 5.676968698096374
30 52 35 40 0.166315192 4.196413205314387
30 52 36 41 0.140996535 4.252355313961113
30 52 37 42 0.117172175 3.9642318604553237
30 52 38 43 0.123268013 4.412719402406034
30 52 39 44 0.110906908 3.970219466362786
30 52 40 45 0.119825119 4.053987684556086
30 52 41 46 0.146958811 4.43217332177175
30 52 42 47 0.185056126 4.66927862411224
30 52 43 48 0.24166178 4.737425925656939
30 52 44 49 0.374185559 5.175612719341064
30 52 45 50 0.583164117 4.901063212979869
30 52 46 51 2.46575028 9.132577811645449
31 43 32 35 1.69210325 6.779697453039949
31 43 33 36 0.658174653 6.0308402427111165
31 43 34 37 0.438114539 6.193698377189769
31 43 35 38 0.232105135 4.003340006929625
31 43 36 39 0.271562421 4.683897684417736
31 43 37 40 0.325863333 4.606784338621889
31 43 38 41 0.495679876 4.541904082840541
31 43 39 42 1.28656378 5.1548350743014355
31 53 32 37 1.78041787 6.594262552418345
31 53 33 38 0.706034733 5.93369989016722
31 53 34 39 0.43652866 6.037922177143429
31 53 35 40 0.216568965 4.245517969302759
31 53 36 41 0.171645334 4.330901690737901
31 53 37 42 0.130270184 3.9288561891474285
31 53 38 43 0.127800256 4.3238067963622475
31 53 39 44 0.108258522 3.8754131658242956
31 53 40 45 0.108754681 3.8931745492740184
31 53 41 46 0.123419787 4.1756044200426405
31 53 42 47 0.141206549 4.258689186980802
31 53 43 48 0.164216695 4.143464581582451
31 53 44 49 0.224132269 4.393785487870341
31 53 45 50 0.289985913 4.010990653309876
31 53 46 51 0.6247106 5.250230683206768
31 53 47 52 1.77644084 6.579532538503779
32 44 33 36 1.43933815 5.766951390004264
32 44 34 37 0.719886577 6.596305280019884
32 44 35 38 0.292515404 4.135339099207135
32 44 36 39 0.2797852 4.825723844958478
32 44 37 40 0.271253979 4.678577689242198
32 44 38 41 0.347100336 4.90701539536268
32 44 39 42 0.61798598 5.66259229313601
32 44 40 43 2.35205981 9.423924871756276
32 54 33 38 1.53333688 5.679130803167002
32 54 34 39 0.747460571 6.281853428373795
32 54 35 40 0.304042706 4.205419633515241
32 54 36 41 0.223240994 4.376313344398213
32 54 37 42 0.154164024 3.8898187130013007
32 54 38 43 0.141934359 4.280639419453211
32 54 39 44 0.114103317 3.8604046108645975
32 54 40 45 0.108227062 3.874286968126928
32 54 41 46 0.115925913 4.14988862955659
32 54 42 47 0.124062721 4.197356507916489
32 54 43 48 0.133745835 4.0336793537686315
32 54 44 49 0.17049869 4.301969925903125
32 54 45 50 0.20244823 3.9687016019056007
32 54 46 51 0.343837094 4.755842640863833
32 54 47 52 0.64049492 5.382886221911496
32 54 48 53 2.29132062 8.48653005266117
33 45 34 37 2.76264951 11.069021849930886
33 45 35 38 0.533592203 4.889293922792981
33 45 36 39 0.372534039 5.266575900605412
33 45 37 40 0.260563262 4.494184633617373
33 45 38 41 0.269527542 4.648800173498984
33 45 39 42 0.352727575 4.986568612523453
33 45 40 43 0.755165686 6.919566999860365
33 45 41 44 1.6930711 6.783575307526622
33 55 34 39 2.84368153 10.532349141318553
33 55 35 40 0.585456258 4.9203269632803055
33 55 36 41 0.36170541 5.002991365175786
33 55 37 42 0.209821663 4.113246977079508
33 55 38 43 0.175654693 4.432064590230847
33 55 39 44 0.131263225 3.9588056001264373
33 55 40 45 0.116136289 3.9291852097893303
33 55 41 46 0.116539417 4.171850701779282
33 55 42 47 0.115892936 4.148708126649212
33 55 43 48 0.115351034 3.9026180415210803
33 55 44 49 0.137916614 4.159467084963638
33 55 45 50 0.152099649 3.8377310449624065
33 55 46 51 0.217943865 4.272470873916744
33 55 47 52 0.321269643 4.4436970125000546
33 55 48 53 0.659245381 5.540469982562382
33 55 49 54 1.64455963 6.091074553934898
34 46 35 38 1.16876248 4.682844270209076
34 46 36 39 0.619301393 5.674645394269615
34 46 37 40 0.311957998 4.410202296354217
34 46 38 41 0.258621358 4.460690751748639
34 46 39 42 0.255306021 4.403507952890896
34 46 40 43 0.383333981 5.419256483614194
34 46 41 44 0.554047689 5.076727102710674
34 46 42 45 1.88385348 7.547977134525594
34 56 35 40 1.27555924 4.724381096963043
34 56 36 41 0.651548041 5.475779531260493
34 56 37 42 0.310760878 4.298343199424211
34 56 38 43 0.234440411 4.5958615429095495
34 56 39 44 0.162112903 4.090382356057108
34 56 40 45 0.134412817 4.053795056980887
34 56 41 46 0.127653476 4.31884085668862
34 56 42 47 0.119440912 4.275717738903373
34 56 43 48 0.111655004 3.996999631417141
34 56 44 49 0.127993784 4.3303543394413975
34 56 45 50 0.134977534 4.070826520455037
34 56 46 51 0.178643865 4.507486448588537
34 56 47 52 0.240959523 4.723659203760435
34 56 48 53 0.417908621 5.780375865253219
34 56 49 54 0.761321692 6.398345901493095
34 56 50 55 2.23082195 8.262456748986613
35 47 36 39 3.44720024 13.81178996449933
35 47 37 40 0.723644475 6.630738818873291
35 47 38 41 0.409875646 5.79448043261538
35 47 39 42 0.284965777 4.915078228105061
35 47 40 43 0.302397896 5.215746713523353
35 47 41 44 0.331076881 4.68048913705361
35 47 42 45 0.5687279 5.211241561550356
35 47 43 46 1.91116805 7.657417572430243
35 57 36 41 3.55939357 13.183183635406698
35 57 37 42 0.779851709 6.5540769933198435
35 57 38 43 0.443704126 6.137170884645792
35 57 39 44 0.260075939 5.098408594268289
35 57 40 45 0.189156031 4.772726152119992
35 57 41 46 0.162223643 4.892549808838781
35 57 42 47 0.136324026 4.612187554039513
35 57 43 48 0.114085103 4.083991745154445
35 57 44 49 0.122076963 4.370082474006485
35 57 45 50 0.119833232 4.05426216792284
35 57 46 51 0.14171818 4.274119614413911
35 57 47 52 0.171644527 4.330881328764854
35 57 48 53 0.253713308 4.973678514671969
35 57 49 54 0.374901538 5.185515907558921
35 57 50 55 0.686113933 5.766280295567696
35 57 51 56 1.3634318 5.049841058670311
36 48 37 40 1.55751186 6.2404343176585195
36 48 38 41 0.628358828 5.757638477100686
36 48 39 42 0.345019147 4.8775932790335865
36 48 40 43 0.293970085 5.070384169316213
36 48 41 44 0.272376413 4.697937385602806
36 48 42 45 0.33941815 4.798411049407683
36 48 43 46 0.635253464 5.820813879037116
36 48 44 47 2.28033032 9.136528555567619
36 58 37 42 1.65988237 6.1478264953105715
36 58 38 43 0.702528477 5.904232401006034
36 58 39 44 0.357825299 4.9493229342033995
36 58 40 45 0.238265439 4.6708456252645
36 58 41 46 0.19156693 4.833557205967912
36 58 42 47 0.149830908 4.5187937265934845
36 58 43 48 0.116039943 3.925925580249916
36 58 44 49 0.118269888 4.233797696552378
36 58 45 50 0.110162746 3.9435801297172506
36 58 46 51 0.120049564 4.061581228159078
36 58 47 52 0.133931864 4.039289856230276
36 58 48 53 0.177808687 4.486413497008816
36 58 49 54 0.233150288 4.57057056745002
36 58 50 55 0.354564438 4.904219767441148
36 58 51 56 0.514947098 4.327749607815015
36 58 52 57 1.90481115 7.054986948582989
37 49 38 41 1.70374254 6.826332234202501
37 49 39 42 0.588853029 5.395647687355618
37 49 40 43 0.377901318 5.342454019848162
37 49 41 44 0.291982517 5.036102676617256
37 49 42 45 0.270241475 4.6611140610877575
37 49 43 46 0.331567398 4.687423657770084
37 49 44 47 0.653225303 5.9854894547109865
37 49 45 48 1.85928062 7.449521820787554
37 59 38 43 1.85035767 6.853303652732413
37 59 39 44 0.648496524 5.450133787161182
37 59 40 45 0.366437217 5.068440177685055
37 59 41 46 0.267915024 5.2520823961927325
37 59 42 47 0.190371514 4.803394841195822
37 59 43 48 0.133000341 4.011195784421156
37 59 44 49 0.128235763 4.338541102735338
37 59 45 50 0.112571854 4.0298208125624555
37 59 46 51 0.113087098 4.048265396363552
37 59 47 52 0.117414114 3.9724172704478127
37 59 48 53 0.142858466 4.308509829971587
37 59 49 54 0.171431104 4.325496305997254
37 59 50 55 0.233321628 4.57392943767808
37 59 51 56 0.290648939 4.020161412887089
37 59 52 57 0.628232273 5.279827740853653
37 59 53 58 2.20241204 8.157232908680756
38 50 39 42 1.29196103 5.176460067976271
38 50 40 43 0.56224966 5.151881587239797
38 50 41 44 0.369153383 5.218783002362797
38 50 42 45 0.277254532 4.782074985364499
38 50 43 46 0.26243619 4.526488820220132
38 50 44 47 0.405902908 5.738317172295914
38 50 45 48 0.719450872 6.592312924440748
38 50 46 49 2.01582479 8.07674247687769
38 60 39 44 1.39840495 5.179373646087617
38 60 40 45 0.578995992 4.866033204258324
38 60 41 46 0.375742178 5.197143366106531
38 60 42 47 0.241428514 4.732853086724882
38 60 43 48 0.153278965 3.8674871795411314
38 60 44 49 0.141124425 4.2562123854920015
38 60 45 50 0.118214093 3.999482588980094
38 60 46 51 0.111511773 3.9918722816907684
38 60 47 52 0.109538199 3.921222742771989
38 60 48 53 0.125242011 4.237254879613663
38 60 49 54 0.14145132 4.266071306424756
38 60 50 55 0.180054297 4.54307403020885
38 60 51 56 0.206866013 4.055305779521633
38 60 52 57 0.361115281 4.994828893148233
38 60 53 58 0.805441073 6.769136677014256
38 60 54 59 2.62904098 9.737369398110586
39 51 40 43 2.25957644 9.053374630192971
39 51 41 44 0.901796685 8.263143701830584
39 51 42 45 0.43490078 6.148264929698132
39 51 43 46 0.257845036 4.4473007812042145
39 51 44 47 0.302198224 5.212302778920771
39 51 45 48 0.380149428 5.374235926220241
39 51 46 49 0.617406253 5.657280267056836
39 51 47 50 1.29202187 5.176703833711632
39 61 40 45 2.33822567 8.660255681877814
39 61 41 46 0.961857004 8.083696923436444
39 61 42 47 0.452012379 6.2520879328002446
39 61 43 48 0.22225548 4.356993783093575
39 61 44 49 0.186594783 4.7081015390582746
39 61 45 50 0.14327499 4.321071897860648
39 61 46 51 0.122251035 4.136062575612673
39 61 47 52 0.110523125 3.9564808925900947
39 61 48 53 0.116131642 4.157253268020726
39 61 49 54 0.121334836 4.1050652397151595
39 61 50 55 0.142760527 4.305556059319748
39 61 51 56 0.150163464 3.7888778271401184
39 61 52 57 0.217195424 4.257798782213933
39 61 53 58 0.348637353 4.822238259131215
39 61 54 59 0.636241822 5.347142077953822
39 61 55 60 1.49714262 5.545075502244588
40 52 41 44 2.84197316 11.386845450748881
40 52 42 45 0.832382076 7.627099126912478
40 52 43 46 0.323903009 4.579070910975139
40 52 44 47 0.30541887 5.267852351229706
40 52 45 48 0.299560856 5.166813562030347
40 52 46 49 0.365561256 5.168000503289971
40 52 47 50 0.520240766 4.76695499164362
40 52 48 51 2.35078266 9.418807754581453
40 62 41 46 2.96339369 10.975735734465427
40 62 42 47 0.894394331 7.516723038639635
40 62 43 48 0.331650854 4.5872865402128635
40 62 44 49 0.254934389 4.997616022649965
40 62 45 50 0.180923665 4.5650096532364675
40 62 46 51 0.14205107 4.284159340287065
40 62 47 52 0.120243588 4.068145552176218
40 62 48 53 0.118851651 4.254623511905644
40 62 49 54 0.117582423 4.209187985807912
40 62 50 55 0.131807839 4.459393493562493
40 62 51 56 0.131745713 3.9733570953863913
40 62 52 57 0.175639383 4.431678293071816
40 62 53 58 0.251915747 4.938439959016416
40 62 54 59 0.395772239 5.47419264282856
40 62 55 60 0.689835868 5.797560407251251
40 62 56 61 2.01264575 7.454381762922282
41 53 42 45 2.16335647 8.66785306964956
41 53 43 46 0.477693298 4.377093454025482
41 53 44 47 0.360643944 5.09848364264423
41 53 45 48 0.277933086 4.793778657388223
41 53 46 49 0.257715233 4.445061944295588
41 53 47 50 0.272955218 3.8588134843251103
41 53 48 51 0.577198207 5.288854803097836
41 53 49 52 1.68368712 6.745976806781837
41 63 42 47 2.27935058 8.442195748982813
41 63 43 48 0.52648732 4.4247366409074855
41 63 44 49 0.359854152 4.977385367773888
41 63 45 50 0.233288057 4.573271327298564
41 63 46 51 0.167811692 4.234172427946034
41 63 47 52 0.132631171 4.00006187952587
41 63 48 53 0.123139033 4.166105800154853
41 63 49 54 0.115089747 4.119955755309381
41 63 50 55 0.122646707 4.390478036018216
41 63 51 56 0.116171466 3.93037533691768
41 63 52 57 0.142874254 4.308985984833811
41 63 53 58 0.185300162 4.67543606457608
41 63 54 59 0.260368106 5.104136101201414
41 63 55 60 0.384412763 5.317072072414858
41 63 56 61 0.74449714 6.256947981973869
41 63 57 62 1.86536096 6.908872424017591
42 54 43 46 1.27702211 5.116604761939144
42 54 44 47 0.646714045 5.9258269371739045
42 54 45 48 0.37301334 5.273351858857475
42 54 46 49 0.266679035 4.599669239652479
42 54 47 50 0.226832529 3.9123983113028693
42 54 48 51 0.336401316 4.755761563515934
42 54 49 52 0.597282013 5.472882287139526
42 54 50 53 2.22673112 8.921774308316467
42 64 43 48 1.38131566 5.1160788055935615
42 64 44 49 0.686006692 5.765379014256481
42 64 45 50 0.368256263 5.093600629199611
42 64 46 51 0.229525944 4.499520601546851
42 64 47 52 0.16413753 4.141467114920484
42 64 48 53 0.140260078 4.23014429411262
42 64 49 54 0.121999786 4.127562184707515
42 64 50 55 0.122449132 4.3834052925326015
42 64 51 56 0.108955476 3.900362561564004
42 64 52 57 0.1231844 4.167640680827788
42 64 53 58 0.144576245 4.360316824085739
42 64 54 59 0.184407206 4.652905276467651
42 64 55 60 0.241820385 4.740535144826552
42 64 56 61 0.385437443 5.331245112270879
42 64 57 62 0.625903285 5.260254318762817
42 64 58 63 1.99632991 7.39395160518451
43 55 44 47 2.36459608 9.474153554781157
43 55 45 48 0.760301076 6.966622468394211
43 55 46 49 0.377389902 5.3352240464797855
43 55 47 50 0.246179718 4.246097846840197
43 55 48 51 0.260823515 4.498673466864528
43 55 49 52 0.322395174 4.557754395860424
43 55 50 53 0.64462837 5.906715941838725
43 55 51 54 1.55657605 6.236684836843133
44 56 45 48 1.72228723 6.900634666728658
44 56 46 49 0.562088609 5.150405880377642
44 56 47 50 0.296562631 4.192555422954882
44 56 48 51 0.259730179 4.479815651634303
44 56 49 52 0.268133138 4.624749549547804
44 56 50 53 0.428211086 6.053691608834895
44 56 51 54 0.711257617 6.517238304432866
44 56 52 55 2.1111808 8.458802435765573
45 57 46 49 1.90188775 7.620234483116134
45 57 47 50 0.541157807 4.95861739013656
45 57 48 51 0.332191053 4.696240372618769
45 57 49 52 0.25477819 4.394403945092027
45 57 50 53 0.308115359 5.314361284743588
45 57 51 54 0.370082862 5.2319232021540945
45 57 52 55 0.632920905 5.799440690899926
45 57 53 56 1.23448818 4.946185387773425
46 58 47 50 1.89620652 7.597471675609479
46 58 48 51 0.643402302 5.895481507025721
46 58 49 52 0.33534912 4.740886493009119
46 58 50 53 0.307128196 5.297334737135063
46 58 51 54 0.278088723 4.796463078086879
46 58 52 55 0.351475779 4.9688717634951844
46 58 53 56 0.454636591 4.16582534182123
46 58 54 57 1.79535184 7.193380366687781
47 59 48 51 2.23960996 8.97337555590352
47 59 49 52 0.619545309 5.6768803913512205
47 59 50 53 0.414618467 5.861530484864391
47 59 51 54 0.284798378 4.912190936904805
47 59 52 55 0.279311941 4.817561092814544
47 59 53 56 0.274342334 3.8784233747838566
47 59 54 57 0.578205412 5.2980838009314235
47 59 55 58 2.11124635 8.459065072911413
48 60 49 52 1.81820675 7.28495242360361
48 60 50 53 0.734898311 6.733857477005013
48 60 51 54 0.373113089 5.274762027122687
48 60 52 55 0.291299685 5.024325217822077
48 60 53 56 0.22993578 3.9659230593867254
48 60 54 57 0.349521269 4.94124052933703
48 60 55 58 0.760666745 6.96997308560601
48 60 56 59 2.5639047 10.27271720234989
49 61 50 53 2.0553873 8.235256354965726
49 61 51 54 0.624206623 5.719591911655106
49 61 52 55 0.37017652 5.233247260935469
49 61 53 56 0.226246038 3.9022825381899473
49 61 54 57 0.247202139 4.263732523010653
49 61 55 58 0.345072049 4.878341163439107
49 61 56 59 0.61947868 5.676269871251882
49 61 57 60 1.41060405 5.651823365408014
50 62 51 54 1.34650767 5.3950103936020195
50 62 52 55 0.561124429 5.141571119697155
50 62 53 56 0.271567837 3.8391998475171247
50 62 54 57 0.243146747 4.193785285361722
50 62 55 58 0.275055707 4.744149740450219
50 62 56 59 0.404978924 5.725254656236959
50 62 57 60 0.64224666 5.884892384141696
50 62 58 61 1.87503173 7.5126313032316965
51 63 52 55 2.37476643 9.514902779742178
51 63 53 56 0.557419507 5.1076229987966295
51 63 54 57 0.337799691 4.77553062433727
51 63 55 58 0.27229287 4.696496439308366
51 63 56 59 0.319776982 5.515500487896636
51 63 57 60 0.382408039 5.4061662869823675
51 63 58 61 0.674403218 6.179542236076172
51 63 59 62 1.73269428 6.942332270216306
52 64 53 56 1.6498233 6.610295692639302
52 64 54 57 0.593529448 5.438497614450848
52 64 55 58 0.328460833 4.643505629751537
52 64 56 59 0.308705692 5.32454332451755
52 64 57 60 0.283836297 4.895597002620641
52 64 58 61 0.364404964 5.15165381025325
52 64 59 62 0.561117442 5.141507097965866
52 64 60 63 1.89150148 7.578620138208053
