64
# x y z
0.0 0.0 0.0
0.5 0.0 0.0
1.0 0.0 0.0
1.5 0.0 0.0
2.0 0.0 0.0
2.5 0.0 0.0
3.0 0.0 0.0
3.5 0.0 0.0
4.0 0.0 0.0
4.5 0.0 0.0
5.0 0.0 0.0
5.5 0.0 0.0
6.0 0.0 0.0
6.5 0.0 0.0
7.0 0.0 0.0
7.5 0.0 0.0
8.0 0.0 0.0
8.5 0.0 0.0
9.0 0.0 0.0
9.5 0.0 0.0
10.0 0.0 0.0
10.5 0.0 0.0
11.0 0.0 0.0
11.5 0.0 0.0
12.0 0.0 0.0
12.5 0.0 0.0
13.0 0.0 0.0
13.5 0.0 0.0
14.0 0.0 0.0
14.5 0.0 0.0
15.0 0.0 0.0
15.5 0.0 0.0
16.0 0.0 0.0
16.5 0.0 0.0
17.0 0.0 0.0
17.5 0.0 0.0
18.0 0.0 0.0
18.5 0.0 0.0
19.0 0.0 0.0
19.5 0.0 0.0
20.0 0.0 0.0
20.5 0.0 0.0
21.0 0.0 0.0
21.5 0.0 0.0
22.0 0.0 0.0
22.5 0.0 0.0
23.0 0.0 0.0
23.5 0.0 0.0
24.0 0.0 0.0
24.5 0.0 0.0
25.0 0.0 0.0
25.5 0.0 0.0
26.0 0.0 0.0
26.5 0.0 0.0
27.0 0.0 0.0
27.5 0.0 0.0
28.0 0.0 0.0
28.5 0.0 0.0
29.0 0.0 0.0
29.5 0.0 0.0
30.0 0.0 0.0
30.5 0.0 0.0
31.0 0.0 0.0
31.5 0.0 0.0
1400
# a b m n r rhoa
1 13 2 5 1.93621208 7.757760708349909
1 13 3 6 0.719408495 6.591924624897762
1 13 4 7 0.436542894 6.171479769452539
1 13 5 8 0.30355686 5.235736477850589
1 13 6 9 0.27585154 4.757876235935702
1 13 7 10 0.380047408 5.3727936524489035
1 13 8 11 0.719032332 6.588477851388817
1 13 9 12 2.10911141 8.450511075228121
1 23 2 7 2.06611152 7.652406805743952
1 23 3 8 0.775366657 6.516383447498502
1 23 4 9 0.429750123 5.944163662225102
1 23 5 10 0.264059576 5.176501974207005
1 23 6 11 0.189597645 4.78386881923877
1 23 7 12 0.14401739 4.343462154366489
1 23 8 13 0.129935467 4.39604639996263
1 23 9 14 0.124310938 4.450053786815672
1 23 10 15 0.116971821 4.187329798700215
1 23 11 16 0.128645651 4.352408653361741
1 23 12 17 0.151284226 4.56262476485393
1 23 13 18 0.189826909 4.789653537192276
1 23 14 19 0.274027159 5.371901867894527
1 23 15 20 0.402484926 5.56704034200488
1 23 16 21 0.795037648 6.681703582161311
1 23 17 22 2.33391818 8.644301719338719
1 57 4 16 0.497222404 5.738917927312762
1 57 5 17 0.311708476 5.066823386038807
1 57 6 18 0.221483734 4.726671498839509
1 57 7 19 0.163815683 4.3826597116387775
1 57 8 20 0.133271798 4.32328128312886
1 57 9 21 0.114439776 4.387401269207528
1 57 10 22 0.096169506 4.268098041595751
1 57 11 23 0.083395607 4.210914081037361
1 57 12 24 0.074164884 4.197243364061226
1 57 13 25 0.065845811 4.121602192627713
1 57 14 26 0.060565945 4.143106609939738
1 57 15 27 0.057080742 4.220307934993331
1 57 16 28 0.052900456 4.183854791062378
1 57 17 29 0.049652773 4.159700983657642
1 57 18 30 0.047628828 4.187013127274817
1 57 19 31 0.045599836 4.168302775477696
1 57 20 32 0.044508439 4.193166833142563
1 57 21 33 0.04369694 4.205963816834676
1 57 22 34 0.043120665 4.204083934352042
1 57 23 35 0.043102142 4.2202587812735715
1 57 24 36 0.043194338 4.2112667427733745
1 57 25 37 0.043853472 4.221030499494303
1 57 26 38 0.044141859 4.158631110654219
1 57 27 39 0.045354384 4.145865890993143
1 57 28 40 0.047502354 4.175894896562548
1 57 29 41 0.049774252 4.169877984563387
1 57 30 42 0.053462657 4.228318818884558
1 57 31 43 0.056741248 4.1952071887191735
1 57 32 44 0.060761375 4.156475299634585
1 57 33 45 0.06650565 4.162904651020719
1 57 34 46 0.073965921 4.185983370295933
1 57 35 47 0.082744204 4.178022635506783
1 57 36 48 0.095537278 4.240039136014579
1 57 37 49 0.11123716 4.264619121301329
1 57 38 50 0.131796497 4.275423136874382
1 57 39 51 0.166596792 4.457064397104552
1 57 40 52 0.218518027 4.663380518063427
1 57 41 53 0.307307224 4.99528100500503
1 57 42 54 0.471174623 5.4382756470272255
2 14 3 6 1.90782896 7.644038944401209
2 14 4 7 0.750614216 6.877861977774848
2 14 5 8 0.397032545 5.612915369736277
2 14 6 9 0.283378536 4.887701559355622
2 14 7 10 0.284116305 4.900426569311014
2 14 8 11 0.394727858 5.580333624870169
2 14 9 12 0.709526358 6.501374815311604
2 14 10 13 1.91222251 7.661642444509612
2 24 3 8 2.02641536 7.505381264283391
2 24 4 9 0.78635215 6.608708393511509
2 24 5 10 0.400786873 5.543553426239337
2 24 6 11 0.255897157 5.016489681875653
2 24 7 12 0.176255181 4.447215916712392
2 24 8 13 0.147222608 4.440129251857245
2 24 9 14 0.13261755 4.486788070337748
2 24 10 15 0.116850176 4.1829751795363155
2 24 11 16 0.119020005 4.260650208890469
2 24 12 17 0.13005368 4.400045845572649
2 24 13 18 0.149927016 4.521692275586296
2 24 14 19 0.197376522 4.980143024696299
2 24 15 20 0.262103239 5.138150847176814
2 24 16 21 0.423713298 5.860664265995233
2 24 17 22 0.86304496 7.2532547550481095
2 24 18 23 2.47835046 9.179246010458646
2 58 5 17 0.465248751 5.369879507227055
2 58 6 18 0.301799619 4.905754848471949
2 58 7 19 0.208843492 4.456916828729811
2 58 8 20 0.163412888 4.371883494208182
2 58 9 21 0.136547034 4.4295285665686
2 58 10 22 0.111762109 4.284744657975477
2 58 11 23 0.094935812 4.213345478498167
2 58 12 24 0.083097861 4.195879921936239
2 58 13 25 0.072593042 4.108287472161594
2 58 14 26 0.065954702 4.128418197739373
2 58 15 27 0.061533087 4.209265445783054
2 58 16 28 0.056392873 4.169449818976971
2 58 17 29 0.052392317 4.143666483618002
2 58 18 30 0.049747251 4.167615954076998
2 58 19 31 0.047166118 4.146336652008171
2 58 20 32 0.045656555 4.173487486342058
2 58 21 33 0.044462918 4.1888782723280285
2 58 22 34 0.043497966 4.186811962162682
2 58 23 35 0.043093104 4.201396852478079
2 58 24 36 0.042859717 4.196522229269955
2 58 25 37 0.04315488 4.207419753310628
2 58 26 38 0.043102883 4.148784017811281
2 58 27 39 0.043941146 4.1397218180910595
2 58 28 40 0.045603768 4.168662201474605
2 58 29 41 0.047340123 4.161633295864523
2 58 30 42 0.050304474 4.2142977589626325
2 58 31 43 0.052831912 4.178433700877473
2 58 32 44 0.056047975 4.143949523865822
2 58 33 45 0.06060479 4.145763861903077
2 58 34 46 0.066426397 4.157943829161113
2 58 35 47 0.073202886 4.1428006210274715
2 58 36 48 0.082981101 4.189984331679287
2 58 37 49 0.094600794 4.19847704744166
2 58 38 50 0.109512533 4.198500233680389
2 58 39 51 0.133632149 4.334970918573388
2 58 40 52 0.167415665 4.478972200071431
2 58 41 53 0.220681152 4.709543643008427
2 58 42 54 0.307020678 4.990623197836592
2 58 43 55 0.454530354 5.246168266139545
3 15 4 7 2.14945463 8.612152999786465
3 15 5 8 0.700098002 6.41498299130527
3 15 6 9 0.378532601 5.351378573006276
3 15 7 10 0.284837632 4.912867988313564
3 15 8 11 0.311602531 5.37450788675067
3 15 9 12 0.438036322 6.192592610403132
3 15 10 13 0.784435885 7.18776920612394
3 15 11 14 2.10600269 8.438055463511628
3 25 4 9 2.23791691 8.288734865954124
3 25 5 10 0.742163716 6.237337278583
3 25 6 11 0.389581547 5.388565008394053
3 25 7 12 0.235069542 4.608194736474682
3 25 8 13 0.178754601 4.510280504904834
3 25 9 14 0.150436815 4.537067451201087
3 25 10 15 0.123884461 4.191325520001101
3 25 11 16 0.11704563 4.189971995961659
3 25 12 17 0.119027645 4.260923703817612
3 25 13 18 0.126609624 4.283524696038706
3 25 14 19 0.153104504 4.617523055979925
3 25 15 20 0.187017084 4.71875690656684
3 25 16 21 0.261195057 5.120347266685042
3 25 17 22 0.431697658 5.971101331718012
3 25 18 23 0.838638125 7.048133353239073
3 25 19 24 2.31039992 8.557195437252235
3 59 6 18 0.451686469 5.213344277360238
3 59 7 19 0.281493585 4.575680128434823
3 59 8 20 0.207536983 4.429034696070456
3 59 9 21 0.167170103 4.472402531866285
3 59 10 22 0.132439802 4.296291681514585
3 59 11 23 0.109654654 4.203948879925389
3 59 12 24 0.094198944 4.180642545952018
3 59 13 25 0.080834615 4.081601307113621
3 59 14 26 0.072392846 4.096957698727153
3 59 15 27 0.066852349 4.184606188854035
3 59 16 28 0.06049953 4.138563389727469
3 59 17 29 0.055628023 4.112900054363195
3 59 18 30 0.052304485 4.136719920926584
3 59 19 31 0.049063725 4.110353013806662
3 59 20 32 0.047146604 4.144621191485698
3 59 21 33 0.045511073 4.160188907277386
3 59 22 34 0.044115664 4.156163263934316
3 59 23 35 0.043340213 4.171627754527156
3 59 24 36 0.04275869 4.16879289043755
3 59 25 37 0.042717377 4.182585296972565
3 59 26 38 0.042371799 4.1310726410525875
3 59 27 39 0.042851792 4.124615742853519
3 59 28 40 0.04407665 4.152487731507123
3 59 29 41 0.045356789 4.146085733191151
3 59 30 42 0.047701825 4.193430236619848
3 59 31 43 0.049625245 4.157394803322495
3 59 32 44 0.052163927 4.125603301029733
3 59 33 45 0.055807092 4.12613965663766
3 59 34 46 0.060405022 4.132098424646969
3 59 35 47 0.065613303 4.107048412090277
3 59 36 48 0.073240299 4.144917950112482
3 59 37 49 0.082012409 4.141071937732825
3 59 38 50 0.093074381 4.130733324852857
3 59 39 51 0.110500922 4.23639317007578
3 59 40 52 0.13363703 4.335129256168135
3 59 41 53 0.16821316 4.500308064518142
3 59 42 54 0.219258099 4.67917435161641
3 59 43 55 0.29653726 4.820215167327918
3 59 44 56 0.449325885 5.186098526308908
4 16 5 8 2.02873816 8.12848207474157
4 16 6 9 0.684308005 6.270299587127005
4 16 7 10 0.361788275 5.114661241027168
4 16 8 11 0.295895488 5.103593442602486
4 16 9 12 0.322155881 5.55653164189995
4 16 10 13 0.428250381 6.054247128809847
4 16 11 14 0.711527341 6.519709779665483
4 16 12 15 1.8061356 7.236587322413558
4 26 5 10 2.13094739 7.892544111035357
4 26 6 11 0.742999152 6.244358500443259
4 26 7 12 0.364121472 5.036409547457686
4 26 8 13 0.242907266 4.7618418579836925
4 26 9 14 0.187897742 4.7409773953635925
4 26 10 15 0.143218156 4.319357824802657
4 26 11 16 0.125210617 4.23619274097002
4 26 12 17 0.118746637 4.250864245376992
4 26 13 18 0.117065567 4.190685696009098
4 26 14 19 0.131273294 4.441308480462351
4 26 15 20 0.149623979 4.512552894981823
4 26 16 21 0.187379191 4.727893477786003
4 26 17 22 0.269172837 5.276739981334364
4 26 18 23 0.427554214 5.913790564499768
4 26 19 24 0.777425674 6.533687962950367
4 26 20 25 2.04623434 7.578786255237074
4 60 7 19 0.427646788 4.935879394145161
4 60 8 20 0.285636858 4.643029059078413
4 60 9 21 0.217326527 4.63795278579092
4 60 10 22 0.164368178 4.397440943405103
4 60 11 23 0.131470506 4.264848125432212
4 60 12 24 0.1100998 4.221014922814032
4 60 13 25 0.092333036 4.097831698607144
4 60 14 26 0.081302951 4.10524910737553
4 60 15 27 0.074119053 4.194649631687583
4 60 16 28 0.066096992 4.137324804964379
4 60 17 29 0.060012754 4.105264728851956
4 60 18 30 0.055801221 4.1257055798016165
4 60 19 31 0.05175663 4.093390506780183
4 60 20 32 0.049284556 4.128853308400926
4 60 21 33 0.047156868 4.145523491721563
4 60 22 34 0.045296128 4.140540682225106
4 60 23 35 0.044034461 4.1485130804185175
4 60 24 36 0.043092684 4.147802332938888
4 60 25 37 0.042680219 4.161142297145156
4 60 26 38 0.042031035 4.115383512605169
4 60 27 39 0.042194715 4.113807693969077
4 60 28 40 0.042974449 4.1364218533931005
4 60 29 41 0.043849714 4.131107954327203
4 60 30 42 0.045649677 4.1728587650788995
4 60 31 43 0.047038814 4.1351454566431585
4 60 32 44 0.049019828 4.1066755073342724
4 60 33 45 0.051880362 4.103176371783081
4 60 34 46 0.055512868 4.104385982134524
4 60 35 47 0.059535869 4.072642677042453
4 60 36 48 0.065489855 4.099321215177546
4 60 37 49 0.072204262 4.0862850879189425
4 60 38 50 0.080666073 4.073091076100539
4 60 39 51 0.093565764 4.152541389666805
4 60 40 52 0.109974246 4.216201423537748
4 60 41 53 0.133515679 4.3311926805770335
4 60 42 54 0.165993134 4.440914370759343
4 60 43 55 0.211303351 4.509412536728232
4 60 44 56 0.289843133 4.711402087658201
4 60 45 57 0.451234126 5.208123355432524
5 17 6 9 2.205035 8.83484513924546
5 17 7 10 0.677056634 6.203855430029348
5 17 8 11 0.38844069 5.491450881267087
5 17 9 12 0.321370487 5.542985197865429
5 17 10 13 0.322106509 5.555680075635283
5 17 11 14 0.403145847 5.699340140671969
5 17 12 15 0.660129715 6.048754433925945
5 17 13 16 2.12504827 8.514364796418866
5 27 6 11 2.33527339 8.649321108721539
5 27 7 12 0.730314167 6.137750580771306
5 27 8 13 0.390691335 5.4039152343726355
5 27 9 14 0.267681867 5.247511694046334
5 27 10 15 0.184621913 4.658322696723965
5 27 11 16 0.147824136 4.458270908936239
5 27 12 17 0.130198725 4.404953085795847
5 27 13 18 0.118912953 4.2568179865160705
5 27 14 19 0.124166619 4.444887489120618
5 27 15 20 0.13341084 4.5136270830349225
5 27 16 21 0.15370715 4.635698431144552
5 27 17 22 0.200755861 5.065409455467301
5 27 18 23 0.285058975 5.588164493806977
5 27 19 24 0.43826622 6.061955540859152
5 27 20 25 0.804025976 6.757243833049205
5 27 21 26 2.25055985 8.335561438074787
5 61 8 20 0.451682278 5.213295905032604
5 61 9 21 0.312236413 5.0754050055452185
5 61 10 22 0.219428187 4.6828041897421055
5 61 11 23 0.167267801 4.4750163053504
5 61 12 24 0.13527055 4.388119960485162
5 61 13 25 0.10994135 4.214940254063317
5 61 14 26 0.094653145 4.200800436734889
5 61 15 27 0.084841765 4.283935278492099
5 61 16 28 0.074257627 4.2024920062800035
5 61 17 29 0.066384807 4.155340513436269
5 61 18 30 0.060871963 4.164040241843947
5 61 19 31 0.055729132 4.120375624933025
5 61 20 32 0.052542952 4.15558008539209
5 61 21 33 0.049722337 4.165528763693757
5 61 22 34 0.047269831 4.155453980960062
5 61 23 35 0.045522882 4.161268373604318
5 61 24 36 0.04420424 4.164508062218803
5 61 25 37 0.043387028 4.176133841133795
5 61 26 38 0.042390697 4.132915116770237
5 61 27 39 0.042235333 4.135386936762062
5 61 28 40 0.042624607 4.155720360452919
5 61 29 41 0.043092987 4.147831497613496
5 61 30 42 0.044430766 4.1858492130518945
5 61 31 43 0.045356621 4.146070376230957
5 61 32 44 0.046819309 4.115848943268896
5 61 33 45 0.049065083 4.110466781348625
5 61 34 46 0.051929373 4.107052612607258
5 61 35 47 0.05508768 4.072949385002273
5 61 36 48 0.059860501 4.094849628242471
5 61 37 49 0.065084736 4.073962891947612
5 61 38 50 0.071751543 4.060664177913414
5 61 39 51 0.081711312 4.125868575797249
5 61 40 52 0.093903895 4.167547978750281
5 61 41 53 0.110942414 4.253319125620686
5 61 42 54 0.133150314 4.319340393073488
5 61 43 55 0.162596532 4.350043030059492
5 61 44 56 0.209441201 4.469672501771244
5 61 45 57 0.292616152 4.75647753026224
5 61 46 58 0.448772917 5.179716195297874
6 18 7 10 1.93457668 7.751208202044692
6 18 8 11 0.671519819 6.153121712821847
6 18 9 12 0.416279121 5.885007427693886
6 18 10 13 0.316988858 5.46741103759869
6 18 11 14 0.309062409 5.330695964946
6 18 12 15 0.385217414 5.445882890357672
6 18 13 16 0.775485682 7.105758687811206
6 18 14 17 2.37779952 9.527055367090403
6 28 7 12 2.05150954 7.598324395357246
6 28 8 13 0.72238449 6.071107508773939
6 28 9 14 0.415204999 5.742980246756113
6 28 10 15 0.253863949 4.976631611263688
6 28 11 16 0.18419534 4.647559539439869
6 28 12 17 0.149969766 4.522981585211329
6 28 13 18 0.126517475 4.280407061654014
6 28 14 19 0.122783303 4.395367867571606
6 28 15 20 0.124234776 4.447327357412401
6 28 16 21 0.131996243 4.465767678725799
6 28 17 22 0.157704097 4.756243512731634
6 28 18 23 0.204031405 5.148056963075556
6 28 19 24 0.279873813 5.486516972682491
6 28 20 25 0.436882979 6.042823002092433
6 28 21 26 0.828937051 6.9666029992241745
6 28 22 27 2.44324838 9.049235895666891
6 62 9 21 0.477451413 5.510722066108891
6 62 10 22 0.303953667 4.940768913283744
6 62 11 23 0.217368565 4.638849916306465
6 62 12 24 0.168722788 4.513942449594222
6 62 13 25 0.132293485 4.29154521934482
6 62 14 26 0.111016031 4.256141460044297
6 62 15 27 0.097754836 4.338456559068877
6 62 16 28 0.083960888 4.2394569480812185
6 62 17 29 0.073858742 4.179917745673413
6 62 18 30 0.066810383 4.181979337502537
6 62 19 31 0.06031422 4.125886974195804
6 62 20 32 0.056330876 4.164866023779533
6 62 21 33 0.052779461 4.17428539320228
6 62 22 34 0.049646533 4.159178222640085
6 62 23 35 0.047369782 4.164240595425659
6 62 24 36 0.045544149 4.163212400225951
6 62 25 37 0.044316101 4.175046554371318
6 62 26 38 0.042992854 4.1381933908062205
6 62 27 39 0.042524423 4.145952840752582
6 62 28 40 0.042560339 4.167209239826875
6 62 29 41 0.04269523 4.162605806669848
6 62 30 42 0.0436169 4.198259722591477
6 62 31 43 0.044171964 4.161467320828019
6 62 32 44 0.04531951 4.142678042006318
6 62 33 45 0.047139838 4.144026397702002
6 62 34 46 0.049431335 4.141149837150293
6 62 35 47 0.051921091 4.106397595845595
6 62 36 48 0.055870952 4.130861194152513
6 62 37 49 0.060092487 4.110718987335497
6 62 38 50 0.065510948 4.100641526275986
6 62 39 51 0.073573788 4.163791228364187
6 62 40 52 0.083122415 4.197119732857525
6 62 41 53 0.096238752 4.2711712477427
6 62 42 54 0.112731635 4.3219144231708375
6 62 43 55 0.133884351 4.343152245774869
6 62 44 56 0.166053994 4.4425425950243564
6 62 45 57 0.218662153 4.666456302655544
6 62 46 58 0.306624943 4.984190522734506
6 62 47 59 0.475165842 5.484342111624688
7 19 8 11 1.95518192 7.833766576155301
7 19 9 12 0.752873472 6.898563492093703
7 19 10 13 0.411363822 5.815519025165199
7 19 11 14 0.303007432 5.226259965866796
7 19 12 15 0.286571915 4.942780831548324
7 19 13 16 0.396925776 5.611405958559137
7 19 14 17 0.739097128 6.772331147207836
7 19 15 18 2.3056138 9.237831088353362
7 29 8 13 2.07616128 7.689628829374162
7 29 9 14 0.807172068 6.783684410094946
7 29 10 15 0.40507561 5.602873838888155
7 29 11 16 0.257678698 5.051414188849907
7 29 12 17 0.191013858 4.8196022652533586
7 29 13 18 0.147370158 4.444579255019202
7 29 14 19 0.132216225 4.473210227719419
7 29 15 20 0.125868663 4.505816860818601
7 29 16 21 0.123498069 4.420954893107421
7 29 17 22 0.135585296 4.587194444521199
7 29 18 23 0.161128122 4.859509673874429
7 29 19 24 0.201021993 5.072124415331922
7 29 20 25 0.280576261 5.500287438854782
7 29 21 26 0.436949775 6.043746902598174
7 29 22 27 0.843473266 7.088769138250294
7 29 23 28 2.51353912 9.309576797864066
7 63 10 22 0.4748896 5.481153739271948
7 63 11 23 0.306942849 4.989358086915091
7 63 12 24 0.224007674 4.780534755735751
7 63 13 25 0.167140654 4.471614665018103
7 63 14 26 0.135525012 4.396374601139651
7 63 15 27 0.116572248 4.469156151000984
7 63 16 28 0.097748978 4.338196575219864
7 63 17 29 0.084257878 4.2544529342957835
7 63 18 30 0.074904681 4.239110995769548
7 63 19 31 0.066525219 4.1641295677175085
7 63 20 32 0.06138184 4.198919162150667
7 63 21 33 0.056870869 4.204790815625105
7 63 22 34 0.052874622 4.181811600646925
7 63 23 35 0.049867254 4.177669301895898
7 63 24 36 0.04749324 4.1750936919298836
7 63 25 37 0.045761774 4.1831056053575075
7 63 26 38 0.04409036 4.153779358860811
7 63 27 39 0.043266632 4.164545358743687
7 63 28 40 0.042885642 4.181170177838704
7 63 29 41 0.042674388 4.178376116260661
7 63 30 42 0.043177305 4.209606096731534
7 63 31 43 0.043316156 4.169312194866878
7 63 32 44 0.044104361 4.155098401499688
7 63 33 45 0.045398973 4.149941792767346
7 63 34 46 0.047130545 4.143209457318926
7 63 35 47 0.04900353 4.105310129279119
7 63 36 48 0.052164957 4.125684762906635
7 63 37 49 0.055504026 4.103732242161045
7 63 38 50 0.05987025 4.095516523580112
7 63 39 51 0.066297144 4.1498532697145345
7 63 40 52 0.073708796 4.171431790872115
7 63 41 53 0.083827597 4.232726654136893
7 63 42 54 0.095975683 4.25949598465354
7 63 43 55 0.11126349 4.265628562943528
7 63 44 56 0.133684772 4.3366779866431235
7 63 45 57 0.168243799 4.50112776815363
7 63 46 58 0.221614664 4.729465668362328
7 63 47 59 0.312097785 5.073151606467422
7 63 48 60 0.481361302 5.555849823618191
8 20 9 12 1.93584604 7.756294107268851
8 20 10 13 0.66887024 6.128843677217455
8 20 11 14 0.376839186 5.327438482450621
8 20 12 15 0.285239988 4.919807808373245
8 20 13 16 0.296667808 5.116914386812324
8 20 14 17 0.413766699 5.849488898453259
8 20 15 18 0.778578032 7.13409382460133
8 20 16 19 2.2734138 9.10881635004594
8 30 9 14 2.04700204 7.581629641302107
8 30 10 15 0.702814491 5.906636137197843
8 30 11 16 0.374351342 5.1779057757747315
8 30 12 17 0.250001897 4.900921727511961
8 30 13 18 0.176465401 4.452520122380033
8 30 14 19 0.146922989 4.431092955704196
8 30 15 20 0.132239335 4.473992097632606
8 30 16 21 0.120792752 4.324110589990773
8 30 17 22 0.122760611 4.394555544680675
8 30 18 23 0.135122064 4.571522131080039
8 30 19 24 0.155003433 4.674793405382376
8 30 20 25 0.19819008 5.000670467159217
8 30 21 26 0.271986479 5.331897319645442
8 30 22 27 0.426819059 5.903622140098635
8 30 23 28 0.85403695 7.177549091503049
8 30 24 29 2.34654822 8.69108051279553
8 64 11 23 0.439928294 5.077631966818453
8 64 12 24 0.296761559 4.823861149090265
8 64 13 25 0.20896359 4.459479833169982
8 64 14 26 0.163281835 4.368377354303436
8 64 15 27 0.137084984 4.4469794391550055
8 64 16 28 0.11226354 4.303968559687937
8 64 17 29 0.094960085 4.214422738308191
8 64 18 30 0.083079164 4.19493584989929
8 64 19 31 0.072674363 4.112889704501213
8 64 20 32 0.066349057 4.153102751061584
8 64 21 33 0.060808455 4.159695879437249
8 64 22 34 0.055973535 4.138445746029841
8 64 23 35 0.052282454 4.134977506742066
8 64 24 36 0.049358273 4.135029009351451
8 64 25 37 0.047157809 4.145606214297747
8 64 26 38 0.045047066 4.1177738059173485
8 64 27 39 0.043859319 4.132012847159602
8 64 28 40 0.043115356 4.149984582122818
8 64 29 41 0.042563207 4.149734118042946
8 64 30 42 0.042719037 4.182747832504487
8 64 31 43 0.042505456 4.144103637824407
8 64 32 44 0.042957991 4.13483772067128
8 64 33 45 0.043869293 4.132952503704145
8 64 34 46 0.045156943 4.127817714936258
8 64 35 47 0.046516539 4.089232668676857
8 64 36 48 0.049061639 4.110178257479318
8 64 37 49 0.051680417 4.087362881513753
8 64 38 50 0.055244031 4.0845093147233005
8 64 39 51 0.06045444 4.135478938935155
8 64 40 52 0.066254817 4.147203821657658
8 64 41 53 0.074213009 4.199966921707395
8 64 42 54 0.083451589 4.213740793385466
8 64 43 55 0.09483607 4.208918829630231
8 64 44 56 0.111186409 4.262673425411348
8 64 45 57 0.135182125 4.385251490537299
8 64 46 58 0.170361476 4.557783257421797
8 64 47 59 0.225497537 4.812329835456032
8 64 48 60 0.317277527 5.157348347717561
8 64 49 61 0.477531324 5.511644395164863
9 21 10 13 1.76778556 7.082931410156443
9 21 11 14 0.621391793 5.693799684678553
9 21 12 15 0.359264632 5.078984078636292
9 21 13 16 0.279850167 4.826844393154149
9 21 14 17 0.303154815 5.228802021906364
9 21 15 18 0.431519835 6.100467945814271
9 21 16 19 0.780773496 7.154210814191058
9 21 17 20 1.91953587 7.6909446565142074
9 31 10 15 1.85400689 6.86681953301929
9 31 11 16 0.659549918 5.543029390873322
9 31 12 17 0.368536426 5.097475752521216
9 31 13 18 0.230093193 4.510640688963665
9 31 14 19 0.175144339 4.419187496808227
9 31 15 20 0.14817735 4.4689235922086725
9 31 16 21 0.125933491 4.260649401793248
9 31 17 22 0.118713051 4.249661941630527
9 31 18 23 0.121308136 4.342560185479017
9 31 19 24 0.128559367 4.34948944680227
9 31 20 25 0.152072686 4.586404158232965
9 31 21 26 0.188658742 4.760178710714533
9 31 22 27 0.256683106 5.031897063087709
9 31 23 28 0.41552079 5.747348164963916
9 31 24 29 0.760137792 6.388396097366434
9 31 25 30 2.19052907 8.113221092464538
10 22 11 14 2.1305765 8.536514583585115
10 22 12 15 0.733534082 6.721357075909388
10 22 13 16 0.382732295 5.410750348186038
10 22 14 17 0.301480652 5.199926126006769
10 22 15 18 0.328122592 5.659445232571208
10 22 16 19 0.437533302 6.185481332688393
10 22 17 20 0.698942513 6.404395270356966
10 22 18 21 2.19603707 8.798793413026251
10 32 11 16 2.23771208 8.287976222255153
10 32 12 17 0.797495853 6.702362977594352
10 32 13 18 0.388903564 5.379187368466755
10 32 14 19 0.253493677 4.9693729699827
10 32 15 20 0.19584133 4.94140753755275
10 32 16 21 0.151701322 4.575204083856571
10 32 17 22 0.13106348 4.434209940697517
10 32 18 23 0.123877847 4.4345500968299545
10 32 19 24 0.12134866 4.34401085412136
10 32 20 25 0.13381704 4.527369859267565
10 32 21 26 0.153552442 4.6310325477885375
10 32 22 27 0.189411303 4.77916709584176
10 32 23 28 0.270246108 5.297779890337169
10 32 24 29 0.414513947 5.733421840679501
10 32 25 30 0.800739268 6.729621482494657
10 32 26 31 2.1880663 8.104099552931675
11 23 12 15 2.22282364 8.906118329756172
11 23 13 16 0.698698721 6.402161409484704
11 23 14 17 0.391542833 5.53530639473342
11 23 15 18 0.328234418 5.661374002908904
11 23 16 19 0.328277557 5.662118062640969
11 23 17 20 0.394556182 5.57790661259838
11 23 18 21 0.738467682 6.766563546996994
11 23 19 22 2.18382056 8.749845902446127
11 33 12 17 2.35988442 8.740474762164395
11 33 13 18 0.757667576 6.367635758359304
11 33 14 19 0.399235199 5.522091177102484
11 33 15 20 0.276916059 5.428534529280329
11 33 16 21 0.194250246 4.901261800846
11 33 17 22 0.153507903 4.629689283194634
11 33 18 23 0.133989549 4.533206276266868
11 33 19 24 0.121136509 4.336416322408256
11 33 20 25 0.124613355 4.4608796396143005
11 33 21 26 0.132849977 4.494651665245242
11 33 22 27 0.150374484 4.535187592528854
11 33 23 28 0.194024174 4.8955576224438735
11 33 24 29 0.265538431 5.205492764630246
11 33 25 30 0.425543115 5.885973698471933
11 33 26 31 0.788884261 6.629988914228598
11 33 27 32 1.82500012 6.759385059123781
12 24 13 16 2.04238199 8.183148383963958
12 24 14 17 0.684121486 6.268590517526554
12 24 15 18 0.434731372 6.145869980520965
12 24 16 19 0.329133597 5.6768830060341084
12 24 17 20 0.307884764 5.31038399148423
12 24 18 21 0.419180629 5.926026530670982
12 24 19 22 0.798172241 7.313635141822631
12 24 20 23 2.36339077 9.469324276699501
12 34 13 18 2.17029166 8.038266332029037
12 34 14 19 0.743274222 6.246670260407042
12 34 15 20 0.436998382 6.044419218783014
12 34 16 21 0.270919393 5.310978658526148
12 34 17 22 0.193939833 4.893429556559494
12 34 18 23 0.155652642 4.694373087542802
12 34 19 24 0.12953539 4.382510780349566
12 34 20 25 0.124316487 4.450252428615504
12 34 21 26 0.123501113 4.421063861505093
12 34 22 27 0.129386387 4.377469630947812
12 34 23 28 0.153095829 4.6172614241437335
12 34 24 29 0.192315489 4.852444613875646
12 34 25 30 0.275098033 5.392894787216366
12 34 26 31 0.436705509 6.040368294883111
12 34 27 32 0.750612014 6.308338976618018
12 34 28 33 2.36908165 8.774539208717595
13 25 14 17 1.88687133 7.560068660239912
13 25 15 18 0.782714435 7.1719955966595
13 25 16 19 0.434266012 6.139291108513229
13 25 17 20 0.312792202 5.395027284175392
13 25 18 21 0.313742089 5.41141089683938
13 25 19 22 0.422971905 5.979624432402972
13 25 20 23 0.79368324 7.272502521845589
13 25 21 24 2.1987547 8.809682056605952
13 35 14 19 2.01910215 7.4782947989914135
13 35 15 20 0.839779799 7.057728279057554
13 35 16 21 0.431324844 5.965944689955821
13 35 17 22 0.272933274 5.350457851556125
13 35 18 23 0.198904505 5.01869661659364
13 35 19 24 0.150673864 4.544216680611719
13 35 20 25 0.133983088 4.53298768425003
13 35 21 26 0.123524644 4.421906218721138
13 35 22 27 0.119345782 4.272312297487271
13 35 23 28 0.129134415 4.368944779118932
13 35 24 29 0.148780639 4.487118359796431
13 35 25 30 0.191612311 4.83470224524773
13 35 26 31 0.269128983 5.275880287771966
13 35 27 32 0.390450039 5.400577706729764
13 35 28 33 0.78596756 6.605476198926601
13 35 29 34 2.22429263 8.238273633834687
14 26 15 18 2.11717857 8.482833514243154
14 26 16 19 0.727790484 6.668728610503633
14 26 17 20 0.402721058 5.693334827664203
14 26 18 21 0.310146248 5.349389976303271
14 26 19 22 0.308355083 5.318496034626745
14 26 20 23 0.428475856 6.057434706525904
14 26 21 24 0.731618575 6.703805326312014
14 26 22 25 1.91302115 7.664842330553148
14 36 15 20 2.23961716 8.295032204962943
14 36 16 21 0.771160559 6.481034303789119
14 36 17 22 0.410875311 5.683093413219658
14 36 18 23 0.268536652 5.264268504411063
14 36 19 24 0.184856777 4.6642487121360325
14 36 20 25 0.152784344 4.607867257861781
14 36 21 26 0.131788271 4.458731458492773
14 36 22 27 0.118858062 4.254853011379192
14 36 23 28 0.119241567 4.26858163337312
14 36 24 29 0.128017789 4.331166489474545
14 36 25 30 0.151803493 4.578285488621466
14 36 26 31 0.195391207 4.930050173992025
14 36 27 32 0.25640097 5.026366199245851
14 36 28 33 0.421734343 5.833292005300898
14 36 29 34 0.853587119 7.173768594552207
14 36 30 35 2.65958093 9.850482421761448
15 27 16 19 1.84434233 7.389669038951828
15 27 17 20 0.674681181 6.182089205089249
15 27 18 21 0.3975956 5.620875372268329
15 27 19 22 0.299514265 5.166009962341513
15 27 20 23 0.328554555 5.666895712972744
15 27 21 24 0.434954747 6.149027870186445
15 27 22 25 0.737971732 6.762019167773729
15 27 23 26 2.10762348 8.444549432384338
15 37 16 21 1.94270299 7.195329699441936
15 37 17 22 0.724218208 6.086518552716444
15 37 18 23 0.400511663 5.539746811199739
15 37 19 24 0.243405478 4.771608575936665
15 37 20 25 0.184577631 4.657205387070389
15 37 21 26 0.148056237 4.465270910182552
15 37 22 27 0.124452009 4.210527108295742
15 37 23 28 0.115735206 4.14306174512328
15 37 24 29 0.115571829 4.137213213616515
15 37 25 30 0.126214771 4.270165817595113
15 37 26 31 0.149121625 4.497402255277169
15 37 27 32 0.178897776 4.513893051981537
15 37 28 33 0.250647162 4.913571204561742
15 37 29 34 0.408144084 5.645315971357965
15 37 30 35 0.801140437 6.732993011316085
15 37 31 36 2.05386949 7.607065113012804
16 28 17 20 2.13326155 8.54727268989233
16 28 18 21 0.785455636 7.197113162686705
16 28 19 22 0.405993773 5.739601745970022
16 28 20 23 0.329351001 5.680632781457502
16 28 21 24 0.333530111 5.752713902180488
16 28 22 25 0.427389493 6.042076611436212
16 28 23 26 0.7615998 6.978522648578413
16 28 24 27 2.30466131 9.234014776300864
16 38 17 22 2.25715368 8.359983483583695
16 38 18 23 0.844051563 7.093629296943624
16 38 19 24 0.407487652 5.63623641784002
16 38 20 25 0.268789804 5.269231179302938
16 38 21 26 0.194747209 4.913801016720835
16 38 22 27 0.150028848 4.524763456352059
16 38 23 28 0.128251849 4.3390853329137675
16 38 24 29 0.119039498 4.261348014730101
16 38 25 30 0.120414022 4.310552902326307
16 38 26 31 0.132463036 4.481560469828613
16 38 27 32 0.148673577 4.483889445946716
16 38 28 33 0.188388644 4.753363681971224
16 38 29 34 0.271083367 5.314193129092134
16 38 30 35 0.438696093 6.067901404116
16 38 31 36 0.789164263 6.632342124005668
16 38 32 37 2.2158715 8.207083685034608
17 29 18 21 2.3746563 9.514461525297152
17 29 19 22 0.733974366 6.7253913887674095
17 29 20 23 0.430153478 6.081151528804057
17 29 21 24 0.332130289 5.728569828783834
17 29 22 25 0.326677543 5.634521085702706
17 29 23 26 0.423704336 5.989978931722849
17 29 24 27 0.779749077 7.144824084844314
17 29 25 28 2.38349406 9.549871503360004
17 39 18 23 2.50595582 9.281489980686843
17 39 19 24 0.788950094 6.630542191916807
17 39 20 25 0.426588831 5.900437701425126
17 39 21 26 0.273702082 5.365529208520608
17 39 22 27 0.192077376 4.846436620705923
17 39 23 28 0.150452758 4.537548280753178
17 39 24 29 0.129668766 4.387023228707037
17 39 25 30 0.121532725 4.350599969797329
17 39 26 31 0.124643744 4.461967497904997
17 39 27 32 0.131679803 4.4550617109487005
17 39 28 33 0.15329865 4.623378361394234
17 39 29 34 0.200518545 5.0594215719537345
17 39 30 35 0.287327605 5.632637668579269
17 39 31 36 0.437855109 6.056269187472487
17 39 32 37 0.83665709 7.031484218837468
17 39 33 38 2.0590168 7.626129577681815
18 30 19 22 2.26894844 9.090925131044436
18 30 20 23 0.772322518 7.0767746838564145
18 30 21 24 0.434176603 6.138027118554188
18 30 22 25 0.324460097 5.596274666531471
18 30 23 26 0.315177643 5.436171274330846
18 30 24 27 0.417793917 5.90642235162768
18 30 25 28 0.796223481 7.295778695698769
18 30 26 29 2.22108712 8.899160669092643
18 40 19 24 2.39605919 8.874457876562895
18 40 20 25 0.823345341 6.919608811173589
18 40 21 26 0.433248039 5.992545696500205
18 40 22 27 0.268930162 5.2719826927117746
18 40 23 28 0.189990378 4.79377813616613
18 40 24 29 0.150374124 4.535176735184644
18 40 25 30 0.129392632 4.377680915136815
18 40 26 31 0.122793391 4.395728995428282
18 40 27 32 0.121510387 4.349800319315327
18 40 28 33 0.12981065 4.3918235242830885
18 40 29 34 0.154458237 4.658350681398057
18 40 30 35 0.198727853 5.014239388263319
18 40 31 36 0.267642624 5.246742392398384
18 40 32 37 0.42153787 5.830574454787925
18 40 33 38 0.712087722 5.984570787144017
18 40 34 39 2.09055411 7.742936595765163
19 31 20 23 2.26733132 9.084445866646556
19 31 21 24 0.78078188 7.154287636603414
19 31 22 25 0.433144596 6.123437463310748
19 31 23 26 0.314633224 5.4267811573770235
19 31 24 27 0.306149848 5.280460230291001
19 31 25 28 0.412792735 5.835719806790585
19 31 26 29 0.710584271 6.511068449462671
19 31 27 30 2.08037922 8.335390703369454
19 41 20 25 2.39375748 8.865932866611425
19 41 21 26 0.837071756 7.03496917996424
19 41 22 27 0.434350598 6.007795933306441
19 41 23 28 0.270086659 5.29465412578135
19 41 24 29 0.194156528 4.898897137413596
19 41 25 30 0.152291225 4.592995139195424
19 41 26 31 0.133391784 4.512982370223773
19 41 27 32 0.123892836 4.435086669534527
19 41 28 33 0.122467684 4.384069412675054
19 41 29 34 0.13428365 4.5431564590162425
19 41 30 35 0.158327011 4.775030156375329
19 41 31 36 0.194957394 4.91910433927936
19 41 32 37 0.274576089 5.3826628380958175
19 41 33 38 0.39454527 5.457221607442778
19 41 34 39 0.765563641 6.433996346349319
19 41 35 40 2.60525749 9.649280764472676
20 32 21 24 1.93869012 7.767689394129888
20 32 22 25 0.711034041 6.5151896823354365
20 32 23 26 0.396785742 5.6094262745237
20 32 24 27 0.302409139 5.215940632333886
20 32 25 28 0.310873547 5.36193440012095
20 32 26 29 0.407710852 5.763876378444172
20 32 27 30 0.751790734 6.888642386999561
20 32 28 31 2.06123738 8.258695688514717
20 42 21 26 2.05547142 7.612998297120081
20 42 22 27 0.754550513 6.341439148594576
20 42 23 28 0.39641337 5.483060557900513
20 42 24 29 0.256715418 5.032530492612683
20 42 25 30 0.183504817 4.630136477836613
20 42 26 31 0.148488208 4.478298848616125
20 42 27 32 0.129751969 4.389838197222263
20 42 28 33 0.119103784 4.263649309872281
20 42 29 34 0.120513876 4.314127452385843
20 42 30 35 0.130286718 4.407930112159803
20 42 31 36 0.146726366 4.425162945729859
20 42 32 37 0.186863237 4.714875086904821
20 42 33 38 0.2370834 4.647673478623282
20 42 34 39 0.363293601 5.024958705557148
20 42 35 40 0.773386124 6.49973853203572
20 42 36 41 2.28038465 8.446025708899796
21 33 22 25 2.20712486 8.843218516295122
21 33 23 26 0.741367537 6.793134856226715
21 33 24 27 0.413357711 5.8437069668203305
21 33 25 28 0.309742181 5.342420644984599
21 33 26 29 0.309618762 5.340291919050486
21 33 27 30 0.427439648 6.042785661044145
21 33 28 31 0.734181182 6.727286439343957
21 33 29 32 1.70518015 6.83209226146766
21 43 22 27 2.31948907 8.59085958008535
21 43 23 28 0.790096235 6.640174659567398
21 43 24 29 0.420118099 5.810936644964935
21 43 25 30 0.259728271 5.091593071363834
21 43 26 31 0.188543563 4.757272550003881
21 43 27 32 0.152963363 4.613266343704209
21 43 28 33 0.129932734 4.395953935641006
21 43 29 34 0.121545485 4.351056749282975
21 43 30 35 0.121288372 4.341852678444981
21 43 31 36 0.126354283 4.274885862395133
21 43 32 37 0.148537285 4.479778976065662
21 43 33 38 0.172458156 4.351410562677693
21 43 34 39 0.228458791 4.478600626990499
21 43 35 40 0.378460316 5.23473976518543
21 43 36 41 0.713040183 5.99257551760122
21 43 37 42 2.24729457 8.323467584159943
22 34 23 26 2.18461582 8.753032245948809
22 34 24 27 0.792447164 7.261176383943027
22 34 25 28 0.421557807 5.95963309290582
22 34 26 29 0.314340748 5.421736543125527
22 34 27 30 0.333966057 5.760233081205375
22 34 28 31 0.43652822 6.171272320664844
22 34 29 32 0.696216286 6.3794149107709135
22 34 30 33 2.23825328 8.967939788351751
22 44 23 28 2.30446934 8.535229918782054
22 44 24 29 0.854020542 7.177411194395091
22 44 25 30 0.428292946 5.924008464799294
22 44 26 31 0.269884414 5.290689408206505
22 44 27 32 0.200461757 5.057988714797165
22 44 28 33 0.156516921 4.720439128090501
22 44 29 34 0.135145983 4.572331371515068
22 44 30 35 0.124705799 4.46418892823272
22 44 31 36 0.1207783 4.323593240686185
22 44 32 37 0.132752351 4.491348730059403
22 44 33 38 0.144121707 4.346608280966596
22 44 34 39 0.174234853 4.396239628880151
22 44 35 40 0.252256506 4.945120041075734
22 44 36 41 0.39443046 5.455633592934961
22 44 37 42 0.816232815 6.859833289131372
22 44 38 43 2.35938743 8.738634024323492
23 35 24 27 2.32783854 9.32687826273381
23 35 25 28 0.768951785 7.045888729602212
23 35 26 29 0.412401607 5.830190364959225
23 35 27 30 0.333082939 5.74500109756038
23 35 28 31 0.328755596 5.6703632600321106
23 35 29 32 0.392520686 5.549130465838329
23 35 30 33 0.732304841 6.710093566965372
23 35 31 34 2.09594939 8.39777521914436
23 45 24 29 2.46421863 9.126904928661853
23 45 25 30 0.832899693 6.9999060752644455
23 45 26 31 0.426917822 5.904988197731555
23 45 27 32 0.284117363 5.56970556703457
23 45 28 33 0.20212329 5.099911998764307
23 45 29 34 0.160076582 4.827795974620453
23 45 30 35 0.136027672 4.602161146585924
23 45 31 36 0.12193155 4.364877013556156
23 45 32 37 0.12496073 4.473314888346758
23 45 33 38 0.126934875 4.294528762292873
23 45 34 39 0.141233302 4.259496038452113
23 45 35 40 0.183237007 4.623379179197802
23 45 36 41 0.252939947 4.95851790279825
23 45 37 42 0.424037351 5.865146461494767
23 45 38 43 0.803726304 6.7547253114660935
23 45 39 44 2.17910596 8.07091249302032
24 36 25 28 2.17271193 8.705337300197558
24 36 26 29 0.712844145 6.531775626502284
24 36 27 30 0.436544399 6.171501045888785
24 36 28 31 0.334360946 5.767044110750226
24 36 29 32 0.312927377 5.3973587771233476
24 36 30 33 0.419207086 5.926400557696743
24 36 31 34 0.793378905 7.2697139067615835
24 36 32 35 2.55028622 10.2181524621839
24 46 25 30 2.30791253 8.54798271084309
24 46 26 31 0.779978953 6.555146385055879
24 46 27 32 0.440483129 6.09261910374139
24 46 28 33 0.280624351 5.50123017300482
24 46 29 34 0.202407644 5.107086730466411
24 46 30 35 0.157894978 4.762000348065809
24 46 31 36 0.130798957 4.425260456705919
24 46 32 37 0.125057227 4.476769265308071
24 46 33 38 0.119013351 4.260412010559946
24 46 34 39 0.122690707 4.150937794499325
24 46 35 40 0.144436265 4.356095126745104
24 46 36 41 0.180576502 4.556250144378151
24 46 37 42 0.262298015 5.141969145925154
24 46 38 43 0.406676993 5.625023646714749
24 46 39 44 0.724334272 6.087493984818949
24 46 40 45 2.24934695 8.331069132541016
25 37 26 29 1.89880872 7.607897829399031
25 37 27 30 0.744294486 6.819954427197891
25 37 28 31 0.432146171 6.1093225624075265
25 37 29 32 0.313767636 5.411851530464986
25 37 30 33 0.303266268 5.230724358755103
25 37 31 34 0.40203919 5.683695145916372
25 37 32 35 0.762126098 6.98334510587541
25 37 33 36 1.94873849 7.807949885619519
25 47 26 31 2.03861792 7.550576769118241
25 47 27 32 0.801934542 6.739666876681405
25 47 28 33 0.434035626 6.003439343239757
25 47 29 34 0.279034345 5.470060429711735
25 47 30 35 0.198197762 5.000864296994337
25 47 31 36 0.151073661 4.55627427406574
25 47 32 37 0.134767507 4.55952656851796
25 47 33 38 0.120477597 4.312828745257336
25 47 34 39 0.115890039 4.148604420523043
25 47 35 40 0.125468336 4.244912028384842
25 47 36 41 0.144794171 4.366889317403751
25 47 37 42 0.189691766 4.786243651041853
25 47 38 43 0.261424978 5.124854531781959
25 47 39 44 0.385693599 5.334788178591446
25 47 40 45 0.756873859 6.360965153847098
25 47 41 46 2.32838399 8.623804339206847
26 38 27 30 2.12804581 8.526374946687998
26 38 28 31 0.781736522 7.163035000794271
26 38 29 32 0.428029787 6.05112855460563
26 38 30 33 0.313875539 5.413712637056909
26 38 31 34 0.311909044 5.37979461061201
26 38 32 35 0.44250153 6.255718001326109
26 38 33 36 0.742885325 6.807042315149026
26 38 34 37 2.08516025 8.354546707539948
26 48 27 32 2.2531193 8.345041058322469
26 48 28 33 0.828554276 6.963386058372259
26 48 29 34 0.437116062 6.046046930195608
26 48 30 35 0.273142046 5.354550521424531
26 48 31 36 0.188140053 4.7470913111638575
26 48 32 37 0.155195958 4.680599822588446
26 48 33 38 0.129812025 4.391870044020459
26 48 34 39 0.116526166 4.171376345590858
26 48 35 40 0.116233225 4.160889712416521
26 48 36 41 0.124464898 4.210963175855719
26 48 37 42 0.148815687 4.488175382573932
26 48 38 43 0.18745022 4.729685659426032
26 48 39 44 0.245126972 4.805355949255122
26 48 40 45 0.381199522 5.272627569975072
26 48 41 46 0.744315952 6.255425230803921
26 48 42 47 2.10658728 7.802319808161002
27 39 28 31 2.33131321 9.34080011493116
27 39 29 32 0.792484416 7.261517723220826
27 39 30 33 0.424209444 5.997119727842161
27 39 31 34 0.311468671 5.372199074869676
27 39 32 35 0.339762349 5.860207291838183
27 39 33 36 0.438214661 6.195113818618251
27 39 34 37 0.774655492 7.098151674629711
27 39 35 38 1.91314395 7.665334349493028
27 49 28 33 2.44209541 9.044965557212548
27 49 29 34 0.848078289 7.127470951620313
27 49 30 35 0.432026442 5.975648964867895
27 49 31 36 0.259369846 5.08456667319941
27 49 32 37 0.194639377 4.9110802332294785
27 49 33 38 0.151097921 4.55700593842839
27 49 34 39 0.126435802 4.277643856919282
27 49 35 40 0.116451816 4.168714781738369
27 49 36 41 0.116304542 4.163442701646756
27 49 37 42 0.128337978 4.341999295430117
27 49 38 43 0.150490362 4.538682390674576
27 49 39 44 0.181016624 4.567355165816898
27 49 40 45 0.245498776 4.812644623156568
27 49 41 46 0.388144716 5.368691230210263
27 49 42 47 0.719763219 6.049077664181578
27 49 43 48 2.07847004 7.698179950920994
28 40 29 32 2.38913161 9.572459299569477
28 40 30 33 0.796036097 7.294061700121852
28 40 31 34 0.410570498 5.804303671338776
28 40 32 35 0.332076014 5.727633695772919
28 40 33 36 0.325204162 5.609108269640925
28 40 34 37 0.418688794 5.919073377168479
28 40 35 38 0.647195647 5.930239845980605
28 40 36 39 1.96253179 7.863215071641127
28 50 29 34 2.51827131 9.327103752537875
28 50 30 35 0.86002579 7.22788086356649
28 50 31 36 0.418637703 5.79046028989731
28 50 32 37 0.277038161 5.4309281604965465
28 50 33 38 0.196258681 4.951938008200621
28 50 34 39 0.151666291 4.574147573786991
28 50 35 40 0.128187516 4.336908784357947
28 50 36 41 0.119059371 4.262059423720558
28 50 37 42 0.121310533 4.342645992722519
28 50 38 43 0.13342538 4.514119008112281
28 50 39 44 0.150003538 4.52400012473546
28 50 40 45 0.184996442 4.667772695984244
28 50 41 46 0.25874974 5.072410401566157
28 50 42 47 0.396058163 5.478147450424875
28 50 43 48 0.763608828 6.417567588469219
28 50 44 49 2.16613383 8.022866676066068
29 41 30 33 2.22004908 8.895001586516473
29 41 31 34 0.705053929 6.460394044215474
29 41 32 35 0.424131815 5.996022273709687
29 41 33 36 0.324367759 5.59468202443176
29 41 34 37 0.324902745 5.603909441382045
29 41 35 38 0.380693194 5.381923236939164
29 41 36 39 0.704997078 6.459873119720622
29 41 37 40 2.47879214 9.931699355919
29 51 30 35 2.35055239 8.705911047092805
29 51 31 36 0.763555247 6.417117279781906
29 51 32 37 0.422762799 5.847517273558465
29 51 33 38 0.268923504 5.271852172354715
29 51 34 39 0.191279661 4.826308923892289
29 51 35 40 0.148082565 4.466064943955835
29 51 36 41 0.127846309 4.3253648861550635
29 51 37 42 0.120138175 4.300678196152569
29 51 38 43 0.123950124 4.437137451914908
29 51 39 44 0.130726043 4.42279359115637
29 51 40 45 0.148224935 4.4703587219983145
29 51 41 46 0.188519732 4.756671253622635
29 51 42 47 0.254454016 4.988199012214201
29 51 43 48 0.405556073 5.60951944653966
29 51 44 49 0.770618396 6.476477824648379
29 51 45 50 2.07485059 7.684774331938216
30 42 31 34 2.05618474 8.238451433006592
30 42 32 35 0.752328698 6.8935717396045915
30 42 33 36 0.424122562 5.995891462503979
30 42 34 37 0.322632992 5.564760833184521
30 42 35 38 0.282116565 4.865935134446992
30 42 36 39 0.35975516 5.085918754861604
30 42 37 40 0.722373818 6.619095816008697
30 42 38 41 2.18365993 8.749202311222081
30 52 31 36 2.19141981 8.116520190684632
30 52 32 37 0.808956188 6.798678619520115
30 52 33 38 0.42872662 5.930006902249542
30 52 34 39 0.272821866 5.348273860576974
30 52 35 40 0.189730237 4.787214339350481
30 52 36 41 0.150460388 4.537778396131869
30 52 37 42 0.129040276 4.3657598179870645
30 52 38 43 0.124246838 4.447759150057844
30 52 39 44 0.122622138 4.389598520721757
30 52 40 45 0.12812583 4.3348217905256305
30 52 41 46 0.149508949 4.509083671913576
30 52 42 47 0.182073902 4.594032075529923
30 52 43 48 0.254755626 4.9941116353581565
30 52 44 49 0.397897896 5.503594037782329
30 52 45 50 0.721451851 6.0632693675703875
30 52 46 51 2.3500872 8.704188089213957
31 43 32 35 2.06681818 8.281056106264593
31 43 33 36 0.736288808 6.746598571221791
31 43 34 37 0.432336564 6.112014180032953
31 43 35 38 0.292804522 5.050280585703137
31 43 36 39 0.277417228 4.7848811594104435
31 43 37 40 0.375353445 5.306434313902304
31 43 38 41 0.677736509 6.210085110086646
31 43 39 42 2.16207174 8.662705581924538
31 53 32 37 2.19366615 8.12484012275878
31 53 33 38 0.791929245 6.655579753293396
31 53 34 39 0.431481422 5.968110425829045
31 53 35 40 0.26470083 5.189072821465231
31 53 36 41 0.191535501 4.832764199213425
31 53 37 42 0.149088909 4.496415563962723
31 53 38 43 0.13376512 4.5256132739844555
31 53 39 44 0.123668912 4.427070690730161
31 53 40 45 0.119472914 4.276863338989552
31 53 41 46 0.128879697 4.360327023145455
31 53 42 47 0.143374061 4.3240598088281725
31 53 43 48 0.181177653 4.571418199469521
31 53 44 49 0.248656896 4.874554949085375
31 53 45 50 0.367414862 5.081962644747982
31 53 46 51 0.737261396 6.1961369037488
31 53 47 52 2.16302014 8.011334277008064
32 44 33 36 1.72660634 6.917939910404775
32 44 34 37 0.70915384 6.49796144085956
32 44 35 38 0.376381535 5.320968593862834
32 44 36 39 0.284025664 4.898863196998858
32 44 37 40 0.288779974 4.980865344122167
32 44 38 41 0.396453571 5.604730317643689
32 44 39 42 0.782105633 7.166417156978318
32 44 40 43 2.23879368 8.970104992220739
32 54 33 38 1.83980687 6.814225890983114
32 54 34 39 0.746674042 6.275243233686797
32 54 35 40 0.387033563 5.353322123996483
32 54 36 41 0.253145538 4.962548213811774
32 54 37 42 0.178804368 4.511536210372731
32 54 38 43 0.149961193 4.522723029622664
32 54 39 44 0.130667828 4.420824030057446
32 54 40 45 0.117798758 4.216932295371168
32 54 41 46 0.118771376 4.251749846293558
32 54 42 47 0.122496745 4.144375568099434
32 54 43 48 0.142858747 4.30851830473193
32 54 44 49 0.179255817 4.522927031153109
32 54 45 50 0.234679567 4.600549846681361
32 54 46 51 0.376077995 5.201788277420629
32 54 47 52 0.726539539 6.106027623383852
32 54 48 53 2.11791442 7.844272956568797
33 45 34 37 2.26272857 9.066004171406046
33 45 35 38 0.725170862 6.644725070248352
33 45 36 39 0.40275182 5.693769715193646
33 45 37 40 0.291050829 5.020032959571244
33 45 38 41 0.304565215 5.253128544220372
33 45 39 42 0.436772512 6.174725917451232
33 45 40 43 0.75078011 6.879382060942232
33 45 41 44 2.05766996 8.244402217777678
33 55 34 39 2.36338033 8.753422817105914
33 55 35 40 0.783343615 6.583423881341392
33 55 36 41 0.419503418 5.802434577673938
33 55 37 42 0.251931402 4.938746852406286
33 55 38 43 0.191470634 4.831127495241192
33 55 39 44 0.154371926 4.655747602964227
33 55 40 45 0.128384077 4.343558941519602
33 55 41 46 0.120448439 4.3117849540157644
33 55 42 47 0.115121581 4.121095341370983
33 55 43 48 0.12483309 4.223420045049832
33 55 44 49 0.145637043 4.39230973804167
33 55 45 50 0.174860067 4.412014834104623
33 55 46 51 0.244296464 4.789075053986266
33 55 47 52 0.384923967 5.324142879561047
33 55 48 53 0.735819574 6.184019455919161
33 55 49 54 2.07675599 7.691831499853172
34 46 35 38 2.08818398 8.366661792467347
34 46 36 39 0.778795488 7.1360863692698935
34 46 37 40 0.393141366 5.557905122615364
34 46 38 41 0.31068291 5.358646300833957
34 46 39 42 0.331171076 5.712025361647995
34 46 40 43 0.407252923 5.7574025597239755
34 46 41 44 0.673157698 6.168129563003966
34 46 42 45 2.12043865 8.495895575363068
34 56 35 40 2.21814597 8.215507804226133
34 56 36 41 0.84841546 7.130304624571736
34 56 37 42 0.407835783 5.641051652389456
34 56 38 43 0.273540951 5.362370470813606
34 56 39 44 0.201162106 5.075659702976819
34 56 40 45 0.152704821 4.605468900684904
34 56 41 46 0.132559943 4.484839079420875
34 56 42 47 0.116868258 4.183622474729062
34 56 43 48 0.117783449 4.216384267381689
34 56 44 49 0.128548932 4.349136404286298
34 56 45 50 0.143523185 4.328557282711762
34 56 46 51 0.181787255 4.586799487564876
34 56 47 52 0.253704152 4.97349902467659
34 56 48 53 0.399705943 5.528602354713039
34 56 49 54 0.756558919 6.358318316013117
34 56 50 55 1.97558983 7.317135069480923
35 47 36 39 2.50433042 10.034022787938305
35 47 37 40 0.733134057 6.717691655405735
35 47 38 41 0.426233732 6.0257374252351354
35 47 39 42 0.343744776 5.928896032110028
35 47 40 43 0.317967971 5.484298739131899
35 47 41 44 0.386191301 5.459650893458492
35 47 42 45 0.696811326 6.3848672495409735
35 47 43 46 2.20511617 8.835170360559387
35 57 36 41 2.6494556 9.812980504051602
35 57 37 42 0.800419611 6.726935001763417
35 57 38 43 0.441638038 6.108593428688765
35 57 39 44 0.288528654 5.656182478480877
35 57 40 45 0.197190634 4.975452756486107
35 57 41 46 0.157276171 4.743337568623986
35 57 42 47 0.127154496 4.301959097740902
35 57 43 48 0.11870194 4.249264192659915
35 57 44 49 0.12116398 4.337399722819712
35 57 45 50 0.126252121 4.271429462824775
35 57 46 51 0.146824553 4.428124195885488
35 57 47 52 0.186702452 4.71081820978432
35 57 48 53 0.260036153 5.097628647899119
35 57 49 54 0.408306737 5.647565734651579
35 57 50 55 0.730716523 6.141132085450069
35 57 51 56 2.00334418 7.419930864757743
36 48 37 40 1.92497718 7.712746184020404
36 48 38 41 0.730220017 6.6909903693249575
36 48 39 42 0.446009373 6.305308963420467
36 48 40 43 0.317288505 5.472579336968958
36 48 41 44 0.297537971 5.131922923139838
36 48 42 45 0.370360402 5.235846831466942
36 48 43 46 0.687786904 6.302176664121532
36 48 44 47 2.00781711 8.044658354528325
36 58 37 42 2.05927954 7.627102706839983
36 58 38 43 0.796364607 6.692855691405427
36 58 39 44 0.442380067 6.118856932017925
36 58 40 45 0.268516591 5.2638752378320675
36 58 41 46 0.196297744 4.952923633669154
36 58 42 47 0.145434338 4.386196299268748
36 58 43 48 0.125947064 4.261108610808033
36 58 44 49 0.120598046 4.317140550293898
36 58 45 50 0.117716189 4.21397650968541
36 58 46 51 0.12675274 4.288366673299441
36 58 47 52 0.14872641 4.48548285168752
36 58 48 53 0.188268835 4.750340698540368
36 58 49 54 0.261864037 5.133461641642248
36 58 50 55 0.394013166 5.449861718307099
36 58 51 56 0.730862319 6.142357393028792
36 58 52 57 2.18953541 8.1095408019899
37 49 38 41 2.07812182 8.3263460490137
37 49 39 42 0.792969994 7.265967064030332
37 49 40 43 0.419753445 5.934124526089546
37 49 41 44 0.309459624 5.337547113245035
37 49 42 45 0.28340376 4.888136621890257
37 49 43 46 0.378038545 5.344394020855996
37 49 44 47 0.679735329 6.22840025491787
37 49 45 48 1.97510304 7.913583907943833
37 59 38 43 2.21519474 8.204577120030867
37 59 39 44 0.836334224 7.028770768833956
37 59 40 45 0.417923516 5.780581888039508
37 59 41 46 0.27233213 5.338673302213431
37 59 42 47 0.181706719 4.5847674282572495
37 59 43 48 0.14446739 4.357033834629997
37 59 44 49 0.129288925 4.374172244297921
37 59 45 50 0.11802251 4.224942116959897
37 59 46 51 0.117816423 4.217564662895771
37 59 47 52 0.12829568 4.340568246810992
37 59 48 53 0.149391288 4.505535099754722
37 59 49 54 0.189055596 4.770192007432381
37 59 50 55 0.253842589 4.9762128796886245
37 59 51 56 0.386509527 5.346073828807751
37 59 52 57 0.760235119 6.389214058838041
37 59 53 58 2.19442542 8.12765228602255
38 50 39 42 1.97675904 7.920218951628215
38 50 40 43 0.679734854 6.228395902503048
38 50 41 44 0.394639698 5.5790872922326376
38 50 42 45 0.278174724 4.7979464198661805
38 50 43 46 0.287443382 4.957811859215243
38 50 44 47 0.393889881 5.568487004128322
38 50 45 48 0.715067447 6.552147695089526
38 50 46 49 2.04369485 8.1884085792849
38 60 39 44 2.07193109 7.673961168440938
38 60 40 45 0.71558761 6.01398475797369
38 60 41 46 0.397739297 5.501400348095671
38 60 42 47 0.235371693 4.614117965132781
38 60 43 48 0.171231605 4.320462609267691
38 60 44 49 0.143541116 4.329098068931329
38 60 45 50 0.123170332 4.16716472470755
38 60 46 51 0.114858813 4.111688834170033
38 60 47 52 0.116998419 4.188281947662536
38 60 48 53 0.126707218 4.2868265485833845
38 60 49 54 0.148211172 4.469943639697277
38 60 50 55 0.182656065 4.608721031310015
38 60 51 56 0.244994108 4.802751344761244
38 60 52 57 0.388200134 5.369457753927659
38 60 53 58 0.747380924 6.281184054229631
38 60 54 59 2.19218861 8.119367650899294
39 51 40 43 2.00946689 8.051268476732202
39 51 41 44 0.727435276 6.665473847210686
39 51 42 45 0.361709939 5.113553791917665
39 51 43 46 0.278088786 4.796464164708338
39 51 44 47 0.296641594 5.11646224879762
39 51 45 48 0.401340957 5.673824109431549
39 51 46 49 0.712139198 6.525316212246205
39 51 47 50 1.95243735 7.822769992915662
39 61 40 45 2.10122215 7.782448587789654
39 61 41 46 0.774754403 6.511237905327909
39 61 42 47 0.36520613 5.051412183465173
39 61 43 48 0.230456006 4.517753107453529
39 61 44 49 0.176899666 4.463477361816139
39 61 45 50 0.140758717 4.245182892056875
39 61 46 51 0.121791219 4.12050583411541
39 61 47 52 0.115805416 4.145575106227291
39 61 48 53 0.116913355 4.185236846552272
39 61 49 54 0.127452672 4.312047148075574
39 61 50 55 0.146230369 4.410204028628394
39 61 51 56 0.178663765 4.507988559200211
39 61 52 57 0.246729982 4.8367806169584195
39 61 53 58 0.384821811 5.322729891057777
39 61 54 59 0.730814506 6.141955560116631
39 61 55 60 2.00385023 7.421805158776511
40 52 41 44 2.49694093 10.004415548230998
40 52 42 45 0.71977156 6.595251381713356
40 52 43 46 0.375752334 5.312073474286294
40 52 44 47 0.300977632 5.191250057335191
40 52 45 48 0.304022614 5.243769784057225
40 52 46 49 0.390661428 5.5228458251056525
40 52 47 50 0.667389824 6.115278657130373
40 52 48 51 2.22977865 8.933984751963486
40 62 41 46 2.61508195 9.685668328183061
40 62 42 47 0.774701499 6.510793286325023
40 62 43 48 0.380533768 5.26341907759081
40 62 44 49 0.25576875 5.013972450351347
40 62 45 50 0.183770116 4.636830419704274
40 62 46 51 0.144854712 4.368715190947825
40 62 47 52 0.127324278 4.307703253413798
40 62 48 53 0.119281409 4.270007887939507
40 62 49 54 0.121369145 4.344744171344201
40 62 50 55 0.130689318 4.421551091261875
40 62 51 56 0.148293858 4.472437390706762
40 62 52 57 0.186801491 4.713317131034047
40 62 53 58 0.259311502 5.0834229243690965
40 62 54 59 0.409704217 5.666895222626353
40 62 55 60 0.776915021 6.529396302061195
40 62 56 61 2.07719147 7.6934444186542645
41 53 42 45 2.15713189 8.64291323860069
41 53 43 46 0.662045493 6.066308666690513
41 53 44 47 0.392743858 5.55228548565892
41 53 45 48 0.300577921 5.1843558581288285
41 53 46 49 0.290177701 5.004973283043319
41 53 47 50 0.361135942 5.105439100504944
41 53 48 51 0.683978362 6.267279075381275
41 53 49 52 2.05082674 8.216983701085748
41 63 42 47 2.27637751 8.431184174398519
41 63 43 48 0.714103378 6.001510885451921
41 63 44 49 0.397710351 5.500999976456065
41 63 45 50 0.253161808 4.96286716337761
41 63 46 51 0.180522325 4.554883167161636
41 63 47 52 0.146251829 4.410851246980516
41 63 48 53 0.126995431 4.296577525359204
41 63 49 54 0.120523368 4.314467244774381
41 63 50 55 0.121861924 4.3623845583471
41 63 51 56 0.128896291 4.36088844025231
41 63 52 57 0.149472223 4.507976041848337
41 63 53 58 0.188935918 4.767172329352789
41 63 54 59 0.264283434 5.180890383052067
41 63 55 60 0.418012416 5.781811523870402
41 63 56 61 0.75841958 6.37395579594902
41 63 57 62 1.95577596 7.243749004804159
42 54 43 46 2.11799447 8.486102555391758
42 54 44 47 0.759742279 6.961502223456571
42 54 45 48 0.418246627 5.912822388473609
42 54 46 49 0.300040497 5.175086390652876
42 54 47 50 0.282288979 4.868908924164978
42 54 48 51 0.3727151 5.269135590188944
42 54 49 52 0.679686576 6.227953532223502
42 54 50 53 2.02294411 8.105267234850572
42 64 43 48 2.24153328 8.302129077317938
42 64 44 49 0.816212805 6.859665119876728
42 64 45 50 0.421363177 5.828158158137685
42 64 46 51 0.259847819 5.093936635143595
42 64 47 52 0.189312504 4.7766742301974
42 64 48 53 0.149836862 4.518973295003015
42 64 49 54 0.131367365 4.444491140981753
42 64 50 55 0.124058702 4.441024301679206
42 64 51 56 0.12202946 4.3683819727598845
42 64 52 57 0.130652341 4.420300065568241
42 64 53 58 0.151784197 4.577703534971767
42 64 54 59 0.193115962 4.872641899687621
42 64 55 60 0.272056359 5.3332672148919515
42 64 56 61 0.415290205 5.74415878838274
42 64 57 62 0.746252761 6.271702678376142
42 64 58 63 2.33415555 8.645180883791314
43 55 44 47 2.2323714 8.94437304273201
43 55 45 48 0.748666806 6.860017901672061
43 55 46 49 0.395217115 5.587250332756298
43 55 47 50 0.289411776 4.99176263953555
43 55 48 51 0.286159459 4.935666807096008
43 55 49 52 0.381630709 5.395177043004001
43 55 50 53 0.697647198 6.39252632676672
43 55 51 54 1.97150318 7.899160460867953
44 56 45 48 2.07132499 8.29911340169165
44 56 46 49 0.672859281 6.165395174427156
44 56 47 50 0.372059922 5.2598732294267725
44 56 48 51 0.281538197 4.855959466510442
44 56 49 52 0.291652521 5.030410918919062
44 56 50 53 0.401679995 5.678617146236944
44 56 51 54 0.708959116 6.496177189019916
44 56 52 55 1.8570141 7.4404406256115125
45 57 46 49 2.13901097 8.5703087121507
45 57 47 50 0.700399021 6.417741221952326
45 57 48 51 0.372645642 5.2681536508475455
45 57 49 52 0.290966899 5.018585338316413
45 57 50 53 0.309566121 5.339383969205668
45 57 51 54 0.407089889 5.755097720848892
45 57 52 55 0.674598007 6.181327083509422
45 57 53 56 1.87848314 7.526459960310629
46 58 47 50 2.20220834 8.823519648556513
46 58 48 51 0.68469594 6.273854227219711
46 58 49 52 0.382304412 5.404701294783756
46 58 50 53 0.310351864 5.352936432778112
46 58 51 54 0.311889393 5.379455670956598
46 58 52 55 0.38699347 5.470991290526511
46 58 53 56 0.672431476 6.1614752063787455
46 58 54 57 2.06490692 8.273398320278957
47 59 48 51 1.98561698 7.955709784269297
47 59 49 52 0.671645747 6.154275588387584
47 59 50 53 0.402893766 5.695776429492275
47 59 51 54 0.310376275 5.353357472721537
47 59 52 55 0.29619016 5.108675933373412
47 59 53 56 0.375752286 5.31207279570228
47 59 54 57 0.701654982 6.429249565683812
47 59 55 58 2.0825487 8.344083091396259
48 60 49 52 1.96137548 7.858582120335156
48 60 50 53 0.721231518 6.608628945584792
48 60 51 54 0.410213227 5.799252871568543
48 60 52 55 0.298463991 5.147894878750458
48 60 53 56 0.284324827 4.904023148356647
48 60 54 57 0.378427604 5.349894212888954
48 60 55 58 0.699433363 6.408892918389509
48 60 56 59 2.088343 8.36729893295448
49 61 50 53 2.05783402 8.245059551876022
49 61 51 54 0.727682124 6.667735710145466
49 61 52 55 0.392780053 5.552797180416356
49 61 53 56 0.283866961 4.896125894055863
49 61 54 57 0.283013456 4.881404674240478
49 61 55 58 0.381515004 5.393541302103074
49 61 56 59 0.688138852 6.305401556104333
49 61 57 60 1.89475257 7.591646179374632
50 62 51 54 1.98434501 7.950613421639331
50 62 52 55 0.680068342 6.23145164590139
50 62 53 56 0.363754966 5.142464680015833
50 62 54 57 0.279825682 4.826422076861709
50 62 55 58 0.296145579 5.1079070020835085
50 62 56 59 0.406230989 5.742955308163134
50 62 57 60 0.724049685 6.634451749420845
50 62 58 61 1.95377783 7.828140852431386
51 63 52 55 2.24344983 8.988760643580058
51 63 53 56 0.685793927 6.28391505857411
51 63 54 57 0.371372599 5.250156429433278
51 63 55 58 0.294556951 5.080506410414011
51 63 56 59 0.309957624 5.346136597159086
51 63 57 60 0.413982433 5.852538766026141
51 63 58 61 0.702286372 6.4350349787250005
51 63 59 62 1.82956838 7.330474713081737
52 64 53 56 2.04348137 8.187553235609935
52 64 54 57 0.670859421 6.147070500098215
52 64 55 58 0.383015665 5.4147563971821535
52 64 56 59 0.307962739 5.311728901139246
52 64 57 60 0.317844091 5.482162061888379
52 64 58 61 0.407734728 5.764213917442058
52 64 59 62 0.685775321 6.283744572194782
52 64 60 63 2.2034643 8.828551864417525
