64
# x y z
0.0 0.0 0.0
0.5 0.0 0.0
1.0 0.0 0.0
1.5 0.0 0.0
2.0 0.0 0.0
2.5 0.0 0.0
3.0 0.0 0.0
3.5 0.0 0.0
4.0 0.0 0.0
4.5 0.0 0.0
5.0 0.0 0.0
5.5 0.0 0.0
6.0 0.0 0.0
6.5 0.0 0.0
7.0 0.0 0.0
7.5 0.0 0.0
8.0 0.0 0.0
8.5 0.0 0.0
9.0 0.0 0.0
9.5 0.0 0.0
10.0 0.0 0.0
10.5 0.0 0.0
11.0 0.0 0.0
11.5 0.0 0.0
12.0 0.0 0.0
12.5 0.0 0.0
13.0 0.0 0.0
13.5 0.0 0.0
14.0 0.0 0.0
14.5 0.0 0.0
15.0 0.0 0.0
15.5 0.0 0.0
16.0 0.0 0.0
16.5 0.0 0.0
17.0 0.0 0.0
17.5 0.0 0.0
18.0 0.0 0.0
18.5 0.0 0.0
19.0 0.0 0.0
19.5 0.0 0.0
20.0 0.0 0.0
20.5 0.0 0.0
21.0 0.0 0.0
21.5 0.0 0.0
22.0 0.0 0.0
22.5 0.0 0.0
23.0 0.0 0.0
23.5 0.0 0.0
24.0 0.0 0.0
24.5 0.0 0.0
25.0 0.0 0.0
25.5 0.0 0.0
26.0 0.0 0.0
26.5 0.0 0.0
27.0 0.0 0.0
27.5 0.0 0.0
28.0 0.0 0.0
28.5 0.0 0.0
29.0 0.0 0.0
29.5 0.0 0.0
30.0 0.0 0.0
30.5 0.0 0.0
31.0 0.0 0.0
31.5 0.0 0.0
1392
# a b m n r rhoa
1 13 2 5 1.88831535 7.565854370252667
1 13 3 6 0.646088754 5.920097409139034
1 13 4 7 0.401096583 5.670369353397471
1 13 5 8 0.296765691 5.1186026688483865
1 13 6 9 0.241884362 4.172011719797789
1 13 7 10 0.377926641 5.342812015326613
1 13 8 11 0.692398267 6.34443048448272
1 13 9 12 2.18025998 8.735579837324307
1 23 2 7 2.01925901 7.478875772728759
1 23 3 8 0.701249449 5.89348311637683
1 23 4 9 0.397680522 5.500587391448193
1 23 5 10 0.255798398 5.014553656050667
1 23 6 11 0.181247187 4.573172659734452
1 23 7 12 0.142777345 4.30606327825013
1 23 8 13 0.122242081 4.1357596390829166
1 23 9 14 0.12376425 4.430483578081453
1 23 10 15 0.107013909 3.83085880172023
1 23 11 16 0.123040629 4.162776543255796
1 23 12 17 0.138543685 4.178379100773679
1 23 13 18 0.181898958 4.5896179429244635
1 23 14 19 0.257959915 5.0569270370401975
1 23 15 20 0.368241781 5.093400318894741
1 23 16 21 0.73177663 6.150041500944031
1 23 17 22 1.87220071 6.934205301233041
1 57 4 16 0.467560736 5.3965643308742575
1 57 5 17 0.301002029 4.892790017626377
1 57 6 18 0.213007606 4.545782943664095
1 57 7 19 0.162259528 4.341026958909204
1 57 8 20 0.127438673 4.134057152344258
1 57 9 21 0.115220877 4.4173471817089585
1 57 10 22 0.093449356 4.147375087192234
1 57 11 23 0.082240393 4.152583587691212
1 57 12 24 0.07324248 4.145041380330172
1 57 13 25 0.065345225 4.090268136233469
1 57 14 26 0.06031547 4.125972482368136
1 57 15 27 0.057998128 4.288135564410829
1 57 16 28 0.052365141 4.141517155494972
1 57 17 29 0.050528409 4.23305809365281
1 57 18 30 0.047298024 4.1579324056044245
1 57 19 31 0.044809229 4.096033012217756
1 57 20 32 0.044300751 4.173600421630317
1 57 21 33 0.043262193 4.164118091448015
1 57 22 34 0.04311884 4.203906004508422
1 57 23 35 0.043334396 4.242999460448771
1 57 24 36 0.043166819 4.208583755723212
1 57 25 37 0.044274583 4.261563718270517
1 57 26 38 0.043912341 4.137008081699885
1 57 27 39 0.045547292 4.163499703356237
1 57 28 40 0.04777043 4.199461248669876
1 57 29 41 0.048992349 4.104373432013525
1 57 30 42 0.05357918 4.237534529838334
1 57 31 43 0.057529011 4.253451043359223
1 57 32 44 0.059798643 4.0906181366232515
1 57 33 45 0.065673332 4.110805912442444
1 57 34 46 0.073206183 4.142987209485849
1 57 35 47 0.081598007 4.120147439671314
1 57 36 48 0.094599463 4.19841797634179
1 57 37 49 0.110728292 4.2451100992890956
1 57 38 50 0.126941552 4.1179307554095494
1 57 39 51 0.161579101 4.3228230852324
1 57 40 52 0.206677059 4.410683107949009
1 57 41 53 0.300278834 4.881034478009077
1 57 42 54 0.459508968 5.303631198034646
2 14 3 6 1.54384273 6.185666639713174
2 14 4 7 0.666543508 6.107523881756411
2 14 5 8 0.379002272 5.3580183903406935
2 14 6 9 0.249568109 4.304540678143435
2 14 7 10 0.276705672 4.772608270221797
2 14 8 11 0.362053632 5.118412637235172
2 14 9 12 0.67579989 6.192339911685639
2 14 10 13 1.61825589 6.483815533005977
2 24 11 16 0.114336231 4.092981566366923
2 24 12 17 0.120438449 4.074738194026215
2 24 13 18 0.145176831 4.378430071114049
2 24 14 19 0.188074744 4.7454434547850735
2 24 15 20 0.245679991 4.816197078323943
2 24 16 21 0.391857502 5.420045276307461
2 24 17 22 0.71767292 6.031510246649563
2 24 18 23 2.53561318 9.391334091862602
2 58 5 17 0.438914015 5.065925205639613
2 58 6 18 0.283975141 4.616017838002159
2 58 7 19 0.204451254 4.3631823327657875
2 58 8 20 0.153521651 4.107257268536182
2 58 9 21 0.136081642 4.414431445098701
2 58 10 22 0.107488843 4.120915844888134
2 58 11 23 0.092825779 4.11970012156972
2 58 12 24 0.081331973 4.10671452207609
2 58 13 25 0.071583944 4.051179179722446
2 58 14 26 0.065293008 4.08699962608189
2 58 15 27 0.062284168 4.260644296648836
2 58 16 28 0.055571316 4.1087073793263205
2 58 17 29 0.05313644 4.202518577042106
2 58 18 30 0.049258928 4.12670630209356
2 58 19 31 0.046266046 4.067212024387846
2 58 20 32 0.045376614 4.1478979459044565
2 58 21 33 0.043969769 4.1424184081526665
2 58 22 34 0.043496022 4.186624846230538
2 58 23 35 0.043219911 4.213760002987548
2 58 24 36 0.042848357 4.195409937918975
2 58 25 37 0.043517933 4.24281589770261
2 58 26 38 0.042836365 4.1231308470278085
2 58 27 39 0.044086643 4.153429178053105
2 58 28 40 0.045824751 4.1888623629890755
2 58 29 41 0.046583936 4.095157486388914
2 58 30 42 0.050368497 4.219661337268253
2 58 31 43 0.053534449 4.233996790793911
2 58 32 44 0.05516109 4.078377009007369
2 58 33 45 0.05982879 4.092680388520251
2 58 34 46 0.065737252 4.11480696897363
2 58 35 47 0.072093275 4.080003955607766
2 58 36 48 0.081936233 4.1372255649732015
2 58 37 49 0.093734407 4.160025933239576
2 58 38 50 0.105356829 4.039178521935245
2 58 39 51 0.129120248 4.1886067407251195
2 58 40 52 0.158119397 4.23026353869011
2 58 41 53 0.213385796 4.55385387448083
2 58 42 54 0.294755057 4.791245445506594
2 58 43 55 0.422913922 4.881252874269019
3 15 4 7 2.11185308 8.461496039127974
3 15 5 8 0.7048237 6.458284460821599
3 15 6 9 0.352778859 4.987293622992863
3 15 7 10 0.291319078 5.024659707503895
3 15 8 11 0.301072092 5.192879299605314
3 15 9 12 0.457997143 6.474782069162626
3 15 10 13 0.780863596 7.155036398560482
3 15 11 14 2.17418825 8.711252425615507
3 25 4 9 2.20025833 8.149256057043242
3 25 5 10 0.73691762 6.193247720656101
3 25 6 11 0.374138932 5.174967789871018
3 25 7 12 0.235652768 4.619628029620654
3 25 8 13 0.16586746 4.1851161707221305
3 25 9 14 0.151229786 4.560982893134941
3 25 10 15 0.115234419 3.898672660304021
3 25 11 16 0.11338017 4.058756719045147
3 25 12 17 0.111927261 4.006745823613334
3 25 13 18 0.124383172 4.208198177996564
3 25 14 19 0.149035744 4.494812145337813
3 25 15 20 0.181536913 4.58048293607002
3 25 16 21 0.249337332 4.887893902175724
3 25 17 22 0.38131817 5.274268670448232
3 25 18 23 0.856456504 7.197883653859562
3 25 19 24 2.3995744 8.887477414311574
3 59 6 18 0.434178055 5.011262974958962
3 59 7 19 0.280066894 4.5524892565784825
3 59 8 20 0.194697617 4.155030532246086
3 59 9 21 0.167441203 4.479655433579153
3 59 10 22 0.127409137 4.133099016880531
3 59 11 23 0.107144573 4.107717194141474
3 59 12 24 0.092039272 4.084794160979662
3 59 13 25 0.079677161 4.0231577089184185
3 59 14 26 0.071640651 4.054388421975773
3 59 15 27 0.067732247 4.2396831857200725
3 59 16 28 0.05965875 4.081048540821783
3 59 17 29 0.056473206 4.175389300235673
3 59 18 30 0.051823282 4.098661960197028
3 59 19 31 0.048137785 4.032781645762264
3 59 20 32 0.046853228 4.118830736107973
3 59 21 33 0.045015526 4.1148907194619815
3 59 22 34 0.044157279 4.1600838381373615
3 59 23 35 0.043447234 4.181928852353261
3 59 24 36 0.042729932 4.165989106085335
3 59 25 37 0.043074954 4.21759672341702
3 59 26 38 0.042106755 4.105231962985671
3 59 27 39 0.042988165 4.13774206024767
3 59 28 40 0.044289642 4.172553836052481
3 59 29 41 0.044590649 4.076052510080338
3 59 30 42 0.047675433 4.1911101364810195
3 59 31 43 0.050253365 4.210016061391104
3 59 32 44 0.051345989 4.060913238242902
3 59 33 45 0.055141098 4.076898885330623
3 59 34 46 0.059857653 4.094654806422633
3 59 35 47 0.064612575 4.044408091371562
3 59 36 48 0.072356293 4.0948890399709885
3 59 37 49 0.081355944 4.107924895440679
3 59 38 50 0.090070783 3.997430667131594
3 59 39 51 0.107304574 4.11385132525402
3 59 40 52 0.127216303 4.126843562722473
3 59 41 53 0.163367062 4.370657483607319
3 59 42 54 0.211271063 4.508723480396201
3 59 43 55 0.278296731 4.523715245038609
3 59 44 56 0.390793539 4.5105209033282
4 16 5 8 2.06764038 8.284350389427212
4 16 6 9 0.661506953 6.061374036209824
4 16 7 10 0.37331395 5.277601632611654
4 16 8 11 0.271151021 4.6768018738108275
4 16 9 12 0.318569135 5.494667591557011
4 16 10 13 0.387602768 5.479605038069422
4 16 11 14 0.629827575 5.771096574390801
4 16 12 15 1.29847244 5.2025491318633
4 26 5 10 2.15732716 7.99024877485813
4 26 6 11 0.732312363 6.154543940689101
4 26 7 12 0.374940109 5.18604940906211
4 26 8 13 0.224115095 4.393448816706008
4 26 9 14 0.190127561 4.797239494962172
4 26 10 15 0.133540895 4.027498508983735
4 26 11 16 0.121089247 4.096756340965286
4 26 12 17 0.111331356 3.985413756262733
4 26 13 18 0.113990234 4.080595646955094
4 26 14 19 0.126321716 4.273784038186447
4 26 15 20 0.144324946 4.352737824800097
4 26 16 21 0.174464971 4.402045894696088
4 26 17 22 0.232843846 4.564563220009683
4 26 18 23 0.395967018 5.476886762485541
4 26 19 24 0.704641387 5.921989847274522
4 26 20 25 1.58843789 5.88321240275431
4 60 7 19 0.436305767 5.035820928186183
4 60 8 20 0.266962153 4.339471602971971
4 60 9 21 0.219230038 4.678575503445786
4 60 10 22 0.158273883 4.2343965957687315
4 60 11 23 0.12854254 4.1698661352782445
4 60 12 24 0.107617935 4.125864984290893
4 60 13 25 0.091142585 4.044998302730953
4 60 14 26 0.080465055 4.062941026749114
4 60 15 27 0.075167226 4.253969311451906
4 60 16 28 0.065019805 4.069898552122417
4 60 17 29 0.060920254 4.167343661963959
4 60 18 30 0.05527096 4.086500330754267
4 60 19 31 0.050756755 4.014311192053416
4 60 20 32 0.048926744 4.098877320385825
4 60 21 33 0.046601563 4.096707062212919
4 60 22 34 0.045361033 4.1464736792569905
4 60 23 35 0.044096739 4.1543803282910945
4 60 24 36 0.04301905 4.140714835743688
4 60 25 37 0.043003432 4.192654208676988
4 60 26 38 0.04173022 4.08592982222271
4 60 27 39 0.042292356 4.123327281838004
4 60 28 40 0.043179946 4.156201566720123
4 60 29 41 0.043069463 4.05760003789081
4 60 30 42 0.04560756 4.169008830004685
4 60 31 43 0.047637669 4.1877903326903745
4 60 32 44 0.048262342 4.043216508593016
4 60 33 45 0.051249121 4.053252025532361
4 60 34 46 0.05500216 4.066626398966096
4 60 35 47 0.058532125 4.003980025100222
4 60 36 48 0.064578253 4.04225971430236
4 60 37 49 0.071442694 4.043185361176548
4 60 38 50 0.077946297 3.93576078416241
4 60 39 51 0.090653058 4.023272609037484
4 60 40 52 0.104712284 4.014467904264503
4 60 41 53 0.129370319 4.19671893917954
4 60 42 54 0.159546647 4.268447618253704
4 60 43 55 0.19863923 4.23914826626693
4 60 44 56 0.256680103 4.17233681066552
4 60 45 57 0.423511237 4.888147056297375
5 17 6 9 2.02522167 8.114392663651177
5 17 7 10 0.690467432 6.32673828474978
5 17 8 11 0.343528431 4.856518778079737
5 17 9 12 0.325783435 5.619099546980972
5 17 10 13 0.306662617 5.28930444932137
5 17 11 14 0.393359116 5.560983490716801
5 17 12 15 0.582685465 5.339134430576195
5 17 13 16 2.62970129 10.536342352671959
5 27 6 11 2.16160379 8.006088438981221
5 27 7 12 0.734924784 6.176499407575134
5 27 8 13 0.341848221 4.7283331976253935
5 27 9 14 0.264733875 5.189720620383675
5 27 10 15 0.168592323 4.253869066584299
5 27 11 16 0.140675034 4.242659072235784
5 27 12 17 0.121206859 4.100735453221007
5 27 13 18 0.115787678 4.14494012546582
5 27 14 19 0.120407959 4.310335860475095
5 27 15 20 0.131462486 4.447709325664237
5 27 16 21 0.14674009 4.425576851818606
5 27 17 22 0.181866544 4.588800082956283
5 27 18 23 0.273379745 5.359210262841244
5 27 19 24 0.417726512 5.777856992907569
5 27 20 25 0.7209877 6.059368521607727
5 27 21 26 2.13017713 7.889691243313001
5 61 8 20 0.400823307 4.626284020434219
5 61 9 21 0.307178192 4.993183588972149
5 61 10 22 0.205433079 4.384135403045648
5 61 11 23 0.159772318 4.274485130546012
5 61 12 24 0.129527273 4.201810461172154
5 61 13 25 0.106761965 4.09304873808989
5 61 14 26 0.092267035 4.094902508778058
5 61 15 27 0.085209888 4.302523000076208
5 61 16 28 0.07230272 4.091857161450922
5 61 17 29 0.066833151 4.183404494810141
5 61 18 30 0.059782498 4.089513713069435
5 61 19 31 0.054320178 4.016203542757909
5 61 20 32 0.051862482 4.101762256871402
5 61 21 33 0.048889148 4.095727685255042
5 61 22 34 0.047226453 4.151640654807361
5 61 23 35 0.045338596 4.144422702376867
5 61 24 36 0.043852597 4.131379563492826
5 61 25 37 0.043466754 4.18380771191882
5 61 26 38 0.041865313 4.081692380901817
5 61 27 39 0.042097641 4.1219051039540515
5 61 28 40 0.042631333 4.156376117235483
5 61 29 41 0.04212985 4.055126622337225
5 61 30 42 0.044195043 4.163641607312029
5 61 31 43 0.045747186 4.181772109314042
5 61 32 44 0.04596833 4.041040042994566
5 61 33 45 0.048326983 4.0486318603455675
5 61 34 46 0.0513119 4.0582171664742095
5 61 35 47 0.053941452 3.9882021488203825
5 61 36 48 0.058786557 4.021384837342154
5 61 37 49 0.064099125 4.012268816090941
5 61 38 50 0.069142535 3.9130115298652806
5 61 39 51 0.078841177 3.980946171359588
5 61 40 52 0.08917785 3.9578014151254934
5 61 41 53 0.10689569 4.09817549781655
5 61 42 54 0.126959733 4.1185205394312865
5 61 43 55 0.151567283 4.054970883383937
5 61 44 56 0.184952205 3.947054260973504
5 61 45 57 0.265071636 4.308741236347921
5 61 46 58 0.406075302 4.686902303152745
6 18 7 10 2.13382703 8.549538381017115
6 18 8 11 0.577504117 5.2916578498730935
6 18 9 12 0.423217866 5.983101624120986
6 18 10 13 0.291476967 5.027382970607721
6 18 11 14 0.284264179 4.902977094098777
6 18 12 15 0.314560463 4.446993778517728
6 18 13 16 0.737144028 6.754434933756968
6 18 14 17 2.05616901 8.238388408104928
6 28 7 12 2.24206825 8.304110484434272
6 28 8 13 0.626071322 5.261666545501588
6 28 9 14 0.420374144 5.814478175969673
6 28 10 15 0.23442197 4.595500034062371
6 28 11 16 0.176300449 4.44835810481135
6 28 12 17 0.140799563 4.246414778394749
6 28 13 18 0.124396912 4.208663037044905
6 28 14 19 0.120336737 4.307786272032567
6 28 15 20 0.125254498 4.4838311262730235
6 28 16 21 0.128972585 4.3634696597744504
6 28 17 22 0.14879494 4.4875496677952045
6 28 18 23 0.201443639 5.0827632560841725
6 28 19 24 0.276434745 5.419099071915157
6 28 20 25 0.41600549 5.754052377418745
6 28 21 26 0.840959274 7.067640894331051
6 28 22 27 2.5118506 9.303322904105402
6 62 9 21 0.479813878 5.537989527574986
6 62 10 22 0.286173536 4.651752763598956
6 62 11 23 0.208474731 4.449047121654241
6 62 12 24 0.161910302 4.331683905225774
6 62 13 25 0.128901028 4.181495335783413
6 62 14 26 0.108399798 4.155840110409161
6 62 15 27 0.098626439 4.377139164523344
6 62 16 28 0.081984094 4.139642221750249
6 62 17 29 0.0745802 4.2207475109158
6 62 18 30 0.065639538 4.108690585402162
6 62 19 31 0.058973538 4.034175560198595
6 62 20 32 0.055751464 4.122026758283819
6 62 21 33 0.052037531 4.115606742395698
6 62 22 34 0.049815014 4.173292853889937
6 62 23 35 0.047285119 4.15679793711808
6 62 24 36 0.045356617 4.146070010589048
6 62 25 37 0.044606694 4.202423495843999
6 62 26 38 0.042670444 4.107160444467515
6 62 27 39 0.042614126 4.15469850692362
6 62 28 40 0.042819333 4.192568111847601
6 62 29 41 0.042007092 4.095515238599594
6 62 30 42 0.043697786 4.206045246916258
6 62 31 43 0.04492619 4.232523406346852
6 62 32 44 0.044859946 4.100669077397111
6 62 33 45 0.046808742 4.114920006539318
6 62 34 46 0.049302104 4.130323406211198
6 62 35 47 0.051345587 4.060881444384149
6 62 36 48 0.055478583 4.101851094666675
6 62 37 49 0.059900303 4.097572345262553
6 62 38 50 0.064078837 4.010998893767651
6 62 39 51 0.072178509 4.084827637943632
6 62 40 52 0.080527227 4.066080292229206
6 62 41 53 0.094905385 4.2119950980656045
6 62 42 54 0.11040909 4.232872507527874
6 62 43 55 0.128910298 4.181796050699067
6 62 44 56 0.153154677 4.0974393919106635
6 62 45 57 0.206960991 4.41674248426424
6 62 46 58 0.291383519 4.73644107250867
6 62 47 59 0.452071194 5.217784755467869
7 19 8 11 1.40902322 5.6454895030242085
7 19 9 12 0.729733706 6.686534312052157
7 19 10 13 0.363546963 5.139524106880573
7 19 11 14 0.276310639 4.765794756970755
7 19 12 15 0.241961972 4.173350333947527
7 19 13 16 0.383176193 5.4170258083168825
7 19 14 17 0.68657961 6.2911142550682575
7 19 15 18 2.52045959 10.098647031623582
7 29 8 13 1.51567421 5.61371229365905
7 29 9 14 0.774166385 6.5062960488172665
7 29 10 15 0.354443377 4.902545291138294
7 29 11 16 0.235866797 4.623823755289157
7 29 12 17 0.172873506 4.361890544715819
7 29 13 18 0.140069923 4.224409354422603
7 29 14 19 0.125458971 4.2445951866826785
7 29 15 20 0.123915511 4.435898383863447
7 29 16 21 0.116970413 4.187279395446627
7 29 17 22 0.124916031 4.226226149440555
7 29 18 23 0.151613033 4.5725413503481604
7 29 19 24 0.186925083 4.716435565944498
7 29 20 25 0.249645058 4.8939264205590565
7 29 21 26 0.394598771 5.457961615840851
7 29 22 27 0.733376256 6.163485174713702
7 29 23 28 1.98289303 7.3441844600112605
7 63 10 22 0.424583492 4.9005229737794656
7 63 11 23 0.283051534 4.6010045999691025
7 63 12 24 0.207751062 4.4336033435712245
7 63 13 25 0.158714433 4.246182895472176
7 63 14 26 0.129310899 4.1947913792779055
7 63 15 27 0.115638857 4.433371732320657
7 63 16 28 0.093931041 4.1687527451492805
7 63 17 29 0.084014998 4.242189137091186
7 63 18 30 0.072688964 4.113716024816884
7 63 19 31 0.064416634 4.032143213120982
7 63 20 32 0.060194039 4.117665808068715
7 63 21 33 0.055645531 4.114194521616719
7 63 22 34 0.052773361 4.17380294907693
7 63 23 35 0.049535491 4.149875589801687
7 63 24 36 0.047118355 4.142137843925007
7 63 25 37 0.045887748 4.194620948830191
7 63 26 38 0.043507762 4.098892450545398
7 63 27 39 0.043145592 4.152894889388403
7 63 28 40 0.042985439 4.190899966662612
7 63 29 41 0.041811989 4.093936067951424
7 63 30 42 0.043119838 4.204003305321535
7 63 31 43 0.043964499 4.231717187044775
7 63 32 44 0.04360078 4.107655732324057
7 63 33 45 0.045094834 4.122140301599022
7 63 34 46 0.047050327 4.1361575554950205
7 63 35 47 0.048443998 4.058434886061829
7 63 36 48 0.051840648 4.100035423259457
7 63 37 49 0.055405902 4.096477369829265
7 63 38 50 0.058774266 4.020544052585262
7 63 39 51 0.065299645 4.087415067449185
7 63 40 52 0.071842551 4.065814630573415
7 63 41 53 0.083097372 4.195855230743745
7 63 42 54 0.094704058 4.203060006162144
7 63 43 55 0.108255317 4.150300986295738
7 63 44 56 0.125519034 4.0717848675577635
7 63 45 57 0.161691626 4.325833534384892
7 63 46 58 0.213912057 4.565084779905473
7 63 47 59 0.301398739 4.8992385413600585
7 63 48 60 0.481619998 5.558835680852661
8 20 9 12 2.14747798 8.604233217722014
8 20 10 13 0.620257804 5.6834089677695685
8 20 11 14 0.355870095 5.030994942379369
8 20 12 15 0.250181191 4.315115091751856
8 20 13 16 0.283066503 4.882319626756922
8 20 14 17 0.371945231 5.258251823613125
8 20 15 18 0.782456598 7.1696330417531815
8 20 16 19 2.15203593 8.622495414196184
8 30 9 14 2.24959061 8.331971593721951
8 30 10 15 0.650198013 5.46443354412855
8 30 11 16 0.356637191 4.9328894115063076
8 30 12 17 0.233462338 4.576687851532348
8 30 13 18 0.172027128 4.340534998218974
8 30 14 19 0.142346784 4.293077864414716
8 30 15 20 0.134052965 4.5353518003869295
8 30 16 21 0.116813971 4.1816791214424445
8 30 17 22 0.11775855 4.21549293882267
8 30 18 23 0.131386479 4.445137816080006
8 30 19 24 0.150043492 4.525205108987123
8 30 20 25 0.185920529 4.69108897180383
8 30 21 26 0.259771351 5.092437591787698
8 30 22 27 0.400579117 5.540679812947063
8 30 23 28 0.759935829 6.386698747682481
8 30 24 29 2.6342699 9.756736127644473
8 64 11 23 0.420493945 4.853321611966154
8 64 12 24 0.2824645 4.59146235832791
8 64 13 25 0.203097735 4.334296962427766
8 64 14 26 0.158596351 4.243023776549052
8 64 15 27 0.138820558 4.503280732469028
8 64 16 28 0.109444817 4.195904132265915
8 64 17 29 0.096037481 4.262238641174772
8 64 18 30 0.081568077 4.118636177112299
8 64 19 31 0.071176257 4.02810678395946
8 64 20 32 0.06570136 4.112560318144197
8 64 21 33 0.06002615 4.106181102833188
8 64 22 34 0.056327494 4.1646159730455015
8 64 23 35 0.052224579 4.1304002192413165
8 64 24 36 0.049231422 4.124401964826103
8 64 25 37 0.047547193 4.179836658085924
8 64 26 38 0.04476673 4.092148158341197
8 64 27 39 0.044061288 4.1510404682388975
8 64 28 40 0.043570232 4.19376778518341
8 64 29 41 0.041996891 4.094520683895618
8 64 30 42 0.042933124 4.20370972673486
8 64 31 43 0.04342925 4.234169677252389
8 64 32 44 0.042739575 4.113814514171746
8 64 33 45 0.043856383 4.131736244832072
8 64 34 46 0.045367057 4.147024335972499
8 64 35 47 0.046226806 4.063762466588225
8 64 36 48 0.049005296 4.1054580773491525
8 64 37 49 0.051834098 4.099517388993713
8 64 38 50 0.05456196 4.03407987823264
8 64 39 51 0.059876616 4.095951999600158
8 64 40 52 0.064966197 4.0665429726711695
8 64 41 53 0.073976996 4.186610142263337
8 64 42 54 0.082706592 4.176123483907395
8 64 43 55 0.092793297 4.118258538199342
8 64 44 56 0.105473494 4.043651234019827
8 64 45 57 0.130808824 4.243383438612399
8 64 46 58 0.165302931 4.422448953861791
8 64 47 59 0.218164431 4.6558344463717525
8 64 48 60 0.31439912 5.110559822460591
8 64 49 61 0.471890248 5.446535357588726
9 21 10 13 1.30081643 5.211940723678369
9 21 11 14 0.516305601 4.730897159067517
9 21 12 15 0.292315071 4.132506958142313
9 21 13 16 0.253938714 4.379924696902807
9 21 14 17 0.265053134 4.571625764782322
9 21 15 18 0.421198103 5.954547897408419
9 21 16 19 0.722829371 6.623270038386549
9 21 17 20 1.60616252 6.4353614036331575
9 31 10 15 1.36881661 5.0697851692823255
9 31 11 16 0.54911397 4.614896904056823
9 31 12 17 0.310705943 4.297583356405424
9 31 13 18 0.208228797 4.08202116766729
9 31 14 19 0.160318819 4.045114586477506
9 31 15 20 0.144959652 4.371880106785274
9 31 16 21 0.119422876 4.040378783669462
9 31 17 22 0.115475968 4.1337816040339534
9 31 18 23 0.118743908 4.250766553275398
9 31 19 24 0.127299839 4.306876420059909
9 31 20 25 0.148379407 4.475017487762013
9 31 21 26 0.189343819 4.777464360539338
9 31 22 27 0.258164733 5.060942194518725
9 31 23 28 0.402291424 5.564363885395773
9 31 24 29 0.891552506 7.492839600754471
9 31 25 30 2.5816267 9.561757696878965
10 22 11 14 2.17810696 8.726953399067455
10 22 12 15 0.68753684 6.299885333047662
10 22 13 16 0.37801915 5.344119830503173
10 22 14 17 0.281551753 4.856193279851686
10 22 15 18 0.345663894 5.961996901969797
10 22 16 19 0.444391144 6.282431789898451
10 22 17 20 0.708211011 6.489322318934583
10 22 18 21 2.52606728 10.121115188699951
10 32 11 16 2.2790215 8.440976911564185
10 32 12 17 0.759708719 6.38479005605717
10 32 13 18 0.381835964 5.2814306283269925
10 32 14 19 0.242289746 4.749736281100117
10 32 15 20 0.200182325 5.050938173468461
10 32 16 21 0.146412026 4.415682674676456
10 32 17 22 0.128473218 4.346574807635195
10 32 18 23 0.120595821 4.317060900266033
10 32 19 24 0.118488589 4.241626703628412
10 32 20 25 0.128174727 4.336476100051597
10 32 21 26 0.148737746 4.485824737393003
10 32 22 27 0.181591535 4.581861141388153
10 32 23 28 0.241415439 4.73259677046346
10 32 24 29 0.405535102 5.609229382501305
10 32 25 30 0.720725494 6.057164874052329
10 32 26 31 1.56925783 5.812173826057068
11 23 12 15 2.0045588 8.031603385212348
11 23 13 16 0.680506046 6.235462318274694
11 23 14 17 0.353766153 5.001251163090863
11 23 15 18 0.332785733 5.739874900459657
11 23 16 19 0.306368629 5.284233756154856
11 23 17 20 0.365628264 5.168947806572363
11 23 18 21 0.677991073 6.2124176745640955
11 23 19 22 1.74079953 6.9748073232494185
11 33 12 17 2.14994557 7.962909045610014
11 33 13 18 0.736556725 6.190214665026157
11 33 14 19 0.37294525 5.158457169422279
11 33 15 20 0.281323903 5.514943867330604
11 33 16 21 0.184554853 4.656630659657691
11 33 17 22 0.150717427 4.545530509739095
11 33 18 23 0.12968012 4.387407363323841
11 33 19 24 0.118498804 4.241992377801285
11 33 20 25 0.120665012 4.31953778344717
11 33 21 26 0.130640074 4.4198850418458235
11 33 22 27 0.148475949 4.477929125886456
11 33 23 28 0.179920831 4.539706457600928
11 33 24 29 0.266755263 5.229346977174608
11 33 25 30 0.404835022 5.599546104070574
11 33 26 31 0.662030678 5.563878344404241
11 33 27 32 1.66800811 6.177922386783896
12 24 13 16 2.09214091 8.382515900804329
12 24 14 17 0.623583411 5.713881433452689
12 24 15 18 0.452503443 6.397116715138008
12 24 16 19 0.308928182 5.328380823063809
12 24 17 20 0.296918229 5.121233638120036
12 24 18 21 0.385730956 5.453142919342967
12 24 19 22 0.653306848 5.98623664979872
12 24 20 23 2.43105595 9.740436248445604
12 34 13 18 2.21307628 8.196730826370159
12 34 14 19 0.69378047 5.830711870430264
12 34 15 20 0.451567368 6.245932685660291
12 34 16 21 0.256553059 5.029347681760824
12 34 17 22 0.192822849 4.865246163621313
12 34 18 23 0.150050738 4.525423643198655
12 34 19 24 0.126479188 4.279111715337866
12 34 20 25 0.121011329 4.331935158143905
12 34 21 26 0.122344453 4.379658018255337
12 34 22 27 0.130189218 4.404631439873534
12 34 23 28 0.145367413 4.384177888820671
12 34 24 29 0.196620445 4.961065924950447
12 34 25 30 0.270660667 5.305906713512577
12 34 26 31 0.391379561 5.413434552138133
12 34 27 32 0.739606153 6.21584285262507
12 34 28 33 2.47117965 9.152686962355233
13 25 14 17 1.58186537 6.338010768575202
13 25 15 18 0.801432478 7.343508623596435
13 25 16 19 0.397105114 5.613941289804029
13 25 17 20 0.308346653 5.318350634326754
13 25 18 21 0.292628011 5.0472361310943965
13 25 19 22 0.365112902 5.161662047943237
13 25 20 23 0.815499871 7.472407844232987
13 25 21 24 2.28766765 9.165926807425544
13 35 14 19 1.7213473 6.375478606096235
13 35 15 20 0.848316942 7.129476653625752
13 35 16 21 0.392801445 5.4331015882885785
13 35 17 22 0.266607485 5.2264500055126355
13 35 18 23 0.185541885 4.681535144143196
13 35 19 24 0.142922798 4.310450037382059
13 35 20 25 0.126499561 4.279800985599284
13 35 21 26 0.117919309 4.221247751779794
13 35 22 27 0.116117134 4.15673391404128
13 35 23 28 0.11699941 3.958386782326736
13 35 24 29 0.141414454 4.264959454058991
13 35 25 30 0.173672323 4.382046046850762
13 35 26 31 0.220041208 4.313586217448497
13 35 27 32 0.331235246 4.581537985787598
13 35 28 33 0.623977853 5.244072486463463
13 35 29 34 1.50690629 5.581237913631288
14 26 15 18 2.2169832 8.882717620495296
14 26 16 19 0.64579961 5.917447988862531
14 26 17 20 0.400576497 5.663016810791714
14 26 18 21 0.281517807 4.8556077806128375
14 26 19 22 0.261745034 4.514567789408687
14 26 20 23 0.398585879 5.634875111809648
14 26 21 24 0.663149565 6.0764252547695286
14 26 22 25 1.48870224 5.964736953766189
14 36 15 20 2.32476487 8.610399942468957
14 36 16 21 0.686754604 5.771664661611814
14 36 17 22 0.40490779 5.600552607334269
14 36 18 23 0.247693811 4.855675075538093
14 36 19 24 0.174634827 4.406331648467769
14 36 20 25 0.14410735 4.346175284047611
14 36 21 26 0.126078083 4.265541315877517
14 36 22 27 0.117444405 4.204247249832219
14 36 23 28 0.110340659 3.949949017540892
14 36 24 29 0.124338826 4.20669784034316
14 36 25 30 0.142964161 4.3116975160725906
14 36 26 31 0.169113864 4.267028426912085
14 36 27 32 0.231679024 4.54172858748494
14 36 28 33 0.367098002 5.077579940480524
14 36 29 34 0.681821502 5.730205586827764
14 36 30 35 2.88655005 10.69112438216333
15 27 16 19 1.35477109 5.428119181453706
15 27 17 20 0.62085444 5.688875930653431
15 27 18 21 0.337035976 4.764733857886807
15 27 19 22 0.253315592 4.369177113779331
15 27 20 23 0.307024101 5.295539310773551
15 27 21 24 0.409156876 5.784319061133087
15 27 22 25 0.669317325 6.132940307492752
15 27 23 26 1.98802295 7.965349709422263
15 37 16 21 1.4368511 5.321769435020952
15 37 17 22 0.65541921 5.508313844370722
15 37 18 23 0.337457423 4.667601110482347
15 37 19 24 0.215289668 4.220439221747332
15 37 20 25 0.164983835 4.162820819504029
15 37 21 26 0.135491628 4.0863312302181205
15 37 22 27 0.11974336 4.051221570223234
15 37 23 28 0.104858752 3.753708997179037
15 37 24 29 0.110068271 3.9401981358374405
15 37 25 30 0.11807021 3.9946146621640395
15 37 26 31 0.129730613 3.912583111166403
15 37 27 32 0.161718574 4.080432769354059
15 37 28 33 0.219301304 4.299081481150945
15 37 29 34 0.331897535 4.590698551420971
15 37 30 35 0.798842606 6.713681440772823
15 37 31 36 2.10680685 7.803133045465025
16 28 17 20 2.6443925 10.595205166757964
16 28 18 21 0.745326343 6.82940931077926
16 28 19 22 0.380282598 5.376118572741794
16 28 20 23 0.31920859 5.505696885605723
16 28 21 24 0.32412914 5.590566333544036
16 28 22 25 0.416927304 5.8941708989733055
16 28 23 26 0.769832358 7.053957401133148
16 28 24 27 2.36668643 9.482528895098577
16 38 17 22 2.75285333 10.195942161779776
16 38 18 23 0.799829313 6.721973983538602
16 38 19 24 0.394874433 5.46177448279716
16 38 20 25 0.253955723 4.978430706374637
16 38 21 26 0.184988155 4.667563600977261
16 38 22 27 0.15042861 4.536819994230949
16 38 23 28 0.11957486 4.045520787861836
16 38 24 29 0.115889485 4.148584588561049
16 38 25 30 0.116000044 4.15254235369847
16 38 26 31 0.119453367 4.041410371532854
16 38 27 32 0.139330299 4.202102820104343
16 38 28 33 0.172366083 4.3490874053737425
16 38 29 34 0.231338336 4.5350498972768305
16 38 30 35 0.431796857 5.972473419960856
16 38 31 36 0.783075701 6.5811722622664774
16 38 32 37 1.99269167 7.380476392318493
17 29 18 21 2.03629379 8.158754982418518
17 29 19 22 0.667606672 6.117265630707965
17 29 20 23 0.390325687 5.518099398539662
17 29 21 24 0.299959566 5.173690496029084
17 29 22 25 0.301502226 5.200298233488619
17 29 23 26 0.378335575 5.348593183552527
17 29 24 27 0.667440498 6.11574298190658
17 29 25 28 1.8708186 7.495750686324705
17 39 18 23 2.15202551 7.970612669958201
17 39 19 24 0.73225333 6.154047811972985
17 39 20 25 0.383572202 5.305445706569504
17 39 21 26 0.247961629 4.860925255920598
17 39 22 27 0.186797142 4.713207398418461
17 39 23 28 0.136463014 4.11562754178356
17 39 24 29 0.123020363 4.16209089307576
17 39 25 30 0.11561128 4.138625471256656
17 39 26 31 0.11207173 4.011917490973188
17 39 27 32 0.123380207 4.174265328257096
17 39 28 33 0.141555551 4.269214839325969
17 39 29 34 0.17338087 4.374692195388243
17 39 30 35 0.278262565 5.454930811031844
17 39 31 36 0.422587077 5.845086744115536
17 39 32 37 0.770719758 6.477329697311515
17 39 33 38 1.70518698 6.315624459040804
18 30 19 22 2.43422474 9.75313254076241
18 30 20 23 0.758901672 6.953799759527282
18 30 21 24 0.413667011 5.848079592555229
18 30 22 25 0.326095268 5.624478029987738
18 30 23 26 0.298106992 5.1417373743973815
18 30 24 27 0.385244563 5.4462667003029575
18 30 25 28 0.711264686 6.517303077528399
18 30 26 29 2.52285623 10.108249574555789
18 40 19 24 2.58012226 9.556185593542144
18 40 20 25 0.80363702 6.753974945462509
18 40 21 26 0.413023431 5.712805509069597
18 40 22 27 0.276701742 5.424333157792835
18 40 23 28 0.178289853 4.498554127892063
18 40 24 29 0.145544497 4.389518616437966
18 40 25 30 0.126014739 4.2633982277000655
18 40 26 31 0.113170753 4.0512600584224625
18 40 27 32 0.116633946 4.175234628738419
18 40 28 33 0.123753086 4.186880770548704
18 40 29 34 0.138105765 4.165171744727022
18 40 30 35 0.196011106 4.945691272789308
18 40 31 36 0.263291711 5.161449103379004
18 40 32 37 0.403049829 5.574853896220621
18 40 33 38 0.639094594 5.371117517279797
18 40 34 39 2.05283109 7.603219115761367
19 31 20 23 2.15026093 8.61538357691371
19 31 21 24 0.728200373 6.672484414627929
19 31 22 25 0.449190172 6.350276449889724
19 31 23 26 0.302657478 5.2202239733895714
19 31 24 27 0.295960143 5.104708609434741
19 31 25 28 0.399495343 5.647732356204617
19 31 26 29 0.838126727 7.67973724093467
19 31 27 30 2.46168816 9.863169371331566
19 41 20 25 2.26119605 8.37495550198633
19 41 21 26 0.77864654 6.54394843897444
19 41 22 27 0.448377463 6.201810959168196
19 41 23 28 0.250365468 4.90804900548375
19 41 24 29 0.185949698 4.6918249549411115
19 41 25 30 0.147930487 4.461478379531138
19 41 26 31 0.123294314 4.171359350219307
19 41 27 32 0.119748316 4.286722115157716
19 41 28 33 0.118916345 4.256939412536079
19 41 29 34 0.123045514 4.162941815195472
19 41 30 35 0.159287924 4.804010609702103
19 41 31 36 0.19711204 4.973469697118575
19 41 32 37 0.272655742 5.345017242403947
19 41 33 38 0.375873726 5.198962895176075
19 41 34 39 0.792233508 6.658136858836931
19 41 35 40 2.57656237 9.54300057124301
20 32 21 24 1.61853919 6.484950622302948
20 32 22 25 0.722503439 6.620283530454304
20 32 23 26 0.361400637 5.1091811379084335
20 32 24 27 0.274649888 4.7371501907062115
20 32 25 28 0.278771626 4.808241761487194
20 32 26 29 0.395769466 5.5950590110534115
20 32 27 30 0.67369406 6.17304423651732
20 32 28 31 1.46332726 5.863067810776871
20 42 21 26 1.72410168 6.385680202696212
20 42 22 27 0.763601974 6.417509985667054
20 42 23 28 0.355371304 4.9153800750264125
20 42 24 29 0.237731206 4.660372768263523
20 42 25 30 0.174592418 4.405261597767745
20 42 26 31 0.135018535 4.072063081482779
20 42 27 32 0.123858979 4.190463399311883
20 42 28 33 0.115160189 4.122477421494949
20 42 29 34 0.110067885 3.940184317900022
20 42 30 35 0.129695182 4.38791694898513
20 42 31 36 0.147424979 4.446232617427482
20 42 32 37 0.184213194 4.64801002601579
20 42 33 38 0.226137262 4.433090444653167
20 42 34 39 0.365115987 5.050165354863325
20 42 35 40 0.739874101 6.2180947574448435
20 42 36 41 2.03055256 7.52070451142192
21 33 22 25 2.59188567 10.384827684403858
21 33 23 26 0.690156025 6.323884869081306
21 33 24 27 0.38134368 5.391119266114048
21 33 25 28 0.288157486 4.970128696205121
21 33 26 29 0.302752948 5.221870636098958
21 33 27 30 0.40371873 5.707439083280718
21 33 28 31 0.616215423 5.646368717282787
21 33 29 32 1.53369093 6.144991738460091
21 43 22 27 2.69942018 9.998037936013523
21 43 23 28 0.726100583 6.102338522767058
21 43 24 29 0.3903837 5.399660127299104
21 43 25 30 0.248075943 4.863166214781638
21 43 26 31 0.170668709 4.306259792440119
21 43 27 32 0.145449368 4.38664959338955
21 43 28 33 0.125782718 4.255548368802297
21 43 29 34 0.110551106 3.9574825498618695
21 43 30 35 0.119415759 4.2748173177119595
21 43 31 36 0.125875894 4.258700749201737
21 43 32 37 0.143962433 4.341804690294841
21 43 33 38 0.161701644 4.0800055968588005
21 43 34 39 0.218133983 4.276197859384343
21 43 35 40 0.334963541 4.633106547319006
21 43 36 41 0.58299474 4.89963972453189
21 43 37 42 1.93920413 7.18237071837186
22 34 23 26 1.77569065 7.114604488344226
22 34 24 27 0.660709901 6.054070665812283
22 34 25 28 0.373380319 5.278539902244372
22 34 26 29 0.290696292 5.013917919694868
22 34 27 30 0.315235936 5.437176709643701
22 34 28 31 0.390295613 5.517674237381074
22 34 29 32 0.670366277 6.142551832192826
22 34 30 33 2.3386129 9.370047555772008
22 44 23 28 1.86227997 6.8974611383167925
22 44 24 29 0.714864302 6.0079058890462065
22 44 25 30 0.380884854 5.268275184737325
22 44 26 31 0.229447855 4.497989780855599
22 44 27 32 0.181834667 4.587995772405111
22 44 28 33 0.147290873 4.442188075753219
22 44 29 34 0.120564627 4.079007115787618
22 44 30 35 0.121948233 4.365474227675202
22 44 31 36 0.121842457 4.361687683249367
22 44 32 37 0.131481634 4.448357151068723
22 44 33 38 0.140448354 4.235822564497713
22 44 34 39 0.174668623 4.407184378630188
22 44 35 40 0.239082026 4.686853619678653
22 44 36 41 0.358817557 4.963047523520509
22 44 37 42 0.795113671 6.6823424992650535
22 44 38 43 2.29539869 8.501634295738183
23 35 24 27 2.36851484 9.489854728566547
23 35 25 28 0.777534378 7.124530845361736
23 35 26 29 0.382060755 5.4012566750983755
23 35 27 30 0.30832854 5.31803822203331
23 35 28 31 0.28545043 4.9234375035014395
23 35 29 32 0.32744147 4.629094724846902
23 35 30 33 0.577206129 5.288927392214091
23 35 31 34 1.42371233 5.704343903105542
23 45 24 29 2.50405324 9.27444325741003
23 45 25 30 0.850099265 7.144455760594619
23 45 26 31 0.388382777 5.371984012387299
23 45 27 32 0.271788647 5.32801911248449
23 45 28 33 0.199135342 5.024521023993988
23 45 29 34 0.146590988 4.421080041439385
23 45 30 35 0.135447557 4.5825343848079845
23 45 31 36 0.125487704 4.492179379935209
23 45 32 37 0.125205548 4.482078825659987
23 45 33 38 0.125768455 4.2550658153374865
23 45 34 39 0.143367192 4.323852644668773
23 45 35 40 0.175349321 4.424359538888735
23 45 36 41 0.235389566 4.614468339170286
23 45 37 42 0.415323826 5.7446238230989435
23 45 38 43 0.800317201 6.726074321435171
23 45 39 44 1.95062526 7.224671984346742
24 36 25 28 2.22946055 8.932710230589088
24 36 26 29 0.644773809 5.9080485962794
24 36 27 30 0.410044082 5.796861640466281
24 36 28 31 0.30815735 5.315085543817956
24 36 29 32 0.274624223 4.736707521821364
24 36 30 33 0.363365521 5.136959031036436
24 36 31 34 0.646370159 5.922675917124361
24 36 32 35 2.79702469 11.206751814277796
24 46 25 30 2.36781276 8.769839528967617
24 46 26 31 0.694175365 5.834030670920675
24 46 27 32 0.416952264 5.7671478468693484
24 46 28 33 0.275172781 5.394360112486629
24 46 29 34 0.182896024 4.614775602177684
24 46 30 35 0.155206563 4.680919661853323
24 46 31 36 0.134258229 4.542296402111738
24 46 32 37 0.124504786 4.456993112029892
24 46 33 38 0.118123421 4.228554505257389
24 46 34 39 0.124702326 4.218995967277097
24 46 35 40 0.137859237 4.157736635411462
24 46 36 41 0.168864574 4.260738419154087
24 46 37 42 0.253569486 4.9708590946069515
24 46 38 43 0.398913733 5.517644764143945
24 46 39 44 0.655901286 5.512365336704671
24 46 40 45 2.3254051 8.612771208667231
25 37 26 29 1.46817699 5.882499073100213
25 37 27 30 0.664632458 6.090012971554537
25 37 28 31 0.398075365 5.627657890165851
25 37 29 32 0.269450813 4.647476754801712
25 37 30 33 0.26432888 4.559133861001826
25 37 31 34 0.341436864 4.826949946232128
25 37 32 35 0.769057519 7.046857567978646
25 37 33 36 2.0176563 8.084080731019226
25 47 26 31 1.57541381 5.834974174824312
25 47 27 32 0.718868202 6.041555708070394
25 47 28 33 0.412678793 5.708038588557925
25 47 29 34 0.243023728 4.764124925244696
25 47 30 35 0.188934446 4.767135188306538
25 47 31 36 0.152418858 4.596844459788918
25 47 32 37 0.131421948 4.446337822308947
25 47 33 38 0.118068357 4.226583337107107
25 47 34 39 0.116436785 4.168176705527652
25 47 35 40 0.117738568 3.983394372170574
25 47 36 41 0.133724234 4.033027882956693
25 47 37 42 0.178300452 4.498821558564079
25 47 38 43 0.247420901 4.850325073939283
25 47 39 44 0.335125097 4.63534113726609
25 47 40 45 0.67894574 5.70603693355055
25 47 41 46 1.98908946 7.367134626371746
26 38 27 30 2.0137393 8.068386608971084
26 38 28 31 0.778698949 7.135201784481438
26 38 29 32 0.37686774 5.327842155115459
26 38 30 33 0.286578421 4.942893046773917
26 38 31 34 0.285312271 4.921054542641839
26 38 32 35 0.439613156 6.21488457589962
26 38 33 36 0.744019489 6.81743463557926
26 38 34 37 1.89344908 7.586423526541205
26 48 27 32 2.13270936 7.899070046876186
26 48 28 33 0.836572458 7.030772949454203
26 48 29 34 0.387109858 5.3543774115748635
26 48 30 35 0.263571679 5.166937466750135
26 48 31 36 0.193155868 4.873648795470006
26 48 32 37 0.152041596 4.585466505923204
26 48 33 38 0.128591795 4.350586568288415
26 48 34 39 0.118417677 4.239088212493137
26 48 35 40 0.109789707 3.930226167135294
26 48 36 41 0.116738084 3.9495454609535914
26 48 37 42 0.141594349 4.270384959438999
26 48 38 43 0.180721807 4.559916434952486
26 48 39 44 0.220242809 4.317538310344769
26 48 40 45 0.351596004 4.863161355652135
26 48 41 46 0.684757333 5.754879075635077
26 48 42 47 2.2011027 8.152383411337537
27 39 28 31 2.38233602 9.54523162051685
27 39 29 32 0.675328155 6.1880174139885185
27 39 30 33 0.38654259 5.464617124696083
27 39 31 34 0.294812803 5.084919335390673
27 39 32 35 0.329218271 5.678343459770932
27 39 33 36 0.425718872 6.018458763463814
27 39 34 37 0.728700747 6.677069330868401
27 39 35 38 1.55147546 6.216248461561659
27 49 28 33 2.50290553 9.270192400798466
27 49 29 34 0.724802639 6.091430263144307
27 49 30 35 0.406236365 5.6189290238025436
27 49 31 36 0.262685281 5.149560929733606
27 49 32 37 0.185662347 4.684574603866988
27 49 33 38 0.147176543 4.4387399641876035
27 49 34 39 0.126886734 4.2929000301643265
27 49 35 40 0.1080197 3.866863871912002
27 49 36 41 0.107926848 3.863539977805328
27 49 37 42 0.120067377 4.062183887127645
27 49 38 43 0.142648019 4.302162897979555
27 49 39 44 0.160183059 4.041689132374952
27 49 40 45 0.217291249 4.259677291257961
27 49 41 46 0.335817727 4.644921369724494
27 49 42 47 0.643431172 5.407563248912522
27 49 43 48 1.84988436 6.851550620221745
28 40 29 32 1.85277302 7.423448022309002
28 40 30 33 0.706153604 6.4704703426777055
28 40 31 34 0.395029673 5.584600433910515
28 40 32 35 0.312766223 5.39457919943121
28 40 33 36 0.314786246 5.429420474661152
28 40 34 37 0.409985269 5.79603019126697
28 40 35 38 0.563242591 5.160979792717234
28 40 36 39 1.92012308 7.693297412554005
28 50 29 34 1.95902066 7.2557666350831855
28 50 30 35 0.774203438 6.50660745188535
28 50 31 36 0.413694596 5.722088844642621
28 50 32 37 0.253002041 4.9597351648966574
28 50 33 38 0.185989895 4.692839193145003
28 50 34 39 0.149968154 4.522932968436696
28 50 35 40 0.117444309 3.973438843880468
28 50 36 41 0.110933588 3.971174550741863
28 50 37 42 0.115041146 4.118215948116445
28 50 38 43 0.129934678 4.396019706091513
28 50 39 44 0.138686298 4.182680207523501
28 50 40 45 0.172974554 4.364440156428804
28 50 41 46 0.241250491 4.729363206051309
28 50 42 47 0.380725828 5.26607558892581
28 50 43 48 0.748891852 6.293882286892429
28 50 44 49 2.16279013 8.010482372320272
29 41 30 33 2.54090026 10.18054602823471
29 41 31 34 0.827220004 7.579799171784348
29 41 32 35 0.423242768 5.983453667852154
29 41 33 36 0.329724903 5.687081828072826
29 41 34 37 0.337208454 5.816157813885024
29 41 35 38 0.35026156 4.951706146789063
29 41 36 39 0.723960307 6.63363278072195
29 41 37 40 2.45292908 9.828074637977101
29 51 30 35 2.685436 9.946243716210349
29 51 31 36 0.899471569 7.55939346992981
29 51 32 37 0.414875274 5.738419598000866
29 51 33 38 0.270530987 5.303364526684196
29 51 34 39 0.198544391 5.009610332130711
29 51 35 40 0.138693538 4.182898560779296
29 51 36 41 0.121819667 4.1214683021072025
29 51 37 42 0.115204018 4.124046401751718
29 51 38 43 0.122022055 4.368116890307595
29 51 39 44 0.122659907 4.149895752382227
29 51 40 45 0.140096752 4.225218497999913
29 51 41 46 0.177954982 4.490104766955289
29 51 42 47 0.243731043 4.777990801837205
29 51 43 48 0.390773534 5.405052184155129
29 51 44 49 0.757827938 6.368983482397955
29 51 45 50 1.74480864 6.46237406945819
30 42 31 34 2.41276632 9.667155756886922
30 42 32 35 0.685237137 6.278813203734466
30 42 33 36 0.408770965 5.778863372901659
30 42 34 37 0.327443054 5.647724588555173
30 42 35 38 0.251395409 4.33605787484252
30 42 36 39 0.351678716 4.971740717742721
30 42 37 40 0.686759465 6.292762262579498
30 42 38 41 1.9404691 7.77481717795455
30 52 31 36 2.55647416 9.468598413648335
30 52 32 37 0.728098446 6.119129084066071
30 52 33 38 0.407723059 5.6394924907538915
30 52 34 39 0.272642076 5.344749340451475
30 52 35 40 0.16988827 4.286567998286146
30 52 36 41 0.139742039 4.214520605952559
30 52 37 42 0.121235966 4.101720216854201
30 52 38 43 0.121380472 4.345149652632125
30 52 39 44 0.115708496 4.142105586811243
30 52 40 45 0.12282414 4.155452171311364
30 52 41 46 0.144787707 4.366694367756588
30 52 42 47 0.179122336 4.519559080069851
30 52 43 48 0.252412602 4.948180074968108
30 52 44 49 0.408889133 5.6556212463430215
30 52 45 50 0.67861748 5.703278150965351
30 52 46 51 2.56434011 9.497732102092044
31 43 32 35 1.49138591 5.975489530870334
31 43 33 36 0.628940769 5.7629707900144185
31 43 34 37 0.406452742 5.746090267343836
31 43 35 38 0.240727172 4.152052553351003
31 43 36 39 0.248093717 4.27911042439443
31 43 37 40 0.324609092 4.589052924220449
31 43 38 41 0.550239588 5.041833554843967
31 43 39 42 1.85955753 7.450631307470309
31 53 32 37 1.58649111 5.87600197273779
31 53 33 38 0.671055752 5.639727418252214
31 53 34 39 0.397956482 5.504404380243395
31 53 35 40 0.218479332 4.282967921683808
31 53 36 41 0.167439635 4.224784801421034
31 53 37 42 0.133056432 4.012887449127069
31 53 38 43 0.125395225 4.242438497825647
31 53 39 44 0.113195075 4.052130731670886
31 53 40 45 0.111625154 3.995931068121959
31 53 41 46 0.122257802 4.136291520385608
31 53 42 47 0.137135898 4.135921245122295
31 53 43 48 0.172642662 4.356065960693647
31 53 44 49 0.243953952 4.782360606924556
31 53 45 50 0.331771594 4.588956576548321
31 53 46 51 0.704375771 5.919757541190471
31 53 47 52 1.86506649 6.907781774161436
32 44 33 36 1.58139477 6.336125230194845
32 44 34 37 0.72275378 6.62257739967324
32 44 35 38 0.317062427 4.482364461266485
32 44 36 39 0.26263388 4.529898569366655
32 44 37 40 0.264224513 4.557333743195285
32 44 38 41 0.35800549 5.061183377979674
32 44 39 42 0.75855889 6.950658855406082
32 44 40 43 2.17987708 8.734045683805737
32 54 33 38 1.67687272 6.210754884564203
32 54 34 39 0.747589338 6.282935619798728
32 54 35 40 0.32656729 4.516972339503733
32 54 36 41 0.227019341 4.45038231398839
32 54 37 42 0.161475771 4.074306439562791
32 54 38 43 0.14192963 4.280496796173286
32 54 39 44 0.121018795 4.094372771120033
32 54 40 45 0.111244797 3.9823151374932975
32 54 41 46 0.114135465 4.085794592212133
32 54 42 47 0.118070519 3.994625116417747
32 54 43 48 0.136570066 4.1188561540403805
32 54 44 49 0.176785129 4.460587399849843
32 54 45 50 0.215555296 4.225646470381272
32 54 46 51 0.356991125 4.937784911260768
32 54 47 52 0.652998414 5.487968843922539
32 54 48 53 2.15363999 7.9765923364089915
33 45 34 37 2.43523253 9.757170421604611
33 45 35 38 0.570617598 5.22855682383374
33 45 36 39 0.355218307 5.021780506613128
33 45 37 40 0.257312892 4.438122382955302
33 45 38 41 0.275291442 4.748215688222264
33 45 39 42 0.420114778 5.939232751031894
33 45 40 43 0.746290196 6.838241075165754
33 45 41 44 1.84222183 7.381172897567328
33 55 34 39 2.5122707 9.304878858887113
33 55 35 40 0.620650238 5.216106342820472
33 55 36 41 0.362784884 5.01792229778454
33 55 37 42 0.219265329 4.298376243865697
33 55 38 43 0.175977963 4.440221238343197
33 55 39 44 0.140283 4.230835605345953
33 55 40 45 0.119993841 4.059695977740537
33 55 41 46 0.115420644 4.131801128464686
33 55 42 47 0.110803212 3.966507381288843
33 55 43 48 0.119238514 4.034141349617759
33 55 44 49 0.144252673 4.3505581224719085
33 55 45 50 0.162758843 4.106680513268391
33 55 46 51 0.230865045 4.5257717190983024
33 55 47 52 0.344134534 4.759956734019524
33 55 48 53 0.704282733 5.918975625592585
33 55 49 54 1.92506759 7.130012191807103
34 46 35 38 1.41054456 5.651585008675656
34 46 36 39 0.630935867 5.781251830239396
34 46 37 40 0.325121861 4.5963020251756985
34 46 38 41 0.270064822 4.658067157268744
34 46 39 42 0.30481466 5.257430961519449
34 46 40 43 0.393172394 5.558343770631214
34 46 41 44 0.610043433 5.5898149051602
34 46 42 45 2.19669442 8.801427196822102
34 56 35 40 1.51787056 5.621847074151342
34 56 36 41 0.682780339 5.738263902850566
34 56 37 42 0.335695158 4.643226035257038
34 56 38 43 0.240258859 4.709923710300218
34 56 39 44 0.176996636 4.465924078701264
34 56 40 45 0.139913862 4.219702665547929
34 56 41 46 0.126286269 4.2725847762733045
34 56 42 47 0.11278692 4.037519694761504
34 56 43 48 0.113664806 4.0689460517783935
34 56 44 49 0.13035175 4.410130309658476
34 56 45 50 0.139097665 4.195086743956741
34 56 46 51 0.180023227 4.542290081630724
34 56 47 52 0.24182766 4.740677760566654
34 56 48 53 0.407168148 5.63181714262614
34 56 49 54 0.78060513 6.560408939746833
34 56 50 55 1.99379235 7.384553060514481
35 47 36 39 2.74868069 11.013053413385437
35 47 37 40 0.725078577 6.6438794647707455
35 47 38 41 0.407558099 5.76171688378241
35 47 39 42 0.324495696 5.596888676647648
35 47 40 43 0.304356097 5.249521685390777
35 47 41 44 0.34399758 4.863151215813013
35 47 42 45 0.623373547 5.711958454117451
35 47 43 46 1.86918254 7.489195535618021
35 57 36 41 2.88292677 10.677704577732293
35 57 37 42 0.792568453 6.660951823904254
35 57 38 43 0.433517558 5.996273595482283
35 57 39 44 0.274618946 5.383502986930671
35 57 40 45 0.19074289 4.8127652849405935
35 57 41 46 0.156200631 4.710900046422623
35 57 42 47 0.125449133 4.24426234219086
35 57 43 48 0.115259992 4.126050145868453
35 57 44 49 0.123284183 4.413298252271464
35 57 45 50 0.122769134 4.153591178821328
35 57 46 51 0.143760924 4.335727322032132
35 57 47 52 0.174757566 4.409428560747479
35 57 48 53 0.253354184 4.966638413634371
35 57 49 54 0.39579578 5.474518254269448
35 57 50 55 0.688697027 5.787989290703055
35 57 51 56 1.614757 5.98069239574381
36 48 37 40 1.96354861 7.867289132703417
36 48 38 41 0.70905059 6.4970153633219
36 48 39 42 0.420282499 5.941603850808431
36 48 40 43 0.306281388 5.282729026905567
36 48 41 44 0.276627408 4.771258375906437
36 48 42 45 0.340583436 4.814884892123873
36 48 43 46 0.625103636 5.727811222553782
36 48 44 47 2.12212686 8.502659673852445
36 58 37 42 2.09320568 7.75275740752556
36 58 38 43 0.782584325 6.577042610308928
36 58 39 44 0.41688388 5.766201981665075
36 58 40 45 0.256815322 5.034488964488861
36 58 41 46 0.193247522 4.875961380696254
36 58 42 47 0.141804287 4.276716540352688
36 58 43 48 0.120469131 4.075776243904033
36 58 44 49 0.121661897 4.355224038740889
36 58 45 50 0.114403105 4.095375506125785
36 58 46 51 0.123674556 4.184223901475466
36 58 47 52 0.138965471 4.191099866843954
36 58 48 53 0.181144178 4.570573568679282
36 58 49 54 0.249021745 4.881707280378929
36 58 50 55 0.366918347 5.075095011063209
36 58 51 56 0.605760406 5.09096831437307
36 58 52 57 2.14756827 7.954104067503462
37 49 38 41 1.84493242 7.392033334198034
37 49 39 42 0.718937557 6.587609430094563
37 49 40 43 0.39816489 5.628923520036258
37 49 41 44 0.290727703 5.014459695355961
37 49 42 45 0.254763995 4.394159110304558
37 49 43 46 0.321792406 4.549232964017637
37 49 44 47 0.618606205 5.668275401521429
37 49 45 48 1.7693393 7.089156731879976
37 59 38 43 1.98917381 7.367447039572977
37 59 39 44 0.762150685 6.405312974702296
37 59 40 45 0.394382388 5.454968676695786
37 59 41 46 0.267649645 5.2468800288397945
37 59 42 47 0.177333077 4.474413053389814
37 59 43 48 0.137315961 4.141351817262934
37 59 44 49 0.130449588 4.413440417342005
37 59 45 50 0.11556572 4.136994525068097
37 59 46 51 0.115735259 4.143063642404843
37 59 47 52 0.120983642 4.093183455972554
37 59 48 53 0.14438061 4.354416611489403
37 59 49 54 0.180213491 4.547090763712106
37 59 50 55 0.239046171 4.686150734817984
37 59 51 56 0.330263656 4.568099269511579
37 59 52 57 0.720649432 6.056525629182423
37 59 53 58 2.15525777 7.982584225308675
38 50 39 42 1.62028547 6.491947388054858
38 50 40 43 0.613326693 5.6198993461896904
38 50 41 44 0.369524082 5.224023636010716
38 50 42 45 0.256064586 4.4165916514155175
38 50 43 46 0.257254832 4.437120966417049
38 50 44 47 0.384484105 5.435515978605221
38 50 45 48 0.709421865 6.500417348191579
38 50 46 49 2.05037053 8.21515581867074
38 60 39 44 1.70602054 6.318711775555546
38 60 40 45 0.637802142 5.3602554138562715
38 60 41 46 0.376184344 5.203259262133562
38 60 42 47 0.222301217 4.3578903901183255
38 60 43 48 0.157558837 3.9754755789283345
38 60 44 49 0.141689115 4.273243034665336
38 60 45 50 0.11915978 4.031477578707121
38 60 46 51 0.111688183 3.9981873654731155
38 60 47 52 0.109695985 3.9268711289727793
38 60 48 53 0.121655868 4.115926566498806
38 60 49 54 0.140367808 4.233393354367704
38 60 50 55 0.17252982 4.353218766440256
38 60 51 56 0.213137022 4.178239743744805
38 60 52 57 0.364970176 5.048148544625548
38 60 53 58 0.727437955 6.113578145576822
38 60 54 59 2.25848035 8.36489716730246
39 51 40 43 1.99169785 7.980073816931764
39 51 41 44 0.744803072 6.824614589818403
39 51 42 45 0.351035881 4.962652852032105
39 51 43 46 0.251171172 4.3321902441107225
39 51 44 47 0.290941875 5.018153725373712
39 51 45 48 0.393751518 5.566530943298844
39 51 46 49 0.705869184 6.467864208311981
39 51 47 50 1.62467369 6.509529532618069
39 61 40 45 2.06928997 7.664179061102033
39 61 41 46 0.794739576 6.679198507395164
39 61 42 47 0.361534785 5.0006313357759415
39 61 43 48 0.214288905 4.200820726089317
39 61 44 49 0.176653942 4.457277330261218
39 61 45 50 0.137980195 4.161384642747715
39 61 46 51 0.119318547 4.03684906899301
39 61 47 52 0.109081505 3.9048741181311226
39 61 48 53 0.112176013 4.015650589335382
39 61 49 54 0.119954915 4.058379012433713
39 61 50 55 0.137745477 4.154305714640848
39 61 51 56 0.155309234 3.918714295594008
39 61 52 57 0.223283476 4.377146141906258
39 61 53 58 0.345178879 4.774401773747474
39 61 54 59 0.652745463 5.485842977799013
39 61 55 60 1.88006612 6.96333698963966
40 52 41 44 2.47988436 9.936075519815711
40 52 42 45 0.685789981 6.283878901460661
40 52 43 46 0.329659522 4.660451696255063
40 52 44 47 0.295883624 5.103388812809
40 52 45 48 0.303778436 5.239558211761712
40 52 46 49 0.402921185 5.696164056472635
40 52 47 50 0.620004653 5.681089350580843
40 52 48 51 2.43932784 9.7735789727828
40 62 41 46 2.59345419 9.605564027802897
40 62 42 47 0.742992068 6.244298964661155
40 62 43 48 0.338512088 4.682188893087404
40 62 44 49 0.249521983 4.891513715100212
40 62 45 50 0.178397664 4.50127438151795
40 62 46 51 0.141271429 4.260645921681906
40 62 47 52 0.120190253 4.066341093854287
40 62 48 53 0.11545748 4.133119774948482
40 62 49 54 0.11585915 4.147498663349681
40 62 50 55 0.12668062 4.28592667078369
40 62 51 56 0.134712918 4.062845889911462
40 62 52 57 0.177077829 4.467972715228582
40 62 53 58 0.244537354 4.793797350293243
40 62 54 59 0.387712412 5.362711742153586
40 62 55 60 0.776755222 6.528053309621263
40 62 56 61 2.03072845 7.521355967947878
41 53 42 45 1.90242159 7.622373403237191
41 53 43 46 0.532743134 4.881513921739008
41 53 44 47 0.3659417 5.173378903629731
41 53 45 48 0.286884017 4.948163954256241
41 53 46 49 0.283608228 4.891663277707401
41 53 47 50 0.319717283 4.519896603743209
41 53 48 51 0.648811086 5.945042078923546
41 53 49 52 1.74962731 7.010177314756731
41 63 42 47 2.01801322 7.474261650121027
41 63 43 48 0.585400049 4.91985456819613
41 63 44 49 0.369794822 5.114881475930141
41 63 45 50 0.238368198 4.672860065242118
41 63 46 51 0.171731179 4.333067705082581
41 63 47 52 0.135356996 4.082270824757595
41 63 48 53 0.121256753 4.102423493785633
41 63 49 54 0.113920888 4.0781132151203305
41 63 50 55 0.118471956 4.241031279397632
41 63 51 56 0.118865056 4.02150631828765
41 63 52 57 0.143832289 4.337879639725476
41 63 53 58 0.180731149 4.560152149391393
41 63 54 59 0.253736906 4.97414111896543
41 63 55 60 0.42041822 5.815087820838992
41 63 56 61 0.767245387 6.448130177999622
41 63 57 62 1.8295478 6.776228630753616
42 54 43 46 1.79634795 7.197371449637328
42 54 44 47 0.745198851 6.828241104315036
42 54 45 48 0.413239801 5.842040053466299
42 54 46 49 0.297442746 5.1302804861805695
42 54 47 50 0.254856516 4.395754908780885
42 54 48 51 0.350100177 4.949424648376599
42 54 49 52 0.601606459 5.5125070931774935
42 54 50 53 2.07542311 8.315533211609427
42 64 43 48 1.9201803 7.111910782035357
42 64 44 49 0.79907304 6.715618068160375
42 64 45 50 0.413483765 5.719172698952371
42 64 46 51 0.252868485 4.957116994754374
42 64 47 52 0.177010315 4.46626922297549
42 64 48 53 0.143927435 4.340749175481814
42 64 49 54 0.124128956 4.199597405956295
42 64 50 55 0.121544311 4.351014722706474
42 64 51 56 0.114151519 4.086369289536784
42 64 52 57 0.127054412 4.298573002180912
42 64 53 58 0.145976317 4.402542000818828
42 64 54 59 0.185636404 4.683920018158513
42 64 55 60 0.270733907 5.307342476647299
42 64 56 61 0.416903851 5.766478214029291
42 64 57 62 0.701995912 5.899756585958551
42 64 58 63 2.26128437 8.375282619163954
43 55 44 47 2.1806268 8.7370495636071
43 55 45 48 0.750779523 6.87937668227381
43 55 46 49 0.394542321 5.577710657327408
43 55 47 50 0.26409319 4.555068689387966
43 55 48 51 0.267199549 4.608647044130466
43 55 49 52 0.333209871 4.710643572767422
43 55 50 53 0.675848344 6.192783894649414
43 55 51 54 1.83244158 7.3419866741408955
44 56 45 48 1.87517497 7.51320521848372
44 56 46 49 0.628190418 5.756095339879212
44 56 47 50 0.325181746 4.597148629417969
44 56 48 51 0.260787052 4.498044554511199
44 56 49 52 0.261247933 4.505993811410378
44 56 50 53 0.408925654 5.78105023711862
44 56 51 54 0.733718317 6.723045217266779
44 56 52 55 1.87906716 7.5287999350766635
45 57 46 49 2.25005102 9.015209426200167
45 57 47 50 0.626951547 5.744743591451538
45 57 48 51 0.345373085 4.882596959626405
45 57 49 52 0.251722259 4.341695370459602
45 57 50 53 0.299973601 5.173932571143006
45 57 51 54 0.394698947 5.579924905236735
45 57 52 55 0.638022374 5.846185342037598
45 57 53 56 1.48939847 5.967526516848542
46 58 47 50 1.87135617 7.497904551320728
46 58 48 51 0.628293269 5.757037761388421
46 58 49 52 0.31981633 4.521296847717229
46 58 50 53 0.293307864 5.058962208217727
46 58 51 54 0.295084541 5.0896062614546
46 58 52 55 0.362926146 5.1307475133116665
46 58 53 56 0.545732186 5.000532326898203
46 58 54 57 2.02377675 8.10860334763642
47 59 48 51 2.08424575 8.350882608838639
47 59 49 52 0.584557768 5.356290302847303
47 59 50 53 0.38973717 5.5097794354629555
47 59 51 54 0.297150699 5.12524327130377
47 59 52 55 0.284722513 4.910882420444685
47 59 53 56 0.316104964 4.468828646995506
47 59 54 57 0.660693847 6.053923563354272
47 59 55 58 2.05725714 8.242748184725873
48 60 49 52 1.71522759 6.872349026755224
48 60 50 53 0.709998484 6.505700895733347
48 60 51 54 0.395478046 5.590939157863421
48 60 52 55 0.293286227 5.058589014114418
48 60 53 56 0.246661063 4.2544000659859975
48 60 54 57 0.351997818 4.9762519159879774
48 60 55 58 0.685762106 6.283623483432939
48 60 56 59 2.18557059 8.756857693206381
49 61 50 53 2.05165268 8.220292969190023
49 61 51 54 0.710009803 6.5058046114878145
49 61 52 55 0.397398122 5.618083592815124
49 61 53 56 0.252619819 4.357176449138106
49 61 54 57 0.255406428 4.405239768777157
49 61 55 58 0.345890978 4.88991849942506
49 61 56 59 0.631873596 5.789844220973648
49 61 57 60 1.78744869 7.161715061437648
50 62 51 54 1.67127406 6.696241785431082
50 62 52 55 0.645651198 5.91608809288656
50 62 53 56 0.316161745 4.469631369471593
50 62 54 57 0.252572279 4.356356481135548
50 62 55 58 0.275432595 4.750650289473108
50 62 56 59 0.395479475 5.590959359874979
50 62 57 60 0.729117981 6.680892437070316
50 62 58 61 1.90825242 7.6457356084100185
51 63 52 55 2.47195329 9.904298348370126
51 63 53 56 0.641592436 5.878897743647774
51 63 54 57 0.347156823 4.907813961511685
51 63 55 58 0.27745406 4.78551643626089
51 63 56 59 0.309359414 5.335818695206829
51 63 57 60 0.418937099 5.922583706405802
51 63 58 61 0.708612136 6.492997818714667
51 63 59 62 1.70552312 6.833466428697391
52 64 53 56 1.74478249 6.990765725177646
52 64 54 57 0.602079408 5.516840714730601
52 64 55 58 0.34634041 4.896272194637756
52 64 56 59 0.303288275 5.23110393460349
52 64 57 60 0.312951212 5.397769882242005
52 64 58 61 0.403468404 5.703900182829006
52 64 59 62 0.640286957 5.866935667543312
52 64 60 63 2.1260689 8.518454122889633
