64
# x y z
0.0 0.0 0.0
0.5 0.0 0.0
1.0 0.0 0.0
1.5 0.0 0.0
2.0 0.0 0.0
2.5 0.0 0.0
3.0 0.0 0.0
3.5 0.0 0.0
4.0 0.0 0.0
4.5 0.0 0.0
5.0 0.0 0.0
5.5 0.0 0.0
6.0 0.0 0.0
6.5 0.0 0.0
7.0 0.0 0.0
7.5 0.0 0.0
8.0 0.0 0.0
8.5 0.0 0.0
9.0 0.0 0.0
9.5 0.0 0.0
10.0 0.0 0.0
10.5 0.0 0.0
11.0 0.0 0.0
11.5 0.0 0.0
12.0 0.0 0.0
12.5 0.0 0.0
13.0 0.0 0.0
13.5 0.0 0.0
14.0 0.0 0.0
14.5 0.0 0.0
15.0 0.0 0.0
15.5 0.0 0.0
16.0 0.0 0.0
16.5 0.0 0.0
17.0 0.0 0.0
17.5 0.0 0.0
18.0 0.0 0.0
18.5 0.0 0.0
19.0 0.0 0.0
19.5 0.0 0.0
20.0 0.0 0.0
20.5 0.0 0.0
21.0 0.0 0.0
21.5 0.0 0.0
22.0 0.0 0.0
22.5 0.0 0.0
23.0 0.0 0.0
23.5 0.0 0.0
24.0 0.0 0.0
24.5 0.0 0.0
25.0 0.0 0.0
25.5 0.0 0.0
26.0 0.0 0.0
26.5 0.0 0.0
27.0 0.0 0.0
27.5 0.0 0.0
28.0 0.0 0.0
28.5 0.0 0.0
29.0 0.0 0.0
29.5 0.0 0.0
30.0 0.0 0.0
30.5 0.0 0.0
31.0 0.0 0.0
31.5 0.0 0.0
1400
# a b m n r rhoa k
1 13 2 5 1.79662 7.19846 4.00667
1 13 3 6 0.670157 6.14064 9.16298
1 13 4 7 0.418052 5.91007 14.1372
1 13 5 8 0.30322 5.22993 17.248
1 13 6 9 0.271155 4.67687 17.248
1 13 7 10 0.397537 5.62004 14.1372
1 13 8 11 0.76589 7.01784 9.16298
1 13 9 12 2.27829 9.12837 4.00667
1 23 2 7 1.92296 7.1222 3.70377
1 23 3 8 0.725087 6.09382 8.40426
1 23 4 9 0.411434 5.69082 13.8317
1 23 5 10 0.259874 5.09446 19.6035
1 23 6 11 0.186727 4.71144 25.2317
1 23 7 12 0.143098 4.31575 30.1593
1 23 8 13 0.126467 4.27871 33.8325
1 23 9 14 0.123637 4.42592 35.7978
1 23 10 15 0.112033 4.01054 35.7978
1 23 11 16 0.127535 4.31484 33.8325
1 23 12 17 0.148872 4.48987 30.1593
1 23 13 18 0.187767 4.73768 25.2317
1 23 14 19 0.265427 5.20332 19.6035
1 23 15 20 0.383083 5.29868 13.8317
1 23 16 21 0.830557 6.98021 8.40426
1 23 17 22 2.35226 8.71225 3.70377
1 57 4 16 0.479343 5.53255 11.542
1 57 5 17 0.306558 4.9831 16.255
1 57 6 18 0.217895 4.65008 21.3409
1 57 7 19 0.162578 4.34954 26.7536
1 57 8 20 0.130522 4.23408 32.4396
1 57 9 21 0.114202 4.3783 38.3381
1 57 10 22 0.0949205 4.21266 44.381
1 57 11 23 0.0825416 4.16779 50.4932
1 57 12 24 0.0736668 4.16906 56.5934
1 57 13 25 0.0655081 4.10046 62.5948
1 57 14 26 0.0608328 4.16136 68.4065
1 57 15 27 0.0576822 4.26478 73.9358
1 57 16 28 0.0524563 4.14872 79.0892
1 57 17 29 0.0496381 4.15847 83.7758
1 57 18 30 0.0475338 4.17866 87.9092
1 57 19 31 0.0455255 4.16151 91.4105
1 57 20 32 0.0446249 4.20414 94.2106
1 57 21 33 0.0434856 4.18562 96.2531
1 57 22 34 0.0431523 4.20717 97.4958
1 57 23 35 0.0430241 4.21261 97.913
1 57 24 36 0.0431576 4.20768 97.4958
1 57 25 37 0.0442333 4.25759 96.2531
1 57 26 38 0.0435504 4.10291 94.2106
1 57 27 39 0.0454873 4.15802 91.4105
1 57 28 40 0.0475995 4.18443 87.9092
1 57 29 41 0.0494915 4.14619 83.7758
1 57 30 42 0.0530954 4.19927 79.0892
1 57 31 43 0.0570408 4.21735 73.9358
1 57 32 44 0.0605639 4.14297 68.4065
1 57 33 45 0.0661645 4.14155 62.5948
1 57 34 46 0.0739085 4.18273 56.5934
1 57 35 47 0.0825652 4.16899 50.4932
1 57 36 48 0.0954104 4.23441 44.381
1 57 37 49 0.110848 4.2497 38.3381
1 57 38 50 0.129774 4.20982 32.4396
1 57 39 51 0.165971 4.44032 26.7536
1 57 40 52 0.216453 4.61931 21.3409
1 57 41 53 0.309964 5.03847 16.255
1 57 42 54 0.478886 5.52728 11.542
2 14 3 6 1.8474 7.40191 4.00667
2 14 4 7 0.746412 6.83936 9.16298
2 14 5 8 0.405607 5.73413 14.1372
2 14 6 9 0.281355 4.85281 17.248
2 14 7 10 0.290473 5.01007 17.248
2 14 8 11 0.400045 5.6555 14.1372
2 14 9 12 0.721108 6.6075 9.16298
2 14 10 13 1.82874 7.32715 4.00667
2 24 3 8 1.97008 7.29672 3.70377
2 24 4 9 0.785153 6.59863 8.40426
2 24 5 10 0.408296 5.64742 13.8317
2 24 6 11 0.258383 5.06523 19.6035
2 24 7 12 0.178772 4.51073 25.2317
2 24 8 13 0.145176 4.37841 30.1593
2 24 9 14 0.13354 4.51798 33.8325
2 24 10 15 0.113394 4.05924 35.7978
2 24 11 16 0.118838 4.25413 35.7978
2 24 12 17 0.129008 4.36466 33.8325
2 24 13 18 0.1494 4.5058 30.1593
2 24 14 19 0.192977 4.86913 25.2317
2 24 15 20 0.253904 4.97741 19.6035
2 24 16 21 0.437341 6.04916 13.8317
2 24 17 22 0.869459 7.30716 8.40426
2 24 18 23 2.78728 10.3234 3.70377
2 58 5 17 0.47256 5.45427 11.542
2 58 6 18 0.303995 4.94144 16.255
2 58 7 19 0.211317 4.50971 21.3409
2 58 8 20 0.162137 4.33774 26.7536
2 58 9 21 0.137935 4.47454 32.4396
2 58 10 22 0.111389 4.27045 38.3381
2 58 11 23 0.0947239 4.20394 44.381
2 58 12 24 0.0831196 4.19698 50.4932
2 58 13 25 0.0727322 4.11616 56.5934
2 58 14 26 0.0665953 4.16851 62.5948
2 58 15 27 0.0625666 4.27996 68.4065
2 58 16 28 0.056176 4.15341 73.9358
2 58 17 29 0.0526026 4.1603 79.0892
2 58 18 30 0.0498477 4.17603 83.7758
2 58 19 31 0.0472873 4.15699 87.9092
2 58 20 32 0.0459951 4.20444 91.4105
2 58 21 33 0.0443786 4.18093 94.2106
2 58 22 34 0.0436654 4.20293 96.2531
2 58 23 35 0.0431158 4.20361 97.4958
2 58 24 36 0.0429448 4.20485 97.913
2 58 25 37 0.0436325 4.25399 97.4958
2 58 26 38 0.0425862 4.09905 96.2531
2 58 27 39 0.044165 4.16081 94.2106
2 58 28 40 0.0457999 4.18659 91.4105
2 58 29 41 0.0471197 4.14226 87.9092
2 58 30 42 0.0500169 4.1902 83.7758
2 58 31 43 0.05315 4.20359 79.0892
2 58 32 44 0.0559241 4.13479 73.9358
2 58 33 45 0.0603334 4.1272 68.4065
2 58 34 46 0.0664049 4.1566 62.5948
2 58 35 47 0.073042 4.1337 56.5934
2 58 36 48 0.0828553 4.18363 50.4932
2 58 37 49 0.0942574 4.18324 44.381
2 58 38 50 0.10795 4.13861 38.3381
2 58 39 51 0.132968 4.31342 32.4396
2 58 40 52 0.165679 4.4325 26.7536
2 58 41 53 0.221433 4.7256 21.3409
2 58 42 54 0.309435 5.02987 16.255
2 58 43 55 0.458672 5.29397 11.542
3 15 4 7 2.28077 9.13829 4.00667
3 15 5 8 0.754668 6.91501 9.16298
3 15 6 9 0.392726 5.55203 14.1372
3 15 7 10 0.30073 5.18698 17.248
3 15 8 11 0.325275 5.61034 17.248
3 15 9 12 0.469094 6.63166 14.1372
3 15 10 13 0.835704 7.65754 9.16298
3 15 11 14 2.46249 9.8664 4.00667
3 25 4 9 2.37549 8.79826 3.70377
3 25 5 10 0.7952 6.68306 8.40426
3 25 6 11 0.406587 5.62377 13.8317
3 25 7 12 0.244154 4.78628 19.6035
3 25 8 13 0.178671 4.50818 25.2317
3 25 9 14 0.153563 4.63134 30.1593
3 25 10 15 0.121821 4.1215 33.8325
3 25 11 16 0.117795 4.21678 35.7978
3 25 12 17 0.119343 4.27221 35.7978
3 25 13 18 0.127686 4.31995 33.8325
3 25 14 19 0.151931 4.58214 30.1593
3 25 15 20 0.185395 4.67784 25.2317
3 25 16 21 0.27066 5.3059 19.6035
3 25 17 22 0.439933 6.08501 13.8317
3 25 18 23 0.916012 7.6984 8.40426
3 25 19 24 2.53845 9.40185 3.70377
3 59 6 18 0.468451 5.40684 11.542
3 59 7 19 0.290475 4.72168 16.255
3 59 8 20 0.207945 4.43774 21.3409
3 59 9 21 0.170384 4.55838 26.7536
3 59 10 22 0.132741 4.30606 32.4396
3 59 11 23 0.109822 4.21038 38.3381
3 59 12 24 0.0944894 4.19354 44.381
3 59 13 25 0.0811835 4.09922 50.4932
3 59 14 26 0.0732026 4.14278 56.5934
3 59 15 27 0.0681572 4.26629 62.5948
3 59 16 28 0.0603319 4.12709 68.4065
3 59 17 29 0.0558998 4.13299 73.9358
3 59 18 30 0.0524379 4.14727 79.0892
3 59 19 31 0.0492117 4.12275 83.7758
3 59 20 32 0.0474528 4.17154 87.9092
3 59 21 33 0.045365 4.14684 91.4105
3 59 22 34 0.0442724 4.17093 94.2106
3 59 23 35 0.0433163 4.16932 96.2531
3 59 24 36 0.042798 4.17263 97.4958
3 59 25 37 0.0431429 4.22425 97.913
3 59 26 38 0.041772 4.07259 97.4958
3 59 27 39 0.0429804 4.137 96.2531
3 59 28 40 0.0441685 4.16114 94.2106
3 59 29 41 0.0450908 4.12177 91.4105
3 59 30 42 0.0473103 4.15901 87.9092
3 59 31 43 0.04977 4.16952 83.7758
3 59 32 44 0.0518901 4.10395 79.0892
3 59 33 45 0.0553647 4.09343 73.9358
3 59 34 46 0.0601362 4.11371 68.4065
3 59 35 47 0.0651574 4.07851 62.5948
3 59 36 48 0.0727467 4.11698 56.5934
3 59 37 49 0.0811481 4.09743 50.4932
3 59 38 50 0.0912654 4.05045 44.381
3 59 39 51 0.109053 4.18086 38.3381
3 59 40 52 0.131009 4.24989 32.4396
3 59 41 53 0.166364 4.45084 26.7536
3 59 42 54 0.216642 4.62335 21.3409
3 59 43 55 0.291194 4.73336 16.255
3 59 44 56 0.431281 4.97782 11.542
4 16 5 8 2.22487 8.91431 4.00667
4 16 6 9 0.725248 6.64543 9.16298
4 16 7 10 0.381234 5.38956 14.1372
4 16 8 11 0.296492 5.11389 17.248
4 16 9 12 0.324576 5.59827 17.248
4 16 10 13 0.415706 5.8769 14.1372
4 16 11 14 0.697487 6.39106 9.16298
4 16 12 15 1.53299 6.14218 4.00667
4 26 5 10 2.32805 8.62258 3.70377
4 26 6 11 0.790094 6.64015 8.40426
4 26 7 12 0.383333 5.30213 13.8317
4 26 8 13 0.242775 4.75925 19.6035
4 26 9 14 0.191446 4.8305 25.2317
4 26 10 15 0.14017 4.22743 30.1593
4 26 11 16 0.12409 4.19827 33.8325
4 26 12 17 0.116421 4.1676 35.7978
4 26 13 18 0.114385 4.09474 35.7978
4 26 14 19 0.124809 4.2226 33.8325
4 26 15 20 0.141265 4.26045 30.1593
4 26 16 21 0.177543 4.47971 25.2317
4 26 17 22 0.244486 4.79279 19.6035
4 26 18 23 0.390362 5.39936 13.8317
4 26 19 24 0.666232 5.59919 8.40426
4 26 20 25 1.41322 5.23426 3.70377
4 60 7 19 0.44757 5.16583 11.542
4 60 8 20 0.286991 4.66504 16.255
4 60 9 21 0.222202 4.742 21.3409
4 60 10 22 0.164955 4.41314 26.7536
4 60 11 23 0.131698 4.27222 32.4396
4 60 12 24 0.110485 4.23579 38.3381
4 60 13 25 0.0928204 4.11946 44.381
4 60 14 26 0.0820956 4.14527 50.4932
4 60 15 27 0.075571 4.27682 56.5934
4 60 16 28 0.0658142 4.11962 62.5948
4 60 17 29 0.060251 4.12157 68.4065
4 60 18 30 0.0559062 4.13347 73.9358
4 60 19 31 0.0518942 4.10427 79.0892
4 60 20 32 0.049596 4.15495 83.7758
4 60 21 33 0.0469757 4.1296 87.9092
4 60 22 34 0.0454105 4.15099 91.4105
4 60 23 35 0.0439505 4.1406 94.2106
4 60 24 36 0.043097 4.14822 96.2531
4 60 25 37 0.0430782 4.19994 97.4958
4 60 26 38 0.0413864 4.05226 97.913
4 60 27 39 0.0422846 4.12257 97.4958
4 60 28 40 0.0430462 4.14332 96.2531
4 60 29 41 0.0435843 4.1061 94.2106
4 60 30 42 0.0452958 4.14051 91.4105
4 60 31 43 0.0472532 4.15399 87.9092
4 60 32 44 0.048864 4.09362 83.7758
4 60 33 45 0.0515779 4.07926 79.0892
4 60 34 46 0.0553917 4.09543 73.9358
4 60 35 47 0.0592612 4.05385 68.4065
4 60 36 48 0.0652204 4.08246 62.5948
4 60 37 49 0.0716748 4.05632 56.5934
4 60 38 50 0.079362 4.00724 50.4932
4 60 39 51 0.09265 4.1119 44.381
4 60 40 52 0.108318 4.15271 38.3381
4 60 41 53 0.132604 4.30162 32.4396
4 60 42 54 0.164774 4.4083 26.7536
4 60 43 55 0.208568 4.45104 21.3409
4 60 44 56 0.281272 4.57208 16.255
4 60 45 57 0.44558 5.14286 11.542
5 17 6 9 2.33248 9.34548 4.00667
5 17 7 10 0.71946 6.5924 9.16298
5 17 8 11 0.387639 5.48012 14.1372
5 17 9 12 0.327799 5.65387 17.248
5 17 10 13 0.318348 5.49085 17.248
5 17 11 14 0.405354 5.73056 14.1372
5 17 12 15 0.615475 5.63959 9.16298
5 17 13 16 2.38544 9.55767 4.00667
5 27 6 11 2.46991 9.148 3.70377
5 27 7 12 0.771674 6.48535 8.40426
5 27 8 13 0.387649 5.36183 13.8317
5 27 9 14 0.272965 5.35108 19.6035
5 27 10 15 0.181415 4.57741 25.2317
5 27 11 16 0.147135 4.43747 30.1593
5 27 12 17 0.12915 4.36948 33.8325
5 27 13 18 0.118502 4.2421 35.7978
5 27 14 19 0.121439 4.34724 35.7978
5 27 15 20 0.131218 4.43942 33.8325
5 27 16 21 0.152446 4.59766 30.1593
5 27 17 22 0.194891 4.91743 25.2317
5 27 18 23 0.283423 5.5561 19.6035
5 27 19 24 0.427886 5.91838 13.8317
5 27 20 25 0.731152 6.14479 8.40426
5 27 21 26 2.63742 9.76842 3.70377
5 61 8 20 0.449015 5.18251 11.542
5 61 9 21 0.317616 5.16286 16.255
5 61 10 22 0.218651 4.66622 21.3409
5 61 11 23 0.166324 4.44978 26.7536
5 61 12 24 0.134877 4.37535 32.4396
5 61 13 25 0.109958 4.21558 38.3381
5 61 14 26 0.0949595 4.2144 44.381
5 61 15 27 0.0861858 4.3518 50.4932
5 61 16 28 0.0736084 4.16575 56.5934
5 61 17 29 0.0664172 4.15737 62.5948
5 61 18 30 0.0607982 4.159 68.4065
5 61 19 31 0.0557529 4.12213 73.9358
5 61 20 32 0.0527747 4.17391 79.0892
5 61 21 33 0.0494139 4.13969 83.7758
5 61 22 34 0.0473236 4.16018 87.9092
5 61 23 35 0.0453554 4.14596 91.4105
5 61 24 36 0.0441172 4.15631 94.2106
5 61 25 37 0.0437202 4.2082 96.2531
5 61 26 38 0.0416397 4.05969 97.4958
5 61 27 39 0.0422477 4.1366 97.913
5 61 28 40 0.0426358 4.15681 97.4958
5 61 29 41 0.0427781 4.11752 96.2531
5 61 30 42 0.0440914 4.15388 94.2106
5 61 31 43 0.0454982 4.15901 91.4105
5 61 32 44 0.0466487 4.10085 87.9092
5 61 33 45 0.0487454 4.08369 83.7758
5 61 34 46 0.0517776 4.09505 79.0892
5 61 35 47 0.0547963 4.05141 73.9358
5 61 36 48 0.0595758 4.07538 68.4065
5 61 37 49 0.0645571 4.04094 62.5948
5 61 38 50 0.0705887 3.99486 56.5934
5 61 39 51 0.0807939 4.07955 50.4932
5 61 40 52 0.0924202 4.1017 44.381
5 61 41 53 0.109986 4.21663 38.3381
5 61 42 54 0.131843 4.27695 32.4396
5 61 43 55 0.159914 4.27827 26.7536
5 61 44 56 0.202879 4.32964 21.3409
5 61 45 57 0.28595 4.64811 16.255
5 61 46 58 0.43958 5.07361 11.542
6 18 7 10 2.11691 8.48177 4.00667
6 18 8 11 0.669412 6.13381 9.16298
6 18 9 12 0.429199 6.06766 14.1372
6 18 10 13 0.314352 5.42194 17.248
6 18 11 14 0.308603 5.32277 17.248
6 18 12 15 0.363402 5.13748 14.1372
6 18 13 16 0.840052 7.69738 9.16298
6 18 14 17 2.54976 10.216 4.00667
6 28 7 12 2.23398 8.27414 3.70377
6 28 8 13 0.718274 6.03656 8.40426
6 28 9 14 0.427997 5.91992 13.8317
6 28 10 15 0.251613 4.9325 19.6035
6 28 11 16 0.183851 4.63886 25.2317
6 28 12 17 0.149461 4.50763 30.1593
6 28 13 18 0.126891 4.29304 33.8325
6 28 14 19 0.120987 4.33108 35.7978
6 28 15 20 0.123919 4.43601 35.7978
6 28 16 21 0.131822 4.45987 33.8325
6 28 17 22 0.155262 4.68258 30.1593
6 28 18 23 0.205568 5.18683 25.2317
6 28 19 24 0.279245 5.47418 19.6035
6 28 20 25 0.418381 5.7869 13.8317
6 28 21 26 0.959616 8.06486 8.40426
6 28 22 27 2.59916 9.62669 3.70377
6 62 9 21 0.490234 5.65826 11.542
6 62 10 22 0.304174 4.94435 16.255
6 62 11 23 0.216548 4.62135 21.3409
6 62 12 24 0.168533 4.50886 26.7536
6 62 13 25 0.132617 4.30203 32.4396
6 62 14 26 0.111387 4.27037 38.3381
6 62 15 27 0.0995428 4.41781 44.381
6 62 16 28 0.0832413 4.20312 50.4932
6 62 17 29 0.0738907 4.18172 56.5934
6 62 18 30 0.0667282 4.17683 62.5948
6 62 19 31 0.0603727 4.12988 68.4065
6 62 20 32 0.0566207 4.18629 73.9358
6 62 21 33 0.0524481 4.14808 79.0892
6 62 22 34 0.0497341 4.16652 83.7758
6 62 23 35 0.0471975 4.1491 87.9092
6 62 24 36 0.0455114 4.16022 91.4105
6 62 25 37 0.0447125 4.21239 94.2106
6 62 26 38 0.0422514 4.06683 96.2531
6 62 27 39 0.0425863 4.15199 97.4958
6 62 28 40 0.0426456 4.17556 97.913
6 62 29 41 0.0424671 4.14036 97.4958
6 62 30 42 0.0433858 4.17602 96.2531
6 62 31 43 0.0444144 4.18431 94.2106
6 62 32 44 0.0452482 4.13616 91.4105
6 62 33 45 0.0469318 4.12573 87.9092
6 62 34 46 0.0494116 4.1395 83.7758
6 62 35 47 0.0517941 4.09635 79.0892
6 62 36 48 0.0557881 4.12473 73.9358
6 62 37 49 0.0598204 4.09211 68.4065
6 62 38 50 0.0647513 4.05309 62.5948
6 62 39 51 0.0730911 4.13647 56.5934
6 62 40 52 0.0822799 4.15458 50.4932
6 62 41 53 0.0960244 4.26166 44.381
6 62 42 54 0.112471 4.31193 38.3381
6 62 43 55 0.132826 4.30884 32.4396
6 62 44 56 0.162844 4.35667 26.7536
6 62 45 57 0.216352 4.61716 21.3409
6 62 46 58 0.304418 4.94832 16.255
6 62 47 59 0.483636 5.5821 11.542
7 19 8 11 1.83554 7.3544 4.00667
7 19 9 12 0.768203 7.03903 9.16298
7 19 10 13 0.405628 5.73443 14.1372
7 19 11 14 0.300427 5.18175 17.248
7 19 12 15 0.274182 4.72908 17.248
7 19 13 16 0.422181 5.96844 14.1372
7 19 14 17 0.790199 7.24058 9.16298
7 19 15 18 2.61395 10.4732 4.00667
7 29 8 13 1.95144 7.22768 3.70377
7 29 9 14 0.820989 6.89981 8.40426
7 29 10 15 0.39764 5.50003 13.8317
7 29 11 16 0.2543 4.98517 19.6035
7 29 12 17 0.188778 4.76319 25.2317
7 29 13 18 0.146854 4.42901 30.1593
7 29 14 19 0.129466 4.38015 33.8325
7 29 15 20 0.1255 4.49263 35.7978
7 29 16 21 0.122132 4.37206 35.7978
7 29 17 22 0.132607 4.48642 33.8325
7 29 18 23 0.160396 4.83743 30.1593
7 29 19 24 0.198234 5.00178 25.2317
7 29 20 25 0.267745 5.24876 19.6035
7 29 21 26 0.476997 6.59767 13.8317
7 29 22 27 0.862627 7.24974 8.40426
7 29 23 28 2.58701 9.58168 3.70377
7 63 10 22 0.469692 5.42116 11.542
7 63 11 23 0.302544 4.91786 16.255
7 63 12 24 0.221818 4.7338 21.3409
7 63 13 25 0.166413 4.45216 26.7536
7 63 14 26 0.134829 4.37379 32.4396
7 63 15 27 0.118112 4.5282 38.3381
7 63 16 28 0.0962764 4.27284 44.381
7 63 17 29 0.0839051 4.23664 50.4932
7 63 18 30 0.0744614 4.21402 56.5934
7 63 19 31 0.0663399 4.15253 62.5948
7 63 20 32 0.0614948 4.20665 68.4065
7 63 21 33 0.0562971 4.16237 73.9358
7 63 22 34 0.0528238 4.17779 79.0892
7 63 23 35 0.0495534 4.15137 83.7758
7 63 24 36 0.0473515 4.16264 87.9092
7 63 25 37 0.0460894 4.21306 91.4105
7 63 26 38 0.0431908 4.06903 94.2106
7 63 27 39 0.0432253 4.16056 96.2531
7 63 28 40 0.0428911 4.1817 97.4958
7 63 29 41 0.0423628 4.14787 97.913
7 63 30 42 0.0428967 4.18225 97.4958
7 63 31 43 0.0434961 4.18663 96.2531
7 63 32 44 0.0439919 4.1445 94.2106
7 63 33 45 0.0451518 4.12735 91.4105
7 63 34 46 0.0470274 4.13414 87.9092
7 63 35 47 0.0488018 4.08841 83.7758
7 63 36 48 0.0520107 4.11348 79.0892
7 63 37 49 0.0551753 4.07942 73.9358
7 63 38 50 0.059133 4.04509 68.4065
7 63 39 51 0.0657797 4.11746 62.5948
7 63 40 52 0.0729178 4.12667 56.5934
7 63 41 53 0.0835521 4.21881 50.4932
7 63 42 54 0.095695 4.24704 44.381
7 63 43 55 0.110299 4.22867 38.3381
7 63 44 56 0.131216 4.2566 32.4396
7 63 45 57 0.166317 4.44958 26.7536
7 63 46 58 0.219398 4.68217 21.3409
7 63 47 59 0.314802 5.11712 16.255
7 63 48 60 0.488905 5.64292 11.542
8 20 9 12 2.11343 8.46782 4.00667
8 20 10 13 0.686135 6.28704 9.16298
8 20 11 14 0.381847 5.39824 14.1372
8 20 12 15 0.279426 4.81953 17.248
8 20 13 16 0.311058 5.36511 17.248
8 20 14 17 0.42862 6.05948 14.1372
8 20 15 18 0.841682 7.71232 9.16298
8 20 16 19 2.29102 9.17938 4.00667
8 30 9 14 2.2271 8.24867 3.70377
8 30 10 15 0.719633 6.04799 8.40426
8 30 11 16 0.37982 5.25355 13.8317
8 30 12 17 0.252659 4.95301 19.6035
8 30 13 18 0.17907 4.51825 25.2317
8 30 14 19 0.145795 4.39707 30.1593
8 30 15 20 0.134158 4.5389 33.8325
8 30 16 21 0.120299 4.30644 35.7978
8 30 17 22 0.12134 4.3437 35.7978
8 30 18 23 0.135511 4.58468 33.8325
8 30 19 24 0.154378 4.65594 30.1593
8 30 20 25 0.192346 4.8532 25.2317
8 30 21 26 0.292465 5.73335 19.6035
8 30 22 27 0.43578 6.02757 13.8317
8 30 23 28 0.876504 7.36637 8.40426
8 30 24 29 2.59405 9.60777 3.70377
8 64 11 23 0.444717 5.1329 11.542
8 64 12 24 0.299681 4.87131 16.255
8 64 13 25 0.211378 4.51101 21.3409
8 64 14 26 0.164066 4.38936 26.7536
8 64 15 27 0.140528 4.55865 32.4396
8 64 16 28 0.111304 4.26718 38.3381
8 64 17 29 0.0951081 4.22099 44.381
8 64 18 30 0.0830708 4.19451 50.4932
8 64 19 31 0.0728636 4.1236 56.5934
8 64 20 32 0.0667922 4.18084 62.5948
8 64 21 33 0.0603982 4.13163 68.4065
8 64 22 34 0.0561056 4.14821 73.9358
8 64 23 35 0.0520735 4.11845 79.0892
8 64 24 36 0.0493311 4.13275 83.7758
8 64 25 37 0.0476078 4.18516 87.9092
8 64 26 38 0.0441929 4.03969 91.4105
8 64 27 39 0.0438987 4.13572 94.2106
8 64 28 40 0.0432027 4.15839 96.2531
8 64 29 41 0.0423312 4.12711 97.4958
8 64 30 42 0.0425068 4.16197 97.913
8 64 31 43 0.0427451 4.16747 97.4958
8 64 32 44 0.0429086 4.13009 96.2531
8 64 33 45 0.0436825 4.11536 94.2106
8 64 34 46 0.0451323 4.12556 91.4105
8 64 35 47 0.0463819 4.07739 87.9092
8 64 36 48 0.0489618 4.10181 83.7758
8 64 37 49 0.0514087 4.06587 79.0892
8 64 38 50 0.0546268 4.03888 73.9358
8 64 39 51 0.0600081 4.10495 68.4065
8 64 40 52 0.0655813 4.10505 62.5948
8 64 41 53 0.073974 4.18644 56.5934
8 64 42 54 0.0831707 4.19956 50.4932
8 64 43 55 0.0939483 4.16952 44.381
8 64 44 56 0.109149 4.18458 38.3381
8 64 45 57 0.133419 4.32806 32.4396
8 64 46 58 0.168067 4.49641 26.7536
8 64 47 59 0.225515 4.8127 21.3409
8 64 48 60 0.318018 5.16939 16.255
8 64 49 61 0.483154 5.57654 11.542
9 21 10 13 1.70271 6.8222 4.00667
9 21 11 14 0.609629 5.58602 9.16298
9 21 12 15 0.346361 4.89657 14.1372
9 21 13 16 0.281924 4.86262 17.248
9 21 14 17 0.295777 5.10156 17.248
9 21 15 18 0.430809 6.09042 14.1372
9 21 16 19 0.722062 6.61623 9.16298
9 21 17 20 1.5854 6.35218 4.00667
9 31 10 15 1.78754 6.62064 3.70377
9 31 11 16 0.649199 5.45603 8.40426
9 31 12 17 0.365282 5.05246 13.8317
9 31 13 18 0.230489 4.5184 19.6035
9 31 14 19 0.171803 4.33488 25.2317
9 31 15 20 0.149874 4.52009 30.1593
9 31 16 21 0.124495 4.212 33.8325
9 31 17 22 0.117278 4.19829 35.7978
9 31 18 23 0.121716 4.35716 35.7978
9 31 19 24 0.128755 4.35611 33.8325
9 31 20 25 0.149425 4.50654 30.1593
9 31 21 26 0.200997 5.07149 25.2317
9 31 22 27 0.26254 5.14671 19.6035
9 31 23 28 0.424051 5.86533 13.8317
9 31 24 29 0.820272 6.89378 8.40426
9 31 25 30 2.33045 8.63147 3.70377
10 22 11 14 2.25166 9.02164 4.00667
10 22 12 15 0.759549 6.95973 9.16298
10 22 13 16 0.403388 5.70276 14.1372
10 22 14 17 0.303496 5.23469 17.248
10 22 15 18 0.342583 5.90886 17.248
10 22 16 19 0.430869 6.09127 14.1372
10 22 17 20 0.669951 6.13874 9.16298
10 22 18 21 2.54053 10.1791 4.00667
10 32 11 16 2.36268 8.75082 3.70377
10 32 12 17 0.835124 7.0186 8.40426
10 32 13 18 0.406022 5.61597 13.8317
10 32 14 19 0.254472 4.98855 19.6035
10 32 15 20 0.203297 5.12953 25.2317
10 32 16 21 0.151075 4.55633 30.1593
10 32 17 22 0.130583 4.41796 33.8325
10 32 18 23 0.124701 4.46403 35.7978
10 32 19 24 0.121867 4.36256 35.7978
10 32 20 25 0.132204 4.47281 33.8325
10 32 21 26 0.161077 4.85797 30.1593
10 32 22 27 0.191772 4.83873 25.2317
10 32 23 28 0.270519 5.30313 19.6035
10 32 24 29 0.43027 5.95135 13.8317
10 32 25 30 0.818613 6.87984 8.40426
10 32 26 31 2.07784 7.69584 3.70377
11 23 12 15 2.34686 9.40311 4.00667
11 23 13 16 0.752834 6.89821 9.16298
11 23 14 17 0.395452 5.59057 14.1372
11 23 15 18 0.344733 5.94594 17.248
11 23 16 19 0.316932 5.46642 17.248
11 23 17 20 0.372993 5.27306 14.1372
11 23 18 21 0.774846 7.09989 9.16298
11 23 19 22 2.1924 8.78423 4.00667
11 33 12 17 2.50246 9.26855 3.70377
11 33 13 18 0.809409 6.80248 8.40426
11 33 14 19 0.404317 5.59237 13.8317
11 33 15 20 0.292123 5.72664 19.6035
11 33 16 21 0.193342 4.87835 25.2317
11 33 17 22 0.153295 4.62328 30.1593
11 33 18 23 0.134495 4.55031 33.8325
11 33 19 24 0.121552 4.3513 35.7978
11 33 20 25 0.123277 4.41305 35.7978
11 33 21 26 0.137177 4.64106 33.8325
11 33 22 27 0.150826 4.54881 30.1593
11 33 23 28 0.191534 4.83274 25.2317
11 33 24 29 0.269235 5.27797 19.6035
11 33 25 30 0.427046 5.90676 13.8317
11 33 26 31 0.75589 6.35269 8.40426
11 33 27 32 1.71106 6.33738 3.70377
12 24 13 16 2.21776 8.88581 4.00667
12 24 14 17 0.69042 6.3263 9.16298
12 24 15 18 0.466565 6.59591 14.1372
12 24 16 19 0.319811 5.51608 17.248
12 24 17 20 0.297424 5.12995 17.248
12 24 18 21 0.435531 6.15717 14.1372
12 24 19 22 0.809546 7.41785 9.16298
12 24 20 23 2.68569 10.7607 4.00667
12 34 13 18 2.34155 8.67256 3.70377
12 34 14 19 0.749698 6.30066 8.40426
12 34 15 20 0.466492 6.45237 13.8317
12 34 16 21 0.26805 5.25473 19.6035
12 34 17 22 0.193533 4.88316 25.2317
12 34 18 23 0.156016 4.70533 30.1593
12 34 19 24 0.129967 4.39713 33.8325
12 34 20 25 0.123581 4.42394 35.7978
12 34 21 26 0.126676 4.53471 35.7978
12 34 22 27 0.130083 4.40104 33.8325
12 34 23 28 0.151443 4.56741 30.1593
12 34 24 29 0.195299 4.92773 25.2317
12 34 25 30 0.278515 5.45988 19.6035
12 34 26 31 0.427469 5.91262 13.8317
12 34 27 32 0.750972 6.31136 8.40426
12 34 28 33 2.65858 9.84677 3.70377
13 25 14 17 1.80638 7.23755 4.00667
13 25 15 18 0.84629 7.75454 9.16298
13 25 16 19 0.419074 5.92452 14.1372
13 25 17 20 0.306239 5.282 17.248
13 25 18 21 0.323821 5.58525 17.248
13 25 19 22 0.432498 6.1143 14.1372
13 25 20 23 0.878417 8.04891 9.16298
13 25 21 24 2.40691 9.64371 4.00667
13 35 14 19 1.93624 7.1714 3.70377
13 35 15 20 0.899059 7.55593 8.40426
13 35 16 21 0.419897 5.80788 13.8317
13 35 17 22 0.270438 5.30155 19.6035
13 35 18 23 0.197862 4.99239 25.2317
13 35 19 24 0.150462 4.53782 30.1593
13 35 20 25 0.132923 4.49713 33.8325
13 35 21 26 0.124721 4.46473 35.7978
13 35 22 27 0.119097 4.26341 35.7978
13 35 23 28 0.126365 4.27524 33.8325
13 35 24 29 0.148722 4.48534 30.1593
13 35 25 30 0.190927 4.81742 25.2317
13 35 26 31 0.2573 5.04399 19.6035
13 35 27 32 0.38068 5.26544 13.8317
13 35 28 33 0.808019 6.7908 8.40426
13 35 29 34 2.27756 8.43556 3.70377
14 26 15 18 2.48947 9.97448 4.00667
14 26 16 19 0.705462 6.46413 9.16298
14 26 17 20 0.396058 5.59914 14.1372
14 26 18 21 0.306043 5.27861 17.248
14 26 19 22 0.289573 4.99455 17.248
14 26 20 23 0.401893 5.68163 14.1372
14 26 21 24 0.621217 5.6922 9.16298
14 26 22 25 1.29653 5.19478 4.00667
14 36 15 20 2.61295 9.67779 3.70377
14 36 16 21 0.758594 6.37542 8.40426
14 36 17 22 0.414227 5.72945 13.8317
14 36 18 23 0.270312 5.29907 19.6035
14 36 19 24 0.186553 4.70706 25.2317
14 36 20 25 0.153125 4.61813 30.1593
14 36 21 26 0.132776 4.49215 33.8325
14 36 22 27 0.119145 4.26512 35.7978
14 36 23 28 0.117067 4.19073 35.7978
14 36 24 29 0.128187 4.3369 33.8325
14 36 25 30 0.152026 4.58498 30.1593
14 36 26 31 0.187212 4.72368 25.2317
14 36 27 32 0.251543 4.93113 19.6035
14 36 28 33 0.43141 5.96713 13.8317
14 36 29 34 0.873876 7.34428 8.40426
14 36 30 35 2.88644 10.6907 3.70377
15 27 16 19 1.57417 6.30719 4.00667
15 27 17 20 0.632016 5.79115 9.16298
15 27 18 21 0.384869 5.44096 14.1372
15 27 19 22 0.290301 5.00711 17.248
15 27 20 23 0.329373 5.68101 17.248
15 27 21 24 0.417018 5.89545 14.1372
15 27 22 25 0.664493 6.08874 9.16298
15 27 23 26 2.49579 9.9998 4.00667
15 37 16 21 1.6743 6.20121 3.70377
15 37 17 22 0.68328 5.74246 8.40426
15 37 18 23 0.383576 5.3055 13.8317
15 37 19 24 0.236996 4.64597 19.6035
15 37 20 25 0.179985 4.54134 25.2317
15 37 21 26 0.144388 4.35463 30.1593
15 37 22 27 0.122166 4.13318 33.8325
15 37 23 28 0.11142 3.98858 35.7978
15 37 24 29 0.113606 4.06682 35.7978
15 37 25 30 0.124481 4.21152 33.8325
15 37 26 31 0.139839 4.21745 30.1593
15 37 27 32 0.171717 4.33272 25.2317
15 37 28 33 0.246107 4.82457 19.6035
15 37 29 34 0.394963 5.46299 13.8317
15 37 30 35 0.788635 6.6279 8.40426
15 37 31 36 1.93492 7.16652 3.70377
16 28 17 20 2.37935 9.53328 4.00667
16 28 18 21 0.850334 7.7916 9.16298
16 28 19 22 0.427057 6.03737 14.1372
16 28 20 23 0.345004 5.95061 17.248
16 28 21 24 0.328499 5.66594 17.248
16 28 22 25 0.409491 5.78904 14.1372
16 28 23 26 0.892801 8.18071 9.16298
16 28 24 27 2.4633 9.86964 4.00667
16 38 17 22 2.51469 9.31386 3.70377
16 38 18 23 0.906727 7.62037 8.40426
16 38 19 24 0.431483 5.96813 13.8317
16 38 20 25 0.278235 5.4544 19.6035
16 38 21 26 0.19568 4.93734 25.2317
16 38 22 27 0.151907 4.58142 30.1593
16 38 23 28 0.126137 4.26753 33.8325
16 38 24 29 0.119048 4.26164 35.7978
16 38 25 30 0.120931 4.32905 35.7978
16 38 26 31 0.125664 4.25152 33.8325
16 38 27 32 0.145066 4.37509 30.1593
16 38 28 33 0.187608 4.73365 25.2317
16 38 29 34 0.266835 5.23092 19.6035
16 38 30 35 0.440243 6.08929 13.8317
16 38 31 36 0.785264 6.59956 8.40426
16 38 32 37 2.23512 8.27836 3.70377
17 29 18 21 2.54843 10.2107 4.00667
17 29 19 22 0.784678 7.18999 9.16298
17 29 20 23 0.450558 6.36961 14.1372
17 29 21 24 0.321639 5.54762 17.248
17 29 22 25 0.314191 5.41916 17.248
17 29 23 26 0.464773 6.57057 14.1372
17 29 24 27 0.79996 7.33001 9.16298
17 29 25 28 2.47054 9.89864 4.00667
17 39 18 23 2.67437 9.90527 3.70377
17 39 19 24 0.842568 7.08116 8.40426
17 39 20 25 0.441651 6.10877 13.8317
17 39 21 26 0.270304 5.29891 19.6035
17 39 22 27 0.19306 4.87122 25.2317
17 39 23 28 0.146567 4.42036 30.1593
17 39 24 29 0.128567 4.34974 33.8325
17 39 25 30 0.12135 4.34408 35.7978
17 39 26 31 0.116905 4.18493 35.7978
17 39 27 32 0.127567 4.31593 33.8325
17 39 28 33 0.151063 4.55597 30.1593
17 39 29 34 0.194752 4.91391 25.2317
17 39 30 35 0.282706 5.54203 19.6035
17 39 31 36 0.427883 5.91834 13.8317
17 39 32 37 0.827937 6.9582 8.40426
17 39 33 38 1.94674 7.21028 3.70377
18 30 19 22 2.56426 10.2741 4.00667
18 30 20 23 0.831774 7.62153 9.16298
18 30 21 24 0.422205 5.96878 14.1372
18 30 22 25 0.32052 5.52832 17.248
18 30 23 26 0.337289 5.81754 17.248
18 30 24 27 0.426666 6.03185 14.1372
18 30 25 28 0.827434 7.58176 9.16298
18 30 26 29 2.44413 9.79283 4.00667
18 40 19 24 2.6963 9.9865 3.70377
18 40 20 25 0.877159 7.37187 8.40426
18 40 21 26 0.427407 5.91175 13.8317
18 40 22 27 0.272873 5.34927 19.6035
18 40 23 28 0.18615 4.69688 25.2317
18 40 24 29 0.149504 4.50892 30.1593
18 40 25 30 0.130104 4.40176 33.8325
18 40 26 31 0.115032 4.11788 35.7978
18 40 27 32 0.11848 4.24133 35.7978
18 40 28 33 0.128875 4.36016 33.8325
18 40 29 34 0.15142 4.56673 30.1593
18 40 30 35 0.197465 4.98237 25.2317
18 40 31 36 0.265481 5.20437 19.6035
18 40 32 37 0.425767 5.88906 13.8317
18 40 33 38 0.707568 5.94659 8.40426
18 40 34 39 2.29128 8.48638 3.70377
19 31 20 23 2.30874 9.25036 4.00667
19 31 21 24 0.725513 6.64786 9.16298
19 31 22 25 0.428044 6.05133 14.1372
19 31 23 26 0.324397 5.59518 17.248
19 31 24 27 0.309796 5.34335 17.248
19 31 25 28 0.426138 6.02438 14.1372
19 31 26 29 0.751065 6.88199 9.16298
19 31 27 30 2.2082 8.84751 4.00667
19 41 20 25 2.4237 8.97683 3.70377
19 41 21 26 0.787052 6.61459 8.40426
19 41 22 27 0.434043 6.00354 13.8317
19 41 23 28 0.260374 5.10426 19.6035
19 41 24 29 0.191175 4.82366 25.2317
19 41 25 30 0.152475 4.59855 30.1593
19 41 26 31 0.123757 4.18703 33.8325
19 41 27 32 0.120564 4.31592 35.7978
19 41 28 33 0.121824 4.36102 35.7978
19 41 29 34 0.132369 4.47839 33.8325
19 41 30 35 0.158517 4.78075 30.1593
19 41 31 36 0.195595 4.93518 25.2317
19 41 32 37 0.280805 5.50478 19.6035
19 41 33 38 0.3996 5.52713 13.8317
19 41 34 39 0.840704 7.0655 8.40426
19 41 35 40 2.84306 10.53 3.70377
20 32 21 24 1.60814 6.4433 4.00667
20 32 22 25 0.684435 6.27146 9.16298
20 32 23 26 0.391756 5.53831 14.1372
20 32 24 27 0.297803 5.13649 17.248
20 32 25 28 0.313462 5.40658 17.248
20 32 26 29 0.40518 5.7281 14.1372
20 32 27 30 0.761324 6.97599 9.16298
20 32 28 31 1.95636 7.83848 4.00667
20 42 21 26 1.72794 6.39988 3.70377
20 42 22 27 0.731539 6.14805 8.40426
20 42 23 28 0.373489 5.16598 13.8317
20 42 24 29 0.248314 4.86784 19.6035
20 42 25 30 0.181854 4.58849 25.2317
20 42 26 31 0.135429 4.08444 30.1593
20 42 27 32 0.125445 4.24414 33.8325
20 42 28 33 0.117915 4.22109 35.7978
20 42 29 34 0.118505 4.24222 35.7978
20 42 30 35 0.130423 4.41255 33.8325
20 42 31 36 0.14771 4.45484 30.1593
20 42 32 37 0.191365 4.82846 25.2317
20 42 33 38 0.240655 4.71769 19.6035
20 42 34 39 0.390635 5.40313 13.8317
20 42 35 40 0.833341 7.00361 8.40426
20 42 36 41 2.41973 8.96214 3.70377
21 33 22 25 2.54923 10.2139 4.00667
21 33 23 26 0.784786 7.19098 9.16298
21 33 24 27 0.428768 6.06156 14.1372
21 33 25 28 0.320309 5.52467 17.248
21 33 26 29 0.29676 5.1185 17.248
21 33 27 30 0.425033 6.00876 14.1372
21 33 28 31 0.708396 6.49102 9.16298
21 33 29 32 1.58592 6.35424 4.00667
21 43 22 27 2.67583 9.91068 3.70377
21 43 23 28 0.816097 6.85869 8.40426
21 43 24 29 0.434516 6.01008 13.8317
21 43 25 30 0.270205 5.29697 19.6035
21 43 26 31 0.174404 4.4005 25.2317
21 43 27 32 0.150471 4.53809 30.1593
21 43 28 33 0.129958 4.3968 33.8325
21 43 29 34 0.119529 4.27888 35.7978
21 43 30 35 0.120632 4.31834 35.7978
21 43 31 36 0.125672 4.25179 33.8325
21 43 32 37 0.148675 4.48393 30.1593
21 43 33 38 0.169511 4.27705 25.2317
21 43 34 39 0.23085 4.52547 19.6035
21 43 35 40 0.374312 5.17736 13.8317
21 43 36 41 0.680241 5.71692 8.40426
21 43 37 42 2.00803 7.43729 3.70377
22 34 23 26 2.18779 8.76574 4.00667
22 34 24 27 0.804633 7.37284 9.16298
22 34 25 28 0.43376 6.13214 14.1372
22 34 26 29 0.288224 4.97128 17.248
22 34 27 30 0.330136 5.69417 17.248
22 34 28 31 0.431027 6.09349 14.1372
22 34 29 32 0.692057 6.34131 9.16298
22 34 30 33 2.52744 10.1266 4.00667
22 44 23 28 2.27616 8.43038 3.70377
22 44 24 29 0.862004 7.24451 8.40426
22 44 25 30 0.438751 6.06866 13.8317
22 44 26 31 0.240917 4.72282 19.6035
22 44 27 32 0.193788 4.88959 25.2317
22 44 28 33 0.154764 4.66758 30.1593
22 44 29 34 0.132069 4.46824 33.8325
22 44 30 35 0.123018 4.40376 35.7978
22 44 31 36 0.120675 4.3199 35.7978
22 44 32 37 0.133836 4.528 33.8325
22 44 33 38 0.143319 4.32239 30.1593
22 44 34 39 0.178125 4.49439 25.2317
22 44 35 40 0.25475 4.994 19.6035
22 44 36 41 0.391591 5.41636 13.8317
22 44 37 42 0.796517 6.69414 8.40426
22 44 38 43 2.51208 9.30418 3.70377
23 35 24 27 2.62056 10.4997 4.00667
23 35 25 28 0.843538 7.72932 9.16298
23 35 26 29 0.36864 5.21152 14.1372
23 35 27 30 0.327762 5.65323 17.248
23 35 28 31 0.322458 5.56174 17.248
23 35 29 32 0.380917 5.38508 14.1372
23 35 30 33 0.755064 6.91863 9.16298
23 35 31 34 2.15745 8.6442 4.00667
23 45 24 29 2.75397 10.2001 3.70377
23 45 25 30 0.908497 7.63524 8.40426
23 45 26 31 0.38224 5.28702 13.8317
23 45 27 32 0.279646 5.48205 19.6035
23 45 28 33 0.202959 5.121 25.2317
23 45 29 34 0.157908 4.76238 30.1593
23 45 30 35 0.135923 4.59863 33.8325
23 45 31 36 0.12286 4.39811 35.7978
23 45 32 37 0.12632 4.52197 35.7978
23 45 33 38 0.126405 4.27659 33.8325
23 45 34 39 0.143816 4.33739 30.1593
23 45 35 40 0.184109 4.64538 25.2317
23 45 36 41 0.250548 4.91163 19.6035
23 45 37 42 0.414423 5.73217 13.8317
23 45 38 43 0.836947 7.03392 8.40426
23 45 39 44 2.16017 8.00077 3.70377
24 36 25 28 2.37963 9.53439 4.00667
24 36 26 29 0.593658 5.43967 9.16298
24 36 27 30 0.422615 5.97457 14.1372
24 36 28 31 0.328403 5.66428 17.248
24 36 29 32 0.303883 5.24136 17.248
24 36 30 33 0.428161 6.05299 14.1372
24 36 31 34 0.818477 7.49969 9.16298
24 36 32 35 2.783 11.1505 4.00667
24 46 25 30 2.51259 9.30607 3.70377
24 46 26 31 0.657016 5.52173 8.40426
24 46 27 32 0.425603 5.8868 13.8317
24 46 28 33 0.278665 5.46283 19.6035
24 46 29 34 0.197554 4.98461 25.2317
24 46 30 35 0.156427 4.71773 30.1593
24 46 31 36 0.130759 4.42393 33.8325
24 46 32 37 0.125692 4.4995 35.7978
24 46 33 38 0.117815 4.21752 35.7978
24 46 34 39 0.123824 4.18927 33.8325
24 46 35 40 0.14372 4.33449 30.1593
24 46 36 41 0.177382 4.47566 25.2317
24 46 37 42 0.25372 4.97381 19.6035
24 46 38 43 0.412486 5.70537 13.8317
24 46 39 44 0.712734 5.99001 8.40426
24 46 40 45 2.31488 8.57378 3.70377
25 37 26 29 1.27038 5.09 4.00667
25 37 27 30 0.671826 6.15592 9.16298
25 37 28 31 0.410615 5.80493 14.1372
25 37 29 32 0.29539 5.09488 17.248
25 37 30 33 0.295423 5.09544 17.248
25 37 31 34 0.392062 5.54264 14.1372
25 37 32 35 0.75306 6.90027 9.16298
25 37 33 36 1.827 7.3202 4.00667
25 47 26 31 1.39948 5.18335 3.70377
25 47 27 32 0.726158 6.10282 8.40426
25 47 28 33 0.415621 5.74874 13.8317
25 47 29 34 0.264961 5.19418 19.6035
25 47 30 35 0.192306 4.85221 25.2317
25 47 31 36 0.148912 4.49108 30.1593
25 47 32 37 0.133771 4.52582 33.8325
25 47 33 38 0.11821 4.23167 35.7978
25 47 34 39 0.116039 4.15394 35.7978
25 47 35 40 0.124133 4.19972 33.8325
25 47 36 41 0.14192 4.2802 30.1593
25 47 37 42 0.183037 4.61834 25.2317
25 47 38 43 0.262559 5.14709 19.6035
25 47 39 44 0.377288 5.21853 13.8317
25 47 40 45 0.761131 6.39674 8.40426
25 47 41 46 2.46551 9.13168 3.70377
26 38 27 30 2.49666 10.0033 4.00667
26 38 28 31 0.898417 8.23218 9.16298
26 38 29 32 0.456852 6.45859 14.1372
26 38 30 33 0.3298 5.68838 17.248
26 38 31 34 0.319919 5.51795 17.248
26 38 32 35 0.451741 6.38634 14.1372
26 38 33 36 0.739246 6.77369 9.16298
26 38 34 37 2.10794 8.44581 4.00667
26 48 27 32 2.63513 9.75993 3.70377
26 48 28 33 0.956179 8.03598 8.40426
26 48 29 34 0.472852 6.54034 13.8317
26 48 30 35 0.291614 5.71667 19.6035
26 48 31 36 0.199269 5.02789 25.2317
26 48 32 37 0.16229 4.89455 30.1593
26 48 33 38 0.132461 4.48151 33.8325
26 48 34 39 0.120003 4.29585 35.7978
26 48 35 40 0.117143 4.19348 35.7978
26 48 36 41 0.12381 4.18879 33.8325
26 48 37 42 0.144939 4.37125 30.1593
26 48 38 43 0.188325 4.75176 25.2317
26 48 39 44 0.239752 4.69998 19.6035
26 48 40 45 0.378213 5.23132 13.8317
26 48 41 46 0.762476 6.40805 8.40426
26 48 42 47 2.20331 8.16056 3.70377
27 39 28 31 2.48264 9.94711 4.00667
27 39 29 32 0.804861 7.37492 9.16298
27 39 30 33 0.431117 6.09477 14.1372
27 39 31 34 0.313839 5.41309 17.248
27 39 32 35 0.339411 5.85415 17.248
27 39 33 36 0.427363 6.0417 14.1372
27 39 34 37 0.768983 7.04618 9.16298
27 39 35 38 1.80305 7.22422 4.00667
27 49 28 33 2.60188 9.63676 3.70377
27 49 29 34 0.864509 7.26556 8.40426
27 49 30 35 0.440381 6.0912 13.8317
27 49 31 36 0.26504 5.19571 19.6035
27 49 32 37 0.19731 4.97848 25.2317
27 49 33 38 0.150404 4.53607 30.1593
27 49 34 39 0.127681 4.31977 33.8325
27 49 35 40 0.11576 4.14394 35.7978
27 49 36 41 0.114797 4.10946 35.7978
27 49 37 42 0.124374 4.20788 33.8325
27 49 38 43 0.150225 4.53067 30.1593
27 49 39 44 0.176322 4.4489 25.2317
27 49 40 45 0.241473 4.73373 19.6035
27 49 41 46 0.38941 5.38619 13.8317
27 49 42 47 0.728642 6.12369 8.40426
27 49 43 48 2.09653 7.76509 3.70377
28 40 29 32 2.45753 9.84652 4.00667
28 40 30 33 0.820719 7.52023 9.16298
28 40 31 34 0.41996 5.93704 14.1372
28 40 32 35 0.334657 5.77215 17.248
28 40 33 36 0.32075 5.53227 17.248
28 40 34 37 0.424302 5.99843 14.1372
28 40 35 38 0.642624 5.88835 9.16298
28 40 36 39 2.16731 8.68369 4.00667
28 50 29 34 2.58971 9.59169 3.70377
28 50 30 35 0.884465 7.43327 8.40426
28 50 31 36 0.429256 5.93733 13.8317
28 50 32 37 0.279932 5.48765 19.6035
28 50 33 38 0.194509 4.90779 25.2317
28 50 34 39 0.152751 4.60687 30.1593
28 50 35 40 0.127231 4.30454 33.8325
28 50 36 41 0.117898 4.22048 35.7978
28 50 37 42 0.118251 4.23313 35.7978
28 50 38 43 0.134145 4.53845 33.8325
28 50 39 44 0.147841 4.45879 30.1593
28 50 40 45 0.184708 4.66049 25.2317
28 50 41 46 0.264147 5.17821 19.6035
28 50 42 47 0.410364 5.67601 13.8317
28 50 43 48 0.803307 6.7512 8.40426
28 50 44 49 2.34236 8.67556 3.70377
29 41 30 33 2.46933 9.89379 4.00667
29 41 31 34 0.76286 6.99007 9.16298
29 41 32 35 0.440836 6.23218 14.1372
29 41 33 36 0.326457 5.63071 17.248
29 41 34 37 0.3347 5.7729 17.248
29 41 35 38 0.385553 5.45062 14.1372
29 41 36 39 0.78105 7.15675 9.16298
29 41 37 40 2.71097 10.862 4.00667
29 51 30 35 2.60256 9.63928 3.70377
29 51 31 36 0.823728 6.92282 8.40426
29 51 32 37 0.439382 6.07738 13.8317
29 51 33 38 0.271483 5.32202 19.6035
29 51 34 39 0.1952 4.92522 25.2317
29 51 35 40 0.147898 4.46049 30.1593
29 51 36 41 0.127116 4.30064 33.8325
29 51 37 42 0.116945 4.18637 35.7978
29 51 38 43 0.123886 4.43483 35.7978
29 51 39 44 0.127838 4.32508 33.8325
29 51 40 45 0.146179 4.40865 30.1593
29 51 41 46 0.188763 4.76281 25.2317
29 51 42 47 0.25636 5.02556 19.6035
29 51 43 48 0.408865 5.65529 13.8317
29 51 44 49 0.784925 6.59671 8.40426
29 51 45 50 1.98386 7.34777 3.70377
30 42 31 34 2.18824 8.76755 4.00667
30 42 32 35 0.769853 7.05414 9.16298
30 42 33 36 0.422956 5.9794 14.1372
30 42 34 37 0.331042 5.70979 17.248
30 42 35 38 0.284156 4.90111 17.248
30 42 36 39 0.38707 5.47207 14.1372
30 42 37 40 0.777663 7.12571 9.16298
30 42 38 41 2.32017 9.29617 4.00667
30 52 31 36 2.32581 8.61426 3.70377
30 52 32 37 0.825563 6.93825 8.40426
30 52 33 38 0.427027 5.90649 13.8317
30 52 34 39 0.276464 5.41967 19.6035
30 52 35 40 0.187951 4.74233 25.2317
30 52 36 41 0.14898 4.49314 30.1593
30 52 37 42 0.125082 4.23183 33.8325
30 52 38 43 0.1238 4.43177 35.7978
30 52 39 44 0.119869 4.29105 35.7978
30 52 40 45 0.12661 4.28354 33.8325
30 52 41 46 0.15016 4.52872 30.1593
30 52 42 47 0.184202 4.64774 25.2317
30 52 43 48 0.257224 5.04251 19.6035
30 52 44 49 0.40745 5.63571 13.8317
30 52 45 50 0.718097 6.03507 8.40426
30 52 46 51 2.60311 9.64132 3.70377
31 43 32 35 1.97263 7.90368 4.00667
31 43 33 36 0.708212 6.48933 9.16298
31 43 34 37 0.433619 6.13014 14.1372
31 43 35 38 0.285276 4.92042 17.248
31 43 36 39 0.279265 4.81675 17.248
31 43 37 40 0.367618 5.19707 14.1372
31 43 38 41 0.644149 5.90233 9.16298
31 43 39 42 1.91785 7.68421 4.00667
31 53 32 37 2.09752 7.76872 3.70377
31 53 33 38 0.763877 6.41982 8.40426
31 53 34 39 0.43089 5.95992 13.8317
31 53 35 40 0.258327 5.06412 19.6035
31 53 36 41 0.18757 4.73271 25.2317
31 53 37 42 0.14277 4.30583 30.1593
31 53 38 43 0.131763 4.45786 33.8325
31 53 39 44 0.119631 4.28252 35.7978
31 53 40 45 0.116883 4.18416 35.7978
31 53 41 46 0.128005 4.33072 33.8325
31 53 42 47 0.143111 4.31614 30.1593
31 53 43 48 0.179015 4.51684 25.2317
31 53 44 49 0.247536 4.85259 19.6035
31 53 45 50 0.355071 4.91122 13.8317
31 53 46 51 0.746489 6.27369 8.40426
31 53 47 52 2.14195 7.93328 3.70377
32 44 33 36 1.60993 6.45046 4.00667
32 44 34 37 0.720268 6.5998 9.16298
32 44 35 38 0.369925 5.22969 14.1372
32 44 36 39 0.287418 4.95738 17.248
32 44 37 40 0.286 4.93291 17.248
32 44 38 41 0.391227 5.53084 14.1372
32 44 39 42 0.756457 6.9314 9.16298
32 44 40 43 2.388 9.56794 4.00667
32 54 33 38 1.72262 6.38019 3.70377
32 54 34 39 0.753992 6.33674 8.40426
32 54 35 40 0.379483 5.24889 13.8317
32 54 36 41 0.249322 4.8876 19.6035
32 54 37 42 0.171324 4.3228 25.2317
32 54 38 43 0.147711 4.45487 30.1593
32 54 39 44 0.126437 4.2777 33.8325
32 54 40 45 0.11541 4.13144 35.7978
32 54 41 46 0.118201 4.23132 35.7978
32 54 42 47 0.122612 4.14828 33.8325
32 54 43 48 0.141138 4.25663 30.1593
32 54 44 49 0.178759 4.5104 25.2317
32 54 45 50 0.228089 4.47136 19.6035
32 54 46 51 0.377356 5.21946 13.8317
32 54 47 52 0.723238 6.07828 8.40426
32 54 48 53 2.24875 8.32887 3.70377
33 45 34 37 2.57604 10.3213 4.00667
33 45 35 38 0.74754 6.84969 9.16298
33 45 36 39 0.417362 5.90031 14.1372
33 45 37 40 0.287152 4.95279 17.248
33 45 38 41 0.30064 5.18542 17.248
33 45 39 42 0.422421 5.97184 14.1372
33 45 40 43 0.782225 7.16751 9.16298
33 45 41 44 2.04351 8.18767 4.00667
33 55 34 39 2.67455 9.90594 3.70377
33 55 35 40 0.805762 6.77183 8.40426
33 55 36 41 0.428443 5.92608 13.8317
33 55 37 42 0.245104 4.8049 19.6035
33 55 38 43 0.19066 4.81068 25.2317
33 55 39 44 0.150503 4.53905 30.1593
33 55 40 45 0.126597 4.28311 33.8325
33 55 41 46 0.120558 4.31572 35.7978
33 55 42 47 0.115841 4.14684 35.7978
33 55 43 48 0.123499 4.17829 33.8325
33 55 44 49 0.145352 4.38371 30.1593
33 55 45 50 0.170643 4.30561 25.2317
33 55 46 51 0.243407 4.77165 19.6035
33 55 47 52 0.379677 5.25157 13.8317
33 55 48 53 0.754234 6.33878 8.40426
33 55 49 54 2.13021 7.88981 3.70377
34 46 35 38 2.14168 8.58099 4.00667
34 46 36 39 0.806227 7.38744 9.16298
34 46 37 40 0.381053 5.38702 14.1372
34 46 38 41 0.304042 5.2441 17.248
34 46 39 42 0.316254 5.45474 17.248
34 46 40 43 0.411768 5.82124 14.1372
34 46 41 44 0.6659 6.10163 9.16298
34 46 42 45 2.1937 8.78944 4.00667
34 56 35 40 2.26995 8.40739 3.70377
34 56 36 41 0.868915 7.30259 8.40426
34 56 37 42 0.392975 5.43551 13.8317
34 56 38 43 0.270623 5.30517 19.6035
34 56 39 44 0.194947 4.91883 25.2317
34 56 40 45 0.150158 4.52867 30.1593
34 56 41 46 0.132735 4.49077 33.8325
34 56 42 47 0.118025 4.22502 35.7978
34 56 43 48 0.116827 4.18215 35.7978
34 56 44 49 0.129134 4.36894 33.8325
34 56 45 50 0.141681 4.27301 30.1593
34 56 46 51 0.182865 4.614 25.2317
34 56 47 52 0.253712 4.97366 19.6035
34 56 48 53 0.413321 5.71691 13.8317
34 56 49 54 0.794844 6.68008 8.40426
34 56 50 55 2.1112 7.81939 3.70377
35 47 36 39 2.74157 10.9845 4.00667
35 47 37 40 0.719338 6.59128 9.16298
35 47 38 41 0.423963 5.99363 14.1372
35 47 39 42 0.330533 5.70102 17.248
35 47 40 43 0.318832 5.49921 17.248
35 47 41 44 0.381953 5.39973 14.1372
35 47 42 45 0.707444 6.4823 9.16298
35 47 43 46 2.33817 9.36829 4.00667
35 57 36 41 2.87919 10.6639 3.70377
35 57 37 42 0.783668 6.58615 8.40426
35 57 38 43 0.443194 6.13011 13.8317
35 57 39 44 0.281779 5.52387 19.6035
35 57 40 45 0.194996 4.92007 25.2317
35 57 41 46 0.158034 4.7662 30.1593
35 57 42 47 0.128669 4.35319 33.8325
35 57 43 48 0.117297 4.19898 35.7978
35 57 44 49 0.121329 4.34332 35.7978
35 57 45 50 0.124309 4.20569 33.8325
35 57 46 51 0.146312 4.41267 30.1593
35 57 47 52 0.184526 4.65589 25.2317
35 57 48 53 0.262704 5.14993 19.6035
35 57 49 54 0.415602 5.74847 13.8317
35 57 50 55 0.749208 6.29654 8.40426
35 57 51 56 1.95955 7.25772 3.70377
36 48 37 40 1.79879 7.20717 4.00667
36 48 38 41 0.720737 6.6041 9.16298
36 48 39 42 0.427248 6.04007 14.1372
36 48 40 43 0.31566 5.44449 17.248
36 48 41 44 0.294611 5.08143 17.248
36 48 42 45 0.371831 5.25663 14.1372
36 48 43 46 0.70224 6.43461 9.16298
36 48 44 47 2.10585 8.43744 4.00667
36 58 37 42 1.92795 7.1407 3.70377
36 58 38 43 0.79038 6.64256 8.40426
36 58 39 44 0.428567 5.9278 13.8317
36 58 40 45 0.264434 5.18384 19.6035
36 58 41 46 0.196699 4.96304 25.2317
36 58 42 47 0.146949 4.43188 30.1593
36 58 43 48 0.12381 4.18881 33.8325
36 58 44 49 0.120482 4.31298 35.7978
36 58 45 50 0.115931 4.15007 35.7978
36 58 46 51 0.125955 4.26139 33.8325
36 58 47 52 0.14668 4.42375 30.1593
36 58 48 53 0.188844 4.76485 25.2317
36 58 49 54 0.263902 5.17342 19.6035
36 58 50 55 0.399964 5.53217 13.8317
36 58 51 56 0.72418 6.0862 8.40426
36 58 52 57 2.35478 8.72156 3.70377
37 49 38 41 2.08765 8.36453 4.00667
37 49 39 42 0.772622 7.07952 9.16298
37 49 40 43 0.423419 5.98595 14.1372
37 49 41 44 0.311912 5.37985 17.248
37 49 42 45 0.286181 4.93604 17.248
37 49 43 46 0.376802 5.32691 14.1372
37 49 44 47 0.689833 6.32093 9.16298
37 49 45 48 1.99732 8.00259 4.00667
37 59 38 43 2.23259 8.26901 3.70377
37 59 39 44 0.822406 6.91171 8.40426
37 59 40 45 0.419477 5.80207 13.8317
37 59 41 46 0.277689 5.44369 19.6035
37 59 42 47 0.186152 4.69694 25.2317
37 59 43 48 0.142531 4.29865 30.1593
37 59 44 49 0.129608 4.38498 33.8325
37 59 45 50 0.116537 4.17177 35.7978
37 59 46 51 0.116672 4.1766 35.7978
37 59 47 52 0.125779 4.25543 33.8325
37 59 48 53 0.147832 4.45852 30.1593
37 59 49 54 0.18661 4.70848 25.2317
37 59 50 55 0.250715 4.91491 19.6035
37 59 51 56 0.369632 5.11263 13.8317
37 59 52 57 0.749724 6.30088 8.40426
37 59 53 58 2.22953 8.25766 3.70377
38 50 39 42 1.85354 7.4265 4.00667
38 50 40 43 0.679047 6.22209 9.16298
38 50 41 44 0.400116 5.6565 14.1372
38 50 42 45 0.284587 4.90855 17.248
38 50 43 46 0.288253 4.97177 17.248
38 50 44 47 0.407507 5.76099 14.1372
38 50 45 48 0.755583 6.9234 9.16298
38 50 46 49 2.21426 8.87181 4.00667
38 60 39 44 1.95518 7.24155 3.70377
38 60 40 45 0.710539 5.97155 8.40426
38 60 41 46 0.403809 5.58535 13.8317
38 60 42 47 0.240526 4.71517 19.6035
38 60 43 48 0.167662 4.2304 25.2317
38 60 44 49 0.1434 4.32485 30.1593
38 60 45 50 0.121592 4.11377 33.8325
38 60 46 51 0.113672 4.06919 35.7978
38 60 47 52 0.114938 4.11454 35.7978
38 60 48 53 0.12563 4.25038 33.8325
38 60 49 54 0.14674 4.42559 30.1593
38 60 50 55 0.181452 4.57834 25.2317
38 60 51 56 0.236808 4.64228 19.6035
38 60 52 57 0.383755 5.30797 13.8317
38 60 53 58 0.75159 6.31656 8.40426
38 60 54 59 2.36415 8.75627 3.70377
39 51 40 43 2.21511 8.87521 4.00667
39 51 41 44 0.798447 7.31615 9.16298
39 51 42 45 0.387431 5.47717 14.1372
39 51 43 46 0.2777 4.78976 17.248
39 51 44 47 0.301575 5.20155 17.248
39 51 45 48 0.408266 5.77173 14.1372
39 51 46 49 0.725831 6.65078 9.16298
39 51 47 50 1.8594 7.45001 4.00667
39 61 40 45 2.30576 8.54002 3.70377
39 61 41 46 0.849655 7.14073 8.40426
39 61 42 47 0.392822 5.43339 13.8317
39 61 43 48 0.230687 4.52229 19.6035
39 61 44 49 0.180131 4.545 25.2317
39 61 45 50 0.14109 4.25516 30.1593
39 61 46 51 0.121577 4.11326 33.8325
39 61 47 52 0.114539 4.10025 35.7978
39 61 48 53 0.116268 4.16212 35.7978
39 61 49 54 0.126268 4.27196 33.8325
39 61 50 55 0.145321 4.38277 30.1593
39 61 51 56 0.172573 4.35432 25.2317
39 61 52 57 0.241371 4.73172 19.6035
39 61 53 58 0.376376 5.20591 13.8317
39 61 54 59 0.736553 6.19018 8.40426
39 61 55 60 2.02991 7.51831 3.70377
40 52 41 44 2.7341 10.9546 4.00667
40 52 42 45 0.780711 7.15364 9.16298
40 52 43 46 0.370943 5.24409 14.1372
40 52 44 47 0.30608 5.27926 17.248
40 52 45 48 0.30932 5.33514 17.248
40 52 46 49 0.398995 5.64066 14.1372
40 52 47 50 0.661616 6.06237 9.16298
40 52 48 51 2.48069 9.93932 4.00667
40 62 41 46 2.85633 10.5792 3.70377
40 62 42 47 0.837134 7.03549 8.40426
40 62 43 48 0.375479 5.1935 13.8317
40 62 44 49 0.259012 5.07755 19.6035
40 62 45 50 0.183796 4.63749 25.2317
40 62 46 51 0.144182 4.34843 30.1593
40 62 47 52 0.125961 4.26157 33.8325
40 62 48 53 0.118798 4.2527 35.7978
40 62 49 54 0.120666 4.31958 35.7978
40 62 50 55 0.130901 4.42872 33.8325
40 62 51 56 0.144926 4.37087 30.1593
40 62 52 57 0.185141 4.67141 25.2317
40 62 53 58 0.257121 5.04047 19.6035
40 62 54 59 0.418285 5.78558 13.8317
40 62 55 60 0.803585 6.75354 8.40426
40 62 56 61 2.19655 8.13552 3.70377
41 53 42 45 2.30022 9.2162 4.00667
41 53 43 46 0.62929 5.76617 9.16298
41 53 44 47 0.392003 5.5418 14.1372
41 53 45 48 0.299431 5.16457 17.248
41 53 46 49 0.287115 4.95215 17.248
41 53 47 50 0.346746 4.90201 14.1372
41 53 48 51 0.69287 6.34875 9.16298
41 53 49 52 2.02907 8.12981 4.00667
41 63 42 47 2.41979 8.96235 3.70377
41 63 43 48 0.680509 5.71917 8.40426
41 63 44 49 0.396118 5.47898 13.8317
41 63 45 50 0.250235 4.90549 19.6035
41 63 46 51 0.177611 4.48143 25.2317
41 63 47 52 0.143392 4.3246 30.1593
41 63 48 53 0.125484 4.24545 33.8325
41 63 49 54 0.119137 4.26485 35.7978
41 63 50 55 0.121794 4.35995 35.7978
41 63 51 56 0.125911 4.25988 33.8325
41 63 52 57 0.147945 4.46192 30.1593
41 63 53 58 0.186608 4.70842 25.2317
41 63 54 59 0.267179 5.23765 19.6035
41 63 55 60 0.426048 5.89296 13.8317
41 63 56 61 0.787777 6.62068 8.40426
41 63 57 62 1.99978 7.40674 3.70377
42 54 43 46 1.88206 7.54081 4.00667
42 54 44 47 0.745763 6.83341 9.16298
42 54 45 48 0.412856 5.83662 14.1372
42 54 46 49 0.29408 5.07227 17.248
42 54 47 50 0.271346 4.68016 17.248
42 54 48 51 0.37228 5.26299 14.1372
42 54 49 52 0.674968 6.18471 9.16298
42 54 50 53 2.16096 8.65825 4.00667
42 64 43 48 2.00162 7.41353 3.70377
42 64 44 49 0.799621 6.72022 8.40426
42 64 45 50 0.412799 5.7097 13.8317
42 64 46 51 0.253061 4.96089 19.6035
42 64 47 52 0.184065 4.64428 25.2317
42 64 48 53 0.146833 4.42839 30.1593
42 64 49 54 0.128934 4.36215 33.8325
42 64 50 55 0.123525 4.42193 35.7978
42 64 51 56 0.118888 4.25592 35.7978
42 64 52 57 0.128897 4.36092 33.8325
42 64 53 58 0.149053 4.49532 30.1593
42 64 54 59 0.193174 4.8741 25.2317
42 64 55 60 0.273187 5.35543 19.6035
42 64 56 61 0.423055 5.85156 13.8317
42 64 57 62 0.751698 6.31747 8.40426
42 64 58 63 2.4449 9.05534 3.70377
43 55 44 47 2.3845 9.55391 4.00667
43 55 45 48 0.781651 7.16225 9.16298
43 55 46 49 0.400322 5.65941 14.1372
43 55 47 50 0.284853 4.91314 17.248
43 55 48 51 0.285618 4.92633 17.248
43 55 49 52 0.376004 5.31563 14.1372
43 55 50 53 0.721586 6.61188 9.16298
43 55 51 54 2.02517 8.1142 4.00667
44 56 45 48 2.06114 8.25831 4.00667
44 56 46 49 0.666393 6.10615 9.16298
44 56 47 50 0.363277 5.13571 14.1372
44 56 48 51 0.279355 4.8183 17.248
44 56 49 52 0.288579 4.9774 17.248
44 56 50 53 0.418177 5.91184 14.1372
44 56 51 54 0.745363 6.82974 9.16298
44 56 52 55 1.98935 7.97065 4.00667
45 57 46 49 2.208 8.84673 4.00667
45 57 47 50 0.702119 6.4335 9.16298
45 57 48 51 0.370763 5.24153 14.1372
45 57 49 52 0.285627 4.92649 17.248
45 57 50 53 0.316152 5.45298 17.248
45 57 51 54 0.413735 5.84904 14.1372
45 57 52 55 0.692887 6.34891 9.16298
45 57 53 56 1.83075 7.33523 4.00667
46 58 47 50 2.3306 9.33795 4.00667
46 58 48 51 0.701191 6.425 9.16298
46 58 49 52 0.380063 5.37302 14.1372
46 58 50 53 0.318764 5.49803 17.248
46 58 51 54 0.314258 5.42031 17.248
46 58 52 55 0.393698 5.56578 14.1372
46 58 53 56 0.663504 6.07967 9.16298
46 58 54 57 2.22505 8.91504 4.00667
47 59 48 51 2.07927 8.33096 4.00667
47 59 49 52 0.67407 6.17649 9.16298
47 59 50 53 0.417218 5.89828 14.1372
47 59 51 54 0.309544 5.339 17.248
47 59 52 55 0.295145 5.09065 17.248
47 59 53 56 0.358035 5.0616 14.1372
47 59 54 57 0.690607 6.32801 9.16298
47 59 55 58 2.12113 8.49868 4.00667
48 60 49 52 1.97256 7.90338 4.00667
48 60 50 53 0.764143 7.00183 9.16298
48 60 51 54 0.413846 5.8506 14.1372
48 60 52 55 0.301389 5.19835 17.248
48 60 53 56 0.274595 4.7362 17.248
48 60 54 57 0.372979 5.27286 14.1372
48 60 55 58 0.705038 6.46025 9.16298
48 60 56 59 2.269 9.09111 4.00667
49 61 50 53 2.23696 8.96275 4.00667
49 61 51 54 0.740902 6.78887 9.16298
49 61 52 55 0.401497 5.67602 14.1372
49 61 53 56 0.275531 4.75234 17.248
49 61 54 57 0.276404 4.7674 17.248
49 61 55 58 0.373833 5.28493 14.1372
49 61 56 59 0.700006 6.41414 9.16298
49 61 57 60 1.92431 7.71006 4.00667
50 62 51 54 1.89952 7.61075 4.00667
50 62 52 55 0.680827 6.2384 9.16298
50 62 53 56 0.348917 4.9327 14.1372
50 62 54 57 0.272572 4.70131 17.248
50 62 55 58 0.291666 5.03064 17.248
50 62 56 59 0.418043 5.90994 14.1372
50 62 57 60 0.751575 6.88666 9.16298
50 62 58 61 2.07246 8.30367 4.00667
51 63 52 55 2.49896 10.0125 4.00667
51 63 53 56 0.690283 6.32504 9.16298
51 63 54 57 0.370913 5.24366 14.1372
51 63 55 58 0.292332 5.04213 17.248
51 63 56 59 0.317943 5.48387 17.248
51 63 57 60 0.423582 5.98825 14.1372
51 63 58 61 0.73131 6.70097 9.16298
51 63 59 62 1.86754 7.4826 4.00667
52 64 53 56 2.01701 8.08149 4.00667
52 64 54 57 0.666997 6.11168 9.16298
52 64 55 58 0.377335 5.33445 14.1372
52 64 56 59 0.31331 5.40395 17.248
52 64 57 60 0.319955 5.51857 17.248
52 64 58 61 0.415397 5.87254 14.1372
52 64 59 62 0.687562 6.30011 9.16298
52 64 60 63 2.30997 9.25528 4.00667
