64
# x y z
0.0 0.0 0.0
0.5 0.0 0.0
1.0 0.0 0.0
1.5 0.0 0.0
2.0 0.0 0.0
2.5 0.0 0.0
3.0 0.0 0.0
3.5 0.0 0.0
4.0 0.0 0.0
4.5 0.0 0.0
5.0 0.0 0.0
5.5 0.0 0.0
6.0 0.0 0.0
6.5 0.0 0.0
7.0 0.0 0.0
7.5 0.0 0.0
8.0 0.0 0.0
8.5 0.0 0.0
9.0 0.0 0.0
9.5 0.0 0.0
10.0 0.0 0.0
10.5 0.0 0.0
11.0 0.0 0.0
11.5 0.0 0.0
12.0 0.0 0.0
12.5 0.0 0.0
13.0 0.0 0.0
13.5 0.0 0.0
14.0 0.0 0.0
14.5 0.0 0.0
15.0 0.0 0.0
15.5 0.0 0.0
16.0 0.0 0.0
16.5 0.0 0.0
17.0 0.0 0.0
17.5 0.0 0.0
18.0 0.0 0.0
18.5 0.0 0.0
19.0 0.0 0.0
19.5 0.0 0.0
20.0 0.0 0.0
20.5 0.0 0.0
21.0 0.0 0.0
21.5 0.0 0.0
22.0 0.0 0.0
22.5 0.0 0.0
23.0 0.0 0.0
23.5 0.0 0.0
24.0 0.0 0.0
24.5 0.0 0.0
25.0 0.0 0.0
25.5 0.0 0.0
26.0 0.0 0.0
26.5 0.0 0.0
27.0 0.0 0.0
27.5 0.0 0.0
28.0 0.0 0.0
28.5 0.0 0.0
29.0 0.0 0.0
29.5 0.0 0.0
30.0 0.0 0.0
30.5 0.0 0.0
31.0 0.0 0.0
31.5 0.0 0.0
1400
# a b m n r rhoa k
1 13 2 5 1.68893 6.76698 4.00667
1 13 3 6 0.664876 6.09224 9.16298
1 13 4 7 0.393062 5.55678 14.1372
1 13 5 8 0.285384 4.9223 17.248
1 13 6 9 0.251506 4.33796 17.248
1 13 7 10 0.352049 4.97698 14.1372
1 13 8 11 0.657603 6.0256 9.16298
1 13 9 12 1.77204 7.09997 4.00667
1 23 2 7 1.81255 6.71329 3.70377
1 23 3 8 0.712307 5.98642 8.40426
1 23 4 9 0.387725 5.36289 13.8317
1 23 5 10 0.246531 4.83288 19.6035
1 23 6 11 0.172335 4.34831 25.2317
1 23 7 12 0.13311 4.0145 30.1593
1 23 8 13 0.118385 4.00527 33.8325
1 23 9 14 0.114373 4.09431 35.7978
1 23 10 15 0.108323 3.87773 35.7978
1 23 11 16 0.117978 3.9915 33.8325
1 23 12 17 0.140459 4.23616 30.1593
1 23 13 18 0.178965 4.51558 25.2317
1 23 14 19 0.259141 5.08008 19.6035
1 23 15 20 0.383635 5.30631 13.8317
1 23 16 21 0.768037 6.45479 8.40426
1 23 17 22 2.04772 7.5843 3.70377
1 57 4 16 0.449866 5.19233 11.542
1 57 5 17 0.290928 4.72904 16.255
1 57 6 18 0.202959 4.33133 21.3409
1 57 7 19 0.153224 4.09931 26.7536
1 57 8 20 0.124777 4.04773 32.4396
1 57 9 21 0.108425 4.15681 38.3381
1 57 10 22 0.09192 4.0795 44.381
1 57 11 23 0.0800736 4.04318 50.4932
1 57 12 24 0.0718035 4.0636 56.5934
1 57 13 25 0.0644866 4.03652 62.5948
1 57 14 26 0.0594303 4.06542 68.4065
1 57 15 27 0.0561023 4.14797 73.9358
1 57 16 28 0.0522456 4.13206 79.0892
1 57 17 29 0.0491604 4.11845 83.7758
1 57 18 30 0.0467957 4.11377 87.9092
1 57 19 31 0.0444286 4.06124 91.4105
1 57 20 32 0.0433795 4.08681 94.2106
1 57 21 33 0.0426438 4.1046 96.2531
1 57 22 34 0.0423749 4.13137 97.4958
1 57 23 35 0.0424435 4.15577 97.913
1 57 24 36 0.0427683 4.16973 97.4958
1 57 25 37 0.0435315 4.19004 96.2531
1 57 26 38 0.0438264 4.12891 94.2106
1 57 27 39 0.0448133 4.09641 91.4105
1 57 28 40 0.0468221 4.1161 87.9092
1 57 29 41 0.0490714 4.111 83.7758
1 57 30 42 0.0523803 4.14271 79.0892
1 57 31 43 0.0558375 4.12839 73.9358
1 57 32 44 0.059261 4.05384 68.4065
1 57 33 45 0.0651701 4.07931 62.5948
1 57 34 46 0.0722044 4.08629 56.5934
1 57 35 47 0.0803405 4.05665 50.4932
1 57 36 48 0.0920505 4.08529 44.381
1 57 37 49 0.107333 4.11494 38.3381
1 57 38 50 0.125352 4.06636 32.4396
1 57 39 51 0.157863 4.2234 26.7536
1 57 40 52 0.20481 4.37083 21.3409
1 57 41 53 0.287644 4.67566 16.255
1 57 42 54 0.431475 4.98006 11.542
2 14 3 6 1.71628 6.87655 4.00667
2 14 4 7 0.663346 6.07822 9.16298
2 14 5 8 0.371135 5.2468 14.1372
2 14 6 9 0.255047 4.39905 17.248
2 14 7 10 0.260555 4.49404 17.248
2 14 8 11 0.357996 5.06104 14.1372
2 14 9 12 0.622163 5.70086 9.16298
2 14 10 13 1.57015 6.29107 4.00667
2 24 3 8 1.81911 6.73756 3.70377
2 24 4 9 0.695887 5.84842 8.40426
2 24 5 10 0.371529 5.13887 13.8317
2 24 6 11 0.230255 4.51381 19.6035
2 24 7 12 0.161369 4.0716 25.2317
2 24 8 13 0.133029 4.01206 30.1593
2 24 9 14 0.121458 4.10925 33.8325
2 24 10 15 0.108103 3.86984 35.7978
2 24 11 16 0.109391 3.91596 35.7978
2 24 12 17 0.120983 4.09316 33.8325
2 24 13 18 0.141829 4.27746 30.1593
2 24 14 19 0.187022 4.71887 25.2317
2 24 15 20 0.248898 4.87928 19.6035
2 24 16 21 0.407403 5.63506 13.8317
2 24 17 22 0.795359 6.6844 8.40426
2 24 18 23 2.20442 8.16466 3.70377
2 58 5 17 0.431065 4.97534 11.542
2 58 6 18 0.273521 4.44609 16.255
2 58 7 19 0.193133 4.12165 21.3409
2 58 8 20 0.151034 4.04069 26.7536
2 58 9 21 0.127945 4.15047 32.4396
2 58 10 22 0.10583 4.0573 38.3381
2 58 11 23 0.0904111 4.01253 44.381
2 58 12 24 0.0799166 4.03525 50.4932
2 58 13 25 0.0707123 4.00185 56.5934
2 58 14 26 0.0644092 4.03168 62.5948
2 58 15 27 0.0602085 4.11866 68.4065
2 58 16 28 0.0555119 4.10431 73.9358
2 58 17 29 0.0517251 4.0909 79.0892
2 58 18 30 0.0487548 4.08448 83.7758
2 58 19 31 0.045857 4.03125 87.9092
2 58 20 32 0.0443856 4.05731 91.4105
2 58 21 33 0.0433411 4.08319 94.2106
2 58 22 34 0.042709 4.11087 96.2531
2 58 23 35 0.0424097 4.13477 97.4958
2 58 24 36 0.0424127 4.15275 97.913
2 58 25 37 0.042832 4.17594 97.4958
2 58 26 38 0.0427952 4.11917 96.2531
2 58 27 39 0.0434372 4.09225 94.2106
2 58 28 40 0.0449681 4.11056 91.4105
2 58 29 41 0.0466535 4.10127 87.9092
2 58 30 42 0.0492988 4.13004 83.7758
2 58 31 43 0.0520218 4.11436 79.0892
2 58 32 44 0.0547263 4.04623 73.9358
2 58 33 45 0.0594433 4.06631 68.4065
2 58 34 46 0.0649064 4.0628 62.5948
2 58 35 47 0.0711557 4.02694 56.5934
2 58 36 48 0.0800821 4.0436 50.4932
2 58 37 49 0.091402 4.05651 44.381
2 58 38 50 0.104399 4.00244 38.3381
2 58 39 51 0.126849 4.11492 32.4396
2 58 40 52 0.15732 4.20886 26.7536
2 58 41 53 0.206906 4.41557 21.3409
2 58 42 54 0.283206 4.60351 16.255
2 58 43 55 0.416559 4.8079 11.542
3 15 4 7 1.78335 7.14528 4.00667
3 15 5 8 0.646173 5.92087 9.16298
3 15 6 9 0.337823 4.77587 14.1372
3 15 7 10 0.258037 4.4506 17.248
3 15 8 11 0.278606 4.80539 17.248
3 15 9 12 0.383119 5.41621 14.1372
3 15 10 13 0.651296 5.96781 9.16298
3 15 11 14 1.67568 6.71391 4.00667
3 25 4 9 1.86328 6.90115 3.70377
3 25 5 10 0.680519 5.71926 8.40426
3 25 6 11 0.347783 4.81042 13.8317
3 25 7 12 0.212732 4.1703 19.6035
3 25 8 13 0.159453 4.02327 25.2317
3 25 9 14 0.136501 4.11679 30.1593
3 25 10 15 0.113929 3.85452 33.8325
3 25 11 16 0.107409 3.845 35.7978
3 25 12 17 0.110828 3.96739 35.7978
3 25 13 18 0.120333 4.07117 33.8325
3 25 14 19 0.145877 4.39956 30.1593
3 25 15 20 0.178094 4.49362 25.2317
3 25 16 21 0.250327 4.90729 19.6035
3 25 17 22 0.402269 5.56406 13.8317
3 25 18 23 0.77677 6.52818 8.40426
3 25 19 24 2.00285 7.41811 3.70377
3 59 6 18 0.405149 4.67621 11.542
3 59 7 19 0.256661 4.17203 16.255
3 59 8 20 0.188568 4.02422 21.3409
3 59 9 21 0.154249 4.1267 26.7536
3 59 10 22 0.123705 4.01295 32.4396
3 59 11 23 0.103146 3.95444 38.3381
3 59 12 24 0.089561 3.97481 44.381
3 59 13 25 0.0780035 3.93865 50.4932
3 59 14 26 0.070165 3.97088 56.5934
3 59 15 27 0.0649469 4.06534 62.5948
3 59 16 28 0.0592135 4.05059 68.4065
3 59 17 29 0.0546407 4.0399 73.9358
3 59 18 30 0.0510284 4.03579 79.0892
3 59 19 31 0.0475006 3.9794 83.7758
3 59 20 32 0.0456466 4.01275 87.9092
3 59 21 33 0.0441703 4.03763 91.4105
3 59 22 34 0.0431224 4.06259 94.2106
3 59 23 35 0.0424837 4.08918 96.2531
3 59 24 36 0.0421496 4.10941 97.4958
3 59 25 37 0.0422399 4.13583 97.913
3 59 26 38 0.0419351 4.08849 97.4958
3 59 27 39 0.0422346 4.06521 96.2531
3 59 28 40 0.0433623 4.08519 94.2106
3 59 29 41 0.0446286 4.07952 91.4105
3 59 30 42 0.0467063 4.10592 87.9092
3 59 31 43 0.0488462 4.09213 83.7758
3 59 32 44 0.0509404 4.02884 79.0892
3 59 33 45 0.0547585 4.04861 73.9358
3 59 34 46 0.0590438 4.03898 68.4065
3 59 35 47 0.0638309 3.99548 62.5948
3 59 36 48 0.0707658 4.00488 56.5934
3 59 37 49 0.079329 4.00558 50.4932
3 59 38 50 0.0889885 3.9494 44.381
3 59 39 51 0.105169 4.03197 38.3381
3 59 40 52 0.125941 4.08548 32.4396
3 59 41 53 0.1579 4.22439 26.7536
3 59 42 54 0.20282 4.32838 21.3409
3 59 43 55 0.271982 4.42107 16.255
3 59 44 56 0.406332 4.68986 11.542
4 16 5 8 1.86379 7.46758 4.00667
4 16 6 9 0.631459 5.78605 9.16298
4 16 7 10 0.334861 4.73399 14.1372
4 16 8 11 0.267926 4.62118 17.248
4 16 9 12 0.289932 5.00073 17.248
4 16 10 13 0.374194 5.29004 14.1372
4 16 11 14 0.620535 5.68595 9.16298
4 16 12 15 1.5843 6.34776 4.00667
4 26 5 10 1.95249 7.23157 3.70377
4 26 6 11 0.684402 5.75189 8.40426
4 26 7 12 0.336132 4.64927 13.8317
4 26 8 13 0.218429 4.28199 19.6035
4 26 9 14 0.171414 4.32507 25.2317
4 26 10 15 0.1323 3.99008 30.1593
4 26 11 16 0.115658 3.91299 33.8325
4 26 12 17 0.110936 3.97125 35.7978
4 26 13 18 0.111863 4.00446 35.7978
4 26 14 19 0.125763 4.25487 33.8325
4 26 15 20 0.142907 4.30999 30.1593
4 26 16 21 0.178821 4.51195 25.2317
4 26 17 22 0.249946 4.89983 19.6035
4 26 18 23 0.391471 5.4147 13.8317
4 26 19 24 0.701583 5.89628 8.40426
4 26 20 25 1.7699 6.55531 3.70377
4 60 7 19 0.39633 4.57442 11.542
4 60 8 20 0.2609 4.24094 16.255
4 60 9 21 0.2012 4.29379 21.3409
4 60 10 22 0.153928 4.11813 26.7536
4 60 11 23 0.123887 4.01884 32.4396
4 60 12 24 0.104837 4.01924 38.3381
4 60 13 25 0.0892834 3.96249 44.381
4 60 14 26 0.0788546 3.98162 50.4932
4 60 15 27 0.0720106 4.07532 56.5934
4 60 16 28 0.0646509 4.04681 62.5948
4 60 17 29 0.0589883 4.03519 68.4065
4 60 18 30 0.0544694 4.02723 73.9358
4 60 19 31 0.0501222 3.96412 79.0892
4 60 20 32 0.0477176 3.99758 83.7758
4 60 21 33 0.0457845 4.02488 87.9092
4 60 22 34 0.0443288 4.05211 91.4105
4 60 23 35 0.0433246 4.08164 94.2106
4 60 24 36 0.0426277 4.10305 96.2531
4 60 25 37 0.0423576 4.12968 97.4958
4 60 26 38 0.0417622 4.08906 97.913
4 60 27 39 0.0417508 4.07053 97.4958
4 60 28 40 0.0424685 4.08773 96.2531
4 60 29 41 0.0433394 4.08303 94.2106
4 60 30 42 0.0449312 4.10719 91.4105
4 60 31 43 0.0465262 4.09008 87.9092
4 60 32 44 0.0481257 4.03177 83.7758
4 60 33 45 0.0511771 4.04756 79.0892
4 60 34 46 0.0545707 4.03473 73.9358
4 60 35 47 0.0582861 3.98715 68.4065
4 60 36 48 0.0637111 3.98798 62.5948
4 60 37 49 0.0703384 3.98069 56.5934
4 60 38 50 0.0776857 3.9226 50.4932
4 60 39 51 0.0897806 3.98455 44.381
4 60 40 52 0.104653 4.01221 38.3381
4 60 41 53 0.126574 4.106 32.4396
4 60 42 54 0.155426 4.15821 26.7536
4 60 43 55 0.196133 4.18566 21.3409
4 60 44 56 0.265657 4.31826 16.255
4 60 45 57 0.432965 4.99727 11.542
5 17 6 9 1.89687 7.60015 4.00667
5 17 7 10 0.612507 5.61239 9.16298
5 17 8 11 0.345219 4.88043 14.1372
5 17 9 12 0.289402 4.99159 17.248
5 17 10 13 0.288199 4.97085 17.248
5 17 11 14 0.365309 5.16444 14.1372
5 17 12 15 0.630091 5.77351 9.16298
5 17 13 16 2.03778 8.16469 4.00667
5 27 6 11 2.01203 7.45211 3.70377
5 27 7 12 0.659188 5.53999 8.40426
5 27 8 13 0.344233 4.76132 13.8317
5 27 9 14 0.240194 4.70866 19.6035
5 27 10 15 0.16852 4.25204 25.2317
5 27 11 16 0.13501 4.0718 30.1593
5 27 12 17 0.12049 4.07648 33.8325
5 27 13 18 0.112976 4.04428 35.7978
5 27 14 19 0.118541 4.24352 35.7978
5 27 15 20 0.127034 4.29788 33.8325
5 27 16 21 0.146061 4.4051 30.1593
5 27 17 22 0.185696 4.68543 25.2317
5 27 18 23 0.257645 5.05075 19.6035
5 27 19 24 0.389728 5.39058 13.8317
5 27 20 25 0.698715 5.87218 8.40426
5 27 21 26 1.89558 7.02079 3.70377
5 61 8 20 0.403239 4.65416 11.542
5 61 9 21 0.283666 4.61099 16.255
5 61 10 22 0.202471 4.32091 21.3409
5 61 11 23 0.155329 4.15561 26.7536
5 61 12 24 0.127079 4.12238 32.4396
5 61 13 25 0.105127 4.03035 38.3381
5 61 14 26 0.0908471 4.03188 44.381
5 61 15 27 0.0816315 4.12184 50.4932
5 61 16 28 0.0721112 4.08102 56.5934
5 61 17 29 0.0648524 4.05942 62.5948
5 61 18 30 0.0590722 4.04092 68.4065
5 61 19 31 0.0536872 3.96941 73.9358
5 61 20 32 0.0506162 4.0032 79.0892
5 61 21 33 0.0480832 4.0282 83.7758
5 61 22 34 0.0461066 4.05319 87.9092
5 61 23 35 0.0445765 4.07476 91.4105
5 61 24 36 0.0434909 4.0973 94.2106
5 61 25 37 0.0428509 4.12453 96.2531
5 61 26 38 0.0419269 4.0877 97.4958
5 61 27 39 0.041612 4.07435 97.913
5 61 28 40 0.0419649 4.0914 97.4958
5 61 29 41 0.0424318 4.08419 96.2531
5 61 30 42 0.0435982 4.10741 94.2106
5 61 31 43 0.044771 4.09254 91.4105
5 61 32 44 0.045934 4.03802 87.9092
5 61 33 45 0.048357 4.05115 83.7758
5 61 34 46 0.0510024 4.03374 79.0892
5 61 35 47 0.0539077 3.98571 73.9358
5 61 36 48 0.0582153 3.9823 68.4065
5 61 37 49 0.0633663 3.9664 62.5948
5 61 38 50 0.0690967 3.91042 56.5934
5 61 39 51 0.0783925 3.95829 50.4932
5 61 40 52 0.0894171 3.96842 44.381
5 61 41 53 0.105125 4.0303 38.3381
5 61 42 54 0.124624 4.04274 32.4396
5 61 43 55 0.150451 4.0251 26.7536
5 61 44 56 0.190489 4.06522 21.3409
5 61 45 57 0.273371 4.44365 16.255
5 61 46 58 0.423895 4.89257 11.542
6 18 7 10 1.71085 6.8548 4.00667
6 18 8 11 0.602727 5.52278 9.16298
6 18 9 12 0.379971 5.37172 14.1372
6 18 10 13 0.286612 4.94346 17.248
6 18 11 14 0.278403 4.80189 17.248
6 18 12 15 0.358419 5.06703 14.1372
6 18 13 16 0.740638 6.78645 9.16298
6 18 14 17 2.23728 8.96405 4.00667
6 28 7 12 1.81947 6.73888 3.70377
6 28 8 13 0.648996 5.45433 8.40426
6 28 9 14 0.381259 5.27345 13.8317
6 28 10 15 0.2365 4.63624 19.6035
6 28 11 16 0.171209 4.3199 25.2317
6 28 12 17 0.140701 4.24344 30.1593
6 28 13 18 0.121951 4.12589 33.8325
6 28 14 19 0.118887 4.25588 35.7978
6 28 15 20 0.120139 4.30072 35.7978
6 28 16 21 0.12776 4.32245 33.8325
6 28 17 22 0.149327 4.50361 30.1593
6 28 18 23 0.188625 4.75932 25.2317
6 28 19 24 0.254974 4.99839 19.6035
6 28 20 25 0.391536 5.4156 13.8317
6 28 21 26 0.738887 6.2098 8.40426
6 28 22 27 2.16932 8.03466 3.70377
6 62 9 21 0.442303 5.10504 11.542
6 62 10 22 0.285448 4.63995 16.255
6 62 11 23 0.204861 4.37193 21.3409
6 62 12 24 0.160408 4.29149 26.7536
6 62 13 25 0.127914 4.14948 32.4396
6 62 14 26 0.107562 4.12372 38.3381
6 62 15 27 0.0948323 4.20875 44.381
6 62 16 28 0.0821892 4.15 50.4932
6 62 17 29 0.0727327 4.11619 56.5934
6 62 18 30 0.0652497 4.08429 62.5948
6 62 19 31 0.0584779 4.00027 68.4065
6 62 20 32 0.0545795 4.03538 73.9358
6 62 21 33 0.0513441 4.06076 79.0892
6 62 22 34 0.0487143 4.08108 83.7758
6 62 23 35 0.0466618 4.10201 87.9092
6 62 24 36 0.0450993 4.12255 91.4105
6 62 25 37 0.0440419 4.14921 94.2106
6 62 26 38 0.0427846 4.11815 96.2531
6 62 27 39 0.0421464 4.1091 97.4958
6 62 28 40 0.0421662 4.12862 97.913
6 62 29 41 0.0423024 4.12431 97.4958
6 62 30 42 0.0430787 4.14645 96.2531
6 62 31 43 0.0438943 4.13531 94.2106
6 62 32 44 0.0447277 4.08858 91.4105
6 62 33 45 0.0466408 4.10015 87.9092
6 62 34 46 0.0487433 4.08351 83.7758
6 62 35 47 0.0510305 4.03596 79.0892
6 62 36 48 0.0545887 4.03606 73.9358
6 62 37 49 0.0587848 4.02126 68.4065
6 62 38 50 0.0634345 3.97066 62.5948
6 62 39 51 0.0710228 4.01942 56.5934
6 62 40 52 0.079693 4.02396 50.4932
6 62 41 53 0.0919165 4.07935 44.381
6 62 42 54 0.106513 4.08349 38.3381
6 62 43 55 0.125074 4.05736 32.4396
6 62 44 56 0.152445 4.07846 26.7536
6 62 45 57 0.204129 4.3563 21.3409
6 62 46 58 0.288097 4.68302 16.255
6 62 47 59 0.443811 5.12244 11.542
7 19 8 11 1.55597 6.23424 4.00667
7 19 9 12 0.642831 5.89025 9.16298
7 19 10 13 0.359834 5.08704 14.1372
7 19 11 14 0.266864 4.60285 17.248
7 19 12 15 0.258812 4.46398 17.248
7 19 13 16 0.368894 5.21512 14.1372
7 19 14 17 0.712077 6.52475 9.16298
7 19 15 18 2.12626 8.51922 4.00667
7 29 8 13 1.66108 6.15225 3.70377
7 29 9 14 0.691801 5.81407 8.40426
7 29 10 15 0.359711 4.97541 13.8317
7 29 11 16 0.231079 4.52996 19.6035
7 29 12 17 0.173945 4.38893 25.2317
7 29 13 18 0.138891 4.18885 30.1593
7 29 14 19 0.125874 4.25862 33.8325
7 29 15 20 0.120161 4.30151 35.7978
7 29 16 21 0.118784 4.25219 35.7978
7 29 17 22 0.128424 4.3449 33.8325
7 29 18 23 0.149122 4.49741 30.1593
7 29 19 24 0.183287 4.62465 25.2317
7 29 20 25 0.251765 4.93548 19.6035
7 29 21 26 0.391287 5.41215 13.8317
7 29 22 27 0.77684 6.52877 8.40426
7 29 23 28 2.20243 8.15732 3.70377
7 63 10 22 0.425645 4.91277 11.542
7 63 11 23 0.278897 4.53347 16.255
7 63 12 24 0.206423 4.40526 21.3409
7 63 13 25 0.157571 4.21558 26.7536
7 63 14 26 0.128398 4.16517 32.4396
7 63 15 27 0.110811 4.24827 38.3381
7 63 16 28 0.0940973 4.17613 44.381
7 63 17 29 0.0817475 4.1277 50.4932
7 63 18 30 0.0721801 4.08492 56.5934
7 63 19 31 0.063742 3.98992 62.5948
7 63 20 32 0.058808 4.02285 68.4065
7 63 21 33 0.0547869 4.05071 73.9358
7 63 22 34 0.0514485 4.06902 79.0892
7 63 23 35 0.0487786 4.08646 83.7758
7 63 24 36 0.0467284 4.10786 87.9092
7 63 25 37 0.0452326 4.13473 91.4105
7 63 26 38 0.0435744 4.10517 94.2106
7 63 27 39 0.0426143 4.10176 96.2531
7 63 28 40 0.0422658 4.12074 97.4958
7 63 29 41 0.0420653 4.11873 97.913
7 63 30 42 0.042474 4.14104 97.4958
7 63 31 43 0.042899 4.12916 96.2531
7 63 32 44 0.0434076 4.08946 94.2106
7 63 33 45 0.0449092 4.10517 91.4105
7 63 34 46 0.0464532 4.08366 87.9092
7 63 35 47 0.0481723 4.03567 83.7758
7 63 36 48 0.0510022 4.03372 79.0892
7 63 37 49 0.0543598 4.01913 73.9358
7 63 38 50 0.0580913 3.97382 68.4065
7 63 39 51 0.0641808 4.01738 62.5948
7 63 40 52 0.0709586 4.01579 56.5934
7 63 41 53 0.0803866 4.05898 50.4932
7 63 42 54 0.0913269 4.05318 44.381
7 63 43 55 0.104747 4.0158 38.3381
7 63 44 56 0.123779 4.01533 32.4396
7 63 45 57 0.157455 4.21249 26.7536
7 63 46 58 0.207897 4.43672 21.3409
7 63 47 59 0.291235 4.73403 16.255
7 63 48 60 0.434616 5.01631 11.542
8 20 9 12 1.69415 6.78792 4.00667
8 20 10 13 0.601181 5.50861 9.16298
8 20 11 14 0.338264 4.78209 14.1372
8 20 12 15 0.256769 4.42874 17.248
8 20 13 16 0.267452 4.61301 17.248
8 20 14 17 0.375927 5.31454 14.1372
8 20 15 18 0.699619 6.41059 9.16298
8 20 16 19 1.94013 7.77345 4.00667
8 30 9 14 1.79688 6.65522 3.70377
8 30 10 15 0.639121 5.37134 8.40426
8 30 11 16 0.342269 4.73416 13.8317
8 30 12 17 0.230166 4.51207 19.6035
8 30 13 18 0.167477 4.22572 25.2317
8 30 14 19 0.140451 4.23591 30.1593
8 30 15 20 0.126733 4.28768 33.8325
8 30 16 21 0.11701 4.18869 35.7978
8 30 17 22 0.117687 4.21293 35.7978
8 30 18 23 0.126696 4.28645 33.8325
8 30 19 24 0.143219 4.31937 30.1593
8 30 20 25 0.180231 4.54753 25.2317
8 30 21 26 0.246061 4.82366 19.6035
8 30 22 27 0.394153 5.4518 13.8317
8 30 23 28 0.776169 6.52313 8.40426
8 30 24 29 2.10834 7.80881 3.70377
8 64 11 23 0.405671 4.68223 11.542
8 64 12 24 0.275757 4.48243 16.255
8 64 13 25 0.198141 4.22851 21.3409
8 64 14 26 0.155123 4.1501 26.7536
8 64 15 27 0.130478 4.23267 32.4396
8 64 16 28 0.108228 4.14927 38.3381
8 64 17 29 0.0922229 4.09294 44.381
8 64 18 30 0.0800755 4.04327 50.4932
8 64 19 31 0.0696205 3.94006 56.5934
8 64 20 32 0.0635201 3.97602 62.5948
8 64 21 33 0.0585541 4.00548 68.4065
8 64 22 34 0.0544552 4.02619 73.9358
8 64 23 35 0.0511424 4.04481 79.0892
8 64 24 36 0.048561 4.06824 83.7758
8 64 25 37 0.046619 4.09824 87.9092
8 64 26 38 0.044625 4.0792 91.4105
8 64 27 39 0.0433133 4.08057 94.2106
8 64 28 40 0.042631 4.10336 96.2531
8 64 29 41 0.042097 4.10428 97.4958
8 64 30 42 0.0421951 4.13145 97.913
8 64 31 43 0.042285 4.12261 97.4958
8 64 32 44 0.0424818 4.089 96.2531
8 64 33 45 0.0436226 4.10971 94.2106
8 64 34 46 0.04477 4.09245 91.4105
8 64 35 47 0.0460062 4.04437 87.9092
8 64 36 48 0.0482794 4.04465 83.7758
8 64 37 49 0.0509593 4.03033 79.0892
8 64 38 50 0.0540238 3.99429 73.9358
8 64 39 51 0.0590422 4.03888 68.4065
8 64 40 52 0.0644251 4.03267 62.5948
8 64 41 53 0.0719487 4.07182 56.5934
8 64 42 54 0.0803734 4.05832 50.4932
8 64 43 55 0.0905584 4.01907 44.381
8 64 44 56 0.104654 4.01224 38.3381
8 64 45 57 0.128387 4.16483 32.4396
8 64 46 58 0.162194 4.33928 26.7536
8 64 47 59 0.214146 4.57007 21.3409
8 64 48 60 0.294591 4.78857 16.255
8 64 49 61 0.443404 5.11775 11.542
9 21 10 13 1.53158 6.13655 4.00667
9 21 11 14 0.562599 5.15508 9.16298
9 21 12 15 0.326722 4.61892 14.1372
9 21 13 16 0.256095 4.41712 17.248
9 21 14 17 0.277072 4.77892 17.248
9 21 15 18 0.395592 5.59256 14.1372
9 21 16 19 0.714984 6.55138 9.16298
9 21 17 20 1.71464 6.87 4.00667
9 31 10 15 1.6167 5.9879 3.70377
9 31 11 16 0.601555 5.05562 8.40426
9 31 12 17 0.338229 4.67827 13.8317
9 31 13 18 0.217568 4.26511 19.6035
9 31 14 19 0.16639 4.19829 25.2317
9 31 15 20 0.14121 4.2588 30.1593
9 31 16 21 0.121946 4.12576 33.8325
9 31 17 22 0.114525 4.09973 35.7978
9 31 18 23 0.114867 4.11199 35.7978
9 31 19 24 0.120318 4.07068 33.8325
9 31 20 25 0.140412 4.23472 30.1593
9 31 21 26 0.173704 4.38285 25.2317
9 31 22 27 0.239977 4.7044 19.6035
9 31 23 28 0.383513 5.30463 13.8317
9 31 24 29 0.715409 6.01248 8.40426
9 31 25 30 1.84617 6.83779 3.70377
10 22 11 14 1.80264 7.2226 4.00667
10 22 12 15 0.651192 5.96686 9.16298
10 22 13 16 0.351703 4.97209 14.1372
10 22 14 17 0.276124 4.76258 17.248
10 22 15 18 0.303469 5.23423 17.248
10 22 16 19 0.412293 5.82865 14.1372
10 22 17 20 0.666927 6.11104 9.16298
10 22 18 21 2.03884 8.16896 4.00667
10 32 11 16 1.902 7.04456 3.70377
10 32 12 17 0.709722 5.96469 8.40426
10 32 13 18 0.362031 5.0075 13.8317
10 32 14 19 0.236893 4.64395 19.6035
10 32 15 20 0.183566 4.63168 25.2317
10 32 16 21 0.145227 4.37995 30.1593
10 32 17 22 0.125846 4.25768 33.8325
10 32 18 23 0.116854 4.18312 35.7978
10 32 19 24 0.113264 4.05459 35.7978
10 32 20 25 0.123442 4.17635 33.8325
10 32 21 26 0.141311 4.26184 30.1593
10 32 22 27 0.176042 4.44183 25.2317
10 32 23 28 0.246792 4.838 19.6035
10 32 24 29 0.38282 5.29503 13.8317
10 32 25 30 0.692719 5.82179 8.40426
10 32 26 31 1.83045 6.77958 3.70377
11 23 12 15 1.88476 7.55163 4.00667
11 23 13 16 0.641054 5.87396 9.16298
11 23 14 17 0.357114 5.04858 14.1372
11 23 15 18 0.301589 5.2018 17.248
11 23 16 19 0.310195 5.35022 17.248
11 23 17 20 0.378731 5.35419 14.1372
11 23 18 21 0.712697 6.53042 9.16298
11 23 19 22 1.91558 7.67511 4.00667
11 33 12 17 2.00659 7.43195 3.70377
11 33 13 18 0.698405 5.86958 8.40426
11 33 14 19 0.369036 5.10439 13.8317
11 33 15 20 0.256173 5.0219 19.6035
11 33 16 21 0.184255 4.64905 25.2317
11 33 17 22 0.147159 4.4382 30.1593
11 33 18 23 0.126476 4.279 33.8325
11 33 19 24 0.113458 4.06156 35.7978
11 33 20 25 0.11582 4.14608 35.7978
11 33 21 26 0.123997 4.19515 33.8325
11 33 22 27 0.142342 4.29294 30.1593
11 33 23 28 0.181632 4.58288 25.2317
11 33 24 29 0.251986 4.93981 19.6035
11 33 25 30 0.388117 5.36831 13.8317
11 33 26 31 0.710442 5.97074 8.40426
11 33 27 32 1.75021 6.48237 3.70377
12 24 13 16 1.72395 6.9073 4.00667
12 24 14 17 0.601021 5.50714 9.16298
12 24 15 18 0.386369 5.46216 14.1372
12 24 16 19 0.305952 5.27704 17.248
12 24 17 20 0.293 5.05364 17.248
12 24 18 21 0.399828 5.65243 14.1372
12 24 19 22 0.732278 6.70984 9.16298
12 24 20 23 2.09226 8.38299 4.00667
12 34 13 18 1.84173 6.82135 3.70377
12 34 14 19 0.659914 5.54609 8.40426
12 34 15 20 0.390082 5.39549 13.8317
12 34 16 21 0.250552 4.91171 19.6035
12 34 17 22 0.182747 4.61102 25.2317
12 34 18 23 0.144547 4.35944 30.1593
12 34 19 24 0.119481 4.04235 33.8325
12 34 20 25 0.113849 4.07555 35.7978
12 34 21 26 0.114053 4.08285 35.7978
12 34 22 27 0.121242 4.10191 33.8325
12 34 23 28 0.142015 4.28307 30.1593
12 34 24 29 0.179943 4.54026 25.2317
12 34 25 30 0.248463 4.87076 19.6035
12 34 26 31 0.385346 5.32998 13.8317
12 34 27 32 0.688315 5.78478 8.40426
12 34 28 33 2.17955 8.07257 3.70377
13 25 14 17 1.55154 6.21653 4.00667
13 25 15 18 0.658224 6.03129 9.16298
13 25 16 19 0.390952 5.52695 14.1372
13 25 17 20 0.293492 5.06214 17.248
13 25 18 21 0.293076 5.05496 17.248
13 25 19 22 0.38795 5.48452 14.1372
13 25 20 23 0.728083 6.67141 9.16298
13 25 21 24 1.89202 7.58069 4.00667
13 35 14 19 1.67598 6.20745 3.70377
13 35 15 20 0.710796 5.97371 8.40426
13 35 16 21 0.385505 5.33218 13.8317
13 35 17 22 0.251612 4.93248 19.6035
13 35 18 23 0.180854 4.56325 25.2317
13 35 19 24 0.136334 4.11173 30.1593
13 35 20 25 0.120543 4.07826 33.8325
13 35 21 26 0.112753 4.03631 35.7978
13 35 22 27 0.111051 3.97538 35.7978
13 35 23 28 0.119659 4.04835 33.8325
13 35 24 29 0.139016 4.19262 30.1593
13 35 25 30 0.174081 4.39236 25.2317
13 35 26 31 0.237962 4.66489 19.6035
13 35 27 32 0.350956 4.85431 13.8317
13 35 28 33 0.709407 5.96204 8.40426
13 35 29 34 1.87681 6.95128 3.70377
14 26 15 18 1.69365 6.78589 4.00667
14 26 16 19 0.647691 5.93478 9.16298
14 26 17 20 0.378943 5.35718 14.1372
14 26 18 21 0.286524 4.94196 17.248
14 26 19 22 0.278687 4.80678 17.248
14 26 20 23 0.384244 5.43212 14.1372
14 26 21 24 0.65398 5.9924 9.16298
14 26 22 25 1.65017 6.61167 4.00667
14 36 15 20 1.80772 6.69538 3.70377
14 36 16 21 0.684783 5.75509 8.40426
14 36 17 22 0.380844 5.26771 13.8317
14 36 18 23 0.24416 4.7864 19.6035
14 36 19 24 0.166364 4.19765 25.2317
14 36 20 25 0.136034 4.1027 30.1593
14 36 21 26 0.11944 4.04094 33.8325
14 36 22 27 0.11015 3.94312 35.7978
14 36 23 28 0.110679 3.96205 35.7978
14 36 24 29 0.120012 4.06031 33.8325
14 36 25 30 0.139607 4.21045 30.1593
14 36 26 31 0.175751 4.43449 25.2317
14 36 27 32 0.233652 4.58041 19.6035
14 36 28 33 0.389088 5.38174 13.8317
14 36 29 34 0.784343 6.59182 8.40426
14 36 30 35 2.49807 9.2523 3.70377
15 27 16 19 1.62738 6.52038 4.00667
15 27 17 20 0.654012 5.9927 9.16298
15 27 18 21 0.372941 5.27233 14.1372
15 27 19 22 0.27084 4.67144 17.248
15 27 20 23 0.288844 4.98196 17.248
15 27 21 24 0.381847 5.39823 14.1372
15 27 22 25 0.638746 5.85282 9.16298
15 27 23 26 1.76919 7.08857 4.00667
15 37 16 21 1.71729 6.36046 3.70377
15 37 17 22 0.693376 5.82731 8.40426
15 37 18 23 0.372281 5.14927 13.8317
15 37 19 24 0.221273 4.33774 19.6035
15 37 20 25 0.163831 4.13374 25.2317
15 37 21 26 0.133573 4.02847 30.1593
15 37 22 27 0.114802 3.88406 33.8325
15 37 23 28 0.107115 3.83449 35.7978
15 37 24 29 0.107964 3.86486 35.7978
15 37 25 30 0.11619 3.931 33.8325
15 37 26 31 0.134326 4.05116 30.1593
15 37 27 32 0.161572 4.07674 25.2317
15 37 28 33 0.227029 4.45056 19.6035
15 37 29 34 0.370432 5.12369 13.8317
15 37 30 35 0.763211 6.41423 8.40426
15 37 31 36 2.11919 7.84898 3.70377
16 28 17 20 2.06054 8.25591 4.00667
16 28 18 21 0.753548 6.90474 9.16298
16 28 19 22 0.375914 5.31436 14.1372
16 28 20 23 0.290616 5.01253 17.248
16 28 21 24 0.296778 5.11882 17.248
16 28 22 25 0.380415 5.37799 14.1372
16 28 23 26 0.677928 6.21184 9.16298
16 28 24 27 2.04616 8.19829 4.00667
16 38 17 22 2.16529 8.01976 3.70377
16 38 18 23 0.801711 6.73779 8.40426
16 38 19 24 0.376264 5.20435 13.8317
16 38 20 25 0.237136 4.64871 19.6035
16 38 21 26 0.174222 4.39593 25.2317
16 38 22 27 0.137254 4.13948 30.1593
16 38 23 28 0.118062 3.99433 33.8325
16 38 24 29 0.11064 3.96068 35.7978
16 38 25 30 0.110883 3.96935 35.7978
16 38 26 31 0.11965 4.04807 33.8325
16 38 27 32 0.133926 4.03911 30.1593
16 38 28 33 0.168605 4.25419 25.2317
16 38 29 34 0.240247 4.70968 19.6035
16 38 30 35 0.39438 5.45494 13.8317
16 38 31 36 0.749694 6.30063 8.40426
16 38 32 37 1.86222 6.89726 3.70377
17 29 18 21 2.23791 8.96657 4.00667
17 29 19 22 0.702963 6.44124 9.16298
17 29 20 23 0.382496 5.4074 14.1372
17 29 21 24 0.296446 5.11308 17.248
17 29 22 25 0.29211 5.03829 17.248
17 29 23 26 0.379914 5.37091 14.1372
17 29 24 27 0.720401 6.60102 9.16298
17 29 25 28 2.08764 8.36449 4.00667
17 39 18 23 2.35231 8.71243 3.70377
17 39 19 24 0.752546 6.32459 8.40426
17 39 20 25 0.381122 5.27156 13.8317
17 39 21 26 0.246515 4.83256 19.6035
17 39 22 27 0.176381 4.4504 25.2317
17 39 23 28 0.139023 4.19284 30.1593
17 39 24 29 0.120908 4.09062 33.8325
17 39 25 30 0.112832 4.03915 35.7978
17 39 26 31 0.114116 4.08509 35.7978
17 39 27 32 0.12024 4.06802 33.8325
17 39 28 33 0.139416 4.20469 30.1593
17 39 29 34 0.180775 4.56127 25.2317
17 39 30 35 0.26076 5.11181 19.6035
17 39 31 36 0.415119 5.74179 13.8317
17 39 32 37 0.754954 6.34483 8.40426
17 39 33 38 1.84812 6.84503 3.70377
18 30 19 22 2.08642 8.3596 4.00667
18 30 20 23 0.68341 6.26207 9.16298
18 30 21 24 0.391066 5.52856 14.1372
18 30 22 25 0.294913 5.08665 17.248
18 30 23 26 0.286425 4.94024 17.248
18 30 24 27 0.386823 5.46858 14.1372
18 30 25 28 0.725126 6.64431 9.16298
18 30 26 29 1.99785 8.00474 4.00667
18 40 19 24 2.20294 8.15918 3.70377
18 40 20 25 0.731968 6.15165 8.40426
18 40 21 26 0.392555 5.42969 13.8317
18 40 22 27 0.248862 4.87858 19.6035
18 40 23 28 0.176894 4.46334 25.2317
18 40 24 29 0.141093 4.25525 30.1593
18 40 25 30 0.121439 4.1086 33.8325
18 40 26 31 0.114263 4.09037 35.7978
18 40 27 32 0.112936 4.04286 35.7978
18 40 28 33 0.120904 4.09048 33.8325
18 40 29 34 0.143327 4.32264 30.1593
18 40 30 35 0.185796 4.68795 25.2317
18 40 31 36 0.260185 5.10055 19.6035
18 40 32 37 0.401539 5.55395 13.8317
18 40 33 38 0.685931 5.76474 8.40426
18 40 34 39 1.86954 6.92435 3.70377
19 31 20 23 1.91593 7.67649 4.00667
19 31 21 24 0.703252 6.44388 9.16298
19 31 22 25 0.399786 5.65183 14.1372
19 31 23 26 0.291064 5.02027 17.248
19 31 24 27 0.286052 4.93382 17.248
19 31 25 28 0.381252 5.38983 14.1372
19 31 26 29 0.670752 6.14609 9.16298
19 31 27 30 1.73978 6.97072 4.00667
19 41 20 25 2.03427 7.53448 3.70377
19 41 21 26 0.756379 6.3568 8.40426
19 41 22 27 0.4038 5.58523 13.8317
19 41 23 28 0.252107 4.9422 19.6035
19 41 24 29 0.181897 4.58957 25.2317
19 41 25 30 0.142782 4.3062 30.1593
19 41 26 31 0.124243 4.20345 33.8325
19 41 27 32 0.115115 4.12084 35.7978
19 41 28 33 0.114292 4.09141 35.7978
19 41 29 34 0.124867 4.22458 33.8325
19 41 30 35 0.147887 4.46015 30.1593
19 41 31 36 0.187583 4.73305 25.2317
19 41 32 37 0.260231 5.10145 19.6035
19 41 33 38 0.377404 5.22012 13.8317
19 41 34 39 0.724614 6.08984 8.40426
19 41 35 40 2.21819 8.21565 3.70377
20 32 21 24 1.71766 6.88209 4.00667
20 32 22 25 0.668838 6.12855 9.16298
20 32 23 26 0.372725 5.26928 14.1372
20 32 24 27 0.283031 4.8817 17.248
20 32 25 28 0.284985 4.91541 17.248
20 32 26 29 0.377498 5.33675 14.1372
20 32 27 30 0.64506 5.91067 9.16298
20 32 28 31 1.71586 6.8749 4.00667
20 42 21 26 1.82847 6.77224 3.70377
20 42 22 27 0.712672 5.98948 8.40426
20 42 23 28 0.374678 5.18242 13.8317
20 42 24 29 0.241966 4.7434 19.6035
20 42 25 30 0.172717 4.35795 25.2317
20 42 26 31 0.138909 4.1894 30.1593
20 42 27 32 0.121142 4.09854 33.8325
20 42 28 33 0.112283 4.01947 35.7978
20 42 29 34 0.113656 4.06864 35.7978
20 42 30 35 0.123869 4.19082 33.8325
20 42 31 36 0.143488 4.32749 30.1593
20 42 32 37 0.181349 4.57575 25.2317
20 42 33 38 0.232654 4.56084 19.6035
20 42 34 39 0.36047 4.9859 13.8317
20 42 35 40 0.743084 6.24507 8.40426
20 42 36 41 2.0305 7.52051 3.70377
21 33 22 25 2.04225 8.18264 4.00667
21 33 23 26 0.712432 6.528 9.16298
21 33 24 27 0.395898 5.59688 14.1372
21 33 25 28 0.291201 5.02263 17.248
21 33 26 29 0.292889 5.05174 17.248
21 33 27 30 0.385929 5.45594 14.1372
21 33 28 31 0.658051 6.02971 9.16298
21 33 29 32 1.63173 6.53779 4.00667
21 43 22 27 2.15166 7.96924 3.70377
21 43 23 28 0.758384 6.37366 8.40426
21 43 24 29 0.400948 5.54578 13.8317
21 43 25 30 0.24587 4.81992 19.6035
21 43 26 31 0.17624 4.44683 25.2317
21 43 27 32 0.142006 4.28281 30.1593
21 43 28 33 0.122007 4.12782 33.8325
21 43 29 34 0.114111 4.08493 35.7978
21 43 30 35 0.114698 4.10594 35.7978
21 43 31 36 0.122234 4.13548 33.8325
21 43 32 37 0.14239 4.29438 30.1593
21 43 33 38 0.16583 4.18417 25.2317
21 43 34 39 0.219341 4.29986 19.6035
21 43 35 40 0.356539 4.93153 13.8317
21 43 36 41 0.665081 5.58951 8.40426
21 43 37 42 1.89783 7.02914 3.70377
22 34 23 26 1.9232 7.70561 4.00667
22 34 24 27 0.73409 6.72645 9.16298
22 34 25 28 0.390594 5.5219 14.1372
22 34 26 29 0.291043 5.0199 17.248
22 34 27 30 0.297823 5.13684 17.248
22 34 28 31 0.384323 5.43324 14.1372
22 34 29 32 0.636568 5.83286 9.16298
22 34 30 33 2.06514 8.27434 4.00667
22 44 23 28 2.03331 7.5309 3.70377
22 44 24 29 0.788675 6.62823 8.40426
22 44 25 30 0.398142 5.50698 13.8317
22 44 26 31 0.248219 4.86597 19.6035
22 44 27 32 0.18298 4.61688 25.2317
22 44 28 33 0.145422 4.38581 30.1593
22 44 29 34 0.126026 4.26377 33.8325
22 44 30 35 0.117749 4.21514 35.7978
22 44 31 36 0.116943 4.18628 35.7978
22 44 32 37 0.127878 4.32643 33.8325
22 44 33 38 0.139397 4.20411 30.1593
22 44 34 39 0.167435 4.22466 25.2317
22 44 35 40 0.237955 4.66476 19.6035
22 44 36 41 0.371953 5.14473 13.8317
22 44 37 42 0.729856 6.1339 8.40426
22 44 38 43 2.05352 7.60579 3.70377
23 35 24 27 2.07614 8.31839 4.00667
23 35 25 28 0.713212 6.53515 9.16298
23 35 26 29 0.378881 5.35631 14.1372
23 35 27 30 0.296012 5.10561 17.248
23 35 28 31 0.290381 5.00847 17.248
23 35 29 32 0.350418 4.95392 14.1372
23 35 30 33 0.66202 6.06608 9.16298
23 35 31 34 1.77083 7.09513 4.00667
23 45 24 29 2.19676 8.13631 3.70377
23 45 25 30 0.772021 6.48827 8.40426
23 45 26 31 0.389695 5.39013 13.8317
23 45 27 32 0.255448 5.00769 19.6035
23 45 28 33 0.185421 4.67848 25.2317
23 45 29 34 0.147487 4.44811 30.1593
23 45 30 35 0.12746 4.3123 33.8325
23 45 31 36 0.117168 4.19436 35.7978
23 45 32 37 0.119899 4.29213 35.7978
23 45 33 38 0.122587 4.14744 33.8325
23 45 34 39 0.135024 4.07224 30.1593
23 45 35 40 0.171575 4.32912 25.2317
23 45 36 41 0.236631 4.6388 19.6035
23 45 37 42 0.380911 5.26864 13.8317
23 45 38 43 0.716657 6.02297 8.40426
23 45 39 44 1.83328 6.79005 3.70377
24 36 25 28 1.87953 7.53065 4.00667
24 36 26 29 0.645958 5.9189 9.16298
24 36 27 30 0.385813 5.4543 14.1372
24 36 28 31 0.298527 5.14898 17.248
24 36 29 32 0.281421 4.85393 17.248
24 36 30 33 0.385948 5.45621 14.1372
24 36 31 34 0.735537 6.73971 9.16298
24 36 32 35 2.40459 9.63441 4.00667
24 46 25 30 2.0018 7.41422 3.70377
24 46 26 31 0.70338 5.91139 8.40426
24 46 27 32 0.390982 5.40793 13.8317
24 46 28 33 0.254995 4.9988 19.6035
24 46 29 34 0.184708 4.66051 25.2317
24 46 30 35 0.146727 4.42518 30.1593
24 46 31 36 0.124865 4.2245 33.8325
24 46 32 37 0.119631 4.28254 35.7978
24 46 33 38 0.115102 4.12041 35.7978
24 46 34 39 0.117428 3.97289 33.8325
24 46 35 40 0.135698 4.09255 30.1593
24 46 36 41 0.169507 4.27694 25.2317
24 46 37 42 0.238331 4.67214 19.6035
24 46 38 43 0.371077 5.13262 13.8317
24 46 39 44 0.653088 5.48872 8.40426
24 46 40 45 2.04936 7.59038 3.70377
25 37 26 29 1.64609 6.59533 4.00667
25 37 27 30 0.644373 5.90438 9.16298
25 37 28 31 0.38338 5.41991 14.1372
25 37 29 32 0.278364 4.80122 17.248
25 37 30 33 0.27232 4.69696 17.248
25 37 31 34 0.36903 5.21704 14.1372
25 37 32 35 0.729699 6.68622 9.16298
25 37 33 36 2.02222 8.10238 4.00667
25 47 26 31 1.7679 6.5479 3.70377
25 47 27 32 0.697309 5.86037 8.40426
25 47 28 33 0.389226 5.38365 13.8317
25 47 29 34 0.251376 4.92786 19.6035
25 47 30 35 0.181896 4.58955 25.2317
25 47 31 36 0.142773 4.30592 30.1593
25 47 32 37 0.128011 4.33092 33.8325
25 47 33 38 0.116331 4.16437 35.7978
25 47 34 39 0.110899 3.96995 35.7978
25 47 35 40 0.118313 4.00284 33.8325
25 47 36 41 0.136437 4.11485 30.1593
25 47 37 42 0.173666 4.38189 25.2317
25 47 38 43 0.240396 4.71261 19.6035
25 47 39 44 0.35258 4.87677 13.8317
25 47 40 45 0.732418 6.15543 8.40426
25 47 41 46 2.10297 7.78892 3.70377
26 38 27 30 1.78392 7.14757 4.00667
26 38 28 31 0.692955 6.34953 9.16298
26 38 29 32 0.379937 5.37123 14.1372
26 38 30 33 0.27857 4.80477 17.248
26 38 31 34 0.280525 4.83848 17.248
26 38 32 35 0.399227 5.64393 14.1372
26 38 33 36 0.710093 6.50656 9.16298
26 38 34 37 1.74908 7.00797 4.00667
26 48 27 32 1.89713 7.02653 3.70377
26 48 28 33 0.73856 6.20705 8.40426
26 48 29 34 0.392357 5.42695 13.8317
26 48 30 35 0.248677 4.87496 19.6035
26 48 31 36 0.176083 4.44288 25.2317
26 48 32 37 0.145983 4.40274 30.1593
26 48 33 38 0.124737 4.22018 33.8325
26 48 34 39 0.111053 3.97545 35.7978
26 48 35 40 0.109567 3.92224 35.7978
26 48 36 41 0.117267 3.96745 33.8325
26 48 37 42 0.136531 4.11767 30.1593
26 48 38 43 0.172273 4.34675 25.2317
26 48 39 44 0.223033 4.37223 19.6035
26 48 40 45 0.364356 5.03966 13.8317
26 48 41 46 0.711302 5.97797 8.40426
26 48 42 47 1.9197 7.11014 3.70377
27 39 28 31 2.0634 8.26735 4.00667
27 39 29 32 0.727033 6.66178 9.16298
27 39 30 33 0.386121 5.45866 14.1372
27 39 31 34 0.286752 4.94588 17.248
27 39 32 35 0.309432 5.33707 17.248
27 39 33 36 0.418026 5.90971 14.1372
27 39 34 37 0.701244 6.42548 9.16298
27 39 35 38 1.71559 6.8738 4.00667
27 49 28 33 2.16834 8.03106 3.70377
27 49 29 34 0.780656 6.56084 8.40426
27 49 30 35 0.399244 5.52221 13.8317
27 49 31 36 0.244179 4.78678 19.6035
27 49 32 37 0.18275 4.61108 25.2317
27 49 33 38 0.145238 4.38029 30.1593
27 49 34 39 0.120267 4.06895 33.8325
27 49 35 40 0.109593 3.92317 35.7978
27 49 36 41 0.109266 3.91149 35.7978
27 49 37 42 0.117325 3.96941 33.8325
27 49 38 43 0.137206 4.13803 30.1593
27 49 39 44 0.162235 4.09345 25.2317
27 49 40 45 0.225541 4.42141 19.6035
27 49 41 46 0.353626 4.89124 13.8317
27 49 42 47 0.643556 5.40862 8.40426
27 49 43 48 1.70688 6.32189 3.70377
28 40 29 32 2.08995 8.37374 4.00667
28 40 30 33 0.72006 6.59789 9.16298
28 40 31 34 0.379827 5.36968 14.1372
28 40 32 35 0.304505 5.2521 17.248
28 40 33 36 0.313548 5.40806 17.248
28 40 34 37 0.398299 5.63083 14.1372
28 40 35 38 0.62427 5.72017 9.16298
28 40 36 39 1.7417 6.9784 4.00667
28 50 29 34 2.20733 8.17543 3.70377
28 50 30 35 0.782481 6.57617 8.40426
28 50 31 36 0.388475 5.37327 13.8317
28 50 32 37 0.255244 5.00368 19.6035
28 50 33 38 0.186273 4.69997 25.2317
28 50 34 39 0.142776 4.30601 30.1593
28 50 35 40 0.120084 4.06276 33.8325
28 50 36 41 0.111908 4.00607 35.7978
28 50 37 42 0.111729 3.99965 35.7978
28 50 38 43 0.123043 4.16284 33.8325
28 50 39 44 0.136635 4.12081 30.1593
28 50 40 45 0.172093 4.3422 25.2317
28 50 41 46 0.238742 4.68018 19.6035
28 50 42 47 0.361991 5.00694 13.8317
28 50 43 48 0.676647 5.68672 8.40426
28 50 44 49 1.92269 7.12121 3.70377
29 41 30 33 1.98765 7.96387 4.00667
29 41 31 34 0.663852 6.08286 9.16298
29 41 32 35 0.390094 5.51482 14.1372
29 41 33 36 0.310445 5.35454 17.248
29 41 34 37 0.307065 5.29624 17.248
29 41 35 38 0.364139 5.14789 14.1372
29 41 36 39 0.663691 6.08138 9.16298
29 41 37 40 2.09518 8.39468 4.00667
29 51 30 35 2.1146 7.832 3.70377
29 51 31 36 0.71999 6.05098 8.40426
29 51 32 37 0.391759 5.41869 13.8317
29 51 33 38 0.257043 5.03896 19.6035
29 51 34 39 0.180447 4.55298 25.2317
29 51 35 40 0.139095 4.19502 30.1593
29 51 36 41 0.120637 4.08145 33.8325
29 51 37 42 0.111292 3.98401 35.7978
29 51 38 43 0.115152 4.12218 35.7978
29 51 39 44 0.120473 4.07591 33.8325
29 51 40 45 0.139276 4.20048 30.1593
29 51 41 46 0.175489 4.42787 25.2317
29 51 42 47 0.235068 4.60816 19.6035
29 51 43 48 0.366434 5.06839 13.8317
29 51 44 49 0.69685 5.85651 8.40426
29 51 45 50 1.72227 6.3789 3.70377
30 42 31 34 1.72827 6.9246 4.00667
30 42 32 35 0.65143 5.96904 9.16298
30 42 33 36 0.392149 5.54387 14.1372
30 42 34 37 0.299765 5.17034 17.248
30 42 35 38 0.268836 4.63688 17.248
30 42 36 39 0.350813 4.9595 14.1372
30 42 37 40 0.687836 6.30263 9.16298
30 42 38 41 1.93399 7.74886 4.00667
30 52 31 36 1.84874 6.8473 3.70377
30 52 32 37 0.701909 5.89903 8.40426
30 52 33 38 0.393189 5.43847 13.8317
30 52 34 39 0.24846 4.8707 19.6035
30 52 35 40 0.173106 4.36775 25.2317
30 52 36 41 0.139385 4.20374 30.1593
30 52 37 42 0.118301 4.00243 33.8325
30 52 38 43 0.114808 4.10988 35.7978
30 52 39 44 0.113437 4.0608 35.7978
30 52 40 45 0.121528 4.1116 33.8325
30 52 41 46 0.141167 4.25748 30.1593
30 52 42 47 0.172023 4.34042 25.2317
30 52 43 48 0.23801 4.66584 19.6035
30 52 44 49 0.377725 5.22457 13.8317
30 52 45 50 0.66462 5.58564 8.40426
30 52 46 51 2.05162 7.59874 3.70377
31 43 32 35 1.73154 6.93771 4.00667
31 43 33 36 0.666857 6.1104 9.16298
31 43 34 37 0.388655 5.49449 14.1372
31 43 35 38 0.267209 4.60881 17.248
31 43 36 39 0.257847 4.44733 17.248
31 43 37 40 0.346019 4.89173 14.1372
31 43 38 41 0.626786 5.74322 9.16298
31 43 39 42 1.81215 7.2607 4.00667
31 53 32 37 1.84374 6.82879 3.70377
31 53 33 38 0.715983 6.01731 8.40426
31 53 34 39 0.38441 5.31704 13.8317
31 53 35 40 0.235745 4.62144 19.6035
31 53 36 41 0.173973 4.38964 25.2317
31 53 37 42 0.134205 4.04753 30.1593
31 53 38 43 0.121547 4.11225 33.8325
31 53 39 44 0.113223 4.05314 35.7978
31 53 40 45 0.112594 4.03062 35.7978
31 53 41 46 0.12112 4.09779 33.8325
31 53 42 47 0.13534 4.08175 30.1593
31 53 43 48 0.169208 4.2694 25.2317
31 53 44 49 0.235593 4.61845 19.6035
31 53 45 50 0.341147 4.71863 13.8317
31 53 46 51 0.685329 5.75969 8.40426
31 53 47 52 1.84903 6.84839 3.70377
32 44 33 36 1.65763 6.64158 4.00667
32 44 34 37 0.659583 6.04375 9.16298
32 44 35 38 0.346248 4.89496 14.1372
32 44 36 39 0.264559 4.5631 17.248
32 44 37 40 0.264063 4.55454 17.248
32 44 38 41 0.367831 5.2001 14.1372
32 44 39 42 0.692952 6.34951 9.16298
32 44 40 43 1.94168 7.77966 4.00667
32 54 33 38 1.76281 6.52904 3.70377
32 54 34 39 0.690996 5.80731 8.40426
32 54 35 40 0.350386 4.84643 13.8317
32 54 36 41 0.232908 4.56582 19.6035
32 54 37 42 0.161679 4.07944 25.2317
32 54 38 43 0.136049 4.10314 30.1593
32 54 39 44 0.119741 4.05114 33.8325
32 54 40 45 0.111341 3.98578 35.7978
32 54 41 46 0.111988 4.00893 35.7978
32 54 42 47 0.116398 3.93804 33.8325
32 54 43 48 0.134294 4.0502 30.1593
32 54 44 49 0.170603 4.3046 25.2317
32 54 45 50 0.218508 4.28352 19.6035
32 54 46 51 0.352121 4.87042 13.8317
32 54 47 52 0.663391 5.57531 8.40426
32 54 48 53 1.84269 6.8249 3.70377
33 45 34 37 2.0946 8.39236 4.00667
33 45 35 38 0.663802 6.08241 9.16298
33 45 36 39 0.376334 5.3203 14.1372
33 45 37 40 0.262941 4.5352 17.248
33 45 38 41 0.276318 4.76592 17.248
33 45 39 42 0.387123 5.47283 14.1372
33 45 40 43 0.668093 6.12172 9.16298
33 45 41 44 1.71858 6.88579 4.00667
33 55 34 39 2.18551 8.09462 3.70377
33 55 35 40 0.710476 5.97103 8.40426
33 55 36 41 0.388947 5.37979 13.8317
33 55 37 42 0.227628 4.46231 19.6035
33 55 38 43 0.171682 4.33183 25.2317
33 55 39 44 0.140218 4.22886 30.1593
33 55 40 45 0.120724 4.08438 33.8325
33 55 41 46 0.113172 4.05129 35.7978
33 55 42 47 0.109572 3.92245 35.7978
33 55 43 48 0.117621 3.97941 33.8325
33 55 44 49 0.138886 4.18871 30.1593
33 55 45 50 0.162865 4.10935 25.2317
33 55 46 51 0.227279 4.45548 19.6035
33 55 47 52 0.353189 4.8852 13.8317
33 55 48 53 0.673165 5.65746 8.40426
33 55 49 54 1.75477 6.49926 3.70377
34 46 35 38 1.77145 7.09762 4.00667
34 46 36 39 0.721422 6.61038 9.16298
34 46 37 40 0.355123 5.02044 14.1372
34 46 38 41 0.276913 4.77618 17.248
34 46 39 42 0.294254 5.07528 17.248
34 46 40 43 0.371654 5.25413 14.1372
34 46 41 44 0.603823 5.53282 9.16298
34 46 42 45 1.9343 7.75011 4.00667
34 56 35 40 1.88003 6.96322 3.70377
34 56 36 41 0.780911 6.56298 8.40426
34 56 37 42 0.369039 5.10442 13.8317
34 56 38 43 0.24261 4.75601 19.6035
34 56 39 44 0.181253 4.57331 25.2317
34 56 40 45 0.143184 4.31833 30.1593
34 56 41 46 0.124443 4.21022 33.8325
34 56 42 47 0.111878 4.00498 35.7978
34 56 43 48 0.111905 4.00595 35.7978
34 56 44 49 0.124054 4.19705 33.8325
34 56 45 50 0.135703 4.0927 30.1593
34 56 46 51 0.171633 4.3306 25.2317
34 56 47 52 0.237228 4.65051 19.6035
34 56 48 53 0.375988 5.20055 13.8317
34 56 49 54 0.687582 5.77861 8.40426
34 56 50 55 1.77302 6.56685 3.70377
35 47 36 39 2.37267 9.50652 4.00667
35 47 37 40 0.69872 6.40235 9.16298
35 47 38 41 0.382131 5.40225 14.1372
35 47 39 42 0.306947 5.29421 17.248
35 47 40 43 0.293461 5.06161 17.248
35 47 41 44 0.351145 4.9642 14.1372
35 47 42 45 0.679807 6.22906 9.16298
35 47 43 46 1.99141 7.97894 4.00667
35 57 36 41 2.50156 9.26521 3.70377
35 57 37 42 0.761371 6.39876 8.40426
35 57 38 43 0.396299 5.48148 13.8317
35 57 39 44 0.260792 5.11245 19.6035
35 57 40 45 0.185039 4.66885 25.2317
35 57 41 46 0.147085 4.43596 30.1593
35 57 42 47 0.12154 4.112 33.8325
35 57 43 48 0.11236 4.02222 35.7978
35 57 44 49 0.116603 4.17413 35.7978
35 57 45 50 0.119179 4.03214 33.8325
35 57 46 51 0.138047 4.16339 30.1593
35 57 47 52 0.173672 4.38204 25.2317
35 57 48 53 0.242456 4.753 19.6035
35 57 49 54 0.370562 5.12549 13.8317
35 57 50 55 0.659075 5.53904 8.40426
35 57 51 56 1.70117 6.30073 3.70377
36 48 37 40 1.9769 7.92077 4.00667
36 48 38 41 0.684469 6.27177 9.16298
36 48 39 42 0.410968 5.80993 14.1372
36 48 40 43 0.300085 5.17586 17.248
36 48 41 44 0.272591 4.70163 17.248
36 48 42 45 0.358758 5.07183 14.1372
36 48 43 46 0.661777 6.06385 9.16298
36 48 44 47 1.83248 7.34215 4.00667
36 58 37 42 2.10656 7.8022 3.70377
36 58 38 43 0.748199 6.28806 8.40426
36 58 39 44 0.413333 5.71709 13.8317
36 58 40 45 0.258424 5.06602 19.6035
36 58 41 46 0.186402 4.70323 25.2317
36 58 42 47 0.140733 4.2444 30.1593
36 58 43 48 0.119914 4.057 33.8325
36 58 44 49 0.116557 4.17247 35.7978
36 58 45 50 0.111656 3.99703 35.7978
36 58 46 51 0.119594 4.04617 33.8325
36 58 47 52 0.138898 4.18908 30.1593
36 58 48 53 0.175904 4.43836 25.2317
36 58 49 54 0.239193 4.68904 19.6035
36 58 50 55 0.359674 4.9749 13.8317
36 58 51 56 0.654051 5.49682 8.40426
36 58 52 57 2.01935 7.47922 3.70377
37 49 38 41 1.72758 6.92182 4.00667
37 49 39 42 0.702493 6.43693 9.16298
37 49 40 43 0.394009 5.57017 14.1372
37 49 41 44 0.281841 4.86119 17.248
37 49 42 45 0.266084 4.58941 17.248
37 49 43 46 0.347053 4.90634 14.1372
37 49 44 47 0.61082 5.59693 9.16298
37 49 45 48 1.6121 6.45916 4.00667
37 59 38 43 1.85705 6.8781 3.70377
37 59 39 44 0.749525 6.29921 8.40426
37 59 40 45 0.396393 5.48278 13.8317
37 59 41 46 0.256085 5.02018 19.6035
37 59 42 47 0.175337 4.42405 25.2317
37 59 43 48 0.13681 4.12608 30.1593
37 59 44 49 0.124453 4.21058 33.8325
37 59 45 50 0.111865 4.00451 35.7978
37 59 46 51 0.111238 3.98207 35.7978
37 59 47 52 0.120105 4.06345 33.8325
37 59 48 53 0.139708 4.2135 30.1593
37 59 49 54 0.172945 4.3637 25.2317
37 59 50 55 0.231736 4.54285 19.6035
37 59 51 56 0.347572 4.8075 13.8317
37 59 52 57 0.722765 6.07431 8.40426
37 59 53 58 1.94121 7.1898 3.70377
38 50 39 42 1.75305 7.02389 4.00667
38 50 40 43 0.649823 5.95431 9.16298
38 50 41 44 0.368456 5.20893 14.1372
38 50 42 45 0.267221 4.60902 17.248
38 50 43 46 0.267339 4.61105 17.248
38 50 44 47 0.362603 5.12619 14.1372
38 50 45 48 0.631559 5.78696 9.16298
38 50 46 49 1.80774 7.24302 4.00667
38 60 39 44 1.85142 6.85723 3.70377
38 60 40 45 0.686262 5.76752 8.40426
38 60 41 46 0.377539 5.222 13.8317
38 60 42 47 0.229462 4.49828 19.6035
38 60 43 48 0.16242 4.09814 25.2317
38 60 44 49 0.138169 4.16707 30.1593
38 60 45 50 0.116918 3.95563 33.8325
38 60 46 51 0.108817 3.8954 35.7978
38 60 47 52 0.110257 3.94695 35.7978
38 60 48 53 0.119429 4.04059 33.8325
38 60 49 54 0.136949 4.13028 30.1593
38 60 50 55 0.168631 4.25485 25.2317
38 60 51 56 0.222938 4.37038 19.6035
38 60 52 57 0.374276 5.17686 13.8317
38 60 53 58 0.722245 6.06994 8.40426
38 60 54 59 1.92774 7.1399 3.70377
39 51 40 43 1.78819 7.16467 4.00667
39 51 41 44 0.682008 6.24922 9.16298
39 51 42 45 0.357301 5.05122 14.1372
39 51 43 46 0.26229 4.52397 17.248
39 51 44 47 0.276941 4.77666 17.248
39 51 45 48 0.362529 5.12514 14.1372
39 51 46 49 0.64174 5.88025 9.16298
39 51 47 50 1.61342 6.46442 4.00667
39 61 40 45 1.87793 6.95541 3.70377
39 61 41 46 0.73151 6.1478 8.40426
39 61 42 47 0.36186 5.00513 13.8317
39 61 43 48 0.219785 4.30857 19.6035
39 61 44 49 0.170208 4.29464 25.2317
39 61 45 50 0.133352 4.02181 30.1593
39 61 46 51 0.115135 3.89532 33.8325
39 61 47 52 0.109019 3.90265 35.7978
39 61 48 53 0.109986 3.93725 35.7978
39 61 49 54 0.117473 3.97443 33.8325
39 61 50 55 0.1345 4.05642 30.1593
39 61 51 56 0.160961 4.06133 25.2317
39 61 52 57 0.230803 4.52456 19.6035
39 61 53 58 0.364361 5.03972 13.8317
39 61 54 59 0.678817 5.70496 8.40426
39 61 55 60 1.69946 6.29441 3.70377
40 52 41 44 2.11433 8.47142 4.00667
40 52 42 45 0.69543 6.37221 9.16298
40 52 43 46 0.35404 5.00512 14.1372
40 52 44 47 0.283824 4.89539 17.248
40 52 45 48 0.282109 4.8658 17.248
40 52 46 49 0.368565 5.21046 14.1372
40 52 47 50 0.614052 5.62654 9.16298
40 52 48 51 1.94101 7.77699 4.00667
40 62 41 46 2.22846 8.25373 3.70377
40 62 42 47 0.746011 6.26967 8.40426
40 62 43 48 0.358043 4.95233 13.8317
40 62 44 49 0.242719 4.75815 19.6035
40 62 45 50 0.172024 4.34045 25.2317
40 62 46 51 0.13568 4.092 30.1593
40 62 47 52 0.119283 4.03565 33.8325
40 62 48 53 0.112028 4.01034 35.7978
40 62 49 54 0.112004 4.00949 35.7978
40 62 50 55 0.120878 4.08961 33.8325
40 62 51 56 0.134542 4.0577 30.1593
40 62 52 57 0.174141 4.39387 25.2317
40 62 53 58 0.243538 4.77421 19.6035
40 62 54 59 0.383003 5.29758 13.8317
40 62 55 60 0.690616 5.80411 8.40426
40 62 56 61 1.82925 6.77512 3.70377
41 53 42 45 1.9265 7.71885 4.00667
41 53 43 46 0.618403 5.66642 9.16298
41 53 44 47 0.371226 5.24809 14.1372
41 53 45 48 0.279612 4.82273 17.248
41 53 46 49 0.273308 4.71401 17.248
41 53 47 50 0.335594 4.74435 14.1372
41 53 48 51 0.636487 5.83212 9.16298
41 53 49 52 1.74139 6.97719 4.00667
41 63 42 47 2.03782 7.54763 3.70377
41 63 43 48 0.667224 5.60753 8.40426
41 63 44 49 0.377938 5.22751 13.8317
41 63 45 50 0.237367 4.65323 19.6035
41 63 46 51 0.169488 4.27646 25.2317
41 63 47 52 0.137416 4.14438 30.1593
41 63 48 53 0.119562 4.0451 33.8325
41 63 49 54 0.111601 3.99505 35.7978
41 63 50 55 0.113566 4.06541 35.7978
41 63 51 56 0.118136 3.99684 33.8325
41 63 52 57 0.13982 4.21688 30.1593
41 63 53 58 0.177092 4.46832 25.2317
41 63 54 59 0.246884 4.83981 19.6035
41 63 55 60 0.376331 5.20529 13.8317
41 63 56 61 0.679131 5.70759 8.40426
41 63 57 62 1.64451 6.0909 3.70377
42 54 43 46 1.78599 7.15589 4.00667
42 54 44 47 0.682472 6.25348 9.16298
42 54 45 48 0.377668 5.33915 14.1372
42 54 46 49 0.277733 4.79032 17.248
42 54 47 50 0.260297 4.4896 17.248
42 54 48 51 0.347353 4.91059 14.1372
42 54 49 52 0.615012 5.63534 9.16298
42 54 50 53 1.75394 7.02747 4.00667
42 64 43 48 1.89731 7.02719 3.70377
42 64 44 49 0.735472 6.1811 8.40426
42 64 45 50 0.380677 5.2654 13.8317
42 64 46 51 0.237768 4.66109 19.6035
42 64 47 52 0.174456 4.40183 25.2317
42 64 48 53 0.138977 4.19145 30.1593
42 64 49 54 0.120334 4.07121 33.8325
42 64 50 55 0.11533 4.12854 35.7978
42 64 51 56 0.112537 4.02857 35.7978
42 64 52 57 0.123257 4.17011 33.8325
42 64 53 58 0.143774 4.33612 30.1593
42 64 54 59 0.183339 4.62594 25.2317
42 64 55 60 0.252187 4.94376 19.6035
42 64 56 61 0.38709 5.3541 13.8317
42 64 57 62 0.678366 5.70116 8.40426
42 64 58 63 1.97726 7.32333 3.70377
43 55 44 47 1.94225 7.78194 4.00667
43 55 45 48 0.66788 6.11977 9.16298
43 55 46 49 0.365339 5.16486 14.1372
43 55 47 50 0.267021 4.60556 17.248
43 55 48 51 0.263891 4.55159 17.248
43 55 49 52 0.344395 4.86877 14.1372
43 55 50 53 0.636505 5.83228 9.16298
43 55 51 54 1.6574 6.64064 4.00667
44 56 45 48 1.73692 6.95925 4.00667
44 56 46 49 0.614628 5.63183 9.16298
44 56 47 50 0.344328 4.86783 14.1372
44 56 48 51 0.259882 4.48244 17.248
44 56 49 52 0.263432 4.54366 17.248
44 56 50 53 0.373992 5.28719 14.1372
44 56 51 54 0.641587 5.87885 9.16298
44 56 52 55 1.66122 6.65597 4.00667
45 57 46 49 1.95113 7.81754 4.00667
45 57 47 50 0.680782 6.238 9.16298
45 57 48 51 0.355898 5.0314 14.1372
45 57 49 52 0.262402 4.5259 17.248
45 57 50 53 0.285534 4.92489 17.248
45 57 51 54 0.368698 5.21235 14.1372
45 57 52 55 0.607715 5.56848 9.16298
45 57 53 56 1.5845 6.34858 4.00667
46 58 47 50 1.99059 7.97562 4.00667
46 58 48 51 0.657302 6.02285 9.16298
46 58 49 52 0.343301 4.85331 14.1372
46 58 50 53 0.28474 4.91119 17.248
46 58 51 54 0.284071 4.89965 17.248
46 58 52 55 0.354059 5.00539 14.1372
46 58 53 56 0.599256 5.49097 9.16298
46 58 54 57 1.90584 7.63608 4.00667
47 59 48 51 1.81403 7.26823 4.00667
47 59 49 52 0.592009 5.42456 9.16298
47 59 50 53 0.365041 5.16065 14.1372
47 59 51 54 0.281322 4.85222 17.248
47 59 52 55 0.271556 4.68379 17.248
47 59 53 56 0.336539 4.75771 14.1372
47 59 54 57 0.669857 6.13789 9.16298
47 59 55 58 1.8422 7.3811 4.00667
48 60 49 52 1.59104 6.37478 4.00667
48 60 50 53 0.63531 5.82133 9.16298
48 60 51 54 0.367512 5.19558 14.1372
48 60 52 55 0.275569 4.75301 17.248
48 60 53 56 0.257091 4.4343 17.248
48 60 54 57 0.364961 5.15952 14.1372
48 60 55 58 0.679702 6.2281 9.16298
48 60 56 59 1.83737 7.36172 4.00667
49 61 50 53 1.81339 7.26564 4.00667
49 61 51 54 0.650068 5.95656 9.16298
49 61 52 55 0.367432 5.19445 14.1372
49 61 53 56 0.25786 4.44756 17.248
49 61 54 57 0.264922 4.56936 17.248
49 61 55 58 0.36338 5.13716 14.1372
49 61 56 59 0.645222 5.91215 9.16298
49 61 57 60 1.59609 6.395 4.00667
50 62 51 54 1.63807 6.56318 4.00667
50 62 52 55 0.62587 5.73483 9.16298
50 62 53 56 0.331659 4.68871 14.1372
50 62 54 57 0.259281 4.47206 17.248
50 62 55 58 0.277889 4.79301 17.248
50 62 56 59 0.384246 5.43215 14.1372
50 62 57 60 0.640777 5.87142 9.16298
50 62 58 61 1.70925 6.84841 4.00667
51 63 52 55 1.95284 7.82437 4.00667
51 63 53 56 0.632055 5.79151 9.16298
51 63 54 57 0.346545 4.89917 14.1372
51 63 55 58 0.274684 4.73774 17.248
51 63 56 59 0.293282 5.05851 17.248
51 63 57 60 0.371964 5.25852 14.1372
51 63 58 61 0.623083 5.70929 9.16298
51 63 59 62 1.5254 6.11177 4.00667
52 64 53 56 1.73549 6.95352 4.00667
52 64 54 57 0.612683 5.614 9.16298
52 64 55 58 0.353911 5.0033 14.1372
52 64 56 59 0.292934 5.05251 17.248
52 64 57 60 0.29292 5.05228 17.248
52 64 58 61 0.375817 5.31298 14.1372
52 64 59 62 0.618843 5.67044 9.16298
52 64 60 63 1.85927 7.44948 4.00667
