64
# x y z
0.0 0.0 0.0
0.5 0.0 0.0
1.0 0.0 0.0
1.5 0.0 0.0
2.0 0.0 0.0
2.5 0.0 0.0
3.0 0.0 0.0
3.5 0.0 0.0
4.0 0.0 0.0
4.5 0.0 0.0
5.0 0.0 0.0
5.5 0.0 0.0
6.0 0.0 0.0
6.5 0.0 0.0
7.0 0.0 0.0
7.5 0.0 0.0
8.0 0.0 0.0
8.5 0.0 0.0
9.0 0.0 0.0
9.5 0.0 0.0
10.0 0.0 0.0
10.5 0.0 0.0
11.0 0.0 0.0
11.5 0.0 0.0
12.0 0.0 0.0
12.5 0.0 0.0
13.0 0.0 0.0
13.5 0.0 0.0
14.0 0.0 0.0
14.5 0.0 0.0
15.0 0.0 0.0
15.5 0.0 0.0
16.0 0.0 0.0
16.5 0.0 0.0
17.0 0.0 0.0
17.5 0.0 0.0
18.0 0.0 0.0
18.5 0.0 0.0
19.0 0.0 0.0
19.5 0.0 0.0
20.0 0.0 0.0
20.5 0.0 0.0
21.0 0.0 0.0
21.5 0.0 0.0
22.0 0.0 0.0
22.5 0.0 0.0
23.0 0.0 0.0
23.5 0.0 0.0
24.0 0.0 0.0
24.5 0.0 0.0
25.0 0.0 0.0
25.5 0.0 0.0
26.0 0.0 0.0
26.5 0.0 0.0
27.0 0.0 0.0
27.5 0.0 0.0
28.0 0.0 0.0
28.5 0.0 0.0
29.0 0.0 0.0
29.5 0.0 0.0
30.0 0.0 0.0
30.5 0.0 0.0
31.0 0.0 0.0
31.5 0.0 0.0
1208
# a b m n r rhoa
1 13 2 5 2.25059999 9.017408967221554
1 13 3 6 0.814045659 7.459082930836431
1 13 4 7 0.46263445 6.5403404523790085
1 13 5 8 0.332303231 5.731552725424523
1 13 6 9 0.313973036 5.4153942613805395
1 13 7 10 0.423057188 5.980830092411214
1 13 8 11 0.776766138 7.117491478702838
1 13 9 12 2.14936591 8.611797528122409
1 23 2 7 2.39061695 8.854301058302433
1 23 3 8 0.872261093 7.330709538522433
1 23 4 9 0.460422363 6.3684120909964586
1 23 5 10 0.284646443 5.580077407003417
1 23 6 11 0.199611254 5.036529087583077
1 23 7 12 0.153467963 4.628484721173024
1 23 8 13 0.135393587 4.580708442825523
1 23 9 14 0.127239117 4.554876051509904
1 23 10 15 0.123789927 4.431402757301901
1 23 11 16 0.136300651 4.611396718504216
1 23 12 17 0.162777438 4.90925187255329
1 23 13 18 0.20510489 5.175142802772671
1 23 14 19 0.295556266 5.79394853848531
1 23 15 20 0.453958252 6.279002614050737
1 23 16 21 0.870104834 7.312587775961111
1 23 17 22 2.50354014 9.272542851795901
1 55 2 9 2.44026083 8.732836257517732
1 55 5 12 0.291206064 5.635166600147575
1 55 8 15 0.109709325 4.5862002470838
1 55 11 18 0.062481495 4.316352251330972
1 55 14 21 0.041853323 4.116066609784278
1 55 17 24 0.032762552 4.122998487473665
1 55 20 27 0.028011101 4.128930315046162
1 55 23 30 0.025866011 4.120340150709651
1 55 26 33 0.026409939 4.20698545436684
1 55 29 36 0.028673869 4.226624543025366
1 55 32 39 0.032533692 4.094197634785413
1 55 35 42 0.041693318 4.1003309120978955
1 55 38 45 0.061392204 4.241101752600035
1 55 41 48 0.108784784 4.547551479874276
1 55 44 51 0.270816034 5.240596464987179
1 55 47 54 2.36620888 8.467830342596788
2 14 3 6 2.15419914 8.63116268040904
2 14 4 7 0.794953854 7.284145130702105
2 14 5 8 0.434910399 6.148400915106939
2 14 6 9 0.316132468 5.452640057419667
2 14 7 10 0.316827668 5.464630838980004
2 14 8 11 0.431138666 6.095079296028479
2 14 9 12 0.765590445 7.015088843205743
2 14 10 13 2.14197137 8.582170054737198
2 24 3 8 2.2817864 8.451217471849723
2 24 4 9 0.842979425 7.084618769790361
2 24 5 10 0.438730352 6.068375263440304
2 24 6 11 0.273898367 5.3693770890080295
2 24 7 12 0.191712721 4.837235759143114
2 24 8 13 0.155694532 4.6956364601788865
2 24 9 14 0.136122609 4.605373106081735
2 24 10 15 0.123081673 4.406048846813933
2 24 11 16 0.1250795 4.477566588935327
2 24 12 17 0.137745271 4.660271877049758
2 24 13 18 0.159062565 4.797213942385428
2 24 14 19 0.20785233 5.244465354478043
2 24 15 20 0.28665984 5.619547111920925
2 24 16 21 0.459555883 6.356427221989115
2 24 17 22 0.920931059 7.7397446162749635
2 24 18 23 2.67652794 9.913250289519628
2 56 3 10 2.3334962 8.350763152699479
2 56 6 13 0.281042242 5.4384851523867725
2 56 9 16 0.111199497 4.648494196979103
2 56 12 19 0.062491735 4.317059651931
2 56 15 22 0.042780171 4.207217510876298
2 56 18 25 0.032833789 4.1319632971518665
2 56 21 28 0.02817783 4.153506729321964
2 56 24 31 0.026085421 4.155291184808693
2 56 27 34 0.026628316 4.241771936174627
2 56 30 37 0.028532592 4.205799838986821
2 56 33 40 0.03246188 4.085160464317664
2 56 36 43 0.042172223 4.147428842165688
2 56 39 46 0.061877297 4.274612990809922
2 56 42 49 0.109038876 4.558173337161084
2 56 45 52 0.276969434 5.359671712531983
2 56 48 55 2.31447002 8.282675138294044
3 15 4 7 2.1381156 8.566721261025284
3 15 5 8 0.756070722 6.927859825336132
3 15 6 9 0.415334561 5.871654025287951
3 15 7 10 0.316516938 5.4592713804727495
3 15 8 11 0.334321623 5.76636586923225
3 15 9 12 0.45803925 6.475377342851018
3 15 10 13 0.840233222 7.699039009483738
3 15 11 14 2.30480515 9.23459109555422
3 25 4 9 2.24880223 8.329051613643863
3 25 5 10 0.806658662 6.779369612276336
3 25 6 11 0.420856956 5.8211562742237275
3 25 7 12 0.26122309 5.120896812670236
3 25 8 13 0.193468094 4.881526784808722
3 25 9 14 0.156658829 4.724718972541242
3 25 10 15 0.131449721 4.447277453338757
3 25 11 16 0.123547012 4.422706943136101
3 25 12 17 0.125849009 4.505113291538752
3 25 13 18 0.133777684 4.526038345970146
3 25 14 19 0.159848011 4.820902435665986
3 25 15 20 0.201196941 5.076538648864138
3 25 16 21 0.28294663 5.546755057995771
3 25 17 22 0.465221453 6.434791540036774
3 25 18 23 0.909229757 7.641403824884728
3 25 19 24 2.43075476 9.002962370839743
3 57 4 11 2.30273872 8.240692936748884
3 57 7 14 0.268286913 5.191655114003047
3 57 10 17 0.109423181 4.574238513808151
3 57 13 20 0.060458049 4.176568372959517
3 57 16 23 0.04238966 4.1688126920318425
3 57 19 26 0.032330255 4.068596135753952
3 57 22 29 0.027974703 4.123565127665378
3 57 25 32 0.025935582 4.131422500617605
3 57 28 35 0.026738379 4.259304481026925
3 57 31 38 0.027851739 4.105439821299901
3 57 34 41 0.032306548 4.065612731862138
3 57 37 44 0.041607139 4.091855635132083
3 57 40 47 0.061093466 4.220464307243484
3 57 43 50 0.1069732 4.471821481641099
3 57 46 53 0.27910045 5.400909281635558
3 57 49 56 2.28407438 8.173899820590625
4 16 5 8 2.15796201 8.64623925458093
4 16 6 9 0.742380728 6.802418703650041
4 16 7 10 0.408231956 5.771243312685875
4 16 8 11 0.324467355 5.596399852222732
4 16 9 12 0.340672573 5.8759067986779066
4 16 10 13 0.466307097 6.592261276133938
4 16 11 14 0.81862487 7.501042143110539
4 16 12 15 2.16407349 8.670725931378167
4 26 5 10 2.2778461 8.4366234974951
4 26 6 11 0.800823057 6.730325667086236
4 26 7 12 0.409393381 5.662595840363905
4 26 8 13 0.268120406 5.25610861006678
4 26 9 14 0.198296956 5.003367129155862
4 26 10 15 0.153340279 4.624633862455767
4 26 11 16 0.133276859 4.509094165993008
4 26 12 17 0.125879598 4.506208309382514
4 26 13 18 0.123786426 4.431277429325471
4 26 14 19 0.136653021 4.623318289309475
4 26 15 20 0.159370358 4.80649676057064
4 26 16 21 0.203000768 5.122052250789948
4 26 17 22 0.294026067 5.7639512239988635
4 26 18 23 0.480422506 6.645047551691617
4 26 19 24 0.889133365 7.472508509357584
4 26 20 25 2.44607084 9.059689645091288
4 58 5 12 2.33016313 8.338835266062523
4 58 8 15 0.271454132 5.252944382773744
4 58 11 18 0.109200733 4.564939476806845
4 58 14 21 0.060662526 4.190694071445051
4 58 17 24 0.041925053 4.123120899306756
4 58 20 27 0.032615764 4.104525973428383
4 58 23 30 0.027756889 4.091458612907481
4 58 26 33 0.026245774 4.180834702291413
4 58 29 36 0.026488581 4.219512774104394
4 58 32 39 0.027759431 4.091833312240465
4 58 35 42 0.032282991 4.062648204698032
4 58 38 45 0.042112538 4.141559118616975
4 58 41 48 0.061785559 4.268275538051588
4 58 44 51 0.108039553 4.516398443463428
4 58 47 54 0.283825224 5.492339000757223
4 58 50 57 2.29641421 8.218059737231835
5 17 6 9 2.22630989 8.920086579179285
5 17 7 10 0.7353708 6.738186883587977
5 17 8 11 0.423917559 5.992993300869542
5 17 9 12 0.335055054 5.779016057538607
5 17 10 13 0.343822141 5.930230420509648
5 17 11 14 0.451564252 6.3838392151813785
5 17 12 15 0.778761292 7.135773032054613
5 17 13 16 2.24284669 8.986344061304816
5 27 6 11 2.35937718 8.738596060656478
5 27 7 12 0.791479389 6.651799046236041
5 27 8 13 0.42724899 5.909568805592584
5 27 9 14 0.280066487 5.490294064793622
5 27 10 15 0.196471303 4.957302820385309
5 27 11 16 0.15648332 4.71942574580487
5 27 12 17 0.136573927 4.620642338685781
5 27 13 18 0.124117842 4.4431413815209835
5 27 14 19 0.126701498 4.535630492709486
5 27 15 20 0.137603071 4.655460890392245
5 27 16 21 0.16075392 4.848224007434506
5 27 17 22 0.210766187 5.317986888176526
5 27 18 23 0.306560793 6.009676203444956
5 27 19 24 0.481373923 6.658207241605243
5 27 20 25 0.902829873 7.587617531926414
5 27 21 26 2.38653812 8.839194000358399
5 59 6 13 2.4143496 8.640109067850519
5 59 9 16 0.284505447 5.50550208492381
5 59 12 19 0.111380696 4.656068894012115
5 59 15 22 0.062897706 4.345104977028056
5 59 18 25 0.042339732 4.163902521011651
5 59 21 28 0.032956397 4.147392882690629
5 59 24 31 0.02804046 4.133257930198434
5 59 27 34 0.026524727 4.225270670638481
5 59 30 37 0.026329442 4.194162641405395
5 59 33 40 0.027599064 4.06819467812062
5 59 36 43 0.032506186 4.090736146303183
5 59 39 46 0.042233458 4.15345100052215
5 59 42 49 0.061358975 4.238806223836527
5 59 45 52 0.108689397 4.543563998564291
5 59 48 55 0.278219531 5.383862502945417
5 59 51 58 2.43971099 8.73086857331414
6 18 7 10 2.10327496 8.42712635257612
6 18 8 11 0.755273283 6.92055290886588
6 18 9 12 0.441378696 6.2398443096209055
6 18 10 13 0.339326091 5.852682731449878
6 18 11 14 0.340975791 5.881136690512144
6 18 12 15 0.443996672 6.2768550733808395
6 18 13 16 0.83301641 7.632911515762585
6 18 14 17 2.45325821 9.829393352909372
6 28 7 12 2.23106675 8.263363432468077
6 28 8 13 0.813025213 6.832875766016004
6 28 9 14 0.44408261 6.142405952000348
6 28 10 15 0.275359909 5.398028483375135
6 28 11 16 0.198770194 5.015307723208489
6 28 12 17 0.159482127 4.809867634195912
6 28 13 18 0.13351829 4.517262389057073
6 28 14 19 0.125930885 4.5080442693731335
6 28 15 20 0.127442393 4.562152878055679
6 28 16 21 0.137103231 4.638550035463334
6 28 17 22 0.164148781 4.950610603059068
6 28 18 23 0.217271491 5.48212669574254
6 28 19 24 0.306093857 6.000522605751426
6 28 20 25 0.487716349 6.745933611283448
6 28 21 26 0.906404035 7.617655720808036
6 28 22 27 2.57502296 9.537298946985656
6 60 7 14 2.28730949 8.185477142800506
6 60 10 17 0.283390148 5.483919788224185
6 60 13 20 0.108671198 4.542803222228308
6 60 16 23 0.062686941 4.330544890361567
6 60 19 26 0.041885049 4.119186704436309
6 60 22 29 0.032807778 4.128689946722459
6 60 25 32 0.027905152 4.113313076796625
6 60 28 35 0.026621341 4.240660849793692
6 60 31 38 0.025669832 4.089089711265158
6 60 34 41 0.027377271 4.0355016454060175
6 60 37 44 0.032006981 4.027913767266919
6 60 40 47 0.041577384 4.088929378548487
6 60 43 50 0.060080896 4.150513855527657
6 60 46 53 0.108739691 4.545666448426478
6 60 49 56 0.277023294 5.36071396443057
6 60 52 59 2.28176194 8.165624410180774
7 19 8 11 2.15564669 8.636962533962983
7 19 9 12 0.793508026 7.270897039717904
7 19 10 13 0.44188182 6.246957057601006
7 19 11 14 0.335376594 5.784561966489859
7 19 12 15 0.330479453 5.700096276039385
7 19 13 16 0.449050837 6.348306647733978
7 19 14 17 0.82803038 7.587224629708397
7 19 15 18 2.29739904 9.204917265009938
7 29 8 13 2.28814264 8.474759538076109
7 29 9 14 0.853480192 7.172869952178822
7 29 10 15 0.437263232 6.048082537678539
7 29 11 16 0.278788999 5.465250780038723
7 29 12 17 0.203304931 5.129726797020024
7 29 13 18 0.155634089 4.6938135422451825
7 29 14 19 0.135303995 4.577677318236073
7 29 15 20 0.127534268 4.565441797745624
7 29 16 21 0.126403861 4.524975753229148
7 29 17 22 0.138559183 4.687808584309881
7 29 18 23 0.167814981 5.06118059013034
7 29 19 24 0.215334308 5.433248296694601
7 29 20 25 0.306287465 6.004318007567196
7 29 21 26 0.4800503 6.6398993195873
7 29 22 27 0.93689815 7.873936210094173
7 29 23 28 2.69275807 9.973362996925715
7 61 8 15 2.33776647 8.366044948902138
7 61 11 18 0.285477398 5.5243104357422865
7 61 14 21 0.109538805 4.57907196636443
7 61 17 24 0.062151776 4.293574573748888
7 61 20 27 0.042412007 4.171010408579435
7 61 23 30 0.032570141 4.098784553773589
7 61 26 33 0.028295235 4.170812620426993
7 61 29 36 0.026385592 4.2031070858913395
7 61 32 39 0.025616925 4.08066186221052
7 61 35 42 0.027315657 4.026419534980182
7 61 38 45 0.032415891 4.079372985447264
7 61 41 48 0.041970147 4.127555670416846
7 61 44 51 0.060645776 4.189536946440123
7 61 47 54 0.109971099 4.597143236510453
7 61 50 57 0.277762841 5.3750250350737945
7 61 53 60 2.25142402 8.057055652080571
8 20 9 12 2.09741872 8.40366233794676
8 20 10 13 0.742947354 6.807610685546929
8 20 11 14 0.427310407 6.040958559451504
8 20 12 15 0.327579593 5.650079607720113
8 20 13 16 0.336021342 5.795682553989088
8 20 14 17 0.469233304 6.633629552997312
8 20 15 18 0.847885801 7.7691594268887005
8 20 16 19 2.48032661 9.937847469132993
8 30 9 14 2.22626228 8.245568769125803
8 30 10 15 0.787570407 6.6189469428196706
8 30 11 16 0.42314832 5.852849674403932
8 30 12 17 0.276310624 5.416665861155399
8 30 13 18 0.192537318 4.8580417342212225
8 30 14 19 0.154257945 4.652310016990638
8 30 15 20 0.135849944 4.596148157579831
8 30 16 21 0.124702378 4.464066464077517
8 30 17 22 0.125834278 4.504585954657634
8 30 18 23 0.140316469 4.74726202664064
8 30 19 24 0.165403197 4.988442898324465
8 30 20 25 0.21446997 5.411439589062799
8 30 21 26 0.298639686 5.854394480113685
8 30 22 27 0.48355736 6.688407830690724
8 30 23 28 0.953542971 8.013823623451149
8 30 24 29 2.52520692 9.352791673374785
8 62 9 16 2.27589428 8.1446261163243
8 62 12 19 0.28173057 5.451805077467544
8 62 15 22 0.111618905 4.66602679116131
8 62 18 25 0.061719006 4.263677917726037
8 62 21 28 0.042322261 4.162184334865725
8 62 24 31 0.032636917 4.107187969569757
8 62 27 34 0.028500525 4.201073055544335
8 62 30 37 0.026235168 4.179145213810239
8 62 33 40 0.025478741 4.058649767520478
8 62 36 43 0.02760759 4.069451439140692
8 62 39 46 0.032692052 4.1141264254509355
8 62 42 49 0.041980625 4.128586129717229
8 62 45 52 0.06158397 4.25434934864153
8 62 48 55 0.109999987 4.598350847192022
8 62 51 58 0.290800322 5.627315033681992
8 62 54 61 2.44075179 8.734593230885611
9 21 10 13 1.99312287 7.985783400235579
9 21 11 14 0.732870609 6.715277687026644
9 21 12 15 0.422559984 5.973801036459405
9 21 13 16 0.321831625 5.5509388874902434
9 21 14 17 0.342326446 5.904432733475862
9 21 15 18 0.471153881 6.660781070669652
9 21 16 19 0.858767056 7.868864133300726
9 21 17 20 2.22052681 8.896915692446028
9 31 10 15 2.10362404 7.791344641659316
9 31 11 16 0.779129058 6.548003645991576
9 31 12 17 0.426837178 5.903872756202347
9 31 13 18 0.262528549 5.146488427990963
9 31 14 19 0.191079548 4.821259734905662
9 31 15 20 0.15620613 4.7110658923554425
9 31 16 21 0.132490443 4.48248771815015
9 31 17 22 0.12293691 4.400866654911071
9 31 18 23 0.126235067 4.518933305227575
9 31 19 24 0.137017061 4.635634685812997
9 31 20 25 0.163191698 4.921745659810981
9 31 21 26 0.206048994 5.198964141311547
9 31 22 27 0.292755315 5.739039988677001
9 31 23 28 0.479414717 6.631108142643465
9 31 24 29 0.886150683 7.4474412725368095
9 31 25 30 2.43110858 9.004272839587339
9 63 10 17 2.15979684 7.729154163091747
9 63 13 20 0.26772163 5.1807162487971645
9 63 16 23 0.109436702 4.574803734800449
9 63 19 26 0.060276414 4.164020647570256
9 63 22 29 0.041732949 4.104228424269446
9 63 25 32 0.032254883 4.059110957615268
9 63 28 35 0.028445608 4.192978105398985
9 63 31 38 0.025488647 4.060227749124713
9 63 34 41 0.025172129 4.009807843874448
9 63 37 44 0.027131442 3.9992656256073853
9 63 40 47 0.03214687 4.0455180776824875
9 63 43 50 0.041067339 4.038768984020496
9 63 46 53 0.06138901 4.240881104405065
9 63 49 56 0.109212766 4.5654424946457866
9 63 52 59 0.287353552 5.56061613697773
9 63 55 62 2.1787416 7.796950803919675
10 22 11 14 2.20083204 8.818005270161095
10 22 12 15 0.797424689 7.306785338864449
10 22 13 16 0.427266094 6.04033209917284
10 22 14 17 0.334223038 5.764665479128501
10 22 15 18 0.352089651 6.072828099534245
10 22 16 19 0.472714366 6.6828419076238195
10 22 17 20 0.788629788 7.226197849450056
10 22 18 21 2.23693684 8.96266524915618
10 32 11 16 2.32098198 8.596388978926495
10 32 12 17 0.86007543 7.2282980510627715
10 32 13 18 0.429322278 5.9382458496034065
10 32 14 19 0.272837535 5.348581028416378
10 32 15 20 0.203270277 5.128852418068419
10 32 16 21 0.157544507 4.751430391724405
10 32 17 22 0.133817333 4.527379772200692
10 32 18 23 0.126382436 4.524208786106893
10 32 19 24 0.126440861 4.526300270546458
10 32 20 25 0.139311025 4.713245306043761
10 32 21 26 0.161791479 4.879516049662339
10 32 22 27 0.20803709 5.24912716134301
10 32 23 28 0.301989213 5.920057060470776
10 32 24 29 0.476881652 6.596071612992364
10 32 25 30 0.919939564 7.731411833909423
10 32 26 31 2.6048645 9.6478252189605
11 23 12 15 2.30349174 9.229328696565391
11 23 13 16 0.765373095 7.013097269812908
11 23 14 17 0.433548352 6.129145429286241
11 23 15 18 0.349471039 6.027662385375332
11 23 16 19 0.352107963 6.0731439441716635
11 23 17 20 0.444068016 6.2778636754190895
11 23 18 21 0.807626276 7.400262261955741
11 23 19 22 2.35477296 9.434795565459343
11 33 12 17 2.44503554 9.055855129534264
11 33 13 18 0.825787807 6.9401359319490155
11 33 14 19 0.433637528 5.997932981428653
11 33 15 20 0.288920951 5.663872887689803
11 33 16 21 0.20298583 5.121675339819236
11 33 17 22 0.157035285 4.73607261801964
11 33 18 23 0.136144119 4.606100843936891
11 33 19 24 0.125329683 4.486522581259565
11 33 20 25 0.127643203 4.569341427312145
11 33 21 26 0.136580774 4.620873990061617
11 33 22 27 0.159909164 4.822746766695217
11 33 23 28 0.208999045 5.273398910762739
11 33 24 29 0.294210211 5.767561097929504
11 33 25 30 0.476422387 6.5897192091692425
11 33 26 31 0.943470298 7.929170254600823
11 33 27 32 2.39187998 8.858979033946195
12 24 13 16 2.1113089 8.459315690050579
12 24 14 17 0.754209847 6.910808667584156
12 24 15 18 0.460410308 6.508897385624176
12 24 16 19 0.349559412 6.029186639314964
12 24 17 20 0.335896579 5.7935306467971825
12 24 18 21 0.454268908 6.422075388571773
12 24 19 22 0.857061827 7.8532391565117186
12 24 20 23 2.54526617 10.198038784014951
12 34 13 18 2.24916495 8.330395045965743
12 34 14 19 0.811460971 6.819729468603474
12 34 15 20 0.459597526 6.357003214395255
12 34 16 21 0.287100641 5.628188371144685
12 34 17 22 0.200767288 5.065697777977833
12 34 18 23 0.159186443 4.800950014846945
12 34 19 24 0.134679392 4.556545414584579
12 34 20 25 0.126912755 4.543193021220382
12 34 21 26 0.125489291 4.492236190988792
12 34 22 27 0.134689689 4.556893788210545
12 34 23 28 0.160055978 4.827174572620121
12 34 24 29 0.204696761 5.164845018761023
12 34 25 30 0.29295348 5.742924723816159
12 34 26 31 0.485858301 6.720233696814151
12 34 27 32 0.888643466 7.468391270492945
12 34 28 33 2.48873065 9.217691871600215
13 25 14 17 2.1217423 8.501118869263518
13 25 15 18 0.838295825 7.681286682285402
13 25 16 19 0.468961185 6.629782561266452
13 25 17 20 0.338487388 5.838216815933482
13 25 18 21 0.339367794 5.853402023111862
13 25 19 22 0.461197284 6.520022996714858
13 25 20 23 0.856069971 7.844150801236247
13 25 21 24 2.30252523 9.225456211015034
13 35 14 19 2.25944922 8.36848564125951
13 35 15 20 0.89692257 7.537971018059674
13 35 16 21 0.467916807 6.472072798252104
13 35 17 22 0.288346789 5.6526172810137
13 35 18 23 0.206455887 5.209230738955555
13 35 19 24 0.159022373 4.79600178022287
13 35 20 25 0.138030718 4.669929273030258
13 35 21 26 0.125816719 4.503957381696157
13 35 22 27 0.123787369 4.43131118661818
13 35 23 28 0.134033136 4.534680935025243
13 35 24 29 0.156510978 4.7202598914331535
13 35 25 30 0.20170194 5.089280626592009
13 35 26 31 0.29443266 5.771921885389302
13 35 27 32 0.454466986 6.286039256961804
13 35 28 33 0.874106476 7.346218618164859
13 35 29 34 2.35087606 8.707109847102796
14 26 15 18 2.31006669 9.255672344193789
14 26 16 19 0.824910976 7.558641597695959
14 26 17 20 0.448117442 6.335111086796939
14 26 18 21 0.341224569 5.885427603422123
14 26 19 22 0.345929859 5.9665842555625686
14 26 20 23 0.480982672 6.799732329866365
14 26 21 24 0.834254083 7.644252286941929
14 26 22 25 2.30157464 9.22164751163343
14 36 15 20 2.44404679 9.052193024582069
14 36 16 21 0.877976598 7.378744132014238
14 36 17 22 0.453514276 6.272861682693517
14 36 18 23 0.288777183 5.661054526215847
14 36 19 24 0.201601239 5.086739770275116
14 36 20 25 0.161403818 4.86782446934538
14 36 21 26 0.136371291 4.613786648866289
14 36 22 27 0.124091382 4.44219417265028
14 36 23 28 0.123755276 4.430162328935356
14 36 24 29 0.133528592 4.517610931845721
14 36 25 30 0.157756629 4.757827840526307
14 36 26 31 0.209100612 5.275961617722331
14 36 27 32 0.289424199 5.673738329060942
14 36 28 33 0.467842939 6.471051080146858
14 36 29 34 0.901982173 7.580493240214134
14 36 30 35 2.64199546 9.785349843482127
15 27 16 19 2.18146349 8.740401903401958
15 27 17 20 0.7797271 7.144622710064216
15 27 18 21 0.447222583 6.322460315725145
15 27 19 22 0.339511856 5.855886798677376
15 27 20 23 0.36209252 6.245357180598203
15 27 21 24 0.479789022 6.782857500547057
15 27 22 25 0.835769918 7.658141850567087
15 27 23 26 2.23039456 8.93645249940047
15 37 16 21 2.30512998 8.537676778974841
15 37 17 22 0.838251737 7.044886047793602
15 37 18 23 0.450481457 6.230912718565108
15 37 19 24 0.278162354 5.452966320869453
15 37 20 25 0.203314018 5.129956077378229
15 37 21 26 0.158298989 4.774185032765676
15 37 22 27 0.133089707 4.502762339165113
15 37 23 28 0.12233716 4.379396945152765
15 37 24 29 0.122132031 4.372053785347828
15 37 25 30 0.13276494 4.491774647858499
15 37 26 31 0.160981992 4.855102496903526
15 37 27 32 0.203019866 5.12253412558702
15 37 28 33 0.288816446 5.6618242199345605
15 37 29 34 0.465959087 6.444994253158096
15 37 30 35 0.913228677 7.6750117906911175
15 37 31 36 2.34648267 8.69083773051526
16 28 17 20 2.24025086 8.975943429996105
16 28 18 21 0.835290878 7.653752417311491
16 28 19 22 0.456324273 6.451132426701778
16 28 20 23 0.363430699 6.26843803801712
16 28 21 24 0.366959688 6.329305897953586
16 28 22 25 0.481562636 6.807931377754224
16 28 23 26 0.834016802 7.6420780862231545
16 28 24 27 2.42366655 9.710829369338498
16 38 17 22 2.38134666 8.8199660141383
16 38 18 23 0.898992616 7.555368224101719
16 38 19 24 0.457482898 6.327754368975556
16 38 20 25 0.295642624 5.795641460833593
16 38 21 26 0.208216017 5.2536417917658715
16 38 22 27 0.159876826 4.821771475592192
16 38 23 28 0.134717368 4.557830238981947
16 38 24 29 0.123940614 4.4367970151665945
16 38 25 30 0.124060964 4.441105276224388
16 38 26 31 0.138529818 4.6868150918823295
16 38 27 32 0.161097677 4.858591474306379
16 38 28 33 0.207505281 5.235708722032276
16 38 29 34 0.29689164 5.820126593650046
16 38 30 35 0.485394781 6.713822439217571
16 38 31 36 0.876092983 7.362913740680478
16 38 32 37 2.42051379 8.965032148890533
17 29 18 21 2.43664531 9.762830963281193
17 29 19 22 0.822591582 7.537389040171685
17 29 20 23 0.48216242 6.8164106242908575
17 29 21 24 0.366431717 6.320199475440362
17 29 22 25 0.363624822 6.271786263691512
17 29 23 26 0.469686892 6.640042002275816
17 29 24 27 0.868026839 7.95371132652008
17 29 25 28 2.54615187 10.201587490652184
17 39 18 23 2.5833743 9.568230409510525
17 39 19 24 0.884744756 7.435625495641478
17 39 20 25 0.479174118 6.627780255677467
17 39 21 26 0.299125672 5.863921525209133
17 39 22 27 0.208012091 5.248496394348979
17 39 23 28 0.160006638 4.825686513277452
17 39 24 29 0.135484709 4.583791331195466
17 39 25 30 0.124802231 4.467640978339285
17 39 26 31 0.128545832 4.601653528436663
17 39 27 32 0.138458174 4.684391193653842
17 39 28 33 0.163174221 4.921218565908837
17 39 29 34 0.211520285 5.33701405440979
17 39 30 35 0.305936187 5.997431715889991
17 39 31 36 0.46771821 6.469325869263264
17 39 32 37 0.887430393 7.458196288871744
17 39 33 38 2.31962229 8.59135299664336
18 30 19 22 2.27748344 9.125122050033687
18 30 20 23 0.848471998 7.77453073743924
18 30 21 24 0.478455173 6.764000654559766
18 30 22 25 0.358962165 6.1913649438155405
18 30 23 26 0.349997494 6.036742659981701
18 30 24 27 0.474519203 6.708357189594391
18 30 25 28 0.88781157 8.134998392745059
18 30 26 29 2.3856492 9.558506435754905
18 40 19 24 2.41896281 8.959287671986607
18 40 20 25 0.905570552 7.610650912468733
18 40 21 26 0.474186711 6.558796067258452
18 40 22 27 0.293062086 5.745053785681391
18 40 23 28 0.204527883 5.160583941581211
18 40 24 29 0.158821789 4.789952309302924
18 40 25 30 0.134557964 4.5524371973704545
18 40 26 31 0.127983034 4.581506617702932
18 40 27 32 0.12798152 4.581452419886218
18 40 28 33 0.138913544 4.699797515694852
18 40 29 34 0.164789947 4.969947714054251
18 40 30 35 0.215755121 5.443866119449891
18 40 31 36 0.294467987 5.772614419581823
18 40 32 37 0.466657368 6.454652648407054
18 40 33 38 0.847528642 7.122851574993227
18 40 34 39 2.35943451 8.738808397927688
19 31 20 23 2.47944292 9.934306815900232
19 31 21 24 0.86411251 7.917844413765524
19 31 22 25 0.476810908 6.740755405759268
19 31 23 26 0.348295424 6.007385425271686
19 31 24 27 0.347327067 5.990683242792653
19 31 25 28 0.474451724 6.7074032277063695
19 31 26 29 0.829010582 7.59620619963158
19 31 27 30 2.29478696 9.194451525331736
19 41 20 25 2.62016223 9.704484528988662
19 41 21 26 0.921934739 7.748179804555939
19 41 22 27 0.474536228 6.563630472508244
19 41 23 28 0.293166619 5.747103002335703
19 41 24 29 0.206036452 5.198647685467747
19 41 25 30 0.158981342 4.794764314416444
19 41 26 31 0.139022494 4.703483570521406
19 41 27 32 0.128829783 4.611818339700657
19 41 28 33 0.128873731 4.613391579891499
19 41 29 34 0.140435998 4.751305995868389
19 41 30 35 0.167904062 5.0638672097960145
19 41 31 36 0.208804511 5.268490489369205
19 41 32 37 0.293948842 5.762437340764581
19 41 33 38 0.449873307 6.222500985937909
19 41 34 39 0.860480557 7.231702843947662
19 41 35 40 2.55610588 9.467234388351956
20 32 21 24 2.24104574 8.979128250964608
20 32 22 25 0.80388404 7.365972233672744
20 32 23 26 0.449598043 6.3560425903071796
20 32 24 27 0.341364374 5.887838954423336
20 32 25 28 0.351382764 6.060635741069283
20 32 26 29 0.473470252 6.693527994194301
20 32 27 30 0.860164868 7.881672254705767
20 32 28 31 2.45579798 9.839569370360024
20 42 21 26 2.372173 8.78598886550037
20 42 22 27 0.854782491 7.183814812356494
20 42 23 28 0.450389856 6.229645723382367
20 42 24 29 0.283671867 5.560972269199156
20 42 25 30 0.198883755 5.018173059046291
20 42 26 31 0.159917984 4.823012771628383
20 42 27 32 0.137655295 4.65722776076638
20 42 28 33 0.127365184 4.5593889683921045
20 42 29 34 0.127878557 4.577766574574265
20 42 30 35 0.140221456 4.744047495872072
20 42 31 36 0.159854663 4.82110305525957
20 42 32 37 0.203776716 5.141630729428491
20 42 33 38 0.276136536 5.4132531204044785
20 42 34 39 0.435405107 6.022381558170333
20 42 35 40 0.84543452 7.10525202797293
20 42 36 41 2.3752119 8.797244259421205
21 33 22 25 2.25288036 9.026545654761742
21 33 23 26 0.810444824 7.426088556886629
21 33 24 27 0.453956121 6.41765346653575
21 33 25 28 0.341473 5.889712531290099
21 33 26 29 0.349936076 6.035683324794886
21 33 27 30 0.476197873 6.732088827623498
21 33 28 31 0.879931888 8.06279703541724
21 33 29 32 2.24941486 9.012660543718129
21 43 22 27 2.38029429 8.816068275186552
21 43 23 28 0.868428456 7.298499058381719
21 43 24 29 0.458135604 6.3367823856756615
21 43 25 30 0.281838699 5.525035690360397
21 43 26 31 0.204848337 5.168669537257257
21 43 27 32 0.162122074 4.88948655996615
21 43 28 33 0.138298979 4.67900522304243
21 43 29 34 0.127797024 4.574847875373392
21 43 30 35 0.128730538 4.608265590480211
21 43 31 36 0.135110843 4.571142496190561
21 43 32 37 0.157738861 4.757291970270924
21 43 33 38 0.193897652 4.892365258684569
21 43 34 39 0.268682422 5.2671261121684125
21 43 35 40 0.42766993 5.915391110504355
21 43 36 41 0.811986208 6.824143697229265
21 43 37 42 2.47904314 9.18181153951886
22 34 23 26 2.35171769 9.422554110195104
22 34 24 27 0.852265279 7.809288489963495
22 34 25 28 0.458027102 6.475205604547017
22 34 26 29 0.349970199 6.036271876922595
22 34 27 30 0.356781748 6.153757199342806
22 34 28 31 0.485989874 6.870519980448446
22 34 29 32 0.829580756 7.601430691776445
22 34 30 33 2.35032421 9.416970897228127
22 44 23 28 2.49111743 9.22653196146904
22 44 24 29 0.917907523 7.714334031791556
22 44 25 30 0.46360972 6.412498574382849
22 44 26 31 0.29627746 5.808086492583919
22 44 27 32 0.212841066 5.370339589876979
22 44 28 33 0.166343326 5.016796520978802
22 44 29 34 0.141242762 4.778600868159257
22 44 30 35 0.130856386 4.6843661983172655
22 44 31 36 0.126909321 4.543070091694229
22 44 32 37 0.137018514 4.635683844488197
22 44 33 38 0.155225902 4.68150291235247
22 44 34 39 0.195434044 4.931131023854952
22 44 35 40 0.274931184 5.389623956478174
22 44 36 41 0.437344035 6.049200178443936
22 44 37 42 0.882003465 7.412586971691671
22 44 38 43 2.68137128 9.931188918494762
23 35 24 27 2.51770042 10.087591951018126
23 35 25 28 0.833742428 7.639564003140174
23 35 26 29 0.468450405 6.622561579136249
23 35 27 30 0.358132392 6.177053052578968
23 35 28 31 0.361367671 6.232855014281707
23 35 29 32 0.45829264 6.478959559582236
23 35 30 33 0.819819781 7.511991087000147
23 35 31 34 2.20934354 8.852108032431392
23 45 24 29 2.66759064 9.880148564524173
23 45 25 30 0.903038137 7.589367836856421
23 45 26 31 0.479992401 6.6390984794863686
23 45 27 32 0.306749934 6.013384036255774
23 45 28 33 0.21788682 5.497652485720962
23 45 29 34 0.168900629 5.093922962429711
23 45 30 35 0.143285447 4.847710082508776
23 45 31 36 0.127796631 4.574833806851615
23 45 32 37 0.127117665 4.550528341314712
23 45 33 38 0.132524759 4.483648715464771
23 45 34 39 0.152075177 4.586479285023046
23 45 35 40 0.192083683 4.846595756968628
23 45 36 41 0.268672951 5.266940447058515
23 45 37 42 0.438371419 6.0634106191468256
23 45 38 43 0.862688043 7.25025513156684
23 45 39 44 2.32465771 8.610003046219473
24 36 25 28 2.27276928 9.106233971811967
24 36 26 29 0.818955175 7.504068720748085
24 36 27 30 0.474340162 6.70582605708808
24 36 28 31 0.365535637 6.3047439237421665
24 36 29 32 0.354612567 6.116343252944888
24 36 30 33 0.471121259 6.660319888009698
24 36 31 34 0.839306637 7.6905487309827025
24 36 32 35 2.50722587 10.045623897380299
24 46 25 30 2.42260351 8.972771996132709
24 46 26 31 0.889483031 7.47544719354523
24 46 27 32 0.482404592 6.672463119357679
24 46 28 33 0.307668897 6.031398962492432
24 46 29 34 0.217235674 5.481222972336593
24 46 30 35 0.168809759 5.0911823877951665
24 46 31 36 0.13885554 4.69783509326108
24 46 32 37 0.127848526 4.576691531883557
24 46 33 38 0.123312151 4.41429944417229
24 46 34 39 0.130233462 4.406128326608238
24 46 35 40 0.150039652 4.525089297315541
24 46 36 41 0.190215465 4.799457461354563
24 46 37 42 0.271177905 5.316046408382552
24 46 38 43 0.435920679 6.029512782069158
24 46 39 44 0.788459963 6.6264230032637075
24 46 40 45 2.29456153 8.498533645642832
25 37 26 29 2.28789356 9.16683195399483
25 37 27 30 0.833430232 7.636703357881608
25 37 28 31 0.483538133 6.835859308634974
25 37 29 32 0.35780248 6.171362743709385
25 37 30 33 0.353977218 6.105384779018566
25 37 31 34 0.46354134 6.553161307706272
25 37 32 35 0.858223026 7.863879198067673
25 37 33 36 2.21289603 8.866341683601881
25 47 26 31 2.44069594 9.039782238863674
25 47 27 32 0.901158043 7.573567036924239
25 47 28 33 0.487624903 6.744668760010198
25 47 29 34 0.307106528 6.02037454034183
25 47 30 35 0.216798488 5.470192031136835
25 47 31 36 0.163766047 4.939067617561349
25 47 32 37 0.139711798 4.726804473102068
25 47 33 38 0.125099085 4.478267688169368
25 47 34 39 0.122358047 4.38014465307727
25 47 35 40 0.130104164 4.401753847333674
25 47 36 41 0.152272226 4.592422142854699
25 47 37 42 0.197199913 4.975686881328606
25 47 38 43 0.281405095 5.516535517800762
25 47 39 44 0.429082876 5.934934519151352
25 47 40 45 0.83961408 7.056335533394858
25 47 41 46 2.55683842 9.469947549779699
26 38 27 30 2.24257915 8.985272117109577
26 38 28 31 0.849161447 7.780848143853396
26 38 29 32 0.476585141 6.737563699990465
26 38 30 33 0.357444476 6.165187905156844
26 38 31 34 0.352154594 6.073948233778884
26 38 32 35 0.485615649 6.865229499149892
26 38 33 36 0.817235486 7.488311247288912
26 38 34 37 2.27628583 9.120323623302495
26 48 27 32 2.38797117 8.844501691384183
26 48 28 33 0.908673269 7.6367269547108645
26 48 29 34 0.482742371 6.677135168416435
26 48 30 35 0.302432977 5.928756404978101
26 48 31 36 0.20738001 5.232547923115946
26 48 32 37 0.162857397 4.9116633791803785
26 48 33 38 0.134745403 4.5587787341362604
26 48 34 39 0.121740163 4.358025786642421
26 48 35 40 0.119160585 4.265682658740945
26 48 36 41 0.128707482 4.354500552911817
26 48 37 42 0.1521433 4.588533826299915
26 48 38 43 0.196157596 4.9493874629151415
26 48 39 44 0.264296542 5.181147346230248
26 48 40 45 0.419597958 5.803742224146971
26 48 41 46 0.807319262 6.784921466829991
26 48 42 47 2.18743254 8.101752250140775
27 39 28 31 2.43954793 9.774460800539138
27 39 29 32 0.877834401 8.043577806979156
27 39 30 33 0.484882193 6.854860509233902
27 39 31 34 0.354999863 6.123023318731988
27 39 32 35 0.367581636 6.340033231972412
27 39 33 36 0.466461903 6.594449794399431
27 39 34 37 0.822686246 7.538256444375316
27 39 35 38 2.16674297 8.681421653850743
27 49 28 33 2.57968737 9.554574859966761
27 49 29 34 0.943039011 7.925545606258585
27 49 30 35 0.490153046 6.779637210161191
27 49 31 36 0.296148442 5.805557283297799
27 49 32 37 0.210973919 5.323228317401864
27 49 33 38 0.159902526 4.822546569331686
27 49 34 39 0.132990814 4.49941653815582
27 49 35 40 0.119815747 4.289135994271868
27 49 36 41 0.119851789 4.2904262173299905
27 49 37 42 0.130613712 4.418993148524689
27 49 38 43 0.154974175 4.673911004890932
27 49 39 44 0.190966782 4.818414458260637
27 49 40 45 0.267574412 5.2454051958535235
27 49 41 46 0.423590522 5.858966068371231
27 49 42 47 0.775051805 6.513737349239454
27 49 43 48 2.30069843 8.521263326432846
28 40 29 32 2.54736012 10.20642854834038
28 40 30 33 0.894538316 8.196635422208873
28 40 31 34 0.480494741 6.792834367863601
28 40 32 35 0.372096701 6.417908890985245
28 40 33 36 0.356902798 6.155845064860468
28 40 34 37 0.462621002 6.540150335757985
28 40 35 38 0.7773834 7.1231474371827455
28 40 36 39 2.21835656 8.888220219284175
28 50 29 34 2.69862332 9.99508654794555
28 50 30 35 0.961751742 8.08281227415696
28 50 31 36 0.484011289 6.694686428700644
28 50 32 37 0.306427514 6.0070634634827424
28 50 33 38 0.210229143 5.304436360973727
28 50 34 39 0.15968344 4.815939091237885
28 50 35 40 0.13194595 4.4640661389792
28 50 36 41 0.122204585 4.374651056413779
28 50 37 42 0.122863211 4.398228395403813
28 50 38 43 0.135132349 4.5718700987155705
28 50 39 44 0.15430786 4.653815417924756
28 50 40 45 0.196938577 4.969092932644568
28 50 41 46 0.276456952 5.41953440768704
28 50 42 47 0.423713226 5.860663270114695
28 50 43 48 0.840727536 7.065693307787674
28 50 44 49 2.48157427 9.191186268932412
29 41 30 33 2.38759075 9.566285583741266
29 41 31 34 0.830721902 7.611886988123075
29 41 32 35 0.486800274 6.881976740537557
29 41 33 36 0.357386332 6.164185039789978
29 41 34 37 0.350041836 6.037507469009244
29 41 35 38 0.43836532 6.197243710052438
29 41 36 39 0.796741112 7.300521737460474
29 41 37 40 2.41930276 9.693345107696306
29 51 30 35 2.534802 9.388329665773984
29 51 31 36 0.892298863 7.499112179484568
29 51 32 37 0.482507619 6.6738881552491245
29 51 33 38 0.29609615 5.8045321750804195
29 51 34 39 0.204615367 5.162791310664209
29 51 35 40 0.154659762 4.664428532209398
29 51 36 41 0.13220475 4.472821999365728
29 51 37 42 0.122687152 4.3919258766370985
29 51 38 43 0.125018236 4.475373474639983
29 51 39 44 0.132578078 4.485452632466121
29 51 40 45 0.155310198 4.684045219818009
29 51 41 46 0.197550628 4.984536013146353
29 51 42 47 0.267853937 5.25088487485725
29 51 43 48 0.435486925 6.02351323808498
29 51 44 49 0.847401228 7.121780754532889
29 51 45 50 2.24550816 8.316851128121861
30 42 31 34 2.29328637 9.188439158059788
30 42 32 35 0.869982489 7.971630905566308
30 42 33 36 0.477228915 6.74666484050084
30 42 34 37 0.349649743 6.030744664759622
30 42 35 38 0.326285345 5.627756470417319
30 42 36 39 0.430975514 6.092772788967696
30 42 37 40 0.787891058 7.219428882288845
30 42 38 41 2.25053533 9.017149896011027
30 52 31 36 2.43679407 9.025330600482059
30 52 32 37 0.925737443 7.780138719964055
30 52 33 38 0.477940022 6.610710641950104
30 52 34 39 0.292423749 5.7325401219439724
30 52 35 40 0.199359319 5.0301723420075986
30 52 36 41 0.156060388 4.706670417188856
30 52 37 42 0.132892528 4.496091273496043
30 52 38 43 0.125198955 4.4818428109931485
30 52 39 44 0.123267621 4.4127053696820235
30 52 40 45 0.133192066 4.506225403745114
30 52 41 46 0.155312403 4.6841117210513
30 52 42 47 0.191117211 4.8222100360095554
30 52 43 48 0.272270279 5.337460803774796
30 52 44 49 0.435464708 6.023205939780649
30 52 45 50 0.791374999 6.650921725471802
30 52 46 51 2.34160534 8.672773210316535
31 43 32 35 2.4709434 9.900252053523253
31 43 33 36 0.880521271 8.068197539217513
31 43 34 37 0.478806019 6.7689606230324015
31 43 35 38 0.333961109 5.760147738300944
31 43 36 39 0.326585579 5.632934894339911
31 43 37 40 0.428066559 6.051648406508391
31 43 38 41 0.763017475 6.991512774226848
31 43 39 42 2.36103398 9.45988139952262
31 53 32 37 2.60932868 9.664359525595636
31 53 33 38 0.941381675 7.911616922609576
31 53 34 39 0.481835318 6.6645891068942795
31 53 35 40 0.288912508 5.6637073750171325
31 53 36 41 0.20455443 5.16125376722986
31 53 37 42 0.158291562 4.7739610397227485
31 53 38 43 0.137101928 4.638505951668575
31 53 39 44 0.124931551 4.472270345352115
31 53 40 45 0.124405024 4.453421855364768
31 53 41 46 0.133545769 4.518192073321221
31 53 42 47 0.150589237 4.541664390421363
31 53 43 48 0.193078214 4.871689453890161
31 53 44 49 0.271351962 5.3194585414237885
31 53 45 50 0.409553229 5.664806805811562
31 53 46 51 0.787468993 6.618094633134983
31 53 47 52 2.32578716 8.614186271947167
32 44 33 36 2.25971829 9.053942976175236
32 44 34 37 0.83067305 7.611439358293829
32 44 35 38 0.442165555 6.250968266663055
32 44 36 39 0.333068749 5.744756349012708
32 44 37 40 0.329077481 5.675915119529448
32 44 38 41 0.439084951 6.207417253635468
32 44 39 42 0.83167697 7.620638255742804
32 44 40 43 2.55258031 10.227344121221282
32 54 33 38 2.39399103 8.866797882653483
32 54 34 39 0.885733509 7.4439352335244475
32 54 35 40 0.449159316 6.212625295088238
32 54 36 41 0.284910174 5.58524746772547
32 54 37 42 0.200099861 5.048857467464387
32 54 38 43 0.159478765 4.809766238664698
32 54 39 44 0.134900741 4.56403421265528
32 54 40 45 0.124435931 4.454528256897906
32 54 41 46 0.123688877 4.427785393115029
32 54 42 47 0.128890002 4.360675667431712
32 54 43 48 0.151017572 4.554582669678407
32 54 44 49 0.192315097 4.852434723053546
32 54 45 50 0.257182278 5.041682600437314
32 54 46 51 0.404794499 5.598985603139467
32 54 47 52 0.773660955 6.502048283381217
32 54 48 53 2.11326752 7.8270618966422685
33 45 34 37 2.35270565 9.426512538793183
33 45 35 38 0.804722908 7.373658763182294
33 45 36 39 0.453170024 6.406540282014809
33 45 37 40 0.331187266 5.712304606114999
33 45 38 41 0.329503598 5.6832647683587725
33 45 39 42 0.444489616 6.28382390500148
33 45 40 43 0.811355093 7.434429332229268
33 45 41 44 2.2004455 8.81645653236776
33 55 34 39 2.48554915 9.205908319736338
33 55 35 40 0.868720419 7.300952791519848
33 55 36 41 0.463480606 6.410712711608158
33 55 37 42 0.286363727 5.613742249426227
33 55 38 43 0.206678747 5.21485387317252
33 55 39 44 0.160661142 4.845425888875645
33 55 40 45 0.136765198 4.62711352173057
33 55 41 46 0.125836774 4.504675305879906
33 55 42 47 0.121556858 4.351463877268104
33 55 43 48 0.131481225 4.44834331356139
33 55 44 49 0.154563016 4.661510741589901
33 55 45 50 0.189278244 4.775809792531272
33 55 46 51 0.264526959 5.185664334682092
33 55 47 52 0.421701522 5.832838035924005
33 55 48 53 0.793353126 6.667546420283576
33 55 49 54 2.31007766 8.556001859561318
34 46 35 38 2.19716646 8.803318504805663
34 46 36 39 0.827482084 7.582200605208752
34 46 37 40 0.449113023 6.349185781597381
34 46 38 41 0.337815362 5.8266257385904625
34 46 39 42 0.337236364 5.816639204439324
34 46 40 43 0.441484792 6.241344206484694
34 46 41 44 0.738693177 6.768629752850306
34 46 42 45 2.16713396 8.682988221320644
34 56 35 40 2.33952035 8.665050881917772
34 56 36 41 0.894727912 7.519526540295498
34 56 37 42 0.462083677 6.3913908448858345
34 56 38 43 0.295653494 5.795854551293375
34 56 39 44 0.208872653 5.270209827123007
34 56 40 45 0.162800125 4.909936096353597
34 56 41 46 0.13809475 4.672095637992661
34 56 42 47 0.123261378 4.412481884233051
34 56 43 48 0.122975103 4.402233878962424
34 56 44 49 0.133954298 4.532013645530834
34 56 45 50 0.151418263 4.566667225537219
34 56 46 51 0.192424498 4.855195095064989
34 56 47 52 0.272219376 5.3364629248719195
34 56 48 53 0.427323167 5.91059479768514
34 56 49 54 0.831804796 6.990704275544142
34 56 50 55 2.26779213 8.399385880983118
35 47 36 39 2.47980522 9.935758432039634
35 47 37 40 0.836513264 7.66495311403739
35 47 38 41 0.469594722 6.63873897959885
35 47 39 42 0.354202581 6.109271830952949
35 47 40 43 0.34838746 6.008972858487575
35 47 41 44 0.434244366 6.138985095397621
35 47 42 45 0.784192287 7.185537122869521
35 47 43 46 2.4227577 9.707187908316426
35 57 36 41 2.6283428 9.734783498302217
35 57 37 42 0.907001987 7.6226810652434995
35 57 38 43 0.483123259 6.68240348711562
35 57 39 44 0.302596233 5.931956800203689
35 57 40 45 0.21330433 5.382028523063232
35 57 41 46 0.165419148 4.988923969150871
35 57 42 47 0.135728669 4.592045116743756
35 57 43 48 0.124455659 4.45523447521239
35 57 44 49 0.125568647 4.495076958454536
35 57 45 50 0.131329982 4.443226379278393
35 57 46 51 0.153152503 4.6189706717154095
35 57 47 52 0.196974989 4.970011668905485
35 57 48 53 0.273486746 5.361307861027731
35 57 49 54 0.438613251 6.066755560567036
35 57 50 55 0.811457976 6.8197042978429705
35 57 51 56 2.23345615 8.272213226220568
36 48 37 40 2.19817249 8.807349333910613
36 48 38 41 0.808534658 7.408585746757813
36 48 39 42 0.461806441 6.528634750917231
36 48 40 43 0.34616202 5.970588559126765
36 48 41 44 0.327145586 5.642593872489019
36 48 42 45 0.419863787 5.9356844493641665
36 48 43 46 0.75049273 6.8767488041599325
36 48 44 47 2.07088869 8.297365292054273
36 58 37 42 2.34402251 8.68172585782834
36 58 38 43 0.878189631 7.380534516863055
36 58 39 44 0.4677742 6.470100304698265
36 58 40 45 0.295165036 5.7862790462515985
36 58 41 46 0.209187288 5.278148599600594
36 58 42 47 0.157892735 4.761932700779518
36 58 43 48 0.133613416 4.520480742902239
36 58 44 49 0.125290885 4.485133699560186
36 58 45 50 0.121722088 4.357378742034032
36 58 46 51 0.131259808 4.4408522148782215
36 58 47 52 0.155512695 4.6901523854587195
36 58 48 53 0.196143708 4.949037045217909
36 58 49 54 0.277612704 5.442191236120688
36 58 50 55 0.429904783 5.946302868947329
36 58 51 56 0.805701279 6.77132351604845
36 58 52 57 2.24168187 8.302679420857604
37 49 38 41 2.2766619 9.121830411272535
37 49 39 42 0.827580447 7.5831019032701255
37 49 40 43 0.463805123 6.55689045201351
37 49 41 44 0.337970565 5.829302673674624
37 49 42 45 0.324149849 5.590923521540775
37 49 43 46 0.419978985 5.937313022721454
37 49 44 47 0.726489045 6.6568035528326055
37 49 45 48 2.1814115 8.740193596686286
37 59 38 43 2.42384046 8.977353377392499
37 59 39 44 0.887326578 7.457323800557352
37 59 40 45 0.467241108 6.462726749868538
37 59 41 46 0.294283587 5.768999527145415
37 59 42 47 0.201379456 5.0811438105872355
37 59 43 48 0.155794537 4.698652539922781
37 59 44 49 0.135341461 4.578944888039943
37 59 45 50 0.121871838 4.362739457392608
37 59 46 51 0.121651322 4.354845477372495
37 59 47 52 0.13356086 4.518702640126063
37 59 48 53 0.154790744 4.668378856263343
37 59 49 54 0.198863385 5.017659089540774
37 59 50 55 0.274410014 5.379407180496161
37 59 51 56 0.429327616 5.938319683079957
37 59 52 57 0.813949151 6.840640781748058
37 59 53 58 2.38660265 8.839433004790829
38 50 39 42 2.19763957 8.805214099924937
38 50 40 43 0.800177058 7.332005237036357
38 50 41 44 0.44762065 6.32808785535791
38 50 42 45 0.328506044 5.6660589972013495
38 50 43 46 0.32384856 5.585726901020735
38 50 44 47 0.423046266 5.980675686273884
38 50 45 48 0.786117753 7.203180126570504
38 50 46 49 2.34993988 9.415431014173045
38 60 39 44 2.33394032 8.64438372085947
38 60 40 45 0.852871703 7.167756052049397
38 60 41 46 0.45397825 6.279279219870155
38 60 42 47 0.276320976 5.416868796982413
38 60 43 48 0.194170157 4.8992410201033705
38 60 44 49 0.155860404 4.700639041842595
38 60 45 50 0.13012261 4.4023779222977
38 60 46 51 0.120499658 4.3136184797583415
38 60 47 52 0.123139604 4.408122647157423
38 60 48 53 0.132051594 4.467640343440847
38 60 49 54 0.155970483 4.703958946268654
38 60 50 55 0.196566175 4.959696601186852
38 60 51 56 0.272414535 5.340288731775375
38 60 52 57 0.427521469 5.91333764633011
38 60 53 58 0.825876737 6.940883322844347
38 60 54 59 2.2268085 8.247591843681544
39 51 40 43 2.24625707 9.00000832475913
39 51 41 44 0.808912186 7.41204502773251
39 51 42 45 0.436235505 6.167134159843664
39 51 43 46 0.322574908 5.563759002695237
39 51 44 47 0.321676365 5.5482609692723805
39 51 45 48 0.432747222 6.117819720734674
39 51 46 49 0.788261798 7.222825964964987
39 51 47 50 2.12326648 8.507225753854616
39 61 40 45 2.3715227 8.783580302314112
39 61 41 46 0.868662302 7.300464361106445
39 61 42 47 0.437808526 6.055624866596102
39 61 43 48 0.270758821 5.307830879196977
39 61 44 49 0.197783461 4.990410782998002
39 61 45 50 0.151388948 4.565783105966275
39 61 46 51 0.12938794 4.377522172876639
39 61 47 52 0.12274067 4.393841701442176
39 61 48 53 0.121829284 4.361216119286639
39 61 49 54 0.133066504 4.501977322826053
39 61 50 55 0.15490631 4.671864244710747
39 61 51 56 0.195320774 4.928273030438657
39 61 52 57 0.271649625 5.325293789402632
39 61 53 58 0.434436351 6.008982040858822
39 61 54 59 0.809469001 6.802988433612187
39 61 55 60 2.19958282 8.146754121754991
40 52 41 44 2.43451757 9.75430581361392
40 52 42 45 0.796357157 7.2970035660224895
40 52 43 46 0.429291608 6.068967128732485
40 52 44 47 0.32611022 5.624735921480676
40 52 45 48 0.324352043 5.594410955497637
40 52 46 49 0.429446098 6.071151179653223
40 52 47 50 0.739210358 6.773368671271653
40 52 48 51 2.21242803 8.864466562560642
40 62 41 46 2.5690668 9.5152386860177
40 62 42 47 0.850939104 7.151513986414309
40 62 43 48 0.432375598 5.980478376883323
40 62 44 49 0.279834436 5.485745044160427
40 62 45 50 0.193609372 4.885091467371336
40 62 46 51 0.151511978 4.569493603350318
40 62 47 52 0.133282188 4.509274459578788
40 62 48 53 0.122548127 4.386949092311716
40 62 49 54 0.124340987 4.451129473866155
40 62 50 55 0.134894055 4.563808008317784
40 62 51 56 0.157099176 4.7379995251834535
40 62 52 57 0.199712177 5.039075545334934
40 62 53 58 0.284278074 5.572856071255544
40 62 54 59 0.448076395 6.19764668469873
40 62 55 60 0.84744538 7.122151819446987
40 62 56 61 2.38796151 8.844465912942878
41 53 42 45 2.25550777 9.037072816674051
41 53 43 46 0.761890269 6.981184209801525
41 53 44 47 0.434408718 6.141308567058734
41 53 45 48 0.321611306 5.547138834264421
41 53 46 49 0.318381489 5.491431080917381
41 53 47 50 0.408846187 5.779926798873308
41 53 48 51 0.73082858 6.696566619054259
41 53 49 52 2.19695904 8.80248744154418
41 63 42 47 2.37971515 8.813923272443681
41 63 43 48 0.816386243 6.86112273802701
41 63 44 49 0.44196753 6.113150854663938
41 63 45 50 0.269479574 5.282753111818458
41 63 46 51 0.190835785 4.815109182692927
41 63 47 52 0.154605931 4.662805027497698
41 63 48 53 0.131047435 4.433667097653074
41 63 49 54 0.123144851 4.408310478032124
41 63 50 55 0.124284462 4.449106005180723
41 63 51 56 0.133726038 4.524291030801974
41 63 52 57 0.155967038 4.703855047516415
41 63 53 58 0.200950095 5.070310307354127
41 63 54 59 0.280749817 5.503689750523402
41 63 55 60 0.441945562 6.112847000446469
41 63 56 61 0.832482587 6.996400607741805
41 63 57 62 2.12515962 7.8711075283004215
42 54 43 46 2.35553103 9.43783290094595
42 54 44 47 0.823781518 7.54829239824289
42 54 45 48 0.435158901 6.151914029366149
42 54 46 49 0.31944178 5.509718937320417
42 54 47 50 0.31254478 5.390759759498722
42 54 48 51 0.401357283 5.67405491281903
42 54 49 52 0.717813444 6.577309206761966
42 54 50 53 2.00100871 8.017379350047198
43 55 44 47 2.54548197 10.198903423161743
43 55 45 48 0.805353175 7.3794338861985445
43 55 46 49 0.429921456 6.077871395056037
43 55 47 50 0.324655752 5.599649316080073
43 55 48 51 0.313829308 5.412915246633554
43 55 49 52 0.416419845 5.886996866374514
43 55 50 53 0.745515161 6.831139446067452
43 55 51 54 2.19256669 8.784888749438448
44 56 45 48 2.20414761 8.8312896613378
44 56 46 49 0.735537026 6.739710008864248
44 56 47 50 0.423408555 5.985797426347827
44 56 48 51 0.31093019 5.362911376300355
44 56 49 52 0.316475652 5.458559281209947
44 56 50 53 0.427497253 6.043600032545791
44 56 51 54 0.779890437 7.14611936349539
44 56 52 55 2.1396878 8.573020545856556
45 57 46 49 2.17126564 8.69954249504642
45 57 47 50 0.781605764 7.161836868042027
45 57 48 51 0.412525774 5.8319457345668075
45 57 49 52 0.316875308 5.46545253177853
45 57 50 53 0.327575797 5.650014134465218
45 57 51 54 0.43812947 6.193909459229367
45 57 52 55 0.753645223 6.905635029970371
45 57 53 56 2.10420079 8.430835846835972
46 58 47 50 2.42447048 9.71405045066047
46 58 48 51 0.746354982 6.838834707895582
46 58 49 52 0.418159115 5.911585216720256
46 58 50 53 0.329441757 5.682198137285019
46 58 51 54 0.331898243 5.7245675087349985
46 58 52 55 0.424725777 6.004419213660388
46 58 53 56 0.746863963 6.843498489892631
46 58 54 57 2.10755616 8.44427970343456
47 59 48 51 2.06222845 8.26266657785305
47 59 49 52 0.722842681 6.623391997631356
47 59 50 53 0.427261104 6.0402615547098035
47 59 51 54 0.32740463 5.647061852952936
47 59 52 55 0.321152748 5.539229644375546
47 59 53 56 0.421138765 5.953709026196465
47 59 54 57 0.751561435 6.886541325175759
47 59 55 58 2.2604086 9.05670881977775
48 60 49 52 2.17468578 8.713245863589114
48 60 50 53 0.791168467 7.249459710730704
48 60 51 54 0.439837906 6.2180619041696445
48 60 52 55 0.324428661 5.595732459671386
48 60 53 56 0.319538023 5.511378932702626
48 60 54 57 0.418446285 5.915644986950746
48 60 55 58 0.770014546 7.055626785873399
48 60 56 59 2.10340877 8.427662484940498
49 61 50 53 2.35789524 9.447305507606004
49 61 51 54 0.798126493 7.313215953878875
49 61 52 55 0.431621526 6.101905568457684
49 61 53 56 0.31924366 5.506301771551237
49 61 54 57 0.315626722 5.443916970810038
49 61 55 58 0.430665381 6.088388386972735
49 61 56 59 0.756426243 6.931117456641373
49 61 57 60 2.07465511 8.31245608990073
50 62 51 54 2.13927484 8.571365951871108
50 62 52 55 0.742736892 6.805682226750505
50 62 53 56 0.40985451 5.794181629454912
50 62 54 57 0.310913997 5.362632080089472
50 62 55 58 0.329320286 5.680103010376338
50 62 56 59 0.442958477 6.262177937348369
50 62 57 60 0.788441715 7.224474540580902
50 62 58 61 2.2510057 9.019034512857539
51 63 52 55 2.22172935 8.901733872054853
51 63 53 56 0.73471022 6.732134003202243
51 63 54 57 0.402068515 5.684109718336921
51 63 55 58 0.321730798 5.549199827460922
51 63 56 59 0.330185545 5.695026962709646
51 63 57 60 0.437131969 6.179807621068399
51 63 58 61 0.77156182 7.069804424381913
51 63 59 62 1.99001379 7.973326346118285
