64
# x y z
0.0 0.0 0.0
0.5 0.0 0.0
1.0 0.0 0.0
1.5 0.0 0.0
2.0 0.0 0.0
2.5 0.0 0.0
3.0 0.0 0.0
3.5 0.0 0.0
4.0 0.0 0.0
4.5 0.0 0.0
5.0 0.0 0.0
5.5 0.0 0.0
6.0 0.0 0.0
6.5 0.0 0.0
7.0 0.0 0.0
7.5 0.0 0.0
8.0 0.0 0.0
8.5 0.0 0.0
9.0 0.0 0.0
9.5 0.0 0.0
10.0 0.0 0.0
10.5 0.0 0.0
11.0 0.0 0.0
11.5 0.0 0.0
12.0 0.0 0.0
12.5 0.0 0.0
13.0 0.0 0.0
13.5 0.0 0.0
14.0 0.0 0.0
14.5 0.0 0.0
15.0 0.0 0.0
15.5 0.0 0.0
16.0 0.0 0.0
16.5 0.0 0.0
17.0 0.0 0.0
17.5 0.0 0.0
18.0 0.0 0.0
18.5 0.0 0.0
19.0 0.0 0.0
19.5 0.0 0.0
20.0 0.0 0.0
20.5 0.0 0.0
21.0 0.0 0.0
21.5 0.0 0.0
22.0 0.0 0.0
22.5 0.0 0.0
23.0 0.0 0.0
23.5 0.0 0.0
24.0 0.0 0.0
24.5 0.0 0.0
25.0 0.0 0.0
25.5 0.0 0.0
26.0 0.0 0.0
26.5 0.0 0.0
27.0 0.0 0.0
27.5 0.0 0.0
28.0 0.0 0.0
28.5 0.0 0.0
29.0 0.0 0.0
29.5 0.0 0.0
30.0 0.0 0.0
30.5 0.0 0.0
31.0 0.0 0.0
31.5 0.0 0.0
1400
# a b m n r rhoa k
1 13 2 5 1.70062 6.81382 4.00667
1 13 3 6 0.668677 6.12708 9.16298
1 13 4 7 0.398605 5.63514 14.1372
1 13 5 8 0.288095 4.96905 17.248
1 13 6 9 0.254533 4.39017 17.248
1 13 7 10 0.353723 5.00064 14.1372
1 13 8 11 0.66149 6.06122 9.16298
1 13 9 12 1.78762 7.1624 4.00667
1 23 2 7 1.82555 6.76143 3.70377
1 23 3 8 0.717 6.02585 8.40426
1 23 4 9 0.393017 5.43608 13.8317
1 23 5 10 0.248318 4.86791 19.6035
1 23 6 11 0.173477 4.37712 25.2317
1 23 7 12 0.133595 4.02912 30.1593
1 23 8 13 0.118752 4.01768 33.8325
1 23 9 14 0.114772 4.10857 35.7978
1 23 10 15 0.108912 3.89882 35.7978
1 23 11 16 0.11866 4.01456 33.8325
1 23 12 17 0.140777 4.24573 30.1593
1 23 13 18 0.179713 4.53445 25.2317
1 23 14 19 0.261419 5.12475 19.6035
1 23 15 20 0.388173 5.36908 13.8317
1 23 16 21 0.776305 6.52427 8.40426
1 23 17 22 2.05349 7.60568 3.70377
1 57 4 16 0.455169 5.25354 11.542
1 57 5 17 0.292828 4.75993 16.255
1 57 6 18 0.204152 4.3568 21.3409
1 57 7 19 0.153734 4.11293 26.7536
1 57 8 20 0.125045 4.05642 32.4396
1 57 9 21 0.108574 4.16252 38.3381
1 57 10 22 0.0921237 4.08854 44.381
1 57 11 23 0.0802174 4.05044 50.4932
1 57 12 24 0.0719899 4.07415 56.5934
1 57 13 25 0.0646391 4.04607 62.5948
1 57 14 26 0.0595368 4.07271 68.4065
1 57 15 27 0.0562013 4.15529 73.9358
1 57 16 28 0.052315 4.13756 79.0892
1 57 17 29 0.049316 4.13148 83.7758
1 57 18 30 0.0469609 4.1283 87.9092
1 57 19 31 0.0445599 4.07324 91.4105
1 57 20 32 0.0434398 4.09249 94.2106
1 57 21 33 0.0426792 4.10801 96.2531
1 57 22 34 0.042435 4.13724 97.4958
1 57 23 35 0.042481 4.15944 97.913
1 57 24 36 0.0427508 4.16802 97.4958
1 57 25 37 0.0435385 4.19072 96.2531
1 57 26 38 0.043848 4.13094 94.2106
1 57 27 39 0.0448513 4.09988 91.4105
1 57 28 40 0.0468785 4.12105 87.9092
1 57 29 41 0.0491314 4.11602 83.7758
1 57 30 42 0.052405 4.14467 79.0892
1 57 31 43 0.0559462 4.13642 73.9358
1 57 32 44 0.0593679 4.06115 68.4065
1 57 33 45 0.0652441 4.08394 62.5948
1 57 34 46 0.0723281 4.09329 56.5934
1 57 35 47 0.0805582 4.06765 50.4932
1 57 36 48 0.0924555 4.10327 44.381
1 57 37 49 0.107853 4.13488 38.3381
1 57 38 50 0.125923 4.0849 32.4396
1 57 39 51 0.158422 4.23837 26.7536
1 57 40 52 0.205902 4.39415 21.3409
1 57 41 53 0.289889 4.71214 16.255
1 57 42 54 0.436911 5.04281 11.542
2 14 3 6 1.71848 6.88537 4.00667
2 14 4 7 0.674666 6.18195 9.16298
2 14 5 8 0.37497 5.30102 14.1372
2 14 6 9 0.257874 4.44781 17.248
2 14 7 10 0.261404 4.50868 17.248
2 14 8 11 0.359113 5.07685 14.1372
2 14 9 12 0.626364 5.73936 9.16298
2 14 10 13 1.58933 6.36793 4.00667
2 24 3 8 1.8237 6.75458 3.70377
2 24 4 9 0.707812 5.94864 8.40426
2 24 5 10 0.375225 5.18999 13.8317
2 24 6 11 0.232364 4.55515 19.6035
2 24 7 12 0.162257 4.09402 25.2317
2 24 8 13 0.13357 4.02837 30.1593
2 24 9 14 0.121913 4.12462 33.8325
2 24 10 15 0.10868 3.89049 35.7978
2 24 11 16 0.109971 3.93671 35.7978
2 24 12 17 0.121196 4.10038 33.8325
2 24 13 18 0.14225 4.29016 30.1593
2 24 14 19 0.188176 4.748 25.2317
2 24 15 20 0.251084 4.92213 19.6035
2 24 16 21 0.41106 5.68565 13.8317
2 24 17 22 0.799217 6.71683 8.40426
2 24 18 23 2.20904 8.18177 3.70377
2 58 5 17 0.434853 5.01905 11.542
2 58 6 18 0.275705 4.48159 16.255
2 58 7 19 0.194079 4.14183 21.3409
2 58 8 20 0.15154 4.05423 26.7536
2 58 9 21 0.128246 4.16026 32.4396
2 58 10 22 0.106177 4.07062 38.3381
2 58 11 23 0.0906663 4.02386 44.381
2 58 12 24 0.0801132 4.04517 50.4932
2 58 13 25 0.0708428 4.00923 56.5934
2 58 14 26 0.0644793 4.03607 62.5948
2 58 15 27 0.060266 4.12259 68.4065
2 58 16 28 0.0555312 4.10574 73.9358
2 58 17 29 0.0518452 4.10039 79.0892
2 58 18 30 0.0488671 4.09388 83.7758
2 58 19 31 0.0459359 4.03819 87.9092
2 58 20 32 0.0444628 4.06436 91.4105
2 58 21 33 0.043368 4.08572 94.2106
2 58 22 34 0.042762 4.11597 96.2531
2 58 23 35 0.0424425 4.13797 97.4958
2 58 24 36 0.0423906 4.15059 97.913
2 58 25 37 0.0428229 4.17506 97.4958
2 58 26 38 0.0427982 4.11945 96.2531
2 58 27 39 0.0434544 4.09387 94.2106
2 58 28 40 0.0449905 4.1126 91.4105
2 58 29 41 0.0466919 4.10465 87.9092
2 58 30 42 0.0493028 4.13038 83.7758
2 58 31 43 0.0520946 4.12012 79.0892
2 58 32 44 0.0547897 4.05092 73.9358
2 58 33 45 0.0594809 4.06888 68.4065
2 58 34 46 0.0649824 4.06756 62.5948
2 58 35 47 0.071299 4.03505 56.5934
2 58 36 48 0.0804111 4.06022 50.4932
2 58 37 49 0.0918118 4.0747 44.381
2 58 38 50 0.104819 4.01858 38.3381
2 58 39 51 0.127224 4.12708 32.4396
2 58 40 52 0.157987 4.22673 26.7536
2 58 41 53 0.20813 4.44169 21.3409
2 58 42 54 0.285836 4.64627 16.255
2 58 43 55 0.421491 4.86483 11.542
3 15 4 7 1.81543 7.27381 4.00667
3 15 5 8 0.655194 6.00353 9.16298
3 15 6 9 0.342722 4.84512 14.1372
3 15 7 10 0.25965 4.47844 17.248
3 15 8 11 0.279809 4.82613 17.248
3 15 9 12 0.385657 5.4521 14.1372
3 15 10 13 0.660589 6.05296 9.16298
3 15 11 14 1.7031 6.82375 4.00667
3 25 4 9 1.89603 7.02248 3.70377
3 25 5 10 0.689371 5.79365 8.40426
3 25 6 11 0.352161 4.87098 13.8317
3 25 7 12 0.214434 4.20366 19.6035
3 25 8 13 0.160305 4.04477 25.2317
3 25 9 14 0.137084 4.13435 30.1593
3 25 10 15 0.114567 3.87611 33.8325
3 25 11 16 0.107939 3.86396 35.7978
3 25 12 17 0.110953 3.97186 35.7978
3 25 13 18 0.120525 4.07765 33.8325
3 25 14 19 0.146385 4.41487 30.1593
3 25 15 20 0.179044 4.51757 25.2317
3 25 16 21 0.251847 4.93709 19.6035
3 25 17 22 0.403739 5.58438 13.8317
3 25 18 23 0.78037 6.55843 8.40426
3 25 19 24 2.02389 7.49601 3.70377
3 59 6 18 0.409868 4.73067 11.542
3 59 7 19 0.258611 4.20372 16.255
3 59 8 20 0.189552 4.04522 21.3409
3 59 9 21 0.154837 4.14246 26.7536
3 59 10 22 0.12429 4.03192 32.4396
3 59 11 23 0.103562 3.97037 38.3381
3 59 12 24 0.0898714 3.98858 44.381
3 59 13 25 0.0782335 3.95026 50.4932
3 59 14 26 0.070213 3.97359 56.5934
3 59 15 27 0.0649812 4.06748 62.5948
3 59 16 28 0.0591898 4.04897 68.4065
3 59 17 29 0.0547286 4.0464 73.9358
3 59 18 30 0.0510894 4.04062 79.0892
3 59 19 31 0.0475283 3.98172 83.7758
3 59 20 32 0.0456694 4.01476 87.9092
3 59 21 33 0.0441673 4.03735 91.4105
3 59 22 34 0.043207 4.07055 94.2106
3 59 23 35 0.042542 4.0948 96.2531
3 59 24 36 0.042152 4.10964 97.4958
3 59 25 37 0.0422569 4.1375 97.913
3 59 26 38 0.0419557 4.09051 97.4958
3 59 27 39 0.0422664 4.06827 96.2531
3 59 28 40 0.0433977 4.08853 94.2106
3 59 29 41 0.0446603 4.08242 91.4105
3 59 30 42 0.0467468 4.10948 87.9092
3 59 31 43 0.0489419 4.10015 83.7758
3 59 32 44 0.0510238 4.03543 79.0892
3 59 33 45 0.0548057 4.0521 73.9358
3 59 34 46 0.0591325 4.04505 68.4065
3 59 35 47 0.0639743 4.00446 62.5948
3 59 36 48 0.0710525 4.0211 56.5934
3 59 37 49 0.0796462 4.02159 50.4932
3 59 38 50 0.0891882 3.95826 44.381
3 59 39 51 0.105289 4.03658 38.3381
3 59 40 52 0.126223 4.09463 32.4396
3 59 41 53 0.158462 4.23942 26.7536
3 59 42 54 0.204055 4.35473 21.3409
3 59 43 55 0.274132 4.45602 16.255
3 59 44 56 0.409901 4.73105 11.542
4 16 5 8 1.84501 7.39235 4.00667
4 16 6 9 0.632548 5.79602 9.16298
4 16 7 10 0.335209 4.73891 14.1372
4 16 8 11 0.26825 4.62676 17.248
4 16 9 12 0.290891 5.01728 17.248
4 16 10 13 0.378101 5.34528 14.1372
4 16 11 14 0.629958 5.77229 9.16298
4 16 12 15 1.59076 6.37366 4.00667
4 26 5 10 1.9334 7.16086 3.70377
4 26 6 11 0.684902 5.7561 8.40426
4 26 7 12 0.336536 4.65486 13.8317
4 26 8 13 0.218576 4.28487 19.6035
4 26 9 14 0.171481 4.32676 25.2317
4 26 10 15 0.132684 4.00164 30.1593
4 26 11 16 0.11585 3.91951 33.8325
4 26 12 17 0.11089 3.96963 35.7978
4 26 13 18 0.111861 4.00437 35.7978
4 26 14 19 0.125909 4.25982 33.8325
4 26 15 20 0.143296 4.32169 30.1593
4 26 16 21 0.179533 4.52992 25.2317
4 26 17 22 0.250363 4.90801 19.6035
4 26 18 23 0.392415 5.42775 13.8317
4 26 19 24 0.706392 5.9367 8.40426
4 26 20 25 1.79013 6.63022 3.70377
4 60 7 19 0.396798 4.57982 11.542
4 60 8 20 0.261035 4.24312 16.255
4 60 9 21 0.201159 4.29293 21.3409
4 60 10 22 0.154161 4.12437 26.7536
4 60 11 23 0.124036 4.02367 32.4396
4 60 12 24 0.104929 4.02277 38.3381
4 60 13 25 0.0893331 3.96469 44.381
4 60 14 26 0.0788399 3.98088 50.4932
4 60 15 27 0.0719505 4.07192 56.5934
4 60 16 28 0.0646088 4.04417 62.5948
4 60 17 29 0.0590255 4.03773 68.4065
4 60 18 30 0.0544904 4.02879 73.9358
4 60 19 31 0.0501207 3.964 79.0892
4 60 20 32 0.0477127 3.99717 83.7758
4 60 21 33 0.0457539 4.02219 87.9092
4 60 22 34 0.0443331 4.05251 91.4105
4 60 23 35 0.043296 4.07894 94.2106
4 60 24 36 0.0425482 4.09539 96.2531
4 60 25 37 0.0422908 4.12318 97.4958
4 60 26 38 0.0417015 4.08312 97.913
4 60 27 39 0.0417079 4.06635 97.4958
4 60 28 40 0.0424314 4.08415 96.2531
4 60 29 41 0.0432945 4.0788 94.2106
4 60 30 42 0.0448493 4.0997 91.4105
4 60 31 43 0.046492 4.08708 87.9092
4 60 32 44 0.0480812 4.02804 83.7758
4 60 33 45 0.0511046 4.04182 79.0892
4 60 34 46 0.0545277 4.03154 73.9358
4 60 35 47 0.0582838 3.98699 68.4065
4 60 36 48 0.063825 3.99511 62.5948
4 60 37 49 0.0704613 3.98764 56.5934
4 60 38 50 0.0777797 3.92735 50.4932
4 60 39 51 0.0898448 3.9874 44.381
4 60 40 52 0.104809 4.01817 38.3381
4 60 41 53 0.126883 4.11603 32.4396
4 60 42 54 0.156115 4.17663 26.7536
4 60 43 55 0.197255 4.20961 21.3409
4 60 44 56 0.267346 4.34571 16.255
4 60 45 57 0.432996 4.99762 11.542
5 17 6 9 1.90557 7.63498 4.00667
5 17 7 10 0.616357 5.64766 9.16298
5 17 8 11 0.346909 4.9043 14.1372
5 17 9 12 0.2908 5.0157 17.248
5 17 10 13 0.291365 5.02545 17.248
5 17 11 14 0.371209 5.24784 14.1372
5 17 12 15 0.638842 5.8537 9.16298
5 17 13 16 2.04594 8.19741 4.00667
5 27 6 11 2.02052 7.48354 3.70377
5 27 7 12 0.663366 5.5751 8.40426
5 27 8 13 0.345924 4.7847 13.8317
5 27 9 14 0.241018 4.7248 19.6035
5 27 10 15 0.169427 4.27492 25.2317
5 27 11 16 0.135552 4.08814 30.1593
5 27 12 17 0.120671 4.0826 33.8325
5 27 13 18 0.113119 4.0494 35.7978
5 27 14 19 0.118729 4.25023 35.7978
5 27 15 20 0.127412 4.31067 33.8325
5 27 16 21 0.146686 4.42395 30.1593
5 27 17 22 0.186213 4.69848 25.2317
5 27 18 23 0.258615 5.06976 19.6035
5 27 19 24 0.392669 5.43128 13.8317
5 27 20 25 0.708329 5.95298 8.40426
5 27 21 26 1.91358 7.08747 3.70377
5 61 8 20 0.405059 4.67518 11.542
5 61 9 21 0.284474 4.62412 16.255
5 61 10 22 0.203315 4.33894 21.3409
5 61 11 23 0.155843 4.16937 26.7536
5 61 12 24 0.127424 4.13358 32.4396
5 61 13 25 0.105345 4.03872 38.3381
5 61 14 26 0.090944 4.03619 44.381
5 61 15 27 0.0817246 4.12654 50.4932
5 61 16 28 0.0721373 4.08249 56.5934
5 61 17 29 0.0649641 4.06641 62.5948
5 61 18 30 0.0591518 4.04637 68.4065
5 61 19 31 0.0537307 3.97262 73.9358
5 61 20 32 0.0506525 4.00607 79.0892
5 61 21 33 0.0480883 4.02864 83.7758
5 61 22 34 0.0461475 4.05679 87.9092
5 61 23 35 0.0445911 4.07609 91.4105
5 61 24 36 0.0434629 4.09467 94.2106
5 61 25 37 0.0428283 4.12236 96.2531
5 61 26 38 0.0419117 4.08622 97.4958
5 61 27 39 0.0416115 4.07431 97.913
5 61 28 40 0.0419718 4.09208 97.4958
5 61 29 41 0.0424309 4.0841 96.2531
5 61 30 42 0.0435551 4.10335 94.2106
5 61 31 43 0.0447754 4.09294 91.4105
5 61 32 44 0.0459169 4.03652 87.9092
5 61 33 45 0.0483211 4.04814 83.7758
5 61 34 46 0.0509814 4.03208 79.0892
5 61 35 47 0.0539243 3.98694 73.9358
5 61 36 48 0.0583307 3.9902 68.4065
5 61 37 49 0.0634765 3.97329 62.5948
5 61 38 50 0.0691716 3.91466 56.5934
5 61 39 51 0.0784004 3.95869 50.4932
5 61 40 52 0.0894313 3.96905 44.381
5 61 41 53 0.105209 4.03351 38.3381
5 61 42 54 0.124917 4.05227 32.4396
5 61 43 55 0.150923 4.03775 26.7536
5 61 44 56 0.191146 4.07923 21.3409
5 61 45 57 0.273054 4.4385 16.255
5 61 46 58 0.424067 4.89457 11.542
6 18 7 10 1.72086 6.89493 4.00667
6 18 8 11 0.606659 5.5588 9.16298
6 18 9 12 0.381716 5.39638 14.1372
6 18 10 13 0.289243 4.98885 17.248
6 18 11 14 0.281805 4.86056 17.248
6 18 12 15 0.362691 5.12743 14.1372
6 18 13 16 0.74662 6.84126 9.16298
6 18 14 17 2.22756 8.92509 4.00667
6 28 7 12 1.83056 6.77996 3.70377
6 28 8 13 0.653333 5.49078 8.40426
6 28 9 14 0.383043 5.29812 13.8317
6 28 10 15 0.238106 4.66773 19.6035
6 28 11 16 0.17207 4.34161 25.2317
6 28 12 17 0.141085 4.25502 30.1593
6 28 13 18 0.122186 4.13385 33.8325
6 28 14 19 0.119139 4.26491 35.7978
6 28 15 20 0.120519 4.31431 35.7978
6 28 16 21 0.128345 4.34225 33.8325
6 28 17 22 0.149925 4.52164 30.1593
6 28 18 23 0.18959 4.78368 25.2317
6 28 19 24 0.257127 5.04061 19.6035
6 28 20 25 0.396982 5.49092 13.8317
6 28 21 26 0.751636 6.31695 8.40426
6 28 22 27 2.17205 8.04476 3.70377
6 62 9 21 0.44406 5.12532 11.542
6 62 10 22 0.286971 4.66472 16.255
6 62 11 23 0.205671 4.38921 21.3409
6 62 12 24 0.160915 4.30507 26.7536
6 62 13 25 0.128217 4.15932 32.4396
6 62 14 26 0.107676 4.12808 38.3381
6 62 15 27 0.0949383 4.21346 44.381
6 62 16 28 0.0822762 4.15439 50.4932
6 62 17 29 0.0728312 4.12176 56.5934
6 62 18 30 0.0653331 4.08951 62.5948
6 62 19 31 0.0584894 4.00106 68.4065
6 62 20 32 0.0545812 4.0355 73.9358
6 62 21 33 0.0513122 4.05824 79.0892
6 62 22 34 0.0487199 4.08155 83.7758
6 62 23 35 0.0466386 4.09996 87.9092
6 62 24 36 0.0450186 4.11517 91.4105
6 62 25 37 0.0439863 4.14397 94.2106
6 62 26 38 0.0427353 4.1134 96.2531
6 62 27 39 0.0421174 4.10627 97.4958
6 62 28 40 0.0421437 4.12641 97.913
6 62 29 41 0.0422743 4.12157 97.4958
6 62 30 42 0.0430095 4.1398 96.2531
6 62 31 43 0.0438673 4.13276 94.2106
6 62 32 44 0.0446868 4.08484 91.4105
6 62 33 45 0.0465831 4.09508 87.9092
6 62 34 46 0.0487059 4.08038 83.7758
6 62 35 47 0.0510276 4.03573 79.0892
6 62 36 48 0.0546813 4.0429 73.9358
6 62 37 49 0.058869 4.02702 68.4065
6 62 38 50 0.0634852 3.97384 62.5948
6 62 39 51 0.0710179 4.01914 56.5934
6 62 40 52 0.0797448 4.02657 50.4932
6 62 41 53 0.0920209 4.08398 44.381
6 62 42 54 0.106786 4.09399 38.3381
6 62 43 55 0.125478 4.07044 32.4396
6 62 44 56 0.152974 4.09261 26.7536
6 62 45 57 0.204135 4.35643 21.3409
6 62 46 58 0.288582 4.6909 16.255
6 62 47 59 0.44581 5.14552 11.542
7 19 8 11 1.57569 6.31325 4.00667
7 19 9 12 0.649775 5.95388 9.16298
7 19 10 13 0.364328 5.15056 14.1372
7 19 11 14 0.269956 4.65618 17.248
7 19 12 15 0.261364 4.50799 17.248
7 19 13 16 0.371503 5.252 14.1372
7 19 14 17 0.711922 6.52333 9.16298
7 19 15 18 2.11863 8.48865 4.00667
7 29 8 13 1.6822 6.23048 3.70377
7 29 9 14 0.699535 5.87908 8.40426
7 29 10 15 0.364067 5.03566 13.8317
7 29 11 16 0.233117 4.56992 19.6035
7 29 12 17 0.174905 4.41315 25.2317
7 29 13 18 0.139408 4.20446 30.1593
7 29 14 19 0.12619 4.26931 33.8325
7 29 15 20 0.120546 4.31528 35.7978
7 29 16 21 0.11924 4.26853 35.7978
7 29 17 22 0.12887 4.35999 33.8325
7 29 18 23 0.149671 4.51397 30.1593
7 29 19 24 0.184327 4.65089 25.2317
7 29 20 25 0.254203 4.98328 19.6035
7 29 21 26 0.396164 5.47961 13.8317
7 29 22 27 0.781419 6.56725 8.40426
7 29 23 28 2.1994 8.14607 3.70377
7 63 10 22 0.430122 4.96445 11.542
7 63 11 23 0.281036 4.56825 16.255
7 63 12 24 0.207657 4.4316 21.3409
7 63 13 25 0.158276 4.23445 26.7536
7 63 14 26 0.128731 4.17597 32.4396
7 63 15 27 0.111067 4.25808 38.3381
7 63 16 28 0.0942902 4.18469 44.381
7 63 17 29 0.0820525 4.1431 50.4932
7 63 18 30 0.0724007 4.0974 56.5934
7 63 19 31 0.063865 3.99761 62.5948
7 63 20 32 0.0589099 4.02982 68.4065
7 63 21 33 0.0548449 4.055 73.9358
7 63 22 34 0.0515481 4.0769 79.0892
7 63 23 35 0.0488418 4.09176 83.7758
7 63 24 36 0.0467266 4.1077 87.9092
7 63 25 37 0.0452332 4.13479 91.4105
7 63 26 38 0.0436129 4.1088 94.2106
7 63 27 39 0.0426722 4.10733 96.2531
7 63 28 40 0.0423329 4.12728 97.4958
7 63 29 41 0.0421237 4.12445 97.913
7 63 30 42 0.0424926 4.14285 97.4958
7 63 31 43 0.0429616 4.13518 96.2531
7 63 32 44 0.0434574 4.09414 94.2106
7 63 33 45 0.0449464 4.10857 91.4105
7 63 34 46 0.0465744 4.09432 87.9092
7 63 35 47 0.0483295 4.04884 83.7758
7 63 36 48 0.0512555 4.05376 79.0892
7 63 37 49 0.0546061 4.03734 73.9358
7 63 38 50 0.0583232 3.98969 68.4065
7 63 39 51 0.0643796 4.02982 62.5948
7 63 40 52 0.0712231 4.03076 56.5934
7 63 41 53 0.0807258 4.07611 50.4932
7 63 42 54 0.0917093 4.07015 44.381
7 63 43 55 0.105255 4.03527 38.3381
7 63 44 56 0.124428 4.03638 32.4396
7 63 45 57 0.157901 4.22441 26.7536
7 63 46 58 0.2089 4.45812 21.3409
7 63 47 59 0.293494 4.77075 16.255
7 63 48 60 0.439652 5.07444 11.542
8 20 9 12 1.70712 6.83988 4.00667
8 20 10 13 0.610437 5.59342 9.16298
8 20 11 14 0.342674 4.84444 14.1372
8 20 12 15 0.259439 4.4748 17.248
8 20 13 16 0.269527 4.6488 17.248
8 20 14 17 0.376756 5.32626 14.1372
8 20 15 18 0.703486 6.44603 9.16298
8 20 16 19 1.97696 7.92103 4.00667
8 30 9 14 1.81194 6.71102 3.70377
8 30 10 15 0.648921 5.4537 8.40426
8 30 11 16 0.346265 4.78942 13.8317
8 30 12 17 0.23199 4.54782 19.6035
8 30 13 18 0.168374 4.24835 25.2317
8 30 14 19 0.140849 4.2479 30.1593
8 30 15 20 0.127112 4.30051 33.8325
8 30 16 21 0.11736 4.20122 35.7978
8 30 17 22 0.118017 4.22473 35.7978
8 30 18 23 0.126958 4.29531 33.8325
8 30 19 24 0.143609 4.33115 30.1593
8 30 20 25 0.181152 4.57076 25.2317
8 30 21 26 0.247705 4.85589 19.6035
8 30 22 27 0.394993 5.46341 13.8317
8 30 23 28 0.773585 6.50141 8.40426
8 30 24 29 2.09934 7.77547 3.70377
8 64 11 23 0.409735 4.72914 11.542
8 64 12 24 0.277886 4.51704 16.255
8 64 13 25 0.199252 4.25222 21.3409
8 64 14 26 0.155608 4.16308 26.7536
8 64 15 27 0.130846 4.24457 32.4396
8 64 16 28 0.10846 4.15816 38.3381
8 64 17 29 0.0925774 4.10868 44.381
8 64 18 30 0.080337 4.05648 50.4932
8 64 19 31 0.0697955 3.94997 56.5934
8 64 20 32 0.0636664 3.98518 62.5948
8 64 21 33 0.0586478 4.01189 68.4065
8 64 22 34 0.054588 4.03601 73.9358
8 64 23 35 0.051235 4.05213 79.0892
8 64 24 36 0.0485815 4.06995 83.7758
8 64 25 37 0.0466398 4.10007 87.9092
8 64 26 38 0.044645 4.08102 91.4105
8 64 27 39 0.0433492 4.08396 94.2106
8 64 28 40 0.0426773 4.10782 96.2531
8 64 29 41 0.0421305 4.10755 97.4958
8 64 30 42 0.0421862 4.13058 97.913
8 64 31 43 0.0423155 4.12558 97.4958
8 64 32 44 0.0425 4.09076 96.2531
8 64 33 45 0.0436247 4.10991 94.2106
8 64 34 46 0.0447929 4.09454 91.4105
8 64 35 47 0.0460878 4.05154 87.9092
8 64 36 48 0.048442 4.05826 83.7758
8 64 37 49 0.0511042 4.04179 79.0892
8 64 38 50 0.0541395 4.00284 73.9358
8 64 39 51 0.0591187 4.04411 68.4065
8 64 40 52 0.0645468 4.04029 62.5948
8 64 41 53 0.0721098 4.08094 56.5934
8 64 42 54 0.0806351 4.07153 50.4932
8 64 43 55 0.0908068 4.0301 44.381
8 64 44 56 0.104964 4.02411 38.3381
8 64 45 57 0.128473 4.1676 32.4396
8 64 46 58 0.162534 4.34837 26.7536
8 64 47 59 0.215024 4.58881 21.3409
8 64 48 60 0.296503 4.81965 16.255
8 64 49 61 0.447401 5.16388 11.542
9 21 10 13 1.55123 6.21525 4.00667
9 21 11 14 0.571099 5.23297 9.16298
9 21 12 15 0.330836 4.67708 14.1372
9 21 13 16 0.258333 4.45572 17.248
9 21 14 17 0.277435 4.78519 17.248
9 21 15 18 0.396886 5.61084 14.1372
9 21 16 19 0.723312 6.6277 9.16298
9 21 17 20 1.73345 6.94537 4.00667
9 31 10 15 1.63758 6.06523 3.70377
9 31 11 16 0.610075 5.12723 8.40426
9 31 12 17 0.341943 4.72965 13.8317
9 31 13 18 0.219305 4.29916 19.6035
9 31 14 19 0.167099 4.21619 25.2317
9 31 15 20 0.14177 4.27569 30.1593
9 31 16 21 0.122363 4.13984 33.8325
9 31 17 22 0.114938 4.11451 35.7978
9 31 18 23 0.115169 4.12279 35.7978
9 31 19 24 0.120639 4.08152 33.8325
9 31 20 25 0.141032 4.25344 30.1593
9 31 21 26 0.174711 4.40825 25.2317
9 31 22 27 0.240815 4.72083 19.6035
9 31 23 28 0.383516 5.30467 13.8317
9 31 24 29 0.716974 6.02564 8.40426
9 31 25 30 1.86849 6.92047 3.70377
10 22 11 14 1.79414 7.18852 4.00667
10 22 12 15 0.654362 5.99591 9.16298
10 22 13 16 0.354139 5.00653 14.1372
10 22 14 17 0.276484 4.76879 17.248
10 22 15 18 0.304763 5.25654 17.248
10 22 16 19 0.417125 5.89696 14.1372
10 22 17 20 0.678284 6.2151 9.16298
10 22 18 21 2.05076 8.2167 4.00667
10 32 11 16 1.89366 7.0137 3.70377
10 32 12 17 0.712535 5.98833 8.40426
10 32 13 18 0.363943 5.03394 13.8317
10 32 14 19 0.237379 4.65348 19.6035
10 32 15 20 0.184003 4.6427 25.2317
10 32 16 21 0.145524 4.38889 30.1593
10 32 17 22 0.126281 4.2724 33.8325
10 32 18 23 0.117113 4.19239 35.7978
10 32 19 24 0.113499 4.06302 35.7978
10 32 20 25 0.123877 4.19108 33.8325
10 32 21 26 0.141962 4.28148 30.1593
10 32 22 27 0.176632 4.45672 25.2317
10 32 23 28 0.246973 4.84154 19.6035
10 32 24 29 0.383922 5.31029 13.8317
10 32 25 30 0.700348 5.88591 8.40426
10 32 26 31 1.84912 6.84873 3.70377
11 23 12 15 1.88222 7.54142 4.00667
11 23 13 16 0.64584 5.91782 9.16298
11 23 14 17 0.357961 5.06055 14.1372
11 23 15 18 0.302755 5.22191 17.248
11 23 16 19 0.312999 5.3986 17.248
11 23 17 20 0.383877 5.42694 14.1372
11 23 18 21 0.720572 6.60259 9.16298
11 23 19 22 1.91911 7.68923 4.00667
11 33 12 17 2.00366 7.42112 3.70377
11 33 13 18 0.703241 5.91022 8.40426
11 33 14 19 0.370374 5.12289 13.8317
11 33 15 20 0.257132 5.04069 19.6035
11 33 16 21 0.185002 4.66792 25.2317
11 33 17 22 0.147873 4.45973 30.1593
11 33 18 23 0.126884 4.29279 33.8325
11 33 19 24 0.11374 4.07163 35.7978
11 33 20 25 0.116205 4.15988 35.7978
11 33 21 26 0.124519 4.2128 33.8325
11 33 22 27 0.142879 4.30912 30.1593
11 33 23 28 0.181939 4.59063 25.2317
11 33 24 29 0.25295 4.95872 19.6035
11 33 25 30 0.392336 5.42666 13.8317
11 33 26 31 0.721541 6.06402 8.40426
11 33 27 32 1.7795 6.59085 3.70377
12 24 13 16 1.74153 6.97775 4.00667
12 24 14 17 0.604942 5.54307 9.16298
12 24 15 18 0.388812 5.4967 14.1372
12 24 16 19 0.308297 5.31749 17.248
12 24 17 20 0.296347 5.11139 17.248
12 24 18 21 0.403791 5.70847 14.1372
12 24 19 22 0.734975 6.73456 9.16298
12 24 20 23 2.09462 8.39246 4.00667
12 34 13 18 1.8598 6.88829 3.70377
12 34 14 19 0.664966 5.58855 8.40426
12 34 15 20 0.392887 5.43429 13.8317
12 34 16 21 0.252104 4.94213 19.6035
12 34 17 22 0.184096 4.64505 25.2317
12 34 18 23 0.145306 4.38233 30.1593
12 34 19 24 0.11993 4.05755 33.8325
12 34 20 25 0.114324 4.09256 35.7978
12 34 21 26 0.114558 4.10092 35.7978
12 34 22 27 0.121772 4.11987 33.8325
12 34 23 28 0.142342 4.29293 30.1593
12 34 24 29 0.180633 4.55767 25.2317
12 34 25 30 0.250759 4.91577 19.6035
12 34 26 31 0.390199 5.3971 13.8317
12 34 27 32 0.700124 5.88402 8.40426
12 34 28 33 2.15899 7.99639 3.70377
13 25 14 17 1.56848 6.28438 4.00667
13 25 15 18 0.666024 6.10277 9.16298
13 25 16 19 0.394726 5.58031 14.1372
13 25 17 20 0.296965 5.12204 17.248
13 25 18 21 0.295842 5.10268 17.248
13 25 19 22 0.38919 5.50204 14.1372
13 25 20 23 0.73097 6.69787 9.16298
13 25 21 24 1.91214 7.66129 4.00667
13 35 14 19 1.69521 6.27869 3.70377
13 35 15 20 0.71977 6.04914 8.40426
13 35 16 21 0.389276 5.38434 13.8317
13 35 17 22 0.254338 4.98592 19.6035
13 35 18 23 0.182347 4.60093 25.2317
13 35 19 24 0.137117 4.13536 30.1593
13 35 20 25 0.121225 4.10134 33.8325
13 35 21 26 0.113394 4.05924 35.7978
13 35 22 27 0.111771 4.00114 35.7978
13 35 23 28 0.120261 4.06872 33.8325
13 35 24 29 0.139953 4.22087 30.1593
13 35 25 30 0.17616 4.44481 25.2317
13 35 26 31 0.241729 4.73875 19.6035
13 35 27 32 0.35901 4.96571 13.8317
13 35 28 33 0.724456 6.08851 8.40426
13 35 29 34 1.91547 7.09447 3.70377
14 26 15 18 1.71857 6.88574 4.00667
14 26 16 19 0.655937 6.01034 9.16298
14 26 17 20 0.384803 5.44002 14.1372
14 26 18 21 0.289765 4.99786 17.248
14 26 19 22 0.279712 4.82446 17.248
14 26 20 23 0.385435 5.44897 14.1372
14 26 21 24 0.659106 6.03937 9.16298
14 26 22 25 1.67167 6.69783 4.00667
14 36 15 20 1.83473 6.79541 3.70377
14 36 16 21 0.693679 5.82986 8.40426
14 36 17 22 0.386578 5.34702 13.8317
14 36 18 23 0.24695 4.84109 19.6035
14 36 19 24 0.167708 4.23157 25.2317
14 36 20 25 0.137005 4.13197 30.1593
14 36 21 26 0.120184 4.06612 33.8325
14 36 22 27 0.1109 3.96997 35.7978
14 36 23 28 0.111243 3.98226 35.7978
14 36 24 29 0.120729 4.08456 33.8325
14 36 25 30 0.140981 4.25189 30.1593
14 36 26 31 0.177946 4.48988 25.2317
14 36 27 32 0.237881 4.66332 19.6035
14 36 28 33 0.396276 5.48116 13.8317
14 36 29 34 0.799216 6.71682 8.40426
14 36 30 35 2.49521 9.24169 3.70377
15 27 16 19 1.62916 6.52751 4.00667
15 27 17 20 0.663132 6.07626 9.16298
15 27 18 21 0.377419 5.33564 14.1372
15 27 19 22 0.27233 4.69713 17.248
15 27 20 23 0.290147 5.00444 17.248
15 27 21 24 0.384888 5.44122 14.1372
15 27 22 25 0.648853 5.94543 9.16298
15 27 23 26 1.78651 7.15797 4.00667
15 37 16 21 1.72006 6.37071 3.70377
15 37 17 22 0.702664 5.90538 8.40426
15 37 18 23 0.376464 5.20713 13.8317
15 37 19 24 0.223046 4.37248 19.6035
15 37 20 25 0.164943 4.16179 25.2317
15 37 21 26 0.134295 4.05023 30.1593
15 37 22 27 0.115507 3.90791 33.8325
15 37 23 28 0.107546 3.84989 35.7978
15 37 24 29 0.108391 3.88014 35.7978
15 37 25 30 0.116957 3.95694 33.8325
15 37 26 31 0.135425 4.08431 30.1593
15 37 27 32 0.163615 4.12829 25.2317
15 37 28 33 0.230256 4.51383 19.6035
15 37 29 34 0.376353 5.20559 13.8317
15 37 30 35 0.77095 6.47926 8.40426
15 37 31 36 2.12233 7.86064 3.70377
16 28 17 20 2.06696 8.28162 4.00667
16 28 18 21 0.75886 6.95342 9.16298
16 28 19 22 0.377774 5.34065 14.1372
16 28 20 23 0.292164 5.03923 17.248
16 28 21 24 0.299013 5.15736 17.248
16 28 22 25 0.386371 5.46219 14.1372
16 28 23 26 0.690261 6.32484 9.16298
16 28 24 27 2.04695 8.20144 4.00667
16 38 17 22 2.17253 8.04657 3.70377
16 38 18 23 0.806916 6.78153 8.40426
16 38 19 24 0.378486 5.2351 13.8317
16 38 20 25 0.23857 4.67682 19.6035
16 38 21 26 0.174971 4.4148 25.2317
16 38 22 27 0.138023 4.16269 30.1593
16 38 23 28 0.118465 4.00798 33.8325
16 38 24 29 0.110956 3.97196 35.7978
16 38 25 30 0.1114 3.98788 35.7978
16 38 26 31 0.120295 4.06987 33.8325
16 38 27 32 0.135093 4.07431 30.1593
16 38 28 33 0.170248 4.29565 25.2317
16 38 29 34 0.242724 4.75825 19.6035
16 38 30 35 0.396973 5.4908 13.8317
16 38 31 36 0.752628 6.32528 8.40426
16 38 32 37 1.88311 6.9746 3.70377
17 29 18 21 2.22687 8.92234 4.00667
17 29 19 22 0.703629 6.44734 9.16298
17 29 20 23 0.383941 5.42784 14.1372
17 29 21 24 0.297631 5.13352 17.248
17 29 22 25 0.29526 5.09264 17.248
17 29 23 26 0.385017 5.44305 14.1372
17 29 24 27 0.72392 6.63326 9.16298
17 29 25 28 2.08218 8.34261 4.00667
17 39 18 23 2.34118 8.67119 3.70377
17 39 19 24 0.753939 6.3363 8.40426
17 39 20 25 0.382911 5.2963 13.8317
17 39 21 26 0.247264 4.84724 19.6035
17 39 22 27 0.177306 4.47372 25.2317
17 39 23 28 0.139467 4.20624 30.1593
17 39 24 29 0.121192 4.10024 33.8325
17 39 25 30 0.113227 4.05326 35.7978
17 39 26 31 0.114533 4.10004 35.7978
17 39 27 32 0.121037 4.095 33.8325
17 39 28 33 0.140489 4.23705 30.1593
17 39 29 34 0.182182 4.59675 25.2317
17 39 30 35 0.261991 5.13595 19.6035
17 39 31 36 0.416394 5.75943 13.8317
17 39 32 37 0.762781 6.41061 8.40426
17 39 33 38 1.85907 6.88559 3.70377
18 30 19 22 2.08046 8.33571 4.00667
18 30 20 23 0.687466 6.29924 9.16298
18 30 21 24 0.392475 5.54848 14.1372
18 30 22 25 0.297432 5.13009 17.248
18 30 23 26 0.288886 4.98269 17.248
18 30 24 27 0.387398 5.47671 14.1372
18 30 25 28 0.721444 6.61058 9.16298
18 30 26 29 1.98655 7.95946 4.00667
18 40 19 24 2.19843 8.1425 3.70377
18 40 20 25 0.736924 6.1933 8.40426
18 40 21 26 0.394233 5.45291 13.8317
18 40 22 27 0.250599 4.91262 19.6035
18 40 23 28 0.177708 4.48388 25.2317
18 40 24 29 0.141521 4.26817 30.1593
18 40 25 30 0.121847 4.1224 33.8325
18 40 26 31 0.114625 4.10331 35.7978
18 40 27 32 0.113627 4.06759 35.7978
18 40 28 33 0.121794 4.12061 33.8325
18 40 29 34 0.144359 4.35378 30.1593
18 40 30 35 0.186646 4.7094 25.2317
18 40 31 36 0.261054 5.11757 19.6035
18 40 32 37 0.40552 5.60903 13.8317
18 40 33 38 0.694728 5.83868 8.40426
18 40 34 39 1.87889 6.95897 3.70377
19 31 20 23 1.95136 7.81845 4.00667
19 31 21 24 0.711166 6.5164 9.16298
19 31 22 25 0.405358 5.73061 14.1372
19 31 23 26 0.294375 5.07736 17.248
19 31 24 27 0.287461 4.95812 17.248
19 31 25 28 0.380925 5.3852 14.1372
19 31 26 29 0.67159 6.15376 9.16298
19 31 27 30 1.76225 7.06076 4.00667
19 41 20 25 2.07174 7.67324 3.70377
19 41 21 26 0.765203 6.43096 8.40426
19 41 22 27 0.409136 5.65904 13.8317
19 41 23 28 0.254454 4.9882 19.6035
19 41 24 29 0.183056 4.61881 25.2317
19 41 25 30 0.143529 4.32874 30.1593
19 41 26 31 0.124726 4.2198 33.8325
19 41 27 32 0.115798 4.14532 35.7978
19 41 28 33 0.115067 4.11915 35.7978
19 41 29 34 0.125597 4.24927 33.8325
19 41 30 35 0.148307 4.47283 30.1593
19 41 31 36 0.187896 4.74093 25.2317
19 41 32 37 0.261977 5.13569 19.6035
19 41 33 38 0.381019 5.27013 13.8317
19 41 34 39 0.729488 6.13081 8.40426
19 41 35 40 2.2113 8.19015 3.70377
20 32 21 24 1.73443 6.9493 4.00667
20 32 22 25 0.67995 6.23036 9.16298
20 32 23 26 0.377721 5.33991 14.1372
20 32 24 27 0.285048 4.9165 17.248
20 32 25 28 0.285277 4.92045 17.248
20 32 26 29 0.378283 5.34785 14.1372
20 32 27 30 0.653055 5.98393 9.16298
20 32 28 31 1.7348 6.95079 4.00667
20 42 21 26 1.84692 6.84056 3.70377
20 42 22 27 0.723954 6.0843 8.40426
20 42 23 28 0.379052 5.24293 13.8317
20 42 24 29 0.243902 4.78135 19.6035
20 42 25 30 0.173745 4.38388 25.2317
20 42 26 31 0.139453 4.20582 30.1593
20 42 27 32 0.121814 4.12129 33.8325
20 42 28 33 0.113007 4.04539 35.7978
20 42 29 34 0.114275 4.09079 35.7978
20 42 30 35 0.124154 4.20043 33.8325
20 42 31 36 0.143676 4.33316 30.1593
20 42 32 37 0.182389 4.60199 25.2317
20 42 33 38 0.234773 4.60238 19.6035
20 42 34 39 0.363895 5.03327 13.8317
20 42 35 40 0.748618 6.29158 8.40426
20 42 36 41 2.05274 7.60288 3.70377
21 33 22 25 2.05394 8.22944 4.00667
21 33 23 26 0.72055 6.60239 9.16298
21 33 24 27 0.399051 5.64146 14.1372
21 33 25 28 0.2921 5.03813 17.248
21 33 26 29 0.293837 5.06809 17.248
21 33 27 30 0.390694 5.5233 14.1372
21 33 28 31 0.669988 6.13909 9.16298
21 33 29 32 1.66037 6.65254 4.00667
21 43 22 27 2.1639 8.01458 3.70377
21 43 23 28 0.766052 6.4381 8.40426
21 43 24 29 0.404115 5.58959 13.8317
21 43 25 30 0.247385 4.84963 19.6035
21 43 26 31 0.17693 4.46424 25.2317
21 43 27 32 0.142768 4.30577 30.1593
21 43 28 33 0.122772 4.1537 33.8325
21 43 29 34 0.114609 4.10273 35.7978
21 43 30 35 0.114736 4.10731 35.7978
21 43 31 36 0.122099 4.1309 33.8325
21 43 32 37 0.142647 4.30214 30.1593
21 43 33 38 0.166536 4.20199 25.2317
21 43 34 39 0.220291 4.31849 19.6035
21 43 35 40 0.357594 4.94612 13.8317
21 43 36 41 0.669406 5.62586 8.40426
21 43 37 42 1.90954 7.07251 3.70377
22 34 23 26 1.92973 7.73179 4.00667
22 34 24 27 0.737375 6.75655 9.16298
22 34 25 28 0.39144 5.53386 14.1372
22 34 26 29 0.291533 5.02835 17.248
22 34 27 30 0.300587 5.18451 17.248
22 34 28 31 0.389887 5.5119 14.1372
22 34 29 32 0.648153 5.93901 9.16298
22 34 30 33 2.04131 8.17883 4.00667
22 44 23 28 2.03822 7.54909 3.70377
22 44 24 29 0.791694 6.6536 8.40426
22 44 25 30 0.3995 5.52575 13.8317
22 44 26 31 0.248629 4.874 19.6035
22 44 27 32 0.183648 4.63375 25.2317
22 44 28 33 0.146153 4.40786 30.1593
22 44 29 34 0.126439 4.27777 33.8325
22 44 30 35 0.11766 4.21196 35.7978
22 44 31 36 0.116735 4.17885 35.7978
22 44 32 37 0.127981 4.32991 33.8325
22 44 33 38 0.139828 4.21711 30.1593
22 44 34 39 0.168006 4.23909 25.2317
22 44 35 40 0.238679 4.67896 19.6035
22 44 36 41 0.37438 5.1783 13.8317
22 44 37 42 0.736844 6.19263 8.40426
22 44 38 43 2.07714 7.69324 3.70377
23 35 24 27 2.07866 8.3285 4.00667
23 35 25 28 0.715953 6.56026 9.16298
23 35 26 29 0.380109 5.37367 14.1372
23 35 27 30 0.299052 5.15804 17.248
23 35 28 31 0.295133 5.09044 17.248
23 35 29 32 0.358455 5.06753 14.1372
23 35 30 33 0.675388 6.18856 9.16298
23 35 31 34 1.80818 7.24478 4.00667
23 45 24 29 2.19882 8.14394 3.70377
23 45 25 30 0.775424 6.51686 8.40426
23 45 26 31 0.390774 5.40505 13.8317
23 45 27 32 0.256695 5.03212 19.6035
23 45 28 33 0.186597 4.70816 25.2317
23 45 29 34 0.148102 4.46664 30.1593
23 45 30 35 0.127299 4.30685 33.8325
23 45 31 36 0.117028 4.18935 35.7978
23 45 32 37 0.12001 4.29609 35.7978
23 45 33 38 0.122981 4.16075 33.8325
23 45 34 39 0.135524 4.08732 30.1593
23 45 35 40 0.17241 4.35019 25.2317
23 45 36 41 0.2384 4.67349 19.6035
23 45 37 42 0.384637 5.32017 13.8317
23 45 38 43 0.729358 6.12972 8.40426
23 45 39 44 1.85544 6.87213 3.70377
24 36 25 28 1.8968 7.59984 4.00667
24 36 26 29 0.650354 5.95918 9.16298
24 36 27 30 0.389991 5.51337 14.1372
24 36 28 31 0.302787 5.22246 17.248
24 36 29 32 0.28612 4.93499 17.248
24 36 30 33 0.39176 5.53837 14.1372
24 36 31 34 0.748248 6.85618 9.16298
24 36 32 35 2.3931 9.58834 4.00667
24 46 25 30 2.02145 7.487 3.70377
24 46 26 31 0.70855 5.95484 8.40426
24 46 27 32 0.394347 5.45448 13.8317
24 46 28 33 0.257414 5.04622 19.6035
24 46 29 34 0.18585 4.68932 25.2317
24 46 30 35 0.146735 4.42542 30.1593
24 46 31 36 0.12484 4.22367 33.8325
24 46 32 37 0.119705 4.28516 35.7978
24 46 33 38 0.115406 4.13126 35.7978
24 46 34 39 0.117738 3.98338 33.8325
24 46 35 40 0.136191 4.10742 30.1593
24 46 36 41 0.170401 4.29951 25.2317
24 46 37 42 0.239847 4.70186 19.6035
24 46 38 43 0.375555 5.19455 13.8317
24 46 39 44 0.660615 5.55198 8.40426
24 46 40 45 2.03769 7.54714 3.70377
25 37 26 29 1.66498 6.67102 4.00667
25 37 27 30 0.654652 5.99856 9.16298
25 37 28 31 0.389903 5.51212 14.1372
25 37 29 32 0.282471 4.87206 17.248
25 37 30 33 0.275345 4.74913 17.248
25 37 31 34 0.374381 5.29269 14.1372
25 37 32 35 0.735863 6.7427 9.16298
25 37 33 36 2.02417 8.11019 4.00667
25 47 26 31 1.78867 6.62483 3.70377
25 47 27 32 0.707503 5.94604 8.40426
25 47 28 33 0.39495 5.46283 13.8317
25 47 29 34 0.253869 4.97673 19.6035
25 47 30 35 0.182392 4.60205 25.2317
25 47 31 36 0.142998 4.31273 30.1593
25 47 32 37 0.12823 4.33833 33.8325
25 47 33 38 0.116694 4.17738 35.7978
25 47 34 39 0.11122 3.98142 35.7978
25 47 35 40 0.118761 4.01798 33.8325
25 47 36 41 0.137129 4.13573 30.1593
25 47 37 42 0.174538 4.4039 25.2317
25 47 38 43 0.242642 4.75665 19.6035
25 47 39 44 0.356022 4.92438 13.8317
25 47 40 45 0.733455 6.16415 8.40426
25 47 41 46 2.10445 7.79442 3.70377
26 38 27 30 1.80076 7.21507 4.00667
26 38 28 31 0.705396 6.46353 9.16298
26 38 29 32 0.385338 5.44759 14.1372
26 38 30 33 0.280618 4.84009 17.248
26 38 31 34 0.282968 4.88063 17.248
26 38 32 35 0.401135 5.67091 14.1372
26 38 33 36 0.712336 6.52712 9.16298
26 38 34 37 1.76776 7.08284 4.00667
26 48 27 32 1.91468 7.09154 3.70377
26 48 28 33 0.750973 6.31137 8.40426
26 48 29 34 0.397115 5.49277 13.8317
26 48 30 35 0.24971 4.89521 19.6035
26 48 31 36 0.176589 4.45563 25.2317
26 48 32 37 0.14634 4.4135 30.1593
26 48 33 38 0.125168 4.23476 33.8325
26 48 34 39 0.111344 3.98586 35.7978
26 48 35 40 0.109906 3.9344 35.7978
26 48 36 41 0.117725 3.98293 33.8325
26 48 37 42 0.136886 4.12839 30.1593
26 48 38 43 0.173207 4.3703 25.2317
26 48 39 44 0.224226 4.39563 19.6035
26 48 40 45 0.364531 5.04207 13.8317
26 48 41 46 0.712442 5.98755 8.40426
26 48 42 47 1.919 7.10752 3.70377
27 39 28 31 2.06673 8.2807 4.00667
27 39 29 32 0.731857 6.70599 9.16298
27 39 30 33 0.386803 5.4683 14.1372
27 39 31 34 0.288092 4.96899 17.248
27 39 32 35 0.310283 5.35175 17.248
27 39 33 36 0.419017 5.92371 14.1372
27 39 34 37 0.70859 6.49279 9.16298
27 39 35 38 1.72617 6.91618 4.00667
27 49 28 33 2.17151 8.04277 3.70377
27 49 29 34 0.785029 6.59759 8.40426
27 49 30 35 0.39925 5.52229 13.8317
27 49 31 36 0.244354 4.79021 19.6035
27 49 32 37 0.182923 4.61546 25.2317
27 49 33 38 0.145586 4.39076 30.1593
27 49 34 39 0.120484 4.07627 33.8325
27 49 35 40 0.109935 3.93543 35.7978
27 49 36 41 0.109675 3.92611 35.7978
27 49 37 42 0.117549 3.977 33.8325
27 49 38 43 0.137736 4.15403 30.1593
27 49 39 44 0.162851 4.10901 25.2317
27 49 40 45 0.225696 4.42445 19.6035
27 49 41 46 0.354486 4.90313 13.8317
27 49 42 47 0.646307 5.43174 8.40426
27 49 43 48 1.73168 6.41374 3.70377
28 40 29 32 2.08739 8.36347 4.00667
28 40 30 33 0.717124 6.57099 9.16298
28 40 31 34 0.38021 5.3751 14.1372
28 40 32 35 0.304724 5.25588 17.248
28 40 33 36 0.314096 5.41752 17.248
28 40 34 37 0.401841 5.68089 14.1372
28 40 35 38 0.632869 5.79897 9.16298
28 40 36 39 1.75055 7.01385 4.00667
28 50 29 34 2.20412 8.16355 3.70377
28 50 30 35 0.778947 6.54648 8.40426
28 50 31 36 0.387909 5.36543 13.8317
28 50 32 37 0.255109 5.00105 19.6035
28 50 33 38 0.18654 4.70673 25.2317
28 50 34 39 0.142843 4.30805 30.1593
28 50 35 40 0.120465 4.07565 33.8325
28 50 36 41 0.112381 4.02297 35.7978
28 50 37 42 0.111949 4.00754 35.7978
28 50 38 43 0.123461 4.177 33.8325
28 50 39 44 0.137082 4.13431 30.1593
28 50 40 45 0.172293 4.34724 25.2317
28 50 41 46 0.239345 4.69202 19.6035
28 50 42 47 0.363562 5.02867 13.8317
28 50 43 48 0.684734 5.75468 8.40426
28 50 44 49 1.93681 7.17351 3.70377
29 41 30 33 1.97576 7.9162 4.00667
29 41 31 34 0.665107 6.09436 9.16298
29 41 32 35 0.390651 5.5227 14.1372
29 41 33 36 0.310995 5.36403 17.248
29 41 34 37 0.308888 5.32769 17.248
29 41 35 38 0.368184 5.20508 14.1372
29 41 36 39 0.668941 6.12949 9.16298
29 41 37 40 2.08661 8.36034 4.00667
29 51 30 35 2.10274 7.78808 3.70377
29 51 31 36 0.720816 6.05792 8.40426
29 51 32 37 0.392553 5.42967 13.8317
29 51 33 38 0.258038 5.05846 19.6035
29 51 34 39 0.181022 4.56749 25.2317
29 51 35 40 0.139868 4.21833 30.1593
29 51 36 41 0.121421 4.10799 33.8325
29 51 37 42 0.111718 3.99925 35.7978
29 51 38 43 0.11567 4.14071 35.7978
29 51 39 44 0.121014 4.09421 33.8325
29 51 40 45 0.139701 4.21329 30.1593
29 51 41 46 0.176255 4.4472 25.2317
29 51 42 47 0.236574 4.63769 19.6035
29 51 43 48 0.371065 5.13245 13.8317
29 51 44 49 0.707366 5.94488 8.40426
29 51 45 50 1.73337 6.41999 3.70377
30 42 31 34 1.74851 7.00568 4.00667
30 42 32 35 0.656952 6.01963 9.16298
30 42 33 36 0.39532 5.58871 14.1372
30 42 34 37 0.302225 5.21276 17.248
30 42 35 38 0.272844 4.70601 17.248
30 42 36 39 0.355325 5.02329 14.1372
30 42 37 40 0.692776 6.34789 9.16298
30 42 38 41 1.95352 7.82709 4.00667
30 52 31 36 1.86947 6.92409 3.70377
30 52 32 37 0.708924 5.95798 8.40426
30 52 33 38 0.397333 5.49579 13.8317
30 52 34 39 0.250474 4.91019 19.6035
30 52 35 40 0.175144 4.41918 25.2317
30 52 36 41 0.14079 4.24613 30.1593
30 52 37 42 0.119016 4.02662 33.8325
30 52 38 43 0.115413 4.13152 35.7978
30 52 39 44 0.11397 4.07987 35.7978
30 52 40 45 0.121914 4.12465 33.8325
30 52 41 46 0.141678 4.27291 30.1593
30 52 42 47 0.172864 4.36166 25.2317
30 52 43 48 0.240222 4.70921 19.6035
30 52 44 49 0.38208 5.2848 13.8317
30 52 45 50 0.671137 5.64041 8.40426
30 52 46 51 2.0395 7.55384 3.70377
31 43 32 35 1.74425 6.98863 4.00667
31 43 33 36 0.67598 6.19399 9.16298
31 43 34 37 0.392562 5.54972 14.1372
31 43 35 38 0.271306 4.67948 17.248
31 43 36 39 0.260733 4.49712 17.248
31 43 37 40 0.347561 4.91352 14.1372
31 43 38 41 0.630647 5.7786 9.16298
31 43 39 42 1.82363 7.30667 4.00667
31 53 32 37 1.8592 6.88606 3.70377
31 53 33 38 0.72686 6.10872 8.40426
31 53 34 39 0.388815 5.37796 13.8317
31 53 35 40 0.239302 4.69117 19.6035
31 53 36 41 0.176133 4.44414 25.2317
31 53 37 42 0.135292 4.08031 30.1593
31 53 38 43 0.122295 4.13756 33.8325
31 53 39 44 0.113812 4.07423 35.7978
31 53 40 45 0.113024 4.046 35.7978
31 53 41 46 0.121571 4.11306 33.8325
31 53 42 47 0.135929 4.09953 30.1593
31 53 43 48 0.17046 4.301 25.2317
31 53 44 49 0.23778 4.66134 19.6035
31 53 45 50 0.344332 4.76269 13.8317
31 53 46 51 0.687183 5.77526 8.40426
31 53 47 52 1.84896 6.84812 3.70377
32 44 33 36 1.68137 6.73669 4.00667
32 44 34 37 0.668797 6.12818 9.16298
32 44 35 38 0.353897 5.0031 14.1372
32 44 36 39 0.268849 4.6371 17.248
32 44 37 40 0.266078 4.58931 17.248
32 44 38 41 0.370366 5.23592 14.1372
32 44 39 42 0.700155 6.4155 9.16298
32 44 40 43 1.96527 7.87419 4.00667
32 54 33 38 1.78982 6.62907 3.70377
32 54 34 39 0.701403 5.89477 8.40426
32 54 35 40 0.357896 4.95029 13.8317
32 54 36 41 0.236895 4.64399 19.6035
32 54 37 42 0.163505 4.12552 25.2317
32 54 38 43 0.137097 4.13475 30.1593
32 54 39 44 0.120487 4.07639 33.8325
32 54 40 45 0.111845 4.0038 35.7978
32 54 41 46 0.112412 4.0241 35.7978
32 54 42 47 0.116864 3.9538 33.8325
32 54 43 48 0.135036 4.0726 30.1593
32 54 44 49 0.171781 4.33432 25.2317
32 54 45 50 0.220143 4.31559 19.6035
32 54 46 51 0.353488 4.88933 13.8317
32 54 47 52 0.666992 5.60558 8.40426
32 54 48 53 1.8527 6.862 3.70377
33 45 34 37 2.0669 8.2814 4.00667
33 45 35 38 0.676873 6.20217 9.16298
33 45 36 39 0.383111 5.41611 14.1372
33 45 37 40 0.265937 4.58686 17.248
33 45 38 41 0.278605 4.80538 17.248
33 45 39 42 0.391269 5.53143 14.1372
33 45 40 43 0.681189 6.24172 9.16298
33 45 41 44 1.73981 6.97082 4.00667
33 55 34 39 2.15944 7.99806 3.70377
33 55 35 40 0.723576 6.08112 8.40426
33 55 36 41 0.395692 5.47308 13.8317
33 55 37 42 0.230518 4.51898 19.6035
33 55 38 43 0.173114 4.36795 25.2317
33 55 39 44 0.141145 4.25685 30.1593
33 55 40 45 0.12133 4.10491 33.8325
33 55 41 46 0.113604 4.06676 35.7978
33 55 42 47 0.109931 3.9353 35.7978
33 55 43 48 0.118054 3.99405 33.8325
33 55 44 49 0.139513 4.20762 30.1593
33 55 45 50 0.163682 4.12998 25.2317
33 55 46 51 0.227736 4.46444 19.6035
33 55 47 52 0.354369 4.90152 13.8317
33 55 48 53 0.676563 5.68601 8.40426
33 55 49 54 1.76586 6.54036 3.70377
34 46 35 38 1.80242 7.22168 4.00667
34 46 36 39 0.735899 6.74302 9.16298
34 46 37 40 0.360527 5.09683 14.1372
34 46 38 41 0.279338 4.81801 17.248
34 46 39 42 0.296611 5.11594 17.248
34 46 40 43 0.376939 5.32886 14.1372
34 46 41 44 0.611291 5.60125 9.16298
34 46 42 45 1.92198 7.70074 4.00667
34 56 35 40 1.9125 7.08348 3.70377
34 56 36 41 0.79635 6.69273 8.40426
34 56 37 42 0.375013 5.18705 13.8317
34 56 38 43 0.245158 4.80597 19.6035
34 56 39 44 0.182757 4.61126 25.2317
34 56 40 45 0.144162 4.34783 30.1593
34 56 41 46 0.12507 4.23145 33.8325
34 56 42 47 0.112416 4.02423 35.7978
34 56 43 48 0.112383 4.02306 35.7978
34 56 44 49 0.124667 4.21781 33.8325
34 56 45 50 0.136457 4.11544 30.1593
34 56 46 51 0.172147 4.34356 25.2317
34 56 47 52 0.238208 4.66971 19.6035
34 56 48 53 0.378208 5.23125 13.8317
34 56 49 54 0.695064 5.8415 8.40426
34 56 50 55 1.78131 6.59756 3.70377
35 47 36 39 2.36116 9.46038 4.00667
35 47 37 40 0.704445 6.45481 9.16298
35 47 38 41 0.384094 5.43 14.1372
35 47 39 42 0.308437 5.31992 17.248
35 47 40 43 0.296463 5.11338 17.248
35 47 41 44 0.354586 5.01284 14.1372
35 47 42 45 0.680313 6.23369 9.16298
35 47 43 46 1.99075 7.97627 4.00667
35 57 36 41 2.49034 9.22364 3.70377
35 57 37 42 0.767542 6.45063 8.40426
35 57 38 43 0.398515 5.51213 13.8317
35 57 39 44 0.26202 5.13652 19.6035
35 57 40 45 0.185918 4.69102 25.2317
35 57 41 46 0.147624 4.45222 30.1593
35 57 42 47 0.122044 4.12906 33.8325
35 57 43 48 0.112759 4.03653 35.7978
35 57 44 49 0.117117 4.19251 35.7978
35 57 45 50 0.119872 4.05558 33.8325
35 57 46 51 0.138623 4.18077 30.1593
35 57 47 52 0.174676 4.40736 25.2317
35 57 48 53 0.244358 4.79029 19.6035
35 57 49 54 0.375548 5.19446 13.8317
35 57 50 55 0.670252 5.63297 8.40426
35 57 51 56 1.72205 6.3781 3.70377
36 48 37 40 1.98221 7.94206 4.00667
36 48 38 41 0.68834 6.30725 9.16298
36 48 39 42 0.41298 5.83836 14.1372
36 48 40 43 0.302545 5.21829 17.248
36 48 41 44 0.274368 4.73228 17.248
36 48 42 45 0.359006 5.07532 14.1372
36 48 43 46 0.661952 6.06545 9.16298
36 48 44 47 1.82969 7.33098 4.00667
36 58 37 42 2.11284 7.82549 3.70377
36 58 38 43 0.752754 6.32634 8.40426
36 58 39 44 0.41571 5.74996 13.8317
36 58 40 45 0.259951 5.09595 19.6035
36 58 41 46 0.187186 4.72301 25.2317
36 58 42 47 0.141378 4.26387 30.1593
36 58 43 48 0.12024 4.06801 33.8325
36 58 44 49 0.116966 4.18711 35.7978
36 58 45 50 0.112217 4.01712 35.7978
36 58 46 51 0.119974 4.05901 33.8325
36 58 47 52 0.139446 4.2056 30.1593
36 58 48 53 0.176768 4.46016 25.2317
36 58 49 54 0.241353 4.73137 19.6035
36 58 50 55 0.363995 5.03466 13.8317
36 58 51 56 0.66185 5.56236 8.40426
36 58 52 57 2.00099 7.41121 3.70377
37 49 38 41 1.74601 6.9957 4.00667
37 49 39 42 0.709947 6.50522 9.16298
37 49 40 43 0.39863 5.6355 14.1372
37 49 41 44 0.284175 4.90144 17.248
37 49 42 45 0.267062 4.60627 17.248
37 49 43 46 0.347703 4.91553 14.1372
37 49 44 47 0.613283 5.6195 9.16298
37 49 45 48 1.63747 6.56079 4.00667
37 59 38 43 1.87708 6.95228 3.70377
37 59 39 44 0.757928 6.36983 8.40426
37 59 40 45 0.400602 5.541 13.8317
37 59 41 46 0.258055 5.05879 19.6035
37 59 42 47 0.176624 4.45652 25.2317
37 59 43 48 0.137372 4.14304 30.1593
37 59 44 49 0.124982 4.22846 33.8325
37 59 45 50 0.112439 4.02506 35.7978
37 59 46 51 0.11155 3.99323 35.7978
37 59 47 52 0.120457 4.07535 33.8325
37 59 48 53 0.14011 4.22562 30.1593
37 59 49 54 0.173971 4.38958 25.2317
37 59 50 55 0.233684 4.58104 19.6035
37 59 51 56 0.350769 4.85172 13.8317
37 59 52 57 0.721499 6.06367 8.40426
37 59 53 58 1.93813 7.17837 3.70377
38 50 39 42 1.76278 7.06287 4.00667
38 50 40 43 0.658875 6.03726 9.16298
38 50 41 44 0.372323 5.2636 14.1372
38 50 42 45 0.269214 4.64339 17.248
38 50 43 46 0.268193 4.62579 17.248
38 50 44 47 0.364325 5.15052 14.1372
38 50 45 48 0.640623 5.87002 9.16298
38 50 46 49 1.82234 7.30149 4.00667
38 60 39 44 1.86194 6.8962 3.70377
38 60 40 45 0.694896 5.84009 8.40426
38 60 41 46 0.38113 5.27166 13.8317
38 60 42 47 0.231673 4.54161 19.6035
38 60 43 48 0.16326 4.11932 25.2317
38 60 44 49 0.138836 4.18719 30.1593
38 60 45 50 0.117578 3.97795 33.8325
38 60 46 51 0.10914 3.90695 35.7978
38 60 47 52 0.110512 3.95609 35.7978
38 60 48 53 0.119617 4.04694 33.8325
38 60 49 54 0.137473 4.14609 30.1593
38 60 50 55 0.169624 4.27989 25.2317
38 60 51 56 0.224469 4.40039 19.6035
38 60 52 57 0.374088 5.17426 13.8317
38 60 53 58 0.723455 6.0801 8.40426
38 60 54 59 1.94088 7.18859 3.70377
39 51 40 43 1.79682 7.19928 4.00667
39 51 41 44 0.686753 6.2927 9.16298
39 51 42 45 0.360483 5.09621 14.1372
39 51 43 46 0.26339 4.54294 17.248
39 51 44 47 0.278567 4.80471 17.248
39 51 45 48 0.367811 5.1998 14.1372
39 51 46 49 0.652119 5.97535 9.16298
39 51 47 50 1.62281 6.50205 4.00667
39 61 40 45 1.88657 6.98744 3.70377
39 61 41 46 0.736275 6.18785 8.40426
39 61 42 47 0.365361 5.05355 13.8317
39 61 43 48 0.220894 4.33031 19.6035
39 61 44 49 0.17103 4.31539 25.2317
39 61 45 50 0.134136 4.04544 30.1593
39 61 46 51 0.115455 3.90612 33.8325
39 61 47 52 0.109269 3.9116 35.7978
39 61 48 53 0.110093 3.94109 35.7978
39 61 49 54 0.117779 3.98476 33.8325
39 61 50 55 0.13505 4.07302 30.1593
39 61 51 56 0.161777 4.0819 25.2317
39 61 52 57 0.230586 4.52029 19.6035
39 61 53 58 0.364662 5.04388 13.8317
39 61 54 59 0.681969 5.73145 8.40426
39 61 55 60 1.7094 6.33122 3.70377
40 52 41 44 2.10649 8.44001 4.00667
40 52 42 45 0.700346 6.41726 9.16298
40 52 43 46 0.354933 5.01775 14.1372
40 52 44 47 0.284965 4.91506 17.248
40 52 45 48 0.285188 4.91892 17.248
40 52 46 49 0.373131 5.27502 14.1372
40 52 47 50 0.620036 5.68138 9.16298
40 52 48 51 1.9263 7.71805 4.00667
40 62 41 46 2.22051 8.22428 3.70377
40 62 42 47 0.751382 6.31481 8.40426
40 62 43 48 0.359197 4.9683 13.8317
40 62 44 49 0.243634 4.77608 19.6035
40 62 45 50 0.17293 4.3633 25.2317
40 62 46 51 0.136039 4.10283 30.1593
40 62 47 52 0.119521 4.0437 33.8325
40 62 48 53 0.112054 4.01129 35.7978
40 62 49 54 0.112189 4.01611 35.7978
40 62 50 55 0.121272 4.10294 33.8325
40 62 51 56 0.135143 4.07581 30.1593
40 62 52 57 0.174117 4.39327 25.2317
40 62 53 58 0.243963 4.78254 19.6035
40 62 54 59 0.384928 5.3242 13.8317
40 62 55 60 0.696727 5.85547 8.40426
40 62 56 61 1.83839 6.80898 3.70377
41 53 42 45 1.94457 7.79125 4.00667
41 53 43 46 0.621751 5.69709 9.16298
41 53 44 47 0.373421 5.27912 14.1372
41 53 45 48 0.282544 4.87331 17.248
41 53 46 49 0.276077 4.76176 17.248
41 53 47 50 0.338646 4.7875 14.1372
41 53 48 51 0.637 5.83682 9.16298
41 53 49 52 1.73915 6.9682 4.00667
41 63 42 47 2.05732 7.61985 3.70377
41 63 43 48 0.671302 5.64179 8.40426
41 63 44 49 0.380374 5.26121 13.8317
41 63 45 50 0.239231 4.68977 19.6035
41 63 46 51 0.17025 4.29569 25.2317
41 63 47 52 0.137872 4.15813 30.1593
41 63 48 53 0.119714 4.05023 33.8325
41 63 49 54 0.11188 4.00506 35.7978
41 63 50 55 0.114024 4.0818 35.7978
41 63 51 56 0.118807 4.01954 33.8325
41 63 52 57 0.140148 4.22677 30.1593
41 63 53 58 0.177907 4.48889 25.2317
41 63 54 59 0.248855 4.87843 19.6035
41 63 55 60 0.380959 5.2693 13.8317
41 63 56 61 0.690453 5.80275 8.40426
41 63 57 62 1.66463 6.16541 3.70377
42 54 43 46 1.79635 7.1974 4.00667
42 54 44 47 0.689396 6.31692 9.16298
42 54 45 48 0.382483 5.40723 14.1372
42 54 46 49 0.280412 4.83654 17.248
42 54 47 50 0.262387 4.52565 17.248
42 54 48 51 0.348046 4.92038 14.1372
42 54 49 52 0.617594 5.659 9.16298
42 54 50 53 1.76286 7.06318 4.00667
42 64 43 48 1.90918 7.07116 3.70377
42 64 44 49 0.743121 6.24539 8.40426
42 64 45 50 0.384961 5.32465 13.8317
42 64 46 51 0.23937 4.69249 19.6035
42 64 47 52 0.175284 4.4227 25.2317
42 64 48 53 0.139172 4.19732 30.1593
42 64 49 54 0.120562 4.07891 33.8325
42 64 50 55 0.115673 4.14085 35.7978
42 64 51 56 0.113015 4.04568 35.7978
42 64 52 57 0.123369 4.17387 33.8325
42 64 53 58 0.14409 4.34565 30.1593
42 64 54 59 0.184117 4.64559 25.2317
42 64 55 60 0.253902 4.97738 19.6035
42 64 56 61 0.3909 5.4068 13.8317
42 64 57 62 0.684319 5.75119 8.40426
42 64 58 63 1.95743 7.24989 3.70377
43 55 44 47 1.96393 7.86883 4.00667
43 55 45 48 0.681006 6.24005 9.16298
43 55 46 49 0.370286 5.2348 14.1372
43 55 47 50 0.269642 4.65077 17.248
43 55 48 51 0.26451 4.56227 17.248
43 55 49 52 0.34545 4.88368 14.1372
43 55 50 53 0.640257 5.86666 9.16298
43 55 51 54 1.66987 6.69063 4.00667
44 56 45 48 1.75866 7.04637 4.00667
44 56 46 49 0.622135 5.70061 9.16298
44 56 47 50 0.347688 4.91532 14.1372
44 56 48 51 0.26055 4.49395 17.248
44 56 49 52 0.264122 4.55556 17.248
44 56 50 53 0.376097 5.31695 14.1372
44 56 51 54 0.649262 5.94918 9.16298
44 56 52 55 1.66797 6.68299 4.00667
45 57 46 49 1.94059 7.77529 4.00667
45 57 47 50 0.682106 6.25012 9.16298
45 57 48 51 0.355829 5.03042 14.1372
45 57 49 52 0.262994 4.53611 17.248
45 57 50 53 0.287347 4.95615 17.248
45 57 51 54 0.373971 5.28689 14.1372
45 57 52 55 0.618551 5.66777 9.16298
45 57 53 56 1.60372 6.42558 4.00667
46 58 47 50 1.99132 7.97855 4.00667
46 58 48 51 0.657339 6.02319 9.16298
46 58 49 52 0.344046 4.86384 14.1372
46 58 50 53 0.285914 4.93144 17.248
46 58 51 54 0.286994 4.95006 17.248
46 58 52 55 0.358519 5.06844 14.1372
46 58 53 56 0.606443 5.55682 9.16298
46 58 54 57 1.88578 7.55571 4.00667
47 59 48 51 1.80831 7.24529 4.00667
47 59 49 52 0.594049 5.44326 9.16298
47 59 50 53 0.366491 5.18115 14.1372
47 59 51 54 0.283727 4.89372 17.248
47 59 52 55 0.274069 4.72713 17.248
47 59 53 56 0.339607 4.80109 14.1372
47 59 54 57 0.66758 6.11703 9.16298
47 59 55 58 1.83722 7.36113 4.00667
48 60 49 52 1.61317 6.46343 4.00667
48 60 50 53 0.64245 5.88675 9.16298
48 60 51 54 0.37235 5.26397 14.1372
48 60 52 55 0.278502 4.8036 17.248
48 60 53 56 0.259307 4.47252 17.248
48 60 54 57 0.364526 5.15337 14.1372
48 60 55 58 0.680247 6.23309 9.16298
48 60 56 59 1.84947 7.41021 4.00667
49 61 50 53 1.82556 7.31443 4.00667
49 61 51 54 0.66014 6.04885 9.16298
49 61 52 55 0.371925 5.25797 14.1372
49 61 53 56 0.26021 4.48809 17.248
49 61 54 57 0.264931 4.56951 17.248
49 61 55 58 0.363441 5.13803 14.1372
49 61 56 59 0.648212 5.93955 9.16298
49 61 57 60 1.60686 6.43815 4.00667
50 62 51 54 1.64669 6.59775 4.00667
50 62 52 55 0.631955 5.79059 9.16298
50 62 53 56 0.334592 4.73019 14.1372
50 62 54 57 0.259817 4.48132 17.248
50 62 55 58 0.278253 4.79929 17.248
50 62 56 59 0.386195 5.4597 14.1372
50 62 57 60 0.647798 5.93576 9.16298
50 62 58 61 1.71833 6.88479 4.00667
51 63 52 55 1.9395 7.77093 4.00667
51 63 53 56 0.633582 5.8055 9.16298
51 63 54 57 0.34711 4.90716 14.1372
51 63 55 58 0.275213 4.74686 17.248
51 63 56 59 0.295188 5.09139 17.248
51 63 57 60 0.377305 5.33402 14.1372
51 63 58 61 0.634423 5.8132 9.16298
51 63 59 62 1.54368 6.185 4.00667
52 64 53 56 1.7347 6.95037 4.00667
52 64 54 57 0.615101 5.63616 9.16298
52 64 55 58 0.35472 5.01474 14.1372
52 64 56 59 0.294213 5.07457 17.248
52 64 57 60 0.295909 5.10382 17.248
52 64 58 61 0.380117 5.37378 14.1372
52 64 59 62 0.624015 5.71784 9.16298
52 64 60 63 1.83754 7.3624 4.00667
