64
# x y z
0.0 0.0 0.0
0.5 0.0 0.0
1.0 0.0 0.0
1.5 0.0 0.0
2.0 0.0 0.0
2.5 0.0 0.0
3.0 0.0 0.0
3.5 0.0 0.0
4.0 0.0 0.0
4.5 0.0 0.0
5.0 0.0 0.0
5.5 0.0 0.0
6.0 0.0 0.0
6.5 0.0 0.0
7.0 0.0 0.0
7.5 0.0 0.0
8.0 0.0 0.0
8.5 0.0 0.0
9.0 0.0 0.0
9.5 0.0 0.0
10.0 0.0 0.0
10.5 0.0 0.0
11.0 0.0 0.0
11.5 0.0 0.0
12.0 0.0 0.0
12.5 0.0 0.0
13.0 0.0 0.0
13.5 0.0 0.0
14.0 0.0 0.0
14.5 0.0 0.0
15.0 0.0 0.0
15.5 0.0 0.0
16.0 0.0 0.0
16.5 0.0 0.0
17.0 0.0 0.0
17.5 0.0 0.0
18.0 0.0 0.0
18.5 0.0 0.0
19.0 0.0 0.0
19.5 0.0 0.0
20.0 0.0 0.0
20.5 0.0 0.0
21.0 0.0 0.0
21.5 0.0 0.0
22.0 0.0 0.0
22.5 0.0 0.0
23.0 0.0 0.0
23.5 0.0 0.0
24.0 0.0 0.0
24.5 0.0 0.0
25.0 0.0 0.0
25.5 0.0 0.0
26.0 0.0 0.0
26.5 0.0 0.0
27.0 0.0 0.0
27.5 0.0 0.0
28.0 0.0 0.0
28.5 0.0 0.0
29.0 0.0 0.0
29.5 0.0 0.0
30.0 0.0 0.0
30.5 0.0 0.0
31.0 0.0 0.0
31.5 0.0 0.0
1400
# a b m n r rhoa k
1 13 2 5 2.05009 8.21404 4.00667
1 13 3 6 0.718661 6.58508 9.16298
1 13 4 7 0.431042 6.09371 14.1372
1 13 5 8 0.304165 5.24622 17.248
1 13 6 9 0.264608 4.56395 17.248
1 13 7 10 0.368923 5.21552 14.1372
1 13 8 11 0.712502 6.52864 9.16298
1 13 9 12 2.07105 8.298 4.00667
1 23 2 7 2.18219 8.08232 3.70377
1 23 3 8 0.777247 6.53219 8.40426
1 23 4 9 0.424113 5.86619 13.8317
1 23 5 10 0.265044 5.1958 19.6035
1 23 6 11 0.18878 4.76324 25.2317
1 23 7 12 0.141703 4.27366 30.1593
1 23 8 13 0.127384 4.30973 33.8325
1 23 9 14 0.123837 4.43308 35.7978
1 23 10 15 0.114578 4.10163 35.7978
1 23 11 16 0.126286 4.27257 33.8325
1 23 12 17 0.146929 4.43128 30.1593
1 23 13 18 0.185164 4.67201 25.2317
1 23 14 19 0.276012 5.4108 19.6035
1 23 15 20 0.401943 5.55955 13.8317
1 23 16 21 0.789271 6.63324 8.40426
1 23 17 22 2.22838 8.2534 3.70377
1 57 4 16 0.491936 5.6779 11.542
1 57 5 17 0.311933 5.07048 16.255
1 57 6 18 0.219714 4.68891 21.3409
1 57 7 19 0.161693 4.32587 26.7536
1 57 8 20 0.130923 4.2471 32.4396
1 57 9 21 0.114295 4.38184 38.3381
1 57 10 22 0.0954197 4.23482 44.381
1 57 11 23 0.0824724 4.1643 50.4932
1 57 12 24 0.0737026 4.17108 56.5934
1 57 13 25 0.0654502 4.09684 62.5948
1 57 14 26 0.0603817 4.1305 68.4065
1 57 15 27 0.0572316 4.23146 73.9358
1 57 16 28 0.0528708 4.18151 79.0892
1 57 17 29 0.0498947 4.17997 83.7758
1 57 18 30 0.0477404 4.19682 87.9092
1 57 19 31 0.0451928 4.1311 91.4105
1 57 20 32 0.04441 4.18389 94.2106
1 57 21 33 0.0436657 4.20296 96.2531
1 57 22 34 0.0431974 4.21156 97.4958
1 57 23 35 0.0430947 4.21953 97.913
1 57 24 36 0.0432273 4.21448 97.4958
1 57 25 37 0.0441176 4.24645 96.2531
1 57 26 38 0.0442245 4.16642 94.2106
1 57 27 39 0.0452687 4.13803 91.4105
1 57 28 40 0.0474176 4.16845 87.9092
1 57 29 41 0.0496539 4.15979 83.7758
1 57 30 42 0.0536615 4.24405 79.0892
1 57 31 43 0.0570852 4.22063 73.9358
1 57 32 44 0.0603584 4.12891 68.4065
1 57 33 45 0.0661612 4.14135 62.5948
1 57 34 46 0.0737454 4.1735 56.5934
1 57 35 47 0.0819119 4.136 50.4932
1 57 36 48 0.0952571 4.2276 44.381
1 57 37 49 0.110728 4.24512 38.3381
1 57 38 50 0.129796 4.21052 32.4396
1 57 39 51 0.164326 4.39632 26.7536
1 57 40 52 0.214406 4.57564 21.3409
1 57 41 53 0.304495 4.94956 16.255
1 57 42 54 0.471834 5.44589 11.542
2 14 3 6 1.76486 7.0712 4.00667
2 14 4 7 0.714474 6.54671 9.16298
2 14 5 8 0.391672 5.53713 14.1372
2 14 6 9 0.270959 4.67348 17.248
2 14 7 10 0.273324 4.71429 17.248
2 14 8 11 0.384215 5.43172 14.1372
2 14 9 12 0.688466 6.3084 9.16298
2 14 10 13 1.82856 7.32645 4.00667
2 24 3 8 1.88239 6.97195 3.70377
2 24 4 9 0.747126 6.27904 8.40426
2 24 5 10 0.393045 5.43647 13.8317
2 24 6 11 0.24965 4.89403 19.6035
2 24 7 12 0.170709 4.30728 25.2317
2 24 8 13 0.142203 4.28874 30.1593
2 24 9 14 0.130995 4.43188 33.8325
2 24 10 15 0.113936 4.07867 35.7978
2 24 11 16 0.116444 4.16843 35.7978
2 24 12 17 0.126454 4.27825 33.8325
2 24 13 18 0.146467 4.41735 30.1593
2 24 14 19 0.198558 5.00996 25.2317
2 24 15 20 0.262329 5.14257 19.6035
2 24 16 21 0.422231 5.84016 13.8317
2 24 17 22 0.845062 7.10212 8.40426
2 24 18 23 2.46593 9.13326 3.70377
2 58 5 17 0.455552 5.25796 11.542
2 58 6 18 0.293626 4.77289 16.255
2 58 7 19 0.202747 4.32682 21.3409
2 58 8 20 0.15796 4.22601 26.7536
2 58 9 21 0.134683 4.36906 32.4396
2 58 10 22 0.109677 4.20479 38.3381
2 58 11 23 0.0929666 4.12595 44.381
2 58 12 24 0.0818361 4.13217 50.4932
2 58 13 25 0.0716019 4.05219 56.5934
2 58 14 26 0.0653036 4.08766 62.5948
2 58 15 27 0.0613243 4.19499 68.4065
2 58 16 28 0.0560557 4.14452 73.9358
2 58 17 29 0.0524116 4.14519 79.0892
2 58 18 30 0.0496632 4.16057 83.7758
2 58 19 31 0.0465739 4.09427 87.9092
2 58 20 32 0.0453772 4.14795 91.4105
2 58 21 33 0.044292 4.17278 94.2106
2 58 22 34 0.0434596 4.18312 96.2531
2 58 23 35 0.0429779 4.19016 97.4958
2 58 24 36 0.0427982 4.1905 97.913
2 58 25 37 0.043315 4.22303 97.4958
2 58 26 38 0.0430949 4.14802 96.2531
2 58 27 39 0.0437918 4.12565 94.2106
2 58 28 40 0.0454351 4.15324 91.4105
2 58 29 41 0.0471523 4.14512 87.9092
2 58 30 42 0.0504039 4.22262 83.7758
2 58 31 43 0.0530728 4.19748 79.0892
2 58 32 44 0.0556073 4.11137 73.9358
2 58 33 45 0.0602019 4.1182 68.4065
2 58 34 46 0.0661181 4.13864 62.5948
2 58 35 47 0.0723511 4.09459 56.5934
2 58 36 48 0.0825768 4.16957 50.4932
2 58 37 49 0.0938779 4.16639 44.381
2 58 38 50 0.10758 4.12443 38.3381
2 58 39 51 0.13125 4.25769 32.4396
2 58 40 52 0.163381 4.37103 26.7536
2 58 41 53 0.216409 4.61838 21.3409
2 58 42 54 0.302525 4.91754 16.255
2 58 43 55 0.443399 5.11769 11.542
3 15 4 7 2.04499 8.19359 4.00667
3 15 5 8 0.69957 6.41015 9.16298
3 15 6 9 0.36686 5.18637 14.1372
3 15 7 10 0.275087 4.74469 17.248
3 15 8 11 0.303011 5.22632 17.248
3 15 9 12 0.429855 6.07693 14.1372
3 15 10 13 0.766435 7.02282 9.16298
3 15 11 14 1.95689 7.84059 4.00667
3 25 4 9 2.12803 7.88175 3.70377
3 25 5 10 0.736631 6.19084 8.40426
3 25 6 11 0.38141 5.27555 13.8317
3 25 7 12 0.227245 4.45481 19.6035
3 25 8 13 0.171343 4.32328 25.2317
3 25 9 14 0.148032 4.46453 30.1593
3 25 10 15 0.120438 4.07472 33.8325
3 25 11 16 0.113876 4.07651 35.7978
3 25 12 17 0.115467 4.13345 35.7978
3 25 13 18 0.123294 4.17134 33.8325
3 25 14 19 0.152949 4.61285 30.1593
3 25 15 20 0.186182 4.69769 25.2317
3 25 16 21 0.258587 5.06922 19.6035
3 25 17 22 0.422763 5.84752 13.8317
3 25 18 23 0.840577 7.06443 8.40426
3 25 19 24 2.28835 8.47552 3.70377
3 59 6 18 0.440811 5.08782 11.542
3 59 7 19 0.272594 4.43102 16.255
3 59 8 20 0.199296 4.25317 21.3409
3 59 9 21 0.164201 4.39298 26.7536
3 59 10 22 0.129365 4.19654 32.4396
3 59 11 23 0.106856 4.09666 38.3381
3 59 12 24 0.0923663 4.09931 44.381
3 59 13 25 0.0794055 4.00944 50.4932
3 59 14 26 0.0713801 4.03965 56.5934
3 59 15 27 0.0663427 4.15271 62.5948
3 59 16 28 0.059932 4.09974 68.4065
3 59 17 29 0.0555003 4.10346 73.9358
3 59 18 30 0.0520833 4.11922 79.0892
3 59 19 31 0.0483294 4.04883 83.7758
3 59 20 32 0.046747 4.10949 87.9092
3 59 21 33 0.0452304 4.13454 91.4105
3 59 22 34 0.0440146 4.14664 94.2106
3 59 23 35 0.0431773 4.15595 96.2531
3 59 24 36 0.0426651 4.15966 97.4958
3 59 25 37 0.0428395 4.19454 97.913
3 59 26 38 0.0423498 4.12893 97.4958
3 59 27 39 0.0427111 4.11107 96.2531
3 59 28 40 0.0439372 4.13935 94.2106
3 59 29 41 0.0452218 4.13375 91.4105
3 59 30 42 0.0478599 4.20733 87.9092
3 59 31 43 0.0499594 4.18539 83.7758
3 59 32 44 0.0519029 4.10496 79.0892
3 59 33 45 0.0556343 4.11336 73.9358
3 59 34 46 0.0603809 4.13045 68.4065
3 59 35 47 0.0652086 4.08172 62.5948
3 59 36 48 0.0733163 4.14922 56.5934
3 59 37 49 0.0819849 4.13968 50.4932
3 59 38 50 0.09236 4.09903 44.381
3 59 39 51 0.109744 4.20736 38.3381
3 59 40 52 0.132102 4.28535 32.4396
3 59 41 53 0.167181 4.47268 26.7536
3 59 42 54 0.219135 4.67654 21.3409
3 59 43 55 0.294632 4.78925 16.255
3 59 44 56 0.443776 5.12204 11.542
4 16 5 8 2.06953 8.29192 4.00667
4 16 6 9 0.686984 6.29482 9.16298
4 16 7 10 0.355876 5.03108 14.1372
4 16 8 11 0.286605 4.94335 17.248
4 16 9 12 0.316612 5.4609 17.248
4 16 10 13 0.417074 5.89624 14.1372
4 16 11 14 0.674585 6.18121 9.16298
4 16 12 15 1.63727 6.56001 4.00667
4 26 5 10 2.16568 8.02119 3.70377
4 26 6 11 0.749388 6.29805 8.40426
4 26 7 12 0.359771 4.97624 13.8317
4 26 8 13 0.234811 4.60314 19.6035
4 26 9 14 0.186667 4.70992 25.2317
4 26 10 15 0.1402 4.22833 30.1593
4 26 11 16 0.122224 4.13516 33.8325
4 26 12 17 0.115491 4.13433 35.7978
4 26 13 18 0.114041 4.08243 35.7978
4 26 14 19 0.130618 4.41913 33.8325
4 26 15 20 0.148417 4.47615 30.1593
4 26 16 21 0.18392 4.64061 25.2317
4 26 17 22 0.260788 5.11236 19.6035
4 26 18 23 0.417112 5.76936 13.8317
4 26 19 24 0.7562 6.3553 8.40426
4 26 20 25 1.94697 7.21112 3.70377
4 60 7 19 0.422264 4.87375 11.542
4 60 8 20 0.276697 4.49771 16.255
4 60 9 21 0.215525 4.59951 21.3409
4 60 10 22 0.161646 4.32462 26.7536
4 60 11 23 0.128696 4.17485 32.4396
4 60 12 24 0.108388 4.1554 38.3381
4 60 13 25 0.0909926 4.03834 44.381
4 60 14 26 0.0804289 4.06112 50.4932
4 60 15 27 0.0737537 4.17398 56.5934
4 60 16 28 0.0655992 4.10617 62.5948
4 60 17 29 0.0600221 4.1059 68.4065
4 60 18 30 0.0556863 4.11721 73.9358
4 60 19 31 0.0510629 4.03852 79.0892
4 60 20 32 0.0489219 4.09847 83.7758
4 60 21 33 0.0469163 4.12437 87.9092
4 60 22 34 0.0452162 4.13324 91.4105
4 60 23 35 0.0439221 4.13793 94.2106
4 60 24 36 0.0430365 4.1424 96.2531
4 60 25 37 0.0428092 4.17372 97.4958
4 60 26 38 0.0420199 4.11429 97.913
4 60 27 39 0.0420536 4.10005 97.4958
4 60 28 40 0.0428239 4.12193 96.2531
4 60 29 41 0.0436908 4.11614 94.2106
4 60 30 42 0.0457391 4.18103 91.4105
4 60 31 43 0.0472541 4.15407 87.9092
4 60 32 44 0.0486595 4.07649 83.7758
4 60 33 45 0.0515658 4.0783 79.0892
4 60 34 46 0.0552996 4.08862 73.9358
4 60 35 47 0.0589575 4.03308 68.4065
4 60 36 48 0.065247 4.08412 62.5948
4 60 37 49 0.0717665 4.06151 56.5934
4 60 38 50 0.0795308 4.01577 50.4932
4 60 39 51 0.0921952 4.09172 44.381
4 60 40 52 0.107792 4.13256 38.3381
4 60 41 53 0.131258 4.25797 32.4396
4 60 42 54 0.16355 4.37556 26.7536
4 60 43 55 0.206723 4.41165 21.3409
4 60 44 56 0.281062 4.56867 16.255
4 60 45 57 0.452605 5.22394 11.542
5 17 6 9 2.14685 8.60173 4.00667
5 17 7 10 0.656218 6.01291 9.16298
5 17 8 11 0.368795 5.21371 14.1372
5 17 9 12 0.31729 5.4726 17.248
5 17 10 13 0.318104 5.48665 17.248
5 17 11 14 0.394834 5.58184 14.1372
5 17 12 15 0.642755 5.88955 9.16298
5 17 13 16 2.20556 8.83695 4.00667
5 27 6 11 2.27658 8.43194 3.70377
5 27 7 12 0.707114 5.94277 8.40426
5 27 8 13 0.368031 5.09048 13.8317
5 27 9 14 0.261923 5.13462 19.6035
5 27 10 15 0.178403 4.5014 25.2317
5 27 11 16 0.142471 4.29682 30.1593
5 27 12 17 0.125607 4.2496 33.8325
5 27 13 18 0.115077 4.11952 35.7978
5 27 14 19 0.12271 4.39273 35.7978
5 27 15 20 0.131866 4.46135 33.8325
5 27 16 21 0.150392 4.53572 30.1593
5 27 17 22 0.194409 4.90528 25.2317
5 27 18 23 0.276412 5.41865 19.6035
5 27 19 24 0.422089 5.83819 13.8317
5 27 20 25 0.777304 6.53267 8.40426
5 27 21 26 2.1363 7.91238 3.70377
5 61 8 20 0.42693 4.92761 11.542
5 61 9 21 0.304962 4.95716 16.255
5 61 10 22 0.21271 4.53943 21.3409
5 61 11 23 0.161482 4.32022 26.7536
5 61 12 24 0.131574 4.26821 32.4396
5 61 13 25 0.107178 4.10901 38.3381
5 61 14 26 0.0927232 4.11515 44.381
5 61 15 27 0.0837461 4.22861 50.4932
5 61 16 28 0.0731439 4.13946 56.5934
5 61 17 29 0.0659725 4.12953 62.5948
5 61 18 30 0.0604012 4.13183 68.4065
5 61 19 31 0.0546822 4.04297 73.9358
5 61 20 32 0.0518816 4.10327 79.0892
5 61 21 33 0.0492392 4.12505 83.7758
5 61 22 34 0.0469955 4.13133 87.9092
5 61 23 35 0.0452009 4.13184 91.4105
5 61 24 36 0.0439356 4.1392 94.2106
5 61 25 37 0.0433131 4.16902 96.2531
5 61 26 38 0.0421864 4.113 97.4958
5 61 27 39 0.0419035 4.10289 97.913
5 61 28 40 0.0422928 4.12337 97.4958
5 61 29 41 0.0427556 4.11536 96.2531
5 61 30 42 0.0443243 4.17582 94.2106
5 61 31 43 0.0454 4.15004 91.4105
5 61 32 44 0.0463609 4.07555 87.9092
5 61 33 45 0.0486391 4.07478 83.7758
5 61 34 46 0.051576 4.0791 79.0892
5 61 35 47 0.0544001 4.02211 73.9358
5 61 36 48 0.0594281 4.06527 68.4065
5 61 37 49 0.0644139 4.03197 62.5948
5 61 38 50 0.0704556 3.98732 56.5934
5 61 39 51 0.0801525 4.04716 50.4932
5 61 40 52 0.0916025 4.06541 44.381
5 61 41 53 0.108294 4.15178 38.3381
5 61 42 54 0.129774 4.20982 32.4396
5 61 43 55 0.156879 4.19709 26.7536
5 61 44 56 0.199112 4.24923 21.3409
5 61 45 57 0.281362 4.57354 16.255
5 61 46 58 0.433501 5.00344 11.542
6 18 7 10 1.8952 7.59343 4.00667
6 18 8 11 0.631268 5.78429 9.16298
6 18 9 12 0.412574 5.83262 14.1372
6 18 10 13 0.311471 5.37224 17.248
6 18 11 14 0.299815 5.1712 17.248
6 18 12 15 0.371533 5.25242 14.1372
6 18 13 16 0.776023 7.11068 9.16298
6 18 14 17 2.23062 8.93735 4.00667
6 28 7 12 2.00932 7.44208 3.70377
6 28 8 13 0.678365 5.70115 8.40426
6 28 9 14 0.409794 5.66814 13.8317
6 28 10 15 0.246792 4.838 19.6035
6 28 11 16 0.177693 4.48351 25.2317
6 28 12 17 0.14501 4.37339 30.1593
6 28 13 18 0.122617 4.14844 33.8325
6 28 14 19 0.121297 4.34218 35.7978
6 28 15 20 0.123105 4.40689 35.7978
6 28 16 21 0.129569 4.38366 33.8325
6 28 17 22 0.153765 4.63746 30.1593
6 28 18 23 0.198619 5.01148 25.2317
6 28 19 24 0.269533 5.28379 19.6035
6 28 20 25 0.423141 5.85275 13.8317
6 28 21 26 0.803067 6.74919 8.40426
6 28 22 27 2.42289 8.97384 3.70377
6 62 9 21 0.470302 5.42821 11.542
6 62 10 22 0.29622 4.81505 16.255
6 62 11 23 0.210277 4.48752 21.3409
6 62 12 24 0.164461 4.39992 26.7536
6 62 13 25 0.129186 4.19074 32.4396
6 62 14 26 0.108905 4.17522 38.3381
6 62 15 27 0.0966664 4.29015 44.381
6 62 16 28 0.0828629 4.18402 50.4932
6 62 17 29 0.0736072 4.16568 56.5934
6 62 18 30 0.0664752 4.161 62.5948
6 62 19 31 0.0593351 4.05891 68.4065
6 62 20 32 0.0557709 4.12346 73.9358
6 62 21 33 0.0524279 4.14648 79.0892
6 62 22 34 0.0495347 4.14981 83.7758
6 62 23 35 0.0472034 4.14962 87.9092
6 62 24 36 0.0454568 4.15523 91.4105
6 62 25 37 0.0444069 4.1836 94.2106
6 62 26 38 0.0429554 4.13459 96.2531
6 62 27 39 0.0423656 4.13047 97.4958
6 62 28 40 0.0424203 4.1535 97.913
6 62 29 41 0.042571 4.15049 97.4958
6 62 30 42 0.0437294 4.20909 96.2531
6 62 31 43 0.0444535 4.18799 94.2106
6 62 32 44 0.045084 4.12115 91.4105
6 62 33 45 0.0468789 4.12109 87.9092
6 62 34 46 0.0492783 4.12833 83.7758
6 62 35 47 0.051503 4.07333 79.0892
6 62 36 48 0.0557289 4.12036 73.9358
6 62 37 49 0.0597788 4.08926 68.4065
6 62 38 50 0.0647333 4.05196 62.5948
6 62 39 51 0.0726795 4.11318 56.5934
6 62 40 52 0.0817199 4.1263 50.4932
6 62 41 53 0.0947707 4.20602 44.381
6 62 42 54 0.110928 4.25275 38.3381
6 62 43 55 0.130685 4.23938 32.4396
6 62 44 56 0.160062 4.28223 26.7536
6 62 45 57 0.212406 4.53295 21.3409
6 62 46 58 0.298826 4.85742 16.255
6 62 47 59 0.456238 5.26588 11.542
7 19 8 11 1.77533 7.11315 4.00667
7 19 9 12 0.749817 6.87056 9.16298
7 19 10 13 0.403357 5.70232 14.1372
7 19 11 14 0.291139 5.02156 17.248
7 19 12 15 0.273422 4.71598 17.248
7 19 13 16 0.386498 5.46399 14.1372
7 19 14 17 0.700889 6.42224 9.16298
7 19 15 18 2.26553 9.07722 4.00667
7 29 8 13 1.89143 7.00542 3.70377
7 29 9 14 0.802616 6.7454 8.40426
7 29 10 15 0.396406 5.48295 13.8317
7 29 11 16 0.249164 4.8845 19.6035
7 29 12 17 0.185166 4.67205 25.2317
7 29 13 18 0.143021 4.31341 30.1593
7 29 14 19 0.130539 4.41648 33.8325
7 29 15 20 0.124943 4.47266 35.7978
7 29 16 21 0.121579 4.35227 35.7978
7 29 17 22 0.133142 4.50454 33.8325
7 29 18 23 0.157777 4.75844 30.1593
7 29 19 24 0.194156 4.89888 25.2317
7 29 20 25 0.272174 5.33557 19.6035
7 29 21 26 0.423327 5.85532 13.8317
7 29 22 27 0.836459 7.02982 8.40426
7 29 23 28 2.47318 9.16009 3.70377
7 63 10 22 0.465213 5.36946 11.542
7 63 11 23 0.297464 4.83528 16.255
7 63 12 24 0.218614 4.66544 21.3409
7 63 13 25 0.163278 4.36827 26.7536
7 63 14 26 0.132957 4.31307 32.4396
7 63 15 27 0.115334 4.42169 38.3381
7 63 16 28 0.0964976 4.28266 44.381
7 63 17 29 0.0840709 4.24501 50.4932
7 63 18 30 0.0746442 4.22437 56.5934
7 63 19 31 0.0655192 4.10116 62.5948
7 63 20 32 0.0608325 4.16134 68.4065
7 63 21 33 0.0565642 4.18212 73.9358
7 63 22 34 0.0528526 4.18007 79.0892
7 63 23 35 0.0497645 4.16906 83.7758
7 63 24 36 0.0474892 4.17474 87.9092
7 63 25 37 0.0459413 4.19951 91.4105
7 63 26 38 0.0440941 4.15413 94.2106
7 63 27 39 0.0431502 4.15334 96.2531
7 63 28 40 0.0427989 4.17271 97.4958
7 63 29 41 0.0425998 4.17107 97.913
7 63 30 42 0.043355 4.22693 97.4958
7 63 31 43 0.0436686 4.20323 96.2531
7 63 32 44 0.0439668 4.14214 94.2106
7 63 33 45 0.0453209 4.1428 91.4105
7 63 34 46 0.0471226 4.14251 87.9092
7 63 35 47 0.0487729 4.08599 83.7758
7 63 36 48 0.0522053 4.12888 79.0892
7 63 37 49 0.0553946 4.09564 73.9358
7 63 38 50 0.0594032 4.06356 68.4065
7 63 39 51 0.0657883 4.118 62.5948
7 63 40 52 0.0728557 4.12315 56.5934
7 63 41 53 0.083015 4.19169 50.4932
7 63 42 54 0.0950542 4.2186 44.381
7 63 43 55 0.109433 4.19547 38.3381
7 63 44 56 0.130088 4.22001 32.4396
7 63 45 57 0.16467 4.40551 26.7536
7 63 46 58 0.2175 4.64166 21.3409
7 63 47 59 0.302585 4.91852 16.255
7 63 48 60 0.4797 5.53667 11.542
8 20 9 12 1.93638 7.75842 4.00667
8 20 10 13 0.6589 6.03749 9.16298
8 20 11 14 0.362984 5.13157 14.1372
8 20 12 15 0.273404 4.71565 17.248
8 20 13 16 0.286451 4.94069 17.248
8 20 14 17 0.39031 5.51787 14.1372
8 20 15 18 0.745859 6.83429 9.16298
8 20 16 19 2.27548 9.11708 4.00667
8 30 9 14 2.04457 7.57262 3.70377
8 30 10 15 0.690811 5.80576 8.40426
8 30 11 16 0.362072 5.00806 13.8317
8 30 12 17 0.242437 4.75263 19.6035
8 30 13 18 0.171167 4.31884 25.2317
8 30 14 19 0.144694 4.36387 30.1593
8 30 15 20 0.131266 4.44107 33.8325
8 30 16 21 0.119064 4.26221 35.7978
8 30 17 22 0.121291 4.34196 35.7978
8 30 18 23 0.133168 4.5054 33.8325
8 30 19 24 0.150553 4.54057 30.1593
8 30 20 25 0.193453 4.88114 25.2317
8 30 21 26 0.265271 5.20024 19.6035
8 30 22 27 0.423244 5.85418 13.8317
8 30 23 28 0.849476 7.13922 8.40426
8 30 24 29 2.33619 8.65273 3.70377
8 64 11 23 0.426263 4.91991 11.542
8 64 12 24 0.289375 4.70379 16.255
8 64 13 25 0.203823 4.34977 21.3409
8 64 14 26 0.159891 4.27767 26.7536
8 64 15 27 0.1355 4.39557 32.4396
8 64 16 28 0.110663 4.24262 38.3381
8 64 17 29 0.0946823 4.20209 44.381
8 64 18 30 0.0826908 4.17533 50.4932
8 64 19 31 0.071459 4.04411 56.5934
8 64 20 32 0.0656356 4.10844 62.5948
8 64 21 33 0.0603801 4.1304 68.4065
8 64 22 34 0.055869 4.13071 73.9358
8 64 23 35 0.0521148 4.12172 79.0892
8 64 24 36 0.049287 4.12906 83.7758
8 64 25 37 0.0472644 4.15497 87.9092
8 64 26 38 0.0450264 4.11588 91.4105
8 64 27 39 0.0437628 4.12292 94.2106
8 64 28 40 0.0430596 4.14462 96.2531
8 64 29 41 0.0425321 4.1467 97.4958
8 64 30 42 0.042929 4.20331 97.913
8 64 31 43 0.0429095 4.1835 97.4958
8 64 32 44 0.042884 4.12772 96.2531
8 64 33 45 0.0438732 4.13332 94.2106
8 64 34 46 0.0452808 4.13914 91.4105
8 64 35 47 0.0464993 4.08772 87.9092
8 64 36 48 0.0493061 4.13066 83.7758
8 64 37 49 0.0517951 4.09643 79.0892
8 64 38 50 0.0550843 4.0727 73.9358
8 64 39 51 0.0603223 4.12644 68.4065
8 64 40 52 0.0658842 4.12401 62.5948
8 64 41 53 0.0739656 4.18597 56.5934
8 64 42 54 0.083155 4.19877 50.4932
8 64 43 55 0.0939215 4.16833 44.381
8 64 44 56 0.109134 4.18399 38.3381
8 64 45 57 0.133335 4.32532 32.4396
8 64 46 58 0.16849 4.5077 26.7536
8 64 47 59 0.2207 4.70994 21.3409
8 64 48 60 0.317688 5.16402 16.255
8 64 49 61 0.480598 5.54704 11.542
9 21 10 13 1.63994 6.57069 4.00667
9 21 11 14 0.581451 5.32782 9.16298
9 21 12 15 0.338809 4.7898 14.1372
9 21 13 16 0.267462 4.61317 17.248
9 21 14 17 0.286917 4.94873 17.248
9 21 15 18 0.417126 5.89697 14.1372
9 21 16 19 0.790407 7.24248 9.16298
9 21 17 20 1.87976 7.53156 4.00667
9 31 10 15 1.71877 6.36592 3.70377
9 31 11 16 0.61722 5.18728 8.40426
9 31 12 17 0.348162 4.81566 13.8317
9 31 13 18 0.218487 4.28311 19.6035
9 31 14 19 0.169162 4.26824 25.2317
9 31 15 20 0.145027 4.37391 30.1593
9 31 16 21 0.122995 4.16123 33.8325
9 31 17 22 0.117098 4.19185 35.7978
9 31 18 23 0.119795 4.28838 35.7978
9 31 19 24 0.125398 4.24253 33.8325
9 31 20 25 0.149429 4.50668 30.1593
9 31 21 26 0.186008 4.6933 25.2317
9 31 22 27 0.256838 5.03494 19.6035
9 31 23 28 0.416315 5.75833 13.8317
9 31 24 29 0.772164 6.48947 8.40426
9 31 25 30 2.24475 8.31405 3.70377
10 22 11 14 2.06095 8.25755 4.00667
10 22 12 15 0.71198 6.52386 9.16298
10 22 13 16 0.372098 5.26042 14.1372
10 22 14 17 0.289323 4.99023 17.248
10 22 15 18 0.321529 5.54571 17.248
10 22 16 19 0.446166 6.30753 14.1372
10 22 17 20 0.712822 6.53157 9.16298
10 22 18 21 2.21831 8.88805 4.00667
10 32 11 16 2.16406 8.01517 3.70377
10 32 12 17 0.774024 6.5051 8.40426
10 32 13 18 0.37645 5.20694 13.8317
10 32 14 19 0.246564 4.83353 19.6035
10 32 15 20 0.192652 4.86094 25.2317
10 32 16 21 0.14828 4.47202 30.1593
10 32 17 22 0.129567 4.38358 33.8325
10 32 18 23 0.122092 4.3706 35.7978
10 32 19 24 0.117505 4.2064 35.7978
10 32 20 25 0.130166 4.40384 33.8325
10 32 21 26 0.14925 4.50126 30.1593
10 32 22 27 0.185117 4.67082 25.2317
10 32 23 28 0.260872 5.11401 19.6035
10 32 24 29 0.396668 5.48658 13.8317
10 32 25 30 0.746326 6.27232 8.40426
10 32 26 31 1.87147 6.93151 3.70377
11 23 12 15 2.1804 8.73612 4.00667
11 23 13 16 0.692822 6.34831 9.16298
11 23 14 17 0.37889 5.35643 14.1372
11 23 15 18 0.32195 5.55299 17.248
11 23 16 19 0.328642 5.6684 17.248
11 23 17 20 0.39698 5.61218 14.1372
11 23 18 21 0.73616 6.74542 9.16298
11 23 19 22 2.08023 8.3348 4.00667
11 33 12 17 2.31513 8.5747 3.70377
11 33 13 18 0.749173 6.29625 8.40426
11 33 14 19 0.391555 5.41587 13.8317
11 33 15 20 0.274276 5.37678 19.6035
11 33 16 21 0.190617 4.80958 25.2317
11 33 17 22 0.152877 4.61066 30.1593
11 33 18 23 0.132931 4.49739 33.8325
11 33 19 24 0.117923 4.22137 35.7978
11 33 20 25 0.122005 4.36749 35.7978
11 33 21 26 0.130395 4.41158 33.8325
11 33 22 27 0.148751 4.48623 30.1593
11 33 23 28 0.190141 4.79758 25.2317
11 33 24 29 0.258769 5.07278 19.6035
11 33 25 30 0.408225 5.64644 13.8317
11 33 26 31 0.729 6.12671 8.40426
11 33 27 32 1.76804 6.5484 3.70377
12 24 13 16 2.00059 8.01568 4.00667
12 24 14 17 0.655364 6.00509 9.16298
12 24 15 18 0.423646 5.98915 14.1372
12 24 16 19 0.325249 5.60988 17.248
12 24 17 20 0.309963 5.34623 17.248
12 24 18 21 0.419362 5.92859 14.1372
12 24 19 22 0.775431 7.10525 9.16298
12 24 20 23 2.34878 9.41079 4.00667
12 34 13 18 2.12197 7.85929 3.70377
12 34 14 19 0.718095 6.03506 8.40426
12 34 15 20 0.428002 5.91998 13.8317
12 34 16 21 0.263154 5.15875 19.6035
12 34 17 22 0.1923 4.85204 25.2317
12 34 18 23 0.153841 4.63973 30.1593
12 34 19 24 0.125566 4.2482 33.8325
12 34 20 25 0.121306 4.34248 35.7978
12 34 21 26 0.121206 4.33891 35.7978
12 34 22 27 0.12824 4.33867 33.8325
12 34 23 28 0.150604 4.54211 30.1593
12 34 24 29 0.188406 4.7538 25.2317
12 34 25 30 0.266173 5.21793 19.6035
12 34 26 31 0.410926 5.68379 13.8317
12 34 27 32 0.739189 6.21234 8.40426
12 34 28 33 2.33745 8.65739 3.70377
13 25 14 17 1.79426 7.189 4.00667
13 25 15 18 0.76306 6.99191 9.16298
13 25 16 19 0.425377 6.01363 14.1372
13 25 17 20 0.315024 5.43352 17.248
13 25 18 21 0.312595 5.39163 17.248
13 25 19 22 0.408891 5.78055 14.1372
13 25 20 23 0.79262 7.26276 9.16298
13 25 21 24 2.17787 8.726 4.00667
13 35 14 19 1.93148 7.15375 3.70377
13 35 15 20 0.822633 6.91363 8.40426
13 35 16 21 0.419302 5.79965 13.8317
13 35 17 22 0.2722 5.33608 19.6035
13 35 18 23 0.197243 4.97677 25.2317
13 35 19 24 0.146108 4.40652 30.1593
13 35 20 25 0.130666 4.42077 33.8325
13 35 21 26 0.121351 4.34409 35.7978
13 35 22 27 0.118571 4.24457 35.7978
13 35 23 28 0.127478 4.31289 33.8325
13 35 24 29 0.146369 4.41437 30.1593
13 35 25 30 0.186356 4.70207 25.2317
13 35 26 31 0.255396 5.00666 19.6035
13 35 27 32 0.382119 5.28535 13.8317
13 35 28 33 0.77226 6.49028 8.40426
13 35 29 34 2.09041 7.7424 3.70377
14 26 15 18 1.97269 7.90393 4.00667
14 26 16 19 0.695899 6.37651 9.16298
14 26 17 20 0.402487 5.69003 14.1372
14 26 18 21 0.306163 5.28068 17.248
14 26 19 22 0.293314 5.05907 17.248
14 26 20 23 0.414226 5.85598 14.1372
14 26 21 24 0.711708 6.52137 9.16298
14 26 22 25 1.82379 7.30734 4.00667
14 36 15 20 2.09679 7.76602 3.70377
14 36 16 21 0.735209 6.17889 8.40426
14 36 17 22 0.407094 5.63079 13.8317
14 36 18 23 0.264532 5.18576 19.6035
14 36 19 24 0.178058 4.49269 25.2317
14 36 20 25 0.148026 4.46436 30.1593
14 36 21 26 0.129024 4.36522 33.8325
14 36 22 27 0.118012 4.22455 35.7978
14 36 23 28 0.117998 4.22408 35.7978
14 36 24 29 0.126607 4.28345 33.8325
14 36 25 30 0.148991 4.49347 30.1593
14 36 26 31 0.188283 4.75071 25.2317
14 36 27 32 0.25408 4.98087 19.6035
14 36 28 33 0.422542 5.84446 13.8317
14 36 29 34 0.849788 7.14184 8.40426
14 36 30 35 2.67438 9.90528 3.70377
15 27 16 19 1.6816 6.73762 4.00667
15 27 17 20 0.66592 6.10182 9.16298
15 27 18 21 0.388308 5.48957 14.1372
15 27 19 22 0.28262 4.87462 17.248
15 27 20 23 0.313488 5.40704 17.248
15 27 21 24 0.418026 5.90971 14.1372
15 27 22 25 0.715989 6.56059 9.16298
15 27 23 26 1.99832 8.00662 4.00667
15 37 16 21 1.77281 6.5661 3.70377
15 37 17 22 0.709329 5.96138 8.40426
15 37 18 23 0.389446 5.38669 13.8317
15 37 19 24 0.231499 4.5382 19.6035
15 37 20 25 0.176341 4.44937 25.2317
15 37 21 26 0.143148 4.31724 30.1593
15 37 22 27 0.12215 4.13263 33.8325
15 37 23 28 0.11309 4.04838 35.7978
15 37 24 29 0.112829 4.03902 35.7978
15 37 25 30 0.121998 4.12751 33.8325
15 37 26 31 0.141305 4.26166 30.1593
15 37 27 32 0.172175 4.34427 25.2317
15 37 28 33 0.240956 4.72359 19.6035
15 37 29 34 0.388383 5.37199 13.8317
15 37 30 35 0.775498 6.51749 8.40426
15 37 31 36 2.13572 7.9102 3.70377
16 28 17 20 2.22715 8.92347 4.00667
16 28 18 21 0.790736 7.24549 9.16298
16 28 19 22 0.391765 5.53845 14.1372
16 28 20 23 0.316185 5.45355 17.248
16 28 21 24 0.321473 5.54476 17.248
16 28 22 25 0.416918 5.89404 14.1372
16 28 23 26 0.739249 6.77372 9.16298
16 28 24 27 2.2916 9.18166 4.00667
16 38 17 22 2.3434 8.67941 3.70377
16 38 18 23 0.846666 7.1156 8.40426
16 38 19 24 0.396229 5.48051 13.8317
16 38 20 25 0.259641 5.08988 19.6035
16 38 21 26 0.18994 4.7925 25.2317
16 38 22 27 0.14848 4.47806 30.1593
16 38 23 28 0.12622 4.27036 33.8325
16 38 24 29 0.117123 4.19275 35.7978
16 38 25 30 0.117428 4.20367 35.7978
16 38 26 31 0.126908 4.29361 33.8325
16 38 27 32 0.144168 4.348 30.1593
16 38 28 33 0.181827 4.58781 25.2317
16 38 29 34 0.258292 5.06345 19.6035
16 38 30 35 0.417435 5.77383 13.8317
16 38 31 36 0.780549 6.55994 8.40426
16 38 32 37 2.10871 7.81018 3.70377
17 29 18 21 2.232 8.9429 4.00667
17 29 19 22 0.693351 6.35316 9.16298
17 29 20 23 0.405556 5.73341 14.1372
17 29 21 24 0.317254 5.47199 17.248
17 29 22 25 0.31787 5.48261 17.248
17 29 23 26 0.410478 5.803 14.1372
17 29 24 27 0.774764 7.09915 9.16298
17 29 25 28 2.34597 9.39953 4.00667
17 39 18 23 2.3548 8.72165 3.70377
17 39 19 24 0.747913 6.28565 8.40426
17 39 20 25 0.40293 5.5732 13.8317
17 39 21 26 0.262577 5.14743 19.6035
17 39 22 27 0.187919 4.7415 25.2317
17 39 23 28 0.14684 4.42858 30.1593
17 39 24 29 0.127057 4.29867 33.8325
17 39 25 30 0.118473 4.24107 35.7978
17 39 26 31 0.119982 4.2951 35.7978
17 39 27 32 0.128326 4.34159 33.8325
17 39 28 33 0.149149 4.49822 30.1593
17 39 29 34 0.193461 4.88134 25.2317
17 39 30 35 0.276462 5.41963 19.6035
17 39 31 36 0.43254 5.98275 13.8317
17 39 32 37 0.828264 6.96094 8.40426
17 39 33 38 1.97335 7.30886 3.70377
18 30 19 22 2.22129 8.89997 4.00667
18 30 20 23 0.734893 6.73381 9.16298
18 30 21 24 0.41829 5.91344 14.1372
18 30 22 25 0.318839 5.49933 17.248
18 30 23 26 0.307654 5.30641 17.248
18 30 24 27 0.414892 5.86539 14.1372
18 30 25 28 0.792811 7.26451 9.16298
18 30 26 29 2.21483 8.87408 4.00667
18 40 19 24 2.34742 8.6943 3.70377
18 40 20 25 0.785336 6.60017 8.40426
18 40 21 26 0.419131 5.79729 13.8317
18 40 22 27 0.265183 5.19852 19.6035
18 40 23 28 0.186205 4.69825 25.2317
18 40 24 29 0.147988 4.4632 30.1593
18 40 25 30 0.1267 4.28658 33.8325
18 40 26 31 0.118915 4.2569 35.7978
18 40 27 32 0.118928 4.25735 35.7978
18 40 28 33 0.127058 4.29868 33.8325
18 40 29 34 0.150398 4.5359 30.1593
18 40 30 35 0.192986 4.86936 25.2317
18 40 31 36 0.264795 5.19092 19.6035
18 40 32 37 0.421692 5.8327 13.8317
18 40 33 38 0.701281 5.89374 8.40426
18 40 34 39 2.04885 7.58846 3.70377
19 31 20 23 2.2581 9.04746 4.00667
19 31 21 24 0.78523 7.19505 9.16298
19 31 22 25 0.441618 6.24322 14.1372
19 31 23 26 0.315056 5.43408 17.248
19 31 24 27 0.308787 5.32594 17.248
19 31 25 28 0.41453 5.86029 14.1372
19 31 26 29 0.7232 6.62666 9.16298
19 31 27 30 2.13203 8.54232 4.00667
19 41 20 25 2.38656 8.83929 3.70377
19 41 21 26 0.844198 7.09486 8.40426
19 41 22 27 0.443971 6.14086 13.8317
19 41 23 28 0.271318 5.31879 19.6035
19 41 24 29 0.194961 4.91919 25.2317
19 41 25 30 0.151436 4.5672 30.1593
19 41 26 31 0.130835 4.42648 33.8325
19 41 27 32 0.122334 4.3793 35.7978
19 41 28 33 0.1208 4.32435 35.7978
19 41 29 34 0.131903 4.46261 33.8325
19 41 30 35 0.155004 4.67482 30.1593
19 41 31 36 0.193394 4.87965 25.2317
19 41 32 37 0.275184 5.39457 19.6035
19 41 33 38 0.390287 5.39833 13.8317
19 41 34 39 0.765256 6.43141 8.40426
19 41 35 40 2.54018 9.40824 3.70377
20 32 21 24 1.88557 7.55484 4.00667
20 32 22 25 0.719591 6.5936 9.16298
20 32 23 26 0.39323 5.55916 14.1372
20 32 24 27 0.299911 5.17286 17.248
20 32 25 28 0.302089 5.21042 17.248
20 32 26 29 0.390425 5.5195 14.1372
20 32 27 30 0.69802 6.39595 9.16298
20 32 28 31 1.74906 7.00791 4.00667
20 42 21 26 2.00468 7.42488 3.70377
20 42 22 27 0.764587 6.42579 8.40426
20 42 23 28 0.394419 5.45548 13.8317
20 42 24 29 0.255914 5.01681 19.6035
20 42 25 30 0.181327 4.57518 25.2317
20 42 26 31 0.144865 4.36902 30.1593
20 42 27 32 0.127335 4.30807 33.8325
20 42 28 33 0.116915 4.1853 35.7978
20 42 29 34 0.11807 4.22664 35.7978
20 42 30 35 0.127328 4.30784 33.8325
20 42 31 36 0.144776 4.36634 30.1593
20 42 32 37 0.185649 4.68424 25.2317
20 42 33 38 0.232753 4.56278 19.6035
20 42 34 39 0.359487 4.97231 13.8317
20 42 35 40 0.764939 6.42875 8.40426
20 42 36 41 2.22758 8.25043 3.70377
21 33 22 25 2.23029 8.93603 4.00667
21 33 23 26 0.737014 6.75324 9.16298
21 33 24 27 0.41348 5.84544 14.1372
21 33 25 28 0.305381 5.2672 17.248
21 33 26 29 0.301004 5.1917 17.248
21 33 27 30 0.408184 5.77057 14.1372
21 33 28 31 0.674279 6.1784 9.16298
21 33 29 32 1.6507 6.6138 4.00667
21 43 22 27 2.34353 8.6799 3.70377
21 43 23 28 0.784937 6.59681 8.40426
21 43 24 29 0.418983 5.79524 13.8317
21 43 25 30 0.256647 5.03119 19.6035
21 43 26 31 0.183406 4.62766 25.2317
21 43 27 32 0.149357 4.5045 30.1593
21 43 28 33 0.126978 4.29598 33.8325
21 43 29 34 0.118691 4.24889 35.7978
21 43 30 35 0.118197 4.23118 35.7978
21 43 31 36 0.123964 4.19402 33.8325
21 43 32 37 0.145839 4.39839 30.1593
21 43 33 38 0.16679 4.20838 25.2317
21 43 34 39 0.219518 4.30333 19.6035
21 43 35 40 0.358787 4.96263 13.8317
21 43 36 41 0.665016 5.58897 8.40426
21 43 37 42 2.16219 8.00827 3.70377
22 34 23 26 2.09376 8.38898 4.00667
22 34 24 27 0.780272 7.14962 9.16298
22 34 25 28 0.413788 5.84979 14.1372
22 34 26 29 0.304107 5.24523 17.248
22 34 27 30 0.319882 5.51732 17.248
22 34 28 31 0.408314 5.7724 14.1372
22 34 29 32 0.686397 6.28944 9.16298
22 34 30 33 2.21254 8.86492 4.00667
22 44 23 28 2.2094 8.18312 3.70377
22 44 24 29 0.837873 7.0417 8.40426
22 44 25 30 0.41913 5.79728 13.8317
22 44 26 31 0.259721 5.09145 19.6035
22 44 27 32 0.193688 4.88706 25.2317
22 44 28 33 0.151928 4.58204 30.1593
22 44 29 34 0.131742 4.45716 33.8325
22 44 30 35 0.122032 4.36846 35.7978
22 44 31 36 0.119529 4.27887 35.7978
22 44 32 37 0.131671 4.45478 33.8325
22 44 33 38 0.141632 4.27152 30.1593
22 44 34 39 0.170577 4.30396 25.2317
22 44 35 40 0.245196 4.80671 19.6035
22 44 36 41 0.379723 5.25221 13.8317
22 44 37 42 0.81264 6.82964 8.40426
22 44 38 43 2.27977 8.44376 3.70377
23 35 24 27 2.32311 9.30793 4.00667
23 35 25 28 0.773805 7.09036 9.16298
23 35 26 29 0.401947 5.68239 14.1372
23 35 27 30 0.320273 5.52406 17.248
23 35 28 31 0.310489 5.35531 17.248
23 35 29 32 0.383852 5.42658 14.1372
23 35 30 33 0.721069 6.60714 9.16298
23 35 31 34 1.9735 7.90717 4.00667
23 45 24 29 2.45369 9.08792 3.70377
23 45 25 30 0.834553 7.0138 8.40426
23 45 26 31 0.414491 5.7331 13.8317
23 45 27 32 0.275063 5.3922 19.6035
23 45 28 33 0.196182 4.95 25.2317
23 45 29 34 0.156021 4.70549 30.1593
23 45 30 35 0.133323 4.51067 33.8325
23 45 31 36 0.121005 4.33172 35.7978
23 45 32 37 0.124034 4.44013 35.7978
23 45 33 38 0.125315 4.23973 33.8325
23 45 34 39 0.139032 4.19311 30.1593
23 45 35 40 0.17961 4.53186 25.2317
23 45 36 41 0.246412 4.83055 19.6035
23 45 37 42 0.425024 5.8788 13.8317
23 45 38 43 0.805085 6.76614 8.40426
23 45 39 44 2.11812 7.84502 3.70377
24 36 25 28 2.15909 8.65076 4.00667
24 36 26 29 0.696282 6.38002 9.16298
24 36 27 30 0.42098 5.95147 14.1372
24 36 28 31 0.31921 5.50572 17.248
24 36 29 32 0.307898 5.31061 17.248
24 36 30 33 0.419827 5.93517 14.1372
24 36 31 34 0.79491 7.28374 9.16298
24 36 32 35 2.56317 10.2698 4.00667
24 46 25 30 2.28792 8.47395 3.70377
24 46 26 31 0.758595 6.37543 8.40426
24 46 27 32 0.425708 5.88825 13.8317
24 46 28 33 0.271381 5.32003 19.6035
24 46 29 34 0.196399 4.95547 25.2317
24 46 30 35 0.154266 4.65255 30.1593
24 46 31 36 0.129509 4.3816 33.8325
24 46 32 37 0.123471 4.41999 35.7978
24 46 33 38 0.117243 4.19705 35.7978
24 46 34 39 0.120489 4.07646 33.8325
24 46 35 40 0.141141 4.25672 30.1593
24 46 36 41 0.175181 4.42011 25.2317
24 46 37 42 0.258343 5.06444 19.6035
24 46 38 43 0.401089 5.54774 13.8317
24 46 39 44 0.702755 5.90613 8.40426
24 46 40 45 2.29292 8.49245 3.70377
25 37 26 29 1.80795 7.24387 4.00667
25 37 27 30 0.717375 6.5733 9.16298
25 37 28 31 0.412905 5.83731 14.1372
25 37 29 32 0.303491 5.2346 17.248
25 37 30 33 0.293526 5.06273 17.248
25 37 31 34 0.387675 5.48062 14.1372
25 37 32 35 0.737696 6.75949 9.16298
25 37 33 36 2.03343 8.14727 4.00667
25 47 26 31 1.94167 7.19149 3.70377
25 47 27 32 0.776362 6.52475 8.40426
25 47 28 33 0.421024 5.82347 13.8317
25 47 29 34 0.271127 5.31505 19.6035
25 47 30 35 0.194028 4.89565 25.2317
25 47 31 36 0.150089 4.52658 30.1593
25 47 32 37 0.133078 4.50236 33.8325
25 47 33 38 0.11916 4.26565 35.7978
25 47 34 39 0.114529 4.09989 35.7978
25 47 35 40 0.123653 4.18349 33.8325
25 47 36 41 0.141985 4.28217 30.1593
25 47 37 42 0.187681 4.73552 25.2317
25 47 38 43 0.259572 5.08852 19.6035
25 47 39 44 0.377166 5.21684 13.8317
25 47 40 45 0.777281 6.53247 8.40426
25 47 41 46 2.37868 8.81009 3.70377
26 38 27 30 2.01493 8.07314 4.00667
26 38 28 31 0.751808 6.8888 9.16298
26 38 29 32 0.41462 5.86156 14.1372
26 38 30 33 0.304419 5.2506 17.248
26 38 31 34 0.302299 5.21405 17.248
26 38 32 35 0.419839 5.93533 14.1372
26 38 33 36 0.734448 6.72973 9.16298
26 38 34 37 1.9874 7.96286 4.00667
26 48 27 32 2.13939 7.9238 3.70377
26 48 28 33 0.802824 6.74714 8.40426
26 48 29 34 0.423317 5.85519 13.8317
26 48 30 35 0.266448 5.22333 19.6035
26 48 31 36 0.186364 4.70228 25.2317
26 48 32 37 0.152021 4.58484 30.1593
26 48 33 38 0.127793 4.32356 33.8325
26 48 34 39 0.114684 4.10543 35.7978
26 48 35 40 0.114097 4.0844 35.7978
26 48 36 41 0.121616 4.11459 33.8325
26 48 37 42 0.145521 4.3888 30.1593
26 48 38 43 0.183806 4.63773 25.2317
26 48 39 44 0.236116 4.62872 19.6035
26 48 40 45 0.379136 5.24409 13.8317
26 48 41 46 0.754918 6.34453 8.40426
26 48 42 47 2.10937 7.81264 3.70377
27 39 28 31 2.30961 9.25383 4.00667
27 39 29 32 0.786754 7.20901 9.16298
27 39 30 33 0.419212 5.92648 14.1372
27 39 31 34 0.30852 5.32134 17.248
27 39 32 35 0.325527 5.61468 17.248
27 39 33 36 0.431458 6.09959 14.1372
27 39 34 37 0.771198 7.06647 9.16298
27 39 35 38 1.83481 7.35149 4.00667
27 49 28 33 2.42554 8.98365 3.70377
27 49 29 34 0.83947 7.05513 8.40426
27 49 30 35 0.427287 5.9101 13.8317
27 49 31 36 0.259226 5.08175 19.6035
27 49 32 37 0.190292 4.8014 25.2317
27 49 33 38 0.148814 4.48812 30.1593
27 49 34 39 0.124542 4.21357 33.8325
27 49 35 40 0.114288 4.09124 35.7978
27 49 36 41 0.113588 4.06619 35.7978
27 49 37 42 0.124427 4.20969 33.8325
27 49 38 43 0.146016 4.40373 30.1593
27 49 39 44 0.171799 4.33477 25.2317
27 49 40 45 0.235213 4.61101 19.6035
27 49 41 46 0.372706 5.15515 13.8317
27 49 42 47 0.678614 5.70325 8.40426
27 49 43 48 2.04477 7.57335 3.70377
28 40 29 32 2.35408 9.43202 4.00667
28 40 30 33 0.793156 7.26767 9.16298
28 40 31 34 0.411666 5.81979 14.1372
28 40 32 35 0.317917 5.48342 17.248
28 40 33 36 0.318369 5.49121 17.248
28 40 34 37 0.42083 5.94935 14.1372
28 40 35 38 0.640079 5.86503 9.16298
28 40 36 39 1.92337 7.70631 4.00667
28 50 29 34 2.47542 9.16841 3.70377
28 50 30 35 0.854877 7.18461 8.40426
28 50 31 36 0.41957 5.80336 13.8317
28 50 32 37 0.268146 5.25661 19.6035
28 50 33 38 0.192356 4.85346 25.2317
28 50 34 39 0.149172 4.49891 30.1593
28 50 35 40 0.126097 4.2662 33.8325
28 50 36 41 0.117148 4.19365 35.7978
28 50 37 42 0.118354 4.23681 35.7978
28 50 38 43 0.130873 4.42778 33.8325
28 50 39 44 0.144678 4.36339 30.1593
28 50 40 45 0.179663 4.53319 25.2317
28 50 41 46 0.25176 4.93538 19.6035
28 50 42 47 0.377078 5.21562 13.8317
28 50 43 48 0.755733 6.35138 8.40426
28 50 44 49 2.07983 7.70321 3.70377
29 41 30 33 2.21903 8.89091 4.00667
29 41 31 34 0.719883 6.59627 9.16298
29 41 32 35 0.403694 5.70708 14.1372
29 41 33 36 0.315375 5.43958 17.248
29 41 34 37 0.325332 5.61132 17.248
29 41 35 38 0.377834 5.34151 14.1372
29 41 36 39 0.705573 6.46515 9.16298
29 41 37 40 2.40798 9.64797 4.00667
29 51 30 35 2.34435 8.68294 3.70377
29 51 31 36 0.776134 6.52283 8.40426
29 51 32 37 0.405489 5.60859 13.8317
29 51 33 38 0.262209 5.14022 19.6035
29 51 34 39 0.187533 4.73177 25.2317
29 51 35 40 0.145421 4.38579 30.1593
29 51 36 41 0.126031 4.26394 33.8325
29 51 37 42 0.117099 4.19189 35.7978
29 51 38 43 0.121905 4.36392 35.7978
29 51 39 44 0.127071 4.29912 33.8325
29 51 40 45 0.14501 4.37341 30.1593
29 51 41 46 0.185064 4.66947 25.2317
29 51 42 47 0.24476 4.79817 19.6035
29 51 43 48 0.403045 5.57478 13.8317
29 51 44 49 0.764418 6.42437 8.40426
29 51 45 50 1.97193 7.30358 3.70377
30 42 31 34 2.11466 8.47273 4.00667
30 42 32 35 0.697273 6.3891 9.16298
30 42 33 36 0.404861 5.72359 14.1372
30 42 34 37 0.317515 5.47648 17.248
30 42 35 38 0.276953 4.77688 17.248
30 42 36 39 0.356366 5.03801 14.1372
30 42 37 40 0.709442 6.50061 9.16298
30 42 38 41 2.13167 8.54088 4.00667
30 52 31 36 2.24393 8.31102 3.70377
30 52 32 37 0.755316 6.34787 8.40426
30 52 33 38 0.411737 5.69501 13.8317
30 52 34 39 0.26477 5.19043 19.6035
30 52 35 40 0.184902 4.66539 25.2317
30 52 36 41 0.147963 4.46246 30.1593
30 52 37 42 0.125067 4.23134 33.8325
30 52 38 43 0.12195 4.36553 35.7978
30 52 39 44 0.119689 4.2846 35.7978
30 52 40 45 0.126014 4.26339 33.8325
30 52 41 46 0.147862 4.45941 30.1593
30 52 42 47 0.176862 4.46252 25.2317
30 52 43 48 0.25437 4.98655 19.6035
30 52 44 49 0.401618 5.55505 13.8317
30 52 45 50 0.716323 6.02017 8.40426
30 52 46 51 2.37991 8.81465 3.70377
31 43 32 35 1.75565 7.03429 4.00667
31 43 33 36 0.675972 6.19392 9.16298
31 43 34 37 0.41239 5.83002 14.1372
31 43 35 38 0.280146 4.83195 17.248
31 43 36 39 0.266583 4.59802 17.248
31 43 37 40 0.350018 4.94826 14.1372
31 43 38 41 0.629048 5.76395 9.16298
31 43 39 42 2.08351 8.34794 4.00667
31 53 32 37 1.87913 6.95988 3.70377
31 53 33 38 0.732483 6.15597 8.40426
31 53 34 39 0.408016 5.64355 13.8317
31 53 35 40 0.252439 4.9487 19.6035
31 53 36 41 0.185662 4.68456 25.2317
31 53 37 42 0.142095 4.28548 30.1593
31 53 38 43 0.129557 4.38325 33.8325
31 53 39 44 0.119758 4.28706 35.7978
31 53 40 45 0.116709 4.17792 35.7978
31 53 41 46 0.126738 4.28786 33.8325
31 53 42 47 0.13854 4.17827 30.1593
31 53 43 48 0.178585 4.506 25.2317
31 53 44 49 0.248019 4.86205 19.6035
31 53 45 50 0.360744 4.9897 13.8317
31 53 46 51 0.744356 6.25576 8.40426
31 53 47 52 2.12638 7.87564 3.70377
32 44 33 36 1.66271 6.66193 4.00667
32 44 34 37 0.705581 6.46522 9.16298
32 44 35 38 0.37128 5.24885 14.1372
32 44 36 39 0.281711 4.85893 17.248
32 44 37 40 0.275288 4.74816 17.248
32 44 38 41 0.379171 5.36041 14.1372
32 44 39 42 0.781031 7.15657 9.16298
32 44 40 43 2.16579 8.67761 4.00667
32 54 33 38 1.77964 6.59137 3.70377
32 54 34 39 0.738046 6.20273 8.40426
32 54 35 40 0.379676 5.25155 13.8317
32 54 36 41 0.251486 4.93001 19.6035
32 54 37 42 0.172175 4.34426 25.2317
32 54 38 43 0.146109 4.40655 30.1593
32 54 39 44 0.127383 4.3097 33.8325
32 54 40 45 0.115565 4.13697 35.7978
32 54 41 46 0.117081 4.19124 35.7978
32 54 42 47 0.118445 4.00729 33.8325
32 54 43 48 0.139848 4.21772 30.1593
32 54 44 49 0.177382 4.47565 25.2317
32 54 45 50 0.227811 4.4659 19.6035
32 54 46 51 0.370683 5.12716 13.8317
32 54 47 52 0.717624 6.0311 8.40426
32 54 48 53 2.15576 7.98444 3.70377
33 45 34 37 2.245 8.99497 4.00667
33 45 35 38 0.716777 6.56781 9.16298
33 45 36 39 0.405417 5.73144 14.1372
33 45 37 40 0.277861 4.79253 17.248
33 45 38 41 0.292702 5.04852 17.248
33 45 39 42 0.438062 6.19296 14.1372
33 45 40 43 0.754741 6.91567 9.16298
33 45 41 44 2.00039 8.01489 4.00667
33 55 34 39 2.33784 8.65883 3.70377
33 55 35 40 0.770076 6.47192 8.40426
33 55 36 41 0.420712 5.81915 13.8317
33 55 37 42 0.241929 4.74266 19.6035
33 55 38 43 0.185473 4.67981 25.2317
33 55 39 44 0.150175 4.52917 30.1593
33 55 40 45 0.125849 4.25778 33.8325
33 55 41 46 0.118743 4.25073 35.7978
33 55 42 47 0.111454 3.9898 35.7978
33 55 43 48 0.121915 4.12468 33.8325
33 55 44 49 0.143953 4.34152 30.1593
33 55 45 50 0.169314 4.27208 25.2317
33 55 46 51 0.236913 4.64433 19.6035
33 55 47 52 0.371198 5.13429 13.8317
33 55 48 53 0.721944 6.0674 8.40426
33 55 49 54 2.02423 7.4973 3.70377
34 46 35 38 1.96312 7.86556 4.00667
34 46 36 39 0.77897 7.13769 9.16298
34 46 37 40 0.371151 5.24702 14.1372
34 46 38 41 0.294004 5.07097 17.248
34 46 39 42 0.324465 5.59636 17.248
34 46 40 43 0.402653 5.69238 14.1372
34 46 41 44 0.654043 5.99298 9.16298
34 46 42 45 2.16206 8.66267 4.00667
34 56 35 40 2.0837 7.71754 3.70377
34 56 36 41 0.84491 7.10084 8.40426
34 56 37 42 0.387708 5.36265 13.8317
34 56 38 43 0.261594 5.12817 19.6035
34 56 39 44 0.194233 4.90084 25.2317
34 56 40 45 0.14914 4.49797 30.1593
34 56 41 46 0.130635 4.41971 33.8325
34 56 42 47 0.113595 4.06645 35.7978
34 56 43 48 0.115467 4.13346 35.7978
34 56 44 49 0.128212 4.33773 33.8325
34 56 45 50 0.140844 4.24774 30.1593
34 56 46 51 0.178433 4.50217 25.2317
34 56 47 52 0.248233 4.86625 19.6035
34 56 48 53 0.395909 5.47608 13.8317
34 56 49 54 0.756868 6.36091 8.40426
34 56 50 55 1.9177 7.10274 3.70377
35 47 36 39 2.52713 10.1254 4.00667
35 47 37 40 0.707387 6.48177 9.16298
35 47 38 41 0.403707 5.70728 14.1372
35 47 39 42 0.334943 5.77708 17.248
35 47 40 43 0.314739 5.42861 17.248
35 47 41 44 0.377465 5.33629 14.1372
35 47 42 45 0.714122 6.54349 9.16298
35 47 43 46 2.25176 9.02206 4.00667
35 57 36 41 2.66465 9.86927 3.70377
35 57 37 42 0.773794 6.50317 8.40426
35 57 38 43 0.421108 5.82462 13.8317
35 57 39 44 0.277551 5.44097 19.6035
35 57 40 45 0.191705 4.83704 25.2317
35 57 41 46 0.154305 4.65372 30.1593
35 57 42 47 0.123209 4.16846 33.8325
35 57 43 48 0.115673 4.14085 35.7978
35 57 44 49 0.120567 4.31603 35.7978
35 57 45 50 0.124043 4.1967 33.8325
35 57 46 51 0.144072 4.34511 30.1593
35 57 47 52 0.182982 4.61694 25.2317
35 57 48 53 0.256956 5.03725 19.6035
35 57 49 54 0.408755 5.65377 13.8317
35 57 50 55 0.726536 6.106 8.40426
35 57 51 56 1.95843 7.25357 3.70377
36 48 37 40 1.99753 8.00344 4.00667
36 48 38 41 0.71655 6.56573 9.16298
36 48 39 42 0.439464 6.21277 14.1372
36 48 40 43 0.314223 5.41971 17.248
36 48 41 44 0.288948 4.98376 17.248
36 48 42 45 0.366379 5.17956 14.1372
36 48 43 46 0.696513 6.38214 9.16298
36 48 44 47 2.01729 8.0826 4.00667
36 58 37 42 2.13219 7.89714 3.70377
36 58 38 43 0.785566 6.6021 8.40426
36 58 39 44 0.434725 6.01297 13.8317
36 58 40 45 0.264317 5.18156 19.6035
36 58 41 46 0.193831 4.89069 25.2317
36 58 42 47 0.141338 4.26267 30.1593
36 58 43 48 0.122268 4.13664 33.8325
36 58 44 49 0.119733 4.28616 35.7978
36 58 45 50 0.115572 4.13721 35.7978
36 58 46 51 0.123859 4.19046 33.8325
36 58 47 52 0.145061 4.37493 30.1593
36 58 48 53 0.1838 4.63758 25.2317
36 58 49 54 0.25728 5.0436 19.6035
36 58 50 55 0.38453 5.31869 13.8317
36 58 51 56 0.704627 5.92187 8.40426
36 58 52 57 2.2168 8.21051 3.70377
37 49 38 41 1.96493 7.8728 4.00667
37 49 39 42 0.782621 7.17114 9.16298
37 49 40 43 0.419583 5.93172 14.1372
37 49 41 44 0.302884 5.22413 17.248
37 49 42 45 0.272545 4.70085 17.248
37 49 43 46 0.361426 5.10954 14.1372
37 49 44 47 0.645141 5.91141 9.16298
37 49 45 48 1.94961 7.81142 4.00667
37 59 38 43 2.10742 7.8054 3.70377
37 59 39 44 0.826214 6.94372 8.40426
37 59 40 45 0.417153 5.76992 13.8317
37 59 41 46 0.272625 5.34441 19.6035
37 59 42 47 0.178917 4.51438 25.2317
37 59 43 48 0.141112 4.25585 30.1593
37 59 44 49 0.129442 4.37934 33.8325
37 59 45 50 0.117219 4.19618 35.7978
37 59 46 51 0.116447 4.16855 35.7978
37 59 47 52 0.126966 4.29558 33.8325
37 59 48 53 0.147826 4.45834 30.1593
37 59 49 54 0.18832 4.75164 25.2317
37 59 50 55 0.25268 4.95342 19.6035
37 59 51 56 0.38142 5.27568 13.8317
37 59 52 57 0.791646 6.6532 8.40426
37 59 53 58 2.24339 8.30902 3.70377
38 50 39 42 1.89156 7.57886 4.00667
38 50 40 43 0.672765 6.16453 9.16298
38 50 41 44 0.387811 5.48255 14.1372
38 50 42 45 0.26909 4.64125 17.248
38 50 43 46 0.275466 4.75122 17.248
38 50 44 47 0.377252 5.33328 14.1372
38 50 45 48 0.710868 6.51367 9.16298
38 50 46 49 1.96002 7.85316 4.00667
38 60 39 44 1.98376 7.3474 3.70377
38 60 40 45 0.703883 5.91561 8.40426
38 60 41 46 0.393381 5.44112 13.8317
38 60 42 47 0.229453 4.49809 19.6035
38 60 43 48 0.164706 4.15581 25.2317
38 60 44 49 0.141943 4.28089 30.1593
38 60 45 50 0.121225 4.10136 33.8325
38 60 46 51 0.112383 4.02307 35.7978
38 60 47 52 0.114809 4.10991 35.7978
38 60 48 53 0.123884 4.19131 33.8325
38 60 49 54 0.145263 4.38103 30.1593
38 60 50 55 0.178942 4.51501 25.2317
38 60 51 56 0.23704 4.64682 19.6035
38 60 52 57 0.391573 5.41611 13.8317
38 60 53 58 0.768783 6.46105 8.40426
38 60 54 59 2.19338 8.12377 3.70377
39 51 40 43 1.97877 7.92826 4.00667
39 51 41 44 0.727703 6.66793 9.16298
39 51 42 45 0.355604 5.02724 14.1372
39 51 43 46 0.266211 4.5916 17.248
39 51 44 47 0.286854 4.94764 17.248
39 51 45 48 0.400552 5.66267 14.1372
39 51 46 49 0.706103 6.47001 9.16298
39 51 47 50 1.85601 7.4364 4.00667
39 61 40 45 2.06273 7.63989 3.70377
39 61 41 46 0.77533 6.51607 8.40426
39 61 42 47 0.359893 4.97793 13.8317
39 61 43 48 0.220482 4.32223 19.6035
39 61 44 49 0.174103 4.39291 25.2317
39 61 45 50 0.138135 4.16605 30.1593
39 61 46 51 0.118585 4.01202 33.8325
39 61 47 52 0.113127 4.04971 35.7978
39 61 48 53 0.113372 4.05847 35.7978
39 61 49 54 0.123282 4.17094 33.8325
39 61 50 55 0.141167 4.25749 30.1593
39 61 51 56 0.169058 4.26563 25.2317
39 61 52 57 0.237362 4.65313 19.6035
39 61 53 58 0.371773 5.14224 13.8317
39 61 54 59 0.690485 5.80301 8.40426
39 61 55 60 1.97075 7.29922 3.70377
40 52 41 44 2.4362 9.76106 4.00667
40 52 42 45 0.710752 6.51261 9.16298
40 52 43 46 0.355319 5.0232 14.1372
40 52 44 47 0.291653 5.03042 17.248
40 52 45 48 0.303387 5.23281 17.248
40 52 46 49 0.392768 5.55263 14.1372
40 52 47 50 0.664565 6.08939 9.16298
40 52 48 51 2.25727 9.04415 4.00667
40 62 41 46 2.55213 9.4525 3.70377
40 62 42 47 0.764588 6.4258 8.40426
40 62 43 48 0.359821 4.97692 13.8317
40 62 44 49 0.249967 4.90024 19.6035
40 62 45 50 0.180104 4.54432 25.2317
40 62 46 51 0.140923 4.25013 30.1593
40 62 47 52 0.124779 4.22159 33.8325
40 62 48 53 0.116154 4.15805 35.7978
40 62 49 54 0.117938 4.2219 35.7978
40 62 50 55 0.127449 4.31193 33.8325
40 62 51 56 0.142294 4.29147 30.1593
40 62 52 57 0.181544 4.58066 25.2317
40 62 53 58 0.252649 4.95281 19.6035
40 62 54 59 0.391376 5.41339 13.8317
40 62 55 60 0.772636 6.49343 8.40426
40 62 56 61 2.02726 7.5085 3.70377
41 53 42 45 2.10499 8.43398 4.00667
41 53 43 46 0.614798 5.63338 9.16298
41 53 44 47 0.377146 5.33177 14.1372
41 53 45 48 0.29587 5.10315 17.248
41 53 46 49 0.286933 4.94901 17.248
41 53 47 50 0.355624 5.02751 14.1372
41 53 48 51 0.689403 6.31699 9.16298
41 53 49 52 2.0095 8.05139 4.00667
41 63 42 47 2.22091 8.22573 3.70377
41 63 43 48 0.665126 5.58989 8.40426
41 63 44 49 0.384921 5.3241 13.8317
41 63 45 50 0.247061 4.84327 19.6035
41 63 46 51 0.174771 4.40976 25.2317
41 63 47 52 0.143047 4.3142 30.1593
41 63 48 53 0.123429 4.17592 33.8325
41 63 49 54 0.116894 4.18454 35.7978
41 63 50 55 0.119217 4.2677 35.7978
41 63 51 56 0.124621 4.21623 33.8325
41 63 52 57 0.146163 4.40816 30.1593
41 63 53 58 0.185164 4.67199 25.2317
41 63 54 59 0.254464 4.9884 19.6035
41 63 55 60 0.417434 5.77381 13.8317
41 63 56 61 0.759399 6.38218 8.40426
41 63 57 62 1.88926 6.99739 3.70377
42 54 43 46 2.03167 8.14022 4.00667
42 54 44 47 0.754532 6.91376 9.16298
42 54 45 48 0.420736 5.94801 14.1372
42 54 46 49 0.297826 5.1369 17.248
42 54 47 50 0.27755 4.78717 17.248
42 54 48 51 0.366431 5.1803 14.1372
42 54 49 52 0.667403 6.1154 9.16298
42 54 50 53 2.06594 8.27752 4.00667
42 64 43 48 2.15511 7.98204 3.70377
42 64 44 49 0.815425 6.85305 8.40426
42 64 45 50 0.423567 5.85863 13.8317
42 64 46 51 0.256231 5.02303 19.6035
42 64 47 52 0.18782 4.73901 25.2317
42 64 48 53 0.14688 4.42979 30.1593
42 64 49 54 0.127861 4.32587 33.8325
42 64 50 55 0.122182 4.37385 35.7978
42 64 51 56 0.119165 4.26583 35.7978
42 64 52 57 0.128901 4.36104 33.8325
42 64 53 58 0.14997 4.52299 30.1593
42 64 54 59 0.187664 4.73508 25.2317
42 64 55 60 0.272982 5.35142 19.6035
42 64 56 61 0.420734 5.81946 13.8317
42 64 57 62 0.74465 6.25823 8.40426
42 64 58 63 2.2539 8.34794 3.70377
43 55 44 47 2.15229 8.62353 4.00667
43 55 45 48 0.752096 6.89144 9.16298
43 55 46 49 0.392101 5.5432 14.1372
43 55 47 50 0.285627 4.92648 17.248
43 55 48 51 0.27697 4.77717 17.248
43 55 49 52 0.363431 5.13788 14.1372
43 55 50 53 0.686962 6.29462 9.16298
43 55 51 54 1.92501 7.71288 4.00667
44 56 45 48 2.01762 8.08394 4.00667
44 56 46 49 0.658897 6.03746 9.16298
44 56 47 50 0.366486 5.18107 14.1372
44 56 48 51 0.271947 4.69052 17.248
44 56 49 52 0.277034 4.77828 17.248
44 56 50 53 0.396471 5.60498 14.1372
44 56 51 54 0.710429 6.50965 9.16298
44 56 52 55 1.80035 7.21341 4.00667
45 57 46 49 2.19106 8.77887 4.00667
45 57 47 50 0.724452 6.63814 9.16298
45 57 48 51 0.370279 5.23469 14.1372
45 57 49 52 0.276303 4.76566 17.248
45 57 50 53 0.303976 5.24296 17.248
45 57 51 54 0.408134 5.76986 14.1372
45 57 52 55 0.672128 6.15869 9.16298
45 57 53 56 1.83295 7.34403 4.00667
46 58 47 50 2.2567 9.04184 4.00667
46 58 48 51 0.694522 6.36389 9.16298
46 58 49 52 0.361663 5.11289 14.1372
46 58 50 53 0.300946 5.19071 17.248
46 58 51 54 0.307207 5.29869 17.248
46 58 52 55 0.37937 5.36322 14.1372
46 58 53 56 0.646885 5.92739 9.16298
46 58 54 57 2.09086 8.37739 4.00667
47 59 48 51 1.9968 8.00052 4.00667
47 59 49 52 0.630062 5.77324 9.16298
47 59 50 53 0.386416 5.46283 14.1372
47 59 51 54 0.304772 5.25669 17.248
47 59 52 55 0.293897 5.06912 17.248
47 59 53 56 0.368266 5.20624 14.1372
47 59 54 57 0.728839 6.67834 9.16298
47 59 55 58 2.13099 8.53817 4.00667
48 60 49 52 1.91799 7.68474 4.00667
48 60 50 53 0.71202 6.52423 9.16298
48 60 51 54 0.408615 5.77666 14.1372
48 60 52 55 0.298053 5.1408 17.248
48 60 53 56 0.275966 4.75985 17.248
48 60 54 57 0.379523 5.36538 14.1372
48 60 55 58 0.721507 6.61116 9.16298
48 60 56 59 2.09617 8.39865 4.00667
49 61 50 53 1.9652 7.87392 4.00667
49 61 51 54 0.719346 6.59135 9.16298
49 61 52 55 0.393834 5.5677 14.1372
49 61 53 56 0.274318 4.73143 17.248
49 61 54 57 0.271604 4.68461 17.248
49 61 55 58 0.369386 5.22207 14.1372
49 61 56 59 0.654668 5.99871 9.16298
49 61 57 60 1.86741 7.48211 4.00667
50 62 51 54 1.88753 7.5627 4.00667
50 62 52 55 0.678241 6.21471 9.16298
50 62 53 56 0.353746 5.00097 14.1372
50 62 54 57 0.268599 4.63278 17.248
50 62 55 58 0.286637 4.9439 17.248
50 62 56 59 0.390697 5.52335 14.1372
50 62 57 60 0.722342 6.6188 9.16298
50 62 58 61 1.90501 7.63273 4.00667
51 63 52 55 2.28067 9.1379 4.00667
51 63 53 56 0.691662 6.33768 9.16298
51 63 54 57 0.363724 5.14203 14.1372
51 63 55 58 0.286067 4.93407 17.248
51 63 56 59 0.301069 5.19282 17.248
51 63 57 60 0.414608 5.86138 14.1372
51 63 58 61 0.702586 6.43778 9.16298
51 63 59 62 1.76874 7.08677 4.00667
52 64 53 56 2.00776 8.04443 4.00667
52 64 54 57 0.661002 6.05675 9.16298
52 64 55 58 0.369864 5.22884 14.1372
52 64 56 59 0.300065 5.17551 17.248
52 64 57 60 0.318095 5.48648 17.248
52 64 58 61 0.41097 5.80996 14.1372
52 64 59 62 0.687149 6.29633 9.16298
52 64 60 63 2.11952 8.49223 4.00667
