64
# x y z
0.0 0.0 0.0
0.5 0.0 0.0
1.0 0.0 0.0
1.5 0.0 0.0
2.0 0.0 0.0
2.5 0.0 0.0
3.0 0.0 0.0
3.5 0.0 0.0
4.0 0.0 0.0
4.5 0.0 0.0
5.0 0.0 0.0
5.5 0.0 0.0
6.0 0.0 0.0
6.5 0.0 0.0
7.0 0.0 0.0
7.5 0.0 0.0
8.0 0.0 0.0
8.5 0.0 0.0
9.0 0.0 0.0
9.5 0.0 0.0
10.0 0.0 0.0
10.5 0.0 0.0
11.0 0.0 0.0
11.5 0.0 0.0
12.0 0.0 0.0
12.5 0.0 0.0
13.0 0.0 0.0
13.5 0.0 0.0
14.0 0.0 0.0
14.5 0.0 0.0
15.0 0.0 0.0
15.5 0.0 0.0
16.0 0.0 0.0
16.5 0.0 0.0
17.0 0.0 0.0
17.5 0.0 0.0
18.0 0.0 0.0
18.5 0.0 0.0
19.0 0.0 0.0
19.5 0.0 0.0
20.0 0.0 0.0
20.5 0.0 0.0
21.0 0.0 0.0
21.5 0.0 0.0
22.0 0.0 0.0
22.5 0.0 0.0
23.0 0.0 0.0
23.5 0.0 0.0
24.0 0.0 0.0
24.5 0.0 0.0
25.0 0.0 0.0
25.5 0.0 0.0
26.0 0.0 0.0
26.5 0.0 0.0
27.0 0.0 0.0
27.5 0.0 0.0
28.0 0.0 0.0
28.5 0.0 0.0
29.0 0.0 0.0
29.5 0.0 0.0
30.0 0.0 0.0
30.5 0.0 0.0
31.0 0.0 0.0
31.5 0.0 0.0
1400
# a b m n r rhoa
1 13 2 5 2.15945325 8.652214159498742
1 13 3 6 0.714662767 6.5484396209206155
1 13 4 7 0.432906369 6.120069608441858
1 13 5 8 0.305978247 5.277500463164223
1 13 6 9 0.265768271 4.583960418914534
1 13 7 10 0.382571031 5.40847053209644
1 13 8 11 0.721805221 6.613885773881042
1 13 9 12 2.23587394 8.958406560791367
1 23 2 7 2.28376306 8.458538570585304
1 23 3 8 0.774711702 6.510879034995945
1 23 4 9 0.426273642 5.896078109885154
1 23 5 10 0.264711195 5.189276012138243
1 23 6 11 0.18906239 4.770363431527643
1 23 7 12 0.142846827 4.308158806001394
1 23 8 13 0.126648383 4.284836011311972
1 23 9 14 0.124565192 4.459155511842581
1 23 10 15 0.114444432 4.09685492037369
1 23 11 16 0.126252465 4.271441101217253
1 23 12 17 0.145465282 4.387129548322247
1 23 13 18 0.183899066 4.640084046004541
1 23 14 19 0.270085541 5.294632209025688
1 23 15 20 0.406251327 5.619135973311001
1 23 16 21 0.81292761 6.832055484968472
1 23 17 22 2.24485995 8.314450305819902
1 57 4 16 0.494673347 5.709496829636234
1 57 5 17 0.31141774 5.0620974703920245
1 57 6 18 0.220557438 4.70690346972235
1 57 7 19 0.16238577 4.3444043872309885
1 57 8 20 0.130576326 4.235841300914483
1 57 9 21 0.114820704 4.402005317284979
1 57 10 22 0.095117556 4.221411457442384
1 57 11 23 0.082853879 4.183560481185366
1 57 12 24 0.073590065 4.164712399227703
1 57 13 25 0.065433979 4.095823670829352
1 57 14 26 0.060601728 4.145554401084142
1 57 15 27 0.057272248 4.234467076291788
1 57 16 28 0.052915782 4.185066912155016
1 57 17 29 0.050093307 4.196607073739149
1 57 18 30 0.047754249 4.198038789578242
1 57 19 31 0.045561842 4.164829725801563
1 57 20 32 0.044372987 4.180405818677805
1 57 21 33 0.043617357 4.198303710236019
1 57 22 34 0.043168972 4.20879366419078
1 57 23 35 0.043097471 4.219801429785857
1 57 24 36 0.043144164 4.2063749882672195
1 57 25 37 0.044137831 4.248400920969841
1 57 26 38 0.043875759 4.133561669456804
1 57 27 39 0.0453365 4.144231106016359
1 57 28 40 0.047542343 4.179410298368081
1 57 29 41 0.049462384 4.143750992091661
1 57 30 42 0.053425161 4.225353290208479
1 57 31 43 0.057053312 4.218279877147537
1 57 32 44 0.060150547 4.114690670923909
1 57 33 45 0.066043587 4.1339819322477345
1 57 34 46 0.073694792 4.170639256819606
1 57 35 47 0.081774623 4.129065353073353
1 57 36 48 0.094764083 4.205723975185202
1 57 37 49 0.111191861 4.262882444622638
1 57 38 50 0.12990362 4.214019000153985
1 57 39 51 0.164684676 4.405908405176844
1 57 40 52 0.213856222 4.563893208414551
1 57 41 53 0.305217971 4.961320183356562
1 57 42 54 0.48111907 5.55305399310817
2 14 3 6 1.83804745 7.364447539079883
2 14 4 7 0.74045543 6.7847772393294585
2 14 5 8 0.399847535 5.652711353303956
2 14 6 9 0.274623448 4.736694154652621
2 14 7 10 0.281040817 4.847380676331386
2 14 8 11 0.384488243 5.435574478202024
2 14 9 12 0.719944622 6.596837145111151
2 14 10 13 1.89251609 7.582685344532092
2 24 3 8 1.96127309 7.264109123131198
2 24 4 9 0.775756541 6.519660134239037
2 24 5 10 0.400884001 5.544896869085041
2 24 6 11 0.254063266 4.980538929678806
2 24 7 12 0.174364746 4.3995170486631725
2 24 8 13 0.142464942 4.2966414257404395
2 24 9 14 0.132683793 4.489029239037843
2 24 10 15 0.114338058 4.093046968884186
2 24 11 16 0.117042502 4.1898600205516985
2 24 12 17 0.125735273 4.253943184118994
2 24 13 18 0.146031379 4.4042026316158704
2 24 14 19 0.195085615 4.922339571678325
2 24 15 20 0.264831482 5.191634062932702
2 24 16 21 0.431379936 5.966706704547447
2 24 17 22 0.843631245 7.09009683493593
2 24 18 23 2.68458844 9.943104546882124
2 58 5 17 0.463500128 5.3496969816568445
2 58 6 18 0.29878345 4.85672700097304
2 58 7 19 0.205975844 4.39571851937539
2 58 8 20 0.158583921 4.242691229266533
2 58 9 21 0.136134803 4.416155965663002
2 58 10 22 0.109832478 4.210766310634932
2 58 11 23 0.093749061 4.160676292291036
2 58 12 24 0.081897867 4.135288341473729
2 58 13 25 0.071735151 4.05973649880825
2 58 14 26 0.065620953 4.107527261941083
2 58 15 27 0.061438737 4.202811288935542
2 58 16 28 0.056151891 4.151632632108752
2 58 17 29 0.052632605 4.162670669518305
2 58 18 30 0.049683663 4.16228881824616
2 58 19 31 0.046945496 4.126941944034974
2 58 20 32 0.045373012 4.14756868536507
2 58 21 33 0.044248792 4.168705332959981
2 58 22 34 0.043450925 4.182284122366401
2 58 23 35 0.042967562 4.189157034161585
2 58 24 36 0.042706837 4.181553294257836
2 58 25 37 0.043317238 4.223248977173792
2 58 26 38 0.042711562 4.111118177439677
2 58 27 39 0.043812283 4.1275815572830075
2 58 28 40 0.045541411 4.162962118338988
2 58 29 41 0.04701407 4.1329702308991765
2 58 30 42 0.050236875 4.208634598381566
2 58 31 43 0.053054795 4.196061339236514
2 58 32 44 0.05543337 4.098508237233869
2 58 33 45 0.060088547 4.110449465576312
2 58 34 46 0.066064031 4.1352616193522955
2 58 35 47 0.072169605 4.084323730259861
2 58 36 48 0.082073797 4.144171616515746
2 58 37 49 0.093987556 4.171260936891689
2 58 38 50 0.107303068 4.11379358810578
2 58 39 51 0.13088874 4.245975880165733
2 58 40 52 0.162045601 4.33530364092791
2 58 41 53 0.214933844 4.586890676905498
2 58 42 54 0.302530432 4.917634218730784
2 58 43 55 0.442280947 5.104786178635599
3 15 4 7 2.27174043 9.102111710522912
3 15 5 8 0.743322375 6.811046994934342
3 15 6 9 0.382658299 5.409704254381061
3 15 7 10 0.286354516 4.939031142364729
3 15 8 11 0.304435337 5.250888413714771
3 15 9 12 0.447346683 6.324214738142543
3 15 10 13 0.793743851 7.273057899139875
3 15 11 14 2.16550522 8.676462399430244
3 25 4 9 2.36120501 8.745365926947018
3 25 5 10 0.781529413 6.568176854948794
3 25 6 11 0.399086285 5.520031447179855
3 25 7 12 0.236695442 4.640068129166425
3 25 8 13 0.173737302 4.383685576772168
3 25 9 14 0.151525598 4.56990437287296
3 25 10 15 0.121835155 4.121992300428944
3 25 11 16 0.115322074 4.128272542735838
3 25 12 17 0.115515167 4.135184840637232
3 25 13 18 0.123620275 4.182387437574225
3 25 14 19 0.151235703 4.561161345650761
3 25 15 20 0.188300954 4.751151115160285
3 25 16 21 0.264185657 5.178973607901554
3 25 17 22 0.423098641 5.852162530664415
3 25 18 23 0.882654905 7.4180618432182115
3 25 19 24 2.47081136 9.15132290002113
3 59 6 18 0.460013959 5.309459780736706
3 59 7 19 0.282100907 4.5855521516532605
3 59 8 20 0.202387289 4.31913537561948
3 59 9 21 0.16775329 4.488004885209045
3 59 10 22 0.13062933 4.2375607284645715
3 59 11 23 0.108556105 4.161832620654778
3 59 12 24 0.092981151 4.126595685002466
3 59 13 25 0.079980028 4.038450443882042
3 59 14 26 0.072079421 4.079219910566103
3 59 15 27 0.066765219 4.179152308134976
3 59 16 28 0.060329114 4.126905821170758
3 59 17 29 0.055991599 4.139781321564892
3 59 18 30 0.052344254 4.139865219356257
3 59 19 31 0.048914764 4.0978736862527585
3 59 20 32 0.046914106 4.1241824736137165
3 59 21 33 0.045361726 4.146537026717788
3 59 22 34 0.04412124 4.156688582251177
3 59 23 35 0.04325853 4.163765516520319
3 59 24 36 0.042676791 4.160808081526567
3 59 25 37 0.042933607 4.20375701869987
3 59 26 38 0.042036804 4.098412033949514
3 59 27 39 0.04277939 4.117646829417785
3 59 28 40 0.044079143 4.152722598537958
3 59 29 41 0.045070909 4.119953305928615
3 59 30 42 0.047756823 4.198265067910969
3 59 31 43 0.049992627 4.188172525782791
3 59 32 44 0.051797632 4.096633322194537
3 59 33 45 0.055593058 4.1103148905798115
3 59 34 46 0.06042292 4.133322764861667
3 59 35 47 0.06510503 4.075233189839412
3 59 36 48 0.072948576 4.128408352040516
3 59 37 49 0.082129981 4.147008528497561
3 59 38 50 0.092156726 4.090006885971486
3 59 39 51 0.109410143 4.1945747976855285
3 59 40 52 0.131038119 4.250821672332449
3 59 41 53 0.165860011 4.437352850896849
3 59 42 54 0.218004997 4.652431974641048
3 59 43 55 0.291158891 4.732789742849097
3 59 44 56 0.426469258 4.922288397495403
4 16 5 8 2.25003021 9.015126047420535
4 16 6 9 0.728946165 6.679318090743822
4 16 7 10 0.374601979 5.2958107136097015
4 16 8 11 0.288745165 4.980264959894127
4 16 9 12 0.327804094 5.653951791913262
4 16 10 13 0.428003719 6.050760026937809
4 16 11 14 0.722354966 6.61892307553664
4 16 12 15 1.80716731 7.240721042775644
4 26 5 10 2.34779294 8.695690672366805
4 26 6 11 0.79355825 6.669270335835293
4 26 7 12 0.377353611 5.219432182258215
4 26 8 13 0.237694178 4.659646888452594
4 26 9 14 0.190703605 4.811774058037097
4 26 10 15 0.141061849 4.254325137793848
4 26 11 16 0.123058479 4.163380454028205
4 26 12 17 0.114334667 4.0929255786619425
4 26 13 18 0.11267481 4.0335064072900515
4 26 14 19 0.126642578 4.284639613438928
4 26 15 20 0.145869849 4.399331001587061
4 26 16 21 0.180521492 4.554862149164675
4 26 17 22 0.248332624 4.868198070559674
4 26 18 23 0.401991766 5.560219113586841
4 26 19 24 0.712027404 5.984063858953028
4 26 20 25 1.69932332 6.293906797019071
4 60 7 19 0.440143162 5.080111963309532
4 60 8 20 0.280721763 4.563134156603569
4 60 9 21 0.22018205 4.698892336224816
4 60 10 22 0.162991915 4.360620949786304
4 60 11 23 0.130576193 4.235836986450214
4 60 12 24 0.108905691 4.17523507663387
4 60 13 25 0.091493033 4.060551532488431
4 60 14 26 0.080987636 4.089327832607877
4 60 15 27 0.074049446 4.19071033450157
4 60 16 28 0.065867386 4.122952674396491
4 60 17 29 0.060418901 4.133047838985995
4 60 18 30 0.055845954 4.129012948070517
4 60 19 31 0.051564842 4.078222147122409
4 60 20 32 0.048970186 4.102516708867352
4 60 21 33 0.046922246 4.124898054665932
4 60 22 34 0.045291622 4.140128786614203
4 60 23 35 0.043978257 4.143218067742609
4 60 24 36 0.043027171 4.141496506775035
4 60 25 37 0.042882497 4.18086355353285
4 60 26 38 0.041668132 4.079850601676972
4 60 27 39 0.042074446 4.102081971030885
4 60 28 40 0.042938073 4.132920552391219
4 60 29 41 0.04350734 4.098852693671345
4 60 30 42 0.045535746 4.1624442779848465
4 60 31 43 0.047126728 4.142873907825523
4 60 32 44 0.048400416 4.054783768967729
4 60 33 45 0.051341704 4.060574341017144
4 60 34 46 0.055141791 4.076950122811015
4 60 35 47 0.0586248 4.010319600996811
4 60 36 48 0.064666724 4.0477975345835
4 60 37 49 0.07155144 4.049339667665697
4 60 38 50 0.078997008 3.988814582847523
4 60 39 51 0.091476345 4.05981090249998
4 60 40 52 0.106442795 4.080812373147225
4 60 41 53 0.12958533 4.2036938059249165
4 60 42 54 0.161679747 4.325515728337503
4 60 43 55 0.202891716 4.329900322918703
4 60 44 56 0.269412446 4.379301132262818
4 60 45 57 0.44623387 5.150410632577112
5 17 6 9 2.34428111 9.392758196449693
5 17 7 10 0.706456989 6.473250252932066
5 17 8 11 0.374359044 5.2923763009588525
5 17 9 12 0.328662821 5.668763080574026
5 17 10 13 0.323667588 5.58260550326392
5 17 11 14 0.414150597 5.854916128567634
5 17 12 15 0.682531898 6.254025156742703
5 17 13 16 2.40129541 9.621195618632326
5 27 6 11 2.47959143 9.183842280883452
5 27 7 12 0.75795904 6.370085297771394
5 27 8 13 0.375746485 5.197202939127046
5 27 9 14 0.270155709 5.296007750091188
5 27 10 15 0.180667206 4.558538759499822
5 27 11 16 0.144743367 4.365357104861291
5 27 12 17 0.125551198 4.2477154600052
5 27 13 18 0.115073415 4.119371106205967
5 27 14 19 0.120816428 4.324958137882791
5 27 15 20 0.131727415 4.45667254566556
5 27 16 21 0.150877457 4.550356900833693
5 27 17 22 0.191063547 4.820856002649512
5 27 18 23 0.276984581 5.429877802922019
5 27 19 24 0.422157422 5.83914389616365
5 27 20 25 0.764050293 6.421277775375864
5 27 21 26 2.46640896 9.135017412444348
5 61 8 20 0.435738517 5.029273754993504
5 61 9 21 0.313659748 5.098541325598856
5 61 10 22 0.215189273 4.592341772353785
5 61 11 23 0.16442798 4.399040862358378
5 61 12 24 0.132466809 4.297167777278022
5 61 13 25 0.107989042 4.140092514086231
5 61 14 26 0.093481788 4.14881445151303
5 61 15 27 0.084196579 4.251357749410883
5 61 16 28 0.073581037 4.164201473961633
5 61 17 29 0.066514554 4.163461994690208
5 61 18 30 0.060689445 4.151554817366
5 61 19 31 0.055352582 4.092535115205212
5 61 20 32 0.052029508 4.114972209737064
5 61 21 33 0.049319735 4.13180045741321
5 61 22 34 0.047211444 4.150321225321771
5 61 23 35 0.045309735 4.141784504590299
5 61 24 36 0.043916359 4.1373866198988
5 61 25 37 0.043387685 4.17619707938864
5 61 26 38 0.041813233 4.07661479939186
5 61 27 39 0.041902995 4.102846735793607
5 61 28 40 0.042403163 4.13413049947191
5 61 29 41 0.042559024 4.096435929467797
5 61 30 42 0.044129679 4.15748362552162
5 61 31 43 0.045264442 4.137644249840047
5 61 32 44 0.04606487 4.049526799110151
5 61 33 45 0.048355515 4.051022151588027
5 61 34 46 0.051361963 4.062176609137708
5 61 35 47 0.054031856 3.994886237099318
5 61 36 48 0.05885005 4.025728173650783
5 61 37 49 0.064134787 4.014501070127473
5 61 38 50 0.069896213 3.955664734637217
5 61 39 51 0.079378208 4.008062604481222
5 61 40 52 0.090286866 4.00702064494766
5 61 41 53 0.106711573 4.0911168055705724
5 61 42 54 0.127961934 4.151031519925697
5 61 43 55 0.153521653 4.107257322043388
5 61 44 56 0.190857012 4.073068404084564
5 61 45 57 0.273467798 4.445220906456636
5 61 46 58 0.416398372 4.806050698340312
6 18 7 10 2.09631311 8.39923252475359
6 18 8 11 0.640550129 5.8693471069403165
6 18 9 12 0.426675035 6.031976199417768
6 18 10 13 0.314118421 5.417901855996693
6 18 11 14 0.309142094 5.3320703686120465
6 18 12 15 0.381884396 5.398763458473801
6 18 13 16 0.801139492 7.340823999156255
6 18 14 17 2.29788279 9.206855491086216
6 28 7 12 2.21178512 8.19194866360902
6 28 8 13 0.690795997 5.805629581578751
6 28 9 14 0.422606769 5.845359117442667
6 28 10 15 0.249131498 4.883858827502428
6 28 11 16 0.180546671 4.555497457862732
6 28 12 17 0.144824162 4.367793824654379
6 28 13 18 0.122893459 4.157797408893025
6 28 14 19 0.119949043 4.293907693199659
6 28 15 20 0.123456956 4.419483139581296
6 28 16 21 0.130791098 4.424994566803377
6 28 17 22 0.152768114 4.607377772593611
6 28 18 23 0.20080157 5.06656277074112
6 28 19 24 0.273078889 5.35331242076506
6 28 20 25 0.423391309 5.85621061907112
6 28 21 26 0.89448797 7.517510005198143
6 28 22 27 2.6714961 9.894613499448676
6 62 9 21 0.483033068 5.575145269258794
6 62 10 22 0.298225311 4.847654447752317
6 62 11 23 0.213328357 4.552628072119101
6 62 12 24 0.164673965 4.4056218473375
6 62 13 25 0.129541334 4.2022665941202675
6 62 14 26 0.109243027 4.188167891134918
6 62 15 27 0.096752928 4.293990888499049
6 62 16 28 0.082990236 4.190445587391835
6 62 17 29 0.073924748 4.183653250005736
6 62 18 30 0.066504471 4.162830851808419
6 62 19 31 0.059867677 4.095340513558192
6 62 20 32 0.055733929 4.120730294764825
6 62 21 33 0.05233171 4.138873124420457
6 62 22 34 0.049623553 4.1572530546619655
6 62 23 35 0.047177238 4.147314202536505
6 62 24 36 0.045383054 4.148486629378539
6 62 25 37 0.044464813 4.1890568014188565
6 62 26 38 0.042548475 4.095420556027374
6 62 27 39 0.042354301 4.12936665946155
6 62 28 40 0.042556291 4.166812888120118
6 62 29 41 0.042394868 4.133321771771736
6 62 30 42 0.04358775 4.195453946139836
6 62 31 43 0.044378158 4.180892981700848
6 62 32 44 0.044920689 4.106221624022297
6 62 33 45 0.046752411 4.109967992257705
6 62 34 46 0.049259399 4.12674576049729
6 62 35 47 0.051365278 4.062438789838616
6 62 36 48 0.055460322 4.100500953787272
6 62 37 49 0.059828876 4.092686271482508
6 62 38 50 0.06459632 4.043390613682036
6 62 39 51 0.072463954 4.100981942615024
6 62 40 52 0.081235619 4.101849296796726
6 62 41 53 0.094415447 4.190251163784572
6 62 42 54 0.110759403 4.246302835291011
6 62 43 55 0.129760556 4.209378063941137
6 62 44 56 0.156510319 4.187214905040766
6 62 45 57 0.211206479 4.507345197004604
6 62 46 58 0.296063843 4.812519770790326
6 62 47 59 0.452097371 5.21808688918786
7 19 8 11 1.84578117 7.395433994419724
7 19 9 12 0.790567103 7.243949425284149
7 19 10 13 0.409882279 5.794574204443701
7 19 11 14 0.301396306 5.198471329600715
7 19 12 15 0.280566589 4.839201210914534
7 19 13 16 0.401630104 5.677911828841083
7 19 14 17 0.737602405 6.75863503238631
7 19 15 18 2.499558 10.014901281186965
7 29 8 13 1.96617393 7.282260719018851
7 29 9 14 0.841856225 7.075179104282239
7 29 10 15 0.401985643 5.560134422246093
7 29 11 16 0.253969431 4.978699431675713
7 29 12 17 0.184764935 4.661931383352246
7 29 13 18 0.143066033 4.314769903209934
7 29 14 19 0.128750367 4.355951461229731
7 29 15 20 0.124628583 4.461424767984788
7 29 16 21 0.121803356 4.3602879548270925
7 29 17 22 0.131202897 4.438926771406592
7 29 18 23 0.157155834 4.739708290206497
7 29 19 24 0.193194678 4.874628037321215
7 29 20 25 0.26590071 5.212594714830733
7 29 21 26 0.441872513 6.111836610482341
7 29 22 27 0.84612889 7.111087694407113
7 29 23 28 2.41576596 8.947447267216518
7 63 10 22 0.470491859 5.430395216603732
7 63 11 23 0.302627718 4.919215603318908
7 63 12 24 0.218726604 4.667831747701868
7 63 13 25 0.163612764 4.3772308973168546
7 63 14 26 0.133146435 4.319214559938881
7 63 15 27 0.115299894 4.420376541763709
7 63 16 28 0.096579797 4.286307163035808
7 63 17 29 0.084319236 4.25755109828162
7 63 18 30 0.074564269 4.219845921370634
7 63 19 31 0.066026864 4.132935160214396
7 63 20 32 0.060671709 4.150341559010435
7 63 21 33 0.056355825 4.16671064700938
7 63 22 34 0.052880342 4.182263990875939
7 63 23 35 0.049676907 4.161722828913689
7 63 24 36 0.047354515 4.162898485361265
7 63 25 37 0.0459164 4.197240041826994
7 63 26 38 0.043573101 4.105048077070757
7 63 27 39 0.043051113 4.143800997334389
7 63 28 40 0.042845504 4.177256891228744
7 63 29 41 0.042336457 4.1452882880451964
7 63 30 42 0.043138094 4.2057831887325525
7 63 31 43 0.043502105 4.187210353542899
7 63 32 44 0.043714141 4.1183355403796
7 63 33 45 0.045099205 4.122539856795485
7 63 34 46 0.046997354 4.13150074037475
7 63 35 47 0.048509471 4.063919939283388
7 63 36 48 0.051838681 4.0998798548013315
7 63 37 49 0.055311511 4.089498499682623
7 63 38 50 0.059146484 4.046006197296098
7 63 39 51 0.065447325 4.096659060386067
7 63 40 52 0.072295268 4.091435427392132
7 63 41 53 0.08249048 4.165211289648996
7 63 42 54 0.09474586 4.204915220374587
7 63 43 55 0.108530003 4.160831920094783
7 63 44 56 0.127360287 4.13151434334982
7 63 45 57 0.163680635 4.379046691090938
7 63 46 58 0.215781681 4.604984317062213
7 63 47 59 0.299938124 4.875496234654228
7 63 48 60 0.499001542 5.759452655597781
8 20 9 12 2.18434064 8.751929690803237
8 20 10 13 0.691121581 6.332732238020309
8 20 11 14 0.380474561 5.378832385719319
8 20 12 15 0.277345223 4.783639220074638
8 20 13 16 0.287849229 4.964811891902121
8 20 14 17 0.387267581 5.474866443493918
8 20 15 18 0.744322948 6.820215223894035
8 20 16 19 2.19488777 8.79418854846921
8 30 9 14 2.29549396 8.501987154133932
8 30 10 15 0.725515798 6.097423837230941
8 30 11 16 0.378696776 5.238010402852169
8 30 12 17 0.245857904 4.819684802608318
8 30 13 18 0.173495881 4.377594117175137
8 30 14 19 0.14442787 4.355841939509967
8 30 15 20 0.132256884 4.474585824811598
8 30 16 21 0.120531813 4.314769556902616
8 30 17 22 0.121129534 4.33616663299506
8 30 18 23 0.134318719 4.544342932230675
8 30 19 24 0.152336975 4.594374926688881
8 30 20 25 0.192705927 4.862296024076684
8 30 21 26 0.279718336 5.4834690733802365
8 30 22 27 0.438805949 6.0694208965101355
8 30 23 28 0.865125178 7.270737449228998
8 30 24 29 2.6434339 9.7906774978411
8 64 11 23 0.443744832 5.121682271415087
8 64 12 24 0.293565766 4.771913512256228
8 64 13 25 0.206503042 4.406969421262593
8 64 14 26 0.161447548 4.319303568526267
8 64 15 27 0.13651499 4.4284890726357835
8 64 16 28 0.11151861 4.275409373872415
8 64 17 29 0.095531015 4.239761177863951
8 64 18 30 0.083058924 4.193913866798907
8 64 19 31 0.072370313 4.095682479517987
8 64 20 32 0.065725908 4.114096894109898
8 64 21 33 0.06037611 4.130120654824236
8 64 22 34 0.056095786 4.147484466398279
8 64 23 35 0.052182181 4.127046995302539
8 64 24 36 0.049316501 4.131529526462764
8 64 25 37 0.047388618 4.165896453496854
8 64 26 38 0.044598335 4.076755091009189
8 64 27 39 0.043777128 4.124269583569009
8 64 28 40 0.043218279 4.159891234943818
8 64 29 41 0.042368024 4.130704594389759
8 64 30 42 0.042830793 4.193690194495684
8 64 31 43 0.042834644 4.176198086789456
8 64 32 44 0.042730098 4.112902324002545
8 64 33 45 0.043736366 4.120429371009486
8 64 34 46 0.045265897 4.13777725208458
8 64 35 47 0.046293245 4.069603067267355
8 64 36 48 0.048989519 4.104136346487935
8 64 37 49 0.051740214 4.092092178458588
8 64 38 50 0.054875027 4.0572267242264175
8 64 39 51 0.06001559 4.105458729793334
8 64 40 52 0.065394599 4.093358689505853
8 64 41 53 0.073503087 4.159790017992409
8 64 42 54 0.082800867 4.18088373374873
8 64 43 55 0.093026681 4.1286163515517345
8 64 44 56 0.10683178 4.0957253111339496
8 64 45 57 0.132224382 4.289303546980588
8 64 46 58 0.166764822 4.461559804979186
8 64 47 59 0.217706523 4.646062258348724
8 64 48 60 0.323217587 5.253904063201133
8 64 49 61 0.491570284 5.673681420400811
9 21 10 13 1.71624431 6.876422687150624
9 21 11 14 0.609435651 5.584245811717163
9 21 12 15 0.340631599 4.81556578049526
9 21 13 16 0.267305345 4.610471809271372
9 21 14 17 0.283002297 4.881212204258557
9 21 15 18 0.412674574 5.834049345007651
9 21 16 19 0.762925975 6.990674361687422
9 21 17 20 1.90069633 7.615460857665381
9 31 10 15 1.7973224 6.65687308392533
9 31 11 16 0.644181427 5.413868587450446
9 31 12 17 0.349553494 4.83491002290794
9 31 13 18 0.219529055 4.303546206570059
9 31 14 19 0.167718059 4.231809909207197
9 31 15 20 0.145078838 4.3754746718605775
9 31 16 21 0.123672586 4.184157251379015
9 31 17 22 0.116344141 4.164860257356167
9 31 18 23 0.119881507 4.291490055320148
9 31 19 24 0.125946005 4.261072782152123
9 31 20 25 0.147358096 4.444215473669561
9 31 21 26 0.191535477 4.8327635936528885
9 31 22 27 0.260093044 5.098743912788488
9 31 23 28 0.412109092 5.700158669969669
9 31 24 29 0.804962641 6.765115809805939
9 31 25 30 2.35734225 8.73105914310364
10 22 11 14 2.39061673 9.578409683673673
10 22 12 15 0.753751871 6.906612243309221
10 22 13 16 0.384261317 5.432366387456735
10 22 14 17 0.292777169 5.049808802262372
10 22 15 18 0.326149413 5.625411920763896
10 22 16 19 0.447525068 6.326736596667341
10 22 17 20 0.753662538 6.905793686944362
10 22 18 21 2.47458386 9.91483817135613
10 32 11 16 2.49489017 9.240505331721728
10 32 12 17 0.816190845 6.859480562313909
10 32 13 18 0.389085957 5.381710169007859
10 32 14 19 0.249244321 4.886070557488074
10 32 15 20 0.195322047 4.92830515037879
10 32 16 21 0.15064097 4.543224620943747
10 32 17 22 0.130455737 4.413648453607525
10 32 18 23 0.12289882 4.399503118029547
10 32 19 24 0.118795174 4.252601761512946
10 32 20 25 0.128981533 4.36377239330899
10 32 21 26 0.153212306 4.620774287703851
10 32 22 27 0.187795627 4.738400861438413
10 32 23 28 0.259195221 5.081143405348499
10 32 24 29 0.407825544 5.640910029877954
10 32 25 30 0.762775445 6.410563620555977
10 32 26 31 2.02954526 7.516973701491861
11 23 12 15 2.25994558 9.054853651947594
11 23 13 16 0.704159574 6.4521990885138445
11 23 14 17 0.378677851 5.353431996504478
11 23 15 18 0.321618309 5.547259621725966
11 23 16 19 0.323508409 5.579859990292124
11 23 17 20 0.403594911 5.705688633407231
11 23 18 21 0.760772721 6.970944141423259
11 23 19 22 2.10235655 8.423446587799447
11 33 12 17 2.39463658 8.86918885292088
11 33 13 18 0.761566371 6.400402247572923
11 33 14 19 0.39161735 5.416723572099802
11 33 15 20 0.275548901 5.401733395258767
11 33 16 21 0.192151034 4.848295136456409
11 33 17 22 0.152593817 4.60212109891608
11 33 18 23 0.133107049 4.503349063009097
11 33 19 24 0.118977884 4.25914237121689
11 33 20 25 0.120530785 4.314732756799853
11 33 21 26 0.132715595 4.490105181356284
11 33 22 27 0.150242226 4.531198785221541
11 33 23 28 0.188156121 4.747496733943173
11 33 24 29 0.26297433 5.155227312834753
11 33 25 30 0.411618634 5.693374814735152
11 33 26 31 0.759482285 6.382887045712026
11 33 27 32 1.83374284 6.791766104087276
12 24 13 16 2.16558384 8.676777403738496
12 24 14 17 0.681648883 6.245934109218092
12 24 15 18 0.436029932 6.16422794002407
12 24 16 19 0.32757298 5.649965546962837
12 24 17 20 0.316957086 5.466863035424158
12 24 18 21 0.430435016 6.0851316785103355
12 24 19 22 0.777872178 7.127626099523685
12 24 20 23 2.56323123 10.270018831051507
12 34 13 18 2.2929818 8.492682685282649
12 34 14 19 0.746509411 6.273859631859636
12 34 15 20 0.442887109 6.125870171736351
12 34 16 21 0.271219792 5.316867541785393
12 34 17 22 0.195473245 4.932120131296571
12 34 18 23 0.155969205 4.703920402696706
12 34 19 24 0.128269991 4.339699122786768
12 34 20 25 0.121035748 4.332809303775565
12 34 21 26 0.123984347 4.43836255883789
12 34 22 27 0.130810149 4.425639110451846
12 34 23 28 0.150852801 4.549613293392411
12 34 24 29 0.193473632 4.881666517902564
12 34 25 30 0.272044791 5.333040441162535
12 34 26 31 0.43192369 5.974227732686838
12 34 27 32 0.78413425 6.590068583922422
12 34 28 33 2.57086031 9.52188143883976
13 25 14 17 1.85576829 7.43544907743975
13 25 15 18 0.790291476 7.241423860989017
13 25 16 19 0.433164394 6.123717350941849
13 25 17 20 0.322832931 5.568209372992335
13 25 18 21 0.319969528 5.518821513538634
13 25 19 22 0.412426988 5.8305491803933585
13 25 20 23 0.832358346 7.626881689430942
13 25 21 24 2.35021754 9.416543505857469
13 35 14 19 1.99537229 7.390404798666865
13 35 15 20 0.851957908 7.160076280732628
13 35 16 21 0.431959478 5.974722740640899
13 35 17 22 0.276376685 5.41796089048968
13 35 18 23 0.199044796 5.022236395479183
13 35 19 24 0.148829615 4.488595441157732
13 35 20 25 0.129538755 4.3826246268341125
13 35 21 26 0.122540451 4.386674308665021
13 35 22 27 0.119700202 4.284999741476498
13 35 23 28 0.125964288 4.261691342412738
13 35 24 29 0.147123856 4.437150961703063
13 35 25 30 0.18545643 4.679378970157238
13 35 26 31 0.2569706 5.03753296268702
13 35 27 32 0.384911943 5.323976567511209
13 35 28 33 0.776757851 6.528075404422386
13 35 29 34 2.05403641 7.60768334670041
14 26 15 18 2.17489724 8.714093113792917
14 26 16 19 0.734525207 6.7304387330475235
14 26 17 20 0.417504629 5.902332638877607
14 26 18 21 0.30967438 5.341251216071233
14 26 19 22 0.287810798 4.9641490355641675
14 26 20 23 0.40047616 5.66159832987234
14 26 21 24 0.666939868 6.111155719943594
14 26 22 25 1.58638225 6.356108411157997
14 36 15 20 2.30662952 8.543230733826944
14 36 16 21 0.783141344 6.581723943145172
14 36 17 22 0.422970597 5.850391467781052
14 36 18 23 0.270751148 5.307680461248688
14 36 19 24 0.183792721 4.63740078203477
14 36 20 25 0.147893507 4.460363089006372
14 36 21 26 0.130706836 4.4221437696322425
14 36 22 27 0.119925019 4.293047687685306
14 36 23 28 0.117392637 4.202394071116474
14 36 24 29 0.12789582 4.327039968858299
14 36 25 30 0.149296936 4.502689510474227
14 36 26 31 0.189766707 4.788134539049363
14 36 27 32 0.257529557 5.0484904975654254
14 36 28 33 0.430135997 5.94950094565154
14 36 29 34 0.845610612 7.10673195103085
14 36 30 35 2.92889214 10.847949846107998
15 27 16 19 1.85013047 7.412860199429677
15 27 17 20 0.708262732 6.489796237349356
15 27 18 21 0.40074474 5.6653952901693945
15 27 19 22 0.288132643 4.969700205143119
15 27 20 23 0.314364208 5.422141180259309
15 27 21 24 0.415782934 5.877992749240857
15 27 22 25 0.707592207 6.483652231141716
15 27 23 26 2.32964335 9.334109538815941
15 37 16 21 1.95272793 7.232459795441389
15 37 17 22 0.750651428 6.308670222145383
15 37 18 23 0.401425233 5.552383013742255
15 37 19 24 0.240750082 4.719553419125002
15 37 20 25 0.176441781 4.451924149885172
15 37 21 26 0.144656742 4.362744556410565
15 37 22 27 0.124314139 4.205862616520276
15 37 23 28 0.112599732 4.030818782664401
15 37 24 29 0.113821692 4.074562219990385
15 37 25 30 0.122185636 4.133849961573189
15 37 26 31 0.141251266 4.260037819928232
15 37 27 32 0.173341387 4.373695972610317
15 37 28 33 0.24325423 4.768643579997283
15 37 29 34 0.380752863 5.266449528236138
15 37 30 35 0.79050653 6.643622885671079
15 37 31 36 2.10729478 7.804940227128061
16 28 17 20 2.43204405 9.74439523797733
16 28 18 21 0.820946944 7.522319257417392
16 28 19 22 0.407897019 5.766508252402106
16 28 20 23 0.317625066 5.478384327522365
16 28 21 24 0.321588423 5.546744149203366
16 28 22 25 0.420191557 5.940318188572468
16 28 23 26 0.830221393 7.607300834880497
16 28 24 27 2.53494175 10.156672251577811
16 38 17 22 2.54597929 9.429727803888897
16 38 18 23 0.875115157 7.3546958361531045
16 38 19 24 0.414580742 5.734345727353568
16 38 20 25 0.258555198 5.068596690045745
16 38 21 26 0.190408696 4.804333005857292
16 38 22 27 0.150767907 4.547052950671766
16 38 23 28 0.125293901 4.239010449920684
16 38 24 29 0.117811158 4.217376187661294
16 38 25 30 0.117549324 4.208003115573163
16 38 26 31 0.126189141 4.269298689690527
16 38 27 32 0.144877808 4.369411749897527
16 38 28 33 0.183957687 4.6415631528471
16 38 29 34 0.254597914 4.9910199221481175
16 38 30 35 0.425993263 5.892199998921934
16 38 31 36 0.777990225 6.538432596677465
16 38 32 37 2.1636362 8.013616023027634
17 29 18 21 2.30859311 9.2497681970486
17 29 19 22 0.73293387 6.715857346214148
17 29 20 23 0.402833297 5.69492156914451
17 29 21 24 0.311942613 5.380373607370063
17 29 22 25 0.315207878 5.436692766391371
17 29 23 26 0.430277658 6.08290708219481
17 29 24 27 0.784195738 7.1855687443085765
17 29 25 28 2.28466457 9.153894460210752
17 39 18 23 2.42877024 8.995612160453163
17 39 19 24 0.79079502 6.646047430812139
17 39 20 25 0.399514164 5.525949730078472
17 39 21 26 0.261312868 5.122656779119021
17 39 22 27 0.190399638 4.80410445721807
17 39 23 28 0.145288348 4.381793344598372
17 39 24 29 0.12720466 4.303656273090321
17 39 25 30 0.118207357 4.231559226488357
17 39 26 31 0.11822902 4.2323347134787594
17 39 27 32 0.12802657 4.331463572975527
17 39 28 33 0.149885798 4.520449169992737
17 39 29 34 0.189441243 4.779922532611283
17 39 30 35 0.278738293 5.464256763032864
17 39 31 36 0.426985922 5.905930134740373
17 39 32 37 0.829569598 6.971919089055162
17 39 33 38 2.01642226 7.468369096396887
18 30 19 22 2.46373945 9.871388211162081
18 30 20 23 0.735745813 6.741623119671561
18 30 21 24 0.414593142 5.861172461111607
18 30 22 25 0.323270967 5.575764600252928
18 30 23 26 0.322831385 5.568182707646691
18 30 24 27 0.429062551 6.065728911684445
18 30 25 28 0.808734202 7.410414164154178
18 30 26 29 2.50505765 10.036936557756295
18 40 19 24 2.59506784 9.611540620122602
18 40 20 25 0.784169215 6.59036243889437
18 40 21 26 0.417697081 5.777449912906006
18 40 22 27 0.270555481 5.303844695747848
18 40 23 28 0.184750095 4.661556945087058
18 40 24 29 0.148222406 4.470282449155233
18 40 25 30 0.126622822 4.283971217852389
18 40 26 31 0.116547652 4.172145496376796
18 40 27 32 0.118366447 4.237254292975141
18 40 28 33 0.12751919 4.314297620723145
18 40 29 34 0.147174001 4.43866329927376
18 40 30 35 0.193701915 4.887426483569132
18 40 31 36 0.260552833 5.107757403994801
18 40 32 37 0.418189009 5.784254100701505
18 40 33 38 0.705877366 5.93237733688907
18 40 34 39 2.25779707 8.362366453702727
19 31 20 23 2.17973953 8.733494566499708
19 31 21 24 0.758254804 6.947872521903742
19 31 22 25 0.444031954 6.277353860904857
19 31 23 26 0.319484171 5.51045009557865
19 31 24 27 0.31025051 5.3511882830740465
19 31 25 28 0.41120293 5.813244468101703
19 31 26 29 0.746293606 6.838272320922687
19 31 27 30 2.23829262 8.968097410705946
19 41 20 25 2.30368199 8.532313753589529
19 41 21 26 0.819828951 6.890056153235462
19 41 22 27 0.448221802 6.199657906940156
19 41 23 28 0.266168356 5.217841523404676
19 41 24 29 0.193382856 4.879376086099282
19 41 25 30 0.150503304 4.539072712198955
19 41 26 31 0.1269732 4.2958253942454
19 41 27 32 0.121235806 4.3399709331125
19 41 28 33 0.121214875 4.339221650086321
19 41 29 34 0.129527259 4.382235687997159
19 41 30 35 0.156297361 4.713817354493488
19 41 31 36 0.191771131 4.838709542099289
19 41 32 37 0.275095825 5.3928515026041115
19 41 33 38 0.394438172 5.455740262805915
19 41 34 39 0.821559063 6.904596465354041
19 41 35 40 2.80604788 10.392962667453393
20 32 21 24 1.8985859 7.6070050634366195
20 32 22 25 0.759435084 6.958687402253847
20 32 23 26 0.405140382 5.727537214936944
20 32 24 27 0.304958699 5.25991534038189
20 32 25 28 0.303233742 5.230163351618981
20 32 26 29 0.394186459 5.572679776825396
20 32 27 30 0.710862114 6.513614318918321
20 32 28 31 1.91320213 7.665567457489137
20 42 21 26 2.02494327 7.49992897798344
20 42 22 27 0.808136271 6.791787823380137
20 42 23 28 0.398538949 5.512460873983701
20 42 24 29 0.259455819 5.086252048185502
20 42 25 30 0.183559611 4.631519023005259
20 42 26 31 0.14165815 4.272309152266759
20 42 27 32 0.127361069 4.308947986255686
20 42 28 33 0.118341632 4.236365971428409
20 42 29 34 0.116971305 4.187311327053304
20 42 30 35 0.12941494 4.378435651355914
20 42 31 36 0.144937992 4.371226856575257
20 42 32 37 0.18731224 4.726204190973833
20 42 33 38 0.236877923 4.643645402413108
20 42 34 39 0.382311942 5.288014200919986
20 42 35 40 0.825540962 6.938061382240725
20 42 36 41 2.44149622 9.042746293833224
21 33 22 25 2.49680194 10.003858661321763
21 33 23 26 0.767547612 7.033022322490468
21 33 24 27 0.423449398 5.986374830657204
21 33 25 28 0.309029855 5.330134474867009
21 33 26 29 0.297834207 5.137032389719683
21 33 27 30 0.409109423 5.783648210150229
21 33 28 31 0.710140799 6.507004925028959
21 33 29 32 1.71147244 6.857303384067177
21 43 22 27 2.61672539 9.691755255882313
21 43 23 28 0.806955601 6.781865165015221
21 43 24 29 0.428350948 5.9248107295626635
21 43 25 30 0.261491356 5.126155775437837
21 43 26 31 0.178281039 4.498331735784962
21 43 27 32 0.14903752 4.49486570823592
21 43 28 33 0.128151519 4.335690914549856
21 43 29 34 0.116944992 4.186369380454104
21 43 30 35 0.119136347 4.26481499250481
21 43 31 36 0.122731945 4.152332980630004
21 43 32 37 0.144810421 4.367379405857711
21 43 33 38 0.165843686 4.184516312547159
21 43 34 39 0.223704725 4.385404112751946
21 43 35 40 0.36270328 5.016793577848159
21 43 36 41 0.662289704 5.566055266410923
21 43 37 42 2.12758571 7.88009321346196
22 34 23 26 2.13061738 8.5366783762094
22 34 24 27 0.784043219 7.184171215979605
22 34 25 28 0.416036998 5.881584494422594
22 34 26 29 0.29448104 5.079197100547748
22 34 27 30 0.320443488 5.526996356502296
22 34 28 31 0.431763885 6.10391812140626
22 34 29 32 0.726476773 6.656691104759558
22 34 30 33 2.44113168 9.780806362396108
22 44 23 28 2.23025157 8.260344191289892
22 44 24 29 0.83845803 7.0466197879259616
22 44 25 30 0.42000646 5.809392490695811
22 44 26 31 0.246259663 4.827560700495298
22 44 27 32 0.190448959 4.80534890935266
22 44 28 33 0.151794219 4.57800579137088
22 44 29 34 0.128857479 4.3595753318546215
22 44 30 35 0.122557689 4.387291390543827
22 44 31 36 0.118301622 4.234933702837447
22 44 32 37 0.131048077 4.433688818141359
22 44 33 38 0.141389246 4.264199198689918
22 44 34 39 0.174711112 4.408256447865334
22 44 35 40 0.250015731 4.901192922858845
22 44 36 41 0.384812174 5.322596595214105
22 44 37 42 0.820348202 6.894420073957291
22 44 38 43 2.51037543 9.297859210186484
23 35 24 27 2.53984943 10.176335700363419
23 35 25 28 0.813057491 7.450028368625936
23 35 26 29 0.384707785 5.438678180106619
23 35 27 30 0.317519058 5.476555905814011
23 35 28 31 0.31764135 5.478665193297578
23 35 29 32 0.385211624 5.4458010361610825
23 35 30 33 0.726526427 6.65714608329762
23 35 31 34 1.93426955 7.749977633828036
23 45 24 29 2.67120322 9.893528738590623
23 45 25 30 0.875784673 7.360322623094286
23 45 26 31 0.396960813 5.4906326110858
23 45 27 32 0.27483441 5.3877268436764325
23 45 28 33 0.198724057 5.014143608771765
23 45 29 34 0.153764116 4.637416485228754
23 45 30 35 0.134712371 4.557661177798209
23 45 31 36 0.120116663 4.299908114624732
23 45 32 37 0.123533561 4.4222254273946096
23 45 33 38 0.124851956 4.2240583296790915
23 45 34 39 0.141585177 4.270108338435939
23 45 35 40 0.181329161 4.575241002210902
23 45 36 41 0.247145271 4.844921750716684
23 45 37 42 0.422045179 5.8375913875633465
23 45 38 43 0.843031788 7.085058842088261
23 45 39 44 2.22499859 8.240888348992263
24 36 25 28 2.33421085 9.352409998978025
24 36 26 29 0.649148971 5.948138111938674
24 36 27 30 0.417361933 5.900315321703772
24 36 28 31 0.326089733 5.6243825625309825
24 36 29 32 0.308481116 5.3206698467274265
24 36 30 33 0.428042359 6.051306287068415
24 36 31 34 0.787722377 7.217883261900178
24 36 32 35 2.81534609 11.28015959770716
24 46 25 30 2.46439191 9.12754671834187
24 46 26 31 0.709623487 5.963860714019546
24 46 27 32 0.423713893 5.860672495841345
24 46 28 33 0.274337381 5.377983316709102
24 46 29 34 0.192858317 4.866141081167788
24 46 30 35 0.15558647 4.692377387039698
24 46 31 36 0.128414263 4.344580210459431
24 46 32 37 0.122911718 4.399964837606809
24 46 33 38 0.116664007 4.176310745362087
24 46 34 39 0.122472026 4.14353926163539
24 46 35 40 0.14201761 4.283150210461249
24 46 36 41 0.175378272 4.425090021517809
24 46 37 42 0.255554231 5.009767118949146
24 46 38 43 0.409808778 5.668341476305927
24 46 39 44 0.709345635 5.961525573402771
24 46 40 45 2.43966179 9.035951982644901
25 37 26 29 1.56379233 6.265598081431738
25 37 27 30 0.703793485 6.448844622851046
25 37 28 31 0.417850913 5.907228113594657
25 37 29 32 0.298997705 5.157100356296048
25 37 30 33 0.296338736 5.111238566228862
25 37 31 34 0.377343141 5.33456297841645
25 37 32 35 0.75035729 6.875507770342009
25 37 33 36 2.00283872 8.024711594185398
25 47 26 31 1.69336985 6.271856499198849
25 47 27 32 0.764286727 6.423264828327028
25 47 28 33 0.423278085 5.8546445415984865
25 47 29 34 0.264142473 5.178127048709721
25 47 30 35 0.194774193 4.91448186861759
25 47 31 36 0.148109658 4.466882049585567
25 47 32 37 0.131995243 4.465733846189529
25 47 33 38 0.118117799 4.228353250220688
25 47 34 39 0.11592352 4.149802965504149
25 47 35 40 0.123740984 4.186471329194772
25 47 36 41 0.141624493 4.271294081060917
25 47 37 42 0.184990199 4.667615174549637
25 47 38 43 0.26200462 5.136217565847171
25 47 39 44 0.374622387 5.181654781891544
25 47 40 45 0.782162266 6.5734955164835265
25 47 41 46 2.44019918 9.037942352890422
26 38 27 30 2.33360728 9.349991693835163
26 38 28 31 0.840134427 7.698133753015622
26 38 29 32 0.429531727 6.0723617311212275
26 38 30 33 0.318877868 5.499992605888811
26 38 31 34 0.300947027 5.190722183529589
26 38 32 35 0.429527197 6.0722976897549845
26 38 33 36 0.732414839 6.711101476282441
26 38 34 37 2.0477054 8.204477525207844
26 48 27 32 2.46941393 9.146147137367937
26 48 28 33 0.892933135 7.504442766665094
26 48 29 34 0.438279833 6.062143831439197
26 48 30 35 0.280609525 5.5009395309480835
26 48 31 36 0.190433055 4.804947624570346
26 48 32 37 0.154882433 4.671144131355966
26 48 33 38 0.129336369 4.375777395148688
26 48 34 39 0.118131419 4.22884081578452
26 48 35 40 0.115652325 4.1400947905347385
26 48 36 41 0.122990636 4.161085153270079
26 48 37 42 0.1456368 4.392302409334327
26 48 38 43 0.187813048 4.738840422692985
26 48 39 44 0.23844419 4.674349777313852
26 48 40 45 0.387683359 5.362309890524846
26 48 41 46 0.778712551 6.544503212621036
26 48 42 47 2.36346688 8.753743378606407
27 39 28 31 2.54947092 10.214885825036632
27 39 29 32 0.792120051 7.258179054533087
27 39 30 33 0.434153372 6.137698698028977
27 39 31 34 0.304975178 5.260199569509239
27 39 32 35 0.32844652 5.6650323296501455
27 39 33 36 0.42626376 6.026161936084045
27 39 34 37 0.777832545 7.1272629431939025
27 39 35 38 1.87810313 7.524937386065157
27 49 28 33 2.66589212 9.873857633041593
27 49 29 34 0.844140287 7.094374956561273
27 49 30 35 0.442135626 6.115475903759888
27 49 31 36 0.260467169 5.106078086502
27 49 32 37 0.191271059 4.826091880903262
27 49 33 38 0.148726661 4.485490421669178
27 49 34 39 0.126850977 4.291690280164941
27 49 35 40 0.114429087 4.096305603664659
27 49 36 41 0.113714163 4.070712922081921
27 49 37 42 0.123256377 4.170075845290853
27 49 38 43 0.146935714 4.431476732662759
27 49 39 44 0.170583532 4.3041106328637095
27 49 40 45 0.234522127 4.597463465633702
27 49 41 46 0.369904276 5.116395407991273
27 49 42 47 0.687480228 5.77776299480685
27 49 43 48 2.15510388 7.982014251775332
28 40 29 32 2.2864654 9.161109789750695
28 40 30 33 0.810181915 7.423679527352989
28 40 31 34 0.403219536 5.700381894366695
28 40 32 35 0.317239137 5.471727839696129
28 40 33 36 0.312707768 5.393570969948889
28 40 34 37 0.42099124 5.951623440643471
28 40 35 38 0.643809744 5.899214889341449
28 40 36 39 2.13269769 8.54501348957115
28 50 29 34 2.40482693 8.906931589911629
28 50 30 35 0.87061316 7.316859880135863
28 50 31 36 0.414620423 5.734894582015049
28 50 32 37 0.266199488 5.218451820754622
28 50 33 38 0.19015655 4.797970936395429
28 50 34 39 0.150845514 4.549393522650011
28 50 35 40 0.125345661 4.24076162199799
28 50 36 41 0.116850006 4.182969093916209
28 50 37 42 0.117239355 4.196906918050742
28 50 38 43 0.131662839 4.454487775803425
28 50 39 44 0.143957252 4.341648435016074
28 50 40 45 0.179931401 4.5399731565539625
28 50 41 46 0.252155632 4.943142553767545
28 50 42 47 0.383413347 5.303248475974267
28 50 43 48 0.77273206 6.494241607729361
28 50 44 49 2.29709197 8.507905819453432
29 41 30 33 2.52465809 10.11546903096469
29 41 31 34 0.745039645 6.826782303148347
29 41 32 35 0.414636603 5.861786876524037
29 41 33 36 0.316510296 5.459156819524643
29 41 34 37 0.331508416 5.717843788361981
29 41 35 38 0.381667914 5.395703016300046
29 41 36 39 0.762118626 6.983276640099513
29 41 37 40 2.6743927 10.715406034837788
29 51 30 35 2.65559605 9.835723333233608
29 51 31 36 0.807230202 6.784172983380779
29 51 32 37 0.41546549 5.746583273384069
29 51 33 38 0.265032634 5.195577353840341
29 51 34 39 0.193121456 4.872780522587146
29 51 35 40 0.145959441 4.4020330326496575
29 51 36 41 0.126753759 4.288401148653899
29 51 37 42 0.116634432 4.1752520264523705
29 51 38 43 0.122795935 4.395820064943289
29 51 39 44 0.126445043 4.277956503386947
29 51 40 45 0.144964261 4.372019110950463
29 51 41 46 0.185132211 4.671198377171999
29 51 42 47 0.247697118 4.855739904438782
29 51 43 48 0.405637707 5.610648581426265
29 51 44 49 0.810806081 6.814225602377856
29 51 45 50 2.13463777 7.906212438593871
30 42 31 34 2.21553729 8.876924337878336
30 42 32 35 0.715145843 6.552866035957732
30 42 33 36 0.406594953 5.748100727991704
30 42 34 37 0.325924565 5.621533751528743
30 42 35 38 0.278707541 4.807136425991949
30 42 36 39 0.37838728 5.34932414576922
30 42 37 40 0.769196935 7.048135033799374
30 42 38 41 2.33873575 9.370539775045332
30 52 31 36 2.35084052 8.706978215031999
30 52 32 37 0.770445433 6.475024198521882
30 52 33 38 0.413408541 5.718132225096992
30 52 34 39 0.271559161 5.32352037492667
30 52 35 40 0.183895903 4.640004238172143
30 52 36 41 0.147933704 4.461575401965377
30 52 37 42 0.124084612 4.198097135967963
30 52 38 43 0.122394715 4.381457285536491
30 52 39 44 0.118780127 4.252063112537985
30 52 40 45 0.125667785 4.251659893911243
30 52 41 46 0.147867483 4.459578223657089
30 52 42 47 0.178727691 4.509601520153068
30 52 43 48 0.253894042 4.977221540537489
30 52 44 49 0.415195397 5.742847435021037
30 52 45 50 0.742637017 6.241315023530168
30 52 46 51 2.6183016 9.697593178963677
31 43 32 35 1.91495328 7.672583735718549
31 43 33 36 0.703153382 6.442979372777551
31 43 34 37 0.43477759 6.146523372102651
31 43 35 38 0.281355791 4.852813335179467
31 43 36 39 0.273578316 4.718667760070174
31 43 37 40 0.356526514 5.040274847365715
31 43 38 41 0.626993482 5.745127840957996
31 43 39 42 2.0479861 8.2056021971657
31 53 32 37 2.03996548 7.555567824642266
31 53 33 38 0.762726932 6.410155904661393
31 53 34 39 0.432200096 5.978050890408705
31 53 35 40 0.255738325 5.013376012702878
31 53 36 41 0.188617765 4.759144791793198
31 53 37 42 0.14255466 4.299347256873509
31 53 38 43 0.130911941 4.429082991983784
31 53 39 44 0.119384755 4.273707443795583
31 53 40 45 0.116550112 4.1722335588795145
31 53 41 46 0.126874987 4.29250259936077
31 53 42 47 0.139825487 4.217037338340623
31 53 43 48 0.177102979 4.468607292207657
31 53 44 49 0.251991444 4.939923888044393
31 53 45 50 0.363686376 5.030391441366813
31 53 46 51 0.75943556 6.3824943566354
31 53 47 52 2.16903803 8.033623171845752
32 44 33 36 1.71978932 6.890626368437805
32 44 34 37 0.751456601 6.885580733480039
32 44 35 38 0.373055773 5.273951741262287
32 44 36 39 0.289585568 4.994760196941957
32 44 37 40 0.282415405 4.871089514713809
32 44 38 41 0.384497142 5.4357002848506335
32 44 39 42 0.785097848 7.1938347589090395
32 44 40 43 2.39038978 9.577500370168739
32 54 33 38 1.83988458 6.814513711135666
32 54 34 39 0.785201445 6.599037568815531
32 54 35 40 0.382852686 5.29549359572022
32 54 36 41 0.255310587 5.00499083449808
32 54 37 42 0.172665533 4.356643034653426
32 54 38 43 0.147491814 4.448248313539507
32 54 39 44 0.126876401 4.292550438567055
32 54 40 45 0.115276976 4.126658135114863
32 54 41 46 0.11728013 4.198366571932184
32 54 42 47 0.119714224 4.050235825446488
32 54 43 48 0.138792848 4.185893679817004
32 54 44 49 0.179888845 4.538899396795651
32 54 45 50 0.229575832 4.500498582858497
32 54 46 51 0.376683629 5.210165209555697
32 54 47 52 0.723213091 6.078071287512983
32 54 48 53 2.30778672 8.547516739238505
33 45 34 37 2.47752604 9.926626512435426
33 45 35 38 0.71855239 6.584080153126549
33 45 36 39 0.414958474 5.866337220584553
33 45 37 40 0.282171834 4.866888411929814
33 45 38 41 0.294238527 5.075014246105081
33 45 39 42 0.432456605 6.113711219689736
33 45 40 43 0.790160485 7.240223593262765
33 45 41 44 2.1087914 8.44922890111614
33 55 34 39 2.57347789 9.531576359376565
33 55 35 40 0.774543289 6.5094636482551875
33 55 36 41 0.428082071 5.921091710515383
33 55 37 42 0.242618595 4.756182885019968
33 55 38 43 0.187355175 4.7272875135422865
33 55 39 44 0.149791863 4.517616157135953
33 55 40 45 0.125547243 4.2475816523242536
33 55 41 46 0.119166501 4.265894438320654
33 55 42 47 0.112989154 4.044759220035804
33 55 43 48 0.121238785 4.101815590773945
33 55 44 49 0.14599474 4.403097625408817
33 55 45 50 0.170700876 4.307071420181109
33 55 46 51 0.240387841 4.712452213858964
33 55 47 52 0.37302645 5.159580301362308
33 55 48 53 0.739883081 6.21817022770505
33 55 49 54 2.2136891 8.19900057216718
34 46 35 38 1.93209029 7.74124606057947
34 46 36 39 0.781883848 7.164384945775512
34 46 37 40 0.368329117 5.20713021631688
34 46 38 41 0.29208835 5.0379280799326684
34 46 39 42 0.317049693 5.468460317225018
34 46 40 43 0.408319558 5.772481756784254
34 46 41 44 0.661507715 6.061381018399498
34 46 42 45 2.31346581 9.26929149255638
34 56 35 40 2.05208747 7.6004649165355245
34 56 36 41 0.843812973 7.091624124406604
34 56 37 42 0.380527327 5.263329987777686
34 56 38 43 0.259824473 5.0934789709417485
34 56 39 44 0.191037884 4.820208481813965
34 56 40 45 0.147184519 4.438980514680453
34 56 41 46 0.130356579 4.410293686976122
34 56 42 47 0.114981812 4.116091923508193
34 56 43 48 0.114929238 4.11420989179359
34 56 44 49 0.130393892 4.411556080401943
34 56 45 50 0.142902522 4.309838527628674
34 56 46 51 0.182962142 4.616443870992892
34 56 47 52 0.253732647 4.974057627496413
34 56 48 53 0.413056788 5.713266892223827
34 56 49 54 0.822976546 6.916509361884889
34 56 50 55 2.1654268 8.020247997872033
35 47 36 39 2.79453393 11.196772163669516
35 47 37 40 0.723971937 6.633739346162753
35 47 38 41 0.410822149 5.807861303536684
35 47 39 42 0.331606934 5.719543022852433
35 47 40 43 0.31648686 5.458752596341892
35 47 41 44 0.37707679 5.3307975298645065
35 47 42 45 0.723956404 6.63359701761658
35 47 43 46 2.30865705 9.250024383457523
35 57 36 41 2.93162263 10.85806295958554
35 57 37 42 0.787502897 6.618379571186432
35 57 38 43 0.429792099 5.94474426057873
35 57 39 44 0.278459599 5.458793374569346
35 57 40 45 0.191491945 4.831665207766085
35 57 41 46 0.155200117 4.680725255073371
35 57 42 47 0.12515466 4.234299573737992
35 57 43 48 0.114805478 4.109779560356011
35 57 44 49 0.121662419 4.355242725174393
35 57 45 50 0.12430865 4.205676909728694
35 57 46 51 0.144971784 4.3722459992851785
35 57 47 52 0.18262002 4.60781155507897
35 57 48 53 0.258727799 5.071980280335423
35 57 49 54 0.417452045 5.774060654801856
35 57 50 55 0.748995586 6.294754094461713
35 57 51 56 1.95163688 7.228418794573533
36 48 37 40 1.97988403 7.932739751847572
36 48 38 41 0.717130681 6.571053064022549
36 48 39 42 0.432695868 6.117093720663577
36 48 40 43 0.314050246 5.416725976346411
36 48 41 44 0.290985978 5.018914412138894
36 48 42 45 0.377399018 5.33535292089362
36 48 43 46 0.715938127 6.56012571727344
36 48 44 47 2.26700392 9.083134083251469
36 58 37 42 2.10879156 7.810483959568359
36 58 38 43 0.78616049 6.607097632924537
36 58 39 44 0.429829578 5.9452626578937595
36 58 40 45 0.260808104 5.112761618784034
36 58 41 46 0.193285179 4.876911530410013
36 58 42 47 0.142784442 4.30627731872753
36 58 43 48 0.120630929 4.081250280607354
36 58 44 49 0.120115544 4.299868056925325
36 58 45 50 0.11513815 4.121688474544781
36 58 46 51 0.123814619 4.188962588002972
36 58 47 52 0.143762086 4.3357623671265015
36 58 48 53 0.183128207 4.620633971431465
36 58 49 54 0.256749922 5.033206893093301
36 58 50 55 0.383551912 5.3051650619012385
36 58 51 56 0.68076581 5.72133327614436
36 58 52 57 2.37897301 8.811174554800978
37 49 38 41 2.01842862 8.087175161537536
37 49 39 42 0.77968301 7.144218714338933
37 49 40 43 0.417512429 5.902442908779748
37 49 41 44 0.302935949 5.225027029965936
37 49 42 45 0.276337047 4.766250241089635
37 49 43 46 0.35667434 5.042364688205957
37 49 44 47 0.653418814 5.98726259185762
37 49 45 48 2.05966392 8.252391355280642
37 59 38 43 2.16304729 8.011434834428497
37 59 39 44 0.827168395 6.951738753284953
37 59 40 45 0.414039894 5.726864894059223
37 59 41 46 0.273271001 5.357078495687747
37 59 42 47 0.181737495 4.585543958718801
37 59 43 48 0.139463158 4.206109753144631
37 59 44 49 0.129993163 4.397998401975231
37 59 45 50 0.116851422 4.18301978355192
37 59 46 51 0.116385162 4.166328717487881
37 59 47 52 0.125867633 4.258421258619616
37 59 48 53 0.147224724 4.440193068913773
37 59 49 54 0.186663115 4.709825670832993
37 59 50 55 0.24937491 4.888630563932641
37 59 51 56 0.364017449 5.034970735218799
37 59 52 57 0.798066825 6.707161575078774
37 59 53 58 2.37175583 8.784443762771765
38 50 39 42 1.92780661 7.72408277318218
38 50 40 43 0.679193296 6.223433618153027
38 50 41 44 0.392367042 5.546958374960822
38 50 42 45 0.275888515 4.7585139792443805
38 50 43 46 0.274071901 4.727181094242296
38 50 44 47 0.383189286 5.4172109062436435
38 50 45 48 0.72732518 6.664465039921716
38 50 46 49 2.17717968 8.723238095137713
38 60 39 44 2.02576571 7.502975108549187
38 60 40 45 0.709091811 5.959392370359738
38 60 41 46 0.398180059 5.507496824452211
38 60 42 47 0.234612405 4.599233233851566
38 60 43 48 0.162959475 4.111742797501624
38 60 44 49 0.142621498 4.301363043463404
38 60 45 50 0.1207554 4.085461450229347
38 60 46 51 0.112123264 4.013762293011846
38 60 47 52 0.113593326 4.06638722751241
38 60 48 53 0.123132205 4.165874791597205
38 60 49 54 0.143153828 4.317417738029344
38 60 50 55 0.175538344 4.429128908444032
38 60 51 56 0.225597192 4.422503161799959
38 60 52 57 0.385927141 5.338018455433049
38 60 53 58 0.768048149 6.454876799048972
38 60 54 59 2.42155472 8.96888751668612
39 51 40 43 2.18115236 8.739155308509735
39 51 41 44 0.778066688 7.129408390485914
39 51 42 45 0.377043319 5.330324344749819
39 51 43 46 0.267272601 4.609907042080043
39 51 44 47 0.291807447 5.033083076318395
39 51 45 48 0.403939369 5.710558293657447
39 51 46 49 0.753537662 6.904649450832085
39 51 47 50 2.01706348 8.081705497566945
39 61 40 45 2.26588836 8.392334750217161
39 61 41 46 0.827761009 6.956719235777324
39 61 42 47 0.381047124 5.270519650499746
39 61 43 48 0.221672596 4.345567194357654
39 61 44 49 0.177218229 4.471515244368231
39 61 45 50 0.138894622 4.188963111343978
39 61 46 51 0.119088923 4.029080306684678
39 61 47 52 0.112526423 4.028194484285624
39 61 48 53 0.113221942 4.05309251023208
39 61 49 54 0.121613151 4.114481342046985
39 61 50 55 0.138567714 4.179103798340461
39 61 51 56 0.161248802 4.068579628335606
39 61 52 57 0.230588634 4.520353085512401
39 61 53 58 0.356199708 4.926838289209266
39 61 54 59 0.658524287 5.534409720667873
39 61 55 60 2.12173398 7.858419737444859
40 52 41 44 2.69684613 10.805369494327042
40 52 42 45 0.77045094 7.059625454744773
40 52 43 46 0.357633684 5.055927094487952
40 52 44 47 0.297721995 5.135096961669555
40 52 45 48 0.30411692 5.245396370141559
40 52 46 49 0.407487263 5.760715463424966
40 52 47 50 0.690431289 6.326407107215216
40 52 48 51 2.49547661 9.998548502839745
40 62 41 46 2.81623724 10.430701737709473
40 62 42 47 0.824733462 6.9312749418046415
40 62 43 48 0.362214014 5.010026209969215
40 62 44 49 0.255423666 5.007207582989493
40 62 45 50 0.181722909 4.585175929302626
40 62 46 51 0.142062837 4.284514224646311
40 62 47 52 0.124799078 4.222269332826237
40 62 48 53 0.117120247 4.192643117817491
40 62 49 54 0.117529871 4.207306741644146
40 62 50 55 0.126846899 4.291552311082034
40 62 51 56 0.138566166 4.179057111760354
40 62 52 57 0.180754869 4.5607506450551565
40 62 53 58 0.250330192 4.907357471071674
40 62 54 59 0.387710975 5.362691866037848
40 62 55 60 0.830356763 6.978534628851905
40 62 56 61 2.25637873 8.357113245168826
41 53 42 45 2.31027137 9.256492429182508
41 53 43 46 0.610514171 5.594128267367684
41 53 44 47 0.383039939 5.4150995627724825
41 53 45 48 0.29427224 5.075595726569326
41 53 46 49 0.291267724 5.023773955783168
41 53 47 50 0.357960103 5.060541734383716
41 53 48 51 0.706038418 6.469414895827799
41 53 49 52 2.04774181 8.204623408022186
41 63 42 47 2.42635711 8.98667447618182
41 63 43 48 0.66033253 5.5496066660715435
41 63 44 49 0.390488036 5.401103268851996
41 63 45 50 0.247428595 4.850475903561874
41 63 46 51 0.1750123 4.415855929820549
41 63 47 52 0.142331982 4.292631446611915
41 63 48 53 0.124208011 4.202272037111074
41 63 49 54 0.116201512 4.159754457884525
41 63 50 55 0.11856567 4.244386031178023
41 63 51 56 0.12166405 4.1162033843105625
41 63 52 57 0.145646264 4.392587836849914
41 63 53 58 0.18395344 4.6414559938637945
41 63 54 59 0.252456511 4.949040846725105
41 63 55 60 0.437534436 6.05183374303154
41 63 56 61 0.814333144 6.843867958989387
41 63 57 62 2.10237185 7.786706814908277
42 54 43 46 1.99769211 8.004090832001536
42 54 44 47 0.764829831 7.008119353421442
42 54 45 48 0.416656414 5.890341281820616
42 54 46 49 0.298665088 5.151363391695567
42 54 47 50 0.277157086 4.780394240686811
42 54 48 51 0.373492713 5.280128834985556
42 54 49 52 0.670080055 6.139929186139714
42 54 50 53 2.21458919 8.873125615102271
42 64 43 48 2.11796491 7.844459960036849
42 64 44 49 0.824002602 6.925132603901093
42 64 45 50 0.420681812 5.818733739488451
42 64 46 51 0.253951482 4.978347567769307
42 64 47 52 0.185193399 4.672742253760296
42 64 48 53 0.147121552 4.437081474700113
42 64 49 54 0.126361585 4.275132907574973
42 64 50 55 0.121041155 4.3330028622927195
42 64 51 56 0.11622625 4.160640023003326
42 64 52 57 0.127984495 4.330040069011991
42 64 53 58 0.14847119 4.477785597827848
42 64 54 59 0.185042825 4.668943017416468
42 64 55 60 0.279141721 5.47216537922503
42 64 56 61 0.434447562 6.009137107757587
42 64 57 62 0.76662683 6.442931663774456
42 64 58 63 2.48888714 9.218271474941778
43 55 44 47 2.38103611 9.540023311558055
43 55 45 48 0.785773252 7.200023471289137
43 55 46 49 0.402024823 5.683492037238928
43 55 47 50 0.288119964 4.969481518262504
43 55 48 51 0.283919974 4.897040260141678
43 55 49 52 0.363808047 5.143215094974237
43 55 50 53 0.703247447 6.443841288357017
43 55 51 54 2.11238209 8.463615607038285
44 56 45 48 2.12376984 8.50924255070786
44 56 46 49 0.669980796 6.139019678049539
44 56 47 50 0.366644671 5.183316922011521
44 56 48 51 0.279884682 4.827439706482047
44 56 49 52 0.28039791 4.8362918423259025
44 56 50 53 0.411818814 5.821951323026089
44 56 51 54 0.774388435 7.095704637060949
44 56 52 55 2.04516239 8.194288526149984
45 57 46 49 2.3387636 9.370651360773962
45 57 47 50 0.728640915 6.676521091534422
45 57 48 51 0.38062096 5.380902052822337
45 57 49 52 0.274653707 4.737216060664179
45 57 50 53 0.30577234 5.273948987533118
45 57 51 54 0.417143666 5.897229644687028
45 57 52 55 0.695381423 6.371765078990548
45 57 53 56 1.82510082 7.312574679408673
46 58 47 50 2.30999238 9.255374608628458
46 58 48 51 0.718759926 6.5859818010476685
46 58 49 52 0.356849352 5.044838862066663
46 58 50 53 0.300424424 5.181708348063858
46 58 51 54 0.307150877 5.2977259381082655
46 58 52 55 0.379391347 5.363518808568323
46 58 53 56 0.623375646 5.711977687209475
46 58 54 57 2.25134327 9.020387044075255
47 59 48 51 2.24824306 9.00796552911103
47 59 49 52 0.635006901 5.8185546275512285
47 59 50 53 0.39064106 5.522557879289395
47 59 51 54 0.305397902 5.267490696011413
47 59 52 55 0.292261611 5.040916478672492
47 59 53 56 0.351338748 4.96693453337207
47 59 54 57 0.736000044 6.743952632877146
47 59 55 58 2.26450332 9.073115007021297
48 60 49 52 2.02595218 8.117319575343132
48 60 50 53 0.730038502 6.689327151269285
48 60 51 54 0.411101063 5.811804357316909
48 60 52 55 0.296055979 5.106361584897367
48 60 53 56 0.263920011 4.552081704980835
48 60 54 57 0.374651227 5.29650694080722
48 60 55 58 0.723501921 6.6294325996258
48 60 56 59 2.33611483 9.360038616414132
49 61 50 53 2.17987297 8.734029216396593
49 61 51 54 0.762875989 6.9902163410404725
49 61 52 55 0.403721487 5.707478059449974
49 61 53 56 0.268532499 4.631637711968284
49 61 54 57 0.267241632 4.609372890017123
49 61 55 58 0.357203262 5.049842146818807
49 61 56 59 0.631864059 5.789756833646997
49 61 57 60 2.02261711 8.103957054123041
50 62 51 54 2.04932003 8.210946813000184
50 62 52 55 0.702676536 6.438610043096944
50 62 53 56 0.350514153 4.9552770961982295
50 62 54 57 0.269451482 4.647488293686729
50 62 55 58 0.28659426 4.943166237207078
50 62 56 59 0.393733601 5.566277647678758
50 62 57 60 0.781248774 7.158565776321262
50 62 58 61 2.13389162 8.54979717176082
51 63 52 55 2.51188056 10.064273699003037
51 63 53 56 0.698806274 6.403146915319163
51 63 54 57 0.368487701 5.209372144799076
51 63 55 58 0.288884024 4.982659994325495
51 63 56 59 0.307055437 5.296079792837669
51 63 57 60 0.436105799 6.1653004844683945
51 63 58 61 0.756554949 6.932296786961585
51 63 59 62 1.98364665 7.94781532435224
52 64 53 56 2.03823809 8.166545148744328
52 64 54 57 0.666356819 6.105813254449602
52 64 55 58 0.372083239 5.26020286574834
52 64 56 59 0.307283285 5.3000097059518225
52 64 57 60 0.325374175 5.61204064700775
52 64 58 61 0.423716489 5.990150740712684
52 64 59 62 0.710459191 6.5099223441027645
52 64 60 63 2.34706577 9.403915407045195
