64
# x y z
0.0 0.0 0.0
0.5 0.0 0.0
1.0 0.0 0.0
1.5 0.0 0.0
2.0 0.0 0.0
2.5 0.0 0.0
3.0 0.0 0.0
3.5 0.0 0.0
4.0 0.0 0.0
4.5 0.0 0.0
5.0 0.0 0.0
5.5 0.0 0.0
6.0 0.0 0.0
6.5 0.0 0.0
7.0 0.0 0.0
7.5 0.0 0.0
8.0 0.0 0.0
8.5 0.0 0.0
9.0 0.0 0.0
9.5 0.0 0.0
10.0 0.0 0.0
10.5 0.0 0.0
11.0 0.0 0.0
11.5 0.0 0.0
12.0 0.0 0.0
12.5 0.0 0.0
13.0 0.0 0.0
13.5 0.0 0.0
14.0 0.0 0.0
14.5 0.0 0.0
15.0 0.0 0.0
15.5 0.0 0.0
16.0 0.0 0.0
16.5 0.0 0.0
17.0 0.0 0.0
17.5 0.0 0.0
18.0 0.0 0.0
18.5 0.0 0.0
19.0 0.0 0.0
19.5 0.0 0.0
20.0 0.0 0.0
20.5 0.0 0.0
21.0 0.0 0.0
21.5 0.0 0.0
22.0 0.0 0.0
22.5 0.0 0.0
23.0 0.0 0.0
23.5 0.0 0.0
24.0 0.0 0.0
24.5 0.0 0.0
25.0 0.0 0.0
25.5 0.0 0.0
26.0 0.0 0.0
26.5 0.0 0.0
27.0 0.0 0.0
27.5 0.0 0.0
28.0 0.0 0.0
28.5 0.0 0.0
29.0 0.0 0.0
29.5 0.0 0.0
30.0 0.0 0.0
30.5 0.0 0.0
31.0 0.0 0.0
31.5 0.0 0.0
1833
# a b m n r rhoa k
1 4 2 5 3.29878 8.29074 2.51327
1 4 3 6 -0.889572 13.9734 -15.708
1 4 5 8 -1.66272 8.12558 -4.88692
1 4 6 9 -0.49514 6.91346 -13.9626
1 4 7 10 -0.214338 6.06026 -28.2743
1 4 8 11 -0.115217 5.63058 -48.8692
1 4 9 12 -0.0683929 5.2522 -76.7945
1 4 10 13 -0.0436164 4.9329 -113.097
1 4 11 14 -0.0290186 4.60887 -158.825
1 4 12 15 -0.0202152 4.34677 -215.025
1 4 13 16 -0.0143897 4.06859 -282.743
1 4 14 17 -0.0110603 4.01519 -363.028
1 4 15 18 -0.00887987 4.05745 -456.927
1 4 16 19 -0.00689706 3.9002 -565.487
1 4 17 20 -0.00532832 3.67523 -689.754
1 4 18 21 -0.00433344 3.60012 -830.777
1 4 19 22 -0.00356051 3.52349 -989.602
1 4 20 23 -0.00310803 3.62793 -1167.28
1 4 21 24 -0.00266788 3.64124 -1364.85
1 4 22 25 -0.00228252 3.61406 -1583.36
1 4 23 26 -0.0018886 3.44456 -1823.87
1 4 24 27 -0.00161648 3.37427 -2087.41
1 4 25 28 -0.00143246 3.40215 -2375.04
1 4 26 29 -0.00129931 3.49229 -2687.81
1 4 27 30 -0.0011561 3.49924 -3026.75
1 4 28 31 -0.00102554 3.47958 -3392.92
1 4 29 32 -0.00092135 3.48949 -3787.36
1 4 30 33 -0.000816326 3.43766 -4211.13
1 4 31 34 -0.000757985 3.5362 -4665.27
1 4 32 35 -0.000698189 3.59624 -5150.82
1 4 34 37 -0.000558733 3.47552 -6220.35
1 4 35 38 -0.000479246 3.26196 -6806.44
1 4 36 39 -0.000440575 3.27264 -7428.12
1 4 37 40 -0.000409176 3.30879 -8086.46
1 4 38 41 -0.000381706 3.35233 -8782.5
1 4 40 43 -0.000337486 3.47336 -10291.9
1 4 41 44 -0.000307512 3.41562 -11107.3
1 4 43 46 -0.000245617 3.15982 -12864.8
1 4 47 50 -0.000198323 3.35485 -16916.1
1 4 48 51 -0.000189222 3.41483 -18046.7
1 4 49 52 -0.000178563 3.43315 -19226.5
1 4 50 53 -0.000177267 3.62629 -20456.7
1 4 55 58 -0.000134672 3.68972 -27397.8
1 4 58 61 -0.00011863 3.82377 -32232.7
1 4 60 63 -9.5617e-05 3.41857 -35752.7
1 4 63 2 -1.46625 9.19762 -6.2729
1 4 64 3 1.49413 9.40283 6.29317
2 5 3 6 3.46028 8.69664 2.51327
2 5 4 7 -0.578704 9.09026 -15.708
2 5 6 9 -1.83529 8.96893 -4.88692
2 5 7 10 -0.525488 7.3372 -13.9626
2 5 8 11 -0.234593 6.63295 -28.2743
2 5 9 12 -0.123951 6.05737 -48.8692
2 5 10 13 -0.0727173 5.58429 -76.7945
2 5 11 14 -0.045513 5.1474 -113.097
2 5 12 15 -0.0303025 4.8128 -158.825
2 5 13 16 -0.0207014 4.45132 -215.025
2 5 14 17 -0.0153896 4.35131 -282.743
2 5 15 18 -0.0120421 4.37164 -363.028
2 5 16 19 -0.00912934 4.17144 -456.927
2 5 17 20 -0.00690572 3.90509 -565.487
2 5 18 21 -0.00551656 3.80507 -689.754
2 5 19 22 -0.00448486 3.72592 -830.777
2 5 20 23 -0.00386636 3.82616 -989.602
2 5 21 24 -0.00327961 3.82821 -1167.28
2 5 22 25 -0.00277287 3.78455 -1364.85
2 5 23 26 -0.00227099 3.5958 -1583.36
2 5 24 27 -0.00192482 3.51063 -1823.87
2 5 25 28 -0.00169367 3.53538 -2087.41
2 5 26 29 -0.00152464 3.62109 -2375.04
2 5 27 30 -0.0013507 3.63043 -2687.81
2 5 28 31 -0.00119846 3.62744 -3026.75
2 5 29 32 -0.00106585 3.61633 -3392.92
2 5 30 33 -0.000945683 3.58165 -3787.36
2 5 31 34 -0.000855366 3.60206 -4211.13
2 5 32 35 -0.000784951 3.662 -4665.27
2 5 33 36 -0.000707184 3.64257 -5150.82
2 5 34 37 -0.000625098 3.54357 -5668.83
2 5 35 38 -0.000550606 3.42496 -6220.35
2 5 36 39 -0.000504273 3.4323 -6806.44
2 5 37 40 -0.000464909 3.4534 -7428.12
2 5 38 41 -0.000432886 3.50052 -8086.46
2 5 39 42 -0.00040338 3.54268 -8782.5
2 5 40 43 -0.000381536 3.63119 -9517.28
2 5 41 44 -0.000347722 3.57871 -10291.9
2 5 43 46 -0.000286479 3.4276 -11964.6
2 5 46 49 -0.000248017 3.67023 -14798.3
2 5 49 52 -0.000205528 3.7091 -18046.7
2 5 51 54 -0.000186826 3.82184 -20456.7
2 5 52 55 -0.000177333 3.85488 -21738.1
2 5 60 63 -0.00011283 3.83197 -33962.4
2 5 62 1 -2.07247 8.67101 -4.1839
2 5 64 3 -1.44238 9.04789 -6.2729
3 6 4 7 3.5164 8.83769 2.51327
3 6 5 8 -0.804071 12.6303 -15.708
3 6 7 10 -1.75027 8.55346 -4.88692
3 6 8 11 -0.538396 7.51742 -13.9626
3 6 9 12 -0.23796 6.72817 -28.2743
3 6 10 13 -0.124769 6.09738 -48.8692
3 6 11 14 -0.0722701 5.54994 -76.7945
3 6 12 15 -0.0455242 5.14867 -113.097
3 6 13 16 -0.0296424 4.70796 -158.825
3 6 14 17 -0.0212167 4.56212 -215.025
3 6 15 18 -0.0161276 4.55998 -282.743
3 6 16 19 -0.0119119 4.32437 -363.028
3 6 17 20 -0.00880287 4.02227 -456.927
3 6 18 21 -0.00689017 3.8963 -565.487
3 6 19 22 -0.00552797 3.81294 -689.754
3 6 20 23 -0.00469845 3.90336 -830.777
3 6 21 24 -0.00393664 3.8957 -989.602
3 6 22 25 -0.00329189 3.84255 -1167.28
3 6 23 26 -0.0026725 3.64756 -1364.85
3 6 24 27 -0.00224506 3.55475 -1583.36
3 6 25 28 -0.00196145 3.57742 -1823.87
3 6 26 29 -0.00175134 3.65576 -2087.41
3 6 27 30 -0.00154543 3.67048 -2375.04
3 6 28 31 -0.00136143 3.65926 -2687.81
3 6 29 32 -0.00121006 3.66256 -3026.75
3 6 30 33 -0.00107694 3.65396 -3392.92
3 6 31 34 -0.000972039 3.68147 -3787.36
3 6 32 35 -0.000886477 3.73307 -4211.13
3 6 33 36 -0.000791161 3.69098 -4665.27
3 6 34 37 -0.000701637 3.614 -5150.82
3 6 35 38 -0.000608909 3.4518 -5668.83
3 6 36 39 -0.000554911 3.45174 -6220.35
3 6 37 40 -0.000510375 3.47383 -6806.44
3 6 38 41 -0.000474282 3.52302 -7428.12
3 6 39 42 -0.000444195 3.59196 -8086.46
3 6 40 43 -0.000419802 3.68691 -8782.5
3 6 41 44 -0.00038412 3.65578 -9517.28
3 6 43 46 -0.000311864 3.46396 -11107.3
3 6 46 49 -0.000264464 3.652 -13809
3 6 47 50 -0.000243283 3.60017 -14798.3
3 6 48 51 -0.000226677 3.58912 -15833.6
3 6 49 52 -0.000216007 3.65399 -16916.1
3 6 51 54 -0.000192852 3.70788 -19226.5
3 6 52 55 -0.000183115 3.74592 -20456.7
3 6 53 56 -0.000171317 3.7241 -21738.1
3 6 55 58 -0.000160229 3.91905 -24459
3 6 58 61 -0.000140505 4.06783 -28951.5
3 6 62 1 -0.694928 7.25531 -10.4404
3 6 63 2 -1.99386 8.34209 -4.1839
4 7 5 8 3.28823 8.26422 2.51327
4 7 6 9 -0.736084 11.5624 -15.708
4 7 8 11 -1.81442 8.86691 -4.88692
4 7 9 12 -0.551945 7.70661 -13.9626
4 7 10 13 -0.241303 6.82268 -28.2743
4 7 11 14 -0.125174 6.11715 -48.8692
4 7 12 15 -0.073227 5.62343 -76.7945
4 7 13 16 -0.0448856 5.07644 -113.097
4 7 14 17 -0.0306544 4.86868 -158.825
4 7 15 18 -0.022526 4.84365 -215.025
4 7 16 19 -0.0161414 4.56387 -282.743
4 7 17 20 -0.0116008 4.21143 -363.028
4 7 18 21 -0.00886934 4.05264 -456.927
4 7 19 22 -0.00697799 3.94596 -565.487
4 7 20 23 -0.00582085 4.01495 -689.754
4 7 21 24 -0.00481057 3.99651 -830.777
4 7 22 25 -0.00397054 3.92925 -989.602
4 7 23 26 -0.00319189 3.72582 -1167.28
4 7 24 27 -0.00265587 3.62486 -1364.85
4 7 25 28 -0.00229513 3.63402 -1583.36
4 7 26 29 -0.002032 3.7061 -1823.87
4 7 27 30 -0.00179829 3.75377 -2087.41
4 7 28 31 -0.00157639 3.744 -2375.04
4 7 29 32 -0.00138432 3.72079 -2687.81
4 7 30 33 -0.00123947 3.75156 -3026.75
4 7 31 34 -0.00109262 3.70717 -3392.92
4 7 32 35 -0.00099807 3.78005 -3787.36
4 7 33 36 -0.000871972 3.67199 -4211.13
4 7 34 37 -0.000785518 3.66465 -4665.27
4 7 35 38 -0.000683703 3.52163 -5150.82
4 7 36 39 -0.000623907 3.53682 -5668.83
4 7 37 40 -0.000569638 3.54335 -6220.35
4 7 38 41 -0.000528474 3.59702 -6806.44
4 7 39 42 -0.000501237 3.72325 -7428.12
4 7 40 43 -0.000465833 3.76694 -8086.46
4 7 41 44 -0.000424721 3.73011 -8782.5
4 7 43 46 -0.000357995 3.68443 -10291.9
4 7 44 47 -0.000337123 3.74452 -11107.3
4 7 45 48 -0.000322925 3.86366 -11964.6
4 7 46 49 -0.000294546 3.78928 -12864.8
4 7 49 52 -0.000247457 3.91814 -15833.6
4 7 51 54 -0.000228665 4.12665 -18046.7
4 7 52 55 -0.000201552 3.87515 -19226.5
4 7 53 56 -0.000187359 3.83274 -20456.7
4 7 54 57 -0.000175205 3.80862 -21738.1
4 7 55 58 -0.000172508 3.98008 -23071.9
4 7 56 59 -0.000168806 4.12883 -24459
4 7 58 61 -0.000156888 4.29839 -27397.8
4 7 62 1 -0.350845 6.57616 -18.7438
4 7 63 2 -0.709706 7.4096 -10.4404
4 7 64 3 -2.10967 8.82666 -4.1839
5 8 6 9 3.35516 8.43243 2.51327
5 8 7 10 -0.803091 12.6149 -15.708
5 8 9 12 -1.72368 8.42347 -4.88692
5 8 10 13 -0.52205 7.2892 -13.9626
5 8 11 14 -0.227888 6.44337 -28.2743
5 8 12 15 -0.12022 5.87504 -48.8692
5 8 13 16 -0.0680944 5.22927 -76.7945
5 8 14 17 -0.0438142 4.95527 -113.097
5 8 15 18 -0.030852 4.90007 -158.825
5 8 16 19 -0.0213182 4.58393 -215.025
5 8 17 20 -0.0148294 4.19291 -282.743
5 8 18 21 -0.0110264 4.00292 -363.028
5 8 19 22 -0.00846394 3.86741 -456.927
5 8 20 23 -0.00693865 3.92371 -565.487
5 8 21 24 -0.00564001 3.89022 -689.754
5 8 22 25 -0.00458728 3.81101 -830.777
5 8 23 26 -0.00364268 3.6048 -989.602
5 8 24 27 -0.00299654 3.49779 -1167.28
5 8 25 28 -0.00256355 3.49885 -1364.85
5 8 26 29 -0.00225015 3.5628 -1583.36
5 8 27 30 -0.00197781 3.60727 -1823.87
5 8 28 31 -0.00172156 3.59361 -2087.41
5 8 29 32 -0.00150167 3.56654 -2375.04
5 8 30 33 -0.0013377 3.59549 -2687.81
5 8 31 34 -0.00116695 3.53207 -3026.75
5 8 32 35 -0.00105931 3.59417 -3392.92
5 8 33 36 -0.000918337 3.47808 -3787.36
5 8 34 37 -0.00082452 3.47216 -4211.13
5 8 35 38 -0.000713193 3.32723 -4665.27
5 8 36 39 -0.00065117 3.35406 -5150.82
5 8 37 40 -0.000592619 3.35946 -5668.83
5 8 38 41 -0.000548246 3.41028 -6220.35
5 8 39 42 -0.000517601 3.52302 -6806.44
5 8 40 43 -0.000477707 3.54847 -7428.12
5 8 41 44 -0.000431208 3.48695 -8086.46
5 8 42 45 -0.000385723 3.38761 -8782.5
5 8 43 46 -0.000361781 3.44317 -9517.28
5 8 44 47 -0.000354714 3.65067 -10291.9
5 8 45 48 -0.000337871 3.75283 -11107.3
5 8 46 49 -0.000306819 3.67096 -11964.6
5 8 49 52 -0.000250323 3.70435 -14798.3
5 8 51 54 -0.000230366 3.89689 -16916.1
5 8 52 55 -0.000204209 3.6853 -18046.7
5 8 53 56 -0.000188667 3.62741 -19226.5
5 8 54 57 -0.000176493 3.61046 -20456.7
5 8 55 58 -0.000172226 3.74386 -21738.1
5 8 56 59 -0.000167913 3.87406 -23071.9
5 8 58 61 -0.000153539 3.97677 -25900.7
5 8 62 1 -0.189517 5.50682 -29.0572
5 8 63 2 -0.322188 6.03903 -18.7438
5 8 64 3 -0.648064 6.76603 -10.4404
6 9 7 10 3.23684 8.13506 2.51327
6 9 8 11 -0.708658 11.1316 -15.708
6 9 10 13 -1.71507 8.3814 -4.88692
6 9 11 14 -0.515465 7.19725 -13.9626
6 9 12 15 -0.229062 6.47657 -28.2743
6 9 13 16 -0.115696 5.65398 -48.8692
6 9 14 17 -0.0687029 5.27601 -76.7945
6 9 15 18 -0.0457888 5.17859 -113.097
6 9 16 19 -0.0302344 4.80198 -158.825
6 9 17 20 -0.0202185 4.34748 -215.025
6 9 18 21 -0.0145486 4.11352 -282.743
6 9 19 22 -0.010856 3.94103 -363.028
6 9 20 23 -0.00867032 3.9617 -456.927
6 9 21 24 -0.0069002 3.90197 -565.487
6 9 22 25 -0.00551427 3.80349 -689.754
6 9 23 26 -0.00430967 3.58038 -830.777
6 9 24 27 -0.00348955 3.45326 -989.602
6 9 25 28 -0.00295163 3.44536 -1167.28
6 9 26 29 -0.00256479 3.50055 -1364.85
6 9 27 30 -0.00223652 3.54122 -1583.36
6 9 28 31 -0.00195044 3.55735 -1823.87
6 9 29 32 -0.0016893 3.52626 -2087.41
6 9 30 33 -0.00149441 3.54929 -2375.04
6 9 31 34 -0.00129894 3.49131 -2687.81
6 9 32 35 -0.0011726 3.54915 -3026.75
6 9 33 36 -0.00101468 3.44273 -3392.92
6 9 34 37 -0.000907481 3.43696 -3787.36
6 9 35 38 -0.000783324 3.29868 -4211.13
6 9 36 39 -0.000711183 3.31786 -4665.27
6 9 37 40 -0.000645699 3.32588 -5150.82
6 9 38 41 -0.000595294 3.37462 -5668.83
6 9 39 42 -0.000560917 3.4891 -6220.35
6 9 40 43 -0.000518556 3.52952 -6806.44
6 9 41 44 -0.000469582 3.48811 -7428.12
6 9 44 47 -0.000363595 3.46044 -9517.28
6 9 45 48 -0.000346051 3.56151 -10291.9
6 9 46 49 -0.000312988 3.47644 -11107.3
6 9 47 50 -0.000290965 3.48127 -11964.6
6 9 48 51 -0.000265271 3.41266 -12864.8
6 9 49 52 -0.000255795 3.53228 -13809
6 9 50 53 -0.000247393 3.661 -14798.3
6 9 51 54 -0.000234664 3.71558 -15833.6
6 9 52 55 -0.000211233 3.57323 -16916.1
6 9 56 59 -0.000172492 3.74964 -21738.1
6 9 57 60 -0.000165902 3.82767 -23071.9
6 9 58 61 -0.000157655 3.85609 -24459
6 9 59 62 -0.00014371 3.72219 -25900.7
6 9 60 63 -0.000141096 3.86572 -27397.8
6 9 61 64 -0.00013391 3.8769 -28951.5
6 9 62 1 -0.119123 4.92347 -41.3309
6 9 63 2 -0.182479 5.30234 -29.0572
6 9 64 3 -0.309822 5.80724 -18.7438
7 10 8 11 3.40134 8.54851 2.51327
7 10 9 12 -0.646701 10.1583 -15.708
7 10 11 14 -1.77984 8.69796 -4.88692
7 10 12 15 -0.547146 7.6396 -13.9626
7 10 13 16 -0.229088 6.47731 -28.2743
7 10 14 17 -0.121153 5.92065 -48.8692
7 10 15 18 -0.0748743 5.74993 -76.7945
7 10 16 19 -0.0465961 5.2699 -113.097
7 10 17 20 -0.0296607 4.71085 -158.825
7 10 18 21 -0.0204888 4.4056 -215.025
7 10 19 22 -0.0147634 4.17427 -282.743
7 10 20 23 -0.0114786 4.16704 -363.028
7 10 21 24 -0.00891071 4.07155 -456.927
7 10 22 25 -0.00697941 3.94676 -565.487
7 10 23 26 -0.00535286 3.69216 -689.754
7 10 24 27 -0.00426415 3.54256 -830.777
7 10 25 28 -0.00355876 3.52176 -989.602
7 10 26 29 -0.00305778 3.56928 -1167.28
7 10 27 30 -0.00264317 3.60752 -1364.85
7 10 28 31 -0.00226663 3.58889 -1583.36
7 10 29 32 -0.00195087 3.55814 -1823.87
7 10 30 33 -0.00170044 3.54953 -2087.41
7 10 31 34 -0.00148633 3.5301 -2375.04
7 10 32 35 -0.00133076 3.57683 -2687.81
7 10 33 36 -0.00115742 3.50323 -3026.75
7 10 34 37 -0.00101932 3.45849 -3392.92
7 10 35 38 -0.000877062 3.32175 -3787.36
7 10 36 39 -0.000781836 3.29241 -4211.13
7 10 37 40 -0.000707617 3.30122 -4665.27
7 10 38 41 -0.000648169 3.3386 -5150.82
7 10 39 42 -0.000608263 3.44814 -5668.83
7 10 40 43 -0.000562763 3.50058 -6220.35
7 10 41 44 -0.000511259 3.47985 -6806.44
7 10 44 47 -0.000395808 3.47618 -8782.5
7 10 45 48 -0.000377254 3.59043 -9517.28
7 10 46 49 -0.000344832 3.54896 -10291.9
7 10 49 52 -0.0002825 3.63431 -12864.8
7 10 51 54 -0.000254014 3.75897 -14798.3
7 10 52 55 -0.000236258 3.74082 -15833.6
7 10 53 56 -0.000219738 3.71711 -16916.1
7 10 62 1 -0.0815867 4.52812 -55.5008
7 10 63 2 -0.115918 4.79101 -41.3309
7 10 64 3 -0.17699 5.14284 -29.0572
8 11 9 12 3.45606 8.68603 2.51327
8 11 10 13 -0.745665 11.7129 -15.708
8 11 12 15 -1.89986 9.28448 -4.88692
8 11 13 16 -0.540879 7.55209 -13.9626
8 11 14 17 -0.239635 6.77551 -28.2743
8 11 15 18 -0.1337 6.53382 -48.8692
8 11 16 19 -0.0772427 5.93181 -76.7945
8 11 17 20 -0.0462998 5.23638 -113.097
8 11 18 21 -0.0304545 4.83693 -158.825
8 11 19 22 -0.0210645 4.52939 -215.025
8 11 20 23 -0.0158336 4.47685 -282.743
8 11 21 24 -0.0119462 4.33681 -363.028
8 11 22 25 -0.00914509 4.17864 -456.927
8 11 23 26 -0.00687147 3.88572 -565.487
8 11 24 27 -0.00537606 3.70816 -689.754
8 11 25 28 -0.00441267 3.66595 -830.777
8 11 26 29 -0.00373749 3.69862 -989.602
8 11 27 30 -0.00319269 3.72675 -1167.28
8 11 28 31 -0.00272505 3.71928 -1364.85
8 11 29 32 -0.00232437 3.68032 -1583.36
8 11 30 33 -0.00202003 3.68426 -1823.87
8 11 31 34 -0.00174067 3.6335 -2087.41
8 11 32 35 -0.00155011 3.68157 -2375.04
8 11 33 36 -0.00132868 3.57124 -2687.81
8 11 34 37 -0.00116918 3.53882 -3026.75
8 11 35 38 -0.00100025 3.39377 -3392.92
8 11 36 39 -0.000896012 3.39352 -3787.36
8 11 39 42 -0.000689623 3.55212 -5150.82
8 11 40 43 -0.000634489 3.59681 -5668.83
8 11 41 44 -0.000574022 3.57062 -6220.35
8 11 44 47 -0.000430486 3.48111 -8086.46
8 11 47 50 -0.000341892 3.5187 -10291.9
8 11 48 51 -0.000310681 3.45082 -11107.3
8 11 49 52 -0.000298661 3.57335 -11964.6
8 11 50 53 -0.000288914 3.71683 -12864.8
8 11 52 55 -0.000245438 3.63206 -14798.3
8 11 54 57 -0.000211713 3.58135 -16916.1
8 11 56 59 -0.000197948 3.80586 -19226.5
8 11 57 60 -0.000190895 3.90507 -20456.7
8 11 58 61 -0.000180833 3.93096 -21738.1
8 11 59 62 -0.000165909 3.82783 -23071.9
8 11 62 1 -0.0611869 4.37406 -71.4868
8 11 63 2 -0.0823 4.56771 -55.5008
8 11 64 3 -0.116851 4.82957 -41.3309
9 12 10 13 3.28764 8.26275 2.51327
9 12 11 14 -0.877446 13.7829 -15.708
9 12 13 16 -1.77593 8.67881 -4.88692
9 12 14 17 -0.548047 7.65218 -13.9626
9 12 15 18 -0.260112 7.35449 -28.2743
9 12 16 19 -0.135771 6.63503 -48.8692
9 12 17 20 -0.0754508 5.79421 -76.7945
9 12 18 21 -0.0467747 5.2901 -113.097
9 12 19 22 -0.0308098 4.89337 -158.825
9 12 20 23 -0.0222665 4.78785 -215.025
9 12 21 24 -0.0162553 4.59609 -282.743
9 12 22 25 -0.0121179 4.39915 -363.028
9 12 23 26 -0.00889504 4.06439 -456.927
9 12 24 27 -0.00682119 3.85729 -565.487
9 12 25 28 -0.00549762 3.792 -689.754
9 12 26 29 -0.0045873 3.81102 -830.777
9 12 27 30 -0.00386519 3.825 -989.602
9 12 28 31 -0.00324179 3.78406 -1167.28
9 12 29 32 -0.00274022 3.73998 -1364.85
9 12 30 33 -0.00234994 3.7208 -1583.36
9 12 31 34 -0.00202329 3.69022 -1823.87
9 12 32 35 -0.00178444 3.72485 -2087.41
9 12 33 36 -0.0015287 3.63073 -2375.04
9 12 34 37 -0.00133035 3.57573 -2687.81
9 12 35 38 -0.00113208 3.42652 -3026.75
9 12 36 39 -0.00100436 3.4077 -3392.92
9 12 37 40 -0.000901313 3.4136 -3787.36
9 12 38 41 -0.000819131 3.44947 -4211.13
9 12 39 42 -0.000761679 3.55343 -4665.27
9 12 40 43 -0.00069922 3.60155 -5150.82
9 12 41 44 -0.00062982 3.57034 -5668.83
9 12 43 46 -0.000516839 3.51783 -6806.44
9 12 44 47 -0.00047193 3.50555 -7428.12
9 12 45 48 -0.000448421 3.62614 -8086.46
9 12 46 49 -0.000406144 3.56696 -8782.5
9 12 48 51 -0.000346107 3.56208 -10291.9
9 12 49 52 -0.000332952 3.69819 -11107.3
9 12 50 53 -0.000321565 3.84739 -11964.6
9 12 51 54 -0.00029803 3.8341 -12864.8
9 12 52 55 -0.000265813 3.67062 -13809
9 12 53 56 -0.000245707 3.63605 -14798.3
9 12 54 57 -0.000231203 3.66078 -15833.6
9 12 55 58 -0.000223975 3.78878 -16916.1
9 12 56 59 -0.000212414 3.83337 -18046.7
9 12 57 60 -0.000206233 3.96515 -19226.5
9 12 58 61 -0.000194733 3.98359 -20456.7
9 12 60 63 -0.00016395 3.78263 -23071.9
9 12 61 64 -0.00015104 3.69429 -24459
9 12 62 1 -0.0476829 4.25292 -89.1916
9 12 63 2 -0.0614328 4.39163 -71.4868
9 12 64 3 -0.0825544 4.58183 -55.5008
10 13 11 14 3.41246 8.57644 2.51327
10 13 12 15 -0.652147 10.2439 -15.708
10 13 14 17 -1.82811 8.93385 -4.88692
10 13 15 18 -0.607611 8.48385 -13.9626
10 13 16 19 -0.268121 7.58095 -28.2743
10 13 17 20 -0.134009 6.54894 -48.8692
10 13 18 21 -0.0769517 5.90946 -76.7945
10 13 19 22 -0.0476766 5.3921 -113.097
10 13 20 23 -0.0328616 5.21923 -158.825
10 13 21 24 -0.0230474 4.95576 -215.025
10 13 22 25 -0.0166332 4.70293 -282.743
10 13 23 26 -0.0118679 4.30839 -363.028
10 13 24 27 -0.00889 4.06208 -456.927
10 13 25 28 -0.00701246 3.96545 -565.487
10 13 26 29 -0.00574881 3.96526 -689.754
10 13 27 30 -0.00476591 3.9594 -830.777
10 13 28 31 -0.00395049 3.90941 -989.602
10 13 29 32 -0.00329712 3.84865 -1167.28
10 13 30 33 -0.00280954 3.83459 -1364.85
10 13 31 34 -0.00238874 3.78224 -1583.36
10 13 32 35 -0.00209114 3.81397 -1823.87
10 13 33 36 -0.00176473 3.68372 -2087.41
10 13 34 37 -0.00153687 3.65014 -2375.04
10 13 35 38 -0.00129934 3.49237 -2687.81
10 13 36 39 -0.0011554 3.49712 -3026.75
10 13 37 40 -0.00103068 3.49701 -3392.92
10 13 38 41 -0.000933856 3.53685 -3787.36
10 13 39 42 -0.0008687 3.65821 -4211.13
10 13 40 43 -0.00079362 3.70245 -4665.27
10 13 43 46 -0.000583389 3.62889 -6220.35
10 13 44 47 -0.000533297 3.62985 -6806.44
10 13 45 48 -0.000503379 3.73916 -7428.12
10 13 46 49 -0.000453072 3.66375 -8086.46
10 13 48 51 -0.000380007 3.61663 -9517.28
10 13 49 52 -0.000363822 3.7444 -10291.9
10 13 50 53 -0.000350846 3.89694 -11107.3
10 13 51 54 -0.00032743 3.91756 -11964.6
10 13 52 55 -0.000293747 3.779 -12864.8
10 13 53 56 -0.0002705 3.73535 -13809
10 13 54 57 -0.000251746 3.72541 -14798.3
10 13 55 58 -0.000244574 3.87249 -15833.6
10 13 56 59 -0.000235771 3.98832 -16916.1
10 13 57 60 -0.000226855 4.09399 -18046.7
10 13 58 61 -0.000215133 4.13626 -19226.5
10 13 62 1 -0.038717 4.20073 -108.498
10 13 63 2 -0.0481365 4.29337 -89.1916
10 13 64 3 -0.0618913 4.42441 -71.4868
11 14 12 15 3.63038 9.12415 2.51327
11 14 13 16 -0.729363 11.4568 -15.708
11 14 15 18 -1.92792 9.42157 -4.88692
11 14 16 19 -0.593215 8.28285 -13.9626
11 14 17 20 -0.250997 7.09677 -28.2743
11 14 18 21 -0.129871 6.34668 -48.8692
11 14 19 22 -0.074444 5.71689 -76.7945
11 14 20 23 -0.0484849 5.48351 -113.097
11 14 21 24 -0.0324512 5.15407 -158.825
11 14 22 25 -0.0225504 4.84889 -215.025
11 14 23 26 -0.0155787 4.40477 -282.743
11 14 24 27 -0.0113546 4.12206 -363.028
11 14 25 28 -0.00874946 3.99787 -456.927
11 14 26 29 -0.00704 3.98103 -565.487
11 14 27 30 -0.00574149 3.96022 -689.754
11 14 28 31 -0.00469174 3.89779 -830.777
11 14 29 32 -0.00385933 3.8192 -989.602
11 14 30 33 -0.0032506 3.79435 -1167.28
11 14 31 34 -0.00273238 3.72928 -1364.85
11 14 32 35 -0.00237543 3.76117 -1583.36
11 14 33 36 -0.00198744 3.62483 -1823.87
11 14 34 37 -0.00171996 3.59027 -2087.41
11 14 35 38 -0.00144503 3.43202 -2375.04
11 14 36 39 -0.00127079 3.41565 -2687.81
11 14 37 40 -0.00112652 3.40971 -3026.75
11 14 38 41 -0.00101718 3.45122 -3392.92
11 14 39 42 -0.000940718 3.56284 -3787.36
11 14 40 43 -0.000855075 3.60083 -4211.13
11 14 41 44 -0.000763188 3.56047 -4665.27
11 14 42 45 -0.000673931 3.47129 -5150.82
11 14 43 46 -0.000619704 3.513 -5668.83
11 14 44 47 -0.00056684 3.52595 -6220.35
11 14 45 48 -0.000533562 3.63166 -6806.44
11 14 46 49 -0.000477969 3.55041 -7428.12
11 14 48 51 -0.000398062 3.49598 -8782.5
11 14 49 52 -0.000381741 3.63314 -9517.28
11 14 50 53 -0.000366973 3.77683 -10291.9
11 14 51 54 -0.000343558 3.81599 -11107.3
11 14 52 55 -0.000319436 3.82192 -11964.6
11 14 60 63 -0.000181454 3.71194 -20456.7
11 14 61 64 -0.000169785 3.6908 -21738.1
11 14 62 1 -0.0314029 4.05948 -129.271
11 14 63 2 -0.038005 4.12349 -108.498
11 14 64 3 -0.0472674 4.21585 -89.1916
12 15 13 16 3.35858 8.44103 2.51327
12 15 14 17 -0.873882 13.7269 -15.708
12 15 16 19 -1.85649 9.07253 -4.88692
12 15 17 20 -0.554417 7.74113 -13.9626
12 15 18 21 -0.243832 6.8942 -28.2743
12 15 19 22 -0.125389 6.12764 -48.8692
12 15 20 23 -0.0757881 5.82011 -76.7945
12 15 21 24 -0.0477886 5.40477 -113.097
12 15 22 25 -0.0316896 5.0331 -158.825
12 15 23 26 -0.0210466 4.52554 -215.025
12 15 24 27 -0.0148328 4.19389 -282.743
12 15 25 28 -0.0111043 4.03118 -363.028
12 15 26 29 -0.00872965 3.98881 -456.927
12 15 27 30 -0.0069808 3.94755 -565.487
12 15 28 31 -0.00561632 3.87388 -689.754
12 15 29 32 -0.00454733 3.77781 -830.777
12 15 30 33 -0.00377976 3.74046 -989.602
12 15 31 34 -0.00313902 3.66411 -1167.28
12 15 32 35 -0.00270473 3.69155 -1364.85
12 15 33 36 -0.0022442 3.55338 -1583.36
12 15 34 37 -0.00193001 3.52009 -1823.87
12 15 35 38 -0.00161078 3.36236 -2087.41
12 15 36 39 -0.00139905 3.3228 -2375.04
12 15 37 40 -0.00123358 3.31563 -2687.81
12 15 38 41 -0.00110687 3.35021 -3026.75
12 15 39 42 -0.00101906 3.45757 -3392.92
12 15 40 43 -0.000921626 3.49053 -3787.36
12 15 41 44 -0.000819544 3.45121 -4211.13
12 15 42 45 -0.000720572 3.36166 -4665.27
12 15 43 46 -0.000660365 3.40142 -5150.82
12 15 44 47 -0.000613618 3.4785 -5668.83
12 15 45 48 -0.000576584 3.58656 -6220.35
12 15 46 49 -0.0005155 3.50872 -6806.44
12 15 48 51 -0.00042875 3.46707 -8086.46
12 15 49 52 -0.000409023 3.59224 -8782.5
12 15 50 53 -0.000392872 3.73907 -9517.28
12 15 51 54 -0.000366954 3.77664 -10291.9
12 15 52 55 -0.000326954 3.63157 -11107.3
12 15 53 56 -0.000299388 3.58205 -11964.6
12 15 54 57 -0.000277755 3.57327 -12864.8
12 15 55 58 -0.000269593 3.72282 -13809
12 15 56 59 -0.000259654 3.84244 -14798.3
12 15 57 60 -0.000249611 3.95225 -15833.6
12 15 58 61 -0.000235678 3.98675 -16916.1
12 15 60 63 -0.000197659 3.8003 -19226.5
12 15 61 64 -0.000184513 3.77452 -20456.7
12 15 62 1 -0.025802 3.90514 -151.35
12 15 63 2 -0.030582 3.95336 -129.271
12 15 64 3 -0.0370775 4.02285 -108.498
13 16 14 17 3.44407 8.65589 2.51327
13 16 15 18 -0.701751 11.0231 -15.708
13 16 17 20 -1.86294 9.10402 -4.88692
13 16 18 21 -0.576247 8.04593 -13.9626
13 16 19 22 -0.248102 7.01492 -28.2743
13 16 20 23 -0.135033 6.59896 -48.8692
13 16 21 24 -0.07871 6.04449 -76.7945
13 16 22 25 -0.049151 5.55884 -113.097
13 16 23 26 -0.0310504 4.93159 -158.825
13 16 24 27 -0.0209676 4.50854 -215.025
13 16 25 28 -0.0151379 4.28013 -282.743
13 16 26 29 -0.0115561 4.19518 -363.028
13 16 27 30 -0.00902124 4.12205 -456.927
13 16 28 31 -0.00711049 4.02089 -565.487
13 16 29 32 -0.00564882 3.8963 -689.754
13 16 30 33 -0.00460904 3.82908 -830.777
13 16 31 34 -0.00377126 3.73204 -989.602
13 16 32 35 -0.00320851 3.74521 -1167.28
13 16 33 36 -0.00263751 3.59979 -1364.85
13 16 34 37 -0.00223906 3.54525 -1583.36
13 16 35 38 -0.00185087 3.37574 -1823.87
13 16 36 39 -0.00159793 3.33555 -2087.41
13 16 37 40 -0.00139945 3.32376 -2375.04
13 16 38 41 -0.00124655 3.3505 -2687.81
13 16 39 42 -0.00113944 3.44881 -3026.75
13 16 40 43 -0.00102579 3.48042 -3392.92
13 16 41 44 -0.000907797 3.43816 -3787.36
13 16 42 45 -0.000795962 3.3519 -4211.13
13 16 43 46 -0.000723718 3.37634 -4665.27
13 16 44 47 -0.000671023 3.45632 -5150.82
13 16 45 48 -0.000628745 3.56425 -5668.83
13 16 46 49 -0.000561832 3.49479 -6220.35
13 16 48 51 -0.000466627 3.46616 -7428.12
13 16 49 52 -0.000445125 3.59949 -8086.46
13 16 51 54 -0.000396248 3.7712 -9517.28
13 16 52 55 -0.000351019 3.61264 -10291.9
13 16 53 56 -0.000320889 3.5642 -11107.3
13 16 54 57 -0.000298146 3.56719 -11964.6
13 16 55 58 -0.000288324 3.70924 -12864.8
13 16 56 59 -0.000275675 3.80681 -13809
13 16 57 60 -0.000264345 3.91186 -14798.3
13 16 58 61 -0.00024969 3.9535 -15833.6
13 16 62 1 -0.0216952 3.78703 -174.556
13 16 63 2 -0.0252114 3.81575 -151.35
13 16 64 3 -0.0298457 3.85817 -129.271
14 17 15 18 3.73979 9.39913 2.51327
14 17 16 19 -0.725495 11.396 -15.708
14 17 18 21 -2.00143 9.78082 -4.88692
14 17 19 22 -0.583491 8.14707 -13.9626
14 17 20 23 -0.268778 7.59953 -28.2743
14 17 21 24 -0.140914 6.88636 -48.8692
14 17 22 25 -0.0816494 6.27022 -76.7945
14 17 23 26 -0.0486013 5.49667 -113.097
14 17 24 27 -0.0312552 4.96411 -158.825
14 17 25 28 -0.0216513 4.65556 -215.025
14 17 26 29 -0.0159893 4.52086 -282.743
14 17 27 30 -0.0121419 4.40785 -363.028
14 17 28 31 -0.00933689 4.26628 -456.927
14 17 29 32 -0.00726525 4.1084 -565.487
14 17 30 33 -0.00581662 4.01204 -689.754
14 17 31 34 -0.00470075 3.90527 -830.777
14 17 32 35 -0.00394161 3.90062 -989.602
14 17 33 36 -0.00320567 3.7419 -1167.28
14 17 34 37 -0.00268908 3.67019 -1364.85
14 17 35 38 -0.002203 3.48814 -1583.36
14 17 36 39 -0.00189541 3.45699 -1823.87
14 17 37 40 -0.00164982 3.44386 -2087.41
14 17 38 41 -0.00145983 3.46716 -2375.04
14 17 39 42 -0.00132632 3.56489 -2687.81
14 17 40 43 -0.00119013 3.60224 -3026.75
14 17 41 44 -0.0010524 3.57073 -3392.92
14 17 42 45 -0.000922963 3.4956 -3787.36
14 17 43 46 -0.000834385 3.5137 -4211.13
14 17 44 47 -0.000747907 3.48918 -4665.27
14 17 45 48 -0.000698436 3.59752 -5150.82
14 17 46 49 -0.000622788 3.53048 -5668.83
14 17 47 50 -0.000573832 3.56944 -6220.35
14 17 48 51 -0.000513783 3.49703 -6806.44
14 17 49 52 -0.000488805 3.6309 -7428.12
14 17 50 53 -0.000467501 3.78043 -8086.46
14 17 51 54 -0.000430008 3.77654 -8782.5
14 17 52 55 -0.000385767 3.67145 -9517.28
14 17 53 56 -0.000353394 3.63708 -10291.9
14 17 54 57 -0.000328883 3.65299 -11107.3
14 17 55 58 -0.000318481 3.81049 -11964.6
14 17 56 59 -0.000301276 3.87586 -12864.8
14 17 57 60 -0.000291556 4.02611 -13809
14 17 58 61 -0.000275369 4.07499 -14798.3
14 17 60 63 -0.000224912 3.80463 -16916.1
14 17 62 1 -0.0196055 3.89531 -198.685
14 17 63 2 -0.0223715 3.90507 -174.556
14 17 64 3 -0.0259423 3.92636 -151.35
15 18 16 19 3.5702 8.97289 2.51327
15 18 17 20 -0.877967 13.7911 -15.708
15 18 19 22 -1.93564 9.45931 -4.88692
15 18 20 23 -0.617156 8.61713 -13.9626
15 18 21 24 -0.272644 7.70882 -28.2743
15 18 22 25 -0.142535 6.96555 -48.8692
15 18 23 26 -0.078753 6.04779 -76.7945
15 18 24 27 -0.0477577 5.40127 -113.097
15 18 25 28 -0.0315065 5.00403 -158.825
15 18 26 29 -0.0223875 4.81385 -215.025
15 18 27 30 -0.0164688 4.65644 -282.743
15 18 28 31 -0.0123208 4.47279 -363.028
15 18 29 32 -0.0093689 4.2809 -456.927
15 18 30 33 -0.00734607 4.15411 -565.487
15 18 31 34 -0.00585647 4.03952 -689.754
15 18 32 35 -0.0048358 4.01747 -830.777
15 18 33 36 -0.0038865 3.84609 -989.602
15 18 34 37 -0.00321954 3.75809 -1167.28
15 18 35 38 -0.00261244 3.56558 -1364.85
15 18 36 39 -0.002213 3.50399 -1583.36
15 18 37 40 -0.00191202 3.48727 -1823.87
15 18 38 41 -0.00167891 3.50457 -2087.41
15 18 39 42 -0.00151371 3.59514 -2375.04
15 18 40 43 -0.00135104 3.63132 -2687.81
15 18 41 44 -0.00118872 3.59795 -3026.75
15 18 42 45 -0.00103968 3.52754 -3392.92
15 18 43 46 -0.000932683 3.53241 -3787.36
15 18 44 47 -0.000838872 3.5326 -4211.13
15 18 45 48 -0.000781298 3.64496 -4665.27
15 18 46 49 -0.000697643 3.59343 -5150.82
15 18 47 50 -0.000641045 3.63397 -5668.83
15 18 48 51 -0.000574252 3.57205 -6220.35
15 18 49 52 -0.000543962 3.70244 -6806.44
15 18 50 53 -0.000522598 3.88192 -7428.12
15 18 51 54 -0.000475072 3.84165 -8086.46
15 18 52 55 -0.000418051 3.67153 -8782.5
15 18 53 56 -0.000382922 3.64438 -9517.28
15 18 54 57 -0.000357044 3.67465 -10291.9
15 18 55 58 -0.000347262 3.85713 -11107.3
15 18 56 59 -0.000324484 3.88232 -11964.6
15 18 57 60 -0.000315879 4.06373 -12864.8
15 18 58 61 -0.000298062 4.11595 -13809
15 18 60 63 -0.000251222 3.97776 -15833.6
15 18 61 64 -0.000230336 3.89638 -16916.1
15 18 62 1 -0.0176659 3.94849 -223.51
15 18 63 2 -0.0199185 3.95749 -198.685
15 18 64 3 -0.0227798 3.97635 -174.556
16 19 17 20 3.69759 9.29305 2.51327
16 19 18 21 -0.775291 12.1782 -15.708
16 19 20 23 -2.05648 10.0498 -4.88692
16 19 21 24 -0.623459 8.70514 -13.9626
16 19 22 25 -0.275359 7.78558 -28.2743
16 19 23 26 -0.137001 6.69512 -48.8692
16 19 24 27 -0.0769159 5.90672 -76.7945
16 19 25 28 -0.0476589 5.3901 -113.097
16 19 26 29 -0.0322425 5.12091 -158.825
16 19 27 30 -0.0227766 4.89753 -215.025
16 19 28 31 -0.0164899 4.66241 -282.743
16 19 29 32 -0.0121646 4.41609 -363.028
16 19 30 33 -0.00930334 4.25095 -456.927
16 19 31 34 -0.00724115 4.09478 -565.487
16 19 32 35 -0.00587073 4.04936 -689.754
16 19 33 36 -0.00462715 3.84413 -830.777
16 19 34 37 -0.00378905 3.74965 -989.602
16 19 35 38 -0.00303327 3.54066 -1167.28
16 19 36 39 -0.002553 3.48445 -1364.85
16 19 37 40 -0.00218277 3.45612 -1583.36
16 19 38 41 -0.00190219 3.46934 -1823.87
16 19 39 42 -0.00170459 3.55818 -2087.41
16 19 40 43 -0.00150967 3.58554 -2375.04
16 19 41 44 -0.00131815 3.54293 -2687.81
16 19 42 45 -0.00114226 3.45733 -3026.75
16 19 43 46 -0.00102321 3.47167 -3392.92
16 19 44 47 -0.000926619 3.50944 -3787.36
16 19 45 48 -0.000859342 3.6188 -4211.13
16 19 46 49 -0.000761618 3.55315 -4665.27
16 19 47 50 -0.000697754 3.594 -5150.82
16 19 48 51 -0.000622129 3.52674 -5668.83
16 19 49 52 -0.000588871 3.66299 -6220.35
16 19 50 53 -0.000562083 3.82578 -6806.44
16 19 51 54 -0.000515099 3.82622 -7428.12
16 19 52 55 -0.000447763 3.62082 -8086.46
16 19 53 56 -0.000407752 3.58108 -8782.5
16 19 54 57 -0.000377639 3.5941 -9517.28
16 19 55 58 -0.000364167 3.74795 -10291.9
16 19 56 59 -0.000343305 3.81318 -11107.3
16 19 57 60 -0.000330273 3.95158 -11964.6
16 19 58 61 -0.000311222 4.00382 -12864.8
16 19 59 62 -0.000283777 3.91869 -13809
16 19 60 63 -0.000258616 3.82708 -14798.3
16 19 62 1 -0.0157539 3.91932 -248.784
16 19 63 2 -0.0175144 3.91465 -223.51
16 19 64 3 -0.0197256 3.91917 -198.685
17 20 18 21 3.67625 9.23941 2.51327
17 20 19 22 -0.925442 14.5368 -15.708
17 20 21 24 -1.93054 9.43438 -4.88692
17 20 22 25 -0.596928 8.33468 -13.9626
17 20 23 26 -0.253449 7.1661 -28.2743
17 20 24 27 -0.128905 6.29948 -48.8692
17 20 25 28 -0.0741234 5.69227 -76.7945
17 20 26 29 -0.0473983 5.36062 -113.097
17 20 27 30 -0.0319897 5.08076 -158.825
17 20 28 31 -0.0223099 4.79718 -215.025
17 20 29 32 -0.0159191 4.50102 -282.743
17 20 30 33 -0.0118284 4.29404 -363.028
17 20 31 34 -0.00899789 4.11138 -456.927
17 20 32 35 -0.00714938 4.04288 -565.487
17 20 33 36 -0.00552967 3.81412 -689.754
17 20 34 37 -0.00445836 3.70391 -830.777
17 20 35 38 -0.00351937 3.48277 -989.602
17 20 36 39 -0.00294033 3.43218 -1167.28
17 20 37 40 -0.00248967 3.39802 -1364.85
17 20 38 41 -0.0021513 3.40629 -1583.36
17 20 39 42 -0.00191383 3.49058 -1823.87
17 20 40 43 -0.00168461 3.51648 -2087.41
17 20 41 44 -0.00146248 3.47345 -2375.04
17 20 42 45 -0.00126052 3.38804 -2687.81
17 20 43 46 -0.00112389 3.40172 -3026.75
17 20 44 47 -0.000997237 3.38355 -3392.92
17 20 45 48 -0.000918746 3.47963 -3787.36
17 20 46 49 -0.000810539 3.41329 -4211.13
17 20 47 50 -0.000737505 3.44066 -4665.27
17 20 48 51 -0.000654533 3.37138 -5150.82
17 20 49 52 -0.000616423 3.4944 -5668.83
17 20 50 53 -0.000586016 3.64523 -6220.35
17 20 51 54 -0.000535364 3.64392 -6806.44
17 20 52 55 -0.000478429 3.55383 -7428.12
17 20 53 56 -0.000435211 3.51932 -8086.46
17 20 54 57 -0.00040196 3.53021 -8782.5
17 20 56 59 -0.00036351 3.74119 -10291.9
17 20 57 60 -0.000348615 3.87216 -11107.3
17 20 58 61 -0.000327474 3.91809 -11964.6
17 20 60 63 -0.000265858 3.67125 -13809
17 20 61 64 -0.000244371 3.61627 -14798.3
17 20 62 1 -0.0138007 3.78467 -274.238
17 20 63 2 -0.0151711 3.77432 -248.784
17 20 64 3 -0.0168634 3.76914 -223.51
18 21 19 22 3.60444 9.05895 2.51327
18 21 20 23 -0.786505 12.3544 -15.708
18 21 22 25 -1.94048 9.48297 -4.88692
18 21 23 26 -0.575134 8.03038 -13.9626
18 21 24 27 -0.248171 7.01688 -28.2743
18 21 25 28 -0.128205 6.26527 -48.8692
18 21 26 29 -0.0761212 5.84569 -76.7945
18 21 27 30 -0.0485429 5.49007 -113.097
18 21 28 31 -0.0323668 5.14065 -158.825
18 21 29 32 -0.022192 4.77182 -215.025
18 21 30 33 -0.0159492 4.50954 -282.743
18 21 31 34 -0.0117804 4.27662 -363.028
18 21 32 35 -0.00914717 4.17959 -456.927
18 21 33 36 -0.00691004 3.90754 -565.487
18 21 34 37 -0.0054881 3.78544 -689.754
18 21 35 38 -0.00426322 3.54178 -830.777
18 21 36 39 -0.00350804 3.47156 -989.602
18 21 37 40 -0.0029325 3.42304 -1167.28
18 21 38 41 -0.00251037 3.42627 -1364.85
18 21 39 42 -0.00221214 3.50262 -1583.36
18 21 40 43 -0.00192745 3.51541 -1823.87
18 21 41 44 -0.00165551 3.45573 -2087.41
18 21 42 45 -0.00141045 3.34988 -2375.04
18 21 43 46 -0.00125512 3.37352 -2687.81
18 21 44 47 -0.00111872 3.38608 -3026.75
18 21 45 48 -0.00102258 3.46953 -3392.92
18 21 46 49 -0.000894157 3.3865 -3787.36
18 21 47 50 -0.000804322 3.3871 -4211.13
18 21 48 51 -0.00070939 3.30949 -4665.27
18 21 49 52 -0.000664006 3.42017 -5150.82
18 21 50 53 -0.000627091 3.55487 -5668.83
18 21 51 54 -0.000577117 3.58987 -6220.35
18 21 52 55 -0.000522516 3.55647 -6806.44
18 21 53 56 -0.00047167 3.50362 -7428.12
18 21 54 57 -0.000431603 3.49014 -8086.46
18 21 55 58 -0.000413068 3.62777 -8782.5
18 21 56 59 -0.000393632 3.74631 -9517.28
18 21 57 60 -0.000373751 3.84659 -10291.9
18 21 58 61 -0.000350152 3.88923 -11107.3
18 21 61 64 -0.000270765 3.73901 -13809
18 21 62 1 -0.0124968 3.74386 -299.584
18 21 63 2 -0.013602 3.73017 -274.238
18 21 64 3 -0.0149563 3.72088 -248.784
19 22 20 23 3.77341 9.48362 2.51327
19 22 21 24 -0.757369 11.8967 -15.708
19 22 23 26 -1.94634 9.5116 -4.88692
19 22 24 27 -0.586555 8.18985 -13.9626
19 22 25 28 -0.253377 7.16408 -28.2743
19 22 26 29 -0.13526 6.61004 -48.8692
19 22 27 30 -0.0799264 6.13791 -76.7945
19 22 28 31 -0.0502962 5.68837 -113.097
19 22 29 32 -0.032818 5.21232 -158.825
19 22 30 33 -0.0225941 4.85829 -215.025
19 22 31 34 -0.0161476 4.56562 -282.743
19 22 32 35 -0.0121811 4.42208 -363.028
19 22 33 36 -0.00896782 4.09764 -456.927
19 22 34 37 -0.00696542 3.93885 -565.487
19 22 35 38 -0.00530902 3.66191 -689.754
19 22 36 39 -0.0042894 3.56353 -830.777
19 22 37 40 -0.00353496 3.4982 -989.602
19 22 38 41 -0.00298677 3.48638 -1167.28
19 22 39 42 -0.00259977 3.54829 -1364.85
19 22 40 43 -0.00224241 3.55055 -1583.36
19 22 41 44 -0.00190745 3.47894 -1823.87
19 22 42 45 -0.00161064 3.36207 -2087.41
19 22 43 46 -0.00142139 3.37586 -2375.04
19 22 44 47 -0.00127247 3.42015 -2687.81
19 22 45 48 -0.00115726 3.50272 -3026.75
19 22 46 49 -0.00100796 3.41992 -3392.92
19 22 47 50 -0.000905695 3.4302 -3787.36
19 22 48 51 -0.000795918 3.35171 -4211.13
19 22 49 52 -0.000743088 3.4667 -4665.27
19 22 50 53 -0.000698913 3.59997 -5150.82
19 22 51 54 -0.00063912 3.62306 -5668.83
19 22 52 55 -0.000563566 3.50558 -6220.35
19 22 53 56 -0.000507483 3.45415 -6806.44
19 22 54 57 -0.000462881 3.43834 -7428.12
19 22 55 58 -0.000440524 3.56228 -8086.46
19 22 56 59 -0.000415567 3.64972 -8782.5
19 22 57 60 -0.000394219 3.75189 -9517.28
19 22 58 61 -0.000367648 3.78378 -10291.9
19 22 59 62 -0.000330983 3.67632 -11107.3
19 22 61 64 -0.000287879 3.70351 -12864.8
19 22 62 1 -0.0116968 3.79587 -324.521
19 22 63 2 -0.0126083 3.77725 -299.584
19 22 64 3 -0.0137121 3.76037 -274.238
20 23 21 24 3.8118 9.58009 2.51327
20 23 22 25 -0.778886 12.2347 -15.708
20 23 24 27 -2.0743 10.1369 -4.88692
20 23 25 28 -0.604519 8.44068 -13.9626
20 23 26 29 -0.27288 7.7155 -28.2743
20 23 27 30 -0.145464 7.10869 -48.8692
20 23 28 31 -0.085363 6.5554 -76.7945
20 23 29 32 -0.0525436 5.94254 -113.097
20 23 30 33 -0.0344117 5.46544 -158.825
20 23 31 34 -0.0236635 5.08823 -215.025
20 23 32 35 -0.0172749 4.88435 -282.743
20 23 33 36 -0.0123499 4.48336 -363.028
20 23 34 37 -0.00935715 4.27554 -456.927
20 23 35 38 -0.00698104 3.94769 -565.487
20 23 36 39 -0.00554275 3.82313 -689.754
20 23 37 40 -0.00449722 3.73619 -830.777
20 23 38 41 -0.00374846 3.70949 -989.602
20 23 39 42 -0.00322646 3.76617 -1167.28
20 23 40 43 -0.00275752 3.76359 -1364.85
20 23 41 44 -0.00232898 3.68762 -1583.36
20 23 42 45 -0.00195367 3.56325 -1823.87
20 23 43 46 -0.00171137 3.57234 -2087.41
20 23 44 47 -0.00150269 3.56895 -2375.04
20 23 45 48 -0.00135711 3.64766 -2687.81
20 23 46 49 -0.00117535 3.55749 -3026.75
20 23 47 50 -0.00104859 3.5578 -3392.92
20 23 48 51 -0.000916413 3.47079 -3787.36
20 23 49 52 -0.000851466 3.58563 -4211.13
20 23 50 53 -0.000796941 3.71794 -4665.27
20 23 51 54 -0.000725791 3.73842 -5150.82
20 23 52 55 -0.000650216 3.68596 -5668.83
20 23 53 56 -0.000583901 3.63207 -6220.35
20 23 54 57 -0.000532124 3.62187 -6806.44
20 23 55 58 -0.000505211 3.75277 -7428.12
20 23 56 59 -0.000475195 3.84265 -8086.46
20 23 57 60 -0.000449852 3.95082 -8782.5
20 23 58 61 -0.000418366 3.98171 -9517.28
20 23 59 62 -0.00037718 3.88188 -10291.9
20 23 60 63 -0.000346063 3.84382 -11107.3
20 23 61 64 -0.000319364 3.82106 -11964.6
20 23 62 1 -0.0114947 4.00859 -348.735
20 23 63 2 -0.012277 3.98414 -324.521
20 23 64 3 -0.0132201 3.96055 -299.584
21 24 22 25 3.69405 9.28417 2.51327
21 24 23 26 -0.923141 14.5007 -15.708
21 24 25 28 -1.9726 9.63994 -4.88692
21 24 26 29 -0.615787 8.598 -13.9626
21 24 27 30 -0.278332 7.86967 -28.2743
21 24 28 31 -0.148375 7.25097 -48.8692
21 24 29 32 -0.0850338 6.53013 -76.7945
21 24 30 33 -0.0524964 5.93721 -113.097
21 24 31 34 -0.0345259 5.48358 -158.825
21 24 32 35 -0.0242863 5.22215 -215.025
21 24 33 36 -0.0167929 4.74809 -282.743
21 24 34 37 -0.0123688 4.49022 -363.028
21 24 35 38 -0.00900518 4.11471 -456.927
21 24 36 39 -0.00700443 3.96091 -565.487
21 24 37 40 -0.00558576 3.8528 -689.754
21 24 38 41 -0.00458461 3.80879 -830.777
21 24 39 42 -0.00389084 3.85038 -989.602
21 24 40 43 -0.00328805 3.83807 -1167.28
21 24 41 44 -0.00274804 3.75065 -1364.85
21 24 42 45 -0.00228609 3.61971 -1583.36
21 24 43 46 -0.0019829 3.61655 -1823.87
21 24 44 47 -0.00174219 3.63667 -2087.41
21 24 45 48 -0.00156609 3.71953 -2375.04
21 24 46 49 -0.00135 3.62854 -2687.81
21 24 47 50 -0.00120425 3.64495 -3026.75
21 24 48 51 -0.00104879 3.55848 -3392.92
21 24 49 52 -0.000973556 3.68721 -3787.36
21 24 50 53 -0.000909699 3.83086 -4211.13
21 24 51 54 -0.000825336 3.85041 -4665.27
21 24 52 55 -0.000726571 3.74243 -5150.82
21 24 53 56 -0.000650855 3.68959 -5668.83
21 24 54 57 -0.000592441 3.68519 -6220.35
21 24 55 58 -0.000562141 3.82618 -6806.44
21 24 56 59 -0.000526776 3.91296 -7428.12
21 24 57 60 -0.000499009 4.03522 -8086.46
21 24 58 61 -0.000464616 4.08049 -8782.5
21 24 60 63 -0.000381423 3.92555 -10291.9
21 24 61 64 -0.000350382 3.89179 -11107.3
21 24 62 1 -0.0108652 4.04081 -371.906
21 24 63 2 -0.0115202 4.01752 -348.735
21 24 64 3 -0.0123066 3.99377 -324.521
22 25 23 26 3.66067 9.20027 2.51327
22 25 24 27 -0.829477 13.0294 -15.708
22 25 26 29 -1.9518 9.53829 -4.88692
22 25 27 30 -0.604128 8.43521 -13.9626
22 25 28 31 -0.275091 7.77802 -28.2743
22 25 29 32 -0.142894 6.98313 -48.8692
22 25 30 33 -0.0818416 6.28498 -76.7945
22 25 31 34 -0.0509622 5.76369 -113.097
22 25 32 35 -0.0343088 5.44909 -158.825
22 25 33 36 -0.0227895 4.90031 -215.025
22 25 34 37 -0.0162556 4.59616 -282.743
22 25 35 38 -0.0114697 4.16383 -363.028
22 25 36 39 -0.00875628 4.00098 -456.927
22 25 37 40 -0.00684462 3.87054 -565.487
22 25 38 41 -0.00552246 3.80914 -689.754
22 25 39 42 -0.00462078 3.83884 -830.777
22 25 40 43 -0.00385677 3.81666 -989.602
22 25 41 44 -0.00319084 3.72459 -1167.28
22 25 42 45 -0.00262853 3.58755 -1364.85
22 25 43 46 -0.00226216 3.58182 -1583.36
22 25 44 47 -0.00197169 3.5961 -1823.87
22 25 45 48 -0.00176045 3.67479 -2087.41
22 25 46 49 -0.0015089 3.58371 -2375.04
22 25 47 50 -0.00133521 3.58878 -2687.81
22 25 48 51 -0.00115793 3.50478 -3026.75
22 25 49 52 -0.00106761 3.62233 -3392.92
22 25 50 53 -0.000996274 3.77325 -3787.36
22 25 51 54 -0.000897928 3.78129 -4211.13
22 25 52 55 -0.00078672 3.67026 -4665.27
22 25 53 56 -0.000702214 3.61697 -5150.82
22 25 54 57 -0.000637249 3.61246 -5668.83
22 25 55 58 -0.000602982 3.75076 -6220.35
22 25 56 59 -0.000563628 3.8363 -6806.44
22 25 57 60 -0.000532598 3.9562 -7428.12
22 25 58 61 -0.00049405 3.99512 -8086.46
22 25 59 62 -0.000444499 3.90381 -8782.5
22 25 60 63 -0.000397706 3.78508 -9517.28
22 25 62 1 -0.0103115 4.05977 -393.712
22 25 63 2 -0.0108532 4.03635 -371.906
22 25 64 3 -0.011505 4.0122 -348.735
23 26 24 27 3.73563 9.38866 2.51327
23 26 25 28 -0.788846 12.3912 -15.708
23 26 27 30 -1.91663 9.36644 -4.88692
23 26 28 31 -0.608151 8.49139 -13.9626
23 26 29 32 -0.268041 7.57867 -28.2743
23 26 30 33 -0.13767 6.7278 -48.8692
23 26 31 34 -0.0796135 6.11388 -76.7945
23 26 32 35 -0.0506837 5.73219 -113.097
23 26 33 36 -0.0320378 5.0884 -158.825
23 26 34 37 -0.0219346 4.71647 -215.025
23 26 35 38 -0.0149409 4.22443 -282.743
23 26 36 39 -0.0110707 4.019 -363.028
23 26 37 40 -0.00844015 3.85654 -456.927
23 26 38 41 -0.00666554 3.76927 -565.487
23 26 39 42 -0.00547431 3.77593 -689.754
23 26 40 43 -0.00449817 3.73698 -830.777
23 26 41 44 -0.00367001 3.63185 -989.602
23 26 42 45 -0.00298565 3.48508 -1167.28
23 26 43 46 -0.00254205 3.46951 -1364.85
23 26 44 47 -0.00219405 3.47398 -1583.36
23 26 45 48 -0.00194244 3.54275 -1823.87
23 26 46 49 -0.00165253 3.44951 -2087.41
23 26 47 50 -0.00145556 3.45701 -2375.04
23 26 48 51 -0.00125267 3.36694 -2687.81
23 26 49 52 -0.0011507 3.48289 -3026.75
23 26 50 53 -0.00106817 3.6242 -3392.92
23 26 51 54 -0.000960383 3.63732 -3787.36
23 26 52 55 -0.000840442 3.53921 -4211.13
23 26 53 56 -0.00074784 3.48887 -4665.27
23 26 54 57 -0.0006767 3.48556 -5150.82
23 26 55 58 -0.000639332 3.62426 -5668.83
23 26 56 59 -0.000596472 3.71027 -6220.35
23 26 57 60 -0.000562688 3.8299 -6806.44
23 26 58 61 -0.000522071 3.87801 -7428.12
23 26 60 63 -0.000422293 3.70879 -8782.5
23 26 61 64 -0.000385596 3.66983 -9517.28
23 26 62 1 -0.00932443 3.85883 -413.841
23 26 63 2 -0.00975182 3.83941 -393.712
23 26 64 3 -0.0102672 3.81841 -371.906
24 27 25 28 3.68711 9.26671 2.51327
24 27 26 29 -0.742989 11.6709 -15.708
24 27 28 31 -1.95371 9.54762 -4.88692
24 27 29 32 -0.606796 8.47246 -13.9626
24 27 30 33 -0.262706 7.42784 -28.2743
24 27 31 34 -0.137307 6.71008 -48.8692
24 27 32 35 -0.0815503 6.26262 -76.7945
24 27 33 36 -0.0485795 5.49421 -113.097
24 27 34 37 -0.0316785 5.03134 -158.825
24 27 35 38 -0.0207214 4.45561 -215.025
24 27 36 39 -0.0148164 4.18925 -282.743
24 27 37 40 -0.0109705 3.98262 -363.028
24 27 38 41 -0.00844935 3.86074 -456.927
24 27 39 42 -0.00679356 3.84167 -565.487
24 27 40 43 -0.00548327 3.78211 -689.754
24 27 41 44 -0.00440541 3.65991 -830.777
24 27 42 45 -0.00353086 3.49415 -989.602
24 27 43 46 -0.0029742 3.47171 -1167.28
24 27 44 47 -0.00253499 3.45988 -1364.85
24 27 45 48 -0.00222075 3.51625 -1583.36
24 27 46 49 -0.00187141 3.4132 -1823.87
24 27 47 50 -0.00163163 3.40588 -2087.41
24 27 48 51 -0.00139339 3.30935 -2375.04
24 27 49 52 -0.00127085 3.4158 -2687.81
24 27 50 53 -0.00117022 3.54195 -3026.75
24 27 51 54 -0.00104998 3.56251 -3392.92
24 27 52 55 -0.000928704 3.51734 -3787.36
24 27 53 56 -0.000821636 3.46002 -4211.13
24 27 54 57 -0.000739952 3.45207 -4665.27
24 27 55 58 -0.000695096 3.58031 -5150.82
24 27 56 59 -0.000648914 3.67858 -5668.83
24 27 57 60 -0.000608023 3.78212 -6220.35
24 27 58 61 -0.000562061 3.82563 -6806.44
24 27 59 62 -0.000500554 3.71818 -7428.12
24 27 60 63 -0.000446745 3.61259 -8086.46
24 27 61 64 -0.000408256 3.58551 -8782.5
24 27 62 1 -0.00894521 3.86425 -431.991
24 27 63 2 -0.00928587 3.84287 -413.841
24 27 64 3 -0.00970042 3.81917 -393.712
25 28 26 29 3.78812 9.52057 2.51327
25 28 27 30 -0.796556 12.5123 -15.708
25 28 29 32 -2.07015 10.1167 -4.88692
25 28 30 33 -0.60734 8.48006 -13.9626
25 28 31 34 -0.268256 7.58475 -28.2743
25 28 32 35 -0.144986 7.08535 -48.8692
25 28 33 36 -0.0802444 6.16233 -76.7945
25 28 34 37 -0.049338 5.57999 -113.097
25 28 35 38 -0.030735 4.88149 -158.825
25 28 36 39 -0.0210955 4.53606 -215.025
25 28 37 40 -0.0150934 4.26757 -282.743
25 28 38 41 -0.0112869 4.09747 -363.028
25 28 39 42 -0.0088473 4.04257 -456.927
25 28 40 43 -0.00699501 3.95558 -565.487
25 28 41 44 -0.00552104 3.80816 -689.754
25 28 42 45 -0.00435827 3.62075 -830.777
25 28 43 46 -0.00361593 3.57833 -989.602
25 28 44 47 -0.00304275 3.55173 -1167.28
25 28 45 48 -0.0026377 3.60006 -1364.85
25 28 46 49 -0.00220394 3.48964 -1583.36
25 28 47 50 -0.00191129 3.48594 -1823.87
25 28 48 51 -0.00162077 3.38322 -2087.41
25 28 49 52 -0.00146904 3.48905 -2375.04
25 28 50 53 -0.00134479 3.61453 -2687.81
25 28 51 54 -0.00119657 3.62172 -3026.75
25 28 52 55 -0.00104304 3.53894 -3392.92
25 28 53 56 -0.000919623 3.48295 -3787.36
25 28 54 57 -0.00082519 3.47498 -4211.13
25 28 55 58 -0.000773202 3.60719 -4665.27
25 28 56 59 -0.000715061 3.68315 -5150.82
25 28 57 60 -0.000670054 3.79842 -5668.83
25 28 58 61 -0.000616166 3.83277 -6220.35
25 28 59 62 -0.000550452 3.74662 -6806.44
25 28 60 63 -0.000501796 3.7274 -7428.12
25 28 61 64 -0.000455772 3.68558 -8086.46
25 28 62 1 -0.00854635 3.82773 -447.88
25 28 63 2 -0.00882486 3.81226 -431.991
25 28 64 3 -0.00915976 3.79069 -413.841
26 29 27 30 3.61007 9.07311 2.51327
26 29 28 31 -0.917566 14.4131 -15.708
26 29 30 33 -1.9293 9.42834 -4.88692
26 29 31 34 -0.590934 8.251 -13.9626
26 29 32 35 -0.276114 7.80693 -28.2743
26 29 33 36 -0.138953 6.79052 -48.8692
26 29 34 37 -0.0796492 6.11662 -76.7945
26 29 35 38 -0.0469153 5.30599 -113.097
26 29 36 39 -0.0307601 4.88548 -158.825
26 29 37 40 -0.0211785 4.55391 -215.025
26 29 38 41 -0.0153294 4.33428 -282.743
26 29 39 42 -0.0116852 4.24207 -363.028
26 29 40 43 -0.00902784 4.12507 -456.927
26 29 41 44 -0.0069836 3.94913 -565.487
26 29 42 45 -0.00541316 3.73375 -689.754
26 29 43 46 -0.00442653 3.67746 -830.777
26 29 44 47 -0.00370097 3.66249 -989.602
26 29 45 48 -0.00317371 3.70459 -1167.28
26 29 46 49 -0.00262736 3.58594 -1364.85
26 29 47 50 -0.00225823 3.57561 -1583.36
26 29 48 51 -0.0019028 3.47046 -1823.87
26 29 49 52 -0.00171451 3.57888 -2087.41
26 29 50 53 -0.00156544 3.71799 -2375.04
26 29 51 54 -0.00138574 3.7246 -2687.81
26 29 52 55 -0.0011919 3.60758 -3026.75
26 29 53 56 -0.00104489 3.54522 -3392.92
26 29 54 57 -0.000933222 3.53445 -3787.36
26 29 55 58 -0.000870467 3.66565 -4211.13
26 29 56 59 -0.000804444 3.75294 -4665.27
26 29 57 60 -0.000751141 3.86899 -5150.82
26 29 58 61 -0.000690985 3.91708 -5668.83
26 29 59 62 -0.000612733 3.81142 -6220.35
26 29 60 63 -0.000554415 3.77359 -6806.44
26 29 61 64 -0.000503177 3.73766 -7428.12
26 29 62 1 -0.00851118 3.92583 -461.255
26 29 63 2 -0.00873421 3.91187 -447.88
26 29 64 3 -0.00901254 3.89333 -431.991
27 30 28 31 3.66296 9.20603 2.51327
27 30 29 32 -0.719939 11.3088 -15.708
27 30 31 34 -1.93268 9.44487 -4.88692
27 30 32 35 -0.640675 8.94551 -13.9626
27 30 33 36 -0.274277 7.75499 -28.2743
27 30 34 37 -0.141611 6.92042 -48.8692
27 30 35 38 -0.0772055 5.92896 -76.7945
27 30 36 39 -0.047687 5.39327 -113.097
27 30 37 40 -0.0312488 4.96309 -158.825
27 30 38 41 -0.0216986 4.66574 -215.025
27 30 39 42 -0.0159681 4.51489 -282.743
27 30 40 43 -0.0119888 4.35229 -363.028
27 30 41 44 -0.00905073 4.13552 -456.927
27 30 42 45 -0.00686838 3.88398 -565.487
27 30 43 46 -0.00551469 3.80378 -689.754
27 30 44 47 -0.00451884 3.75415 -830.777
27 30 45 48 -0.00382007 3.78034 -989.602
27 30 46 49 -0.00312412 3.64671 -1167.28
27 30 47 50 -0.00265864 3.62864 -1364.85
27 30 48 51 -0.00221586 3.50851 -1583.36
27 30 49 52 -0.00198207 3.61504 -1823.87
27 30 50 53 -0.00179329 3.74334 -2087.41
27 30 51 54 -0.00157871 3.74951 -2375.04
27 30 52 55 -0.00135514 3.64237 -2687.81
27 30 53 56 -0.00118114 3.575 -3026.75
27 30 54 57 -0.00105046 3.56414 -3392.92
27 30 55 58 -0.000974817 3.69199 -3787.36
27 30 56 59 -0.000895172 3.76969 -4211.13
27 30 57 60 -0.00083233 3.88304 -4665.27
27 30 58 61 -0.000762831 3.9292 -5150.82
27 30 59 62 -0.000675473 3.82914 -5668.83
27 30 60 63 -0.000605362 3.76557 -6220.35
27 30 61 64 -0.000546708 3.72113 -6806.44
27 30 62 1 -0.00858712 4.05225 -471.898
27 30 63 2 -0.00875676 4.0391 -461.255
27 30 64 3 -0.00898011 4.02201 -447.88
28 31 29 32 3.92533 9.86542 2.51327
28 31 30 33 -0.737925 11.5913 -15.708
28 31 32 35 -2.06701 10.1013 -4.88692
28 31 33 36 -0.633815 8.84973 -13.9626
28 31 34 37 -0.27874 7.88119 -28.2743
28 31 35 38 -0.136992 6.69468 -48.8692
28 31 36 39 -0.0785485 6.03209 -76.7945
28 31 37 40 -0.0484628 5.48101 -113.097
28 31 38 41 -0.0320055 5.08327 -158.825
28 31 39 42 -0.0225733 4.85381 -215.025
28 31 40 43 -0.0163641 4.62685 -282.743
28 31 41 44 -0.0119888 4.35228 -363.028
28 31 42 45 -0.0088553 4.04623 -456.927
28 31 43 46 -0.00695828 3.93481 -565.487
28 31 44 47 -0.00561798 3.87502 -689.754
28 31 45 48 -0.00467038 3.88004 -830.777
28 31 46 49 -0.00376441 3.72526 -989.602
28 31 47 50 -0.00316105 3.68982 -1167.28
28 31 48 51 -0.00260543 3.55601 -1364.85
28 31 49 52 -0.00230618 3.65152 -1583.36
28 31 50 53 -0.00206858 3.77282 -1823.87
28 31 51 54 -0.00180939 3.77695 -2087.41
28 31 52 55 -0.00154459 3.66846 -2375.04
28 31 53 56 -0.00133583 3.59044 -2687.81
28 31 54 57 -0.00117821 3.56615 -3026.75
28 31 55 58 -0.00108658 3.6867 -3392.92
28 31 56 59 -0.000994076 3.76493 -3787.36
28 31 57 60 -0.000918954 3.86984 -4211.13
28 31 58 61 -0.000835782 3.89914 -4665.27
28 31 59 62 -0.000736264 3.79236 -5150.82
28 31 60 63 -0.00066132 3.74891 -5668.83
28 31 62 1 -0.0086396 4.14383 -479.632
28 31 63 2 -0.00876072 4.13417 -471.898
28 31 64 3 -0.00893094 4.11944 -461.255
29 32 30 33 3.57127 8.97558 2.51327
29 32 31 34 -0.908055 14.2637 -15.708
29 32 33 36 -1.91213 9.34441 -4.88692
29 32 34 37 -0.612434 8.55119 -13.9626
29 32 35 38 -0.257836 7.29014 -28.2743
29 32 36 39 -0.134497 6.57276 -48.8692
29 32 37 40 -0.0772605 5.93318 -76.7945
29 32 38 41 -0.0481774 5.44874 -113.097
29 32 39 42 -0.0324016 5.14618 -158.825
29 32 40 43 -0.0225928 4.85801 -215.025
29 32 41 44 -0.0160147 4.52804 -282.743
29 32 42 45 -0.0114879 4.17042 -363.028
29 32 43 46 -0.00881063 4.02582 -456.927
29 32 44 47 -0.00698801 3.95162 -565.487
29 32 45 48 -0.00570762 3.93686 -689.754
29 32 46 49 -0.00453273 3.76569 -830.777
29 32 47 50 -0.003757 3.71793 -989.602
29 32 48 51 -0.00306128 3.57336 -1167.28
29 32 49 52 -0.00268369 3.66283 -1364.85
29 32 50 53 -0.0023881 3.78123 -1583.36
29 32 51 54 -0.00207346 3.78172 -1823.87
29 32 52 55 -0.00175969 3.67319 -2087.41
29 32 53 56 -0.00151248 3.59221 -2375.04
29 32 54 57 -0.00132728 3.56747 -2687.81
29 32 55 58 -0.00121678 3.68287 -3026.75
29 32 56 59 -0.00110952 3.76451 -3392.92
29 32 57 60 -0.00102128 3.86796 -3787.36
29 32 58 61 -0.000926652 3.90225 -4211.13
29 32 59 62 -0.000813021 3.79296 -4665.27
29 32 60 63 -0.000726157 3.7403 -5150.82
29 32 61 64 -0.000654521 3.71037 -5668.83
29 32 62 1 -0.00852378 4.12829 -484.326
29 32 63 2 -0.00859451 4.1222 -479.632
29 32 64 3 -0.00871336 4.11182 -471.898
30 33 31 34 3.62757 9.11707 2.51327
30 33 32 35 -0.738733 11.604 -15.708
30 33 34 37 -1.95422 9.55011 -4.88692
30 33 35 38 -0.583287 8.14422 -13.9626
30 33 36 39 -0.261008 7.37982 -28.2743
30 33 37 40 -0.135639 6.62855 -48.8692
30 33 38 41 -0.0785805 6.03455 -76.7945
30 33 39 42 -0.0498141 5.63384 -113.097
30 33 40 43 -0.0331319 5.26217 -158.825
30 33 41 44 -0.0225673 4.85252 -215.025
30 33 42 45 -0.0156346 4.42057 -282.743
30 33 43 46 -0.0116511 4.22968 -363.028
30 33 44 47 -0.0090067 4.11541 -456.927
30 33 45 48 -0.00720093 4.07203 -565.487
30 33 46 49 -0.00561581 3.87353 -689.754
30 33 47 50 -0.00458559 3.8096 -830.777
30 33 48 51 -0.00368124 3.64296 -989.602
30 33 49 52 -0.00319056 3.72426 -1167.28
30 33 50 53 -0.00281253 3.83867 -1364.85
30 33 51 54 -0.00242146 3.83405 -1583.36
30 33 52 55 -0.00203812 3.71726 -1823.87
30 33 53 56 -0.00173567 3.62305 -2087.41
30 33 54 57 -0.00151194 3.59093 -2375.04
30 33 55 58 -0.00137501 3.69575 -2687.81
30 33 56 59 -0.00124543 3.7696 -3026.75
30 33 57 60 -0.00114087 3.87088 -3392.92
30 33 58 61 -0.0010303 3.90212 -3787.36
30 33 59 62 -0.00089835 3.78307 -4211.13
30 33 60 63 -0.000810607 3.7817 -4665.27
30 33 61 64 -0.000727267 3.74602 -5150.82
30 33 62 1 -0.00843111 4.09668 -485.9
30 33 63 2 -0.00845619 4.09556 -484.326
30 33 64 3 -0.00851275 4.08299 -479.632
31 34 32 35 3.63611 9.13855 2.51327
31 34 33 36 -0.776726 12.2008 -15.708
31 34 35 38 -1.80926 8.84174 -4.88692
31 34 36 39 -0.582599 8.13462 -13.9626
31 34 37 40 -0.258317 7.30374 -28.2743
31 34 38 41 -0.135246 6.60938 -48.8692
31 34 39 42 -0.0794877 6.10422 -76.7945
31 34 40 43 -0.0498631 5.63939 -113.097
31 34 41 44 -0.0323409 5.13655 -158.825
31 34 42 45 -0.021478 4.61829 -215.025
31 34 43 46 -0.0154607 4.37141 -282.743
31 34 44 47 -0.0116235 4.21967 -363.028
31 34 45 48 -0.00906252 4.14091 -456.927
31 34 46 49 -0.0069209 3.91367 -565.487
31 34 47 50 -0.00554987 3.82804 -689.754
31 34 48 51 -0.00438429 3.64236 -830.777
31 34 49 52 -0.00375014 3.71114 -989.602
31 34 50 53 -0.00326533 3.81155 -1167.28
31 34 51 54 -0.0027865 3.80315 -1364.85
31 34 52 55 -0.00235077 3.72212 -1583.36
31 34 53 56 -0.00198654 3.62319 -1823.87
31 34 54 57 -0.00171997 3.59029 -2087.41
31 34 55 58 -0.00155401 3.69083 -2375.04
31 34 56 59 -0.0014062 3.77958 -2687.81
31 34 57 60 -0.00127859 3.86998 -3026.75
31 34 58 61 -0.00115115 3.90576 -3392.92
31 34 59 62 -0.000998868 3.78308 -3787.36
31 34 60 63 -0.000882066 3.71449 -4211.13
31 34 61 64 -0.000789176 3.68172 -4665.27
31 34 62 1 -0.00844291 4.08912 -484.326
31 34 63 2 -0.00841897 4.09077 -485.9
31 34 64 3 -0.00842067 4.07835 -484.326
32 35 33 36 3.79279 9.53233 2.51327
32 35 34 37 -0.604432 9.49439 -15.708
32 35 36 39 -2.08009 10.1652 -4.88692
32 35 37 40 -0.624679 8.72217 -13.9626
32 35 38 41 -0.275803 7.79814 -28.2743
32 35 39 42 -0.145718 7.12111 -48.8692
32 35 40 43 -0.0847039 6.5048 -76.7945
32 35 41 44 -0.0516517 5.84167 -113.097
32 35 42 45 -0.0325588 5.17114 -158.825
32 35 43 46 -0.0224475 4.82677 -215.025
32 35 44 47 -0.0162956 4.60746 -282.743
32 35 45 48 -0.0123167 4.47133 -363.028
32 35 46 49 -0.00916713 4.18871 -456.927
32 35 47 50 -0.00719842 4.07061 -565.487
32 35 48 51 -0.00557883 3.84802 -689.754
32 35 49 52 -0.00469948 3.90422 -830.777
32 35 50 53 -0.00403023 3.98832 -989.602
32 35 51 54 -0.00339196 3.95936 -1167.28
32 35 52 55 -0.00282522 3.856 -1364.85
32 35 53 56 -0.00237071 3.75369 -1583.36
32 35 54 57 -0.00203849 3.71794 -1823.87
32 35 55 58 -0.00182222 3.80372 -2087.41
32 35 56 59 -0.00163397 3.88076 -2375.04
32 35 57 60 -0.00147626 3.96791 -2687.81
32 35 58 61 -0.00132175 4.00059 -3026.75
32 35 59 62 -0.00114102 3.87138 -3392.92
32 35 60 63 -0.00101368 3.83918 -3787.36
32 35 61 64 -0.000903422 3.80443 -4211.13
32 35 62 1 -0.00858402 4.11717 -479.632
32 35 63 2 -0.00850811 4.1207 -484.326
32 35 64 3 -0.00844089 4.10143 -485.9
33 36 34 37 3.63855 9.14468 2.51327
33 36 35 38 -0.957271 15.0368 -15.708
33 36 37 40 -1.89807 9.27571 -4.88692
33 36 38 41 -0.593706 8.2897 -13.9626
33 36 39 42 -0.268045 7.57881 -28.2743
33 36 40 43 -0.141609 6.92033 -48.8692
33 36 41 44 -0.0804626 6.17909 -76.7945
33 36 42 45 -0.0478589 5.41272 -113.097
33 36 43 46 -0.0314855 5.00069 -158.825
33 36 44 47 -0.021987 4.72775 -215.025
33 36 45 48 -0.0160614 4.54126 -282.743
33 36 46 49 -0.0116314 4.22253 -363.028
33 36 47 50 -0.00893114 4.08088 -456.927
33 36 48 51 -0.00678162 3.83491 -565.487
33 36 49 52 -0.0056216 3.87752 -689.754
33 36 50 53 -0.00475046 3.94657 -830.777
33 36 51 54 -0.00394716 3.90612 -989.602
33 36 52 55 -0.00324395 3.78659 -1167.28
33 36 53 56 -0.00269575 3.67928 -1364.85
33 36 54 57 -0.0022979 3.63841 -1583.36
33 36 55 58 -0.00203626 3.71387 -1823.87
33 36 56 59 -0.00181137 3.78107 -2087.41
33 36 57 60 -0.00162657 3.86318 -2375.04
33 36 58 61 -0.00144681 3.88875 -2687.81
33 36 59 62 -0.0012443 3.76619 -3026.75
33 36 60 63 -0.00108437 3.67917 -3392.92
33 36 61 64 -0.000959091 3.63243 -3787.36
33 36 62 1 -0.00882201 4.16309 -471.898
33 36 63 2 -0.00869621 4.17098 -479.632
33 36 64 3 -0.00862327 4.17647 -484.326
34 37 35 38 3.41256 8.5767 2.51327
34 37 36 39 -0.776824 12.2023 -15.708
34 37 38 41 -1.87308 9.15358 -4.88692
34 37 39 42 -0.591699 8.26168 -13.9626
34 37 40 43 -0.265763 7.51426 -28.2743
34 37 41 44 -0.136567 6.67394 -48.8692
34 37 42 45 -0.0753759 5.78845 -76.7945
34 37 43 46 -0.0468186 5.29506 -113.097
34 37 44 47 -0.0312534 4.96382 -158.825
34 37 45 48 -0.0219459 4.71892 -215.025
34 37 46 49 -0.0153731 4.34665 -282.743
34 37 47 50 -0.0114897 4.17111 -363.028
34 37 48 51 -0.00851205 3.88939 -456.927
34 37 49 52 -0.00692178 3.91418 -565.487
34 37 50 53 -0.00575623 3.97038 -689.754
34 37 51 54 -0.00472003 3.92129 -830.777
34 37 52 55 -0.00381856 3.77886 -989.602
34 37 53 56 -0.00313001 3.65358 -1167.28
34 37 54 57 -0.00263807 3.60057 -1364.85
34 37 55 58 -0.00232675 3.68409 -1583.36
34 37 56 59 -0.00205285 3.74413 -1823.87
34 37 57 60 -0.00183041 3.82082 -2087.41
34 37 58 61 -0.00161701 3.84047 -2375.04
34 37 59 62 -0.0013809 3.71158 -2687.81
34 37 60 63 -0.00122705 3.71399 -3026.75
34 37 61 64 -0.00108261 3.67322 -3392.92
34 37 62 1 -0.00854756 3.94261 -461.255
34 37 63 2 -0.00836916 3.94939 -471.898
34 37 64 3 -0.00822274 3.94389 -479.632
35 38 36 39 3.70566 9.31333 2.51327
35 38 37 40 -0.712153 11.1865 -15.708
35 38 39 42 -1.86139 9.09648 -4.88692
35 38 40 43 -0.582959 8.13964 -13.9626
35 38 41 44 -0.253003 7.15348 -28.2743
35 38 42 45 -0.125333 6.12495 -48.8692
35 38 43 46 -0.0722174 5.5459 -76.7945
35 38 44 47 -0.0455285 5.14915 -113.097
35 38 45 48 -0.0304403 4.83468 -158.825
35 38 46 49 -0.0204843 4.40463 -215.025
35 38 47 50 -0.0148209 4.19051 -282.743
35 38 48 51 -0.0106628 3.87092 -363.028
35 38 49 52 -0.00847746 3.87358 -456.927
35 38 50 53 -0.00692435 3.91562 -565.487
35 38 51 54 -0.00559317 3.85791 -689.754
35 38 52 55 -0.0044563 3.70219 -830.777
35 38 53 56 -0.00359719 3.55978 -989.602
35 38 54 57 -0.00299162 3.49205 -1167.28
35 38 55 58 -0.00261457 3.56849 -1364.85
35 38 56 59 -0.00228662 3.62056 -1583.36
35 38 57 60 -0.00202221 3.68824 -1823.87
35 38 58 61 -0.00177498 3.70511 -2087.41
35 38 59 62 -0.00150435 3.5729 -2375.04
35 38 60 63 -0.00132455 3.56014 -2687.81
35 38 61 64 -0.0011622 3.51768 -3026.75
35 38 62 1 -0.00855834 3.83311 -447.88
35 38 63 2 -0.00832893 3.84176 -461.255
35 38 64 3 -0.00814357 3.84294 -471.898
36 39 37 40 3.53965 8.8961 2.51327
36 39 38 41 -0.74759 11.7431 -15.708
36 39 40 43 -1.87624 9.16901 -4.88692
36 39 41 44 -0.56889 7.9432 -13.9626
36 39 42 45 -0.236674 6.69179 -28.2743
36 39 43 46 -0.123088 6.01522 -48.8692
36 39 44 47 -0.0720604 5.53384 -76.7945
36 39 45 48 -0.0453844 5.13286 -113.097
36 39 46 49 -0.0291134 4.62394 -158.825
36 39 47 50 -0.0202764 4.35992 -215.025
36 39 48 51 -0.0140965 3.98568 -282.743
36 39 49 52 -0.0109204 3.9644 -363.028
36 39 50 53 -0.00873133 3.98958 -456.927
36 39 51 54 -0.00692655 3.91687 -565.487
36 39 52 55 -0.00544517 3.75583 -689.754
36 39 53 56 -0.00432564 3.59364 -830.777
36 39 54 57 -0.00354784 3.51095 -989.602
36 39 55 58 -0.00307734 3.59211 -1167.28
36 39 56 59 -0.00267108 3.64562 -1364.85
36 39 57 60 -0.00234907 3.71943 -1583.36
36 39 58 61 -0.00205218 3.74291 -1823.87
36 39 59 62 -0.00172857 3.60824 -2087.41
36 39 60 63 -0.00148376 3.52399 -2375.04
36 39 61 64 -0.00129545 3.48192 -2687.81
36 39 62 1 -0.00893658 3.86052 -431.991
36 39 63 2 -0.00865337 3.87567 -447.88
36 39 64 3 -0.00841188 3.88002 -461.255
37 40 38 41 3.59911 9.04555 2.51327
37 40 39 42 -0.787691 12.373 -15.708
37 40 41 44 -1.95717 9.56453 -4.88692
37 40 42 45 -0.542481 7.57447 -13.9626
37 40 43 46 -0.236791 6.69509 -28.2743
37 40 44 47 -0.124681 6.09308 -48.8692
37 40 45 48 -0.0725098 5.56835 -76.7945
37 40 46 49 -0.0437529 4.94833 -113.097
37 40 47 50 -0.0290668 4.61654 -158.825
37 40 48 51 -0.019378 4.16675 -215.025
37 40 49 52 -0.0145416 4.11154 -282.743
37 40 50 53 -0.0113195 4.10931 -363.028
37 40 51 54 -0.00877628 4.01012 -456.927
37 40 52 55 -0.00677556 3.83149 -565.487
37 40 53 56 -0.0052907 3.64928 -689.754
37 40 54 57 -0.00427471 3.55133 -830.777
37 40 55 58 -0.00365277 3.61479 -989.602
37 40 56 59 -0.00312931 3.65277 -1167.28
37 40 57 60 -0.00272723 3.72226 -1364.85
37 40 58 61 -0.00235783 3.7333 -1583.36
37 40 59 62 -0.00197335 3.59914 -1823.87
37 40 60 63 -0.00169908 3.54668 -2087.41
37 40 61 64 -0.00147139 3.49463 -2375.04
37 40 62 1 -0.0090788 3.75718 -413.841
37 40 63 2 -0.00872629 3.76968 -431.991
37 40 64 3 -0.0084232 3.77258 -447.88
38 41 39 42 3.46907 8.71872 2.51327
38 41 40 43 -0.859868 13.5068 -15.708
38 41 42 45 -1.82011 8.89475 -4.88692
38 41 43 46 -0.551546 7.70103 -13.9626
38 41 44 47 -0.244052 6.9004 -28.2743
38 41 45 48 -0.12682 6.19759 -48.8692
38 41 46 49 -0.070665 5.42668 -76.7945
38 41 47 50 -0.0442684 5.00664 -113.097
38 41 48 51 -0.02803 4.45186 -158.825
38 41 49 52 -0.0202491 4.35405 -215.025
38 41 50 53 -0.0152661 4.31639 -282.743
38 41 51 54 -0.011531 4.18609 -363.028
38 41 52 55 -0.008706 3.97801 -456.927
38 41 53 56 -0.00666207 3.76731 -565.487
38 41 54 57 -0.00528978 3.64864 -689.754
38 41 55 58 -0.00444968 3.69669 -830.777
38 41 56 59 -0.00376261 3.72349 -989.602
38 41 57 60 -0.00324839 3.79177 -1167.28
38 41 58 61 -0.00278255 3.79776 -1364.85
38 41 59 62 -0.00230929 3.65645 -1583.36
38 41 60 63 -0.00196156 3.57762 -1823.87
38 41 61 64 -0.00168582 3.519 -2087.41
38 41 62 1 -0.0098183 3.86559 -393.712
38 41 63 2 -0.00938668 3.8846 -413.841
38 41 64 3 -0.0090173 3.89539 -431.991
39 42 40 43 3.72555 9.36333 2.51327
39 42 41 44 -0.678039 10.6506 -15.708
39 42 43 46 -2.03285 9.9344 -4.88692
39 42 44 47 -0.605656 8.45656 -13.9626
39 42 45 48 -0.259406 7.33454 -28.2743
39 42 46 49 -0.128314 6.2706 -48.8692
39 42 47 50 -0.0741253 5.69241 -76.7945
39 42 48 51 -0.0438871 4.96351 -113.097
39 42 49 52 -0.0302074 4.7977 -158.825
39 42 50 53 -0.0218794 4.70461 -215.025
39 42 51 54 -0.0159966 4.52294 -282.743
39 42 52 55 -0.0117448 4.26369 -363.028
39 42 53 56 -0.00877116 4.00778 -456.927
39 42 54 57 -0.00682927 3.86186 -565.487
39 42 55 58 -0.00563443 3.88637 -689.754
39 42 56 59 -0.00468852 3.89511 -830.777
39 42 57 60 -0.00398609 3.94465 -989.602
39 42 58 61 -0.00337207 3.93613 -1167.28
39 42 59 62 -0.00276728 3.77692 -1364.85
39 42 60 63 -0.00235699 3.73198 -1583.36
39 42 61 64 -0.00201119 3.66815 -1823.87
39 42 62 1 -0.0106408 3.95738 -371.906
39 42 63 2 -0.0100998 3.97641 -393.712
39 42 64 3 -0.00962373 3.9827 -413.841
40 43 41 44 3.84515 9.66393 2.51327
40 43 42 45 -0.9255 14.5377 -15.708
40 43 44 47 -2.08197 10.1744 -4.88692
40 43 45 48 -0.60174 8.40188 -13.9626
40 43 46 49 -0.247293 6.99205 -28.2743
40 43 47 50 -0.128094 6.25987 -48.8692
40 43 48 51 -0.0697219 5.35426 -76.7945
40 43 49 52 -0.0452925 5.12246 -113.097
40 43 50 53 -0.031316 4.97376 -158.825
40 43 51 54 -0.0220502 4.74134 -215.025
40 43 52 55 -0.0157157 4.44351 -282.743
40 43 53 56 -0.0114162 4.14442 -363.028
40 43 54 57 -0.00869247 3.97182 -456.927
40 43 55 58 -0.0070382 3.98001 -565.487
40 43 56 59 -0.00575741 3.97119 -689.754
40 43 57 60 -0.00482675 4.00995 -830.777
40 43 58 61 -0.00403996 3.99795 -989.602
40 43 59 62 -0.00328687 3.83669 -1167.28
40 43 60 63 -0.00276801 3.77792 -1364.85
40 43 61 64 -0.00234005 3.70515 -1583.36
40 43 62 1 -0.0113339 3.95253 -348.735
40 43 63 2 -0.0106742 3.96978 -371.906
40 43 64 3 -0.0100984 3.97586 -393.712
41 44 42 45 3.47402 8.73115 2.51327
41 44 43 46 -1.0294 16.1698 -15.708
41 44 45 48 -1.92438 9.4043 -4.88692
41 44 46 49 -0.545026 7.60999 -13.9626
41 44 47 50 -0.238285 6.73736 -28.2743
41 44 48 51 -0.115661 5.65226 -48.8692
41 44 49 52 -0.0698466 5.36383 -76.7945
41 44 50 53 -0.0456433 5.16213 -113.097
41 44 51 54 -0.0307337 4.88128 -158.825
41 44 52 55 -0.021094 4.53573 -215.025
41 44 53 56 -0.0148312 4.19343 -282.743
41 44 54 57 -0.0110014 3.99381 -363.028
41 44 55 58 -0.00871648 3.9828 -456.927
41 44 56 59 -0.00699226 3.95403 -565.487
41 44 57 60 -0.0057658 3.97699 -689.754
41 44 58 61 -0.00475969 3.95424 -830.777
41 44 59 62 -0.00382703 3.78724 -989.602
41 44 60 63 -0.00319856 3.7336 -1167.28
41 44 61 64 -0.00268026 3.65815 -1364.85
41 44 62 1 -0.0118318 3.83966 -324.521
41 44 63 2 -0.011053 3.85456 -348.735
41 44 64 3 -0.0103636 3.85427 -371.906
42 45 43 46 3.5424 8.90303 2.51327
42 45 44 47 -0.815666 12.8125 -15.708
42 45 46 49 -1.77808 8.68935 -4.88692
42 45 47 50 -0.536823 7.49547 -13.9626
42 45 48 51 -0.215294 6.08729 -28.2743
42 45 49 52 -0.117049 5.72007 -48.8692
42 45 50 53 -0.0709029 5.44495 -76.7945
42 45 51 54 -0.0449654 5.08546 -113.097
42 45 52 55 -0.0295119 4.68722 -158.825
42 45 53 56 -0.0199249 4.28434 -215.025
42 45 54 57 -0.0143102 4.04612 -282.743
42 45 55 58 -0.0110351 4.00606 -363.028
42 45 56 59 -0.00864454 3.94993 -456.927
42 45 57 60 -0.00699491 3.95553 -565.487
42 45 58 61 -0.00568249 3.91952 -689.754
42 45 59 62 -0.00451077 3.74744 -830.777
42 45 60 63 -0.00369688 3.65843 -989.602
42 45 61 64 -0.00305902 3.57072 -1167.28
42 45 62 1 -0.0128039 3.83583 -299.584
42 45 63 2 -0.0118864 3.8574 -324.521
42 45 64 3 -0.0111159 3.8765 -348.735
43 46 44 47 3.87166 9.73054 2.51327
43 46 45 48 -0.694773 10.9135 -15.708
43 46 47 50 -1.98789 9.71467 -4.88692
43 46 48 51 -0.511125 7.13665 -13.9626
43 46 49 52 -0.231712 6.55151 -28.2743
43 46 50 53 -0.125384 6.1274 -48.8692
43 46 51 54 -0.0734054 5.63713 -76.7945
43 46 52 55 -0.0453217 5.12577 -113.097
43 46 53 56 -0.0290631 4.61595 -158.825
43 46 54 57 -0.0200416 4.30943 -215.025
43 46 55 58 -0.0149518 4.22752 -282.743
43 46 56 59 -0.0113845 4.13291 -363.028
43 46 57 60 -0.00901194 4.1178 -456.927
43 46 58 61 -0.00718414 4.06253 -565.487
43 46 59 62 -0.00561073 3.87003 -689.754
43 46 60 63 -0.00453448 3.76714 -830.777
43 46 61 64 -0.00370512 3.6666 -989.602
43 46 62 1 -0.013881 3.8067 -274.238
43 46 63 2 -0.012755 3.82121 -299.584
43 46 64 3 -0.0118024 3.83014 -324.521
44 47 45 48 3.38027 8.49555 2.51327
44 47 46 49 -0.964575 15.1515 -15.708
44 47 48 51 -1.65785 8.10178 -4.88692
44 47 49 52 -0.525158 7.33259 -13.9626
44 47 50 53 -0.239184 6.76275 -28.2743
44 47 51 54 -0.125657 6.14075 -48.8692
44 47 52 55 -0.0719673 5.52669 -76.7945
44 47 53 56 -0.0433958 4.90795 -113.097
44 47 54 57 -0.0285325 4.53168 -158.825
44 47 55 58 -0.0204822 4.40418 -215.025
44 47 56 59 -0.015099 4.26915 -282.743
44 47 57 60 -0.011646 4.22784 -363.028
44 47 58 61 -0.00906722 4.14306 -456.927
44 47 59 62 -0.00694192 3.92556 -565.487
44 47 60 63 -0.00554214 3.82271 -689.754
44 47 61 64 -0.00447397 3.71687 -830.777
44 47 62 1 -0.0154495 3.84359 -248.784
44 47 63 2 -0.0140582 3.8553 -274.238
44 47 64 3 -0.012915 3.86915 -299.584
45 48 46 49 3.47058 8.72253 2.51327
45 48 47 50 -0.567077 8.90762 -15.708
45 48 49 52 -1.86265 9.10262 -4.88692
45 48 50 53 -0.579777 8.09521 -13.9626
45 48 51 54 -0.253482 7.16702 -28.2743
45 48 52 55 -0.129724 6.33953 -48.8692
45 48 53 56 -0.0719079 5.52213 -76.7945
45 48 54 57 -0.0444058 5.02217 -113.097
45 48 55 58 -0.030351 4.8205 -158.825
45 48 56 59 -0.0214747 4.61759 -215.025
45 48 57 60 -0.0160395 4.53505 -282.743
45 48 58 61 -0.012159 4.41405 -363.028
45 48 59 62 -0.009092 4.15438 -456.927
45 48 60 63 -0.00712614 4.02974 -565.487
45 48 61 64 -0.00565767 3.9024 -689.754
45 48 62 1 -0.0175789 3.92906 -223.51
45 48 63 2 -0.0158106 3.93343 -248.784
45 48 64 3 -0.0143399 3.93255 -274.238
46 49 47 50 3.69653 9.29039 2.51327
46 49 48 51 -0.826283 12.9792 -15.708
46 49 50 53 -1.89304 9.25116 -4.88692
46 49 51 54 -0.564884 7.88727 -13.9626
46 49 52 55 -0.242431 6.85458 -28.2743
46 49 53 56 -0.119831 5.85604 -48.8692
46 49 54 57 -0.0684436 5.25609 -76.7945
46 49 55 58 -0.0441076 4.98845 -113.097
46 49 56 59 -0.0297218 4.72056 -158.825
46 49 57 60 -0.0213813 4.59751 -215.025
46 49 58 61 -0.0157042 4.44025 -282.743
46 49 59 62 -0.011427 4.14834 -363.028
46 49 60 63 -0.00876208 4.00363 -456.927
46 49 61 64 -0.00683031 3.86245 -565.487
46 49 62 1 -0.019449 3.86421 -198.685
46 49 63 2 -0.0172909 3.86468 -223.51
46 49 64 3 -0.0155302 3.86366 -248.784
47 50 48 51 3.20221 8.04804 2.51327
47 50 49 52 -0.867418 13.6254 -15.708
47 50 51 54 -1.80678 8.82958 -4.88692
47 50 52 55 -0.542238 7.57107 -13.9626
47 50 53 56 -0.223818 6.32829 -28.2743
47 50 54 57 -0.114971 5.61855 -48.8692
47 50 55 58 -0.0688043 5.28379 -76.7945
47 50 56 59 -0.0436909 4.94132 -113.097
47 50 57 60 -0.0300431 4.7716 -158.825
47 50 58 61 -0.0212767 4.57501 -215.025
47 50 59 62 -0.0150325 4.25034 -282.743
47 50 60 63 -0.0112372 4.07941 -363.028
47 50 61 64 -0.00855554 3.90926 -456.927
47 50 62 1 -0.0220189 3.84353 -174.556
47 50 63 2 -0.0193099 3.83657 -198.685
47 50 64 3 -0.0171215 3.82682 -223.51
48 51 49 52 3.44209 8.65092 2.51327
48 51 50 53 -0.756635 11.8852 -15.708
48 51 52 55 -1.81565 8.87296 -4.88692
48 51 53 56 -0.503573 7.0312 -13.9626
48 51 54 57 -0.216879 6.13211 -28.2743
48 51 55 58 -0.116648 5.70051 -48.8692
48 51 56 59 -0.0683859 5.25166 -76.7945
48 51 57 60 -0.0443438 5.01516 -113.097
48 51 58 61 -0.0299718 4.76027 -158.825
48 51 59 62 -0.0203839 4.38304 -215.025
48 51 60 63 -0.0147518 4.17096 -282.743
48 51 61 64 -0.010918 3.96355 -363.028
48 51 62 1 -0.0251208 3.80204 -151.35
48 51 63 2 -0.0216602 3.78092 -174.556
48 51 64 3 -0.0189253 3.76016 -198.685
49 52 50 53 3.41899 8.59285 2.51327
49 52 51 54 -0.787092 12.3636 -15.708
49 52 53 56 -1.73488 8.47822 -4.88692
49 52 54 57 -0.503289 7.02724 -13.9626
49 52 55 58 -0.227767 6.43995 -28.2743
49 52 56 59 -0.119481 5.83895 -48.8692
49 52 57 60 -0.0718075 5.51442 -76.7945
49 52 58 61 -0.0458073 5.18069 -113.097
49 52 59 62 -0.0297515 4.72527 -158.825
49 52 60 63 -0.0207609 4.4641 -215.025
49 52 61 64 -0.0148751 4.20583 -282.743
49 52 62 1 -0.0303141 3.91872 -129.271
49 52 63 2 -0.0256127 3.87648 -151.35
49 52 64 3 -0.0219736 3.83562 -174.556
50 53 51 54 3.36429 8.45537 2.51327
50 53 52 55 -0.672019 10.556 -15.708
50 53 54 57 -1.72204 8.41548 -4.88692
50 53 55 58 -0.540362 7.54488 -13.9626
50 53 56 59 -0.236537 6.68793 -28.2743
50 53 57 60 -0.127491 6.2304 -48.8692
50 53 58 61 -0.075343 5.78593 -76.7945
50 53 59 62 -0.0461519 5.21965 -113.097
50 53 60 63 -0.0307452 4.88311 -158.825
50 53 61 64 -0.0211684 4.55173 -215.025
50 53 62 1 -0.0381658 4.14093 -108.498
50 53 63 2 -0.0314923 4.07104 -129.271
50 53 64 3 -0.0264893 4.00916 -151.35
51 54 52 55 3.42504 8.60806 2.51327
51 54 53 56 -0.72122 11.3289 -15.708
51 54 55 58 -1.76604 8.6305 -4.88692
51 54 56 59 -0.534181 7.45857 -13.9626
51 54 57 60 -0.241893 6.83937 -28.2743
51 54 58 61 -0.128581 6.28365 -48.8692
51 54 59 62 -0.0730972 5.61346 -76.7945
51 54 60 63 -0.0460255 5.20536 -113.097
51 54 61 64 -0.0302445 4.80358 -158.825
51 54 62 1 -0.047766 4.26033 -89.1916
51 54 63 2 -0.0383001 4.15551 -108.498
51 54 64 3 -0.0314464 4.0651 -129.271
52 55 53 56 3.21888 8.08994 2.51327
52 55 54 57 -0.764122 12.0028 -15.708
52 55 56 59 -1.70465 8.3305 -4.88692
52 55 57 60 -0.533414 7.44787 -13.9626
52 55 58 61 -0.238893 6.75455 -28.2743
52 55 59 62 -0.122274 5.97545 -48.8692
52 55 60 63 -0.0716072 5.49904 -76.7945
52 55 61 64 -0.0444243 5.02427 -113.097
52 55 62 1 -0.0606002 4.33212 -71.4868
52 55 63 2 -0.0468604 4.17956 -89.1916
52 55 64 3 -0.0373202 4.04919 -108.498
53 56 54 57 3.29435 8.2796 2.51327
53 56 55 58 -0.643912 10.1145 -15.708
53 56 57 60 -1.77039 8.65174 -4.88692
53 56 58 61 -0.548978 7.66518 -13.9626
53 56 59 62 -0.235725 6.66496 -28.2743
53 56 60 63 -0.124201 6.06962 -48.8692
53 56 61 64 -0.071386 5.48205 -76.7945
53 56 62 1 -0.08281 4.59602 -55.5008
53 56 63 2 -0.0611236 4.36953 -71.4868
53 56 64 3 -0.0468793 4.18124 -89.1916
54 57 55 58 3.32824 8.36479 2.51327
54 57 56 59 -0.750532 11.7893 -15.708
54 57 58 61 -1.76637 8.63213 -4.88692
54 57 59 62 -0.52603 7.34476 -13.9626
54 57 60 63 -0.234109 6.61927 -28.2743
54 57 61 64 -0.121586 5.94179 -48.8692
54 57 62 1 -0.119071 4.9213 -41.3309
54 57 63 2 -0.0831426 4.61448 -55.5008
54 57 64 3 -0.0609669 4.35833 -71.4868
55 58 56 59 3.28133 8.24687 2.51327
55 58 57 60 -0.725579 11.3974 -15.708
55 58 59 62 -1.7953 8.77351 -4.88692
55 58 60 63 -0.544112 7.59723 -13.9626
55 58 61 64 -0.238154 6.73365 -28.2743
55 58 62 1 -0.190779 5.5435 -29.0572
55 58 63 2 -0.123769 5.11548 -41.3309
55 58 64 3 -0.0857028 4.75657 -55.5008
56 59 57 60 3.39046 8.52116 2.51327
56 59 58 61 -0.712087 11.1854 -15.708
56 59 60 63 -1.79121 8.7535 -4.88692
56 59 61 64 -0.549073 7.6665 -13.9626
56 59 62 1 -0.338848 6.3513 -18.7438
56 59 63 2 -0.198527 5.76864 -29.0572
56 59 64 3 -0.127786 5.28151 -41.3309
57 60 58 61 3.25735 8.18661 2.51327
57 60 59 62 -0.762298 11.9741 -15.708
57 60 61 64 -1.68696 8.24405 -4.88692
57 60 62 1 -0.671354 7.00919 -10.4404
57 60 63 2 -0.335058 6.28025 -18.7438
57 60 64 3 -0.195626 5.68434 -29.0572
58 61 59 62 3.37305 8.4774 2.51327
58 61 60 63 -0.619474 9.73068 -15.708
58 61 62 1 -1.99127 8.33128 -4.1839
58 61 63 2 -0.684561 7.14708 -10.4404
58 61 64 3 -0.336562 6.30845 -18.7438
59 62 60 63 3.31274 8.32583 2.51327
59 62 61 64 -0.743154 11.6734 -15.708
59 62 63 2 -1.91 7.99123 -4.1839
59 62 64 3 -0.663445 6.92661 -10.4404
60 63 61 64 3.3574 8.43806 2.51327
60 63 62 1 -1.33674 8.38525 -6.2729
60 63 64 3 -2.07726 8.69104 -4.1839
61 64 62 1 1.40891 8.86649 6.29317
61 64 63 2 -1.48164 9.2942 -6.2729
62 1 63 2 4.69023 7.49023 1.59698
62 1 64 3 1.87937 6.1046 3.24821
63 2 64 3 4.768 7.61441 1.59698
