64
# x y z
0.0 0.0 0.0
0.5 0.0 0.0
1.0 0.0 0.0
1.5 0.0 0.0
2.0 0.0 0.0
2.5 0.0 0.0
3.0 0.0 0.0
3.5 0.0 0.0
4.0 0.0 0.0
4.5 0.0 0.0
5.0 0.0 0.0
5.5 0.0 0.0
6.0 0.0 0.0
6.5 0.0 0.0
7.0 0.0 0.0
7.5 0.0 0.0
8.0 0.0 0.0
8.5 0.0 0.0
9.0 0.0 0.0
9.5 0.0 0.0
10.0 0.0 0.0
10.5 0.0 0.0
11.0 0.0 0.0
11.5 0.0 0.0
12.0 0.0 0.0
12.5 0.0 0.0
13.0 0.0 0.0
13.5 0.0 0.0
14.0 0.0 0.0
14.5 0.0 0.0
15.0 0.0 0.0
15.5 0.0 0.0
16.0 0.0 0.0
16.5 0.0 0.0
17.0 0.0 0.0
17.5 0.0 0.0
18.0 0.0 0.0
18.5 0.0 0.0
19.0 0.0 0.0
19.5 0.0 0.0
20.0 0.0 0.0
20.5 0.0 0.0
21.0 0.0 0.0
21.5 0.0 0.0
22.0 0.0 0.0
22.5 0.0 0.0
23.0 0.0 0.0
23.5 0.0 0.0
24.0 0.0 0.0
24.5 0.0 0.0
25.0 0.0 0.0
25.5 0.0 0.0
26.0 0.0 0.0
26.5 0.0 0.0
27.0 0.0 0.0
27.5 0.0 0.0
28.0 0.0 0.0
28.5 0.0 0.0
29.0 0.0 0.0
29.5 0.0 0.0
30.0 0.0 0.0
30.5 0.0 0.0
31.0 0.0 0.0
31.5 0.0 0.0
1832
# a b m n r rhoa
1 4 2 5 3.61878266 9.094992815675289
1 4 3 6 -0.932961131 14.654919176172154
1 4 5 8 -1.80918132 8.841327823881594
1 4 6 9 -0.521850952 7.286413853653491
1 4 7 10 -0.219527823 6.207002963958236
1 4 8 11 -0.117305347 5.732620698964466
1 4 9 12 -0.069330854 5.324227372285715
1 4 10 13 -0.044122666 4.9901559610462805
1 4 11 14 -0.029246058 4.645004048495973
1 4 12 15 -0.020424572 4.3917846860351375
1 4 13 16 -0.014476003 4.092993421032936
1 4 14 17 -0.011147455 4.046843693732419
1 4 15 18 -0.008929001 4.079903409406014
1 4 16 19 -0.006957846 3.9345692181136447
1 4 17 20 -0.005371012 3.7046776576542513
1 4 18 21 -0.004404061 3.6587913696528958
1 4 19 22 -0.003589647 3.552320722916895
1 4 20 23 -0.003126071 3.6489882894823236
1 4 21 24 -0.002675416 3.651534772333974
1 4 22 25 -0.00229664 3.6364141053780026
1 4 23 26 -0.001898908 3.4633595648121314
1 4 24 27 -0.001642438 3.4284477228405295
1 4 25 28 -0.001444017 3.4296039783372265
1 4 26 29 -0.001311846 3.5259889247841167
1 4 27 30 -0.001147306 3.4726084226600173
1 4 28 31 -0.001024867 3.477291809155153
1 4 29 32 -0.000901959 3.416047476155009
1 4 30 33 -0.000840087 3.5377159204844673
1 4 31 34 -0.00077695 3.6246777121267684
1 4 34 37 -0.000571777 3.556655036929441
1 4 35 38 -0.000495892 3.375256673414226
1 4 36 39 -0.000454364 3.375070904757451
1 4 37 40 -0.00042136 3.4073105708496536
1 4 39 42 -0.000379295 3.60985687353763
1 4 45 48 -0.000245905 3.6389753865272896
1 4 51 54 -0.000170321 3.7024508140528996
1 4 52 55 -0.000170715 3.9387119735142084
1 4 53 56 -0.00015843 3.8750463626960454
1 4 63 2 -1.63709729 10.269341448494721
1 4 64 3 1.56696177 9.86116381114619
2 5 3 6 3.75484 9.436942207524062
2 5 4 7 -0.694667019 10.911804017907631
2 5 6 9 -1.99025836 9.726237177255925
2 5 7 10 -0.541742885 7.56415763400238
2 5 8 11 -0.238724799 6.749784672912891
2 5 9 12 -0.125210477 6.118938228599366
2 5 10 13 -0.073172489 5.619243761689065
2 5 11 14 -0.045634765 5.161170329002698
2 5 12 15 -0.03047107 4.839566532761584
2 5 13 16 -0.020734638 4.458456492448519
2 5 14 17 -0.015434756 4.3640744453595826
2 5 15 18 -0.012065269 4.380036319127123
2 5 16 19 -0.009133514 4.173350961485787
2 5 17 20 -0.006925611 3.9163407550597205
2 5 18 21 -0.005563963 3.837766404937267
2 5 19 22 -0.004521292 3.7561841557781963
2 5 20 23 -0.003898186 3.857651437476866
2 5 21 24 -0.00329456 3.8456614897732284
2 5 22 25 -0.002794967 3.814703652824821
2 5 23 26 -0.002282729 3.6143879468943423
2 5 24 27 -0.001954894 3.5654706984718834
2 5 25 28 -0.00170893 3.567244040258364
2 5 26 29 -0.001541127 3.6602445056553456
2 5 27 30 -0.001358775 3.652125021743054
2 5 28 31 -0.001209435 3.6606573727147054
2 5 29 32 -0.001069627 3.629158911303807
2 5 30 33 -0.000977256 3.7012246591667015
2 5 31 34 -0.000882784 3.7175185559935575
2 5 32 35 -0.000825241 3.849968028616007
2 5 33 36 -0.000732068 3.770747339438298
2 5 34 37 -0.000648562 3.676587340118167
2 5 35 38 -0.000534541 3.3250339557122803
2 5 36 39 -0.000485952 3.3076007093459667
2 5 38 41 -0.000421877 3.4114912704061595
2 5 40 43 -0.000378068 3.59817917047318
2 5 41 44 -0.000344075 3.5411708807221305
2 5 42 45 -0.000313835 3.4858517625088443
2 5 43 46 -0.000283935 3.3971633312983687
2 5 44 47 -0.000269972 3.4731417024278395
2 5 47 50 -0.000230077 3.642953393318418
2 5 48 51 -0.000219458 3.712369123303979
2 5 49 52 -0.000203557 3.673533020908434
2 5 52 55 -0.000175991 3.8257057040293554
2 5 53 56 -0.00016319 3.7650962537432777
2 5 55 58 -0.000148662 3.8504477969379924
2 5 62 1 -2.25274571 9.4252554733105
2 5 64 3 -1.58146388 9.920358839627228
3 6 4 7 3.6857298 9.263249330237565
3 6 5 8 -0.92712279 14.563210730198394
3 6 7 10 -1.84786957 9.030394280295308
3 6 8 11 -0.552298477 7.711541501920119
3 6 9 12 -0.240633188 6.803743100676216
3 6 10 13 -0.125151967 6.11607889059241
3 6 11 14 -0.072133473 5.539453060893099
3 6 12 15 -0.045596616 5.156855778749594
3 6 13 16 -0.029583186 4.69854839026201
3 6 14 17 -0.021206399 4.559896695712931
3 6 15 18 -0.016114093 4.556152456925638
3 6 16 19 -0.011873017 4.310243366941405
3 6 17 20 -0.008799269 4.020625330132749
3 6 18 21 -0.006923826 3.9153313613401224
3 6 19 22 -0.005538889 3.8204715101226547
3 6 20 23 -0.004707037 3.91049677836816
3 6 21 24 -0.003930205 3.8893374938570826
3 6 22 25 -0.003297089 3.8486135312924707
3 6 23 26 -0.002670997 3.645503511341686
3 6 24 27 -0.002265187 3.5866125984563895
3 6 25 28 -0.00196471 3.583373797246651
3 6 26 29 -0.001751269 3.6556230525177886
3 6 27 30 -0.001523116 3.6174675873407884
3 6 28 31 -0.00134281 3.609214182220596
3 6 29 32 -0.001185795 3.58910500297927
3 6 30 33 -0.001095809 3.7179923444685983
3 6 31 34 -0.000984254 3.7277286357755415
3 6 32 35 -0.000915379 3.8547803520077695
3 6 33 36 -0.000795661 3.7119694872366265
3 6 34 37 -0.000703458 3.6233825025907245
3 6 35 38 -0.000620722 3.5187671293304708
3 6 36 39 -0.000565998 3.5207076143181513
3 6 37 40 -0.000521876 3.5521150808940716
3 6 39 42 -0.000463966 3.751842263895079
3 6 40 43 -0.000436923 3.8372748476142537
3 6 45 48 -0.000300137 3.8612090555375542
3 6 55 58 -0.000150863 3.6899647757079683
3 6 57 60 -0.000149275 4.089811003382732
3 6 58 61 -0.000140958 4.080948586214987
3 6 60 63 -0.000127679 4.115444090365566
3 6 62 1 -0.723949082 7.558300845401759
3 6 63 2 -2.14305437 8.96631823147251
4 7 5 8 3.57500722 8.984973135105959
4 7 6 9 -0.782909202 12.297908987155264
4 7 8 11 -1.97065013 9.630413288539193
4 7 9 12 -0.574935169 8.027609347648006
4 7 10 13 -0.246129947 6.9591602999127975
4 7 11 14 -0.126191715 6.166890563367283
4 7 12 15 -0.0738784 5.6734538348636665
4 7 13 16 -0.044992904 5.08857756012257
4 7 14 17 -0.030733552 4.881255226419284
4 7 15 18 -0.022576459 4.854493249655373
4 7 16 19 -0.016117774 4.557193235155846
4 7 17 20 -0.011596443 4.20983912689286
4 7 18 21 -0.008880915 4.057931608154709
4 7 19 22 -0.006977702 3.9457975215849865
4 7 20 23 -0.005808841 4.00667201442968
4 7 21 24 -0.00478729 3.9771691027952634
4 7 22 25 -0.00395742 3.9162695037383277
4 7 23 26 -0.003182499 3.714855351106615
4 7 24 27 -0.00266968 3.643706007217032
4 7 25 28 -0.002289372 3.6249062252932323
4 7 26 29 -0.002017726 3.68006803977345
4 7 27 30 -0.001774285 3.703666968202215
4 7 28 31 -0.001555195 3.693656625296076
4 7 29 32 -0.001378916 3.7062601434982576
4 7 30 33 -0.001242283 3.76008005634709
4 7 31 34 -0.001089385 3.696196225965404
4 7 32 35 -0.000984336 3.7280391996626414
4 7 33 36 -0.000856529 3.606955326837149
4 7 34 37 -0.000772169 3.6023730797287015
4 7 35 38 -0.00067072 3.4547550985810815
4 7 36 39 -0.000625861 3.5478992436709156
4 7 37 40 -0.000572954 3.563976392944926
4 7 38 41 -0.000530561 3.611228969016087
4 7 39 42 -0.0005046 3.74823000620782
4 7 40 43 -0.000464936 3.7596861296007087
4 7 41 44 -0.000424516 3.7283104098658404
4 7 42 45 -0.000379101 3.608010521137872
4 7 43 46 -0.000358429 3.6889002037531133
4 7 44 47 -0.000325142 3.6114417250008786
4 7 46 49 -0.000281652 3.623402822411976
4 7 47 50 -0.000263889 3.6440550870300976
4 7 50 53 -0.000224979 3.8057628019566647
4 7 54 57 -0.000156466 3.4012697733785084
4 7 62 1 -0.355019518 6.6544118523423155
4 7 63 2 -0.724055169 7.559408433603365
4 7 64 3 -2.21083433 9.249902586393228
5 8 6 9 3.63445321 9.134377203481458
5 8 7 10 -0.923746388 14.510174331604563
5 8 9 12 -1.86165319 9.097753754811555
5 8 10 13 -0.540517497 7.547047989830837
5 8 11 14 -0.231232769 6.537952515236623
5 8 12 15 -0.121661107 5.945483288559136
5 8 13 16 -0.068344297 5.2484652334878845
5 8 14 17 -0.04397836 4.973835336945399
5 8 15 18 -0.030965606 4.918111194135332
5 8 16 19 -0.021354653 4.591774947401312
5 8 17 20 -0.014872821 4.205191067258034
5 8 18 21 -0.011099345 4.029378393347222
5 8 19 22 -0.008492421 3.8804181332280314
5 8 20 23 -0.006941828 3.925511252511108
5 8 21 24 -0.005629317 3.882844595721115
5 8 22 25 -0.004586348 3.8102311663314423
5 8 23 26 -0.003655814 3.6177996976665683
5 8 24 27 -0.0030362 3.544084009776564
5 8 25 28 -0.00258368 3.5263291243619097
5 8 26 29 -0.002264732 3.5858921684290683
5 8 27 30 -0.001979343 3.6100624733235835
5 8 28 31 -0.001718219 3.586634026910807
5 8 29 32 -0.001515821 3.600141641024388
5 8 30 33 -0.001360129 3.6557643124861428
5 8 31 34 -0.00118593 3.5895136142277595
5 8 32 35 -0.001068131 3.6240831028852547
5 8 33 36 -0.000925529 3.505315656873837
5 8 34 37 -0.000830893 3.498998787410233
5 8 35 38 -0.000719854 3.358309736514966
5 8 36 39 -0.000657517 3.386748879046006
5 8 37 40 -0.000600262 3.4027828795920994
5 8 38 41 -0.000553661 3.4439671137548227
5 8 39 42 -0.000526763 3.585378128821796
5 8 40 43 -0.000484678 3.600246973739187
5 8 41 44 -0.000442648 3.579455120480011
5 8 42 45 -0.000394462 3.4643612511577873
5 8 43 46 -0.000372956 3.5495268330115097
5 8 44 47 -0.000338932 3.488239857429087
5 8 45 48 -0.000323684 3.5952473175264483
5 8 46 49 -0.000292252 3.4966727522095225
5 8 47 50 -0.000270449 3.4792782224819865
5 8 48 51 -0.000245479 3.389830567810941
5 8 49 52 -0.00023675 3.5034969714334228
5 8 50 53 -0.000229351 3.6314581801352266
5 8 54 57 -0.000160633 3.286013878160227
5 8 56 59 -0.000154798 3.571477234431962
5 8 58 61 -0.000143743 3.7230423220140842
5 8 62 1 -0.191938973 5.57720977834926
5 8 63 2 -0.326950097 6.128284475337691
5 8 64 3 -0.665469897 6.947756147696203
6 9 7 10 3.43465749 8.632235790544913
6 9 8 11 -0.819535632 12.873235604231368
6 9 10 13 -1.83782902 8.981326896556196
6 9 11 14 -0.530219889 7.403266258087072
6 9 12 15 -0.233384021 6.598777732549606
6 9 13 16 -0.116381267 5.687461631019343
6 9 14 17 -0.068978749 5.297187649409683
6 9 15 18 -0.045947317 5.196519127417031
6 9 16 19 -0.030240038 4.8028728841566295
6 9 17 20 -0.020244519 4.353068868241027
6 9 18 21 -0.014631933 4.13708158985562
6 9 19 22 -0.010882473 3.950647679875211
6 9 20 23 -0.00870465 3.977391335568901
6 9 21 24 -0.006904714 3.904523779956949
6 9 22 25 -0.005523426 3.809805842159092
6 9 23 26 -0.004324833 3.5929705913678407
6 9 24 27 -0.003533387 3.4966457320692417
6 9 25 28 -0.002973041 3.4703600120249405
6 9 26 29 -0.002582147 3.524236813182643
6 9 27 30 -0.002243886 3.552885389638875
6 9 28 31 -0.001940892 3.5399328837770696
6 9 29 32 -0.001695958 3.5401661086343466
6 9 30 33 -0.0015099 3.5860790052273477
6 9 31 34 -0.001302405 3.500613338443276
6 9 32 35 -0.001164639 3.5250710802160365
6 9 33 36 -0.001002509 3.401432902322275
6 9 34 37 -0.000895894 3.3930771106030493
6 9 35 38 -0.000771353 3.2482680822503562
6 9 36 39 -0.00069644 3.2490772196841067
6 9 37 40 -0.000631294 3.2516790392468473
6 9 38 41 -0.000580214 3.289134187570845
6 9 39 42 -0.000547816 3.4076091478155623
6 9 40 43 -0.000500469 3.4064097264867037
6 9 41 44 -0.000453405 3.3679473364341193
6 9 42 45 -0.000401125 3.243681063062624
6 9 43 46 -0.00037716 3.3124064915927796
6 9 44 47 -0.000357664 3.4039885809645867
6 9 46 49 -0.000306295 3.402102906296769
6 9 47 50 -0.000286241 3.4247536552879225
6 9 49 52 -0.000251454 3.4723396119355723
6 9 50 53 -0.000242185 3.583925719225358
6 9 52 55 -0.000211907 3.584635801893648
6 9 53 56 -0.000196276 3.542134965694247
6 9 55 58 -0.000180108 3.684407236169916
6 9 57 60 -0.000169751 3.916470703898371
6 9 58 61 -0.000158978 3.888449918883367
6 9 59 62 -0.000144908 3.753216621320112
6 9 62 1 -0.120665662 4.9872182464818104
6 9 63 2 -0.184867681 5.371737808422845
6 9 64 3 -0.315661448 5.916692391258156
7 10 8 11 3.67162108 9.22779024935472
7 10 9 12 -0.720190878 11.31273185753594
7 10 11 14 -1.91074427 9.337658029032337
7 10 12 15 -0.56940984 7.9504612010032645
7 10 13 16 -0.232832018 6.58317021542357
7 10 14 17 -0.122280757 5.975765100147088
7 10 15 18 -0.075320354 5.784187952697797
7 10 16 19 -0.046611267 5.271610103341665
7 10 17 20 -0.029684967 4.714713753712358
7 10 18 21 -0.020612867 4.432272736284464
7 10 19 22 -0.01481148 4.187847308111287
7 10 20 23 -0.011520579 4.1822983339512145
7 10 21 24 -0.008909888 4.071170159867349
7 10 22 25 -0.006979727 3.9469426321072203
7 10 23 26 -0.005359765 3.6969199930622456
7 10 24 27 -0.004305056 3.576540320098295
7 10 25 28 -0.003578533 3.541322289780016
7 10 26 29 -0.0030796 3.5947437970186105
7 10 27 30 -0.002650635 3.6177124870545234
7 10 28 31 -0.002271793 3.5970722924354743
7 10 29 32 -0.001955936 3.5673711700410875
7 10 30 33 -0.001739075 3.6301691288188014
7 10 31 34 -0.001526519 3.625549862229714
7 10 32 35 -0.001371036 3.685080223959456
7 10 33 36 -0.00117873 3.567721014308338
7 10 34 37 -0.001035326 3.5127783601241602
7 10 35 38 -0.000893381 3.3835594636727806
7 10 36 39 -0.000785485 3.3077797773346593
7 10 37 40 -0.000713317 3.327812898617839
7 10 38 41 -0.000653028 3.363626867420394
7 10 39 42 -0.000617512 3.500570186922838
7 10 40 43 -0.000568525 3.536426447496682
7 10 41 44 -0.000520154 3.540394399794922
7 10 43 46 -0.000428686 3.4665519730758843
7 10 44 47 -0.000376556 3.3071018635279743
7 10 46 49 -0.000331358 3.410289328472931
7 10 47 50 -0.000310699 3.451019346980851
7 10 48 51 -0.00028401 3.398060674879989
7 10 49 52 -0.00027058 3.4809635141530406
7 10 50 53 -0.000265881 3.6715627047533217
7 10 51 54 -0.00024644 3.646892475776358
7 10 52 55 -0.000232704 3.6845483313793608
7 10 53 56 -0.000214423 3.627196659616915
7 10 55 58 -0.000197206 3.7915904355640677
7 10 61 64 -0.000133451 3.6562677488690607
7 10 62 1 -0.081849719 4.542720912760622
7 10 63 2 -0.116204976 4.802854159447456
7 10 64 3 -0.177779789 5.165783488920033
8 11 9 12 3.73112647 9.377343606213117
8 11 10 13 -0.840944495 13.209525237843922
8 11 12 15 -2.04828324 10.009800234396815
8 11 13 16 -0.558016971 7.791386740764551
8 11 14 17 -0.243701219 6.890489633531487
8 11 15 18 -0.135073784 6.60095033899738
8 11 16 19 -0.077397463 5.943698472978147
8 11 17 20 -0.046350417 5.242108663368865
8 11 18 21 -0.030620393 4.863282752552078
8 11 19 22 -0.021102857 4.537632622323219
8 11 20 23 -0.015870093 4.487163082252805
8 11 21 24 -0.011937186 4.33353854175782
8 11 22 25 -0.009137955 4.17538017517287
8 11 23 26 -0.006871686 3.885846885967651
8 11 24 27 -0.005418496 3.737429942306763
8 11 25 28 -0.004418881 3.671103480701825
8 11 26 29 -0.003734047 3.6952192063580798
8 11 27 30 -0.0031762 3.7075026782992957
8 11 28 31 -0.002720359 3.7128751124055763
8 11 29 32 -0.002336743 3.699911699632206
8 11 30 33 -0.002063246 3.7630905597640174
8 11 31 34 -0.001764399 3.6830307955198966
8 11 32 35 -0.001565357 3.717791822892685
8 11 33 36 -0.001328504 3.5707624145908885
8 11 34 37 -0.00116849 3.536727094422938
8 11 35 38 -0.000999063 3.3897408997752625
8 11 36 39 -0.000891531 3.3765528393906497
8 11 37 40 -0.00080395 3.3855383005254067
8 11 38 41 -0.000733968 3.4241552880034236
8 11 39 42 -0.00069046 3.556432200271788
8 11 40 43 -0.000630039 3.5715836129478906
8 11 41 44 -0.000569984 3.5455019431862262
8 11 42 45 -0.000505218 3.4387334863820924
8 11 43 46 -0.000469472 3.487294961304791
8 11 45 48 -0.000425398 3.736056572039944
8 11 46 49 -0.000385187 3.665932689719978
8 11 47 50 -0.000360541 3.710636606863148
8 11 48 51 -0.00032809 3.6441859727612496
8 11 49 52 -0.00031556 3.7755432082149545
8 11 51 54 -0.000288522 3.984213293544247
8 11 52 55 -0.000248618 3.679123168083779
8 11 53 56 -0.000229962 3.6411325262163974
8 11 54 57 -0.000212621 3.59671388313944
8 11 55 58 -0.000211386 3.814820670169782
8 11 56 59 -0.000202628 3.8958367736147776
8 11 57 60 -0.000200997 4.111726304486444
8 11 58 61 -0.000189151 4.111778781999401
8 11 62 1 -0.06143771 4.391985737996307
8 11 63 2 -0.082545497 4.5813371146224595
8 11 64 3 -0.117283978 4.847450263866875
9 12 10 13 3.49228173 8.777061301787068
9 12 11 14 -0.999576795 15.701315579354187
9 12 13 16 -1.88647588 9.21906030232808
9 12 14 17 -0.563920592 7.873816840156455
9 12 15 18 -0.264108405 7.467489224093851
9 12 16 19 -0.136089648 6.650594819344322
9 12 17 20 -0.075376727 5.788517088318395
9 12 18 21 -0.046887425 5.3028428373267475
9 12 19 22 -0.030738006 4.881962632799726
9 12 20 23 -0.022250734 4.784454373596732
9 12 21 24 -0.016214486 4.584537908940103
9 12 22 25 -0.012095923 4.391164594288375
9 12 23 26 -0.008901343 4.067265716958969
9 12 24 27 -0.006896626 3.899950123708147
9 12 25 28 -0.00552542 3.8111812118751462
9 12 26 29 -0.004606109 3.8266481451734045
9 12 27 30 -0.003862925 3.8227570924310235
9 12 28 31 -0.00324239 3.784764690224436
9 12 29 32 -0.002759038 3.7656660478934056
9 12 30 33 -0.002415547 3.8246870136388456
9 12 31 34 -0.002069844 3.7751244478768857
9 12 32 35 -0.001830275 3.8205412660459332
9 12 33 36 -0.001545759 3.6712457096769455
9 12 34 37 -0.001346907 3.620226127696544
9 12 35 38 -0.001146828 3.4711616361653665
9 12 36 39 -0.000998069 3.3863683372297815
9 12 37 40 -0.000895979 3.3933990365835793
9 12 38 41 -0.000812889 3.423181595342742
9 12 39 42 -0.00076409 3.5646824030618993
9 12 40 43 -0.000697599 3.593203873471887
9 12 41 44 -0.000633108 3.5889812504086462
9 12 42 45 -0.000561233 3.4910676301093275
9 12 44 47 -0.000472898 3.512743704866559
9 12 45 48 -0.000447845 3.621480450451308
9 12 46 49 -0.000409595 3.597266775172194
9 12 47 50 -0.0003788 3.6051458197341235
9 12 48 51 -0.000346065 3.5616516772131193
9 12 49 52 -0.000327109 3.633289735633392
9 12 51 54 -0.000295781 3.8051698912694976
9 12 52 55 -0.000268891 3.713127930329078
9 12 53 56 -0.000247088 3.656481772661211
9 12 54 57 -0.000229202 3.6290989697160865
9 12 56 59 -0.000214138 3.8644852008591712
9 12 58 61 -0.00020262 4.14492745570851
9 12 62 1 -0.048174482 4.296756808687967
9 12 63 2 -0.061927032 4.42696580553606
9 12 64 3 -0.083124615 4.6134785988168785
10 13 11 14 3.67651641 9.24009355556664
10 13 12 15 -0.712397775 11.190318081868597
10 13 14 17 -1.97816925 9.66715864077791
10 13 15 18 -0.634537849 8.859819754858062
10 13 16 19 -0.273346996 7.728704230629938
10 13 17 20 -0.135455381 6.619598686381432
10 13 18 21 -0.077772302 5.972484041723632
10 13 19 22 -0.047848661 5.411556067741525
10 13 20 23 -0.032988475 5.239393286052712
10 13 21 24 -0.023074901 4.9616705233077525
10 13 22 25 -0.016644942 4.706246475596531
10 13 23 26 -0.011893125 4.317543143706018
10 13 24 27 -0.009007495 4.115769452899335
10 13 25 28 -0.007058058 3.991237769053922
10 13 26 29 -0.005775087 3.9833900538500973
10 13 27 30 -0.004770711 3.9633956554889087
10 13 28 31 -0.003950082 3.9090078065673346
10 13 29 32 -0.003331627 3.8889289168170293
10 13 30 33 -0.002884436 3.936815191570926
10 13 31 34 -0.002448501 3.87686514796927
10 13 32 35 -0.002138647 3.9006121113854757
10 13 33 36 -0.001780121 3.715849115053723
10 13 34 37 -0.001556785 3.6974329453293966
10 13 35 38 -0.0013167 3.539035540195455
10 13 36 39 -0.001155413 3.4971462848192885
10 13 37 40 -0.001031167 3.4986672055701775
10 13 38 41 -0.000932831 3.5329709922836323
10 13 39 42 -0.00087125 3.6689473777383674
10 13 40 43 -0.000788332 3.677777759387759
10 13 41 44 -0.000710006 3.6571100437189283
10 13 42 45 -0.000622889 3.5310514826629755
10 13 43 46 -0.000580534 3.6111266721270634
10 13 44 47 -0.000536646 3.652646126094091
10 13 45 48 -0.000507343 3.768605342924087
10 13 46 49 -0.000453728 3.669053091632978
10 13 47 50 -0.000420796 3.695639521784588
10 13 48 51 -0.000377993 3.5974653744423457
10 13 49 52 -0.000364235 3.748654728590642
10 13 50 53 -0.000351066 3.8993867314255257
10 13 51 54 -0.000330014 3.9484792632648307
10 13 52 55 -0.000300004 3.859498034222666
10 13 53 56 -0.000276485 3.8179938183763493
10 13 54 57 -0.000254324 3.7635622545420646
10 13 55 58 -0.000249599 3.9520574591066633
10 13 56 59 -0.000240492 4.068181953729736
10 13 57 60 -0.000232236 4.191094458277981
10 13 58 61 -0.000216539 4.163297269487782
10 13 59 62 -0.000197039 4.03075886361341
10 13 60 63 -0.000186108 4.045629817237786
10 13 61 64 -0.000177665 4.09906137582756
10 13 62 1 -0.038690838 4.1978978128645466
10 13 63 2 -0.048080502 4.288374586646005
10 13 64 3 -0.061844146 4.421040550023126
11 14 12 15 3.93183538 9.881780115945928
11 14 13 16 -0.840644635 13.204815047978393
11 14 15 18 -2.09075077 10.217335737029867
11 14 16 19 -0.614202245 8.575881158712681
11 14 17 20 -0.255649172 7.228310045863611
11 14 18 21 -0.131794733 6.440705677383104
11 14 19 22 -0.074788346 5.743332671211217
11 14 20 23 -0.048652755 5.502496956656568
11 14 21 24 -0.03245939 5.155361381069191
11 14 22 25 -0.022516742 4.8416526277762
11 14 23 26 -0.015576667 4.404198835315305
11 14 24 27 -0.011483701 4.168910569502965
11 14 25 28 -0.008792841 4.017688202102898
11 14 26 29 -0.007071016 3.998565345422861
11 14 27 30 -0.005750248 3.9662572512537757
11 14 28 31 -0.004670844 3.8804284763982633
11 14 29 32 -0.003876423 3.8361147359870422
11 14 30 33 -0.003299684 3.8516426130411605
11 14 31 34 -0.002775551 3.788203774249064
11 14 32 35 -0.00240379 3.8060714184054047
11 14 33 36 -0.001991039 3.6313944459468184
11 14 34 37 -0.001725349 3.6015172872006036
11 14 35 38 -0.001448676 3.4406693085480717
11 14 36 39 -0.001272107 3.4191781605008122
11 14 37 40 -0.001129919 3.4199823206046025
11 14 38 41 -0.001018285 3.4549596092815507
11 14 39 42 -0.000944739 3.5780709284736965
11 14 40 43 -0.000850665 3.5822612580588906
11 14 41 44 -0.000759651 3.5439732913248108
11 14 42 45 -0.000664189 3.4211151213195823
11 14 43 46 -0.000615089 3.4868346132612507
11 14 44 47 -0.000564224 3.5096727072905645
11 14 45 48 -0.000532925 3.6273193813961035
11 14 46 49 -0.000474605 3.525423507919664
11 14 47 50 -0.000440579 3.562724235794498
11 14 48 51 -0.000394185 3.4619284995452855
11 14 49 52 -0.000379064 3.60765838176266
11 14 50 53 -0.000362926 3.7351826870797353
11 14 51 54 -0.000342296 3.8019759265210302
11 14 52 55 -0.000295933 3.5407143751954497
11 14 55 58 -0.000244199 3.6137294907162425
11 14 56 59 -0.000233171 3.6919426351762623
11 14 57 60 -0.000228025 3.8572891821733073
11 14 58 61 -0.000211538 3.8175637692485562
11 14 60 63 -0.000187907 3.8439486892696624
11 14 61 64 -0.000178249 3.8747902792616022
11 14 62 1 -0.031445546 4.064991208567282
11 14 63 2 -0.03802704 4.1258767268290395
11 14 64 3 -0.047291447 4.2179975467085695
12 15 13 16 3.57810236 8.992752070374625
12 15 14 17 -1.00275163 15.751185770915985
12 15 16 19 -1.99065573 9.728179093413548
12 15 17 20 -0.574403916 8.020191656439128
12 15 18 21 -0.249817486 7.06342300880283
12 15 19 22 -0.126517426 6.182807805575179
12 15 20 23 -0.076243464 5.85507771167337
12 15 21 24 -0.047880266 5.415130509030926
12 15 22 25 -0.031649662 5.026756362294336
12 15 23 26 -0.021042767 4.524711796281731
12 15 24 27 -0.015007209 4.24318837907579
12 15 25 28 -0.011157575 4.050517541994696
12 15 26 29 -0.008772085 4.008204221177638
12 15 27 30 -0.006997147 3.9567934100318163
12 15 28 31 -0.005592212 3.8572512690841125
12 15 29 32 -0.004575602 3.8013036396558832
12 15 30 33 -0.003832002 3.792155639498532
12 15 31 34 -0.003175524 3.7067135995855716
12 15 32 35 -0.002717529 3.709012594051158
12 15 33 36 -0.002241167 3.548580226464619
12 15 34 37 -0.001927388 3.515303355878286
12 15 35 38 -0.001606415 3.353252816049598
12 15 36 39 -0.001415193 3.36114570875204
12 15 37 40 -0.001251198 3.36297880293269
12 15 38 41 -0.001121462 3.394385095949248
12 15 39 42 -0.001039558 3.527137197842952
12 15 40 43 -0.000935074 3.541466050805157
12 15 41 44 -0.000836437 3.5223452944543436
12 15 42 45 -0.000730812 3.4094317113775503
12 15 43 46 -0.00067631 3.483548158279716
12 15 44 47 -0.000618968 3.5088240025444932
12 15 45 48 -0.000584012 3.632761061440451
12 15 46 49 -0.000519346 3.5348948003012444
12 15 47 50 -0.000484448 3.598538505840995
12 15 48 51 -0.000433789 3.5078171758550893
12 15 49 52 -0.000418445 3.6749918718171086
12 15 51 54 -0.00037882 3.898761470711785
12 15 52 55 -0.000330795 3.6742311526092157
12 15 53 56 -0.000303257 3.62834296708595
12 15 54 57 -0.000279023 3.5895812055936283
12 15 55 58 -0.000275629 3.8061732758205866
12 15 56 59 -0.000265163 3.923961002898419
12 15 57 60 -0.000256673 4.064064536321399
12 15 58 61 -0.000239436 4.050318573063691
12 15 59 62 -0.000217689 3.9285690484165916
12 15 62 1 -0.02610897 3.951596715386283
12 15 63 2 -0.030893421 3.9936175624862056
12 15 64 3 -0.037413144 4.059269932845248
13 16 14 17 3.73006158 9.374667245732413
13 16 15 18 -0.775960677 12.188761811688838
13 16 17 20 -2.0172662 9.858222382174436
13 16 18 21 -0.604646337 8.442455512618547
13 16 19 22 -0.253634427 7.171344473045901
13 16 20 23 -0.137026942 6.6963996451500485
13 16 21 24 -0.079347464 6.093447799593748
13 16 22 25 -0.049239282 5.568831597572522
13 16 23 26 -0.031110706 4.94115669611159
13 16 24 27 -0.021245464 4.568296630299563
13 16 25 28 -0.01521414 4.301696740921789
13 16 26 29 -0.011615857 4.21688696188929
13 16 27 30 -0.009040419 4.130813323971954
13 16 28 31 -0.007098128 4.013896820227204
13 16 29 32 -0.005697652 3.92997894353784
13 16 30 33 -0.004689532 3.8959540318154273
13 16 31 34 -0.003813481 3.7738272266743342
13 16 32 35 -0.003222566 3.761624606761617
13 16 33 36 -0.002638728 3.6014612481689885
13 16 34 37 -0.002239851 3.5464965211548285
13 16 35 38 -0.001849254 3.372797170093071
13 16 36 39 -0.001608317 3.3572230770694005
13 16 37 40 -0.001411615 3.3526478011550447
13 16 38 41 -0.00125663 3.377578970817813
13 16 39 42 -0.001154648 3.49483082107785
13 16 40 43 -0.001032413 3.5028947839722604
13 16 41 44 -0.00091629 3.4703241964724265
13 16 42 45 -0.000797218 3.3571889705432723
13 16 43 46 -0.000729399 3.40283969180456
13 16 44 47 -0.000666379 3.4323954076773657
13 16 45 48 -0.000624854 3.5421907324545643
13 16 46 49 -0.000556743 3.463138243100383
13 16 47 50 -0.000510727 3.4762301368903463
13 16 48 51 -0.000458065 3.4025623816757533
13 16 49 52 -0.000435371 3.520609954768807
13 16 50 53 -0.000417183 3.663908360860512
13 16 51 54 -0.000389864 3.7104450102028097
13 16 52 55 -0.000354641 3.649914647417502
13 16 53 56 -0.000323806 3.5966024051203305
13 16 54 57 -0.000296683 3.5496878110116534
13 16 55 58 -0.000289446 3.723671244428787
13 16 56 59 -0.000276027 3.8116692757472146
13 16 57 60 -0.000270959 4.009731936146267
13 16 58 61 -0.000252615 3.9998116780605284
13 16 59 62 -0.000231945 3.9236002164639308
13 16 60 63 -0.000216521 3.9074904976007465
13 16 62 1 -0.021842103 3.8126673177420676
13 16 63 2 -0.025343287 3.835710472925278
13 16 64 3 -0.029979769 3.875509028206346
14 17 15 18 4.06653796 10.220324624544
14 17 16 19 -0.843589858 13.251078502678311
14 17 18 21 -2.18163154 10.661462962739218
14 17 19 22 -0.603716826 8.429477090711744
14 17 20 23 -0.274137849 7.751065072403762
14 17 21 24 -0.142306839 6.954424088235326
14 17 22 25 -0.081671927 6.271953743433202
14 17 23 26 -0.048566508 5.492742650759179
14 17 24 27 -0.03158859 5.017056604219255
14 17 25 28 -0.021678723 4.661457957806789
14 17 26 29 -0.016018712 4.5291841145253535
14 17 27 30 -0.012127748 4.402717975804877
14 17 28 31 -0.009295881 4.247540859871399
14 17 29 32 -0.007303766 4.130182369645005
14 17 30 33 -0.005914489 4.0795431577404475
14 17 31 34 -0.004755809 3.9510154207486154
14 17 32 35 -0.003969434 3.9281585783925
14 17 33 36 -0.003208942 3.7457216357619476
14 17 34 37 -0.002691708 3.673770867397645
14 17 35 38 -0.002204595 3.4906734858949675
14 17 36 39 -0.001889827 3.4467970098025895
14 17 37 40 -0.001645731 3.4353215764358036
14 17 38 41 -0.001455019 3.455734212932572
14 17 39 42 -0.001328058 3.5695636526474486
14 17 40 43 -0.001182293 3.578505324518463
14 17 41 44 -0.001046278 3.5499376206856454
14 17 42 45 -0.000909335 3.4439830765360897
14 17 43 46 -0.000823728 3.4688260379565796
14 17 44 47 -0.000738623 3.4458720970000773
14 17 45 48 -0.000689514 3.5515595286304804
14 17 46 49 -0.000614556 3.483813127185466
14 17 47 50 -0.000561232 3.491061409755874
14 17 48 51 -0.000501616 3.4142167074511196
14 17 49 52 -0.000473497 3.5171931495231554
14 17 50 53 -0.0004539 3.6704439626653165
14 17 51 54 -0.000419825 3.687111717395638
14 17 52 55 -0.000376276 3.581124203976444
14 17 55 58 -0.000302714 3.6218461995550184
14 17 57 60 -0.000284595 3.92998517366518
14 17 58 61 -0.000264113 3.908422790353519
14 17 59 62 -0.0002455 3.8871554221398563
14 17 61 64 -0.000208967 3.7711656920674446
14 17 62 1 -0.019642945 3.9027488701100466
14 17 63 2 -0.022409381 3.9116890232378285
14 17 64 3 -0.025981145 3.9322503815345744
15 18 16 19 3.80508707 9.563226868305192
15 18 17 20 -1.0227515 16.065342994239742
15 18 19 22 -2.06960343 10.11399033793903
15 18 20 23 -0.637862384 8.906239020336294
15 18 21 24 -0.276889484 7.828865719116008
15 18 22 25 -0.142575157 6.967536579353952
15 18 23 26 -0.078535527 6.03109551413118
15 18 24 27 -0.048148716 5.445491488753749
15 18 25 28 -0.031421025 4.9904430994732065
15 18 26 29 -0.022345958 4.804929872664375
15 18 27 30 -0.016387803 4.633542136194903
15 18 28 31 -0.012212039 4.433318009784687
15 18 29 32 -0.009360067 4.276869189013274
15 18 30 33 -0.00744666 4.210987022960576
15 18 31 34 -0.005926728 4.0879850584198785
15 18 32 35 -0.004891518 4.063759299179051
15 18 33 36 -0.003895733 3.8552239445414003
15 18 34 37 -0.003227061 3.7668715132974
15 18 35 38 -0.002621811 3.578372123433406
15 18 36 39 -0.00220649 3.4936739582065583
15 18 37 40 -0.001907562 3.4791433277294948
15 18 38 41 -0.001674156 3.494656313285378
15 18 39 42 -0.001525678 3.6235524501869323
15 18 40 43 -0.001355376 3.6429891655866595
15 18 41 44 -0.001202175 3.6386831677959552
15 18 42 45 -0.001046339 3.5501445888096637
15 18 43 46 -0.000938726 3.5552975058745315
15 18 44 47 -0.000831287 3.5006579727954024
15 18 45 48 -0.000776926 3.6245657457645946
15 18 46 49 -0.000697469 3.592534267432384
15 18 47 50 -0.000645315 3.6581806510223465
15 18 48 51 -0.000578051 3.595681534500514
15 18 49 52 -0.000544436 3.7056682548759565
15 18 51 54 -0.000481328 3.8922393735663614
15 18 55 58 -0.000326156 3.622704502215606
15 18 57 60 -0.00031271 4.022958461493079
15 18 58 61 -0.000292181 4.034740589352118
15 18 59 62 -0.000273488 4.047156830932984
15 18 62 1 -0.017895885 3.9999078558623324
15 18 63 2 -0.020171379 4.007740519601899
15 18 64 3 -0.023040348 4.02182801761368
16 19 17 20 4.03010125 10.128749184178417
16 19 18 21 -0.846568438 13.29786592790896
16 19 20 23 -2.24875486 10.98948938562275
16 19 21 24 -0.653266321 9.121318555072117
16 19 22 25 -0.28049426 7.930788359310938
16 19 23 26 -0.138390879 6.763054181181414
16 19 24 27 -0.078380103 6.0191598077700545
16 19 25 28 -0.047858307 5.41264700464004
16 19 26 29 -0.032365842 5.140503623530425
16 19 27 30 -0.022803109 4.903228567051002
16 19 28 31 -0.016423831 4.643728813206021
16 19 29 32 -0.012230712 4.4400968406741645
16 19 30 33 -0.009475848 4.32977267694484
16 19 31 34 -0.007347295 4.154797439236265
16 19 32 35 -0.005938894 4.09637660704852
16 19 33 36 -0.004646535 3.8602331250157795
16 19 34 37 -0.003806275 3.7666961569258772
16 19 35 38 -0.003049242 3.55930762602566
16 19 36 39 -0.002565808 3.5019365702876453
16 19 37 40 -0.002196835 3.4783865913630714
16 19 38 41 -0.001913973 3.4908361523265845
16 19 39 42 -0.001726383 3.603675673054692
16 19 40 43 -0.001519675 3.609295060778111
16 19 41 44 -0.001333959 3.585424402038117
16 19 42 45 -0.001146698 3.4707681586668215
16 19 43 46 -0.001033403 3.5062537748374787
16 19 44 47 -0.000911637 3.4527015895617468
16 19 45 48 -0.000844131 3.55474573189976
16 19 46 49 -0.000747347 3.4865718696503043
16 19 47 50 -0.000680271 3.5039505392218078
16 19 48 51 -0.000604039 3.4241940482754734
16 19 49 52 -0.000567441 3.5296835843524295
16 19 50 53 -0.000541304 3.6843505004029398
16 19 51 54 -0.000498157 3.700370620694548
16 19 52 55 -0.000452798 3.661532684306962
16 19 53 56 -0.000410051 3.6012715937111857
16 19 54 57 -0.000374531 3.564516549659031
16 19 55 58 -0.000364828 3.754757800107806
16 19 56 59 -0.000343562 3.8160377371263996
16 19 57 60 -0.000343047 4.104413648588273
16 19 58 61 -0.000319348 4.108355149374475
16 19 59 62 -0.000293445 4.052195222284927
16 19 62 1 -0.015829244 3.9380618801686555
16 19 63 2 -0.017598804 3.933507304801156
16 19 64 3 -0.019806798 3.9353039228587128
17 20 18 21 4.01565591 10.09244408496033
17 20 19 22 -1.07972825 16.960331690366854
17 20 21 24 -2.10301095 10.277250279238269
17 20 22 25 -0.616145594 8.603015429564952
17 20 23 26 -0.257681407 7.285770136780924
17 20 24 27 -0.131954584 6.4485174709184
17 20 25 28 -0.074503006 5.721420132265598
17 20 26 29 -0.047596651 5.383054408214803
17 20 27 30 -0.03201646 5.085013040680879
17 20 28 31 -0.022182749 4.769835928623682
17 20 29 32 -0.015978289 4.517754780540108
17 20 30 33 -0.012027707 4.366400243195534
17 20 31 34 -0.009107892 4.161643572814221
17 20 32 35 -0.007210365 4.077365348466176
17 20 33 36 -0.005533572 3.8168040874645506
17 20 34 37 -0.004460105 3.7053514203699103
17 20 35 38 -0.003521147 3.4845330074340612
17 20 36 39 -0.002936462 3.427662215768562
17 20 37 40 -0.002488406 3.396294646023084
17 20 38 41 -0.002147228 3.3998407180326904
17 20 39 42 -0.00192251 3.5064065225629526
17 20 40 43 -0.001679964 3.5067800125508954
17 20 41 44 -0.001463682 3.4763092195040564
17 20 42 45 -0.001250148 3.360156605532215
17 20 43 46 -0.001119388 3.388107616472459
17 20 44 47 -0.000995373 3.3772210247321763
17 20 45 48 -0.000918471 3.4785844383963873
17 20 46 49 -0.000809868 3.410459770346303
17 20 47 50 -0.000736475 3.43585110758551
17 20 48 51 -0.000653699 3.3670830647473675
17 20 49 52 -0.000611536 3.4666932623658235
17 20 50 53 -0.000581135 3.6148651045529827
17 20 51 54 -0.000533616 3.6320226279928005
17 20 52 55 -0.000474004 3.5209592070204745
17 20 53 56 -0.000427929 3.460430523241697
17 20 54 57 -0.000389471 3.4205278096487737
17 20 55 58 -0.00037739 3.5917264543544376
17 20 56 59 -0.000354321 3.6466212530068907
17 20 57 60 -0.000349826 3.8856137099795087
17 20 58 61 -0.000322558 3.8592713466706785
17 20 59 62 -0.000296898 3.8195398973501717
17 20 60 63 -0.000262159 3.620165439107819
17 20 61 64 -0.00024711 3.65680733520977
17 20 62 1 -0.013657367 3.7453668514123493
17 20 63 2 -0.015034531 3.7403500392889226
17 20 64 3 -0.016728343 3.7389506348112795
18 21 19 22 3.83276294 9.632783916204156
18 21 20 23 -0.923533687 14.506833232109509
18 21 22 25 -2.06697547 10.101147702648031
18 21 23 26 -0.59241581 8.271685140295297
18 21 24 27 -0.25631461 7.247124862053587
18 21 25 28 -0.129210591 6.314420675913705
18 21 26 29 -0.076562177 5.879553113036568
18 21 27 30 -0.048605444 5.497146208615344
18 21 28 31 -0.032165223 5.108640318492693
18 21 29 32 -0.02228105 4.790973058274279
18 21 30 33 -0.016205057 4.5818719219983395
18 21 31 34 -0.011904975 4.321845031246334
18 21 32 35 -0.009190974 4.199605998292756
18 21 33 36 -0.00690038 3.9020729606960303
18 21 34 37 -0.005477213 3.7779302349935944
18 21 35 38 -0.004254368 3.534429909514752
18 21 36 39 -0.003506667 3.4702035750225075
18 21 37 40 -0.002934049 3.424845578288952
18 21 38 41 -0.002509361 3.4248950248629573
18 21 39 42 -0.002217774 3.511540622884124
18 21 40 43 -0.001915015 3.492736623895788
18 21 41 44 -0.001646424 3.4367681541890756
18 21 42 45 -0.001388659 3.2981262900324544
18 21 43 46 -0.001243065 3.3411188682107262
18 21 44 47 -0.001111189 3.3632912933142176
18 21 45 48 -0.001018701 3.456371064028955
18 21 46 49 -0.000885591 3.3540558943982934
18 21 47 50 -0.000801598 3.3756337217794203
18 21 48 51 -0.000700196 3.2665999553643283
18 21 49 52 -0.000660185 3.4004912553028857
18 21 50 53 -0.000621071 3.5207455507947274
18 21 51 54 -0.000575619 3.5805536349001237
18 21 52 55 -0.000527379 3.589570892792224
18 21 53 56 -0.000475216 3.529962090031818
18 21 54 57 -0.000432052 3.493770995720369
18 21 55 58 -0.000415041 3.6450962527234037
18 21 56 59 -0.000393091 3.7411572740895096
18 21 57 60 -0.000376224 3.8720438085557007
18 21 58 61 -0.000345796 3.840851390279951
18 21 59 62 -0.000312745 3.74186291245147
18 21 60 63 -0.000274756 3.5346870104761368
18 21 61 64 -0.000259235 3.579787791405657
18 21 62 1 -0.012948596 3.8791981872960912
18 21 63 2 -0.014062945 3.8565916868335632
18 21 64 3 -0.015429995 3.8387351360995483
19 22 20 23 4.09079866 10.281298414056758
19 22 21 24 -0.813431845 12.777357542239983
19 22 23 26 -2.08585454 10.193408243388088
19 22 24 27 -0.621713134 8.680752952954139
19 22 25 28 -0.258735633 7.315577674692335
19 22 26 29 -0.13734224 6.711808012179916
19 22 27 30 -0.080596379 6.189357586434945
19 22 28 31 -0.050194052 5.676813540615768
19 22 29 32 -0.033047576 5.248780000127824
19 22 30 33 -0.023022879 4.950484515447372
19 22 31 34 -0.016357921 4.625093199744192
19 22 32 35 -0.012273441 4.455608684784726
19 22 33 36 -0.008980099 4.103251475378212
19 22 34 37 -0.006970878 3.9419386404967294
19 22 35 38 -0.005314035 3.6653775371368953
19 22 36 39 -0.004314233 3.5841643580939775
19 22 37 40 -0.00356271 3.5256638223043244
19 22 38 41 -0.00300781 3.510945038352561
19 22 39 42 -0.002636963 3.5990522923755086
19 22 40 43 -0.002261719 3.581121496621774
19 22 41 44 -0.001937799 3.5342916567487124
19 22 42 45 -0.001627695 3.397672981402595
19 22 43 46 -0.001446928 3.4365177315554645
19 22 44 47 -0.001270582 3.4150792547525035
19 22 45 48 -0.001158694 3.5070770515325695
19 22 46 49 -0.001005598 3.411913632405769
19 22 47 50 -0.000904464 3.4255348241694623
19 22 48 51 -0.000790381 3.3283974718671208
19 22 49 52 -0.000738358 3.444635801751074
19 22 50 53 -0.000694087 3.5751142087739254
19 22 51 54 -0.00063848 3.619434202001732
19 22 52 55 -0.000581165 3.615051715156606
19 22 53 56 -0.0005226 3.557042939846327
19 22 54 57 -0.000473373 3.5162720624823907
19 22 55 58 -0.000455755 3.6854443450198975
19 22 56 59 -0.000430144 3.777738301833929
19 22 57 60 -0.000412919 3.9298659100812947
19 22 58 61 -0.000379466 3.9054100106782066
19 22 59 62 -0.000344879 3.8306660187751134
19 22 60 63 -0.000309707 3.705514515105301
19 22 62 1 -0.011818724 3.8354292118243443
19 22 63 2 -0.012729063 3.813429511244134
19 22 64 3 -0.013838586 3.795063958874285
20 23 21 24 4.18074759 10.507364732205767
20 23 22 25 -0.884692997 13.896725100287714
20 23 24 27 -2.28372206 11.160371361279692
20 23 25 28 -0.623366362 8.703836370463067
20 23 26 29 -0.278264648 7.867747565194938
20 23 27 30 -0.147005459 7.184041978275483
20 23 28 31 -0.084998666 6.527428958613017
20 23 29 32 -0.052755002 5.966450162039358
20 23 30 33 -0.034954145 5.551590748972571
20 23 31 34 -0.023873964 5.1334886963679915
20 23 32 35 -0.017328166 4.899423510520592
20 23 33 36 -0.012306524 4.467618756134621
20 23 34 37 -0.009315966 4.256718242646686
20 23 35 38 -0.006949379 3.929781242414015
20 23 36 39 -0.005532271 3.8159067173539256
20 23 37 40 -0.004492317 3.732112400201766
20 23 38 41 -0.003742373 3.703458629994723
20 23 39 42 -0.003236665 3.77808203395806
20 23 40 43 -0.002744056 3.745217903022063
20 23 41 44 -0.00232466 3.6807799281594105
20 23 42 45 -0.001933075 3.525675699269902
20 23 43 46 -0.001702434 3.5536842003085014
20 23 44 47 -0.001508728 3.583295453605302
20 23 45 48 -0.001366951 3.674100532168085
20 23 46 49 -0.001181346 3.5756389922790612
20 23 47 50 -0.001058134 3.590164080986683
20 23 48 51 -0.000921324 3.489389789248776
20 23 49 52 -0.000857329 3.6103242311725188
20 23 50 53 -0.000803976 3.7507611664648057
20 23 51 54 -0.000737009 3.7961975197551054
20 23 52 55 -0.00065987 3.740690463091848
20 23 53 56 -0.000591336 3.6783189301383374
20 23 54 57 -0.000533734 3.632825787324798
20 23 55 58 -0.000510786 3.794180364547895
20 23 56 59 -0.000479578 3.8780880694582662
20 23 57 60 -0.000461396 4.052208891703633
20 23 58 61 -0.000422627 4.022259668312496
20 23 59 62 -0.000383578 3.9477301288545616
20 23 60 63 -0.000337478 3.748461073838035
20 23 61 64 -0.000317284 3.7961701460111343
20 23 62 1 -0.011590813 4.0421235704775755
20 23 63 2 -0.012375996 4.016275918095832
20 23 64 3 -0.013320906 3.990736478946569
21 24 22 25 3.87426921 9.737100550532087
21 24 23 26 -1.10284385 17.323430686083455
21 24 25 28 -2.06834768 10.107853585756093
21 24 26 29 -0.630485259 8.803234923871345
21 24 27 30 -0.280588915 7.933464666384568
21 24 28 31 -0.146788113 7.173420448990572
21 24 29 32 -0.084703351 6.504750394658698
21 24 30 33 -0.052888679 5.981568674560899
21 24 31 34 -0.034528884 5.484048686836627
21 24 32 35 -0.024147024 5.192203303771699
21 24 33 36 -0.016586381 4.689688742931713
21 24 34 37 -0.012207445 4.431650256927285
21 24 35 38 -0.008890521 4.062320850820351
21 24 36 39 -0.006953283 3.9319889024035453
21 24 37 40 -0.005555882 3.8321925018904106
21 24 38 41 -0.004560174 3.788486416358794
21 24 39 42 -0.0038989 3.8583580130805846
21 24 40 43 -0.003276406 3.8244707575706447
21 24 41 44 -0.002755032 3.760198468908317
21 24 42 45 -0.002276815 3.6050239399018644
21 24 43 46 -0.001988632 3.6270043930993388
21 24 44 47 -0.001747005 3.646722320136906
21 24 45 48 -0.00157615 3.743425673282392
21 24 46 49 -0.001358 3.6500419712807988
21 24 47 50 -0.001211633 3.6673101691901064
21 24 48 51 -0.001056319 3.5840059310671157
21 24 49 52 -0.000976275 3.6975092546149337
21 24 50 53 -0.000915841 3.8567258942614453
21 24 51 54 -0.000834299 3.892225999806488
21 24 52 55 -0.000724216 3.7303031346523086
21 24 53 56 -0.000646089 3.6625683249860557
21 24 54 57 -0.000580397 3.6102744837038507
21 24 55 58 -0.000555749 3.7826694542224577
21 24 56 59 -0.000519064 3.8556703526402214
21 24 57 60 -0.000504074 4.076173981133635
21 24 58 61 -0.000462776 4.064328737282161
21 24 59 62 -0.000419785 3.9952115573840787
21 24 60 63 -0.000370786 3.8160766872903755
21 24 61 64 -0.000348088 3.866309265404364
21 24 62 1 -0.010922585 4.062170745516101
21 24 63 2 -0.011579112 4.038043020830354
21 24 64 3 -0.012367322 4.013461019213062
22 25 23 26 3.97225483 9.98336527369164
22 25 24 27 -0.853498134 13.406717338135012
22 25 26 29 -2.13667936 10.441785169593457
22 25 27 30 -0.632850719 8.836262976130726
22 25 28 31 -0.278985162 7.888119618597815
22 25 29 32 -0.14511521 7.091666985824398
22 25 30 33 -0.083782183 6.434009770577049
22 25 31 34 -0.051620216 5.838108889043481
22 25 32 35 -0.034477433 5.47587698372029
22 25 33 36 -0.02273377 4.888318978818505
22 25 34 37 -0.016178047 4.574235024416729
22 25 35 38 -0.011444711 4.154756088895631
22 25 36 39 -0.008741254 3.9941166987307932
22 25 37 40 -0.006841266 3.8686447812336553
22 25 38 41 -0.005517493 3.8057135309628296
22 25 39 42 -0.004641718 3.856231273536516
22 25 40 43 -0.003845673 3.8056844841462083
22 25 41 44 -0.003194739 3.7291428118403163
22 25 42 45 -0.002609547 3.5616336339992754
22 25 43 46 -0.00225903 3.5768638343284405
22 25 44 47 -0.001971573 3.595891010662627
22 25 45 48 -0.00176628 3.686957220850206
22 25 46 49 -0.0015087 3.5832289523720107
22 25 47 50 -0.001339871 3.6013147173063147
22 25 48 51 -0.001156519 3.5004938703069106
22 25 49 52 -0.001068067 3.6238659560010387
22 25 50 53 -0.000996093 3.7725672438167046
22 25 51 54 -0.000905193 3.811885777557677
22 25 52 55 -0.00080561 3.7583842096228146
22 25 53 56 -0.000718033 3.698455641250402
22 25 54 57 -0.00064546 3.659002631286866
22 25 55 58 -0.000616971 3.837777690934393
22 25 56 59 -0.000576734 3.9255024930526816
22 25 57 60 -0.000556601 4.13449974174649
22 25 58 61 -0.000510087 4.124797862049049
22 25 59 62 -0.000462776 4.064328737282161
22 25 60 63 -0.00038689 3.682140618260124
22 25 61 64 -0.000361775 3.723336759059068
22 25 62 1 -0.010345988 4.073344786832124
22 25 63 2 -0.010896969 4.0526440111563184
22 25 64 3 -0.011543531 4.0256346765009985
23 26 24 27 4.11151969 10.333376042555008
23 26 25 28 -0.939847381 14.763088138226069
23 26 27 30 -2.09194302 10.223162169671799
23 26 28 31 -0.625855466 8.738590818642717
23 26 29 32 -0.27433396 7.756609980295756
23 26 30 33 -0.141565511 6.918195967811098
23 26 31 34 -0.080753694 6.201438511171155
23 26 32 35 -0.050900539 5.7567153379018094
23 26 33 36 -0.031899722 5.066472132274922
23 26 34 37 -0.02176839 4.680738565373141
23 26 35 38 -0.01485433 4.199962860179856
23 26 36 39 -0.011039009 4.0074747067115695
23 26 37 40 -0.008430097 3.851940602529152
23 26 38 41 -0.006658219 3.7651341413505577
23 26 39 42 -0.005503912 3.7963459802538377
23 26 40 43 -0.004493178 3.732827698961086
23 26 41 44 -0.00368658 3.648245783134377
23 26 42 45 -0.002978131 3.4763014479019456
23 26 43 46 -0.002553526 3.4851735135989634
23 26 44 47 -0.002207899 3.495904916247208
23 26 45 48 -0.001963321 3.5808404431107346
23 26 46 49 -0.00166667 3.4790299336879844
23 26 47 50 -0.001472696 3.4977178665357265
23 26 48 51 -0.001265447 3.4012773655606576
23 26 49 52 -0.001162095 3.517371028244507
23 26 50 53 -0.001079404 3.662331490787886
23 26 51 54 -0.000977343 3.7015541598761863
23 26 52 55 -0.000845573 3.5608181819642635
23 26 53 56 -0.000749938 3.4986595714999993
23 26 54 57 -0.000670432 3.4532716636627976
23 26 55 58 -0.000637657 3.6147687553969092
23 26 56 59 -0.000592579 3.6860508294817933
23 26 57 60 -0.000570258 3.881424019883059
23 26 58 61 -0.000520172 3.86390071103673
23 26 59 62 -0.000470636 3.8057789486956466
23 26 60 63 -0.000405963 3.5653687468089927
23 26 61 64 -0.000378156 3.599016691149359
23 26 62 1 -0.009453416 3.9122142031388614
23 26 63 2 -0.009891506 3.8944095430053345
23 26 64 3 -0.010404694 3.8695641721119043
24 27 25 28 3.87573821 9.740792550218588
24 27 26 29 -0.881522835 13.846928312038266
24 27 28 31 -2.0784493 10.15721941381598
24 27 29 32 -0.632670169 8.833742022559145
24 27 30 33 -0.273479816 7.732459627656185
24 27 31 34 -0.140377217 6.860124968022356
24 27 32 35 -0.082333187 6.322734865964847
24 27 33 36 -0.048553518 5.491273516370653
24 27 34 37 -0.031524467 5.0068722711853235
24 27 35 38 -0.020624025 4.434671980367854
24 27 36 39 -0.014817077 4.18942982257868
24 27 37 40 -0.010989259 3.9894140396119315
24 27 38 41 -0.008469709 3.8700404027031463
24 27 39 42 -0.006852738 3.875132044399612
24 27 40 43 -0.005495937 3.7908451911437426
24 27 41 44 -0.004436921 3.6860906928018697
24 27 42 45 -0.003533618 3.4968743300586804
24 27 43 46 -0.002997455 3.4988578932628975
24 27 44 47 -0.002550341 3.480826474390898
24 27 45 48 -0.002242139 3.550119255006501
24 27 46 49 -0.001882658 3.4337216924517024
24 27 47 50 -0.001647044 3.4380623507360144
24 27 48 51 -0.001402074 3.329987505911072
24 27 49 52 -0.001280628 3.442080964357428
24 27 50 53 -0.001178673 3.567548489558976
24 27 51 54 -0.001063335 3.607810658249309
24 27 52 55 -0.000934485 3.5392352931283053
24 27 53 56 -0.00082496 3.4740141506330486
24 27 54 57 -0.000734903 3.4285173108631164
24 27 55 58 -0.000696848 3.5893356108898344
24 27 56 59 -0.000647562 3.6709185107076894
24 27 57 60 -0.000615204 3.826786326380984
24 27 58 61 -0.000558929 3.804313917576287
24 27 59 62 -0.000501128 3.7224395690664136
24 27 60 63 -0.000450398 3.642125181530146
24 27 61 64 -0.000417912 3.6703108010248213
24 27 62 1 -0.008874498 3.83370074479556
24 27 63 2 -0.009220982 3.8160234086057137
24 27 64 3 -0.009634502 3.7932238559936153
25 28 26 29 4.16454393 10.466640492831953
25 28 27 30 -0.850370853 13.357594123058458
25 28 29 32 -2.27434997 11.114570689357585
25 28 30 33 -0.649654008 9.070881150702041
25 28 31 34 -0.278752298 7.881535544112645
25 28 32 35 -0.147937272 7.229578951891564
25 28 33 36 -0.080732582 6.199817225959758
25 28 34 37 -0.04927831 5.573245560383557
25 28 35 38 -0.030634337 4.865497407821252
25 28 36 39 -0.021108856 4.538922554681729
25 28 37 40 -0.015111079 4.272556929679344
25 28 38 41 -0.011306017 4.104406216278202
25 28 39 42 -0.008918049 4.074899142731633
25 28 40 43 -0.007005564 3.961553111397564
25 28 41 44 -0.005556901 3.8328953613390864
25 28 42 45 -0.004358042 3.620559855593473
25 28 43 46 -0.003637877 3.6000492122269248
25 28 44 47 -0.003052771 3.5634269437486363
25 28 45 48 -0.002654413 3.622868880815298
25 28 46 49 -0.002213809 3.5052625897888965
25 28 47 50 -0.001922423 3.506247845954007
25 28 48 51 -0.001626313 3.3947881755511933
25 28 49 52 -0.001469844 3.4909442409162104
25 28 50 53 -0.001347694 3.622341431843376
25 28 51 54 -0.001205197 3.6478300062621347
25 28 52 55 -0.001054101 3.5764804343610006
25 28 53 56 -0.000926014 3.5071525286450984
25 28 54 57 -0.000822068 3.461835561460688
25 28 55 58 -0.000779632 3.6371899530997065
25 28 56 59 -0.000719307 3.7050177804375326
25 28 57 60 -0.000691508 3.9200408879805373
25 28 58 61 -0.000628167 3.9074207682065847
25 28 59 62 -0.000565556 3.849420162433466
25 28 60 63 -0.000490574 3.64404317690328
25 28 61 64 -0.000457566 3.700088923156903
25 28 62 1 -0.008613009 3.857591798332445
25 28 63 2 -0.008901877 3.845528218607798
25 28 64 3 -0.009236627 3.822497956135211
26 29 27 30 3.94840085 9.92341368303014
26 29 28 31 -1.07951945 16.95705186763651
26 29 30 33 -2.11400537 10.330979151175463
26 29 31 34 -0.617347817 8.619801629319515
26 29 32 35 -0.281296297 7.9534654212349025
26 29 33 36 -0.139132089 6.799276535037794
26 29 34 37 -0.078954658 6.063282464298756
26 29 35 38 -0.046324533 5.239181251936026
26 29 36 39 -0.030522637 4.847756659573505
26 29 37 40 -0.021021923 4.520229824272931
26 29 38 41 -0.015229661 4.306085200283663
26 29 39 42 -0.01168522 4.242067706653755
26 29 40 43 -0.008972691 4.099866558694153
26 29 41 44 -0.006979281 3.9466904250489905
26 29 42 45 -0.005378213 3.7096445770751663
26 29 43 46 -0.004427283 3.6780836667364465
26 29 44 47 -0.003676848 3.638614979527385
26 29 45 48 -0.003160039 3.6886383275707537
26 29 46 49 -0.002605134 3.5556105620918372
26 29 47 50 -0.002240872 3.548113134468883
26 29 48 51 -0.001878982 3.4270171497565065
26 29 49 52 -0.001688946 3.5255291631712256
26 29 50 53 -0.001538185 3.653257126071679
26 29 51 54 -0.001369615 3.6812608501441466
26 29 52 55 -0.001196735 3.622217647856836
26 29 53 56 -0.001046532 3.5507994223823776
26 29 54 57 -0.000923975 3.4994300924768464
26 29 55 58 -0.000871781 3.671183487990969
26 29 56 59 -0.000803389 3.7480226558566345
26 29 57 60 -0.00076544 3.942640360594441
26 29 58 61 -0.000692675 3.9266564119025653
26 29 59 62 -0.000619511 3.853577388707827
26 29 60 63 -0.000539317 3.670826114024304
26 29 61 64 -0.000501758 3.7271192854832016
26 29 62 1 -0.008609114 3.970997076768575
26 29 63 2 -0.008841405 3.959885727941939
26 29 64 3 -0.009117132 3.9385163801715244
27 30 28 31 3.89029107 9.777367876670363
27 30 29 32 -0.865112196 13.589150597422694
27 30 31 34 -2.08077675 10.168593480205132
27 30 32 35 -0.659550535 9.209062735232054
27 30 33 36 -0.275150741 7.7797039189984805
27 30 34 37 -0.139871418 6.835406965893131
27 30 35 38 -0.075716951 5.814644415893337
27 30 36 39 -0.046953832 5.310353292087237
27 30 37 40 -0.03074232 4.882647803685499
27 30 38 41 -0.02136265 4.593494498838386
27 30 39 42 -0.015821836 4.47351873695122
27 30 40 43 -0.011805042 4.285566505713308
27 30 41 44 -0.008963935 4.0958657041469575
27 30 42 45 -0.006763727 3.824797509735649
27 30 43 46 -0.005465966 3.7701725704015887
27 30 44 47 -0.004481614 3.7232205969253362
27 30 45 48 -0.003803078 3.7635324003361164
27 30 46 49 -0.003104273 3.6235440027933343
27 30 47 50 -0.002648689 3.615056493868057
27 30 48 51 -0.002204225 3.490087641696926
27 30 49 52 -0.001967823 3.5890515016563747
27 30 50 53 -0.00178476 3.725532627604125
27 30 51 54 -0.001578017 3.7478598805164864
27 30 52 55 -0.001339064 3.599145657018521
27 30 53 56 -0.001162753 3.5193626297371434
27 30 54 57 -0.001019658 3.459618088531999
27 30 55 58 -0.000954071 3.6134146137714525
27 30 56 59 -0.000870657 3.666450177399775
27 30 57 60 -0.000831687 3.880040327389891
27 30 58 61 -0.000750277 3.864538542309933
27 30 59 62 -0.000671268 3.8053037807124714
27 30 60 63 -0.00057938 3.6039483842410234
27 30 61 64 -0.000537816 3.660609655063896
27 30 62 1 -0.008607894 4.062050424993521
27 30 63 2 -0.00879987 4.058984239951228
27 30 64 3 -0.009024212 4.041761270377545
28 31 29 32 4.30047638 10.808276001875523
28 31 30 33 -0.809875522 12.721494951187022
28 31 32 35 -2.26151302 11.0518375172017
28 31 33 36 -0.660921762 9.228208675985849
28 31 34 37 -0.282653972 7.991852777488565
28 31 35 38 -0.136862734 6.688374928427327
28 31 36 39 -0.078514919 6.029512933341277
28 31 37 40 -0.048231487 5.4548526683128395
28 31 38 41 -0.031814225 5.0528930745046665
28 31 39 42 -0.022547489 4.848263988040764
28 31 40 43 -0.016225173 4.587559587002105
28 31 41 44 -0.011953696 4.339532142035509
28 31 42 45 -0.008774211 4.0091756484009515
28 31 43 46 -0.006944349 3.9269368444254544
28 31 44 47 -0.005614513 3.8726334757228886
28 31 45 48 -0.004687893 3.894592388764875
28 31 46 49 -0.00376597 3.726810260976452
28 31 47 50 -0.003175045 3.706154474283983
28 31 48 51 -0.002609576 3.5616732145760523
28 31 49 52 -0.00231536 3.666054655073504
28 31 50 53 -0.002079032 3.79188215687674
28 31 51 54 -0.001832963 3.826152234301049
28 31 52 55 -0.001558134 3.700636879747605
28 31 53 56 -0.001345227 3.6157106118557847
28 31 54 57 -0.001175266 3.557236352347105
28 31 55 58 -0.00109502 3.715315330536621
28 31 56 59 -0.001000692 3.7899853330456352
28 31 57 60 -0.000940969 3.9625431794354022
28 31 58 61 -0.000844551 3.9400542975151227
28 31 59 62 -0.000749978 3.862998448419076
28 31 60 63 -0.000643918 3.6502612963359096
28 31 61 64 -0.000590592 3.6736909871684813
28 31 62 1 -0.008618012 4.133476131743302
28 31 63 2 -0.008752496 4.1302878609511335
28 31 64 3 -0.0089187 4.113795174343828
29 32 30 33 3.93412931 9.887545390854608
29 32 31 34 -1.04377933 16.395647375484415
29 32 33 36 -2.10098576 10.2673533338643
29 32 34 37 -0.641632213 8.958875762966025
29 32 35 38 -0.263485566 7.449878866252928
29 32 36 39 -0.136992965 6.694739215694187
29 32 37 40 -0.078086003 5.996574549117547
29 32 38 41 -0.048576901 5.493918071367333
29 32 39 42 -0.032796574 5.2089146170330975
29 32 40 43 -0.022691055 4.879134204573836
29 32 41 44 -0.016181817 4.575300966804092
29 32 42 45 -0.011545262 4.191258966032025
29 32 43 46 -0.008921543 4.076495646362046
29 32 44 47 -0.007054525 3.989239904621798
29 32 45 48 -0.005784235 3.9896999245434084
29 32 46 49 -0.004577911 3.8032219031114822
29 32 47 50 -0.00381214 3.7725001708135677
29 32 48 51 -0.003096775 3.6147917658177384
29 32 49 52 -0.002719953 3.712320984330703
29 32 50 53 -0.002423163 3.8367459039423144
29 32 51 54 -0.002117955 3.8628726126235065
29 32 52 55 -0.001779688 3.7149452648846513
29 32 53 56 -0.001525247 3.622528806203057
29 32 54 57 -0.001320972 3.5505178519048153
29 32 55 58 -0.001225891 3.7104655705305394
29 32 56 59 -0.001113501 3.778019886274094
29 32 57 60 -0.001049185 3.9736459986204395
29 32 58 61 -0.000939375 3.9558306375471783
29 32 59 62 -0.00083121 3.8778149959416837
29 32 60 63 -0.000710746 3.660921647328407
29 32 61 64 -0.000652814 3.700691202771518
29 32 62 1 -0.008606926 4.168558466636879
29 32 63 2 -0.008693523 4.169693639468294
29 32 64 3 -0.008799851 4.152634604286445
30 33 31 34 3.92508206 9.864807171546456
30 33 32 35 -0.885614665 13.911202627376957
30 33 34 37 -2.13096044 10.413837254169174
30 33 35 38 -0.607238745 8.47865235674258
30 33 36 39 -0.26911967 7.609179403876575
30 33 37 40 -0.138071911 6.74746646411761
30 33 38 41 -0.079579594 6.111274103881427
30 33 39 42 -0.050564267 5.718683870688723
30 33 40 43 -0.033323399 5.292587577602651
30 33 41 44 -0.022820887 4.907051273747051
30 33 42 45 -0.01571125 4.442251282084131
30 33 43 46 -0.011801445 4.284260692254868
30 33 44 47 -0.009124702 4.169324519015494
30 33 45 48 -0.007323688 4.141447995237073
30 33 46 49 -0.00569157 3.9257838589776393
30 33 47 50 -0.004657458 3.869307699171477
30 33 48 51 -0.003722687 3.6839773312064743
30 33 49 52 -0.003225786 3.7653832361376396
30 33 50 53 -0.002848324 3.8875278195515746
30 33 51 54 -0.002471345 3.913035485428887
30 33 52 55 -0.002098298 3.827020818347264
30 33 53 56 -0.001779495 3.714542394024072
30 33 54 57 -0.00153543 3.646713879724635
30 33 55 58 -0.001408568 3.7859589980876676
30 33 56 59 -0.001274673 3.8581164884845998
30 33 57 60 -0.001184739 4.0197247259270386
30 33 58 61 -0.001053815 3.9911814961481515
30 33 59 62 -0.000927049 3.903924243999972
30 33 60 63 -0.000795626 3.711806202958456
30 33 61 64 -0.000727458 3.747002079114379
30 33 62 1 -0.008732153 4.242950206559153
30 33 63 2 -0.008768193 4.246664275637575
30 33 64 3 -0.008818595 4.229682199097754
31 34 32 35 3.94104505 9.904926541237117
31 34 33 36 -0.893316136 14.032177050954134
31 34 35 38 -1.94864082 9.522855509373402
31 34 36 39 -0.612371035 8.550312643676325
31 34 37 40 -0.265326774 7.501937795991704
31 34 38 41 -0.137529082 6.720938834806748
31 34 39 42 -0.080724321 6.199182826701926
31 34 40 43 -0.050042435 5.659666061894833
31 34 41 44 -0.03258839 5.175849801158353
31 34 42 45 -0.021475986 4.617864522806403
31 34 43 46 -0.015571175 4.402646008898488
31 34 44 47 -0.011740173 4.2620172109578025
31 34 45 48 -0.009194081 4.201025671097478
31 34 46 49 -0.006995179 3.955680532250209
31 34 47 50 -0.005627356 3.881491987891034
31 34 48 51 -0.004430539 3.6807886757496253
31 34 49 52 -0.003793712 3.754263790946157
31 34 50 53 -0.003311522 3.865460828740961
31 34 51 54 -0.002847015 3.8857412342067215
31 34 52 55 -0.002389797 3.783915424180557
31 34 53 56 -0.002012931 3.671322587590788
31 34 54 57 -0.001725822 3.602504633921091
31 34 55 58 -0.001576214 3.7435776761013435
31 34 56 59 -0.001420725 3.81863466837107
31 34 57 60 -0.001307872 3.958601561363056
31 34 58 61 -0.001158126 3.9294289442138544
31 34 59 62 -0.001012278 3.8338657378741603
31 34 60 63 -0.000891306 3.7534058094260816
31 34 61 64 -0.000811036 3.7836979380043063
31 34 62 1 -0.008299251 4.019543449402793
31 34 63 2 -0.00827119 4.018968439855555
31 34 64 3 -0.008265116 4.003010979708194
32 35 33 36 4.15484246 10.442258039327138
32 35 34 37 -0.689100489 10.824365169137693
32 35 36 39 -2.27139084 11.100109652139114
32 35 37 40 -0.650916379 9.088507174967395
32 35 38 41 -0.282050149 7.9747800843807495
32 35 39 42 -0.14811239 7.238136831794185
32 35 40 43 -0.084790105 6.511412623591509
32 35 41 44 -0.051859032 5.86511834232523
32 35 42 45 -0.032392558 5.144746791213387
32 35 43 46 -0.022492797 4.836503864594914
32 35 44 47 -0.016359127 4.6254341882108125
32 35 45 48 -0.012417668 4.507967194006421
32 35 46 49 -0.009204717 4.2058855487772355
32 35 47 50 -0.007247438 4.098329636066552
32 35 48 51 -0.005602191 3.864134325451466
32 35 49 52 -0.004723955 3.9245518589839348
32 35 50 53 -0.004050876 4.008753718894003
32 35 51 54 -0.003429928 4.003673334920265
32 35 52 55 -0.002854248 3.8956131759938275
32 35 53 56 -0.002394513 3.791382562661539
32 35 54 57 -0.002039822 3.7203682507073603
32 35 55 58 -0.001839519 3.8398373190780344
32 35 56 59 -0.001645823 3.9089021171072846
32 35 57 60 -0.001505122 4.045477519807141
32 35 58 61 -0.001325548 4.012102394165236
32 35 59 62 -0.001152144 3.909132496379778
32 35 60 63 -0.000986596 3.736598643380272
32 35 61 64 -0.000893616 3.7631335206944607
32 35 62 1 -0.009053777 4.342483061247361
32 35 63 2 -0.00898379 4.3510835188995145
32 35 64 3 -0.008931203 4.339668534629631
33 36 34 37 3.93012259 9.877475405161015
33 36 35 38 -1.11042609 17.44253223349223
33 36 37 40 -2.04620199 9.999629328180818
33 36 38 41 -0.615023478 8.587347734533505
33 36 39 42 -0.273703558 7.738785783667681
33 36 40 43 -0.14166862 6.923234824118726
33 36 41 44 -0.080579737 6.188079572580831
33 36 42 45 -0.047413011 5.362285213518215
33 36 43 46 -0.031396413 4.986534099510148
33 36 44 47 -0.021960616 4.722071877182945
33 36 45 48 -0.016114326 4.5562183361235835
33 36 46 49 -0.011619731 4.218293334237913
33 36 47 50 -0.008948458 4.088793841900848
33 36 48 51 -0.00678371 3.8360976300150527
33 36 49 52 -0.005628937 3.8825824891553675
33 36 50 53 -0.004752109 3.947941546870003
33 36 51 54 -0.003964953 3.9237241732380683
33 36 52 55 -0.003252758 3.796867009904748
33 36 53 56 -0.002709793 3.698454133984097
33 36 54 57 -0.002289071 3.6244296331213124
33 36 55 58 -0.002046803 3.7331006806733997
33 36 56 59 -0.001815581 3.7898688078834826
33 36 57 60 -0.001653498 3.9271305801612084
33 36 58 61 -0.001446974 3.889186915575893
33 36 59 62 -0.001255387 3.799742588200437
33 36 60 63 -0.001094868 3.714799606686608
33 36 61 64 -0.000986572 3.7365077466328285
33 36 62 1 -0.008323497 3.92784396813928
33 36 63 2 -0.008192562 3.9294166084738773
33 36 64 3 -0.008092475 3.919396446222179
34 37 35 38 3.68754902 9.267821528787376
34 37 36 39 -0.866203804 13.606297535789693
34 37 38 41 -2.0361546 9.950528517895872
34 37 39 42 -0.619433284 8.648920241792865
34 37 40 43 -0.269417682 7.61760549466551
34 37 41 44 -0.137982934 6.74311822761368
34 37 42 45 -0.075095842 5.766946668812751
34 37 43 46 -0.046862973 5.300077381278387
34 37 44 47 -0.031314109 4.97346216984334
34 37 45 48 -0.022078217 4.747358980915764
34 37 46 49 -0.015394745 4.352761601629932
34 37 47 50 -0.011542996 4.190436343486342
34 37 48 51 -0.008538873 3.9016433154375227
34 37 49 52 -0.006955313 3.933136840359167
34 37 50 53 -0.0057832 3.988986029028806
34 37 51 54 -0.004758244 3.953038362071432
34 37 52 55 -0.003842758 3.8027997952318655
34 37 53 56 -0.003155858 3.6837579457629426
34 37 54 57 -0.002636208 3.5980218325318387
34 37 55 58 -0.002349484 3.720085323759898
34 37 56 59 -0.002069258 3.774055660602842
34 37 57 60 -0.001870575 3.9046640415969573
34 37 58 61 -0.001627941 3.8664315794746758
34 37 59 62 -0.00140156 3.7671228462947837
34 37 60 63 -0.001211025 3.6654699051969106
34 37 61 64 -0.001084937 3.6811045175123835
34 37 62 1 -0.008730766 4.027109672836306
34 37 63 2 -0.008548634 4.034085732562932
34 37 64 3 -0.008403709 4.030689510482972
35 38 36 39 4.0500626 10.178917528591004
35 38 37 40 -0.832185725 13.071942800411508
35 38 39 42 -2.03011374 9.921007306833305
35 38 40 43 -0.600328072 8.382161158839642
35 38 41 44 -0.257651066 7.284912265216601
35 38 42 45 -0.125266754 6.121688441640173
35 38 43 46 -0.072396202 5.5596291996911775
35 38 44 47 -0.045596877 5.156885297154167
35 38 45 48 -0.030585509 4.857742302580061
35 38 46 49 -0.02046839 4.401206632373729
35 38 47 50 -0.014855734 4.200359831827565
35 38 48 51 -0.010661441 3.870406767908034
35 38 49 52 -0.008488439 3.87859864912491
35 38 50 53 -0.006940048 3.924504686224898
35 38 51 54 -0.005631298 3.8842109986336038
35 38 52 55 -0.004484417 3.725549264082566
35 38 53 56 -0.003617955 3.580334367440808
35 38 54 57 -0.002980556 3.479132092696
35 38 55 58 -0.002637702 3.6000609146595774
35 38 56 59 -0.002301736 3.6444829216840002
35 38 57 60 -0.002061194 3.759347980435796
35 38 58 61 -0.001780052 3.7157050835025314
35 38 59 62 -0.001520903 3.6122116148667387
35 38 60 63 -0.001305283 3.508348847127625
35 38 61 64 -0.001158369 3.5060933577862063
35 38 62 1 -0.008752682 3.9201484982323858
35 38 63 2 -0.008532943 3.9358628204055464
35 38 64 3 -0.008340336 3.935790263377868
36 39 37 40 3.78012887 9.500500070091732
36 39 38 41 -0.875929101 13.759062143835589
36 39 40 43 -1.99604755 9.754528496682513
36 39 41 44 -0.588263203 8.213703808542206
36 39 42 45 -0.238051459 6.730746432936578
36 39 43 46 -0.123674927 6.04389709927817
36 39 44 47 -0.072282569 5.550902811739935
36 39 45 48 -0.045632168 5.160876615222329
36 39 46 49 -0.029086349 4.619638272650858
36 39 47 50 -0.020321613 4.369645971966148
36 39 48 51 -0.014096988 3.985829454468907
36 39 49 52 -0.010936125 3.9701248841210344
36 39 50 53 -0.008760867 4.003078411868543
36 39 51 54 -0.0069862 3.9506030273716237
36 39 52 55 -0.005464004 3.768819272817387
36 39 53 56 -0.004328855 3.596311975351565
36 39 54 57 -0.003506006 3.46954944830814
36 39 55 58 -0.003081544 3.597012981958669
36 39 56 59 -0.002669583 3.6435736170119517
36 39 57 60 -0.002382636 3.7725769639044096
36 39 58 61 -0.002047675 3.7346910945009877
36 39 59 62 -0.001732405 3.6162460788702817
36 39 60 63 -0.001482021 3.519865152265739
36 39 61 64 -0.001315932 3.536971304382536
36 39 62 1 -0.008885881 3.8386180951153195
36 39 63 2 -0.008599326 3.851463460538233
36 39 64 3 -0.008347099 3.8501413418962622
37 40 38 41 3.92669734 9.868866812971648
37 40 39 42 -0.860658311 13.519189135443026
37 40 41 44 -2.1367357 10.442060498773618
37 40 42 45 -0.560066615 7.820005169799548
37 40 43 46 -0.242087376 6.844859297715861
37 40 44 47 -0.126502604 6.182083466010334
37 40 45 48 -0.073515352 5.6455737499154335
37 40 46 49 -0.043975213 4.973479419630489
37 40 47 50 -0.029279584 4.650328814169687
37 40 48 51 -0.019466273 4.185726861526365
37 40 49 52 -0.014624504 4.134981089591503
37 40 50 53 -0.011405029 4.140350392577083
37 40 51 54 -0.008891116 4.062592722503262
37 40 52 55 -0.006841291 3.8686589184005964
37 40 53 56 -0.005334811 3.6797078687420797
37 40 54 57 -0.004255312 3.5352141627421605
37 40 55 58 -0.003686029 3.6477005126054562
37 40 56 59 -0.003152674 3.680041338330254
37 40 57 60 -0.002795742 3.815761409617992
37 40 58 61 -0.00238005 3.7684823879689087
37 40 59 62 -0.002003543 3.6542001047772676
37 40 60 63 -0.00167168 3.4894878767527646
37 40 61 64 -0.001468819 3.488509820768943
37 40 62 1 -0.009493132 3.928650325202237
37 40 63 2 -0.009162407 3.958074759836562
37 40 64 3 -0.008840286 3.9593845505691605
38 41 39 42 3.72467446 9.361127936439608
38 41 40 43 -1.00764649 15.828074051997739
38 41 42 45 -1.92413264 9.403085947665403
38 41 43 46 -0.568000605 7.930784568455793
38 41 44 47 -0.247680104 7.002989956500795
38 41 45 48 -0.128153565 6.262764640771985
38 41 46 49 -0.070587615 5.420739688672604
38 41 47 50 -0.044293778 5.009508272323359
38 41 48 51 -0.027972246 4.442690906088105
38 41 49 52 -0.020239129 4.351909885841899
38 41 50 53 -0.015297708 4.325325036260557
38 41 51 54 -0.011618444 4.217826116578471
38 41 52 55 -0.00876282 4.003970790686573
38 41 53 56 -0.006699109 3.7882568915995094
38 41 54 57 -0.005253998 3.6239667690111514
38 41 55 58 -0.004470197 3.7137356190680073
38 41 56 59 -0.003780665 3.74135245775047
38 41 57 60 -0.003323299 3.879207840592334
38 41 58 61 -0.002805228 3.828708352766407
38 41 59 62 -0.002340799 3.7063338187328987
38 41 60 63 -0.001937348 3.5334690917988936
38 41 61 64 -0.001693854 3.5357741900298962
38 41 62 1 -0.009816329 3.8648114184917866
38 41 63 2 -0.009401998 3.8909353098904322
38 41 64 3 -0.009015055 3.8944200638585906
39 42 40 43 4.05561333 10.192868034663052
39 42 41 44 -0.728939487 11.450154686353587
39 42 43 46 -2.25900506 11.039581312539367
39 42 44 47 -0.640198818 8.938861793180727
39 42 45 48 -0.268845284 7.601421322499945
39 42 46 49 -0.130201901 6.362865221455951
39 42 47 50 -0.075060278 5.764215549673962
39 42 48 51 -0.044209614 4.9999895481758765
39 42 49 52 -0.030439902 4.834616276348103
39 42 50 53 -0.022079871 4.747714631544365
39 42 51 54 -0.016218803 4.585758511933802
39 42 52 55 -0.011907829 4.322881114540854
39 42 53 56 -0.00889221 4.063092600858063
39 42 54 57 -0.006848866 3.872942479983766
39 42 55 58 -0.005718185 3.9441416648917698
39 42 56 59 -0.004753585 3.9491677733145525
39 42 57 60 -0.004105279 4.0625910194109744
39 42 58 61 -0.003419556 3.991566346135138
39 42 59 62 -0.00282784 3.8595702838724537
39 42 60 63 -0.002345351 3.713541285731505
39 42 61 64 -0.002031388 3.7049857389850303
39 42 62 1 -0.010937748 4.067809950430895
39 42 63 2 -0.010404132 4.096236806355592
39 42 64 3 -0.009910064 4.101194016513726
40 43 41 44 4.21046171 10.582044461085674
40 43 42 45 -1.10422508 17.345126996188046
40 43 44 47 -2.28067133 11.145462682014669
40 43 45 48 -0.632175488 8.826834972801498
40 43 46 49 -0.251093708 7.099507335738778
40 43 47 50 -0.129251404 6.31641517535103
40 43 48 51 -0.069832186 5.362726906086391
40 43 49 52 -0.045336519 5.127439501070446
40 43 50 53 -0.031378551 4.983697168040128
40 43 51 54 -0.022191699 4.771760398470101
40 43 52 55 -0.01579134 4.464896196090472
40 43 53 56 -0.011468674 4.163455340467663
40 43 54 57 -0.008638699 3.9472565299222517
40 43 55 58 -0.007080456 4.003903539659841
40 43 56 59 -0.005776793 3.9845667743794793
40 43 57 60 -0.004911748 4.080565912304546
40 43 58 61 -0.00404784 4.005749288175668
40 43 59 62 -0.003323295 3.879203171487519
40 43 60 63 -0.002734286 3.731883343190731
40 43 61 64 -0.002339197 3.7037972716916485
40 43 62 1 -0.011630455 4.055948128132061
40 43 63 2 -0.010983545 4.084842112106213
40 43 64 3 -0.010394922 4.092610714242714
41 44 42 45 3.73787358 9.394300943180287
41 44 43 46 -1.19566995 18.781539655190418
41 44 45 48 -2.11704935 10.345854843717621
41 44 46 49 -0.562453396 7.853330919378783
41 44 47 50 -0.242336171 6.85189381061411
41 44 48 51 -0.116257444 5.681410497708192
41 44 49 52 -0.070008385 5.376258017916766
41 44 50 53 -0.045763291 5.175706277148929
41 44 51 54 -0.030920228 4.9109040350128055
41 44 52 55 -0.021208447 4.560337066019687
41 44 53 56 -0.014910065 4.215721560169161
41 44 54 57 -0.010947605 3.9742924511221167
41 44 55 58 -0.00878177 4.012629561091934
41 44 56 59 -0.007027032 3.973692979393272
41 44 57 60 -0.005868601 4.047891720664076
41 44 58 61 -0.004765729 3.9592567258501927
41 44 59 62 -0.003871082 3.830829273382753
41 44 60 63 -0.003187094 3.720218985262772
41 44 61 64 -0.002708798 3.697096110746413
41 44 62 1 -0.011870943 3.852375396371192
41 44 63 2 -0.011080376 3.864116261676729
41 44 64 3 -0.010386317 3.862729662534698
42 45 43 46 3.84996183 9.676009441383275
42 45 44 47 -0.963324775 15.131870180805235
42 45 46 49 -1.89086609 9.240514915747195
42 45 47 50 -0.551341612 7.698181146122442
42 45 48 51 -0.216816019 6.130328512238857
42 45 49 52 -0.117083892 5.7217983660584535
42 45 50 53 -0.070810855 5.437883289970073
42 45 51 54 -0.045083988 5.098878917831914
42 45 52 55 -0.029499139 4.685199628686554
42 45 53 56 -0.01990861 4.280840182024181
42 45 54 57 -0.014152258 4.001456678805658
42 45 55 58 -0.011051356 4.011957019408639
42 45 56 59 -0.008632397 3.944376974719371
42 45 57 60 -0.007072383 3.999338365711203
42 45 58 61 -0.005649208 3.896564494929756
42 45 59 62 -0.004537609 3.7697399395828772
42 45 60 63 -0.003669357 3.631201873298452
42 45 61 64 -0.003078727 3.593724764892751
42 45 62 1 -0.01265977 3.7926704050064917
42 45 63 2 -0.011745915 3.81180113103629
42 45 64 3 -0.010938407 3.814606685327156
43 46 44 47 4.19583481 10.545283051817842
43 46 45 48 -0.759817216 11.93518091928327
43 46 47 50 -2.12839104 10.401280797024967
43 46 48 51 -0.525139889 7.332336077286022
43 46 49 52 -0.23463614 6.634180563215987
43 46 50 53 -0.126349705 6.174611411285915
43 46 51 54 -0.074050911 5.686701728625661
43 46 52 55 -0.045549177 5.151490554249422
43 46 53 56 -0.02918089 4.634653743376822
43 46 54 57 -0.019899936 4.278975058957384
43 46 55 58 -0.015024512 4.248080687067446
43 46 56 59 -0.011419015 4.145427708960107
43 46 57 60 -0.009162762 4.186715168177924
43 46 58 61 -0.00718175 4.061183947185331
43 46 59 62 -0.005669796 3.9107651527603076
43 46 60 63 -0.004477989 3.72020903130102
43 46 61 64 -0.003710053 3.6714747035070565
43 46 62 1 -0.014301414 3.921988910741323
43 46 63 2 -0.013207031 3.956621298151806
43 46 64 3 -0.012222202 3.9663664693090324
44 47 45 48 3.66673764 9.215516825972124
44 47 46 49 -1.07877544 16.94536498588552
44 47 48 51 -1.76123698 8.60702757848682
44 47 49 52 -0.538135587 7.513790252241895
44 47 50 53 -0.242026662 6.843142649808531
44 47 51 54 -0.126801889 6.196709290235462
44 47 52 55 -0.072149688 5.540698283501227
44 47 53 56 -0.043434217 4.912294213498515
44 47 54 57 -0.028232457 4.484018908257259
44 47 55 58 -0.020515666 4.411372133654098
44 47 56 59 -0.015114296 4.2734665150003375
44 47 57 60 -0.011823218 4.292164911446031
44 47 58 61 -0.009044849 4.132837511459857
44 47 59 62 -0.006999949 3.9583779037025812
44 47 60 63 -0.005474861 3.7763079333024416
44 47 61 64 -0.00449462 3.734025678997021
44 47 62 1 -0.015577741 3.8754919698780537
44 47 63 2 -0.014219818 3.8996121997978563
44 47 64 3 -0.013019415 3.900414459425218
45 48 46 49 3.74792239 9.419556357318942
45 48 47 50 -0.628201005 9.867758311428645
45 48 49 52 -2.0406206 9.97235351112621
45 48 50 53 -0.607805163 8.486561043976629
45 48 51 54 -0.261275161 7.387381137267804
45 48 52 55 -0.131970479 6.449294247155292
45 48 53 56 -0.072744506 5.586377026721789
45 48 54 57 -0.044294754 5.009618655322835
45 48 55 58 -0.030606923 4.861143380314862
45 48 56 59 -0.021648302 4.654916695550039
45 48 57 60 -0.016378636 4.630950228007912
45 48 58 61 -0.01220091 4.429277865781635
45 48 59 62 -0.009207181 4.207011417393532
45 48 60 63 -0.007077708 4.0023495822696695
45 48 61 64 -0.005709541 3.938179430275135
45 48 62 1 -0.017862847 3.9925235350678046
45 48 63 2 -0.016098174 4.0049673483915065
45 48 64 3 -0.014575915 3.9972674725665667
46 49 47 50 4.00425597 10.063792910756039
46 49 48 51 -0.962302775 15.115816642345392
46 49 50 53 -2.06736656 10.103058928936086
46 49 51 54 -0.593026672 8.28021438283555
46 49 52 55 -0.24858305 7.028520153182489
46 49 53 56 -0.121535192 5.93932992084172
46 49 54 57 -0.068232486 5.239878765092116
46 49 55 58 -0.044383229 5.019624942083785
46 49 56 59 -0.029900735 4.748983098098391
46 49 57 60 -0.021762769 4.679529912299764
46 49 58 61 -0.015685499 4.4349703583660975
46 49 59 62 -0.011510339 4.178580922270807
46 49 60 63 -0.008696054 3.9734635893734134
46 49 61 64 -0.006893599 3.8982383955349116
46 49 62 1 -0.019437123 3.86185522722993
46 49 63 2 -0.017270978 3.860234941196007
46 49 64 3 -0.01544743 3.8430726843034133
47 50 48 51 3.44897504 8.668219718462835
47 50 49 52 -1.00392068 15.769549165374382
47 50 51 54 -1.97591368 9.65613584633533
47 50 52 55 -0.566344077 7.907655074254611
47 50 53 56 -0.229000201 6.474828142189666
47 50 54 57 -0.11502163 5.621017232629916
47 50 55 58 -0.069339472 5.324889187175437
47 50 56 59 -0.043977909 4.973784330047076
47 50 57 60 -0.030584958 4.857654790026037
47 50 58 61 -0.021259965 4.57141470149989
47 50 59 62 -0.015155213 4.285035524194962
47 50 60 63 -0.011143022 4.045234388461008
47 50 61 64 -0.008613373 3.9356843917013453
47 50 62 1 -0.022017735 3.8433249145105504
47 50 63 2 -0.019314943 3.8375799539982403
47 50 64 3 -0.01705714 3.8124400265504397
48 51 49 52 3.75475725 9.436734234090395
48 51 50 53 -0.876414356 13.766684511551176
48 51 52 55 -1.97799751 9.666319360809844
48 51 53 56 -0.523342985 7.3072465643722175
48 51 54 57 -0.218077973 6.1660094209789715
48 51 55 58 -0.117668488 5.750367116041622
48 51 56 59 -0.068767891 5.280994917451333
48 51 57 60 -0.045040261 5.093933510641227
48 51 58 61 -0.029837212 4.738894060041617
48 51 59 62 -0.020477941 4.403260331983018
48 51 60 63 -0.014563789 4.11781432777486
48 51 61 64 -0.010941795 3.972183255627667
48 51 62 1 -0.02503255 3.7886803791089
48 51 63 2 -0.021599888 3.7703872674022767
48 51 64 3 -0.018778213 3.730940017825015
49 52 50 53 3.70531206 9.312464917562913
49 52 51 54 -0.911501676 14.317834845281949
49 52 53 56 -1.87050951 9.141033899022418
49 52 54 57 -0.513509224 7.16994135852885
49 52 55 58 -0.231557291 6.547128158616777
49 52 56 59 -0.120677171 5.8973991046382075
49 52 57 60 -0.073105027 5.614063052001152
49 52 58 61 -0.045611995 5.158595102672698
49 52 59 62 -0.029915007 4.751249847955077
49 52 60 63 -0.020450947 4.397455958906568
49 52 61 64 -0.014868079 4.203850298345335
49 52 62 1 -0.030576965 3.9527090389738975
49 52 63 2 -0.025920423 3.923060097285457
49 52 64 3 -0.022185981 3.8726932416144395
50 53 51 54 3.60474818 9.059720320263326
50 53 52 55 -0.767735292 12.0595577662441
50 53 54 57 -1.81194103 8.854814311133653
50 53 55 58 -0.558222437 7.794255587325273
50 53 56 59 -0.240978655 6.813510949979535
50 53 57 60 -0.130324907 6.368876428615133
50 53 58 61 -0.075012838 5.76057241920652
50 53 59 62 -0.046393684 5.247002045785208
50 53 60 63 -0.030269525 4.8075561558091024
50 53 61 64 -0.021141703 4.54598546653037
50 53 62 1 -0.038468729 4.173799319952154
50 53 63 2 -0.031864723 4.119178558974033
50 53 64 3 -0.026730546 4.045672340735079
51 54 52 55 3.75731896 9.443172513543697
51 54 53 56 -0.761828561 11.966775052662443
51 54 55 58 -1.94488493 9.504500768257437
51 54 56 59 -0.564637565 7.8838276717547755
51 54 57 60 -0.253392895 7.164515316634639
51 54 58 61 -0.130017355 6.353846602556071
51 54 59 62 -0.07441633 5.71476389330278
51 54 60 63 -0.045791086 5.178849817589963
51 54 61 64 -0.030519805 4.847306867281315
51 54 62 1 -0.04817017 4.296372214716431
51 54 63 2 -0.03866027 4.194581230774915
51 54 64 3 -0.031577291 4.082021991456938
52 55 53 56 3.50094177 8.798826356222103
52 55 54 57 -0.898867166 14.119372426293417
52 55 56 59 -1.86334649 9.106028779674281
52 55 57 60 -0.566487958 7.909664031999459
52 55 58 61 -0.241840115 6.837868157645788
52 55 59 62 -0.12437746 6.078229338349127
52 55 60 63 -0.070956333 5.4490551983626245
52 55 61 64 -0.044618101 5.046188339474206
52 55 62 1 -0.061124745 4.369612869338083
52 55 63 2 -0.04735928 4.22404767724456
52 55 64 3 -0.037555213 4.074684205970472
53 56 54 57 3.54288453 8.904240009571925
53 56 55 58 -0.773257528 12.146300846489046
53 56 57 60 -1.95770951 9.567173489189353
53 56 58 61 -0.56129384 7.837140463329779
53 56 59 62 -0.241037465 6.815173763555154
53 56 60 63 -0.122940817 6.008021716877086
53 56 61 64 -0.071570785 5.496241724542667
53 56 62 1 -0.082879104 4.599852553820771
53 56 63 2 -0.061216704 4.376186724653985
53 56 64 3 -0.046591505 4.1555686335302875
54 57 55 58 3.53945937 8.89563164357723
54 57 56 59 -0.887336034 13.938241828399546
54 57 58 61 -1.832878 8.95713164846321
54 57 59 62 -0.54048837 7.546641300189856
54 57 60 63 -0.230389959 6.514122623897275
54 57 61 64 -0.120959475 5.911195080654548
54 57 62 1 -0.118478269 4.896811364349704
54 57 63 2 -0.082867678 4.599218402234384
54 57 64 3 -0.060303383 4.310896322290152
55 58 56 59 3.66158987 9.202579068840627
55 58 57 60 -0.742492107 11.663038743498058
55 58 59 62 -2.02429848 9.892588585352637
55 58 60 63 -0.558147281 7.79320621160317
55 58 61 64 -0.244436834 6.911288657650321
55 58 62 1 -0.194142043 5.641224831437971
55 58 63 2 -0.125787478 5.198907419581631
55 58 64 3 -0.086105369 4.778912685787842
56 59 57 60 3.6306138 9.124727713681361
56 59 58 61 -0.912794418 14.338141189132886
56 59 60 63 -1.86090153 9.094080451092005
56 59 61 64 -0.56393971 7.8740837777935715
56 59 62 1 -0.343042891 6.429924452018926
56 59 63 2 -0.200177141 5.816587901547219
56 59 64 3 -0.12688112 5.24410860811461
57 60 58 61 3.48130113 8.749464043953461
57 60 59 62 -0.78224928 12.287542956619552
57 60 61 64 -1.85902337 9.084902029845813
57 60 62 1 -0.708180893 7.393675018513627
57 60 63 2 -0.347863714 6.520284953576602
57 60 64 3 -0.198143449 5.757494499455552
58 61 59 62 3.75584833 9.439476417220378
58 61 60 63 -0.746786073 11.73048820369988
58 61 62 1 -2.15891765 9.032688557240284
58 61 63 2 -0.714968277 7.464537861634501
58 61 64 3 -0.337787187 6.331412631635003
59 62 60 63 3.51251245 8.827906646850133
59 62 61 64 -0.889850268 13.977735323718573
59 62 63 2 -2.07420579 8.678262880797952
59 62 64 3 -0.670465108 6.999908030284349
60 63 61 64 3.57382649 8.982005636950861
60 63 62 1 -1.46257906 9.174606698272921
60 63 64 3 -2.15275859 9.006919686072198
61 64 62 1 1.57182993 9.891799991388716
61 64 63 2 -1.51903283 9.528735340306644
62 1 63 2 5.03147991 8.035189996941662
62 1 64 3 1.91558159 6.222203253600297
63 2 64 3 4.99400115 7.975337038600072
