64
# x y z
0.0 0.0 0.0
0.5 0.0 0.0
1.0 0.0 0.0
1.5 0.0 0.0
2.0 0.0 0.0
2.5 0.0 0.0
3.0 0.0 0.0
3.5 0.0 0.0
4.0 0.0 0.0
4.5 0.0 0.0
5.0 0.0 0.0
5.5 0.0 0.0
6.0 0.0 0.0
6.5 0.0 0.0
7.0 0.0 0.0
7.5 0.0 0.0
8.0 0.0 0.0
8.5 0.0 0.0
9.0 0.0 0.0
9.5 0.0 0.0
10.0 0.0 0.0
10.5 0.0 0.0
11.0 0.0 0.0
11.5 0.0 0.0
12.0 0.0 0.0
12.5 0.0 0.0
13.0 0.0 0.0
13.5 0.0 0.0
14.0 0.0 0.0
14.5 0.0 0.0
15.0 0.0 0.0
15.5 0.0 0.0
16.0 0.0 0.0
16.5 0.0 0.0
17.0 0.0 0.0
17.5 0.0 0.0
18.0 0.0 0.0
18.5 0.0 0.0
19.0 0.0 0.0
19.5 0.0 0.0
20.0 0.0 0.0
20.5 0.0 0.0
21.0 0.0 0.0
21.5 0.0 0.0
22.0 0.0 0.0
22.5 0.0 0.0
23.0 0.0 0.0
23.5 0.0 0.0
24.0 0.0 0.0
24.5 0.0 0.0
25.0 0.0 0.0
25.5 0.0 0.0
26.0 0.0 0.0
26.5 0.0 0.0
27.0 0.0 0.0
27.5 0.0 0.0
28.0 0.0 0.0
28.5 0.0 0.0
29.0 0.0 0.0
29.5 0.0 0.0
30.0 0.0 0.0
30.5 0.0 0.0
31.0 0.0 0.0
31.5 0.0 0.0
1692
# a b m n r rhoa
1 4 2 5 3.85274577 9.683006245744902
1 4 3 6 -0.953980355 14.985088374684947
1 4 5 8 -1.90898735 9.32907209819798
1 4 6 9 -0.542554956 7.5754962841703515
1 4 7 10 -0.22459065 6.3501510249446005
1 4 8 11 -0.119884391 5.858656565155118
1 4 9 12 -0.070935677 5.44746893143734
1 4 10 13 -0.044878879 5.075681636438849
1 4 11 14 -0.02963129 4.706188506230762
1 4 12 15 -0.020637826 4.437639534373489
1 4 13 16 -0.014524669 4.106753408360101
1 4 14 17 -0.011201923 4.066617129221526
1 4 15 18 -0.008992457 4.108898181693223
1 4 16 19 -0.007039199 3.980573255800193
1 4 17 20 -0.005405741 3.728632128501212
1 4 18 21 -0.00442711 3.6779399423632033
1 4 19 22 -0.003581615 3.5443722421759003
1 4 20 23 -0.003116952 3.6383438977804756
1 4 21 24 -0.00267564 3.6518404981683874
1 4 22 25 -0.002334227 3.6959279590855245
1 4 23 26 -0.00193288 3.525320044801577
1 4 24 27 -0.001680553 3.5080094992704876
1 4 25 28 -0.001463378 3.4755872061140374
1 4 26 29 -0.001349113 3.6261554300445895
1 4 27 30 -0.001140539 3.4521264054857497
1 4 28 31 -0.001028285 3.4888888099403204
1 4 30 33 -0.000834356 3.5135819320519635
1 4 31 34 -0.000756205 3.5278967878226695
1 4 34 37 -0.000570018 3.5457134352036657
1 4 35 38 -0.000466244 3.1734594880323588
1 4 36 39 -0.000410807 3.0515242254463257
1 4 38 41 -0.000396045 3.4782639435859113
1 4 39 42 -0.000369192 3.513703789544035
1 4 43 46 -0.000253178 3.2570898831629784
1 4 45 48 -0.000239089 3.5381101896643954
1 4 47 50 -0.000202852 3.4314606958983433
1 4 49 52 -0.000170001 3.268532223341719
1 4 56 59 -0.000134945 3.906863086641279
1 4 63 2 -1.76850678 11.093659545302854
1 4 64 3 1.60973556 10.13034673448807
2 5 3 6 3.96401113 9.962646595804921
2 5 4 7 -0.757743046 11.902599933111789
2 5 6 9 -2.10099969 10.267421408686445
2 5 7 10 -0.558936318 7.804223246459217
2 5 8 11 -0.245472283 6.940565288394423
2 5 9 12 -0.128796804 6.294199228368244
2 5 10 13 -0.07466376 5.733765153242902
2 5 11 14 -0.046434832 5.251655774947565
2 5 12 15 -0.030949879 4.915613353959036
2 5 13 16 -0.020931941 4.500881483968968
2 5 14 17 -0.01559963 4.410691470604699
2 5 15 18 -0.01222655 4.43858591612203
2 5 16 19 -0.009264922 4.233394850743188
2 5 17 20 -0.006995016 3.9555883579217523
2 5 18 21 -0.005617334 3.8745792720965038
2 5 19 22 -0.004563063 3.790886530314283
2 5 20 23 -0.003958867 3.917701457377797
2 5 21 24 -0.003348281 3.9083687347140113
2 5 22 25 -0.002822355 3.8520840954717523
2 5 23 26 -0.002301154 3.6435614045941085
2 5 24 27 -0.001943102 3.5439636344180876
2 5 25 28 -0.00167627 3.4990691060276826
2 5 26 29 -0.001518874 3.6073926504971734
2 5 27 30 -0.001355772 3.644053537177696
2 5 28 31 -0.001198891 3.628743320832708
2 5 30 33 -0.000980046 3.7117914060570514
2 5 31 34 -0.000882739 3.717329055124693
2 5 37 40 -0.000476363 3.5384821451588895
2 5 39 42 -0.000411229 3.6116173749369156
2 5 42 45 -0.000317898 3.5309806222952718
2 5 46 49 -0.000258494 3.825271155791811
2 5 52 55 -0.000169977 3.6949729159661446
2 5 54 57 -0.000139375 3.4089792766569547
2 5 62 1 -2.40075371 10.044505664710815
2 5 64 3 -1.67536272 10.509376520780176
3 6 4 7 3.84862532 9.672650425385317
3 6 5 8 -0.999898709 15.706372192641625
3 6 7 10 -1.94490483 9.504598018003358
3 6 8 11 -0.575513436 8.03568347813251
3 6 9 12 -0.250254071 7.075767158860838
3 6 10 13 -0.128818001 6.295235109204571
3 6 11 14 -0.073900544 5.675154371985737
3 6 12 15 -0.046597362 5.270037484891132
3 6 13 16 -0.030027305 4.769085573530059
3 6 14 17 -0.021542382 4.632141293747502
3 6 15 18 -0.016408531 4.639402840122028
3 6 16 19 -0.012070393 4.381896477081265
3 6 17 20 -0.008902424 4.067759655260193
3 6 18 21 -0.006994378 3.955227577421414
3 6 19 22 -0.005589497 3.8553785866472583
3 6 20 23 -0.00477083 3.963494517919058
3 6 21 24 -0.003979193 3.9378161012450104
3 6 22 25 -0.003343159 3.902389945998487
3 6 23 26 -0.002698579 3.683148734398779
3 6 24 27 -0.002268781 3.592303203990878
3 6 25 28 -0.001950093 3.5567143030748114
3 6 26 29 -0.001746984 3.646678484447413
3 6 27 30 -0.001556399 3.6965161783275966
3 6 28 31 -0.001378511 3.7051715816437887
3 6 29 32 -0.001180678 3.5736171232865366
3 6 30 33 -0.00112457 3.8155761184832864
3 6 31 34 -0.000999565 3.7857169732802505
3 6 34 37 -0.000721046 3.7139750489198096
3 6 35 38 -0.000589863 3.343832722552543
3 6 36 39 -0.000527397 3.280595750636133
3 6 39 42 -0.000440709 3.5637754755282423
3 6 40 43 -0.000419049 3.6802964998819143
3 6 42 45 -0.00034693 3.570554133979303
3 6 45 48 -0.000281129 3.6166745205496724
3 6 57 60 -0.00014769 4.046385443574581
3 6 62 1 -0.762038407 7.955967731797898
3 6 63 2 -2.25600811 9.43890501809473
4 7 5 8 3.78867151 9.52197006614474
4 7 6 9 -0.825160577 12.961592033675602
4 7 8 11 -2.08978299 10.21260627174808
4 7 9 12 -0.606516162 8.46856319476743
4 7 10 13 -0.255656774 7.228524987349784
4 7 11 14 -0.130264719 6.3659350880586
4 7 12 15 -0.075903395 5.828962287243925
4 7 13 16 -0.04587088 5.187874306381183
4 7 14 17 -0.031367234 4.98189974594595
4 7 15 18 -0.023092807 4.965520753147974
4 7 16 19 -0.016450807 4.651356097514113
4 7 17 20 -0.011763447 4.270466335904073
4 7 18 21 -0.008983145 4.104643275623844
4 7 19 22 -0.007028578 3.974567221796913
4 7 20 23 -0.005920724 4.083843774681068
4 7 21 24 -0.004884447 4.057884876964006
4 7 22 25 -0.004053178 4.0110317819749
4 7 23 26 -0.003275383 3.8232766340142255
4 7 24 27 -0.002750479 3.753984318354371
4 7 25 28 -0.002349428 3.719996655448843
4 7 26 29 -0.002102721 3.8350877912365053
4 7 27 30 -0.001862415 3.8876307451082144
4 7 28 31 -0.001551703 3.685362971487046
4 7 30 33 -0.001235223 3.738711201426101
4 7 31 34 -0.00109496 3.7151117553326687
4 7 32 35 -0.000998875 3.783103691791239
4 7 33 36 -0.000869019 3.6595523457731054
4 7 34 37 -0.000783526 3.655356495362428
4 7 35 38 -0.000681396 3.5097452068713544
4 7 39 42 -0.000496049 3.6847121410015515
4 7 40 43 -0.000462677 3.7414188176120304
4 7 41 44 -0.000444345 3.90245853883443
4 7 47 50 -0.000280905 3.8790297974610146
4 7 48 51 -0.000237893 3.520411425660871
4 7 49 52 -0.000262753 4.160332988323884
4 7 50 53 -0.000251007 4.246054536782262
4 7 53 56 -0.000196331 4.016275551804894
4 7 54 57 -0.000185679 4.036304182705177
4 7 57 60 -0.000154297 3.99639816310921
4 7 62 1 -0.368669273 6.910260015184926
4 7 63 2 -0.749651004 7.826638582973544
4 7 64 3 -2.29195149 9.589288409158554
5 8 6 9 3.84698897 9.668537829274355
5 8 7 10 -1.01258466 15.905642644968625
5 8 9 12 -1.97351451 9.64441128990711
5 8 10 13 -0.561538114 7.840551171791391
5 8 11 14 -0.238465854 6.742463175525737
5 8 12 15 -0.124963467 6.106867042800384
5 8 13 16 -0.069572057 5.342750432954742
5 8 14 17 -0.044828704 5.070006977628669
5 8 15 18 -0.031624159 5.022705849290197
5 8 16 19 -0.021783127 4.683907382370535
5 8 17 20 -0.015080109 4.263800368475993
5 8 18 21 -0.011213986 4.070996341829021
5 8 19 22 -0.008531415 3.898235552393555
5 8 20 23 -0.007041541 3.9818976255992404
5 8 21 24 -0.005716622 3.9430635792016036
5 8 22 25 -0.004661831 3.872940685785308
5 8 23 26 -0.003699479 3.661010655280553
5 8 24 27 -0.003066669 3.579649748428129
5 8 25 28 -0.002578524 3.5192919707805026
5 8 26 29 -0.002266468 3.588640886071771
5 8 27 30 -0.001995274 3.6391185314512136
5 8 28 31 -0.001755921 3.6653337014474006
5 8 29 32 -0.00156555 3.7182502063935847
5 8 30 33 -0.001386491 3.7266202818873975
5 8 31 34 -0.00118264 3.5795556067645795
5 8 32 35 -0.001058115 3.590099615505431
5 8 33 36 -0.000920698 3.4870188990862823
5 8 34 37 -0.000820305 3.4544113385316173
5 8 36 39 -0.000636851 3.280302122027762
5 8 37 40 -0.000572752 3.246833382509861
5 8 38 41 -0.000533451 3.3182537704473027
5 8 39 42 -0.00052425 3.568273557624257
5 8 40 43 -0.000483175 3.5890825074305654
5 8 41 44 -0.000453316 3.665721470322958
5 8 47 50 -0.000269072 3.461563362703034
5 8 51 54 -0.000224651 3.8002143276588782
5 8 56 59 -0.000165721 3.8234911224130754
5 8 62 1 -0.198288149 5.761699076787155
5 8 63 2 -0.336862815 6.314086395524307
5 8 64 3 -0.687995763 7.182934665446166
6 9 7 10 3.57077115 8.974326729992287
6 9 8 11 -0.898843517 14.119000948670092
6 9 10 13 -1.90705433 9.319625580416046
6 9 11 14 -0.546784295 7.634548996756755
6 9 12 15 -0.239545158 6.772979777182248
6 9 13 16 -0.118157438 5.774261720698976
6 9 14 17 -0.07007219 5.3811578901654
6 9 15 18 -0.046782765 5.2910060701902575
6 9 16 19 -0.030744555 4.883002777475416
6 9 17 20 -0.020479602 4.403617487783566
6 9 18 21 -0.014768355 4.175654001624542
6 9 19 22 -0.010912822 3.9616652313487166
6 9 20 23 -0.008799879 4.0209040557236335
6 9 21 24 -0.006983479 3.9490643381217487
6 9 22 25 -0.005591679 3.856883630137945
6 9 23 26 -0.004361877 3.6237458843298187
6 9 24 27 -0.003565267 3.5281942338151215
6 9 25 28 -0.002974907 3.472538149421108
6 9 26 29 -0.002604073 3.5541624589207994
6 9 27 30 -0.002286639 3.6205788950412128
6 9 28 31 -0.001970999 3.5948441098174038
6 9 29 32 -0.001727536 3.6060824611492412
6 9 30 33 -0.001521878 3.6145272828116997
6 9 31 34 -0.001302833 3.5017637198598504
6 9 32 35 -0.001157426 3.50323913254676
6 9 33 36 -0.00100856 3.4219634616408965
6 9 34 37 -0.000901891 3.4157899353705847
6 9 36 39 -0.000705056 3.289273143704551
6 9 37 40 -0.000634558 3.2684913016540644
6 9 38 41 -0.000584242 3.3119682324362483
6 9 39 42 -0.000568204 3.5344297140379135
6 9 40 43 -0.000521952 3.552632369955358
6 9 41 44 -0.000478337 3.5531452565981567
6 9 46 49 -0.000275725 3.0625534985509937
6 9 47 50 -0.000293533 3.5119993805835983
6 9 50 53 -0.000257653 3.812825787458229
6 9 62 1 -0.124004201 5.125203008189669
6 9 63 2 -0.189333804 5.501510852831655
6 9 64 3 -0.323720425 6.0677481764968535
7 10 8 11 3.89633833 9.79256629874264
7 10 9 12 -0.726646605 11.414138180119846
7 10 11 14 -2.02698367 9.905710899184292
7 10 12 15 -0.597015023 8.335902268175717
7 10 13 16 -0.239868687 6.782127344148857
7 10 14 17 -0.125657088 6.140763759391115
7 10 15 18 -0.077451168 5.947822720907195
7 10 16 19 -0.047769535 5.402607127970439
7 10 17 20 -0.03025151 4.804694924119907
7 10 18 21 -0.020965674 4.508134907581175
7 10 19 22 -0.014957496 4.229132359472879
7 10 20 23 -0.011675623 4.238583722288826
7 10 21 24 -0.009033385 4.127599298060011
7 10 22 25 -0.007072637 3.999481999327325
7 10 23 26 -0.005397379 3.722864404546526
7 10 24 27 -0.004323877 3.5921763688197452
7 10 25 28 -0.003554455 3.5174946603873787
7 10 26 29 -0.00308417 3.6000782492696737
7 10 27 30 -0.002666125 3.638853974443196
7 10 28 31 -0.002278005 3.606908141511781
7 10 30 33 -0.001723623 3.597914411007029
7 10 31 34 -0.00151267 3.5926578772350832
7 10 32 35 -0.001406895 3.781462296896244
7 10 33 36 -0.001187864 3.5953673487061155
7 10 34 37 -0.001041509 3.5337567848914775
7 10 35 38 -0.000890546 3.3728222853809746
7 10 37 40 -0.000671762 3.1339478077787533
7 10 38 41 -0.000620274 3.1949170503597353
7 10 39 42 -0.000613404 3.477282635704596
7 10 40 43 -0.000573932 3.5700598986230436
7 10 41 44 -0.000542315 3.6912318062050535
7 10 44 47 -0.000377846 3.31843128439486
7 10 45 48 -0.00037086 3.5295786132697913
7 10 47 50 -0.000316578 3.5163190188204783
7 10 48 51 -0.000292035 3.4940764381133675
7 10 50 53 -0.000269181 3.717132553391194
7 10 51 54 -0.000247146 3.6573400739255955
7 10 52 55 -0.000234862 3.7187172983894534
7 10 53 56 -0.000214521 3.6288544354741807
7 10 54 57 -0.000190117 3.430985312890487
7 10 55 58 -0.000189966 3.652390234994694
7 10 56 59 -0.000181991 3.7229271177171426
7 10 58 61 -0.000186806 4.309961215618401
7 10 62 1 -0.082904325 4.601252338273797
7 10 63 2 -0.117574803 4.859470317645995
7 10 64 3 -0.180037189 5.231377219869326
8 11 9 12 3.95785882 9.947184154286036
8 11 10 13 -0.921045837 14.467754175693342
8 11 12 15 -2.16639383 10.58699746394928
8 11 13 16 -0.578860443 8.082416511922348
8 11 14 17 -0.25191893 7.122839938093803
8 11 15 18 -0.139610585 6.822660260879139
8 11 16 19 -0.07960518 6.113238967628054
8 11 17 20 -0.047361768 5.35648976675369
8 11 18 21 -0.031195348 4.954599958539395
8 11 19 22 -0.021317699 4.583828929668957
8 11 20 23 -0.016166513 4.570973862746744
8 11 21 24 -0.012162241 4.415239917317797
8 11 22 25 -0.009316453 4.256940766192196
8 11 23 26 -0.006973316 3.943317297016831
8 11 24 27 -0.005495682 3.7906693038430435
8 11 25 28 -0.004438453 3.6873634427429605
8 11 26 29 -0.003783012 3.7436750529072325
8 11 28 31 -0.002729224 3.72497448527198
8 11 29 32 -0.0023034 3.6471176372124896
8 11 30 33 -0.002068978 3.7735449772637084
8 11 31 34 -0.001779875 3.715335611262518
8 11 32 35 -0.001611817 3.828136369275136
8 11 33 36 -0.001358028 3.650117229878145
8 11 34 37 -0.001200074 3.6323239660694684
8 11 35 38 -0.001022323 3.4686602205075614
8 11 36 39 -0.000898172 3.4017047268812624
8 11 37 40 -0.000814381 3.429464601928206
8 11 38 41 -0.000746007 3.480320414428926
8 11 39 42 -0.000705207 3.6323912792298856
8 11 40 43 -0.000644046 3.6509869065004503
8 11 41 44 -0.000587698 3.6556892842722926
8 11 43 46 -0.000481165 3.5741519836246245
8 11 44 47 -0.000425909 3.44409587507121
8 11 45 48 -0.000401408 3.5253644739030507
8 11 46 49 -0.000360021 3.426420810893608
8 11 50 53 -0.00027139 3.4913840199053654
8 11 51 54 -0.000256032 3.5355574201368376
8 11 54 57 -0.000224753 3.8019397678368487
8 11 55 58 -0.00020531 3.705168893836668
8 11 56 59 -0.000196472 3.7774781500367305
8 11 57 60 -0.000186468 3.8145115625854036
8 11 62 1 -0.062928942 4.498589152675072
8 11 63 2 -0.084220419 4.674296544289444
8 11 64 3 -0.11947412 4.9379707645938025
9 12 10 13 3.62540771 9.11164338240302
9 12 11 14 -1.08742945 17.081301857085982
9 12 13 16 -1.97113781 9.63279654261411
9 12 14 17 -0.587549396 8.203737182643179
9 12 15 18 -0.274911507 7.772939737006481
9 12 16 19 -0.140731718 6.877449155046871
9 12 17 20 -0.077414672 5.94502002930644
9 12 18 21 -0.047986129 5.427103332262058
9 12 19 22 -0.031170975 4.950728917742239
9 12 20 23 -0.022657269 4.871869384659745
9 12 21 24 -0.016501294 4.665630960461273
9 12 22 25 -0.012306016 4.467434337664538
9 12 23 26 -0.009010083 4.116951980488205
9 12 24 27 -0.006961855 3.9368362542043283
9 12 25 28 -0.005494418 3.7897974546348725
9 12 26 29 -0.004600848 3.822277428828708
9 12 27 30 -0.00387468 3.834389860248552
9 12 28 31 -0.003294376 3.845446710951741
9 12 29 32 -0.002757701 3.763841246819251
9 12 30 33 -0.002450872 3.880619300924828
9 12 31 34 -0.0020772 3.7885408287435514
9 12 32 35 -0.001887436 3.9398599254323377
9 12 33 36 -0.00156461 3.716017664990238
9 12 34 37 -0.001356053 3.6448088109582044
9 12 35 38 -0.00114321 3.460210854705857
9 12 36 39 -0.001014174 3.4410113148907304
9 12 37 40 -0.000919404 3.4821180494532675
9 12 39 42 -0.000781937 3.647943389133495
9 12 40 43 -0.000711703 3.6658509779422883
9 12 41 44 -0.000638855 3.621560013030661
9 12 42 45 -0.000562542 3.499210072780755
9 12 43 46 -0.000514675 3.5031019423371763
9 12 44 47 -0.000439051 3.261324083344331
9 12 45 48 -0.000426874 3.4518993084793883
9 12 47 50 -0.000396236 3.7710891209824977
9 12 48 51 -0.000347039 3.5716759464504175
9 12 52 55 -0.000288716 3.9868922482823526
9 12 56 59 -0.000212302 3.8313514514602907
9 12 57 60 -0.000219177 4.21401690057922
9 12 60 63 -0.000132185 3.049753344574148
9 12 62 1 -0.048822577 4.354561407477978
9 12 63 2 -0.06272089 4.483716179434994
9 12 64 3 -0.084225781 4.674594139318868
10 13 11 14 3.90420294 9.81233221954212
10 13 12 15 -0.738583377 11.601640556233727
10 13 14 17 -2.0962436 10.244178768280516
10 13 15 18 -0.669667573 9.35032323415156
10 13 16 19 -0.285264174 8.065654500336834
10 13 17 20 -0.14013326 6.848202979949151
10 13 18 21 -0.080052775 6.147611796076096
10 13 19 22 -0.048679435 5.505514393568488
10 13 20 23 -0.033755725 5.3612517380946425
10 13 21 24 -0.02359484 5.0734701800091235
10 13 22 25 -0.017001186 4.806972093592221
10 13 23 26 -0.012084007 4.386838746868088
10 13 24 27 -0.009151648 4.18163687929744
10 13 25 28 -0.007103261 4.0167994633435615
10 13 26 29 -0.005840063 4.028207517576439
10 13 27 30 -0.004867961 4.044188691892978
10 13 28 31 -0.0040043 3.9626620307724187
10 13 29 32 -0.003379439 3.9447387266699496
10 13 30 33 -0.002921767 3.9877663126623744
10 13 31 34 -0.002460481 3.8958338330842333
10 13 32 35 -0.00216311 3.9452294204041323
10 13 33 36 -0.001778746 3.7129789210988187
10 13 34 37 -0.001552797 3.6879612696734947
10 13 35 38 -0.001301935 3.4993500691306823
10 13 36 39 -0.001143051 3.4597296014576364
10 13 37 40 -0.001014353 3.441618647582522
10 13 38 41 -0.000919521 3.482561171097056
10 13 39 42 -0.000871083 3.6682441189583592
10 13 40 43 -0.000784054 3.6578197553302543
10 13 41 44 -0.000704876 3.630686359236997
10 13 42 45 -0.000617452 3.500230057158209
10 13 45 48 -0.000503359 3.7390117076788782
10 13 47 50 -0.000431377 3.7885671203834406
10 13 52 55 -0.000320083 4.1178107934830654
10 13 56 59 -0.000241479 4.084878124863625
10 13 61 64 -0.000132435 3.055521308686139
10 13 62 1 -0.039672152 4.304368908019772
10 13 63 2 -0.049107135 4.379941577086583
10 13 64 3 -0.063043586 4.506784686215414
11 14 12 15 4.17614597 10.495799599736479
11 14 13 16 -0.919210879 14.438930722831111
11 14 15 18 -2.22606315 10.878596770948588
11 14 16 19 -0.643214623 8.980970374659213
11 14 17 20 -0.264976069 7.492021845727509
11 14 18 21 -0.135741964 6.633603773786111
11 14 19 22 -0.075984984 5.835227872650928
11 14 20 23 -0.04975168 5.6267824461030305
11 14 21 24 -0.03315863 5.266418147450163
11 14 22 25 -0.022960551 4.937082464431997
11 14 23 26 -0.015795388 4.466040741126028
11 14 24 27 -0.011646899 4.228156092102495
11 14 25 28 -0.008813454 4.02710684243882
11 14 26 29 -0.007126549 4.029968517092586
11 14 27 30 -0.005850781 4.035600302238759
11 14 28 31 -0.004733828 3.932754117579486
11 14 29 32 -0.003928694 3.887842205709717
11 14 30 33 -0.003328459 3.8852309858036005
11 14 31 34 -0.002780193 3.7945393962282905
11 14 32 35 -0.002421387 3.833933851791716
11 14 33 36 -0.001993159 3.635261048371687
11 14 34 37 -0.00171942 3.5891410108670545
11 14 35 38 -0.001431518 3.399918302804849
11 14 36 39 -0.001266741 3.404755387880862
11 14 37 40 -0.001120468 3.391376506460372
11 14 38 41 -0.001012687 3.4359660427527707
11 14 39 42 -0.000958625 3.630662271598925
11 14 40 43 -0.000863232 3.6351825340371264
11 14 41 44 -0.000778776 3.633196486182169
11 14 42 45 -0.000679764 3.5013390756677456
11 14 43 46 -0.000635718 3.6037768951699927
11 14 46 49 -0.000500281 3.7161479503282884
11 14 47 50 -0.000434354 3.5123860254671317
11 14 49 52 -0.000364297 3.467116701931579
11 14 50 53 -0.000351921 3.621920794927306
11 14 51 54 -0.000328029 3.6435084289643087
11 14 53 56 -0.000274516 3.531599453216188
11 14 56 59 -0.000253304 4.010721047045679
11 14 57 60 -0.000259589 4.391228336854234
11 14 62 1 -0.031841668 4.116198220444897
11 14 63 2 -0.038425123 4.169068134444418
11 14 64 3 -0.047766531 4.260371025923119
12 15 13 16 3.72557998 9.36340375642335
12 15 14 17 -1.10024248 17.28256846167711
12 15 16 19 -2.08277073 10.178337904746428
12 15 17 20 -0.596398142 8.32728898454132
12 15 18 21 -0.257558583 7.282297369996164
12 15 19 22 -0.128301413 6.269989857070953
12 15 20 23 -0.077784671 5.9734339127344205
12 15 21 24 -0.048758493 5.514455642720758
12 15 22 25 -0.032133365 5.103580472855479
12 15 23 26 -0.021263848 4.572249641881302
12 15 24 27 -0.01517325 4.290135365797314
12 15 25 28 -0.011162121 4.052167869484847
12 15 26 29 -0.008844967 4.0415059892348175
12 15 27 30 -0.007129556 4.0316689355322675
12 15 28 31 -0.005630763 3.883841980179196
12 15 29 32 -0.004618093 3.8366041734332135
12 15 30 33 -0.003841559 3.801613262810495
12 15 31 34 -0.003177362 3.7088590532480343
12 15 32 35 -0.002726757 3.721607406551007
12 15 33 36 -0.002259796 3.578076690154656
12 15 34 37 -0.001938139 3.5349117722319456
12 15 35 38 -0.001611918 3.3647398541105726
12 15 36 39 -0.001373723 3.262652632159698
12 15 37 40 -0.001205258 3.2395009471442955
12 15 38 41 -0.001082354 3.276014957386922
12 15 39 42 -0.001019487 3.4590378992007342
12 15 40 43 -0.000910165 3.4471265890518565
12 15 41 44 -0.000818232 3.4456816651725912
12 15 42 45 -0.000711892 3.3211648958637614
12 15 43 46 -0.000662758 3.4137443040693594
12 15 44 47 -0.000643092 3.645578843242854
12 15 46 49 -0.000540498 3.678864513779296
12 15 47 50 -0.000475824 3.5344783877800827
12 15 48 51 -0.000434064 3.5100409522149327
12 15 49 52 -0.000405761 3.563594682456193
12 15 50 53 -0.000388659 3.6989766873074044
12 15 51 54 -0.000367929 3.7866728503181366
12 15 52 55 -0.000331237 3.6791405683181995
12 15 53 56 -0.000303727 3.633966320197438
12 15 54 57 -0.000276303 3.5545888899808844
12 15 60 63 -0.000195308 3.755098449282207
12 15 61 64 -0.000188278 3.851538108310566
12 15 62 1 -0.026385032 3.993378742499684
12 15 63 2 -0.031154448 4.027360734259998
12 15 64 3 -0.0377502 4.095840002617654
13 16 14 17 3.96029644 9.953310561553431
13 16 15 18 -0.803716491 12.624749118472861
13 16 17 20 -2.14336563 10.474460448923107
13 16 18 21 -0.633705154 8.848193139326149
13 16 19 22 -0.259608004 7.340243383615578
13 16 20 23 -0.140972476 6.889214810488318
13 16 21 24 -0.081386037 6.249998967519684
13 16 22 25 -0.050252739 5.683450883945972
13 16 23 26 -0.031577993 5.015373536097668
13 16 24 27 -0.021564771 4.636955478707443
13 16 25 28 -0.015236064 4.3078956058821465
13 16 26 29 -0.011726247 4.256961676283842
13 16 27 30 -0.009209078 4.207878208288465
13 16 28 31 -0.007159739 4.048737019923662
13 16 29 32 -0.005719096 3.9447700308954436
13 16 30 33 -0.004703906 3.907895616445475
13 16 31 34 -0.00382327 3.7835144375774212
13 16 32 35 -0.003259969 3.8052842386098726
13 16 33 36 -0.002677251 3.6540392674507083
13 16 34 37 -0.002270891 3.5956440992824117
13 16 35 38 -0.001867302 3.4057143590383645
13 16 36 39 -0.001622554 3.38694158713193
13 16 37 40 -0.001425099 3.3846728950728444
13 16 38 41 -0.001272273 3.419624336470792
13 16 39 42 -0.001175077 3.5566642965992203
13 16 40 43 -0.001047386 3.5536969761186366
13 16 41 44 -0.000923823 3.4988544130763692
13 16 42 45 -0.000800819 3.3723532511828545
13 16 43 46 -0.000731858 3.414311578662298
13 16 44 47 -0.000664251 3.4214344718922685
13 16 45 48 -0.000632871 3.5876377378383633
13 16 46 49 -0.00056421 3.5095856223422066
13 16 47 50 -0.000520678 3.5439609717437923
13 16 48 51 -0.000465672 3.4590681003781367
13 16 50 53 -0.000428207 3.760726605540008
13 16 51 54 -0.000403316 3.8384714662932624
13 16 52 55 -0.00035827 3.6872637984053407
13 16 53 56 -0.000330487 3.670810111798431
13 16 55 58 -0.000285832 3.677177778022737
13 16 56 59 -0.000272189 3.7586701608768656
13 16 57 60 -0.000273794 4.051685110017497
13 16 58 61 -0.000243642 3.857736543221991
13 16 59 62 -0.00022721 3.843502576829721
13 16 62 1 -0.021920919 3.8264251132856173
13 16 63 2 -0.025451034 3.8520179983195284
13 16 64 3 -0.030100408 3.8911041294779323
14 17 15 18 4.34625717 10.923335676707152
14 17 16 19 -0.927987062 14.576786683027912
14 17 18 21 -2.33470676 11.409529608559327
14 17 19 22 -0.623085851 8.69991969803262
14 17 20 23 -0.284446399 8.04253245694623
14 17 21 24 -0.147039579 7.185709396029669
14 17 22 25 -0.083777015 6.433612896667779
14 17 23 26 -0.049515391 5.6000587897881635
14 17 24 27 -0.032208126 5.115454385834439
14 17 25 28 -0.021749163 4.6766042880840795
14 17 26 29 -0.016184981 4.576195566728129
14 17 27 30 -0.012360872 4.487348628205598
14 17 28 31 -0.009428354 4.308071376594853
14 17 29 32 -0.007368393 4.166728077161244
14 17 30 33 -0.005967648 4.116209797026161
14 17 31 34 -0.004777677 3.9691828461479393
14 17 32 35 -0.004037885 3.995897803392725
14 17 33 36 -0.003263681 3.809617167878132
14 17 34 37 -0.002733769 3.7311777170461253
14 17 35 38 -0.002222492 3.5190109280905006
14 17 36 39 -0.001884846 3.4377123179732174
14 17 37 40 -0.001642773 3.4291470064586336
14 17 38 41 -0.001457099 3.4606743045484882
14 17 39 42 -0.001344793 3.6145441035969212
14 17 40 43 -0.001197826 3.6255198320946262
14 17 41 44 -0.001071859 3.6367319088908445
14 17 42 45 -0.000932138 3.530346348701191
14 17 43 46 -0.000842755 3.5489512164429247
14 17 44 47 -0.000768614 3.585788062331687
14 17 45 48 -0.000720661 3.711991984879743
14 17 46 49 -0.000647919 3.6729422828072296
14 17 47 50 -0.000567571 3.5304922303014634
14 17 48 51 -0.000519071 3.5330230306715893
14 17 49 52 -0.000470151 3.4923386556651064
14 17 50 53 -0.000453829 3.6698698240415024
14 17 52 55 -0.000392496 3.7354944922448903
14 17 54 57 -0.000322795 3.585372949731682
14 17 55 58 -0.000295791 3.539015404680915
14 17 56 59 -0.000277983 3.5762017908005204
14 17 59 62 -0.000237172 3.755292976699609
14 17 62 1 -0.019990349 3.971772663053097
14 17 63 2 -0.022804024 3.980576275911057
14 17 64 3 -0.026398222 3.995375051073938
15 18 16 19 3.94674488 9.919251776480886
15 18 17 20 -1.15506139 18.143661886346113
15 18 19 22 -2.13772646 10.446902265520794
15 18 20 23 -0.666744686 9.30951203270057
15 18 21 24 -0.287980494 8.142456638948024
15 18 22 25 -0.146842294 7.176068232148237
15 18 23 26 -0.0803499 6.1704293580520435
15 18 24 27 -0.049267859 5.572063580129941
15 18 25 28 -0.031571328 5.014314967726395
15 18 26 29 -0.022621792 4.864240958208192
15 18 27 30 -0.016732243 4.730930251819125
15 18 28 31 -0.012373737 4.492018989657594
15 18 29 32 -0.009385473 4.288477881410035
15 18 30 33 -0.007502893 4.242786035304653
15 18 31 34 -0.00596016 4.111044918172695
15 18 32 35 -0.005020309 4.1707558642332065
15 18 33 36 -0.003971808 3.930507892794781
15 18 34 37 -0.003286214 3.8359194025768657
15 18 35 38 -0.002654211 3.6225931816253363
15 18 36 39 -0.002193181 3.4726009840667382
15 18 37 40 -0.001892248 3.4512125968170264
15 18 38 41 -0.001664477 3.4744522352566345
15 18 39 42 -0.001537073 3.6506160770924
15 18 40 43 -0.00136752 3.675629894378438
15 18 41 44 -0.001215034 3.6776041459020448
15 18 43 46 -0.00094807 3.5906866395460093
15 18 45 48 -0.000784264 3.6587994609992767
15 18 46 49 -0.000705096 3.6318195386884637
15 18 47 50 -0.000646378 3.664206616685684
15 18 48 51 -0.000578859 3.6007075800914334
15 18 49 52 -0.000544545 3.706410156292802
15 18 50 53 -0.000522183 3.8788386629639673
15 18 52 55 -0.00043058 3.7815674704370004
15 18 54 57 -0.000350767 3.610043991334039
15 18 55 58 -0.000318924 3.5423766868143156
15 18 56 59 -0.000299678 3.5855217313710264
15 18 59 62 -0.000269292 3.985063173944031
15 18 61 64 -0.000244489 4.135795526193926
15 18 62 1 -0.018046678 4.033611587491645
15 18 63 2 -0.0203288 4.039017633592779
15 18 64 3 -0.023182148 4.0465800401481316
16 19 17 20 4.30286216 10.814272121012388
16 19 18 21 -0.854388364 13.42070103827504
16 19 20 23 -2.40574987 11.75671173905915
16 19 21 24 -0.692360828 9.667180848347291
16 19 22 25 -0.292779422 8.278143131497183
16 19 23 26 -0.143194605 6.997808519359655
16 19 24 27 -0.081078935 6.226415226946062
16 19 25 28 -0.048496654 5.484842349483119
16 19 26 29 -0.033057126 5.25029677851427
16 19 27 30 -0.023500887 5.053267977162129
16 19 28 31 -0.016805026 4.751509160248686
16 19 29 32 -0.012479241 4.530319946877296
16 19 30 33 -0.009651723 4.41013474792336
16 19 31 34 -0.007420597 4.1962487436810845
16 19 32 35 -0.006054431 4.176068728855808
16 19 33 36 -0.004725278 3.92565097658972
16 19 34 37 -0.003856688 3.816584946716185
16 19 35 38 -0.003064846 3.5775218039087218
16 19 36 39 -0.002555308 3.4876056717995194
16 19 37 40 -0.002184498 3.4588526457651336
16 19 38 41 -0.001906687 3.477547442294702
16 19 39 42 -0.001742044 3.63636666034761
16 19 40 43 -0.001530835 3.6358005523327415
16 19 41 44 -0.001353892 3.639000459927322
16 19 42 45 -0.001163387 3.5212815892300484
16 19 43 46 -0.001048175 3.5563739900506133
16 19 45 48 -0.000855552 3.602841052417579
16 19 46 49 -0.000753469 3.51513262253484
16 19 47 50 -0.000713996 3.677661798315986
16 19 48 51 -0.000621699 3.524305575664507
16 19 51 54 -0.000548406 4.073626287721771
16 19 52 55 -0.000432637 3.4985015745222174
16 19 54 57 -0.000351303 3.3434491602694214
16 19 55 58 -0.000366318 3.7700926678322153
16 19 56 59 -0.00034811 3.866553625462277
16 19 57 60 -0.000371088 4.439912466884494
16 19 60 63 -0.000284003 4.202760930846912
16 19 61 64 -0.000280294 4.438070639076451
16 19 62 1 -0.015707614 3.907802288081699
16 19 63 2 -0.017453705 3.9010762386662448
16 19 64 3 -0.019653303 3.9048068442476622
17 20 18 21 4.26545653 10.72026151908367
17 20 19 22 -1.20570009 18.9390927258828
17 20 21 24 -2.21634744 10.831116854921286
17 20 22 25 -0.638573238 8.916164414577072
17 20 23 26 -0.264837883 7.488114728625649
17 20 24 27 -0.135752865 6.6341364971430385
17 20 25 28 -0.074859939 5.74883061892529
17 20 26 29 -0.048218001 5.453327437645893
17 20 27 30 -0.032748877 5.201339142823852
17 20 28 31 -0.022486415 4.835131577828451
17 20 29 32 -0.016137662 4.562816434678359
17 20 30 33 -0.012134515 4.4051745895589125
17 20 31 34 -0.009128811 4.171202032872784
17 20 32 35 -0.007300152 4.128138700791992
17 20 33 36 -0.005597586 3.860958007727078
17 20 34 37 -0.004499164 3.7378007284306465
17 20 35 38 -0.003534614 3.497859973337818
17 20 36 39 -0.002949539 3.442926686684789
17 20 37 40 -0.002500927 3.413383901258305
17 20 38 41 -0.002165474 3.42873075380962
17 20 39 42 -0.001947486 3.551959476413664
17 20 40 43 -0.00169469 3.5375192679544782
17 20 41 44 -0.001465887 3.4815461916257373
17 20 42 45 -0.001244995 3.346306335813504
17 20 43 46 -0.001116114 3.3781980370091
17 20 44 47 -0.00102564 3.4799145363660755
17 20 45 48 -0.000950638 3.600412591522503
17 20 47 50 -0.000735636 3.4319369501745127
17 20 48 51 -0.000661988 3.4097781759892247
17 20 51 54 -0.0005244 3.5692945228767963
17 20 52 55 -0.000449617 3.339809612963023
17 20 53 56 -0.000405032 3.2752748602913826
17 20 55 58 -0.000372925 3.5492317973187646
17 20 62 1 -0.014029394 3.847390733001706
17 20 63 2 -0.015470142 3.8487230654222073
17 20 64 3 -0.017158082 3.8350015650709692
18 21 19 22 3.93473051 9.88905637125728
18 21 20 23 -1.00027094 15.712219183516819
18 21 22 25 -2.13761794 10.446371936755602
18 21 23 26 -0.609153106 8.505381878759998
18 21 24 27 -0.264172868 7.469311872478906
18 21 25 28 -0.129552795 6.331143918151489
18 21 26 29 -0.077450299 5.947755986497915
18 21 27 30 -0.049693737 5.62022924719046
18 21 28 31 -0.03257985 5.174493435983458
18 21 29 32 -0.022547475 4.84826097769687
18 21 30 33 -0.016345853 4.621681053131275
18 21 31 34 -0.011911279 4.324133562812086
18 21 32 35 -0.009250816 4.226949435685772
18 21 33 36 -0.006957378 3.9343045703485062
18 21 34 37 -0.005511879 3.8018412513309703
18 21 35 38 -0.004251072 3.5316916694326155
18 21 36 39 -0.003546848 3.5099667603628832
18 21 37 40 -0.00298197 3.4807826212480797
18 21 38 41 -0.002555345 3.4876561711560967
18 21 39 42 -0.002270738 3.5954018447897083
18 21 40 43 -0.001952738 3.561538436760555
18 21 41 44 -0.001674362 3.4950863205251674
18 21 42 45 -0.001395165 3.313578326596472
18 21 43 46 -0.001264947 3.3999334620366217
18 21 45 48 -0.001036249 3.515910025344964
18 21 46 49 -0.00090082 3.411733668015902
18 21 47 50 -0.000798218 3.361400100962484
18 21 48 51 -0.000698482 3.258603690999073
18 21 51 54 -0.000578406 3.597889759976722
18 21 56 59 -0.000416883 3.9675924096309942
18 21 58 61 -0.000345169 3.833887128629424
18 21 62 1 -0.012861789 3.853192158762603
18 21 63 2 -0.013985965 3.835480857768069
18 21 64 3 -0.015357208 3.8206268985822143
19 22 20 23 4.36042974 10.958955230142742
19 22 21 24 -0.807789097 12.688721463925692
19 22 23 26 -2.20583712 10.779753741878586
19 22 24 27 -0.656872627 9.171672085899658
19 22 25 28 -0.262772 7.429703262921865
19 22 26 29 -0.140511919 6.866707749567617
19 22 27 30 -0.083203262 6.389551829317721
19 22 28 31 -0.051250283 5.7962704524191455
19 22 29 32 -0.033626736 5.3407650650800615
19 22 30 33 -0.023342503 5.019211526641991
19 22 31 34 -0.01644462 4.649606764476814
19 22 32 35 -0.012427501 4.5115368530936735
19 22 33 36 -0.00909496 4.155734590287459
19 22 34 37 -0.007036796 3.979214391313809
19 22 35 38 -0.005333955 3.679117439215027
19 22 36 39 -0.004314309 3.5842274971249974
19 22 37 40 -0.003570473 3.5333461001918165
19 22 38 41 -0.003019905 3.525063244036721
19 22 39 42 -0.002652528 3.620296143324811
19 22 40 43 -0.002256832 3.5733836031195345
19 22 41 44 -0.001919411 3.500754352320185
19 22 42 45 -0.001594237 3.327832290971177
19 22 43 46 -0.001417679 3.3670500682506797
19 22 44 47 -0.001321554 3.5520821556067927
19 22 45 48 -0.001206661 3.6522611682457504
19 22 47 50 -0.000924624 3.5018880920223077
19 22 48 51 -0.000820288 3.4543397493144905
19 22 49 52 -0.000753269 3.514199569516724
19 22 50 53 -0.000712789 3.671444763779984
19 22 51 54 -0.000655314 3.714863276297712
19 22 53 56 -0.000514913 3.5047218738712047
19 22 54 57 -0.000460622 3.4215560878308726
19 22 55 58 -0.000441159 3.567414382298895
19 22 56 59 -0.000414669 3.6418291639152782
19 22 57 60 -0.000393697 3.746924746018651
19 22 59 62 -0.000322117 3.5778422170378112
19 22 62 1 -0.011873745 3.8532847054177126
19 22 63 2 -0.012802531 3.8354393826173907
19 22 64 3 -0.013910633 3.814821972665941
20 23 21 24 4.47717345 11.252364175493796
20 23 22 25 -0.981571071 15.41848232814936
20 23 24 27 -2.46775791 12.059740188057484
20 23 25 28 -0.636854627 8.892168078168277
20 23 26 29 -0.286781978 8.108569397400737
20 23 27 30 -0.152911388 7.472660116304729
20 23 28 31 -0.087283143 6.702864198091779
20 23 29 32 -0.053974716 6.10439656554706
20 23 30 33 -0.035616884 5.656850245418081
20 23 31 34 -0.024101854 5.182490644222788
20 23 32 35 -0.017630431 4.98488692582995
20 23 33 36 -0.012507786 4.540682594964917
20 23 34 37 -0.009427925 4.307875354826837
20 23 35 38 -0.00698518 3.950026230960425
20 23 36 39 -0.005592373 3.8573623194974953
20 23 37 40 -0.004558769 3.787319175061645
20 23 38 41 -0.003807309 3.767719405069078
20 23 39 42 -0.003304484 3.857245538819082
20 23 40 43 -0.002788848 3.806352151124931
20 23 41 44 -0.002346231 3.714934644905225
20 23 42 45 -0.001932278 3.5242220756224394
20 23 43 46 -0.00170724 3.563716310961063
20 23 44 47 -0.001504249 3.572657631322758
20 23 45 48 -0.001377059 3.701268885809989
20 23 46 49 -0.001188909 3.5985303024444204
20 23 47 50 -0.001078687 3.6598987671006524
20 23 48 51 -0.000933954 3.53722420259111
20 23 49 52 -0.000886701 3.7340135538456107
20 23 50 53 -0.000829846 3.8714515743581313
20 23 51 54 -0.000766754 3.9494085324091106
20 23 52 55 -0.000639231 3.6236914928890007
20 23 53 56 -0.000571851 3.557115343085045
20 23 54 57 -0.00050703 3.4510667466327654
20 23 55 58 -0.000512468 3.806674464568587
20 23 56 59 -0.000481757 3.895708464687717
20 23 58 61 -0.000450466 4.287211237677803
20 23 59 62 -0.00040552 4.1735540668471645
20 23 62 1 -0.011375199 3.966931396164613
20 23 63 2 -0.012122156 3.933899398335366
20 23 64 3 -0.013047705 3.9088897039010364
21 24 22 25 3.93651738 9.893547265389214
21 24 23 26 -1.26376028 19.851100057732943
21 24 25 28 -2.08504624 10.189458144411804
21 24 26 29 -0.648656596 9.05695465198292
21 24 27 30 -0.29197887 8.255508056959032
21 24 28 31 -0.150585559 7.358998669417301
21 24 29 32 -0.086642751 6.653685622916682
21 24 30 33 -0.053852264 6.090547570616835
21 24 31 34 -0.034769398 5.522248313730615
21 24 32 35 -0.024492599 5.266510417422677
21 24 33 36 -0.016804179 4.751269676640702
21 24 34 37 -0.012304575 4.466911213618497
21 24 35 38 -0.008883747 4.059225625979932
21 24 36 39 -0.006972671 3.942952558109749
21 24 37 40 -0.005583766 3.8514256057833145
21 24 38 41 -0.004594098 3.8166696859420495
21 24 39 42 -0.003936034 3.8951058820840814
21 24 40 43 -0.003286243 3.835953253586774
21 24 41 44 -0.002744821 3.746262011340484
21 24 42 45 -0.002247747 3.558998753013572
21 24 43 46 -0.00195815 3.5714092161583793
21 24 44 47 -0.001717454 3.5850371553649873
21 24 45 48 -0.001564492 3.7157374097927964
21 24 46 49 -0.00134213 3.6073864734279075
21 24 47 50 -0.001232396 3.7301545792077393
21 24 48 51 -0.001057476 3.587931539583335
21 24 49 52 -0.001003712 3.8014231737656545
21 24 50 53 -0.000944808 3.9787097091147565
21 24 52 55 -0.000743249 3.8283386096512557
21 24 53 56 -0.000662274 3.754318328994636
21 24 54 57 -0.000589775 3.6686089583964745
21 24 55 58 -0.000546842 3.722044537526684
21 24 56 59 -0.000510404 3.791342822212636
21 24 57 60 -0.000492898 3.9857997098695948
21 24 60 63 -0.000356327 3.6672667192184103
21 24 61 64 -0.000355342 3.9468814408635673
21 24 62 1 -0.01087025 4.042707064897769
21 24 63 2 -0.011532002 4.0216141092945366
21 24 64 3 -0.012320631 3.998308789130585
22 25 23 26 4.24610658 10.671629790469806
22 25 24 27 -0.784792934 12.327498580217924
22 25 26 29 -2.28303448 11.157011211515849
22 25 27 30 -0.680234653 9.497867504808873
22 25 28 31 -0.293092237 8.286987767250576
22 25 29 32 -0.151504114 7.403887734927138
22 25 30 33 -0.086807081 6.6663052609798115
22 25 31 34 -0.052779697 5.969243100740252
22 25 32 35 -0.035463725 5.632524773073617
22 25 33 36 -0.023346202 5.020006902503656
22 25 34 37 -0.016521317 4.671292330334528
22 25 35 38 -0.011592244 4.208314770286803
22 25 36 39 -0.008850074 4.043839516435883
22 25 37 40 -0.006921336 3.9139232995127835
22 25 38 41 -0.005595165 3.8592881130016186
22 25 39 42 -0.00474968 3.9459235902075305
22 25 40 43 -0.00392411 3.883305871581639
22 25 41 44 -0.003263117 3.8089588240992263
22 25 42 45 -0.002651251 3.6185532330991594
22 25 43 46 -0.002306526 3.652067229004591
22 25 44 47 -0.002025153 3.6936139153439673
22 25 45 48 -0.001815624 3.7899585666762547
22 25 46 49 -0.001553703 3.6901130595792737
22 25 47 50 -0.001353092 3.636850214288865
22 25 48 51 -0.001176633 3.5613739195818064
22 25 49 52 -0.001064536 3.6118855552484272
22 25 50 53 -0.000995791 3.7714234597447027
22 25 51 54 -0.000907398 3.821171320132039
22 25 52 55 -0.000802214 3.7425409693752023
22 25 53 56 -0.000712835 3.671681701301654
22 25 54 57 -0.000630872 3.5763057478468183
22 25 55 58 -0.000610223 3.795802745826073
22 25 56 59 -0.000569947 3.879307218592795
22 25 57 60 -0.000562071 4.175131565238279
22 25 58 61 -0.00051133 4.134849331195542
22 25 59 62 -0.000457751 4.020196690882083
22 25 60 63 -0.000406809 3.8717153267693214
22 25 62 1 -0.010361398 4.0794118964368415
22 25 63 2 -0.010895206 4.051988341548406
22 25 64 3 -0.011526163 4.0195778449248145
23 26 24 27 4.45480062 11.196135120799385
23 26 25 28 -1.05607584 16.588800502888386
23 26 27 30 -2.25287026 11.00960102403299
23 26 28 31 -0.654320528 9.136038061590172
23 26 29 32 -0.285050003 8.059598957974925
23 26 30 33 -0.145798869 7.125076867254895
23 26 31 34 -0.081950187 6.293322577410238
23 26 32 35 -0.051955545 5.876033705469164
23 26 33 36 -0.0325119 5.163701279820215
23 26 34 37 -0.022054308 4.7422179586187765
23 26 35 38 -0.014926254 4.2202988920813675
23 26 36 39 -0.01111099 4.033605860048232
23 26 37 40 -0.008496398 3.882235332695162
23 26 38 41 -0.006727954 3.804568354816213
23 26 39 42 -0.005592046 3.8571367699001278
23 26 40 43 -0.004543063 3.774270995835297
23 26 41 44 -0.003720433 3.681746769006499
23 26 42 45 -0.002979263 3.477622804564572
23 26 43 46 -0.002562054 3.496812932866271
23 26 44 47 -0.002196619 3.478044585020431
23 26 45 48 -0.001954121 3.564060847682061
23 26 46 49 -0.001650149 3.444543770539635
23 26 47 50 -0.001462397 3.4732572879048
23 26 48 51 -0.001246037 3.349107030757594
23 26 49 52 -0.001145727 3.4678291844276883
23 26 50 53 -0.001063722 3.609123718314803
23 26 51 54 -0.000974228 3.6897565195308677
23 26 52 55 -0.000871485 3.6699369933868824
23 26 53 56 -0.000767401 3.580129095776812
23 26 54 57 -0.000677961 3.492052154981406
23 26 55 58 -0.000656601 3.7221590597489964
23 26 56 59 -0.000613076 3.8135494142306428
23 26 57 60 -0.000590809 4.021303065915936
23 26 58 61 -0.000526417 3.910289328533298
23 26 59 62 -0.000477949 3.8649152269485025
23 26 62 1 -0.009469055 3.918686267620409
23 26 63 2 -0.009938531 3.9129238732559384
23 26 64 3 -0.010457229 3.88910223385422
24 27 25 28 3.9182293 9.847584307168205
24 27 26 29 -1.01069237 15.875918623156318
24 27 28 31 -2.15058153 10.509723988701612
24 27 29 32 -0.654506415 9.138633533739497
24 27 30 33 -0.279933036 7.914920124552174
24 27 31 34 -0.141387794 6.909511076808151
24 27 32 35 -0.083419361 6.406147041182897
24 27 33 36 -0.049143029 5.557945639735827
24 27 34 37 -0.031702442 5.035139143785078
24 27 35 38 -0.020563393 4.421634611012761
24 27 36 39 -0.014751717 4.170949717953204
24 27 37 40 -0.010925539 3.9662818645850195
24 27 38 41 -0.008443664 3.8581397338267536
24 27 39 42 -0.006895568 3.899351838803197
24 27 40 43 -0.005512121 3.8020081718281045
24 27 41 44 -0.004462535 3.7073702078091078
24 27 42 45 -0.003537494 3.5007100261931545
24 27 43 46 -0.003013632 3.517740920410699
24 27 44 47 -0.00257056 3.508422325489128
24 27 45 48 -0.002269017 3.5926768775874667
24 27 46 49 -0.001906238 3.47672852508302
24 27 47 50 -0.001650698 3.4456897607078116
24 27 48 51 -0.00140889 3.3461758061293847
24 27 49 52 -0.001284501 3.452490841054608
24 27 50 53 -0.001186019 3.5897829949767637
24 27 51 54 -0.001075001 3.6473924637378294
24 27 52 55 -0.000952995 3.609339409594386
24 27 53 56 -0.000836347 3.5219662927166144
24 27 54 57 -0.000734038 3.424481856559764
24 27 55 58 -0.00070331 3.622620181868828
24 27 56 59 -0.000655006 3.7131172768392844
24 27 57 60 -0.000621775 3.867660268927927
24 27 58 61 -0.000549122 3.7375632093652786
24 27 59 62 -0.000499445 3.709938040924425
24 27 61 64 -0.000422443 3.710104294007659
24 27 62 1 -0.008872082 3.8326570552258032
24 27 63 2 -0.009219662 3.8154771380567243
24 27 64 3 -0.009607845 3.782728661916203
25 28 26 29 4.52240312 11.366038734690827
25 28 27 30 -0.832725732 13.080425210531942
25 28 29 32 -2.49902998 12.212564351973445
25 28 30 33 -0.686412688 9.58412914645163
25 28 31 34 -0.286805549 8.109235851724677
25 28 32 35 -0.152665022 7.460620402282817
25 28 33 36 -0.082971105 6.371723451578891
25 28 34 37 -0.050151452 5.671995594122223
25 28 35 38 -0.030864354 4.902029849089845
25 28 36 39 -0.02118495 4.555284633843005
25 28 37 40 -0.015125572 4.276654728888907
25 28 38 41 -0.011332632 4.114068219390902
25 28 39 42 -0.009006501 4.115315267264352
25 28 40 43 -0.007047056 3.985016284626459
25 28 41 44 -0.005596609 3.860284117951459
25 28 42 45 -0.004367298 3.628249524950348
25 28 43 46 -0.003647901 3.6099689795261938
25 28 44 47 -0.003099354 3.6178021711471677
25 28 45 48 -0.00270839 3.6965392529765886
25 28 46 49 -0.002267246 3.589872742250355
25 28 47 50 -0.001937365 3.533500097573055
25 28 48 51 -0.001651687 3.4477542129415575
25 28 49 52 -0.001472328 3.4968438503267567
25 28 50 53 -0.001357943 3.6498887662790587
25 28 51 54 -0.001212257 3.669198861183123
25 28 52 55 -0.001038325 3.5229537274017257
25 28 53 56 -0.000905322 3.42878438289058
25 28 55 58 -0.000767426 3.5802457274040766
25 28 56 59 -0.00070848 3.649249898978299
25 28 57 60 -0.000704893 3.99591816963978
25 28 58 61 -0.000636293 3.9579673603746652
25 28 61 64 -0.000439836 3.556715996393175
25 28 62 1 -0.009092661 4.0724181872580525
25 28 63 2 -0.009395709 4.0588590578511985
25 28 64 3 -0.009728809 4.026183207152334
26 29 27 30 4.25020372 10.68192702640959
26 29 28 31 -1.26897554 19.933021170245745
26 29 30 33 -2.26172201 11.052858835010747
26 29 31 34 -0.63808894 8.909402338848414
26 29 32 35 -0.29156954 8.243934523870989
26 29 33 36 -0.143623883 7.018786999977508
26 29 34 37 -0.08059897 6.18955656095099
26 29 35 38 -0.046714483 5.2832835579256505
26 29 36 39 -0.030754668 4.884608974315428
26 29 37 40 -0.02114066 4.545761195910278
26 29 38 41 -0.015350329 4.340203273492766
26 29 39 42 -0.011854267 4.303436582858628
26 29 40 43 -0.009060866 4.14015611439298
26 29 41 44 -0.007037963 3.9798743142666226
26 29 42 45 -0.005384037 3.7136617050723073
26 29 43 46 -0.004444616 3.69248351969266
26 29 44 47 -0.003681775 3.6434907470337197
26 29 45 48 -0.003185703 3.7185953040633777
26 29 46 49 -0.002623479 3.5806486890218054
26 29 47 50 -0.002276442 3.6044333456157305
26 29 48 51 -0.001898531 3.4626719661733696
26 29 49 52 -0.001725343 3.6015047627178913
26 29 50 53 -0.001578417 3.7488098981349323
26 29 51 54 -0.001419043 3.814113776916214
26 29 52 55 -0.001187358 3.5938358132117783
26 29 53 56 -0.001033343 3.506050199633526
26 29 55 58 -0.000877326 3.694534206165499
26 29 56 59 -0.0008109 3.7830634619519876
26 29 58 61 -0.000718766 4.074561840051336
26 29 62 1 -0.008627552 3.979501696884125
26 29 63 2 -0.008840324 3.95940156999737
26 29 64 3 -0.009095162 3.929025544141908
27 30 28 31 4.0087081 10.074982333876699
27 30 29 32 -0.967274326 15.193909582838126
27 30 31 34 -2.16081914 10.55975438927144
27 30 32 35 -0.690163106 9.63649486039248
27 30 33 36 -0.286762195 8.108010046253543
27 30 34 37 -0.143830534 7.028885872964617
27 30 35 38 -0.076430778 5.8694623942277255
27 30 36 39 -0.047601901 5.383648169226332
27 30 37 40 -0.031092124 4.93820541066898
27 30 38 41 -0.021660113 4.657456350673621
27 30 39 42 -0.016131508 4.561076432171241
27 30 40 43 -0.011973597 4.3467567719038485
27 30 41 44 -0.009066343 4.142658704657368
27 30 42 45 -0.006783584 3.836026378693669
27 30 43 46 -0.005488745 3.7858844795099107
27 30 44 47 -0.004564827 3.792352020455329
27 30 45 48 -0.003885965 3.8455575152737165
27 30 46 49 -0.003180844 3.7129235089894355
27 30 47 50 -0.002676038 3.652383707463461
27 30 48 51 -0.002236592 3.541336342123971
27 30 49 52 -0.001969273 3.5916961118054593
27 30 50 53 -0.001792851 3.742421892541677
27 30 51 54 -0.001602422 3.805822830461896
27 30 53 56 -0.001145812 3.468086458176737
27 30 55 58 -0.000963567 3.649379426843408
27 30 56 59 -0.000882962 3.7182681372081774
27 30 57 60 -0.00088612 4.133984702065477
27 30 58 61 -0.000803558 4.138979153008136
27 30 62 1 -0.008751553 4.1298428608674005
27 30 63 2 -0.009018823 4.1599774110196694
27 30 64 3 -0.009224286 4.13137035141526
28 31 29 32 4.69257778 11.793734304037338
28 31 30 33 -0.807810118 12.689051661021548
28 31 32 35 -2.43113741 11.880778664414041
28 31 33 36 -0.705659364 9.852863439463288
28 31 34 37 -0.295543144 8.356285530083062
28 31 35 38 -0.140625304 6.872248785970263
28 31 36 39 -0.080430917 6.176651017012432
28 31 37 40 -0.049169026 5.560885831167581
28 31 38 41 -0.032472623 5.157463111790431
28 31 39 42 -0.023126213 4.972703863727804
28 31 40 43 -0.016536841 4.6756816379264174
28 31 41 44 -0.012147551 4.409907028881744
28 31 42 45 -0.008838215 4.03842081679276
28 31 43 46 -0.007006771 3.9622356538174834
28 31 44 47 -0.005650442 3.897415651514315
28 31 45 48 -0.004731585 3.9308906853876677
28 31 46 49 -0.003787914 3.7485260803714198
28 31 47 50 -0.003229229 3.7694021681070953
28 31 48 51 -0.002629813 3.5892936329288325
28 31 49 52 -0.00235777 3.7332050670706307
28 31 50 53 -0.002126307 3.878105567082233
28 31 51 54 -0.001945334 4.060717008778571
28 31 52 55 -0.001603421 3.808195499463964
28 31 53 56 -0.001381617 3.713519910335098
28 31 54 57 -0.001194988 3.6169299156263874
28 31 55 58 -0.00111425 3.7805611834034356
28 31 56 59 -0.001017287 3.85283664653859
28 31 57 60 -0.000963526 4.057533648301565
28 31 58 61 -0.000842821 3.9319833889084177
28 31 59 62 -0.000752791 3.877487692950786
28 31 62 1 -0.008646776 4.147272272599624
28 31 63 2 -0.008819603 4.1619555392322605
28 31 64 3 -0.008973034 4.138857004767858
29 32 30 33 4.22284697 10.613172014548715
29 32 31 34 -1.15303068 18.111763568258258
29 32 33 36 -2.25525189 11.021239863850987
29 32 34 37 -0.672548952 9.390554874589817
29 32 35 38 -0.270723974 7.654540030821297
29 32 36 39 -0.140386111 6.860559610856639
29 32 37 40 -0.079525748 6.1071390279296995
29 32 38 41 -0.049493737 5.597609780084614
29 32 39 42 -0.03357604 5.332713274809984
29 32 40 43 -0.023083706 4.963563814592415
29 32 41 44 -0.016439135 4.6480559172633695
29 32 42 45 -0.011636454 4.2243642595827815
29 32 43 46 -0.008993125 4.109203409061601
29 32 44 47 -0.0071043 4.017387004001636
29 32 45 48 -0.005839826 4.0280440458499065
29 32 46 49 -0.004615273 3.834261383071676
29 32 47 50 -0.003881983 3.841616921360539
29 32 48 51 -0.003135719 3.6602501702959476
29 32 49 52 -0.002767311 3.7769574310545737
29 32 50 53 -0.002482459 3.9306329784478935
29 32 51 54 -0.00221478 4.039468735164954
29 32 52 55 -0.001830223 3.820432720529093
29 32 53 56 -0.001564755 3.7163620463769242
29 32 54 57 -0.001341029 3.6044271978679814
29 32 55 58 -0.001235488 3.7395132901731354
29 32 56 59 -0.001121239 3.80427430174385
29 32 57 60 -0.001071702 4.058926084545168
29 32 58 61 -0.000934275 3.9343538724091975
29 32 59 62 -0.000838198 3.9104158683946624
29 32 60 63 -0.00071741 3.695246683076476
29 32 61 64 -0.000698819 3.9614856998005394
29 32 62 1 -0.008360789 4.049347905827758
29 32 63 2 -0.0084534 4.054522914574595
29 32 64 3 -0.008520937 4.021015565734547
30 33 31 34 4.08312653 10.26201624826045
30 33 32 35 -0.988572811 15.52846540288109
30 33 34 37 -2.24793377 10.985476782915294
30 33 35 38 -0.62481068 8.724002854099723
30 33 36 39 -0.276167651 7.80845637186674
30 33 37 40 -0.140543698 6.868260764479992
30 33 38 41 -0.081011253 6.221217622470989
30 33 39 42 -0.051705029 5.847701013361722
30 33 40 43 -0.033834153 5.373708062209005
30 33 41 44 -0.023115426 4.9703843937576
30 33 42 45 -0.015768341 4.45839338204088
30 33 43 46 -0.011864657 4.307208448811697
30 33 44 47 -0.009267112 4.234395521307185
30 33 45 48 -0.007463103 4.2202853204011115
30 33 46 49 -0.005801077 4.001316763438985
30 33 47 50 -0.004698533 3.9034318531076955
30 33 48 51 -0.003765119 3.7259681099417676
30 33 49 52 -0.003230893 3.771344515710108
30 33 50 53 -0.002864493 3.909596038375813
30 33 51 54 -0.002499856 3.958178739294723
30 33 52 55 -0.002150947 3.9230457009259845
30 33 53 56 -0.001816722 3.7922505470126073
30 33 54 57 -0.001553278 3.689103665859675
30 33 55 58 -0.001421935 3.821886914899236
30 33 56 59 -0.001285898 3.8920917571089757
30 33 57 60 -0.001196022 4.0580070430303286
30 33 58 61 -0.001030401 3.9025041442877084
30 33 59 62 -0.000917762 3.8648154757967514
30 33 60 63 -0.000816939 3.8112369978340053
30 33 61 64 -0.00077164 3.9745754178630515
30 33 62 1 -0.008579314 4.168685787850468
30 33 63 2 -0.008595244 4.162900569728359
30 33 64 3 -0.008618009 4.133474692846676
31 34 32 35 4.16360088 10.464270349670379
31 34 33 36 -0.940990299 14.781041052188346
31 34 35 38 -2.02521168 9.897051322436816
31 34 36 39 -0.636484663 8.8870024062372
31 34 37 40 -0.272231239 7.697156944680415
31 34 38 41 -0.140833041 6.882400730929265
31 34 39 42 -0.082943612 6.369612140745387
31 34 40 43 -0.050990871 5.766931646414836
31 34 41 44 -0.033122056 5.26060928329248
31 34 42 45 -0.021637877 4.652675064471947
31 34 43 46 -0.015723684 4.4457669127590576
31 34 44 47 -0.011853264 4.30307246528876
31 34 45 48 -0.009310036 4.254008664361526
31 34 46 49 -0.007069355 3.9976260720512906
31 34 47 50 -0.00570615 3.9358404740528985
31 34 48 51 -0.004475837 3.7184211997910808
31 34 49 52 -0.003847133 3.8071293026075943
31 34 50 53 -0.003380411 3.945873319139978
31 34 51 54 -0.002934976 4.005794582960436
31 34 52 55 -0.002380039 3.7684649709792377
31 34 53 56 -0.001995023 3.638660740315061
31 34 54 57 -0.001683651 3.5144763071776106
31 34 55 58 -0.001578369 3.748695896020719
31 34 56 59 -0.001420736 3.8186642342485984
31 34 57 60 -0.001338661 4.051792166768483
31 34 58 61 -0.001176727 3.9925406503592322
31 34 59 62 -0.00102316 3.875079838110999
31 34 60 63 -0.000897815 3.780816057324732
31 34 61 64 -0.00084357 3.935477672461263
31 34 62 1 -0.008497253 4.115440975826401
31 34 63 2 -0.008451308 4.106487715491817
31 34 64 3 -0.008422205 4.079093274474703
32 35 33 36 4.4548243 11.196194635130615
32 35 34 37 -0.712824878 11.197027000104228
32 35 36 39 -2.42233867 11.837779909166501
32 35 37 40 -0.679993812 9.494504730069837
32 35 38 41 -0.293216409 8.290498647837412
32 35 39 42 -0.154168541 7.534096201648436
32 35 40 43 -0.087343816 6.707523550006855
32 35 41 44 -0.053179346 6.014442337787175
32 35 42 45 -0.032859137 5.218851183126416
32 35 43 46 -0.022857882 4.915006107486523
32 35 44 47 -0.016625624 4.700784439777147
32 35 45 48 -0.0126417 4.5892971914268434
32 35 46 49 -0.009332657 4.264344814511376
32 35 47 50 -0.007353341 4.158216371689314
32 35 48 51 -0.005652325 3.898714458523006
32 35 49 52 -0.004786099 3.97617964771704
32 35 50 53 -0.004111433 4.068681028185885
32 35 51 54 -0.003474316 4.055486391051601
32 35 52 55 -0.002880517 3.931466354316167
32 35 53 56 -0.002416106 3.825572113386697
32 35 54 57 -0.002036284 3.7139154019435945
32 35 55 58 -0.001894978 3.9556032002017134
32 35 56 59 -0.001701528 4.041203945696058
32 35 57 60 -0.001583838 4.25705093940312
32 35 59 62 -0.001192574 4.046308254643185
32 35 62 1 -0.00872786 4.186162770624723
32 35 63 2 -0.008690122 4.208852456638689
32 35 64 3 -0.008639284 4.19782519068587
33 36 34 37 4.13729011 10.398144172276549
33 36 35 38 -1.22400271 19.22658960855003
33 36 37 40 -2.15088764 10.51121992436613
33 36 38 41 -0.642957509 8.977380385976836
33 36 39 42 -0.286089974 8.089003445256845
33 36 40 43 -0.146298084 7.149473114445858
33 36 41 44 -0.082801634 6.358709013057642
33 36 42 45 -0.048194451 5.450663995394178
33 36 43 46 -0.031930283 5.07132598193651
33 36 44 47 -0.022408292 4.818333213827134
33 36 45 48 -0.016475053 4.658211492507217
33 36 46 49 -0.011858785 4.305076745551213
33 36 47 50 -0.009072487 4.145466065362938
33 36 48 51 -0.006881535 3.8914163642557886
33 36 49 52 -0.00566936 3.910464419963818
33 36 50 53 -0.004795646 3.9841110731005838
33 36 51 54 -0.003973192 3.93187750152804
33 36 52 55 -0.003276462 3.824536125038054
33 36 53 56 -0.002724734 3.718846320108962
33 36 54 57 -0.002277459 3.6060436254789954
33 36 55 58 -0.002075068 3.7846523398898624
33 36 56 59 -0.001842373 3.8457947980215237
33 36 57 60 -0.001709123 4.059242405226293
33 36 58 61 -0.001477245 3.9705495227280587
33 36 59 62 -0.001280424 3.875523327670238
33 36 60 63 -0.001056283 3.5838837859447445
33 36 61 64 -0.000975885 3.6960321824689712
33 36 62 1 -0.008909735 4.2044886755494035
33 36 63 2 -0.008791753 4.216807911346907
33 36 64 3 -0.00870078 4.214014403672673
34 37 35 38 3.86619904 9.716818001103912
34 37 36 39 -0.916461989 14.395751259683479
34 37 38 41 -2.15282054 10.520665855717434
34 37 39 42 -0.65410221 9.13298976725708
34 37 40 43 -0.280025921 7.917546386054832
34 37 41 44 -0.142462031 6.96200820007904
34 37 42 45 -0.076565723 5.879825426287781
34 37 43 46 -0.047798243 5.4058539262788114
34 37 44 47 -0.031942306 5.073235534453812
34 37 45 48 -0.022544845 4.847695463093956
34 37 46 49 -0.015661045 4.428056152758518
34 37 47 50 -0.011717841 4.253910058843851
34 37 48 51 -0.008646338 3.9507469967890887
34 37 49 52 -0.007034728 3.978044964864437
34 37 50 53 -0.005863267 4.044212572185925
34 37 51 54 -0.004846928 4.026714965058153
34 37 52 55 -0.003875735 3.835433890027156
34 37 53 56 -0.003182576 3.714945231374302
34 37 54 57 -0.002623196 3.5802624371863634
34 37 55 58 -0.002388883 3.782468230675125
34 37 56 59 -0.002106062 3.8411813377938095
34 37 57 60 -0.00193862 4.046702112623495
34 37 58 61 -0.001668213 3.962079353299774
34 37 59 62 -0.00143301 3.8516543779566255
34 37 60 63 -0.001221403 3.6968815165807665
34 37 61 64 -0.001100604 3.7342613961844786
34 37 62 1 -0.008776058 4.0480008353416475
34 37 63 2 -0.008588373 4.052838498551782
34 37 64 3 -0.008418118 4.0376005309807725
35 38 36 39 4.31482245 10.844331608371432
35 38 37 40 -0.899723026 14.132816243735922
35 38 39 42 -2.15955938 10.55359804053166
35 38 40 43 -0.625945949 8.739854199656383
35 38 41 44 -0.266361117 7.531183155322532
35 38 42 45 -0.127624953 6.236931785148439
35 38 43 46 -0.073692814 5.659201853182998
35 38 44 47 -0.046446659 5.252993377134869
35 38 45 48 -0.031185355 4.953012820694814
35 38 46 49 -0.020784454 4.469168156121056
35 38 47 50 -0.01503233 4.250291174490365
35 38 48 51 -0.010772342 3.9106669898581226
35 38 49 52 -0.008560683 3.911608897629656
35 38 50 53 -0.00702732 3.973855839556434
35 38 51 54 -0.005735167 3.955855069364202
35 38 52 55 -0.004488836 3.7292204664256983
35 38 53 56 -0.003606254 3.5687550381143174
35 38 54 57 -0.002927476 3.41717307180181
35 38 55 58 -0.002651847 3.6193666821942956
35 38 56 59 -0.002310101 3.657727750647829
35 38 57 60 -0.002106097 3.841245173211201
35 38 58 61 -0.00179806 3.7532952309497483
35 38 59 62 -0.001531498 3.637375206535315
35 38 60 63 -0.001333168 3.583298346663093
35 38 61 64 -0.001209227 3.6600278087170333
35 38 62 1 -0.008695617 3.894590243739462
35 38 63 2 -0.008430143 3.8884458040329197
35 38 64 3 -0.008243013 3.8898637064858286
36 39 37 40 3.93387143 9.886897267723802
36 39 38 41 -0.96439776 15.148724589772295
36 39 40 43 -2.07343857 10.132732367616013
36 39 41 44 -0.608446275 8.495512656195867
36 39 42 45 -0.24226184 6.849792151102305
36 39 43 46 -0.12565077 6.14045500366512
36 39 44 47 -0.073497002 5.644164571077373
36 39 45 48 -0.046468423 5.255454827545328
36 39 46 49 -0.029492922 4.684212213898227
36 39 47 50 -0.020474013 4.4024157154962325
36 39 48 51 -0.014200881 4.015204508169253
36 39 49 52 -0.010944427 3.9731387465986465
36 39 50 53 -0.008805607 4.023521334714763
36 39 51 54 -0.007067146 3.99637691198037
36 39 52 55 -0.005530773 3.8148734656815844
36 39 53 56 -0.004367976 3.6288127915691852
36 39 54 57 -0.003494833 3.4584926286717943
36 39 55 58 -0.003102985 3.622040551042925
36 39 56 59 -0.002691494 3.673478790037982
36 39 57 60 -0.002416116 3.825587947013671
36 39 58 61 -0.002026415 3.6959156381082052
36 39 59 62 -0.00172253 3.5956328677396026
36 39 60 63 -0.001450096 3.4440418710935528
36 39 61 64 -0.00131205 3.5265372374219233
36 39 62 1 -0.008799948 3.801495836920826
36 39 63 2 -0.008522904 3.8172355988917217
36 39 64 3 -0.00825741 3.8087718401312376
37 40 38 41 4.15926922 10.4533837006833
37 40 39 42 -0.88324888 13.874040963497094
37 40 41 44 -2.26732785 11.080254137305946
37 40 42 45 -0.580990525 8.112158067312322
37 40 43 46 -0.249207541 7.046177220222986
37 40 44 47 -0.130171538 6.361381405357758
37 40 45 48 -0.075660104 5.81027887968586
37 40 46 49 -0.044984775 5.087658191882052
37 40 47 50 -0.029719823 4.720249756585442
37 40 48 51 -0.019757045 4.248249984004908
37 40 49 52 -0.014725845 4.163634582291173
37 40 50 53 -0.011527182 4.184695411033806
37 40 51 54 -0.00902967 4.125901813518802
37 40 52 55 -0.006941372 3.925253390586102
37 40 53 56 -0.005385736 3.714833597322847
37 40 54 57 -0.004236626 3.519690268878444
37 40 55 58 -0.00371459 3.6759645263558975
37 40 56 59 -0.00317992 3.7118449457771856
37 40 57 60 -0.002845829 3.8841225251013003
37 40 58 61 -0.00237284 3.7570663429205884
37 40 59 62 -0.002002272 3.651881967191415
37 40 60 63 -0.001630782 3.40411682775808
37 40 61 64 -0.001451975 3.4485045788562014
37 40 62 1 -0.009197029 3.8061106673481846
37 40 63 2 -0.00890529 3.847002602921365
37 40 64 3 -0.008555811 3.831973975840791
38 41 39 42 3.9461241 9.91769158617089
38 41 40 43 -1.09694293 17.23073925147635
38 41 42 45 -2.0232475 9.887452528168307
38 41 43 46 -0.590220968 8.24103936472645
38 41 44 47 -0.256517958 7.252874391299886
38 41 45 48 -0.132596389 6.479881980054534
38 41 46 49 -0.072431718 5.562356632694586
38 41 47 50 -0.045098927 5.100568478927385
38 41 48 51 -0.02844779 4.518219163784851
38 41 49 52 -0.020416779 4.390108999609088
38 41 50 53 -0.015484413 4.37811463133552
38 41 51 54 -0.011823612 4.292307944668892
38 41 52 55 -0.00890859 4.070577068364122
38 41 53 56 -0.006781982 3.8351204690360796
38 41 54 57 -0.005239703 3.6141067338602024
38 41 55 58 -0.004520601 3.7556100890619475
38 41 56 59 -0.003834028 3.7941605725141265
38 41 57 60 -0.003414668 3.9858607000512873
38 41 58 61 -0.0028296 3.861972415428559
38 41 59 62 -0.002362009 3.7399169415449487
38 41 60 63 -0.001891807 3.450408270557891
38 41 61 64 -0.001675663 3.4978020458599537
38 41 62 1 -0.009807713 3.861419191603127
38 41 63 2 -0.009442687 3.9077740995630244
38 41 64 3 -0.009011244 3.8927737472400716
39 42 40 43 4.27932987 10.755129025503471
39 42 41 44 -0.772213843 12.129906680845735
39 42 43 46 -2.41554296 11.804569805103505
39 42 44 47 -0.677863941 9.464766120795641
39 42 45 48 -0.283172532 8.006514716066574
39 42 46 49 -0.135376324 6.6157352325305325
39 42 47 50 -0.077317599 5.937565358061371
39 42 48 51 -0.045458269 5.141209101671131
39 42 49 52 -0.031058646 4.932888268593437
39 42 50 53 -0.022601504 4.859878539856889
39 42 51 54 -0.016705537 4.7233793082125155
39 42 52 55 -0.012172225 4.418864393706195
39 42 53 56 -0.009051518 4.135884758944466
39 42 54 57 -0.006874617 3.8875043274198324
39 42 55 58 -0.005828367 4.020140153384379
39 42 56 59 -0.004851598 4.030594692358996
39 42 57 60 -0.004249258 4.205072880542404
39 42 58 61 -0.003480018 4.062142199965291
39 42 59 62 -0.002880927 3.9320259417809416
39 42 60 63 -0.002373813 3.7586069548251673
39 42 61 64 -0.002092957 3.817279533653291
39 42 62 1 -0.010954614 4.074082510616408
39 42 63 2 -0.010396726 4.093320971590341
39 42 64 3 -0.009865408 4.0827135183048915
40 43 41 44 4.47210821 11.23963383887566
40 43 42 45 -1.20373202 18.908178354614048
40 43 44 47 -2.42057203 11.829146477451221
40 43 45 48 -0.668347608 9.33189304594269
40 43 46 49 -0.260965067 7.378613435976904
40 43 47 50 -0.132774124 6.488567750703423
40 43 48 51 -0.071625558 5.500447988983924
40 43 49 52 -0.046016972 5.20439692232332
40 43 50 53 -0.031944116 5.0735230076349085
40 43 51 54 -0.022644996 4.869230388187667
40 43 52 55 -0.016061409 4.541256406863082
40 43 53 56 -0.01161486 4.216525022490328
40 43 54 57 -0.008630281 3.943410116768039
40 43 55 58 -0.007189753 4.0657095370665335
40 43 56 59 -0.005864989 4.045400328781233
40 43 57 60 -0.005055611 4.200083944142064
40 43 58 61 -0.004097489 4.054882022277964
40 43 59 62 -0.003369469 3.9331009829187233
40 43 60 63 -0.002791691 3.8102324124965254
40 43 61 64 -0.002426792 3.842491927171213
40 43 62 1 -0.011121558 3.878477871417082
40 43 63 2 -0.010434253 3.880557330331017
40 43 64 3 -0.009775891 3.848890472470013
41 44 42 45 3.95434631 9.938356253796709
41 44 43 46 -1.29417033 20.328780006109437
41 44 45 48 -2.26259403 11.057120328650852
41 44 46 49 -0.586844615 8.19389658347878
41 44 47 50 -0.249211494 7.046288988664823
41 44 48 51 -0.119346568 5.832373575154849
41 44 49 52 -0.071033741 5.454999706019112
41 44 50 53 -0.046561408 5.265971183289513
41 44 51 54 -0.03162919 5.023504897673674
41 44 52 55 -0.021544037 4.632497159400666
41 44 53 56 -0.01508348 4.264753496271165
41 44 54 57 -0.010929449 3.9677013059590815
41 44 55 58 -0.008916673 4.074270410906947
41 44 56 59 -0.007136102 4.035370611324139
41 44 57 60 -0.006037886 4.164656746933986
41 44 58 61 -0.004822165 4.0061424410429956
41 44 59 62 -0.003931259 3.8903805340340014
41 44 60 63 -0.003133848 3.6580661965187615
41 44 61 64 -0.002678313 3.6554887354692216
41 44 62 1 -0.012057723 3.9129895090439772
41 44 63 2 -0.011305217 3.94252621494832
41 44 64 3 -0.010597391 3.9412292693529616
42 45 43 46 4.06594659 10.218838349625958
42 45 44 47 -1.05491265 16.570529157094736
42 45 46 49 -1.98044063 9.678258697455814
42 45 47 50 -0.567216076 7.919830477153889
42 45 48 51 -0.222696355 6.296591095643014
42 45 49 52 -0.118514888 5.791730023050486
42 45 50 53 -0.071878089 5.519840977602682
42 45 51 54 -0.045950447 5.196873122077237
42 45 52 55 -0.029860106 4.742530198720076
42 45 53 56 -0.020062848 4.314005140702615
42 45 54 57 -0.014072212 3.978824205506226
42 45 55 58 -0.011130875 4.040824681460821
42 45 56 59 -0.00867561 3.964122169733983
42 45 57 60 -0.007166442 4.052527477123924
42 45 58 61 -0.00560122 3.863464574200569
42 45 59 62 -0.004523549 3.75805921884415
42 45 60 63 -0.003653806 3.61581257748132
42 45 61 64 -0.003100608 3.61926593550665
42 45 62 1 -0.012438519 3.7263870428460346
42 45 63 2 -0.011538777 3.7445804110940295
42 45 64 3 -0.010678402 3.7239338102715385
43 46 44 47 4.41121906 11.086602713816998
43 46 45 48 -0.789933845 12.408251821369717
43 46 47 50 -2.21774329 10.837938264863196
43 46 48 51 -0.547524284 7.644881192339586
43 46 49 52 -0.239558886 6.773367927237784
43 46 50 53 -0.129228228 6.315282582330192
43 46 51 54 -0.075963177 5.833553215271006
43 46 52 55 -0.046397834 5.2474713997276545
43 46 53 56 -0.029578901 4.697867825300134
43 46 54 57 -0.019882251 4.275172349545772
43 46 55 58 -0.015204811 4.299059028313909
43 46 56 59 -0.011550923 4.193314070282297
43 46 57 60 -0.009369489 4.281174357074452
43 46 58 61 -0.00720127 4.072222247132984
43 46 59 62 -0.005708225 3.937271713852704
43 46 60 63 -0.004396115 3.6521900178043945
43 46 61 64 -0.003675363 3.637145421023852
43 46 62 1 -0.014255235 3.909324881442603
43 46 63 2 -0.013195265 3.9530963873528493
43 46 64 3 -0.012186867 3.954899504584261
44 47 45 48 3.93083078 9.879255280762091
44 47 46 49 -1.12814651 17.72088393994486
44 47 48 51 -1.888376 9.228346040379318
44 47 49 52 -0.556397566 7.7687755814259445
44 47 50 53 -0.250251339 7.075689913380671
44 47 51 54 -0.13124504 6.413842609752642
44 47 52 55 -0.074100568 5.690515112470978
44 47 53 56 -0.044342061 5.014968950974717
44 47 54 57 -0.02838553 4.508330721654996
44 47 55 58 -0.020870657 4.487703918598248
44 47 56 59 -0.015370248 4.345835238058783
44 47 57 60 -0.012137686 4.406325752882991
44 47 58 61 -0.009077714 4.147854423827783
44 47 59 62 -0.007058634 3.9915634893802463
44 47 60 63 -0.00542387 3.7411366809497286
44 47 61 64 -0.004511192 3.7477933108663084
44 47 62 1 -0.015659845 3.8959181274765693
44 47 63 2 -0.014330746 3.930032855118422
44 47 64 3 -0.013077791 3.9179030020735173
45 48 46 49 3.91525676 9.840113499307003
45 48 47 50 -0.715999219 11.246889431932171
45 48 49 52 -2.13034039 10.410807118241618
45 48 50 53 -0.634206958 8.85519964492589
45 48 51 54 -0.272200243 7.696280553427399
45 48 52 55 -0.136043923 6.648360274302994
45 48 53 56 -0.074449788 5.7173332832517625
45 48 54 57 -0.04457634 5.04146528164517
45 48 55 58 -0.031172919 4.9510376734682335
45 48 56 59 -0.022049932 4.741277011127388
45 48 57 60 -0.016865109 4.7684972282751925
45 48 58 61 -0.01229399 4.463068557110965
45 48 59 62 -0.009302077 4.250371980791273
45 48 60 63 -0.007077189 4.0020560946839705
45 48 61 64 -0.005798999 3.999883454376819
45 48 62 1 -0.018294051 4.088901907362846
45 48 63 2 -0.016471712 4.097897608269643
45 48 64 3 -0.014905088 4.087539165681349
46 49 47 50 4.21381979 10.590484236652209
46 49 48 51 -0.997676875 15.671471705782146
46 49 50 53 -2.19622546 10.73278231007556
46 49 51 54 -0.62717506 8.757015826714367
46 49 52 55 -0.259144247 7.32713096335732
46 49 53 56 -0.125516186 6.1338779886877095
46 49 54 57 -0.06916284 5.3113248233321535
46 49 55 58 -0.045458875 5.141277638656462
46 49 56 59 -0.030618502 4.862982414549066
46 49 57 60 -0.022488854 4.835656022739671
46 49 58 61 -0.015826941 4.474962141695912
46 49 59 62 -0.011648203 4.2286294812461716
46 49 60 63 -0.008655638 3.9549964197320895
46 49 61 64 -0.006931767 3.9198218910473104
46 49 62 1 -0.019609289 3.89606194429661
46 49 63 2 -0.017481116 3.907202869131128
46 49 64 3 -0.015589357 3.8783818442649816
47 50 48 51 3.68084842 9.250981084199662
47 50 49 52 -1.09279995 17.165661473816503
47 50 51 54 -2.09946996 10.259945737639816
47 50 52 55 -0.591652323 8.261024850738359
47 50 53 56 -0.236507723 6.687098325846439
47 50 54 57 -0.116339197 5.685405702973664
47 50 55 58 -0.070828378 5.439228959767311
47 50 56 59 -0.044927156 5.081141636506193
47 50 57 60 -0.031535203 5.008577415976619
47 50 58 61 -0.021410531 4.603790089979882
47 50 59 62 -0.015315389 4.330324221234288
47 50 60 63 -0.011083713 4.02370353207885
47 50 61 64 -0.008662575 3.9581661237058094
47 50 62 1 -0.022381909 3.9068936243445527
47 50 63 2 -0.019671851 3.9084920445087636
47 50 64 3 -0.017347438 3.877324509812437
48 51 49 52 3.92616733 9.867534752553786
48 51 50 53 -0.95606123 15.01777468275014
48 51 52 55 -2.08624279 10.19530559081793
48 51 53 56 -0.543854679 7.593643840741469
48 51 54 57 -0.220950737 6.247234909480047
48 51 55 58 -0.120238512 5.875962181876392
48 51 56 59 -0.070252646 5.395015916127306
48 51 57 60 -0.046434859 5.251658828575625
48 51 58 61 -0.030007515 4.765942427533434
48 51 59 62 -0.020679111 4.446516823491859
48 51 60 63 -0.014516094 4.104328884229693
48 51 61 64 -0.011065187 4.016978066376581
48 51 62 1 -0.025098219 3.7986193925859815
48 51 63 2 -0.021652871 3.7796357611254283
48 51 64 3 -0.018717387 3.718854833919378
49 52 50 53 3.9306545 9.878812240799713
49 52 51 54 -0.973560915 15.292659091930817
49 52 53 56 -1.98199162 9.685838264462157
49 52 54 57 -0.526259811 7.347973138298438
49 52 55 58 -0.238636679 6.747293138611182
49 52 56 59 -0.124166019 6.067896381802742
49 52 57 60 -0.075825187 5.822956343997767
49 52 58 61 -0.046041988 5.207226165268919
49 52 59 62 -0.03032072 4.815687199735184
49 52 60 63 -0.020398278 4.386130830153379
49 52 61 64 -0.0150297 4.24954755950926
49 52 62 1 -0.030544656 3.9485324283671805
49 52 63 2 -0.025913431 3.9220018569858976
49 52 64 3 -0.022006195 3.8413105397570413
50 53 51 54 3.78072619 9.502001298990807
50 53 52 55 -0.837695039 13.158482902355104
50 53 54 57 -1.87298648 9.153138657974893
50 53 55 58 -0.580896299 8.110842424159532
50 53 56 59 -0.250119922 7.071974185244859
50 53 57 60 -0.136213798 6.656661932890104
50 53 58 61 -0.076089932 5.843287300481813
50 53 59 62 -0.047261178 5.345113305772805
50 53 60 63 -0.030315111 4.814796350523711
50 53 61 64 -0.021428878 4.607735145652759
50 53 62 1 -0.038712659 4.200265358591381
50 53 63 2 -0.032098912 4.149452360743707
50 53 64 3 -0.026737986 4.04679838590509
51 54 52 55 3.99636393 10.043958050847369
51 54 53 56 -0.770765484 12.107155910874932
51 54 55 58 -2.07961416 10.162911993666919
51 54 56 59 -0.59948629 8.370407664852422
51 54 57 60 -0.269894573 7.631089270024979
51 54 58 61 -0.133598554 6.528857000969631
51 54 59 62 -0.076769027 5.895438052690669
51 54 60 63 -0.046415118 5.249426174074942
51 54 61 64 -0.031260887 4.9650091877194225
51 54 62 1 -0.049134706 4.382400677362374
51 54 63 2 -0.039487773 4.284364063440334
51 54 64 3 -0.032038252 4.141610793397041
52 55 53 56 3.71562953 9.338395547927421
52 55 54 57 -0.989098328 15.53672020461377
52 55 56 59 -1.97655419 9.659265968685077
52 55 57 60 -0.603388949 8.424899064158494
52 55 58 61 -0.247088448 6.986261277213323
52 55 59 62 -0.127698648 6.240533202246758
52 55 60 63 -0.071521042 5.492421736371462
52 55 61 64 -0.045431025 5.138127877861972
52 55 62 1 -0.061764023 4.415312812558864
52 55 63 2 -0.047839889 4.266913939783028
52 55 64 3 -0.03760525 4.080113145319429
53 56 54 57 3.71570722 9.338590804194027
53 56 55 58 -0.859500691 13.501005283004783
53 56 57 60 -2.09936337 10.2594248406339
53 56 58 61 -0.571393635 7.978160204550946
53 56 59 62 -0.24721644 6.989880165755588
53 56 60 63 -0.123483353 6.034535027506767
53 56 61 64 -0.072624687 5.577175588073421
53 56 62 1 -0.083950114 4.659294413661192
53 56 63 2 -0.062105656 4.439735065009825
53 56 64 3 -0.046912806 4.184225968328164
54 57 55 58 3.64755037 9.16729395679257
54 57 56 59 -0.988177088 15.522249400532807
54 57 58 61 -1.83805652 8.982438671289716
54 57 59 62 -0.550549675 7.687123619627749
54 57 60 63 -0.22924533 6.481759001379902
54 57 61 64 -0.121633949 5.944156098308017
54 57 62 1 -0.118795777 4.9099342500551995
54 57 63 2 -0.083168477 4.615912972778205
54 57 64 3 -0.05993565 4.284608264167696
55 58 56 59 3.99406349 10.03817641452415
55 58 57 60 -0.680629754 10.691307174905164
55 58 59 62 -2.23829873 10.938391094878115
55 58 60 63 -0.58242889 8.132241431388678
55 58 61 64 -0.255707587 7.229961691077348
55 58 62 1 -0.201377652 5.851471393855036
55 58 63 2 -0.130304239 5.385589135828274
55 58 64 3 -0.088038082 4.886179709679082
56 59 57 60 3.85548047 9.689879296488721
56 59 58 61 -1.10236715 17.315942699993627
56 59 60 63 -1.93927698 9.477095154557016
56 59 61 64 -0.588115881 8.211646805373707
56 59 62 1 -0.355097377 6.655871225210969
56 59 63 2 -0.206901163 6.011969176449818
56 59 64 3 -0.129127765 5.336964427671355
57 60 58 61 3.6069174 9.065172164756142
57 60 59 62 -0.814568186 12.795207144927849
57 60 61 64 -1.99574505 9.753050202806074
57 60 62 1 -0.750621617 7.836772147944979
57 60 63 2 -0.366693008 6.873217315917419
57 60 64 3 -0.204360438 5.938142813347957
58 61 59 62 4.08214745 10.259555551832227
58 61 60 63 -0.826302528 12.9795297580374
58 61 62 1 -2.27954983 9.537401144087195
58 61 63 2 -0.750987484 7.840591937104413
58 61 64 3 -0.344807597 6.46300173348349
59 62 60 63 3.68685993 9.266089656722047
59 62 61 64 -0.979082969 15.379399313326449
59 62 63 2 -2.20161938 9.211348186960466
59 62 64 3 -0.684093292 7.142191399667074
60 63 61 64 3.73229034 9.380268730566504
60 63 62 1 -1.54907955 9.717215297467478
60 63 64 3 -2.20663309 9.23232503197645
61 64 62 1 1.68643162 10.613008421460494
61 64 63 2 -1.52923603 9.592738955306997
62 1 63 2 5.32519257 8.504244245358034
62 1 64 3 1.97339646 6.409997850342312
63 2 64 3 5.16734535 8.252164852043107
