64
# x y z
0.0 0.0 0.0
0.5 0.0 0.0
1.0 0.0 0.0
1.5 0.0 0.0
2.0 0.0 0.0
2.5 0.0 0.0
3.0 0.0 0.0
3.5 0.0 0.0
4.0 0.0 0.0
4.5 0.0 0.0
5.0 0.0 0.0
5.5 0.0 0.0
6.0 0.0 0.0
6.5 0.0 0.0
7.0 0.0 0.0
7.5 0.0 0.0
8.0 0.0 0.0
8.5 0.0 0.0
9.0 0.0 0.0
9.5 0.0 0.0
10.0 0.0 0.0
10.5 0.0 0.0
11.0 0.0 0.0
11.5 0.0 0.0
12.0 0.0 0.0
12.5 0.0 0.0
13.0 0.0 0.0
13.5 0.0 0.0
14.0 0.0 0.0
14.5 0.0 0.0
15.0 0.0 0.0
15.5 0.0 0.0
16.0 0.0 0.0
16.5 0.0 0.0
17.0 0.0 0.0
17.5 0.0 0.0
18.0 0.0 0.0
18.5 0.0 0.0
19.0 0.0 0.0
19.5 0.0 0.0
20.0 0.0 0.0
20.5 0.0 0.0
21.0 0.0 0.0
21.5 0.0 0.0
22.0 0.0 0.0
22.5 0.0 0.0
23.0 0.0 0.0
23.5 0.0 0.0
24.0 0.0 0.0
24.5 0.0 0.0
25.0 0.0 0.0
25.5 0.0 0.0
26.0 0.0 0.0
26.5 0.0 0.0
27.0 0.0 0.0
27.5 0.0 0.0
28.0 0.0 0.0
28.5 0.0 0.0
29.0 0.0 0.0
29.5 0.0 0.0
30.0 0.0 0.0
30.5 0.0 0.0
31.0 0.0 0.0
31.5 0.0 0.0
1692
# a b m n r rhoa k
1 4 2 5 3.85275 9.68301 2.51327
1 4 3 6 -0.95398 14.9851 -15.708
1 4 5 8 -1.90899 9.32907 -4.88692
1 4 6 9 -0.542555 7.5755 -13.9626
1 4 7 10 -0.224591 6.35015 -28.2743
1 4 8 11 -0.119884 5.85866 -48.8692
1 4 9 12 -0.0709357 5.44747 -76.7945
1 4 10 13 -0.0448789 5.07568 -113.097
1 4 11 14 -0.0296313 4.70619 -158.825
1 4 12 15 -0.0206378 4.43764 -215.025
1 4 13 16 -0.0145247 4.10675 -282.743
1 4 14 17 -0.0112019 4.06662 -363.028
1 4 15 18 -0.00899246 4.1089 -456.927
1 4 16 19 -0.0070392 3.98057 -565.487
1 4 17 20 -0.00540574 3.72863 -689.754
1 4 18 21 -0.00442711 3.67794 -830.777
1 4 19 22 -0.00358161 3.54437 -989.602
1 4 20 23 -0.00311695 3.63834 -1167.28
1 4 21 24 -0.00267564 3.65184 -1364.85
1 4 22 25 -0.00233423 3.69593 -1583.36
1 4 23 26 -0.00193288 3.52532 -1823.87
1 4 24 27 -0.00168055 3.50801 -2087.41
1 4 25 28 -0.00146338 3.47559 -2375.04
1 4 26 29 -0.00134911 3.62616 -2687.81
1 4 27 30 -0.00114054 3.45213 -3026.75
1 4 28 31 -0.00102829 3.48889 -3392.92
1 4 30 33 -0.000834356 3.51358 -4211.13
1 4 31 34 -0.000756205 3.5279 -4665.27
1 4 34 37 -0.000570018 3.54571 -6220.35
1 4 35 38 -0.000466244 3.17346 -6806.44
1 4 36 39 -0.000410807 3.05152 -7428.12
1 4 38 41 -0.000396045 3.47826 -8782.5
1 4 39 42 -0.000369192 3.5137 -9517.28
1 4 43 46 -0.000253178 3.25709 -12864.8
1 4 45 48 -0.000239089 3.53811 -14798.3
1 4 47 50 -0.000202852 3.43146 -16916.1
1 4 49 52 -0.000170001 3.26853 -19226.5
1 4 56 59 -0.000134945 3.90686 -28951.5
1 4 63 2 -1.76851 11.0937 -6.2729
1 4 64 3 1.60974 10.1303 6.29317
2 5 3 6 3.96401 9.96265 2.51327
2 5 4 7 -0.757743 11.9026 -15.708
2 5 6 9 -2.101 10.2674 -4.88692
2 5 7 10 -0.558936 7.80422 -13.9626
2 5 8 11 -0.245472 6.94057 -28.2743
2 5 9 12 -0.128797 6.2942 -48.8692
2 5 10 13 -0.0746638 5.73377 -76.7945
2 5 11 14 -0.0464348 5.25166 -113.097
2 5 12 15 -0.0309499 4.91561 -158.825
2 5 13 16 -0.0209319 4.50088 -215.025
2 5 14 17 -0.0155996 4.41069 -282.743
2 5 15 18 -0.0122265 4.43859 -363.028
2 5 16 19 -0.00926492 4.23339 -456.927
2 5 17 20 -0.00699502 3.95559 -565.487
2 5 18 21 -0.00561733 3.87458 -689.754
2 5 19 22 -0.00456306 3.79089 -830.777
2 5 20 23 -0.00395887 3.9177 -989.602
2 5 21 24 -0.00334828 3.90837 -1167.28
2 5 22 25 -0.00282235 3.85208 -1364.85
2 5 23 26 -0.00230115 3.64356 -1583.36
2 5 24 27 -0.0019431 3.54396 -1823.87
2 5 25 28 -0.00167627 3.49907 -2087.41
2 5 26 29 -0.00151887 3.60739 -2375.04
2 5 27 30 -0.00135577 3.64405 -2687.81
2 5 28 31 -0.00119889 3.62874 -3026.75
2 5 30 33 -0.000980046 3.71179 -3787.36
2 5 31 34 -0.000882739 3.71733 -4211.13
2 5 37 40 -0.000476363 3.53848 -7428.12
2 5 39 42 -0.000411229 3.61162 -8782.5
2 5 42 45 -0.000317898 3.53098 -11107.3
2 5 46 49 -0.000258494 3.82527 -14798.3
2 5 52 55 -0.000169977 3.69497 -21738.1
2 5 54 57 -0.000139375 3.40898 -24459
2 5 62 1 -2.40075 10.0445 -4.1839
2 5 64 3 -1.67536 10.5094 -6.2729
3 6 4 7 3.84863 9.67265 2.51327
3 6 5 8 -0.999899 15.7064 -15.708
3 6 7 10 -1.9449 9.5046 -4.88692
3 6 8 11 -0.575513 8.03568 -13.9626
3 6 9 12 -0.250254 7.07577 -28.2743
3 6 10 13 -0.128818 6.29524 -48.8692
3 6 11 14 -0.0739005 5.67515 -76.7945
3 6 12 15 -0.0465974 5.27004 -113.097
3 6 13 16 -0.0300273 4.76909 -158.825
3 6 14 17 -0.0215424 4.63214 -215.025
3 6 15 18 -0.0164085 4.6394 -282.743
3 6 16 19 -0.0120704 4.3819 -363.028
3 6 17 20 -0.00890242 4.06776 -456.927
3 6 18 21 -0.00699438 3.95523 -565.487
3 6 19 22 -0.0055895 3.85538 -689.754
3 6 20 23 -0.00477083 3.96349 -830.777
3 6 21 24 -0.00397919 3.93782 -989.602
3 6 22 25 -0.00334316 3.90239 -1167.28
3 6 23 26 -0.00269858 3.68315 -1364.85
3 6 24 27 -0.00226878 3.5923 -1583.36
3 6 25 28 -0.00195009 3.55671 -1823.87
3 6 26 29 -0.00174698 3.64668 -2087.41
3 6 27 30 -0.0015564 3.69652 -2375.04
3 6 28 31 -0.00137851 3.70517 -2687.81
3 6 29 32 -0.00118068 3.57362 -3026.75
3 6 30 33 -0.00112457 3.81558 -3392.92
3 6 31 34 -0.000999565 3.78572 -3787.36
3 6 34 37 -0.000721046 3.71398 -5150.82
3 6 35 38 -0.000589863 3.34383 -5668.83
3 6 36 39 -0.000527397 3.2806 -6220.35
3 6 39 42 -0.000440709 3.56378 -8086.46
3 6 40 43 -0.000419049 3.6803 -8782.5
3 6 42 45 -0.00034693 3.57055 -10291.9
3 6 45 48 -0.000281129 3.61667 -12864.8
3 6 57 60 -0.00014769 4.04639 -27397.8
3 6 62 1 -0.762038 7.95597 -10.4404
3 6 63 2 -2.25601 9.43891 -4.1839
4 7 5 8 3.78867 9.52197 2.51327
4 7 6 9 -0.825161 12.9616 -15.708
4 7 8 11 -2.08978 10.2126 -4.88692
4 7 9 12 -0.606516 8.46856 -13.9626
4 7 10 13 -0.255657 7.22852 -28.2743
4 7 11 14 -0.130265 6.36594 -48.8692
4 7 12 15 -0.0759034 5.82896 -76.7945
4 7 13 16 -0.0458709 5.18787 -113.097
4 7 14 17 -0.0313672 4.9819 -158.825
4 7 15 18 -0.0230928 4.96552 -215.025
4 7 16 19 -0.0164508 4.65136 -282.743
4 7 17 20 -0.0117634 4.27047 -363.028
4 7 18 21 -0.00898314 4.10464 -456.927
4 7 19 22 -0.00702858 3.97457 -565.487
4 7 20 23 -0.00592072 4.08384 -689.754
4 7 21 24 -0.00488445 4.05788 -830.777
4 7 22 25 -0.00405318 4.01103 -989.602
4 7 23 26 -0.00327538 3.82328 -1167.28
4 7 24 27 -0.00275048 3.75398 -1364.85
4 7 25 28 -0.00234943 3.72 -1583.36
4 7 26 29 -0.00210272 3.83509 -1823.87
4 7 27 30 -0.00186242 3.88763 -2087.41
4 7 28 31 -0.0015517 3.68536 -2375.04
4 7 30 33 -0.00123522 3.73871 -3026.75
4 7 31 34 -0.00109496 3.71511 -3392.92
4 7 32 35 -0.000998875 3.7831 -3787.36
4 7 33 36 -0.000869019 3.65955 -4211.13
4 7 34 37 -0.000783526 3.65536 -4665.27
4 7 35 38 -0.000681396 3.50975 -5150.82
4 7 39 42 -0.000496049 3.68471 -7428.12
4 7 40 43 -0.000462677 3.74142 -8086.46
4 7 41 44 -0.000444345 3.90246 -8782.5
4 7 47 50 -0.000280905 3.87903 -13809
4 7 48 51 -0.000237893 3.52041 -14798.3
4 7 49 52 -0.000262753 4.16033 -15833.6
4 7 50 53 -0.000251007 4.24605 -16916.1
4 7 53 56 -0.000196331 4.01628 -20456.7
4 7 54 57 -0.000185679 4.0363 -21738.1
4 7 57 60 -0.000154297 3.9964 -25900.7
4 7 62 1 -0.368669 6.91026 -18.7438
4 7 63 2 -0.749651 7.82664 -10.4404
4 7 64 3 -2.29195 9.58929 -4.1839
5 8 6 9 3.84699 9.66854 2.51327
5 8 7 10 -1.01258 15.9056 -15.708
5 8 9 12 -1.97351 9.64441 -4.88692
5 8 10 13 -0.561538 7.84055 -13.9626
5 8 11 14 -0.238466 6.74246 -28.2743
5 8 12 15 -0.124963 6.10687 -48.8692
5 8 13 16 -0.0695721 5.34275 -76.7945
5 8 14 17 -0.0448287 5.07001 -113.097
5 8 15 18 -0.0316242 5.02271 -158.825
5 8 16 19 -0.0217831 4.68391 -215.025
5 8 17 20 -0.0150801 4.2638 -282.743
5 8 18 21 -0.011214 4.071 -363.028
5 8 19 22 -0.00853142 3.89824 -456.927
5 8 20 23 -0.00704154 3.9819 -565.487
5 8 21 24 -0.00571662 3.94306 -689.754
5 8 22 25 -0.00466183 3.87294 -830.777
5 8 23 26 -0.00369948 3.66101 -989.602
5 8 24 27 -0.00306667 3.57965 -1167.28
5 8 25 28 -0.00257852 3.51929 -1364.85
5 8 26 29 -0.00226647 3.58864 -1583.36
5 8 27 30 -0.00199527 3.63912 -1823.87
5 8 28 31 -0.00175592 3.66533 -2087.41
5 8 29 32 -0.00156555 3.71825 -2375.04
5 8 30 33 -0.00138649 3.72662 -2687.81
5 8 31 34 -0.00118264 3.57956 -3026.75
5 8 32 35 -0.00105812 3.5901 -3392.92
5 8 33 36 -0.000920698 3.48702 -3787.36
5 8 34 37 -0.000820305 3.45441 -4211.13
5 8 36 39 -0.000636851 3.2803 -5150.82
5 8 37 40 -0.000572752 3.24683 -5668.83
5 8 38 41 -0.000533451 3.31825 -6220.35
5 8 39 42 -0.00052425 3.56827 -6806.44
5 8 40 43 -0.000483175 3.58908 -7428.12
5 8 41 44 -0.000453316 3.66572 -8086.46
5 8 47 50 -0.000269072 3.46156 -12864.8
5 8 51 54 -0.000224651 3.80021 -16916.1
5 8 56 59 -0.000165721 3.82349 -23071.9
5 8 62 1 -0.198288 5.7617 -29.0572
5 8 63 2 -0.336863 6.31409 -18.7438
5 8 64 3 -0.687996 7.18293 -10.4404
6 9 7 10 3.57077 8.97433 2.51327
6 9 8 11 -0.898844 14.119 -15.708
6 9 10 13 -1.90705 9.31963 -4.88692
6 9 11 14 -0.546784 7.63455 -13.9626
6 9 12 15 -0.239545 6.77298 -28.2743
6 9 13 16 -0.118157 5.77426 -48.8692
6 9 14 17 -0.0700722 5.38116 -76.7945
6 9 15 18 -0.0467828 5.29101 -113.097
6 9 16 19 -0.0307446 4.883 -158.825
6 9 17 20 -0.0204796 4.40362 -215.025
6 9 18 21 -0.0147684 4.17565 -282.743
6 9 19 22 -0.0109128 3.96167 -363.028
6 9 20 23 -0.00879988 4.0209 -456.927
6 9 21 24 -0.00698348 3.94906 -565.487
6 9 22 25 -0.00559168 3.85688 -689.754
6 9 23 26 -0.00436188 3.62375 -830.777
6 9 24 27 -0.00356527 3.52819 -989.602
6 9 25 28 -0.00297491 3.47254 -1167.28
6 9 26 29 -0.00260407 3.55416 -1364.85
6 9 27 30 -0.00228664 3.62058 -1583.36
6 9 28 31 -0.001971 3.59484 -1823.87
6 9 29 32 -0.00172754 3.60608 -2087.41
6 9 30 33 -0.00152188 3.61453 -2375.04
6 9 31 34 -0.00130283 3.50176 -2687.81
6 9 32 35 -0.00115743 3.50324 -3026.75
6 9 33 36 -0.00100856 3.42196 -3392.92
6 9 34 37 -0.000901891 3.41579 -3787.36
6 9 36 39 -0.000705056 3.28927 -4665.27
6 9 37 40 -0.000634558 3.26849 -5150.82
6 9 38 41 -0.000584242 3.31197 -5668.83
6 9 39 42 -0.000568204 3.53443 -6220.35
6 9 40 43 -0.000521952 3.55263 -6806.44
6 9 41 44 -0.000478337 3.55315 -7428.12
6 9 46 49 -0.000275725 3.06255 -11107.3
6 9 47 50 -0.000293533 3.512 -11964.6
6 9 50 53 -0.000257653 3.81283 -14798.3
6 9 62 1 -0.124004 5.1252 -41.3309
6 9 63 2 -0.189334 5.50151 -29.0572
6 9 64 3 -0.32372 6.06775 -18.7438
7 10 8 11 3.89634 9.79257 2.51327
7 10 9 12 -0.726647 11.4141 -15.708
7 10 11 14 -2.02698 9.90571 -4.88692
7 10 12 15 -0.597015 8.3359 -13.9626
7 10 13 16 -0.239869 6.78213 -28.2743
7 10 14 17 -0.125657 6.14076 -48.8692
7 10 15 18 -0.0774512 5.94782 -76.7945
7 10 16 19 -0.0477695 5.40261 -113.097
7 10 17 20 -0.0302515 4.80469 -158.825
7 10 18 21 -0.0209657 4.50813 -215.025
7 10 19 22 -0.0149575 4.22913 -282.743
7 10 20 23 -0.0116756 4.23858 -363.028
7 10 21 24 -0.00903338 4.1276 -456.927
7 10 22 25 -0.00707264 3.99948 -565.487
7 10 23 26 -0.00539738 3.72286 -689.754
7 10 24 27 -0.00432388 3.59218 -830.777
7 10 25 28 -0.00355446 3.51749 -989.602
7 10 26 29 -0.00308417 3.60008 -1167.28
7 10 27 30 -0.00266613 3.63885 -1364.85
7 10 28 31 -0.00227801 3.60691 -1583.36
7 10 30 33 -0.00172362 3.59791 -2087.41
7 10 31 34 -0.00151267 3.59266 -2375.04
7 10 32 35 -0.0014069 3.78146 -2687.81
7 10 33 36 -0.00118786 3.59537 -3026.75
7 10 34 37 -0.00104151 3.53376 -3392.92
7 10 35 38 -0.000890546 3.37282 -3787.36
7 10 37 40 -0.000671762 3.13395 -4665.27
7 10 38 41 -0.000620274 3.19492 -5150.82
7 10 39 42 -0.000613404 3.47728 -5668.83
7 10 40 43 -0.000573932 3.57006 -6220.35
7 10 41 44 -0.000542315 3.69123 -6806.44
7 10 44 47 -0.000377846 3.31843 -8782.5
7 10 45 48 -0.00037086 3.52958 -9517.28
7 10 47 50 -0.000316578 3.51632 -11107.3
7 10 48 51 -0.000292035 3.49408 -11964.6
7 10 50 53 -0.000269181 3.71713 -13809
7 10 51 54 -0.000247146 3.65734 -14798.3
7 10 52 55 -0.000234862 3.71872 -15833.6
7 10 53 56 -0.000214521 3.62885 -16916.1
7 10 54 57 -0.000190117 3.43099 -18046.7
7 10 55 58 -0.000189966 3.65239 -19226.5
7 10 56 59 -0.000181991 3.72293 -20456.7
7 10 58 61 -0.000186806 4.30996 -23071.9
7 10 62 1 -0.0829043 4.60125 -55.5008
7 10 63 2 -0.117575 4.85947 -41.3309
7 10 64 3 -0.180037 5.23138 -29.0572
8 11 9 12 3.95786 9.94718 2.51327
8 11 10 13 -0.921046 14.4678 -15.708
8 11 12 15 -2.16639 10.587 -4.88692
8 11 13 16 -0.57886 8.08242 -13.9626
8 11 14 17 -0.251919 7.12284 -28.2743
8 11 15 18 -0.139611 6.82266 -48.8692
8 11 16 19 -0.0796052 6.11324 -76.7945
8 11 17 20 -0.0473618 5.35649 -113.097
8 11 18 21 -0.0311953 4.9546 -158.825
8 11 19 22 -0.0213177 4.58383 -215.025
8 11 20 23 -0.0161665 4.57097 -282.743
8 11 21 24 -0.0121622 4.41524 -363.028
8 11 22 25 -0.00931645 4.25694 -456.927
8 11 23 26 -0.00697332 3.94332 -565.487
8 11 24 27 -0.00549568 3.79067 -689.754
8 11 25 28 -0.00443845 3.68736 -830.777
8 11 26 29 -0.00378301 3.74368 -989.602
8 11 28 31 -0.00272922 3.72497 -1364.85
8 11 29 32 -0.0023034 3.64712 -1583.36
8 11 30 33 -0.00206898 3.77354 -1823.87
8 11 31 34 -0.00177987 3.71534 -2087.41
8 11 32 35 -0.00161182 3.82814 -2375.04
8 11 33 36 -0.00135803 3.65012 -2687.81
8 11 34 37 -0.00120007 3.63232 -3026.75
8 11 35 38 -0.00102232 3.46866 -3392.92
8 11 36 39 -0.000898172 3.4017 -3787.36
8 11 37 40 -0.000814381 3.42946 -4211.13
8 11 38 41 -0.000746007 3.48032 -4665.27
8 11 39 42 -0.000705207 3.63239 -5150.82
8 11 40 43 -0.000644046 3.65099 -5668.83
8 11 41 44 -0.000587698 3.65569 -6220.35
8 11 43 46 -0.000481165 3.57415 -7428.12
8 11 44 47 -0.000425909 3.4441 -8086.46
8 11 45 48 -0.000401408 3.52536 -8782.5
8 11 46 49 -0.000360021 3.42642 -9517.28
8 11 50 53 -0.00027139 3.49138 -12864.8
8 11 51 54 -0.000256032 3.53556 -13809
8 11 54 57 -0.000224753 3.80194 -16916.1
8 11 55 58 -0.00020531 3.70517 -18046.7
8 11 56 59 -0.000196472 3.77748 -19226.5
8 11 57 60 -0.000186468 3.81451 -20456.7
8 11 62 1 -0.0629289 4.49859 -71.4868
8 11 63 2 -0.0842204 4.6743 -55.5008
8 11 64 3 -0.119474 4.93797 -41.3309
9 12 10 13 3.62541 9.11164 2.51327
9 12 11 14 -1.08743 17.0813 -15.708
9 12 13 16 -1.97114 9.6328 -4.88692
9 12 14 17 -0.587549 8.20374 -13.9626
9 12 15 18 -0.274912 7.77294 -28.2743
9 12 16 19 -0.140732 6.87745 -48.8692
9 12 17 20 -0.0774147 5.94502 -76.7945
9 12 18 21 -0.0479861 5.4271 -113.097
9 12 19 22 -0.031171 4.95073 -158.825
9 12 20 23 -0.0226573 4.87187 -215.025
9 12 21 24 -0.0165013 4.66563 -282.743
9 12 22 25 -0.012306 4.46743 -363.028
9 12 23 26 -0.00901008 4.11695 -456.927
9 12 24 27 -0.00696186 3.93684 -565.487
9 12 25 28 -0.00549442 3.7898 -689.754
9 12 26 29 -0.00460085 3.82228 -830.777
9 12 27 30 -0.00387468 3.83439 -989.602
9 12 28 31 -0.00329438 3.84545 -1167.28
9 12 29 32 -0.0027577 3.76384 -1364.85
9 12 30 33 -0.00245087 3.88062 -1583.36
9 12 31 34 -0.0020772 3.78854 -1823.87
9 12 32 35 -0.00188744 3.93986 -2087.41
9 12 33 36 -0.00156461 3.71602 -2375.04
9 12 34 37 -0.00135605 3.64481 -2687.81
9 12 35 38 -0.00114321 3.46021 -3026.75
9 12 36 39 -0.00101417 3.44101 -3392.92
9 12 37 40 -0.000919404 3.48212 -3787.36
9 12 39 42 -0.000781937 3.64794 -4665.27
9 12 40 43 -0.000711703 3.66585 -5150.82
9 12 41 44 -0.000638855 3.62156 -5668.83
9 12 42 45 -0.000562542 3.49921 -6220.35
9 12 43 46 -0.000514675 3.5031 -6806.44
9 12 44 47 -0.000439051 3.26132 -7428.12
9 12 45 48 -0.000426874 3.4519 -8086.46
9 12 47 50 -0.000396236 3.77109 -9517.28
9 12 48 51 -0.000347039 3.57168 -10291.9
9 12 52 55 -0.000288716 3.98689 -13809
9 12 56 59 -0.000212302 3.83135 -18046.7
9 12 57 60 -0.000219177 4.21402 -19226.5
9 12 60 63 -0.000132185 3.04975 -23071.9
9 12 62 1 -0.0488226 4.35456 -89.1916
9 12 63 2 -0.0627209 4.48372 -71.4868
9 12 64 3 -0.0842258 4.67459 -55.5008
10 13 11 14 3.9042 9.81233 2.51327
10 13 12 15 -0.738583 11.6016 -15.708
10 13 14 17 -2.09624 10.2442 -4.88692
10 13 15 18 -0.669668 9.35032 -13.9626
10 13 16 19 -0.285264 8.06565 -28.2743
10 13 17 20 -0.140133 6.8482 -48.8692
10 13 18 21 -0.0800528 6.14761 -76.7945
10 13 19 22 -0.0486794 5.50551 -113.097
10 13 20 23 -0.0337557 5.36125 -158.825
10 13 21 24 -0.0235948 5.07347 -215.025
10 13 22 25 -0.0170012 4.80697 -282.743
10 13 23 26 -0.012084 4.38684 -363.028
10 13 24 27 -0.00915165 4.18164 -456.927
10 13 25 28 -0.00710326 4.0168 -565.487
10 13 26 29 -0.00584006 4.02821 -689.754
10 13 27 30 -0.00486796 4.04419 -830.777
10 13 28 31 -0.0040043 3.96266 -989.602
10 13 29 32 -0.00337944 3.94474 -1167.28
10 13 30 33 -0.00292177 3.98777 -1364.85
10 13 31 34 -0.00246048 3.89583 -1583.36
10 13 32 35 -0.00216311 3.94523 -1823.87
10 13 33 36 -0.00177875 3.71298 -2087.41
10 13 34 37 -0.0015528 3.68796 -2375.04
10 13 35 38 -0.00130193 3.49935 -2687.81
10 13 36 39 -0.00114305 3.45973 -3026.75
10 13 37 40 -0.00101435 3.44162 -3392.92
10 13 38 41 -0.000919521 3.48256 -3787.36
10 13 39 42 -0.000871083 3.66824 -4211.13
10 13 40 43 -0.000784054 3.65782 -4665.27
10 13 41 44 -0.000704876 3.63069 -5150.82
10 13 42 45 -0.000617452 3.50023 -5668.83
10 13 45 48 -0.000503359 3.73901 -7428.12
10 13 47 50 -0.000431377 3.78857 -8782.5
10 13 52 55 -0.000320083 4.11781 -12864.8
10 13 56 59 -0.000241479 4.08488 -16916.1
10 13 61 64 -0.000132435 3.05552 -23071.9
10 13 62 1 -0.0396722 4.30437 -108.498
10 13 63 2 -0.0491071 4.37994 -89.1916
10 13 64 3 -0.0630436 4.50678 -71.4868
11 14 12 15 4.17615 10.4958 2.51327
11 14 13 16 -0.919211 14.4389 -15.708
11 14 15 18 -2.22606 10.8786 -4.88692
11 14 16 19 -0.643215 8.98097 -13.9626
11 14 17 20 -0.264976 7.49202 -28.2743
11 14 18 21 -0.135742 6.6336 -48.8692
11 14 19 22 -0.075985 5.83523 -76.7945
11 14 20 23 -0.0497517 5.62678 -113.097
11 14 21 24 -0.0331586 5.26642 -158.825
11 14 22 25 -0.0229606 4.93708 -215.025
11 14 23 26 -0.0157954 4.46604 -282.743
11 14 24 27 -0.0116469 4.22816 -363.028
11 14 25 28 -0.00881345 4.02711 -456.927
11 14 26 29 -0.00712655 4.02997 -565.487
11 14 27 30 -0.00585078 4.0356 -689.754
11 14 28 31 -0.00473383 3.93275 -830.777
11 14 29 32 -0.00392869 3.88784 -989.602
11 14 30 33 -0.00332846 3.88523 -1167.28
11 14 31 34 -0.00278019 3.79454 -1364.85
11 14 32 35 -0.00242139 3.83393 -1583.36
11 14 33 36 -0.00199316 3.63526 -1823.87
11 14 34 37 -0.00171942 3.58914 -2087.41
11 14 35 38 -0.00143152 3.39992 -2375.04
11 14 36 39 -0.00126674 3.40476 -2687.81
11 14 37 40 -0.00112047 3.39138 -3026.75
11 14 38 41 -0.00101269 3.43597 -3392.92
11 14 39 42 -0.000958625 3.63066 -3787.36
11 14 40 43 -0.000863232 3.63518 -4211.13
11 14 41 44 -0.000778776 3.6332 -4665.27
11 14 42 45 -0.000679764 3.50134 -5150.82
11 14 43 46 -0.000635718 3.60378 -5668.83
11 14 46 49 -0.000500281 3.71615 -7428.12
11 14 47 50 -0.000434354 3.51239 -8086.46
11 14 49 52 -0.000364297 3.46712 -9517.28
11 14 50 53 -0.000351921 3.62192 -10291.9
11 14 51 54 -0.000328029 3.64351 -11107.3
11 14 53 56 -0.000274516 3.5316 -12864.8
11 14 56 59 -0.000253304 4.01072 -15833.6
11 14 57 60 -0.000259589 4.39123 -16916.1
11 14 62 1 -0.0318417 4.1162 -129.271
11 14 63 2 -0.0384251 4.16907 -108.498
11 14 64 3 -0.0477665 4.26037 -89.1916
12 15 13 16 3.72558 9.3634 2.51327
12 15 14 17 -1.10024 17.2826 -15.708
12 15 16 19 -2.08277 10.1783 -4.88692
12 15 17 20 -0.596398 8.32729 -13.9626
12 15 18 21 -0.257559 7.2823 -28.2743
12 15 19 22 -0.128301 6.26999 -48.8692
12 15 20 23 -0.0777847 5.97343 -76.7945
12 15 21 24 -0.0487585 5.51446 -113.097
12 15 22 25 -0.0321334 5.10358 -158.825
12 15 23 26 -0.0212638 4.57225 -215.025
12 15 24 27 -0.0151732 4.29014 -282.743
12 15 25 28 -0.0111621 4.05217 -363.028
12 15 26 29 -0.00884497 4.04151 -456.927
12 15 27 30 -0.00712956 4.03167 -565.487
12 15 28 31 -0.00563076 3.88384 -689.754
12 15 29 32 -0.00461809 3.8366 -830.777
12 15 30 33 -0.00384156 3.80161 -989.602
12 15 31 34 -0.00317736 3.70886 -1167.28
12 15 32 35 -0.00272676 3.72161 -1364.85
12 15 33 36 -0.0022598 3.57808 -1583.36
12 15 34 37 -0.00193814 3.53491 -1823.87
12 15 35 38 -0.00161192 3.36474 -2087.41
12 15 36 39 -0.00137372 3.26265 -2375.04
12 15 37 40 -0.00120526 3.2395 -2687.81
12 15 38 41 -0.00108235 3.27601 -3026.75
12 15 39 42 -0.00101949 3.45904 -3392.92
12 15 40 43 -0.000910165 3.44713 -3787.36
12 15 41 44 -0.000818232 3.44568 -4211.13
12 15 42 45 -0.000711892 3.32116 -4665.27
12 15 43 46 -0.000662758 3.41374 -5150.82
12 15 44 47 -0.000643092 3.64558 -5668.83
12 15 46 49 -0.000540498 3.67886 -6806.44
12 15 47 50 -0.000475824 3.53448 -7428.12
12 15 48 51 -0.000434064 3.51004 -8086.46
12 15 49 52 -0.000405761 3.56359 -8782.5
12 15 50 53 -0.000388659 3.69898 -9517.28
12 15 51 54 -0.000367929 3.78667 -10291.9
12 15 52 55 -0.000331237 3.67914 -11107.3
12 15 53 56 -0.000303727 3.63397 -11964.6
12 15 54 57 -0.000276303 3.55459 -12864.8
12 15 60 63 -0.000195308 3.7551 -19226.5
12 15 61 64 -0.000188278 3.85154 -20456.7
12 15 62 1 -0.026385 3.99338 -151.35
12 15 63 2 -0.0311544 4.02736 -129.271
12 15 64 3 -0.0377502 4.09584 -108.498
13 16 14 17 3.9603 9.95331 2.51327
13 16 15 18 -0.803716 12.6247 -15.708
13 16 17 20 -2.14337 10.4745 -4.88692
13 16 18 21 -0.633705 8.84819 -13.9626
13 16 19 22 -0.259608 7.34024 -28.2743
13 16 20 23 -0.140972 6.88921 -48.8692
13 16 21 24 -0.081386 6.25 -76.7945
13 16 22 25 -0.0502527 5.68345 -113.097
13 16 23 26 -0.031578 5.01537 -158.825
13 16 24 27 -0.0215648 4.63696 -215.025
13 16 25 28 -0.0152361 4.3079 -282.743
13 16 26 29 -0.0117262 4.25696 -363.028
13 16 27 30 -0.00920908 4.20788 -456.927
13 16 28 31 -0.00715974 4.04874 -565.487
13 16 29 32 -0.0057191 3.94477 -689.754
13 16 30 33 -0.00470391 3.9079 -830.777
13 16 31 34 -0.00382327 3.78351 -989.602
13 16 32 35 -0.00325997 3.80528 -1167.28
13 16 33 36 -0.00267725 3.65404 -1364.85
13 16 34 37 -0.00227089 3.59564 -1583.36
13 16 35 38 -0.0018673 3.40571 -1823.87
13 16 36 39 -0.00162255 3.38694 -2087.41
13 16 37 40 -0.0014251 3.38467 -2375.04
13 16 38 41 -0.00127227 3.41962 -2687.81
13 16 39 42 -0.00117508 3.55666 -3026.75
13 16 40 43 -0.00104739 3.5537 -3392.92
13 16 41 44 -0.000923823 3.49885 -3787.36
13 16 42 45 -0.000800819 3.37235 -4211.13
13 16 43 46 -0.000731858 3.41431 -4665.27
13 16 44 47 -0.000664251 3.42143 -5150.82
13 16 45 48 -0.000632871 3.58764 -5668.83
13 16 46 49 -0.00056421 3.50959 -6220.35
13 16 47 50 -0.000520678 3.54396 -6806.44
13 16 48 51 -0.000465672 3.45907 -7428.12
13 16 50 53 -0.000428207 3.76073 -8782.5
13 16 51 54 -0.000403316 3.83847 -9517.28
13 16 52 55 -0.00035827 3.68726 -10291.9
13 16 53 56 -0.000330487 3.67081 -11107.3
13 16 55 58 -0.000285832 3.67718 -12864.8
13 16 56 59 -0.000272189 3.75867 -13809
13 16 57 60 -0.000273794 4.05169 -14798.3
13 16 58 61 -0.000243642 3.85774 -15833.6
13 16 59 62 -0.00022721 3.8435 -16916.1
13 16 62 1 -0.0219209 3.82643 -174.556
13 16 63 2 -0.025451 3.85202 -151.35
13 16 64 3 -0.0301004 3.8911 -129.271
14 17 15 18 4.34626 10.9233 2.51327
14 17 16 19 -0.927987 14.5768 -15.708
14 17 18 21 -2.33471 11.4095 -4.88692
14 17 19 22 -0.623086 8.69992 -13.9626
14 17 20 23 -0.284446 8.04253 -28.2743
14 17 21 24 -0.14704 7.18571 -48.8692
14 17 22 25 -0.083777 6.43361 -76.7945
14 17 23 26 -0.0495154 5.60006 -113.097
14 17 24 27 -0.0322081 5.11545 -158.825
14 17 25 28 -0.0217492 4.6766 -215.025
14 17 26 29 -0.016185 4.5762 -282.743
14 17 27 30 -0.0123609 4.48735 -363.028
14 17 28 31 -0.00942835 4.30807 -456.927
14 17 29 32 -0.00736839 4.16673 -565.487
14 17 30 33 -0.00596765 4.11621 -689.754
14 17 31 34 -0.00477768 3.96918 -830.777
14 17 32 35 -0.00403788 3.9959 -989.602
14 17 33 36 -0.00326368 3.80962 -1167.28
14 17 34 37 -0.00273377 3.73118 -1364.85
14 17 35 38 -0.00222249 3.51901 -1583.36
14 17 36 39 -0.00188485 3.43771 -1823.87
14 17 37 40 -0.00164277 3.42915 -2087.41
14 17 38 41 -0.0014571 3.46067 -2375.04
14 17 39 42 -0.00134479 3.61454 -2687.81
14 17 40 43 -0.00119783 3.62552 -3026.75
14 17 41 44 -0.00107186 3.63673 -3392.92
14 17 42 45 -0.000932138 3.53035 -3787.36
14 17 43 46 -0.000842755 3.54895 -4211.13
14 17 44 47 -0.000768614 3.58579 -4665.27
14 17 45 48 -0.000720661 3.71199 -5150.82
14 17 46 49 -0.000647919 3.67294 -5668.83
14 17 47 50 -0.000567571 3.53049 -6220.35
14 17 48 51 -0.000519071 3.53302 -6806.44
14 17 49 52 -0.000470151 3.49234 -7428.12
14 17 50 53 -0.000453829 3.66987 -8086.46
14 17 52 55 -0.000392496 3.73549 -9517.28
14 17 54 57 -0.000322795 3.58537 -11107.3
14 17 55 58 -0.000295791 3.53902 -11964.6
14 17 56 59 -0.000277983 3.5762 -12864.8
14 17 59 62 -0.000237172 3.75529 -15833.6
14 17 62 1 -0.0199903 3.97177 -198.685
14 17 63 2 -0.022804 3.98058 -174.556
14 17 64 3 -0.0263982 3.99538 -151.35
15 18 16 19 3.94674 9.91925 2.51327
15 18 17 20 -1.15506 18.1437 -15.708
15 18 19 22 -2.13773 10.4469 -4.88692
15 18 20 23 -0.666745 9.30951 -13.9626
15 18 21 24 -0.28798 8.14246 -28.2743
15 18 22 25 -0.146842 7.17607 -48.8692
15 18 23 26 -0.0803499 6.17043 -76.7945
15 18 24 27 -0.0492679 5.57206 -113.097
15 18 25 28 -0.0315713 5.01431 -158.825
15 18 26 29 -0.0226218 4.86424 -215.025
15 18 27 30 -0.0167322 4.73093 -282.743
15 18 28 31 -0.0123737 4.49202 -363.028
15 18 29 32 -0.00938547 4.28848 -456.927
15 18 30 33 -0.00750289 4.24279 -565.487
15 18 31 34 -0.00596016 4.11104 -689.754
15 18 32 35 -0.00502031 4.17076 -830.777
15 18 33 36 -0.00397181 3.93051 -989.602
15 18 34 37 -0.00328621 3.83592 -1167.28
15 18 35 38 -0.00265421 3.62259 -1364.85
15 18 36 39 -0.00219318 3.4726 -1583.36
15 18 37 40 -0.00189225 3.45121 -1823.87
15 18 38 41 -0.00166448 3.47445 -2087.41
15 18 39 42 -0.00153707 3.65062 -2375.04
15 18 40 43 -0.00136752 3.67563 -2687.81
15 18 41 44 -0.00121503 3.6776 -3026.75
15 18 43 46 -0.00094807 3.59069 -3787.36
15 18 45 48 -0.000784264 3.6588 -4665.27
15 18 46 49 -0.000705096 3.63182 -5150.82
15 18 47 50 -0.000646378 3.66421 -5668.83
15 18 48 51 -0.000578859 3.60071 -6220.35
15 18 49 52 -0.000544545 3.70641 -6806.44
15 18 50 53 -0.000522183 3.87884 -7428.12
15 18 52 55 -0.00043058 3.78157 -8782.5
15 18 54 57 -0.000350767 3.61004 -10291.9
15 18 55 58 -0.000318924 3.54238 -11107.3
15 18 56 59 -0.000299678 3.58552 -11964.6
15 18 59 62 -0.000269292 3.98506 -14798.3
15 18 61 64 -0.000244489 4.1358 -16916.1
15 18 62 1 -0.0180467 4.03361 -223.51
15 18 63 2 -0.0203288 4.03902 -198.685
15 18 64 3 -0.0231821 4.04658 -174.556
16 19 17 20 4.30286 10.8143 2.51327
16 19 18 21 -0.854388 13.4207 -15.708
16 19 20 23 -2.40575 11.7567 -4.88692
16 19 21 24 -0.692361 9.66718 -13.9626
16 19 22 25 -0.292779 8.27814 -28.2743
16 19 23 26 -0.143195 6.99781 -48.8692
16 19 24 27 -0.0810789 6.22642 -76.7945
16 19 25 28 -0.0484967 5.48484 -113.097
16 19 26 29 -0.0330571 5.2503 -158.825
16 19 27 30 -0.0235009 5.05327 -215.025
16 19 28 31 -0.016805 4.75151 -282.743
16 19 29 32 -0.0124792 4.53032 -363.028
16 19 30 33 -0.00965172 4.41013 -456.927
16 19 31 34 -0.0074206 4.19625 -565.487
16 19 32 35 -0.00605443 4.17607 -689.754
16 19 33 36 -0.00472528 3.92565 -830.777
16 19 34 37 -0.00385669 3.81658 -989.602
16 19 35 38 -0.00306485 3.57752 -1167.28
16 19 36 39 -0.00255531 3.48761 -1364.85
16 19 37 40 -0.0021845 3.45885 -1583.36
16 19 38 41 -0.00190669 3.47755 -1823.87
16 19 39 42 -0.00174204 3.63637 -2087.41
16 19 40 43 -0.00153083 3.6358 -2375.04
16 19 41 44 -0.00135389 3.639 -2687.81
16 19 42 45 -0.00116339 3.52128 -3026.75
16 19 43 46 -0.00104817 3.55637 -3392.92
16 19 45 48 -0.000855552 3.60284 -4211.13
16 19 46 49 -0.000753469 3.51513 -4665.27
16 19 47 50 -0.000713996 3.67766 -5150.82
16 19 48 51 -0.000621699 3.52431 -5668.83
16 19 51 54 -0.000548406 4.07363 -7428.12
16 19 52 55 -0.000432637 3.4985 -8086.46
16 19 54 57 -0.000351303 3.34345 -9517.28
16 19 55 58 -0.000366318 3.77009 -10291.9
16 19 56 59 -0.00034811 3.86655 -11107.3
16 19 57 60 -0.000371088 4.43991 -11964.6
16 19 60 63 -0.000284003 4.20276 -14798.3
16 19 61 64 -0.000280294 4.43807 -15833.6
16 19 62 1 -0.0157076 3.9078 -248.784
16 19 63 2 -0.0174537 3.90108 -223.51
16 19 64 3 -0.0196533 3.90481 -198.685
17 20 18 21 4.26546 10.7203 2.51327
17 20 19 22 -1.2057 18.9391 -15.708
17 20 21 24 -2.21635 10.8311 -4.88692
17 20 22 25 -0.638573 8.91616 -13.9626
17 20 23 26 -0.264838 7.48811 -28.2743
17 20 24 27 -0.135753 6.63414 -48.8692
17 20 25 28 -0.0748599 5.74883 -76.7945
17 20 26 29 -0.048218 5.45333 -113.097
17 20 27 30 -0.0327489 5.20134 -158.825
17 20 28 31 -0.0224864 4.83513 -215.025
17 20 29 32 -0.0161377 4.56282 -282.743
17 20 30 33 -0.0121345 4.40517 -363.028
17 20 31 34 -0.00912881 4.1712 -456.927
17 20 32 35 -0.00730015 4.12814 -565.487
17 20 33 36 -0.00559759 3.86096 -689.754
17 20 34 37 -0.00449916 3.7378 -830.777
17 20 35 38 -0.00353461 3.49786 -989.602
17 20 36 39 -0.00294954 3.44293 -1167.28
17 20 37 40 -0.00250093 3.41338 -1364.85
17 20 38 41 -0.00216547 3.42873 -1583.36
17 20 39 42 -0.00194749 3.55196 -1823.87
17 20 40 43 -0.00169469 3.53752 -2087.41
17 20 41 44 -0.00146589 3.48155 -2375.04
17 20 42 45 -0.001245 3.34631 -2687.81
17 20 43 46 -0.00111611 3.3782 -3026.75
17 20 44 47 -0.00102564 3.47991 -3392.92
17 20 45 48 -0.000950638 3.60041 -3787.36
17 20 47 50 -0.000735636 3.43194 -4665.27
17 20 48 51 -0.000661988 3.40978 -5150.82
17 20 51 54 -0.0005244 3.56929 -6806.44
17 20 52 55 -0.000449617 3.33981 -7428.12
17 20 53 56 -0.000405032 3.27527 -8086.46
17 20 55 58 -0.000372925 3.54923 -9517.28
17 20 62 1 -0.0140294 3.84739 -274.238
17 20 63 2 -0.0154701 3.84872 -248.784
17 20 64 3 -0.0171581 3.835 -223.51
18 21 19 22 3.93473 9.88906 2.51327
18 21 20 23 -1.00027 15.7122 -15.708
18 21 22 25 -2.13762 10.4464 -4.88692
18 21 23 26 -0.609153 8.50538 -13.9626
18 21 24 27 -0.264173 7.46931 -28.2743
18 21 25 28 -0.129553 6.33114 -48.8692
18 21 26 29 -0.0774503 5.94776 -76.7945
18 21 27 30 -0.0496937 5.62023 -113.097
18 21 28 31 -0.0325799 5.17449 -158.825
18 21 29 32 -0.0225475 4.84826 -215.025
18 21 30 33 -0.0163459 4.62168 -282.743
18 21 31 34 -0.0119113 4.32413 -363.028
18 21 32 35 -0.00925082 4.22695 -456.927
18 21 33 36 -0.00695738 3.9343 -565.487
18 21 34 37 -0.00551188 3.80184 -689.754
18 21 35 38 -0.00425107 3.53169 -830.777
18 21 36 39 -0.00354685 3.50997 -989.602
18 21 37 40 -0.00298197 3.48078 -1167.28
18 21 38 41 -0.00255535 3.48766 -1364.85
18 21 39 42 -0.00227074 3.5954 -1583.36
18 21 40 43 -0.00195274 3.56154 -1823.87
18 21 41 44 -0.00167436 3.49509 -2087.41
18 21 42 45 -0.00139517 3.31358 -2375.04
18 21 43 46 -0.00126495 3.39993 -2687.81
18 21 45 48 -0.00103625 3.51591 -3392.92
18 21 46 49 -0.00090082 3.41173 -3787.36
18 21 47 50 -0.000798218 3.3614 -4211.13
18 21 48 51 -0.000698482 3.2586 -4665.27
18 21 51 54 -0.000578406 3.59789 -6220.35
18 21 56 59 -0.000416883 3.96759 -9517.28
18 21 58 61 -0.000345169 3.83389 -11107.3
18 21 62 1 -0.0128618 3.85319 -299.584
18 21 63 2 -0.013986 3.83548 -274.238
18 21 64 3 -0.0153572 3.82063 -248.784
19 22 20 23 4.36043 10.959 2.51327
19 22 21 24 -0.807789 12.6887 -15.708
19 22 23 26 -2.20584 10.7798 -4.88692
19 22 24 27 -0.656873 9.17167 -13.9626
19 22 25 28 -0.262772 7.4297 -28.2743
19 22 26 29 -0.140512 6.86671 -48.8692
19 22 27 30 -0.0832033 6.38955 -76.7945
19 22 28 31 -0.0512503 5.79627 -113.097
19 22 29 32 -0.0336267 5.34077 -158.825
19 22 30 33 -0.0233425 5.01921 -215.025
19 22 31 34 -0.0164446 4.64961 -282.743
19 22 32 35 -0.0124275 4.51154 -363.028
19 22 33 36 -0.00909496 4.15573 -456.927
19 22 34 37 -0.0070368 3.97921 -565.487
19 22 35 38 -0.00533395 3.67912 -689.754
19 22 36 39 -0.00431431 3.58423 -830.777
19 22 37 40 -0.00357047 3.53335 -989.602
19 22 38 41 -0.0030199 3.52506 -1167.28
19 22 39 42 -0.00265253 3.6203 -1364.85
19 22 40 43 -0.00225683 3.57338 -1583.36
19 22 41 44 -0.00191941 3.50075 -1823.87
19 22 42 45 -0.00159424 3.32783 -2087.41
19 22 43 46 -0.00141768 3.36705 -2375.04
19 22 44 47 -0.00132155 3.55208 -2687.81
19 22 45 48 -0.00120666 3.65226 -3026.75
19 22 47 50 -0.000924624 3.50189 -3787.36
19 22 48 51 -0.000820288 3.45434 -4211.13
19 22 49 52 -0.000753269 3.5142 -4665.27
19 22 50 53 -0.000712789 3.67144 -5150.82
19 22 51 54 -0.000655314 3.71486 -5668.83
19 22 53 56 -0.000514913 3.50472 -6806.44
19 22 54 57 -0.000460622 3.42156 -7428.12
19 22 55 58 -0.000441159 3.56741 -8086.46
19 22 56 59 -0.000414669 3.64183 -8782.5
19 22 57 60 -0.000393697 3.74692 -9517.28
19 22 59 62 -0.000322117 3.57784 -11107.3
19 22 62 1 -0.0118737 3.85328 -324.521
19 22 63 2 -0.0128025 3.83544 -299.584
19 22 64 3 -0.0139106 3.81482 -274.238
20 23 21 24 4.47717 11.2524 2.51327
20 23 22 25 -0.981571 15.4185 -15.708
20 23 24 27 -2.46776 12.0597 -4.88692
20 23 25 28 -0.636855 8.89217 -13.9626
20 23 26 29 -0.286782 8.10857 -28.2743
20 23 27 30 -0.152911 7.47266 -48.8692
20 23 28 31 -0.0872831 6.70286 -76.7945
20 23 29 32 -0.0539747 6.1044 -113.097
20 23 30 33 -0.0356169 5.65685 -158.825
20 23 31 34 -0.0241019 5.18249 -215.025
20 23 32 35 -0.0176304 4.98489 -282.743
20 23 33 36 -0.0125078 4.54068 -363.028
20 23 34 37 -0.00942793 4.30788 -456.927
20 23 35 38 -0.00698518 3.95003 -565.487
20 23 36 39 -0.00559237 3.85736 -689.754
20 23 37 40 -0.00455877 3.78732 -830.777
20 23 38 41 -0.00380731 3.76772 -989.602
20 23 39 42 -0.00330448 3.85725 -1167.28
20 23 40 43 -0.00278885 3.80635 -1364.85
20 23 41 44 -0.00234623 3.71493 -1583.36
20 23 42 45 -0.00193228 3.52422 -1823.87
20 23 43 46 -0.00170724 3.56372 -2087.41
20 23 44 47 -0.00150425 3.57266 -2375.04
20 23 45 48 -0.00137706 3.70127 -2687.81
20 23 46 49 -0.00118891 3.59853 -3026.75
20 23 47 50 -0.00107869 3.6599 -3392.92
20 23 48 51 -0.000933954 3.53722 -3787.36
20 23 49 52 -0.000886701 3.73401 -4211.13
20 23 50 53 -0.000829846 3.87145 -4665.27
20 23 51 54 -0.000766754 3.94941 -5150.82
20 23 52 55 -0.000639231 3.62369 -5668.83
20 23 53 56 -0.000571851 3.55712 -6220.35
20 23 54 57 -0.00050703 3.45107 -6806.44
20 23 55 58 -0.000512468 3.80667 -7428.12
20 23 56 59 -0.000481757 3.89571 -8086.46
20 23 58 61 -0.000450466 4.28721 -9517.28
20 23 59 62 -0.00040552 4.17355 -10291.9
20 23 62 1 -0.0113752 3.96693 -348.735
20 23 63 2 -0.0121222 3.9339 -324.521
20 23 64 3 -0.0130477 3.90889 -299.584
21 24 22 25 3.93652 9.89355 2.51327
21 24 23 26 -1.26376 19.8511 -15.708
21 24 25 28 -2.08505 10.1895 -4.88692
21 24 26 29 -0.648657 9.05695 -13.9626
21 24 27 30 -0.291979 8.25551 -28.2743
21 24 28 31 -0.150586 7.359 -48.8692
21 24 29 32 -0.0866428 6.65369 -76.7945
21 24 30 33 -0.0538523 6.09055 -113.097
21 24 31 34 -0.0347694 5.52225 -158.825
21 24 32 35 -0.0244926 5.26651 -215.025
21 24 33 36 -0.0168042 4.75127 -282.743
21 24 34 37 -0.0123046 4.46691 -363.028
21 24 35 38 -0.00888375 4.05923 -456.927
21 24 36 39 -0.00697267 3.94295 -565.487
21 24 37 40 -0.00558377 3.85143 -689.754
21 24 38 41 -0.0045941 3.81667 -830.777
21 24 39 42 -0.00393603 3.89511 -989.602
21 24 40 43 -0.00328624 3.83595 -1167.28
21 24 41 44 -0.00274482 3.74626 -1364.85
21 24 42 45 -0.00224775 3.559 -1583.36
21 24 43 46 -0.00195815 3.57141 -1823.87
21 24 44 47 -0.00171745 3.58504 -2087.41
21 24 45 48 -0.00156449 3.71574 -2375.04
21 24 46 49 -0.00134213 3.60739 -2687.81
21 24 47 50 -0.0012324 3.73015 -3026.75
21 24 48 51 -0.00105748 3.58793 -3392.92
21 24 49 52 -0.00100371 3.80142 -3787.36
21 24 50 53 -0.000944808 3.97871 -4211.13
21 24 52 55 -0.000743249 3.82834 -5150.82
21 24 53 56 -0.000662274 3.75432 -5668.83
21 24 54 57 -0.000589775 3.66861 -6220.35
21 24 55 58 -0.000546842 3.72204 -6806.44
21 24 56 59 -0.000510404 3.79134 -7428.12
21 24 57 60 -0.000492898 3.9858 -8086.46
21 24 60 63 -0.000356327 3.66727 -10291.9
21 24 61 64 -0.000355342 3.94688 -11107.3
21 24 62 1 -0.0108702 4.04271 -371.906
21 24 63 2 -0.011532 4.02161 -348.735
21 24 64 3 -0.0123206 3.99831 -324.521
22 25 23 26 4.24611 10.6716 2.51327
22 25 24 27 -0.784793 12.3275 -15.708
22 25 26 29 -2.28303 11.157 -4.88692
22 25 27 30 -0.680235 9.49787 -13.9626
22 25 28 31 -0.293092 8.28699 -28.2743
22 25 29 32 -0.151504 7.40389 -48.8692
22 25 30 33 -0.0868071 6.66631 -76.7945
22 25 31 34 -0.0527797 5.96924 -113.097
22 25 32 35 -0.0354637 5.63252 -158.825
22 25 33 36 -0.0233462 5.02001 -215.025
22 25 34 37 -0.0165213 4.67129 -282.743
22 25 35 38 -0.0115922 4.20831 -363.028
22 25 36 39 -0.00885007 4.04384 -456.927
22 25 37 40 -0.00692134 3.91392 -565.487
22 25 38 41 -0.00559517 3.85929 -689.754
22 25 39 42 -0.00474968 3.94592 -830.777
22 25 40 43 -0.00392411 3.88331 -989.602
22 25 41 44 -0.00326312 3.80896 -1167.28
22 25 42 45 -0.00265125 3.61855 -1364.85
22 25 43 46 -0.00230653 3.65207 -1583.36
22 25 44 47 -0.00202515 3.69361 -1823.87
22 25 45 48 -0.00181562 3.78996 -2087.41
22 25 46 49 -0.0015537 3.69011 -2375.04
22 25 47 50 -0.00135309 3.63685 -2687.81
22 25 48 51 -0.00117663 3.56137 -3026.75
22 25 49 52 -0.00106454 3.61189 -3392.92
22 25 50 53 -0.000995791 3.77142 -3787.36
22 25 51 54 -0.000907398 3.82117 -4211.13
22 25 52 55 -0.000802214 3.74254 -4665.27
22 25 53 56 -0.000712835 3.67168 -5150.82
22 25 54 57 -0.000630872 3.57631 -5668.83
22 25 55 58 -0.000610223 3.7958 -6220.35
22 25 56 59 -0.000569947 3.87931 -6806.44
22 25 57 60 -0.000562071 4.17513 -7428.12
22 25 58 61 -0.00051133 4.13485 -8086.46
22 25 59 62 -0.000457751 4.0202 -8782.5
22 25 60 63 -0.000406809 3.87172 -9517.28
22 25 62 1 -0.0103614 4.07941 -393.712
22 25 63 2 -0.0108952 4.05199 -371.906
22 25 64 3 -0.0115262 4.01958 -348.735
23 26 24 27 4.4548 11.1961 2.51327
23 26 25 28 -1.05608 16.5888 -15.708
23 26 27 30 -2.25287 11.0096 -4.88692
23 26 28 31 -0.654321 9.13604 -13.9626
23 26 29 32 -0.28505 8.0596 -28.2743
23 26 30 33 -0.145799 7.12508 -48.8692
23 26 31 34 -0.0819502 6.29332 -76.7945
23 26 32 35 -0.0519555 5.87603 -113.097
23 26 33 36 -0.0325119 5.1637 -158.825
23 26 34 37 -0.0220543 4.74222 -215.025
23 26 35 38 -0.0149263 4.2203 -282.743
23 26 36 39 -0.011111 4.03361 -363.028
23 26 37 40 -0.0084964 3.88224 -456.927
23 26 38 41 -0.00672795 3.80457 -565.487
23 26 39 42 -0.00559205 3.85714 -689.754
23 26 40 43 -0.00454306 3.77427 -830.777
23 26 41 44 -0.00372043 3.68175 -989.602
23 26 42 45 -0.00297926 3.47762 -1167.28
23 26 43 46 -0.00256205 3.49681 -1364.85
23 26 44 47 -0.00219662 3.47804 -1583.36
23 26 45 48 -0.00195412 3.56406 -1823.87
23 26 46 49 -0.00165015 3.44454 -2087.41
23 26 47 50 -0.0014624 3.47326 -2375.04
23 26 48 51 -0.00124604 3.34911 -2687.81
23 26 49 52 -0.00114573 3.46783 -3026.75
23 26 50 53 -0.00106372 3.60912 -3392.92
23 26 51 54 -0.000974228 3.68976 -3787.36
23 26 52 55 -0.000871485 3.66994 -4211.13
23 26 53 56 -0.000767401 3.58013 -4665.27
23 26 54 57 -0.000677961 3.49205 -5150.82
23 26 55 58 -0.000656601 3.72216 -5668.83
23 26 56 59 -0.000613076 3.81355 -6220.35
23 26 57 60 -0.000590809 4.0213 -6806.44
23 26 58 61 -0.000526417 3.91029 -7428.12
23 26 59 62 -0.000477949 3.86492 -8086.46
23 26 62 1 -0.00946906 3.91869 -413.841
23 26 63 2 -0.00993853 3.91292 -393.712
23 26 64 3 -0.0104572 3.8891 -371.906
24 27 25 28 3.91823 9.84758 2.51327
24 27 26 29 -1.01069 15.8759 -15.708
24 27 28 31 -2.15058 10.5097 -4.88692
24 27 29 32 -0.654506 9.13863 -13.9626
24 27 30 33 -0.279933 7.91492 -28.2743
24 27 31 34 -0.141388 6.90951 -48.8692
24 27 32 35 -0.0834194 6.40615 -76.7945
24 27 33 36 -0.049143 5.55795 -113.097
24 27 34 37 -0.0317024 5.03514 -158.825
24 27 35 38 -0.0205634 4.42163 -215.025
24 27 36 39 -0.0147517 4.17095 -282.743
24 27 37 40 -0.0109255 3.96628 -363.028
24 27 38 41 -0.00844366 3.85814 -456.927
24 27 39 42 -0.00689557 3.89935 -565.487
24 27 40 43 -0.00551212 3.80201 -689.754
24 27 41 44 -0.00446254 3.70737 -830.777
24 27 42 45 -0.00353749 3.50071 -989.602
24 27 43 46 -0.00301363 3.51774 -1167.28
24 27 44 47 -0.00257056 3.50842 -1364.85
24 27 45 48 -0.00226902 3.59268 -1583.36
24 27 46 49 -0.00190624 3.47673 -1823.87
24 27 47 50 -0.0016507 3.44569 -2087.41
24 27 48 51 -0.00140889 3.34618 -2375.04
24 27 49 52 -0.0012845 3.45249 -2687.81
24 27 50 53 -0.00118602 3.58978 -3026.75
24 27 51 54 -0.001075 3.64739 -3392.92
24 27 52 55 -0.000952995 3.60934 -3787.36
24 27 53 56 -0.000836347 3.52197 -4211.13
24 27 54 57 -0.000734038 3.42448 -4665.27
24 27 55 58 -0.00070331 3.62262 -5150.82
24 27 56 59 -0.000655006 3.71312 -5668.83
24 27 57 60 -0.000621775 3.86766 -6220.35
24 27 58 61 -0.000549122 3.73756 -6806.44
24 27 59 62 -0.000499445 3.70994 -7428.12
24 27 61 64 -0.000422443 3.7101 -8782.5
24 27 62 1 -0.00887208 3.83266 -431.991
24 27 63 2 -0.00921966 3.81548 -413.841
24 27 64 3 -0.00960785 3.78273 -393.712
25 28 26 29 4.5224 11.366 2.51327
25 28 27 30 -0.832726 13.0804 -15.708
25 28 29 32 -2.49903 12.2126 -4.88692
25 28 30 33 -0.686413 9.58413 -13.9626
25 28 31 34 -0.286806 8.10924 -28.2743
25 28 32 35 -0.152665 7.46062 -48.8692
25 28 33 36 -0.0829711 6.37172 -76.7945
25 28 34 37 -0.0501515 5.672 -113.097
25 28 35 38 -0.0308644 4.90203 -158.825
25 28 36 39 -0.021185 4.55528 -215.025
25 28 37 40 -0.0151256 4.27665 -282.743
25 28 38 41 -0.0113326 4.11407 -363.028
25 28 39 42 -0.0090065 4.11532 -456.927
25 28 40 43 -0.00704706 3.98502 -565.487
25 28 41 44 -0.00559661 3.86028 -689.754
25 28 42 45 -0.0043673 3.62825 -830.777
25 28 43 46 -0.0036479 3.60997 -989.602
25 28 44 47 -0.00309935 3.6178 -1167.28
25 28 45 48 -0.00270839 3.69654 -1364.85
25 28 46 49 -0.00226725 3.58987 -1583.36
25 28 47 50 -0.00193736 3.5335 -1823.87
25 28 48 51 -0.00165169 3.44775 -2087.41
25 28 49 52 -0.00147233 3.49684 -2375.04
25 28 50 53 -0.00135794 3.64989 -2687.81
25 28 51 54 -0.00121226 3.6692 -3026.75
25 28 52 55 -0.00103833 3.52295 -3392.92
25 28 53 56 -0.000905322 3.42878 -3787.36
25 28 55 58 -0.000767426 3.58025 -4665.27
25 28 56 59 -0.00070848 3.64925 -5150.82
25 28 57 60 -0.000704893 3.99592 -5668.83
25 28 58 61 -0.000636293 3.95797 -6220.35
25 28 61 64 -0.000439836 3.55672 -8086.46
25 28 62 1 -0.00909266 4.07242 -447.88
25 28 63 2 -0.00939571 4.05886 -431.991
25 28 64 3 -0.00972881 4.02618 -413.841
26 29 27 30 4.2502 10.6819 2.51327
26 29 28 31 -1.26898 19.933 -15.708
26 29 30 33 -2.26172 11.0529 -4.88692
26 29 31 34 -0.638089 8.9094 -13.9626
26 29 32 35 -0.29157 8.24393 -28.2743
26 29 33 36 -0.143624 7.01879 -48.8692
26 29 34 37 -0.080599 6.18956 -76.7945
26 29 35 38 -0.0467145 5.28328 -113.097
26 29 36 39 -0.0307547 4.88461 -158.825
26 29 37 40 -0.0211407 4.54576 -215.025
26 29 38 41 -0.0153503 4.3402 -282.743
26 29 39 42 -0.0118543 4.30344 -363.028
26 29 40 43 -0.00906087 4.14016 -456.927
26 29 41 44 -0.00703796 3.97987 -565.487
26 29 42 45 -0.00538404 3.71366 -689.754
26 29 43 46 -0.00444462 3.69248 -830.777
26 29 44 47 -0.00368177 3.64349 -989.602
26 29 45 48 -0.0031857 3.7186 -1167.28
26 29 46 49 -0.00262348 3.58065 -1364.85
26 29 47 50 -0.00227644 3.60443 -1583.36
26 29 48 51 -0.00189853 3.46267 -1823.87
26 29 49 52 -0.00172534 3.6015 -2087.41
26 29 50 53 -0.00157842 3.74881 -2375.04
26 29 51 54 -0.00141904 3.81411 -2687.81
26 29 52 55 -0.00118736 3.59384 -3026.75
26 29 53 56 -0.00103334 3.50605 -3392.92
26 29 55 58 -0.000877326 3.69453 -4211.13
26 29 56 59 -0.0008109 3.78306 -4665.27
26 29 58 61 -0.000718766 4.07456 -5668.83
26 29 62 1 -0.00862755 3.9795 -461.255
26 29 63 2 -0.00884032 3.9594 -447.88
26 29 64 3 -0.00909516 3.92903 -431.991
27 30 28 31 4.00871 10.075 2.51327
27 30 29 32 -0.967274 15.1939 -15.708
27 30 31 34 -2.16082 10.5598 -4.88692
27 30 32 35 -0.690163 9.63649 -13.9626
27 30 33 36 -0.286762 8.10801 -28.2743
27 30 34 37 -0.143831 7.02889 -48.8692
27 30 35 38 -0.0764308 5.86946 -76.7945
27 30 36 39 -0.0476019 5.38365 -113.097
27 30 37 40 -0.0310921 4.93821 -158.825
27 30 38 41 -0.0216601 4.65746 -215.025
27 30 39 42 -0.0161315 4.56108 -282.743
27 30 40 43 -0.0119736 4.34676 -363.028
27 30 41 44 -0.00906634 4.14266 -456.927
27 30 42 45 -0.00678358 3.83603 -565.487
27 30 43 46 -0.00548874 3.78588 -689.754
27 30 44 47 -0.00456483 3.79235 -830.777
27 30 45 48 -0.00388596 3.84556 -989.602
27 30 46 49 -0.00318084 3.71292 -1167.28
27 30 47 50 -0.00267604 3.65238 -1364.85
27 30 48 51 -0.00223659 3.54134 -1583.36
27 30 49 52 -0.00196927 3.5917 -1823.87
27 30 50 53 -0.00179285 3.74242 -2087.41
27 30 51 54 -0.00160242 3.80582 -2375.04
27 30 53 56 -0.00114581 3.46809 -3026.75
27 30 55 58 -0.000963567 3.64938 -3787.36
27 30 56 59 -0.000882962 3.71827 -4211.13
27 30 57 60 -0.00088612 4.13398 -4665.27
27 30 58 61 -0.000803558 4.13898 -5150.82
27 30 62 1 -0.00875155 4.12984 -471.898
27 30 63 2 -0.00901882 4.15998 -461.255
27 30 64 3 -0.00922429 4.13137 -447.88
28 31 29 32 4.69258 11.7937 2.51327
28 31 30 33 -0.80781 12.6891 -15.708
28 31 32 35 -2.43114 11.8808 -4.88692
28 31 33 36 -0.705659 9.85286 -13.9626
28 31 34 37 -0.295543 8.35629 -28.2743
28 31 35 38 -0.140625 6.87225 -48.8692
28 31 36 39 -0.0804309 6.17665 -76.7945
28 31 37 40 -0.049169 5.56089 -113.097
28 31 38 41 -0.0324726 5.15746 -158.825
28 31 39 42 -0.0231262 4.9727 -215.025
28 31 40 43 -0.0165368 4.67568 -282.743
28 31 41 44 -0.0121476 4.40991 -363.028
28 31 42 45 -0.00883821 4.03842 -456.927
28 31 43 46 -0.00700677 3.96224 -565.487
28 31 44 47 -0.00565044 3.89742 -689.754
28 31 45 48 -0.00473158 3.93089 -830.777
28 31 46 49 -0.00378791 3.74853 -989.602
28 31 47 50 -0.00322923 3.7694 -1167.28
28 31 48 51 -0.00262981 3.58929 -1364.85
28 31 49 52 -0.00235777 3.73321 -1583.36
28 31 50 53 -0.00212631 3.87811 -1823.87
28 31 51 54 -0.00194533 4.06072 -2087.41
28 31 52 55 -0.00160342 3.8082 -2375.04
28 31 53 56 -0.00138162 3.71352 -2687.81
28 31 54 57 -0.00119499 3.61693 -3026.75
28 31 55 58 -0.00111425 3.78056 -3392.92
28 31 56 59 -0.00101729 3.85284 -3787.36
28 31 57 60 -0.000963526 4.05753 -4211.13
28 31 58 61 -0.000842821 3.93198 -4665.27
28 31 59 62 -0.000752791 3.87749 -5150.82
28 31 62 1 -0.00864678 4.14727 -479.632
28 31 63 2 -0.0088196 4.16196 -471.898
28 31 64 3 -0.00897303 4.13886 -461.255
29 32 30 33 4.22285 10.6132 2.51327
29 32 31 34 -1.15303 18.1118 -15.708
29 32 33 36 -2.25525 11.0212 -4.88692
29 32 34 37 -0.672549 9.39055 -13.9626
29 32 35 38 -0.270724 7.65454 -28.2743
29 32 36 39 -0.140386 6.86056 -48.8692
29 32 37 40 -0.0795257 6.10714 -76.7945
29 32 38 41 -0.0494937 5.59761 -113.097
29 32 39 42 -0.033576 5.33271 -158.825
29 32 40 43 -0.0230837 4.96356 -215.025
29 32 41 44 -0.0164391 4.64806 -282.743
29 32 42 45 -0.0116365 4.22436 -363.028
29 32 43 46 -0.00899312 4.1092 -456.927
29 32 44 47 -0.0071043 4.01739 -565.487
29 32 45 48 -0.00583983 4.02804 -689.754
29 32 46 49 -0.00461527 3.83426 -830.777
29 32 47 50 -0.00388198 3.84162 -989.602
29 32 48 51 -0.00313572 3.66025 -1167.28
29 32 49 52 -0.00276731 3.77696 -1364.85
29 32 50 53 -0.00248246 3.93063 -1583.36
29 32 51 54 -0.00221478 4.03947 -1823.87
29 32 52 55 -0.00183022 3.82043 -2087.41
29 32 53 56 -0.00156475 3.71636 -2375.04
29 32 54 57 -0.00134103 3.60443 -2687.81
29 32 55 58 -0.00123549 3.73951 -3026.75
29 32 56 59 -0.00112124 3.80427 -3392.92
29 32 57 60 -0.0010717 4.05893 -3787.36
29 32 58 61 -0.000934275 3.93435 -4211.13
29 32 59 62 -0.000838198 3.91042 -4665.27
29 32 60 63 -0.00071741 3.69525 -5150.82
29 32 61 64 -0.000698819 3.96149 -5668.83
29 32 62 1 -0.00836079 4.04935 -484.326
29 32 63 2 -0.0084534 4.05452 -479.632
29 32 64 3 -0.00852094 4.02102 -471.898
30 33 31 34 4.08313 10.262 2.51327
30 33 32 35 -0.988573 15.5285 -15.708
30 33 34 37 -2.24793 10.9855 -4.88692
30 33 35 38 -0.624811 8.724 -13.9626
30 33 36 39 -0.276168 7.80846 -28.2743
30 33 37 40 -0.140544 6.86826 -48.8692
30 33 38 41 -0.0810113 6.22122 -76.7945
30 33 39 42 -0.051705 5.8477 -113.097
30 33 40 43 -0.0338342 5.37371 -158.825
30 33 41 44 -0.0231154 4.97038 -215.025
30 33 42 45 -0.0157683 4.45839 -282.743
30 33 43 46 -0.0118647 4.30721 -363.028
30 33 44 47 -0.00926711 4.2344 -456.927
30 33 45 48 -0.0074631 4.22029 -565.487
30 33 46 49 -0.00580108 4.00132 -689.754
30 33 47 50 -0.00469853 3.90343 -830.777
30 33 48 51 -0.00376512 3.72597 -989.602
30 33 49 52 -0.00323089 3.77134 -1167.28
30 33 50 53 -0.00286449 3.9096 -1364.85
30 33 51 54 -0.00249986 3.95818 -1583.36
30 33 52 55 -0.00215095 3.92305 -1823.87
30 33 53 56 -0.00181672 3.79225 -2087.41
30 33 54 57 -0.00155328 3.6891 -2375.04
30 33 55 58 -0.00142194 3.82189 -2687.81
30 33 56 59 -0.0012859 3.89209 -3026.75
30 33 57 60 -0.00119602 4.05801 -3392.92
30 33 58 61 -0.0010304 3.9025 -3787.36
30 33 59 62 -0.000917762 3.86482 -4211.13
30 33 60 63 -0.000816939 3.81124 -4665.27
30 33 61 64 -0.00077164 3.97458 -5150.82
30 33 62 1 -0.00857931 4.16869 -485.9
30 33 63 2 -0.00859524 4.1629 -484.326
30 33 64 3 -0.00861801 4.13347 -479.632
31 34 32 35 4.1636 10.4643 2.51327
31 34 33 36 -0.94099 14.781 -15.708
31 34 35 38 -2.02521 9.89705 -4.88692
31 34 36 39 -0.636485 8.887 -13.9626
31 34 37 40 -0.272231 7.69716 -28.2743
31 34 38 41 -0.140833 6.8824 -48.8692
31 34 39 42 -0.0829436 6.36961 -76.7945
31 34 40 43 -0.0509909 5.76693 -113.097
31 34 41 44 -0.0331221 5.26061 -158.825
31 34 42 45 -0.0216379 4.65268 -215.025
31 34 43 46 -0.0157237 4.44577 -282.743
31 34 44 47 -0.0118533 4.30307 -363.028
31 34 45 48 -0.00931004 4.25401 -456.927
31 34 46 49 -0.00706936 3.99763 -565.487
31 34 47 50 -0.00570615 3.93584 -689.754
31 34 48 51 -0.00447584 3.71842 -830.777
31 34 49 52 -0.00384713 3.80713 -989.602
31 34 50 53 -0.00338041 3.94587 -1167.28
31 34 51 54 -0.00293498 4.00579 -1364.85
31 34 52 55 -0.00238004 3.76846 -1583.36
31 34 53 56 -0.00199502 3.63866 -1823.87
31 34 54 57 -0.00168365 3.51448 -2087.41
31 34 55 58 -0.00157837 3.7487 -2375.04
31 34 56 59 -0.00142074 3.81866 -2687.81
31 34 57 60 -0.00133866 4.05179 -3026.75
31 34 58 61 -0.00117673 3.99254 -3392.92
31 34 59 62 -0.00102316 3.87508 -3787.36
31 34 60 63 -0.000897815 3.78082 -4211.13
31 34 61 64 -0.00084357 3.93548 -4665.27
31 34 62 1 -0.00849725 4.11544 -484.326
31 34 63 2 -0.00845131 4.10649 -485.9
31 34 64 3 -0.00842221 4.07909 -484.326
32 35 33 36 4.45482 11.1962 2.51327
32 35 34 37 -0.712825 11.197 -15.708
32 35 36 39 -2.42234 11.8378 -4.88692
32 35 37 40 -0.679994 9.4945 -13.9626
32 35 38 41 -0.293216 8.2905 -28.2743
32 35 39 42 -0.154169 7.5341 -48.8692
32 35 40 43 -0.0873438 6.70752 -76.7945
32 35 41 44 -0.0531793 6.01444 -113.097
32 35 42 45 -0.0328591 5.21885 -158.825
32 35 43 46 -0.0228579 4.91501 -215.025
32 35 44 47 -0.0166256 4.70078 -282.743
32 35 45 48 -0.0126417 4.5893 -363.028
32 35 46 49 -0.00933266 4.26434 -456.927
32 35 47 50 -0.00735334 4.15822 -565.487
32 35 48 51 -0.00565232 3.89871 -689.754
32 35 49 52 -0.0047861 3.97618 -830.777
32 35 50 53 -0.00411143 4.06868 -989.602
32 35 51 54 -0.00347432 4.05549 -1167.28
32 35 52 55 -0.00288052 3.93147 -1364.85
32 35 53 56 -0.00241611 3.82557 -1583.36
32 35 54 57 -0.00203628 3.71392 -1823.87
32 35 55 58 -0.00189498 3.9556 -2087.41
32 35 56 59 -0.00170153 4.0412 -2375.04
32 35 57 60 -0.00158384 4.25705 -2687.81
32 35 59 62 -0.00119257 4.04631 -3392.92
32 35 62 1 -0.00872786 4.18616 -479.632
32 35 63 2 -0.00869012 4.20885 -484.326
32 35 64 3 -0.00863928 4.19783 -485.9
33 36 34 37 4.13729 10.3981 2.51327
33 36 35 38 -1.224 19.2266 -15.708
33 36 37 40 -2.15089 10.5112 -4.88692
33 36 38 41 -0.642958 8.97738 -13.9626
33 36 39 42 -0.28609 8.089 -28.2743
33 36 40 43 -0.146298 7.14947 -48.8692
33 36 41 44 -0.0828016 6.35871 -76.7945
33 36 42 45 -0.0481945 5.45066 -113.097
33 36 43 46 -0.0319303 5.07133 -158.825
33 36 44 47 -0.0224083 4.81833 -215.025
33 36 45 48 -0.0164751 4.65821 -282.743
33 36 46 49 -0.0118588 4.30508 -363.028
33 36 47 50 -0.00907249 4.14547 -456.927
33 36 48 51 -0.00688154 3.89142 -565.487
33 36 49 52 -0.00566936 3.91046 -689.754
33 36 50 53 -0.00479565 3.98411 -830.777
33 36 51 54 -0.00397319 3.93188 -989.602
33 36 52 55 -0.00327646 3.82454 -1167.28
33 36 53 56 -0.00272473 3.71885 -1364.85
33 36 54 57 -0.00227746 3.60604 -1583.36
33 36 55 58 -0.00207507 3.78465 -1823.87
33 36 56 59 -0.00184237 3.84579 -2087.41
33 36 57 60 -0.00170912 4.05924 -2375.04
33 36 58 61 -0.00147725 3.97055 -2687.81
33 36 59 62 -0.00128042 3.87552 -3026.75
33 36 60 63 -0.00105628 3.58388 -3392.92
33 36 61 64 -0.000975885 3.69603 -3787.36
33 36 62 1 -0.00890974 4.20449 -471.898
33 36 63 2 -0.00879175 4.21681 -479.632
33 36 64 3 -0.00870078 4.21401 -484.326
34 37 35 38 3.8662 9.71682 2.51327
34 37 36 39 -0.916462 14.3958 -15.708
34 37 38 41 -2.15282 10.5207 -4.88692
34 37 39 42 -0.654102 9.13299 -13.9626
34 37 40 43 -0.280026 7.91755 -28.2743
34 37 41 44 -0.142462 6.96201 -48.8692
34 37 42 45 -0.0765657 5.87983 -76.7945
34 37 43 46 -0.0477982 5.40585 -113.097
34 37 44 47 -0.0319423 5.07324 -158.825
34 37 45 48 -0.0225448 4.8477 -215.025
34 37 46 49 -0.015661 4.42806 -282.743
34 37 47 50 -0.0117178 4.25391 -363.028
34 37 48 51 -0.00864634 3.95075 -456.927
34 37 49 52 -0.00703473 3.97804 -565.487
34 37 50 53 -0.00586327 4.04421 -689.754
34 37 51 54 -0.00484693 4.02671 -830.777
34 37 52 55 -0.00387573 3.83543 -989.602
34 37 53 56 -0.00318258 3.71495 -1167.28
34 37 54 57 -0.0026232 3.58026 -1364.85
34 37 55 58 -0.00238888 3.78247 -1583.36
34 37 56 59 -0.00210606 3.84118 -1823.87
34 37 57 60 -0.00193862 4.0467 -2087.41
34 37 58 61 -0.00166821 3.96208 -2375.04
34 37 59 62 -0.00143301 3.85165 -2687.81
34 37 60 63 -0.0012214 3.69688 -3026.75
34 37 61 64 -0.0011006 3.73426 -3392.92
34 37 62 1 -0.00877606 4.048 -461.255
34 37 63 2 -0.00858837 4.05284 -471.898
34 37 64 3 -0.00841812 4.0376 -479.632
35 38 36 39 4.31482 10.8443 2.51327
35 38 37 40 -0.899723 14.1328 -15.708
35 38 39 42 -2.15956 10.5536 -4.88692
35 38 40 43 -0.625946 8.73985 -13.9626
35 38 41 44 -0.266361 7.53118 -28.2743
35 38 42 45 -0.127625 6.23693 -48.8692
35 38 43 46 -0.0736928 5.6592 -76.7945
35 38 44 47 -0.0464467 5.25299 -113.097
35 38 45 48 -0.0311854 4.95301 -158.825
35 38 46 49 -0.0207845 4.46917 -215.025
35 38 47 50 -0.0150323 4.25029 -282.743
35 38 48 51 -0.0107723 3.91067 -363.028
35 38 49 52 -0.00856068 3.91161 -456.927
35 38 50 53 -0.00702732 3.97386 -565.487
35 38 51 54 -0.00573517 3.95586 -689.754
35 38 52 55 -0.00448884 3.72922 -830.777
35 38 53 56 -0.00360625 3.56876 -989.602
35 38 54 57 -0.00292748 3.41717 -1167.28
35 38 55 58 -0.00265185 3.61937 -1364.85
35 38 56 59 -0.0023101 3.65773 -1583.36
35 38 57 60 -0.0021061 3.84125 -1823.87
35 38 58 61 -0.00179806 3.7533 -2087.41
35 38 59 62 -0.0015315 3.63738 -2375.04
35 38 60 63 -0.00133317 3.5833 -2687.81
35 38 61 64 -0.00120923 3.66003 -3026.75
35 38 62 1 -0.00869562 3.89459 -447.88
35 38 63 2 -0.00843014 3.88845 -461.255
35 38 64 3 -0.00824301 3.88986 -471.898
36 39 37 40 3.93387 9.8869 2.51327
36 39 38 41 -0.964398 15.1487 -15.708
36 39 40 43 -2.07344 10.1327 -4.88692
36 39 41 44 -0.608446 8.49551 -13.9626
36 39 42 45 -0.242262 6.84979 -28.2743
36 39 43 46 -0.125651 6.14046 -48.8692
36 39 44 47 -0.073497 5.64416 -76.7945
36 39 45 48 -0.0464684 5.25545 -113.097
36 39 46 49 -0.0294929 4.68421 -158.825
36 39 47 50 -0.020474 4.40242 -215.025
36 39 48 51 -0.0142009 4.0152 -282.743
36 39 49 52 -0.0109444 3.97314 -363.028
36 39 50 53 -0.00880561 4.02352 -456.927
36 39 51 54 -0.00706715 3.99638 -565.487
36 39 52 55 -0.00553077 3.81487 -689.754
36 39 53 56 -0.00436798 3.62881 -830.777
36 39 54 57 -0.00349483 3.45849 -989.602
36 39 55 58 -0.00310298 3.62204 -1167.28
36 39 56 59 -0.00269149 3.67348 -1364.85
36 39 57 60 -0.00241612 3.82559 -1583.36
36 39 58 61 -0.00202642 3.69592 -1823.87
36 39 59 62 -0.00172253 3.59563 -2087.41
36 39 60 63 -0.0014501 3.44404 -2375.04
36 39 61 64 -0.00131205 3.52654 -2687.81
36 39 62 1 -0.00879995 3.8015 -431.991
36 39 63 2 -0.0085229 3.81724 -447.88
36 39 64 3 -0.00825741 3.80877 -461.255
37 40 38 41 4.15927 10.4534 2.51327
37 40 39 42 -0.883249 13.874 -15.708
37 40 41 44 -2.26733 11.0803 -4.88692
37 40 42 45 -0.580991 8.11216 -13.9626
37 40 43 46 -0.249208 7.04618 -28.2743
37 40 44 47 -0.130172 6.36138 -48.8692
37 40 45 48 -0.0756601 5.81028 -76.7945
37 40 46 49 -0.0449848 5.08766 -113.097
37 40 47 50 -0.0297198 4.72025 -158.825
37 40 48 51 -0.019757 4.24825 -215.025
37 40 49 52 -0.0147258 4.16363 -282.743
37 40 50 53 -0.0115272 4.1847 -363.028
37 40 51 54 -0.00902967 4.1259 -456.927
37 40 52 55 -0.00694137 3.92525 -565.487
37 40 53 56 -0.00538574 3.71483 -689.754
37 40 54 57 -0.00423663 3.51969 -830.777
37 40 55 58 -0.00371459 3.67596 -989.602
37 40 56 59 -0.00317992 3.71184 -1167.28
37 40 57 60 -0.00284583 3.88412 -1364.85
37 40 58 61 -0.00237284 3.75707 -1583.36
37 40 59 62 -0.00200227 3.65188 -1823.87
37 40 60 63 -0.00163078 3.40412 -2087.41
37 40 61 64 -0.00145198 3.4485 -2375.04
37 40 62 1 -0.00919703 3.80611 -413.841
37 40 63 2 -0.00890529 3.847 -431.991
37 40 64 3 -0.00855581 3.83197 -447.88
38 41 39 42 3.94612 9.91769 2.51327
38 41 40 43 -1.09694 17.2307 -15.708
38 41 42 45 -2.02325 9.88745 -4.88692
38 41 43 46 -0.590221 8.24104 -13.9626
38 41 44 47 -0.256518 7.25287 -28.2743
38 41 45 48 -0.132596 6.47988 -48.8692
38 41 46 49 -0.0724317 5.56236 -76.7945
38 41 47 50 -0.0450989 5.10057 -113.097
38 41 48 51 -0.0284478 4.51822 -158.825
38 41 49 52 -0.0204168 4.39011 -215.025
38 41 50 53 -0.0154844 4.37811 -282.743
38 41 51 54 -0.0118236 4.29231 -363.028
38 41 52 55 -0.00890859 4.07058 -456.927
38 41 53 56 -0.00678198 3.83512 -565.487
38 41 54 57 -0.0052397 3.61411 -689.754
38 41 55 58 -0.0045206 3.75561 -830.777
38 41 56 59 -0.00383403 3.79416 -989.602
38 41 57 60 -0.00341467 3.98586 -1167.28
38 41 58 61 -0.0028296 3.86197 -1364.85
38 41 59 62 -0.00236201 3.73992 -1583.36
38 41 60 63 -0.00189181 3.45041 -1823.87
38 41 61 64 -0.00167566 3.4978 -2087.41
38 41 62 1 -0.00980771 3.86142 -393.712
38 41 63 2 -0.00944269 3.90777 -413.841
38 41 64 3 -0.00901124 3.89277 -431.991
39 42 40 43 4.27933 10.7551 2.51327
39 42 41 44 -0.772214 12.1299 -15.708
39 42 43 46 -2.41554 11.8046 -4.88692
39 42 44 47 -0.677864 9.46477 -13.9626
39 42 45 48 -0.283173 8.00651 -28.2743
39 42 46 49 -0.135376 6.61574 -48.8692
39 42 47 50 -0.0773176 5.93757 -76.7945
39 42 48 51 -0.0454583 5.14121 -113.097
39 42 49 52 -0.0310586 4.93289 -158.825
39 42 50 53 -0.0226015 4.85988 -215.025
39 42 51 54 -0.0167055 4.72338 -282.743
39 42 52 55 -0.0121722 4.41886 -363.028
39 42 53 56 -0.00905152 4.13588 -456.927
39 42 54 57 -0.00687462 3.8875 -565.487
39 42 55 58 -0.00582837 4.02014 -689.754
39 42 56 59 -0.0048516 4.03059 -830.777
39 42 57 60 -0.00424926 4.20507 -989.602
39 42 58 61 -0.00348002 4.06214 -1167.28
39 42 59 62 -0.00288093 3.93203 -1364.85
39 42 60 63 -0.00237381 3.75861 -1583.36
39 42 61 64 -0.00209296 3.81728 -1823.87
39 42 62 1 -0.0109546 4.07408 -371.906
39 42 63 2 -0.0103967 4.09332 -393.712
39 42 64 3 -0.00986541 4.08271 -413.841
40 43 41 44 4.47211 11.2396 2.51327
40 43 42 45 -1.20373 18.9082 -15.708
40 43 44 47 -2.42057 11.8291 -4.88692
40 43 45 48 -0.668348 9.33189 -13.9626
40 43 46 49 -0.260965 7.37861 -28.2743
40 43 47 50 -0.132774 6.48857 -48.8692
40 43 48 51 -0.0716256 5.50045 -76.7945
40 43 49 52 -0.046017 5.2044 -113.097
40 43 50 53 -0.0319441 5.07352 -158.825
40 43 51 54 -0.022645 4.86923 -215.025
40 43 52 55 -0.0160614 4.54126 -282.743
40 43 53 56 -0.0116149 4.21653 -363.028
40 43 54 57 -0.00863028 3.94341 -456.927
40 43 55 58 -0.00718975 4.06571 -565.487
40 43 56 59 -0.00586499 4.0454 -689.754
40 43 57 60 -0.00505561 4.20008 -830.777
40 43 58 61 -0.00409749 4.05488 -989.602
40 43 59 62 -0.00336947 3.9331 -1167.28
40 43 60 63 -0.00279169 3.81023 -1364.85
40 43 61 64 -0.00242679 3.84249 -1583.36
40 43 62 1 -0.0111216 3.87848 -348.735
40 43 63 2 -0.0104343 3.88056 -371.906
40 43 64 3 -0.00977589 3.84889 -393.712
41 44 42 45 3.95435 9.93836 2.51327
41 44 43 46 -1.29417 20.3288 -15.708
41 44 45 48 -2.26259 11.0571 -4.88692
41 44 46 49 -0.586845 8.1939 -13.9626
41 44 47 50 -0.249211 7.04629 -28.2743
41 44 48 51 -0.119347 5.83237 -48.8692
41 44 49 52 -0.0710337 5.455 -76.7945
41 44 50 53 -0.0465614 5.26597 -113.097
41 44 51 54 -0.0316292 5.0235 -158.825
41 44 52 55 -0.021544 4.6325 -215.025
41 44 53 56 -0.0150835 4.26475 -282.743
41 44 54 57 -0.0109294 3.9677 -363.028
41 44 55 58 -0.00891667 4.07427 -456.927
41 44 56 59 -0.0071361 4.03537 -565.487
41 44 57 60 -0.00603789 4.16466 -689.754
41 44 58 61 -0.00482216 4.00614 -830.777
41 44 59 62 -0.00393126 3.89038 -989.602
41 44 60 63 -0.00313385 3.65807 -1167.28
41 44 61 64 -0.00267831 3.65549 -1364.85
41 44 62 1 -0.0120577 3.91299 -324.521
41 44 63 2 -0.0113052 3.94253 -348.735
41 44 64 3 -0.0105974 3.94123 -371.906
42 45 43 46 4.06595 10.2188 2.51327
42 45 44 47 -1.05491 16.5705 -15.708
42 45 46 49 -1.98044 9.67826 -4.88692
42 45 47 50 -0.567216 7.91983 -13.9626
42 45 48 51 -0.222696 6.29659 -28.2743
42 45 49 52 -0.118515 5.79173 -48.8692
42 45 50 53 -0.0718781 5.51984 -76.7945
42 45 51 54 -0.0459504 5.19687 -113.097
42 45 52 55 -0.0298601 4.74253 -158.825
42 45 53 56 -0.0200628 4.31401 -215.025
42 45 54 57 -0.0140722 3.97882 -282.743
42 45 55 58 -0.0111309 4.04082 -363.028
42 45 56 59 -0.00867561 3.96412 -456.927
42 45 57 60 -0.00716644 4.05253 -565.487
42 45 58 61 -0.00560122 3.86346 -689.754
42 45 59 62 -0.00452355 3.75806 -830.777
42 45 60 63 -0.00365381 3.61581 -989.602
42 45 61 64 -0.00310061 3.61927 -1167.28
42 45 62 1 -0.0124385 3.72639 -299.584
42 45 63 2 -0.0115388 3.74458 -324.521
42 45 64 3 -0.0106784 3.72393 -348.735
43 46 44 47 4.41122 11.0866 2.51327
43 46 45 48 -0.789934 12.4083 -15.708
43 46 47 50 -2.21774 10.8379 -4.88692
43 46 48 51 -0.547524 7.64488 -13.9626
43 46 49 52 -0.239559 6.77337 -28.2743
43 46 50 53 -0.129228 6.31528 -48.8692
43 46 51 54 -0.0759632 5.83355 -76.7945
43 46 52 55 -0.0463978 5.24747 -113.097
43 46 53 56 -0.0295789 4.69787 -158.825
43 46 54 57 -0.0198823 4.27517 -215.025
43 46 55 58 -0.0152048 4.29906 -282.743
43 46 56 59 -0.0115509 4.19331 -363.028
43 46 57 60 -0.00936949 4.28117 -456.927
43 46 58 61 -0.00720127 4.07222 -565.487
43 46 59 62 -0.00570822 3.93727 -689.754
43 46 60 63 -0.00439611 3.65219 -830.777
43 46 61 64 -0.00367536 3.63715 -989.602
43 46 62 1 -0.0142552 3.90932 -274.238
43 46 63 2 -0.0131953 3.9531 -299.584
43 46 64 3 -0.0121869 3.9549 -324.521
44 47 45 48 3.93083 9.87926 2.51327
44 47 46 49 -1.12815 17.7209 -15.708
44 47 48 51 -1.88838 9.22835 -4.88692
44 47 49 52 -0.556398 7.76878 -13.9626
44 47 50 53 -0.250251 7.07569 -28.2743
44 47 51 54 -0.131245 6.41384 -48.8692
44 47 52 55 -0.0741006 5.69052 -76.7945
44 47 53 56 -0.0443421 5.01497 -113.097
44 47 54 57 -0.0283855 4.50833 -158.825
44 47 55 58 -0.0208707 4.4877 -215.025
44 47 56 59 -0.0153702 4.34584 -282.743
44 47 57 60 -0.0121377 4.40633 -363.028
44 47 58 61 -0.00907771 4.14785 -456.927
44 47 59 62 -0.00705863 3.99156 -565.487
44 47 60 63 -0.00542387 3.74114 -689.754
44 47 61 64 -0.00451119 3.74779 -830.777
44 47 62 1 -0.0156598 3.89592 -248.784
44 47 63 2 -0.0143307 3.93003 -274.238
44 47 64 3 -0.0130778 3.9179 -299.584
45 48 46 49 3.91526 9.84011 2.51327
45 48 47 50 -0.715999 11.2469 -15.708
45 48 49 52 -2.13034 10.4108 -4.88692
45 48 50 53 -0.634207 8.8552 -13.9626
45 48 51 54 -0.2722 7.69628 -28.2743
45 48 52 55 -0.136044 6.64836 -48.8692
45 48 53 56 -0.0744498 5.71733 -76.7945
45 48 54 57 -0.0445763 5.04147 -113.097
45 48 55 58 -0.0311729 4.95104 -158.825
45 48 56 59 -0.0220499 4.74128 -215.025
45 48 57 60 -0.0168651 4.7685 -282.743
45 48 58 61 -0.012294 4.46307 -363.028
45 48 59 62 -0.00930208 4.25037 -456.927
45 48 60 63 -0.00707719 4.00206 -565.487
45 48 61 64 -0.005799 3.99988 -689.754
45 48 62 1 -0.0182941 4.0889 -223.51
45 48 63 2 -0.0164717 4.0979 -248.784
45 48 64 3 -0.0149051 4.08754 -274.238
46 49 47 50 4.21382 10.5905 2.51327
46 49 48 51 -0.997677 15.6715 -15.708
46 49 50 53 -2.19623 10.7328 -4.88692
46 49 51 54 -0.627175 8.75702 -13.9626
46 49 52 55 -0.259144 7.32713 -28.2743
46 49 53 56 -0.125516 6.13388 -48.8692
46 49 54 57 -0.0691628 5.31132 -76.7945
46 49 55 58 -0.0454589 5.14128 -113.097
46 49 56 59 -0.0306185 4.86298 -158.825
46 49 57 60 -0.0224889 4.83566 -215.025
46 49 58 61 -0.0158269 4.47496 -282.743
46 49 59 62 -0.0116482 4.22863 -363.028
46 49 60 63 -0.00865564 3.955 -456.927
46 49 61 64 -0.00693177 3.91982 -565.487
46 49 62 1 -0.0196093 3.89606 -198.685
46 49 63 2 -0.0174811 3.9072 -223.51
46 49 64 3 -0.0155894 3.87838 -248.784
47 50 48 51 3.68085 9.25098 2.51327
47 50 49 52 -1.0928 17.1657 -15.708
47 50 51 54 -2.09947 10.2599 -4.88692
47 50 52 55 -0.591652 8.26102 -13.9626
47 50 53 56 -0.236508 6.6871 -28.2743
47 50 54 57 -0.116339 5.68541 -48.8692
47 50 55 58 -0.0708284 5.43923 -76.7945
47 50 56 59 -0.0449272 5.08114 -113.097
47 50 57 60 -0.0315352 5.00858 -158.825
47 50 58 61 -0.0214105 4.60379 -215.025
47 50 59 62 -0.0153154 4.33032 -282.743
47 50 60 63 -0.0110837 4.0237 -363.028
47 50 61 64 -0.00866258 3.95817 -456.927
47 50 62 1 -0.0223819 3.90689 -174.556
47 50 63 2 -0.0196719 3.90849 -198.685
47 50 64 3 -0.0173474 3.87732 -223.51
48 51 49 52 3.92617 9.86753 2.51327
48 51 50 53 -0.956061 15.0178 -15.708
48 51 52 55 -2.08624 10.1953 -4.88692
48 51 53 56 -0.543855 7.59364 -13.9626
48 51 54 57 -0.220951 6.24723 -28.2743
48 51 55 58 -0.120239 5.87596 -48.8692
48 51 56 59 -0.0702526 5.39502 -76.7945
48 51 57 60 -0.0464349 5.25166 -113.097
48 51 58 61 -0.0300075 4.76594 -158.825
48 51 59 62 -0.0206791 4.44652 -215.025
48 51 60 63 -0.0145161 4.10433 -282.743
48 51 61 64 -0.0110652 4.01698 -363.028
48 51 62 1 -0.0250982 3.79862 -151.35
48 51 63 2 -0.0216529 3.77964 -174.556
48 51 64 3 -0.0187174 3.71885 -198.685
49 52 50 53 3.93065 9.87881 2.51327
49 52 51 54 -0.973561 15.2927 -15.708
49 52 53 56 -1.98199 9.68584 -4.88692
49 52 54 57 -0.52626 7.34797 -13.9626
49 52 55 58 -0.238637 6.74729 -28.2743
49 52 56 59 -0.124166 6.0679 -48.8692
49 52 57 60 -0.0758252 5.82296 -76.7945
49 52 58 61 -0.046042 5.20723 -113.097
49 52 59 62 -0.0303207 4.81569 -158.825
49 52 60 63 -0.0203983 4.38613 -215.025
49 52 61 64 -0.0150297 4.24955 -282.743
49 52 62 1 -0.0305447 3.94853 -129.271
49 52 63 2 -0.0259134 3.922 -151.35
49 52 64 3 -0.0220062 3.84131 -174.556
50 53 51 54 3.78073 9.502 2.51327
50 53 52 55 -0.837695 13.1585 -15.708
50 53 54 57 -1.87299 9.15314 -4.88692
50 53 55 58 -0.580896 8.11084 -13.9626
50 53 56 59 -0.25012 7.07197 -28.2743
50 53 57 60 -0.136214 6.65666 -48.8692
50 53 58 61 -0.0760899 5.84329 -76.7945
50 53 59 62 -0.0472612 5.34511 -113.097
50 53 60 63 -0.0303151 4.8148 -158.825
50 53 61 64 -0.0214289 4.60774 -215.025
50 53 62 1 -0.0387127 4.20027 -108.498
50 53 63 2 -0.0320989 4.14945 -129.271
50 53 64 3 -0.026738 4.0468 -151.35
51 54 52 55 3.99636 10.044 2.51327
51 54 53 56 -0.770765 12.1072 -15.708
51 54 55 58 -2.07961 10.1629 -4.88692
51 54 56 59 -0.599486 8.37041 -13.9626
51 54 57 60 -0.269895 7.63109 -28.2743
51 54 58 61 -0.133599 6.52886 -48.8692
51 54 59 62 -0.076769 5.89544 -76.7945
51 54 60 63 -0.0464151 5.24943 -113.097
51 54 61 64 -0.0312609 4.96501 -158.825
51 54 62 1 -0.0491347 4.3824 -89.1916
51 54 63 2 -0.0394878 4.28436 -108.498
51 54 64 3 -0.0320383 4.14161 -129.271
52 55 53 56 3.71563 9.3384 2.51327
52 55 54 57 -0.989098 15.5367 -15.708
52 55 56 59 -1.97655 9.65927 -4.88692
52 55 57 60 -0.603389 8.4249 -13.9626
52 55 58 61 -0.247088 6.98626 -28.2743
52 55 59 62 -0.127699 6.24053 -48.8692
52 55 60 63 -0.071521 5.49242 -76.7945
52 55 61 64 -0.045431 5.13813 -113.097
52 55 62 1 -0.061764 4.41531 -71.4868
52 55 63 2 -0.0478399 4.26691 -89.1916
52 55 64 3 -0.0376052 4.08011 -108.498
53 56 54 57 3.71571 9.33859 2.51327
53 56 55 58 -0.859501 13.501 -15.708
53 56 57 60 -2.09936 10.2594 -4.88692
53 56 58 61 -0.571394 7.97816 -13.9626
53 56 59 62 -0.247216 6.98988 -28.2743
53 56 60 63 -0.123483 6.03454 -48.8692
53 56 61 64 -0.0726247 5.57718 -76.7945
53 56 62 1 -0.0839501 4.65929 -55.5008
53 56 63 2 -0.0621057 4.43974 -71.4868
53 56 64 3 -0.0469128 4.18423 -89.1916
54 57 55 58 3.64755 9.16729 2.51327
54 57 56 59 -0.988177 15.5222 -15.708
54 57 58 61 -1.83806 8.98244 -4.88692
54 57 59 62 -0.55055 7.68712 -13.9626
54 57 60 63 -0.229245 6.48176 -28.2743
54 57 61 64 -0.121634 5.94416 -48.8692
54 57 62 1 -0.118796 4.90993 -41.3309
54 57 63 2 -0.0831685 4.61591 -55.5008
54 57 64 3 -0.0599357 4.28461 -71.4868
55 58 56 59 3.99406 10.0382 2.51327
55 58 57 60 -0.68063 10.6913 -15.708
55 58 59 62 -2.2383 10.9384 -4.88692
55 58 60 63 -0.582429 8.13224 -13.9626
55 58 61 64 -0.255708 7.22996 -28.2743
55 58 62 1 -0.201378 5.85147 -29.0572
55 58 63 2 -0.130304 5.38559 -41.3309
55 58 64 3 -0.0880381 4.88618 -55.5008
56 59 57 60 3.85548 9.68988 2.51327
56 59 58 61 -1.10237 17.3159 -15.708
56 59 60 63 -1.93928 9.4771 -4.88692
56 59 61 64 -0.588116 8.21165 -13.9626
56 59 62 1 -0.355097 6.65587 -18.7438
56 59 63 2 -0.206901 6.01197 -29.0572
56 59 64 3 -0.129128 5.33696 -41.3309
57 60 58 61 3.60692 9.06517 2.51327
57 60 59 62 -0.814568 12.7952 -15.708
57 60 61 64 -1.99575 9.75305 -4.88692
57 60 62 1 -0.750622 7.83677 -10.4404
57 60 63 2 -0.366693 6.87322 -18.7438
57 60 64 3 -0.20436 5.93814 -29.0572
58 61 59 62 4.08215 10.2596 2.51327
58 61 60 63 -0.826303 12.9795 -15.708
58 61 62 1 -2.27955 9.5374 -4.1839
58 61 63 2 -0.750987 7.84059 -10.4404
58 61 64 3 -0.344808 6.463 -18.7438
59 62 60 63 3.68686 9.26609 2.51327
59 62 61 64 -0.979083 15.3794 -15.708
59 62 63 2 -2.20162 9.21135 -4.1839
59 62 64 3 -0.684093 7.14219 -10.4404
60 63 61 64 3.73229 9.38027 2.51327
60 63 62 1 -1.54908 9.71722 -6.2729
60 63 64 3 -2.20663 9.23233 -4.1839
61 64 62 1 1.68643 10.613 6.29317
61 64 63 2 -1.52924 9.59274 -6.2729
62 1 63 2 5.32519 8.50424 1.59698
62 1 64 3 1.9734 6.41 3.24821
63 2 64 3 5.16735 8.25216 1.59698
