64
# x y z
0.0 0.0 0.0
0.5 0.0 0.0
1.0 0.0 0.0
1.5 0.0 0.0
2.0 0.0 0.0
2.5 0.0 0.0
3.0 0.0 0.0
3.5 0.0 0.0
4.0 0.0 0.0
4.5 0.0 0.0
5.0 0.0 0.0
5.5 0.0 0.0
6.0 0.0 0.0
6.5 0.0 0.0
7.0 0.0 0.0
7.5 0.0 0.0
8.0 0.0 0.0
8.5 0.0 0.0
9.0 0.0 0.0
9.5 0.0 0.0
10.0 0.0 0.0
10.5 0.0 0.0
11.0 0.0 0.0
11.5 0.0 0.0
12.0 0.0 0.0
12.5 0.0 0.0
13.0 0.0 0.0
13.5 0.0 0.0
14.0 0.0 0.0
14.5 0.0 0.0
15.0 0.0 0.0
15.5 0.0 0.0
16.0 0.0 0.0
16.5 0.0 0.0
17.0 0.0 0.0
17.5 0.0 0.0
18.0 0.0 0.0
18.5 0.0 0.0
19.0 0.0 0.0
19.5 0.0 0.0
20.0 0.0 0.0
20.5 0.0 0.0
21.0 0.0 0.0
21.5 0.0 0.0
22.0 0.0 0.0
22.5 0.0 0.0
23.0 0.0 0.0
23.5 0.0 0.0
24.0 0.0 0.0
24.5 0.0 0.0
25.0 0.0 0.0
25.5 0.0 0.0
26.0 0.0 0.0
26.5 0.0 0.0
27.0 0.0 0.0
27.5 0.0 0.0
28.0 0.0 0.0
28.5 0.0 0.0
29.0 0.0 0.0
29.5 0.0 0.0
30.0 0.0 0.0
30.5 0.0 0.0
31.0 0.0 0.0
31.5 0.0 0.0
1832
# a b m n r rhoa k
1 4 2 5 3.61878 9.09499 2.51327
1 4 3 6 -0.932961 14.6549 -15.708
1 4 5 8 -1.80918 8.84133 -4.88692
1 4 6 9 -0.521851 7.28641 -13.9626
1 4 7 10 -0.219528 6.207 -28.2743
1 4 8 11 -0.117305 5.73262 -48.8692
1 4 9 12 -0.0693309 5.32423 -76.7945
1 4 10 13 -0.0441227 4.99016 -113.097
1 4 11 14 -0.0292461 4.645 -158.825
1 4 12 15 -0.0204246 4.39178 -215.025
1 4 13 16 -0.014476 4.09299 -282.743
1 4 14 17 -0.0111475 4.04684 -363.028
1 4 15 18 -0.008929 4.0799 -456.927
1 4 16 19 -0.00695785 3.93457 -565.487
1 4 17 20 -0.00537101 3.70468 -689.754
1 4 18 21 -0.00440406 3.65879 -830.777
1 4 19 22 -0.00358965 3.55232 -989.602
1 4 20 23 -0.00312607 3.64899 -1167.28
1 4 21 24 -0.00267542 3.65153 -1364.85
1 4 22 25 -0.00229664 3.63641 -1583.36
1 4 23 26 -0.00189891 3.46336 -1823.87
1 4 24 27 -0.00164244 3.42845 -2087.41
1 4 25 28 -0.00144402 3.4296 -2375.04
1 4 26 29 -0.00131185 3.52599 -2687.81
1 4 27 30 -0.00114731 3.47261 -3026.75
1 4 28 31 -0.00102487 3.47729 -3392.92
1 4 29 32 -0.000901959 3.41605 -3787.36
1 4 30 33 -0.000840087 3.53772 -4211.13
1 4 31 34 -0.00077695 3.62468 -4665.27
1 4 34 37 -0.000571777 3.55666 -6220.35
1 4 35 38 -0.000495892 3.37526 -6806.44
1 4 36 39 -0.000454364 3.37507 -7428.12
1 4 37 40 -0.00042136 3.40731 -8086.46
1 4 39 42 -0.000379295 3.60986 -9517.28
1 4 45 48 -0.000245905 3.63898 -14798.3
1 4 51 54 -0.000170321 3.70245 -21738.1
1 4 52 55 -0.000170715 3.93871 -23071.9
1 4 53 56 -0.00015843 3.87505 -24459
1 4 63 2 -1.6371 10.2693 -6.2729
1 4 64 3 1.56696 9.86116 6.29317
2 5 3 6 3.75484 9.43694 2.51327
2 5 4 7 -0.694667 10.9118 -15.708
2 5 6 9 -1.99026 9.72624 -4.88692
2 5 7 10 -0.541743 7.56416 -13.9626
2 5 8 11 -0.238725 6.74978 -28.2743
2 5 9 12 -0.12521 6.11894 -48.8692
2 5 10 13 -0.0731725 5.61924 -76.7945
2 5 11 14 -0.0456348 5.16117 -113.097
2 5 12 15 -0.0304711 4.83957 -158.825
2 5 13 16 -0.0207346 4.45846 -215.025
2 5 14 17 -0.0154348 4.36407 -282.743
2 5 15 18 -0.0120653 4.38004 -363.028
2 5 16 19 -0.00913351 4.17335 -456.927
2 5 17 20 -0.00692561 3.91634 -565.487
2 5 18 21 -0.00556396 3.83777 -689.754
2 5 19 22 -0.00452129 3.75618 -830.777
2 5 20 23 -0.00389819 3.85765 -989.602
2 5 21 24 -0.00329456 3.84566 -1167.28
2 5 22 25 -0.00279497 3.8147 -1364.85
2 5 23 26 -0.00228273 3.61439 -1583.36
2 5 24 27 -0.00195489 3.56547 -1823.87
2 5 25 28 -0.00170893 3.56724 -2087.41
2 5 26 29 -0.00154113 3.66024 -2375.04
2 5 27 30 -0.00135878 3.65213 -2687.81
2 5 28 31 -0.00120944 3.66066 -3026.75
2 5 29 32 -0.00106963 3.62916 -3392.92
2 5 30 33 -0.000977256 3.70122 -3787.36
2 5 31 34 -0.000882784 3.71752 -4211.13
2 5 32 35 -0.000825241 3.84997 -4665.27
2 5 33 36 -0.000732068 3.77075 -5150.82
2 5 34 37 -0.000648562 3.67659 -5668.83
2 5 35 38 -0.000534541 3.32503 -6220.35
2 5 36 39 -0.000485952 3.3076 -6806.44
2 5 38 41 -0.000421877 3.41149 -8086.46
2 5 40 43 -0.000378068 3.59818 -9517.28
2 5 41 44 -0.000344075 3.54117 -10291.9
2 5 42 45 -0.000313835 3.48585 -11107.3
2 5 43 46 -0.000283935 3.39716 -11964.6
2 5 44 47 -0.000269972 3.47314 -12864.8
2 5 47 50 -0.000230077 3.64295 -15833.6
2 5 48 51 -0.000219458 3.71237 -16916.1
2 5 49 52 -0.000203557 3.67353 -18046.7
2 5 52 55 -0.000175991 3.82571 -21738.1
2 5 53 56 -0.00016319 3.7651 -23071.9
2 5 55 58 -0.000148662 3.85045 -25900.7
2 5 62 1 -2.25275 9.42526 -4.1839
2 5 64 3 -1.58146 9.92036 -6.2729
3 6 4 7 3.68573 9.26325 2.51327
3 6 5 8 -0.927123 14.5632 -15.708
3 6 7 10 -1.84787 9.03039 -4.88692
3 6 8 11 -0.552298 7.71154 -13.9626
3 6 9 12 -0.240633 6.80374 -28.2743
3 6 10 13 -0.125152 6.11608 -48.8692
3 6 11 14 -0.0721335 5.53945 -76.7945
3 6 12 15 -0.0455966 5.15686 -113.097
3 6 13 16 -0.0295832 4.69855 -158.825
3 6 14 17 -0.0212064 4.5599 -215.025
3 6 15 18 -0.0161141 4.55615 -282.743
3 6 16 19 -0.011873 4.31024 -363.028
3 6 17 20 -0.00879927 4.02063 -456.927
3 6 18 21 -0.00692383 3.91533 -565.487
3 6 19 22 -0.00553889 3.82047 -689.754
3 6 20 23 -0.00470704 3.9105 -830.777
3 6 21 24 -0.0039302 3.88934 -989.602
3 6 22 25 -0.00329709 3.84861 -1167.28
3 6 23 26 -0.002671 3.6455 -1364.85
3 6 24 27 -0.00226519 3.58661 -1583.36
3 6 25 28 -0.00196471 3.58337 -1823.87
3 6 26 29 -0.00175127 3.65562 -2087.41
3 6 27 30 -0.00152312 3.61747 -2375.04
3 6 28 31 -0.00134281 3.60921 -2687.81
3 6 29 32 -0.00118579 3.58911 -3026.75
3 6 30 33 -0.00109581 3.71799 -3392.92
3 6 31 34 -0.000984254 3.72773 -3787.36
3 6 32 35 -0.000915379 3.85478 -4211.13
3 6 33 36 -0.000795661 3.71197 -4665.27
3 6 34 37 -0.000703458 3.62338 -5150.82
3 6 35 38 -0.000620722 3.51877 -5668.83
3 6 36 39 -0.000565998 3.52071 -6220.35
3 6 37 40 -0.000521876 3.55212 -6806.44
3 6 39 42 -0.000463966 3.75184 -8086.46
3 6 40 43 -0.000436923 3.83727 -8782.5
3 6 45 48 -0.000300137 3.86121 -12864.8
3 6 55 58 -0.000150863 3.68996 -24459
3 6 57 60 -0.000149275 4.08981 -27397.8
3 6 58 61 -0.000140958 4.08095 -28951.5
3 6 60 63 -0.000127679 4.11544 -32232.7
3 6 62 1 -0.723949 7.5583 -10.4404
3 6 63 2 -2.14305 8.96632 -4.1839
4 7 5 8 3.57501 8.98497 2.51327
4 7 6 9 -0.782909 12.2979 -15.708
4 7 8 11 -1.97065 9.63041 -4.88692
4 7 9 12 -0.574935 8.02761 -13.9626
4 7 10 13 -0.24613 6.95916 -28.2743
4 7 11 14 -0.126192 6.16689 -48.8692
4 7 12 15 -0.0738784 5.67345 -76.7945
4 7 13 16 -0.0449929 5.08858 -113.097
4 7 14 17 -0.0307336 4.88126 -158.825
4 7 15 18 -0.0225765 4.85449 -215.025
4 7 16 19 -0.0161178 4.55719 -282.743
4 7 17 20 -0.0115964 4.20984 -363.028
4 7 18 21 -0.00888091 4.05793 -456.927
4 7 19 22 -0.0069777 3.9458 -565.487
4 7 20 23 -0.00580884 4.00667 -689.754
4 7 21 24 -0.00478729 3.97717 -830.777
4 7 22 25 -0.00395742 3.91627 -989.602
4 7 23 26 -0.0031825 3.71486 -1167.28
4 7 24 27 -0.00266968 3.64371 -1364.85
4 7 25 28 -0.00228937 3.62491 -1583.36
4 7 26 29 -0.00201773 3.68007 -1823.87
4 7 27 30 -0.00177429 3.70367 -2087.41
4 7 28 31 -0.0015552 3.69366 -2375.04
4 7 29 32 -0.00137892 3.70626 -2687.81
4 7 30 33 -0.00124228 3.76008 -3026.75
4 7 31 34 -0.00108939 3.6962 -3392.92
4 7 32 35 -0.000984336 3.72804 -3787.36
4 7 33 36 -0.000856529 3.60696 -4211.13
4 7 34 37 -0.000772169 3.60237 -4665.27
4 7 35 38 -0.00067072 3.45476 -5150.82
4 7 36 39 -0.000625861 3.5479 -5668.83
4 7 37 40 -0.000572954 3.56398 -6220.35
4 7 38 41 -0.000530561 3.61123 -6806.44
4 7 39 42 -0.0005046 3.74823 -7428.12
4 7 40 43 -0.000464936 3.75969 -8086.46
4 7 41 44 -0.000424516 3.72831 -8782.5
4 7 42 45 -0.000379101 3.60801 -9517.28
4 7 43 46 -0.000358429 3.6889 -10291.9
4 7 44 47 -0.000325142 3.61144 -11107.3
4 7 46 49 -0.000281652 3.6234 -12864.8
4 7 47 50 -0.000263889 3.64406 -13809
4 7 50 53 -0.000224979 3.80576 -16916.1
4 7 54 57 -0.000156466 3.40127 -21738.1
4 7 62 1 -0.35502 6.65441 -18.7438
4 7 63 2 -0.724055 7.55941 -10.4404
4 7 64 3 -2.21083 9.2499 -4.1839
5 8 6 9 3.63445 9.13438 2.51327
5 8 7 10 -0.923746 14.5102 -15.708
5 8 9 12 -1.86165 9.09775 -4.88692
5 8 10 13 -0.540517 7.54705 -13.9626
5 8 11 14 -0.231233 6.53795 -28.2743
5 8 12 15 -0.121661 5.94548 -48.8692
5 8 13 16 -0.0683443 5.24847 -76.7945
5 8 14 17 -0.0439784 4.97384 -113.097
5 8 15 18 -0.0309656 4.91811 -158.825
5 8 16 19 -0.0213547 4.59177 -215.025
5 8 17 20 -0.0148728 4.20519 -282.743
5 8 18 21 -0.0110993 4.02938 -363.028
5 8 19 22 -0.00849242 3.88042 -456.927
5 8 20 23 -0.00694183 3.92551 -565.487
5 8 21 24 -0.00562932 3.88284 -689.754
5 8 22 25 -0.00458635 3.81023 -830.777
5 8 23 26 -0.00365581 3.6178 -989.602
5 8 24 27 -0.0030362 3.54408 -1167.28
5 8 25 28 -0.00258368 3.52633 -1364.85
5 8 26 29 -0.00226473 3.58589 -1583.36
5 8 27 30 -0.00197934 3.61006 -1823.87
5 8 28 31 -0.00171822 3.58663 -2087.41
5 8 29 32 -0.00151582 3.60014 -2375.04
5 8 30 33 -0.00136013 3.65576 -2687.81
5 8 31 34 -0.00118593 3.58951 -3026.75
5 8 32 35 -0.00106813 3.62408 -3392.92
5 8 33 36 -0.000925529 3.50532 -3787.36
5 8 34 37 -0.000830893 3.499 -4211.13
5 8 35 38 -0.000719854 3.35831 -4665.27
5 8 36 39 -0.000657517 3.38675 -5150.82
5 8 37 40 -0.000600262 3.40278 -5668.83
5 8 38 41 -0.000553661 3.44397 -6220.35
5 8 39 42 -0.000526763 3.58538 -6806.44
5 8 40 43 -0.000484678 3.60025 -7428.12
5 8 41 44 -0.000442648 3.57946 -8086.46
5 8 42 45 -0.000394462 3.46436 -8782.5
5 8 43 46 -0.000372956 3.54953 -9517.28
5 8 44 47 -0.000338932 3.48824 -10291.9
5 8 45 48 -0.000323684 3.59525 -11107.3
5 8 46 49 -0.000292252 3.49667 -11964.6
5 8 47 50 -0.000270449 3.47928 -12864.8
5 8 48 51 -0.000245479 3.38983 -13809
5 8 49 52 -0.00023675 3.5035 -14798.3
5 8 50 53 -0.000229351 3.63146 -15833.6
5 8 54 57 -0.000160633 3.28601 -20456.7
5 8 56 59 -0.000154798 3.57148 -23071.9
5 8 58 61 -0.000143743 3.72304 -25900.7
5 8 62 1 -0.191939 5.57721 -29.0572
5 8 63 2 -0.32695 6.12828 -18.7438
5 8 64 3 -0.66547 6.94776 -10.4404
6 9 7 10 3.43466 8.63224 2.51327
6 9 8 11 -0.819536 12.8732 -15.708
6 9 10 13 -1.83783 8.98133 -4.88692
6 9 11 14 -0.53022 7.40327 -13.9626
6 9 12 15 -0.233384 6.59878 -28.2743
6 9 13 16 -0.116381 5.68746 -48.8692
6 9 14 17 -0.0689787 5.29719 -76.7945
6 9 15 18 -0.0459473 5.19652 -113.097
6 9 16 19 -0.03024 4.80287 -158.825
6 9 17 20 -0.0202445 4.35307 -215.025
6 9 18 21 -0.0146319 4.13708 -282.743
6 9 19 22 -0.0108825 3.95065 -363.028
6 9 20 23 -0.00870465 3.97739 -456.927
6 9 21 24 -0.00690471 3.90452 -565.487
6 9 22 25 -0.00552343 3.80981 -689.754
6 9 23 26 -0.00432483 3.59297 -830.777
6 9 24 27 -0.00353339 3.49665 -989.602
6 9 25 28 -0.00297304 3.47036 -1167.28
6 9 26 29 -0.00258215 3.52424 -1364.85
6 9 27 30 -0.00224389 3.55289 -1583.36
6 9 28 31 -0.00194089 3.53993 -1823.87
6 9 29 32 -0.00169596 3.54017 -2087.41
6 9 30 33 -0.0015099 3.58608 -2375.04
6 9 31 34 -0.0013024 3.50061 -2687.81
6 9 32 35 -0.00116464 3.52507 -3026.75
6 9 33 36 -0.00100251 3.40143 -3392.92
6 9 34 37 -0.000895894 3.39308 -3787.36
6 9 35 38 -0.000771353 3.24827 -4211.13
6 9 36 39 -0.00069644 3.24908 -4665.27
6 9 37 40 -0.000631294 3.25168 -5150.82
6 9 38 41 -0.000580214 3.28913 -5668.83
6 9 39 42 -0.000547816 3.40761 -6220.35
6 9 40 43 -0.000500469 3.40641 -6806.44
6 9 41 44 -0.000453405 3.36795 -7428.12
6 9 42 45 -0.000401125 3.24368 -8086.46
6 9 43 46 -0.00037716 3.31241 -8782.5
6 9 44 47 -0.000357664 3.40399 -9517.28
6 9 46 49 -0.000306295 3.4021 -11107.3
6 9 47 50 -0.000286241 3.42475 -11964.6
6 9 49 52 -0.000251454 3.47234 -13809
6 9 50 53 -0.000242185 3.58393 -14798.3
6 9 52 55 -0.000211907 3.58464 -16916.1
6 9 53 56 -0.000196276 3.54213 -18046.7
6 9 55 58 -0.000180108 3.68441 -20456.7
6 9 57 60 -0.000169751 3.91647 -23071.9
6 9 58 61 -0.000158978 3.88845 -24459
6 9 59 62 -0.000144908 3.75322 -25900.7
6 9 62 1 -0.120666 4.98722 -41.3309
6 9 63 2 -0.184868 5.37174 -29.0572
6 9 64 3 -0.315661 5.91669 -18.7438
7 10 8 11 3.67162 9.22779 2.51327
7 10 9 12 -0.720191 11.3127 -15.708
7 10 11 14 -1.91074 9.33766 -4.88692
7 10 12 15 -0.56941 7.95046 -13.9626
7 10 13 16 -0.232832 6.58317 -28.2743
7 10 14 17 -0.122281 5.97577 -48.8692
7 10 15 18 -0.0753204 5.78419 -76.7945
7 10 16 19 -0.0466113 5.27161 -113.097
7 10 17 20 -0.029685 4.71471 -158.825
7 10 18 21 -0.0206129 4.43227 -215.025
7 10 19 22 -0.0148115 4.18785 -282.743
7 10 20 23 -0.0115206 4.1823 -363.028
7 10 21 24 -0.00890989 4.07117 -456.927
7 10 22 25 -0.00697973 3.94694 -565.487
7 10 23 26 -0.00535976 3.69692 -689.754
7 10 24 27 -0.00430506 3.57654 -830.777
7 10 25 28 -0.00357853 3.54132 -989.602
7 10 26 29 -0.0030796 3.59474 -1167.28
7 10 27 30 -0.00265064 3.61771 -1364.85
7 10 28 31 -0.00227179 3.59707 -1583.36
7 10 29 32 -0.00195594 3.56737 -1823.87
7 10 30 33 -0.00173908 3.63017 -2087.41
7 10 31 34 -0.00152652 3.62555 -2375.04
7 10 32 35 -0.00137104 3.68508 -2687.81
7 10 33 36 -0.00117873 3.56772 -3026.75
7 10 34 37 -0.00103533 3.51278 -3392.92
7 10 35 38 -0.000893381 3.38356 -3787.36
7 10 36 39 -0.000785485 3.30778 -4211.13
7 10 37 40 -0.000713317 3.32781 -4665.27
7 10 38 41 -0.000653028 3.36363 -5150.82
7 10 39 42 -0.000617512 3.50057 -5668.83
7 10 40 43 -0.000568525 3.53643 -6220.35
7 10 41 44 -0.000520154 3.54039 -6806.44
7 10 43 46 -0.000428686 3.46655 -8086.46
7 10 44 47 -0.000376556 3.3071 -8782.5
7 10 46 49 -0.000331358 3.41029 -10291.9
7 10 47 50 -0.000310699 3.45102 -11107.3
7 10 48 51 -0.00028401 3.39806 -11964.6
7 10 49 52 -0.00027058 3.48096 -12864.8
7 10 50 53 -0.000265881 3.67156 -13809
7 10 51 54 -0.00024644 3.64689 -14798.3
7 10 52 55 -0.000232704 3.68455 -15833.6
7 10 53 56 -0.000214423 3.6272 -16916.1
7 10 55 58 -0.000197206 3.79159 -19226.5
7 10 61 64 -0.000133451 3.65627 -27397.8
7 10 62 1 -0.0818497 4.54272 -55.5008
7 10 63 2 -0.116205 4.80285 -41.3309
7 10 64 3 -0.17778 5.16578 -29.0572
8 11 9 12 3.73113 9.37734 2.51327
8 11 10 13 -0.840944 13.2095 -15.708
8 11 12 15 -2.04828 10.0098 -4.88692
8 11 13 16 -0.558017 7.79139 -13.9626
8 11 14 17 -0.243701 6.89049 -28.2743
8 11 15 18 -0.135074 6.60095 -48.8692
8 11 16 19 -0.0773975 5.9437 -76.7945
8 11 17 20 -0.0463504 5.24211 -113.097
8 11 18 21 -0.0306204 4.86328 -158.825
8 11 19 22 -0.0211029 4.53763 -215.025
8 11 20 23 -0.0158701 4.48716 -282.743
8 11 21 24 -0.0119372 4.33354 -363.028
8 11 22 25 -0.00913795 4.17538 -456.927
8 11 23 26 -0.00687169 3.88585 -565.487
8 11 24 27 -0.0054185 3.73743 -689.754
8 11 25 28 -0.00441888 3.6711 -830.777
8 11 26 29 -0.00373405 3.69522 -989.602
8 11 27 30 -0.0031762 3.7075 -1167.28
8 11 28 31 -0.00272036 3.71288 -1364.85
8 11 29 32 -0.00233674 3.69991 -1583.36
8 11 30 33 -0.00206325 3.76309 -1823.87
8 11 31 34 -0.0017644 3.68303 -2087.41
8 11 32 35 -0.00156536 3.71779 -2375.04
8 11 33 36 -0.0013285 3.57076 -2687.81
8 11 34 37 -0.00116849 3.53673 -3026.75
8 11 35 38 -0.000999063 3.38974 -3392.92
8 11 36 39 -0.000891531 3.37655 -3787.36
8 11 37 40 -0.00080395 3.38554 -4211.13
8 11 38 41 -0.000733968 3.42416 -4665.27
8 11 39 42 -0.00069046 3.55643 -5150.82
8 11 40 43 -0.000630039 3.57158 -5668.83
8 11 41 44 -0.000569984 3.5455 -6220.35
8 11 42 45 -0.000505218 3.43873 -6806.44
8 11 43 46 -0.000469472 3.48729 -7428.12
8 11 45 48 -0.000425398 3.73606 -8782.5
8 11 46 49 -0.000385187 3.66593 -9517.28
8 11 47 50 -0.000360541 3.71064 -10291.9
8 11 48 51 -0.00032809 3.64419 -11107.3
8 11 49 52 -0.00031556 3.77554 -11964.6
8 11 51 54 -0.000288522 3.98421 -13809
8 11 52 55 -0.000248618 3.67912 -14798.3
8 11 53 56 -0.000229962 3.64113 -15833.6
8 11 54 57 -0.000212621 3.59671 -16916.1
8 11 55 58 -0.000211386 3.81482 -18046.7
8 11 56 59 -0.000202628 3.89584 -19226.5
8 11 57 60 -0.000200997 4.11173 -20456.7
8 11 58 61 -0.000189151 4.11178 -21738.1
8 11 62 1 -0.0614377 4.39199 -71.4868
8 11 63 2 -0.0825455 4.58134 -55.5008
8 11 64 3 -0.117284 4.84745 -41.3309
9 12 10 13 3.49228 8.77706 2.51327
9 12 11 14 -0.999577 15.7013 -15.708
9 12 13 16 -1.88648 9.21906 -4.88692
9 12 14 17 -0.563921 7.87382 -13.9626
9 12 15 18 -0.264108 7.46749 -28.2743
9 12 16 19 -0.13609 6.65059 -48.8692
9 12 17 20 -0.0753767 5.78852 -76.7945
9 12 18 21 -0.0468874 5.30284 -113.097
9 12 19 22 -0.030738 4.88196 -158.825
9 12 20 23 -0.0222507 4.78445 -215.025
9 12 21 24 -0.0162145 4.58454 -282.743
9 12 22 25 -0.0120959 4.39116 -363.028
9 12 23 26 -0.00890134 4.06727 -456.927
9 12 24 27 -0.00689663 3.89995 -565.487
9 12 25 28 -0.00552542 3.81118 -689.754
9 12 26 29 -0.00460611 3.82665 -830.777
9 12 27 30 -0.00386293 3.82276 -989.602
9 12 28 31 -0.00324239 3.78476 -1167.28
9 12 29 32 -0.00275904 3.76567 -1364.85
9 12 30 33 -0.00241555 3.82469 -1583.36
9 12 31 34 -0.00206984 3.77512 -1823.87
9 12 32 35 -0.00183027 3.82054 -2087.41
9 12 33 36 -0.00154576 3.67125 -2375.04
9 12 34 37 -0.00134691 3.62023 -2687.81
9 12 35 38 -0.00114683 3.47116 -3026.75
9 12 36 39 -0.000998069 3.38637 -3392.92
9 12 37 40 -0.000895979 3.3934 -3787.36
9 12 38 41 -0.000812889 3.42318 -4211.13
9 12 39 42 -0.00076409 3.56468 -4665.27
9 12 40 43 -0.000697599 3.5932 -5150.82
9 12 41 44 -0.000633108 3.58898 -5668.83
9 12 42 45 -0.000561233 3.49107 -6220.35
9 12 44 47 -0.000472898 3.51274 -7428.12
9 12 45 48 -0.000447845 3.62148 -8086.46
9 12 46 49 -0.000409595 3.59727 -8782.5
9 12 47 50 -0.0003788 3.60515 -9517.28
9 12 48 51 -0.000346065 3.56165 -10291.9
9 12 49 52 -0.000327109 3.63329 -11107.3
9 12 51 54 -0.000295781 3.80517 -12864.8
9 12 52 55 -0.000268891 3.71313 -13809
9 12 53 56 -0.000247088 3.65648 -14798.3
9 12 54 57 -0.000229202 3.6291 -15833.6
9 12 56 59 -0.000214138 3.86449 -18046.7
9 12 58 61 -0.00020262 4.14493 -20456.7
9 12 62 1 -0.0481745 4.29676 -89.1916
9 12 63 2 -0.061927 4.42697 -71.4868
9 12 64 3 -0.0831246 4.61348 -55.5008
10 13 11 14 3.67652 9.24009 2.51327
10 13 12 15 -0.712398 11.1903 -15.708
10 13 14 17 -1.97817 9.66716 -4.88692
10 13 15 18 -0.634538 8.85982 -13.9626
10 13 16 19 -0.273347 7.7287 -28.2743
10 13 17 20 -0.135455 6.6196 -48.8692
10 13 18 21 -0.0777723 5.97248 -76.7945
10 13 19 22 -0.0478487 5.41156 -113.097
10 13 20 23 -0.0329885 5.23939 -158.825
10 13 21 24 -0.0230749 4.96167 -215.025
10 13 22 25 -0.0166449 4.70625 -282.743
10 13 23 26 -0.0118931 4.31754 -363.028
10 13 24 27 -0.0090075 4.11577 -456.927
10 13 25 28 -0.00705806 3.99124 -565.487
10 13 26 29 -0.00577509 3.98339 -689.754
10 13 27 30 -0.00477071 3.9634 -830.777
10 13 28 31 -0.00395008 3.90901 -989.602
10 13 29 32 -0.00333163 3.88893 -1167.28
10 13 30 33 -0.00288444 3.93682 -1364.85
10 13 31 34 -0.0024485 3.87687 -1583.36
10 13 32 35 -0.00213865 3.90061 -1823.87
10 13 33 36 -0.00178012 3.71585 -2087.41
10 13 34 37 -0.00155678 3.69743 -2375.04
10 13 35 38 -0.0013167 3.53904 -2687.81
10 13 36 39 -0.00115541 3.49715 -3026.75
10 13 37 40 -0.00103117 3.49867 -3392.92
10 13 38 41 -0.000932831 3.53297 -3787.36
10 13 39 42 -0.00087125 3.66895 -4211.13
10 13 40 43 -0.000788332 3.67778 -4665.27
10 13 41 44 -0.000710006 3.65711 -5150.82
10 13 42 45 -0.000622889 3.53105 -5668.83
10 13 43 46 -0.000580534 3.61113 -6220.35
10 13 44 47 -0.000536646 3.65265 -6806.44
10 13 45 48 -0.000507343 3.76861 -7428.12
10 13 46 49 -0.000453728 3.66905 -8086.46
10 13 47 50 -0.000420796 3.69564 -8782.5
10 13 48 51 -0.000377993 3.59747 -9517.28
10 13 49 52 -0.000364235 3.74865 -10291.9
10 13 50 53 -0.000351066 3.89939 -11107.3
10 13 51 54 -0.000330014 3.94848 -11964.6
10 13 52 55 -0.000300004 3.8595 -12864.8
10 13 53 56 -0.000276485 3.81799 -13809
10 13 54 57 -0.000254324 3.76356 -14798.3
10 13 55 58 -0.000249599 3.95206 -15833.6
10 13 56 59 -0.000240492 4.06818 -16916.1
10 13 57 60 -0.000232236 4.19109 -18046.7
10 13 58 61 -0.000216539 4.1633 -19226.5
10 13 59 62 -0.000197039 4.03076 -20456.7
10 13 60 63 -0.000186108 4.04563 -21738.1
10 13 61 64 -0.000177665 4.09906 -23071.9
10 13 62 1 -0.0386908 4.1979 -108.498
10 13 63 2 -0.0480805 4.28837 -89.1916
10 13 64 3 -0.0618441 4.42104 -71.4868
11 14 12 15 3.93184 9.88178 2.51327
11 14 13 16 -0.840645 13.2048 -15.708
11 14 15 18 -2.09075 10.2173 -4.88692
11 14 16 19 -0.614202 8.57588 -13.9626
11 14 17 20 -0.255649 7.22831 -28.2743
11 14 18 21 -0.131795 6.44071 -48.8692
11 14 19 22 -0.0747883 5.74333 -76.7945
11 14 20 23 -0.0486528 5.5025 -113.097
11 14 21 24 -0.0324594 5.15536 -158.825
11 14 22 25 -0.0225167 4.84165 -215.025
11 14 23 26 -0.0155767 4.4042 -282.743
11 14 24 27 -0.0114837 4.16891 -363.028
11 14 25 28 -0.00879284 4.01769 -456.927
11 14 26 29 -0.00707102 3.99857 -565.487
11 14 27 30 -0.00575025 3.96626 -689.754
11 14 28 31 -0.00467084 3.88043 -830.777
11 14 29 32 -0.00387642 3.83611 -989.602
11 14 30 33 -0.00329968 3.85164 -1167.28
11 14 31 34 -0.00277555 3.7882 -1364.85
11 14 32 35 -0.00240379 3.80607 -1583.36
11 14 33 36 -0.00199104 3.63139 -1823.87
11 14 34 37 -0.00172535 3.60152 -2087.41
11 14 35 38 -0.00144868 3.44067 -2375.04
11 14 36 39 -0.00127211 3.41918 -2687.81
11 14 37 40 -0.00112992 3.41998 -3026.75
11 14 38 41 -0.00101829 3.45496 -3392.92
11 14 39 42 -0.000944739 3.57807 -3787.36
11 14 40 43 -0.000850665 3.58226 -4211.13
11 14 41 44 -0.000759651 3.54397 -4665.27
11 14 42 45 -0.000664189 3.42112 -5150.82
11 14 43 46 -0.000615089 3.48683 -5668.83
11 14 44 47 -0.000564224 3.50967 -6220.35
11 14 45 48 -0.000532925 3.62732 -6806.44
11 14 46 49 -0.000474605 3.52542 -7428.12
11 14 47 50 -0.000440579 3.56272 -8086.46
11 14 48 51 -0.000394185 3.46193 -8782.5
11 14 49 52 -0.000379064 3.60766 -9517.28
11 14 50 53 -0.000362926 3.73518 -10291.9
11 14 51 54 -0.000342296 3.80198 -11107.3
11 14 52 55 -0.000295933 3.54071 -11964.6
11 14 55 58 -0.000244199 3.61373 -14798.3
11 14 56 59 -0.000233171 3.69194 -15833.6
11 14 57 60 -0.000228025 3.85729 -16916.1
11 14 58 61 -0.000211538 3.81756 -18046.7
11 14 60 63 -0.000187907 3.84395 -20456.7
11 14 61 64 -0.000178249 3.87479 -21738.1
11 14 62 1 -0.0314455 4.06499 -129.271
11 14 63 2 -0.038027 4.12588 -108.498
11 14 64 3 -0.0472914 4.218 -89.1916
12 15 13 16 3.5781 8.99275 2.51327
12 15 14 17 -1.00275 15.7512 -15.708
12 15 16 19 -1.99066 9.72818 -4.88692
12 15 17 20 -0.574404 8.02019 -13.9626
12 15 18 21 -0.249817 7.06342 -28.2743
12 15 19 22 -0.126517 6.18281 -48.8692
12 15 20 23 -0.0762435 5.85508 -76.7945
12 15 21 24 -0.0478803 5.41513 -113.097
12 15 22 25 -0.0316497 5.02676 -158.825
12 15 23 26 -0.0210428 4.52471 -215.025
12 15 24 27 -0.0150072 4.24319 -282.743
12 15 25 28 -0.0111576 4.05052 -363.028
12 15 26 29 -0.00877209 4.0082 -456.927
12 15 27 30 -0.00699715 3.95679 -565.487
12 15 28 31 -0.00559221 3.85725 -689.754
12 15 29 32 -0.0045756 3.8013 -830.777
12 15 30 33 -0.003832 3.79216 -989.602
12 15 31 34 -0.00317552 3.70671 -1167.28
12 15 32 35 -0.00271753 3.70901 -1364.85
12 15 33 36 -0.00224117 3.54858 -1583.36
12 15 34 37 -0.00192739 3.5153 -1823.87
12 15 35 38 -0.00160641 3.35325 -2087.41
12 15 36 39 -0.00141519 3.36115 -2375.04
12 15 37 40 -0.0012512 3.36298 -2687.81
12 15 38 41 -0.00112146 3.39439 -3026.75
12 15 39 42 -0.00103956 3.52714 -3392.92
12 15 40 43 -0.000935074 3.54147 -3787.36
12 15 41 44 -0.000836437 3.52235 -4211.13
12 15 42 45 -0.000730812 3.40943 -4665.27
12 15 43 46 -0.00067631 3.48355 -5150.82
12 15 44 47 -0.000618968 3.50882 -5668.83
12 15 45 48 -0.000584012 3.63276 -6220.35
12 15 46 49 -0.000519346 3.53489 -6806.44
12 15 47 50 -0.000484448 3.59854 -7428.12
12 15 48 51 -0.000433789 3.50782 -8086.46
12 15 49 52 -0.000418445 3.67499 -8782.5
12 15 51 54 -0.00037882 3.89876 -10291.9
12 15 52 55 -0.000330795 3.67423 -11107.3
12 15 53 56 -0.000303257 3.62834 -11964.6
12 15 54 57 -0.000279023 3.58958 -12864.8
12 15 55 58 -0.000275629 3.80617 -13809
12 15 56 59 -0.000265163 3.92396 -14798.3
12 15 57 60 -0.000256673 4.06406 -15833.6
12 15 58 61 -0.000239436 4.05032 -16916.1
12 15 59 62 -0.000217689 3.92857 -18046.7
12 15 62 1 -0.026109 3.9516 -151.35
12 15 63 2 -0.0308934 3.99362 -129.271
12 15 64 3 -0.0374131 4.05927 -108.498
13 16 14 17 3.73006 9.37467 2.51327
13 16 15 18 -0.775961 12.1888 -15.708
13 16 17 20 -2.01727 9.85822 -4.88692
13 16 18 21 -0.604646 8.44246 -13.9626
13 16 19 22 -0.253634 7.17134 -28.2743
13 16 20 23 -0.137027 6.6964 -48.8692
13 16 21 24 -0.0793475 6.09345 -76.7945
13 16 22 25 -0.0492393 5.56883 -113.097
13 16 23 26 -0.0311107 4.94116 -158.825
13 16 24 27 -0.0212455 4.5683 -215.025
13 16 25 28 -0.0152141 4.3017 -282.743
13 16 26 29 -0.0116159 4.21689 -363.028
13 16 27 30 -0.00904042 4.13081 -456.927
13 16 28 31 -0.00709813 4.0139 -565.487
13 16 29 32 -0.00569765 3.92998 -689.754
13 16 30 33 -0.00468953 3.89595 -830.777
13 16 31 34 -0.00381348 3.77383 -989.602
13 16 32 35 -0.00322257 3.76162 -1167.28
13 16 33 36 -0.00263873 3.60146 -1364.85
13 16 34 37 -0.00223985 3.5465 -1583.36
13 16 35 38 -0.00184925 3.3728 -1823.87
13 16 36 39 -0.00160832 3.35722 -2087.41
13 16 37 40 -0.00141161 3.35265 -2375.04
13 16 38 41 -0.00125663 3.37758 -2687.81
13 16 39 42 -0.00115465 3.49483 -3026.75
13 16 40 43 -0.00103241 3.50289 -3392.92
13 16 41 44 -0.00091629 3.47032 -3787.36
13 16 42 45 -0.000797218 3.35719 -4211.13
13 16 43 46 -0.000729399 3.40284 -4665.27
13 16 44 47 -0.000666379 3.4324 -5150.82
13 16 45 48 -0.000624854 3.54219 -5668.83
13 16 46 49 -0.000556743 3.46314 -6220.35
13 16 47 50 -0.000510727 3.47623 -6806.44
13 16 48 51 -0.000458065 3.40256 -7428.12
13 16 49 52 -0.000435371 3.52061 -8086.46
13 16 50 53 -0.000417183 3.66391 -8782.5
13 16 51 54 -0.000389864 3.71045 -9517.28
13 16 52 55 -0.000354641 3.64991 -10291.9
13 16 53 56 -0.000323806 3.5966 -11107.3
13 16 54 57 -0.000296683 3.54969 -11964.6
13 16 55 58 -0.000289446 3.72367 -12864.8
13 16 56 59 -0.000276027 3.81167 -13809
13 16 57 60 -0.000270959 4.00973 -14798.3
13 16 58 61 -0.000252615 3.99981 -15833.6
13 16 59 62 -0.000231945 3.9236 -16916.1
13 16 60 63 -0.000216521 3.90749 -18046.7
13 16 62 1 -0.0218421 3.81267 -174.556
13 16 63 2 -0.0253433 3.83571 -151.35
13 16 64 3 -0.0299798 3.87551 -129.271
14 17 15 18 4.06654 10.2203 2.51327
14 17 16 19 -0.84359 13.2511 -15.708
14 17 18 21 -2.18163 10.6615 -4.88692
14 17 19 22 -0.603717 8.42948 -13.9626
14 17 20 23 -0.274138 7.75107 -28.2743
14 17 21 24 -0.142307 6.95442 -48.8692
14 17 22 25 -0.0816719 6.27195 -76.7945
14 17 23 26 -0.0485665 5.49274 -113.097
14 17 24 27 -0.0315886 5.01706 -158.825
14 17 25 28 -0.0216787 4.66146 -215.025
14 17 26 29 -0.0160187 4.52918 -282.743
14 17 27 30 -0.0121277 4.40272 -363.028
14 17 28 31 -0.00929588 4.24754 -456.927
14 17 29 32 -0.00730377 4.13018 -565.487
14 17 30 33 -0.00591449 4.07954 -689.754
14 17 31 34 -0.00475581 3.95102 -830.777
14 17 32 35 -0.00396943 3.92816 -989.602
14 17 33 36 -0.00320894 3.74572 -1167.28
14 17 34 37 -0.00269171 3.67377 -1364.85
14 17 35 38 -0.0022046 3.49067 -1583.36
14 17 36 39 -0.00188983 3.4468 -1823.87
14 17 37 40 -0.00164573 3.43532 -2087.41
14 17 38 41 -0.00145502 3.45573 -2375.04
14 17 39 42 -0.00132806 3.56956 -2687.81
14 17 40 43 -0.00118229 3.57851 -3026.75
14 17 41 44 -0.00104628 3.54994 -3392.92
14 17 42 45 -0.000909335 3.44398 -3787.36
14 17 43 46 -0.000823728 3.46883 -4211.13
14 17 44 47 -0.000738623 3.44587 -4665.27
14 17 45 48 -0.000689514 3.55156 -5150.82
14 17 46 49 -0.000614556 3.48381 -5668.83
14 17 47 50 -0.000561232 3.49106 -6220.35
14 17 48 51 -0.000501616 3.41422 -6806.44
14 17 49 52 -0.000473497 3.51719 -7428.12
14 17 50 53 -0.0004539 3.67044 -8086.46
14 17 51 54 -0.000419825 3.68711 -8782.5
14 17 52 55 -0.000376276 3.58112 -9517.28
14 17 55 58 -0.000302714 3.62185 -11964.6
14 17 57 60 -0.000284595 3.92999 -13809
14 17 58 61 -0.000264113 3.90842 -14798.3
14 17 59 62 -0.0002455 3.88716 -15833.6
14 17 61 64 -0.000208967 3.77117 -18046.7
14 17 62 1 -0.0196429 3.90275 -198.685
14 17 63 2 -0.0224094 3.91169 -174.556
14 17 64 3 -0.0259811 3.93225 -151.35
15 18 16 19 3.80509 9.56323 2.51327
15 18 17 20 -1.02275 16.0653 -15.708
15 18 19 22 -2.0696 10.114 -4.88692
15 18 20 23 -0.637862 8.90624 -13.9626
15 18 21 24 -0.276889 7.82887 -28.2743
15 18 22 25 -0.142575 6.96754 -48.8692
15 18 23 26 -0.0785355 6.0311 -76.7945
15 18 24 27 -0.0481487 5.44549 -113.097
15 18 25 28 -0.031421 4.99044 -158.825
15 18 26 29 -0.022346 4.80493 -215.025
15 18 27 30 -0.0163878 4.63354 -282.743
15 18 28 31 -0.012212 4.43332 -363.028
15 18 29 32 -0.00936007 4.27687 -456.927
15 18 30 33 -0.00744666 4.21099 -565.487
15 18 31 34 -0.00592673 4.08799 -689.754
15 18 32 35 -0.00489152 4.06376 -830.777
15 18 33 36 -0.00389573 3.85522 -989.602
15 18 34 37 -0.00322706 3.76687 -1167.28
15 18 35 38 -0.00262181 3.57837 -1364.85
15 18 36 39 -0.00220649 3.49367 -1583.36
15 18 37 40 -0.00190756 3.47914 -1823.87
15 18 38 41 -0.00167416 3.49466 -2087.41
15 18 39 42 -0.00152568 3.62355 -2375.04
15 18 40 43 -0.00135538 3.64299 -2687.81
15 18 41 44 -0.00120217 3.63868 -3026.75
15 18 42 45 -0.00104634 3.55014 -3392.92
15 18 43 46 -0.000938726 3.5553 -3787.36
15 18 44 47 -0.000831287 3.50066 -4211.13
15 18 45 48 -0.000776926 3.62457 -4665.27
15 18 46 49 -0.000697469 3.59253 -5150.82
15 18 47 50 -0.000645315 3.65818 -5668.83
15 18 48 51 -0.000578051 3.59568 -6220.35
15 18 49 52 -0.000544436 3.70567 -6806.44
15 18 51 54 -0.000481328 3.89224 -8086.46
15 18 55 58 -0.000326156 3.6227 -11107.3
15 18 57 60 -0.00031271 4.02296 -12864.8
15 18 58 61 -0.000292181 4.03474 -13809
15 18 59 62 -0.000273488 4.04716 -14798.3
15 18 62 1 -0.0178959 3.99991 -223.51
15 18 63 2 -0.0201714 4.00774 -198.685
15 18 64 3 -0.0230403 4.02183 -174.556
16 19 17 20 4.0301 10.1287 2.51327
16 19 18 21 -0.846568 13.2979 -15.708
16 19 20 23 -2.24875 10.9895 -4.88692
16 19 21 24 -0.653266 9.12132 -13.9626
16 19 22 25 -0.280494 7.93079 -28.2743
16 19 23 26 -0.138391 6.76305 -48.8692
16 19 24 27 -0.0783801 6.01916 -76.7945
16 19 25 28 -0.0478583 5.41265 -113.097
16 19 26 29 -0.0323658 5.1405 -158.825
16 19 27 30 -0.0228031 4.90323 -215.025
16 19 28 31 -0.0164238 4.64373 -282.743
16 19 29 32 -0.0122307 4.4401 -363.028
16 19 30 33 -0.00947585 4.32977 -456.927
16 19 31 34 -0.0073473 4.1548 -565.487
16 19 32 35 -0.00593889 4.09638 -689.754
16 19 33 36 -0.00464654 3.86023 -830.777
16 19 34 37 -0.00380628 3.7667 -989.602
16 19 35 38 -0.00304924 3.55931 -1167.28
16 19 36 39 -0.00256581 3.50194 -1364.85
16 19 37 40 -0.00219683 3.47839 -1583.36
16 19 38 41 -0.00191397 3.49084 -1823.87
16 19 39 42 -0.00172638 3.60368 -2087.41
16 19 40 43 -0.00151968 3.6093 -2375.04
16 19 41 44 -0.00133396 3.58542 -2687.81
16 19 42 45 -0.0011467 3.47077 -3026.75
16 19 43 46 -0.0010334 3.50625 -3392.92
16 19 44 47 -0.000911637 3.4527 -3787.36
16 19 45 48 -0.000844131 3.55475 -4211.13
16 19 46 49 -0.000747347 3.48657 -4665.27
16 19 47 50 -0.000680271 3.50395 -5150.82
16 19 48 51 -0.000604039 3.42419 -5668.83
16 19 49 52 -0.000567441 3.52968 -6220.35
16 19 50 53 -0.000541304 3.68435 -6806.44
16 19 51 54 -0.000498157 3.70037 -7428.12
16 19 52 55 -0.000452798 3.66153 -8086.46
16 19 53 56 -0.000410051 3.60127 -8782.5
16 19 54 57 -0.000374531 3.56452 -9517.28
16 19 55 58 -0.000364828 3.75476 -10291.9
16 19 56 59 -0.000343562 3.81604 -11107.3
16 19 57 60 -0.000343047 4.10441 -11964.6
16 19 58 61 -0.000319348 4.10836 -12864.8
16 19 59 62 -0.000293445 4.0522 -13809
16 19 62 1 -0.0158292 3.93806 -248.784
16 19 63 2 -0.0175988 3.93351 -223.51
16 19 64 3 -0.0198068 3.9353 -198.685
17 20 18 21 4.01566 10.0924 2.51327
17 20 19 22 -1.07973 16.9603 -15.708
17 20 21 24 -2.10301 10.2773 -4.88692
17 20 22 25 -0.616146 8.60302 -13.9626
17 20 23 26 -0.257681 7.28577 -28.2743
17 20 24 27 -0.131955 6.44852 -48.8692
17 20 25 28 -0.074503 5.72142 -76.7945
17 20 26 29 -0.0475967 5.38305 -113.097
17 20 27 30 -0.0320165 5.08501 -158.825
17 20 28 31 -0.0221827 4.76984 -215.025
17 20 29 32 -0.0159783 4.51775 -282.743
17 20 30 33 -0.0120277 4.3664 -363.028
17 20 31 34 -0.00910789 4.16164 -456.927
17 20 32 35 -0.00721036 4.07737 -565.487
17 20 33 36 -0.00553357 3.8168 -689.754
17 20 34 37 -0.0044601 3.70535 -830.777
17 20 35 38 -0.00352115 3.48453 -989.602
17 20 36 39 -0.00293646 3.42766 -1167.28
17 20 37 40 -0.00248841 3.39629 -1364.85
17 20 38 41 -0.00214723 3.39984 -1583.36
17 20 39 42 -0.00192251 3.50641 -1823.87
17 20 40 43 -0.00167996 3.50678 -2087.41
17 20 41 44 -0.00146368 3.47631 -2375.04
17 20 42 45 -0.00125015 3.36016 -2687.81
17 20 43 46 -0.00111939 3.38811 -3026.75
17 20 44 47 -0.000995373 3.37722 -3392.92
17 20 45 48 -0.000918471 3.47858 -3787.36
17 20 46 49 -0.000809868 3.41046 -4211.13
17 20 47 50 -0.000736475 3.43585 -4665.27
17 20 48 51 -0.000653699 3.36708 -5150.82
17 20 49 52 -0.000611536 3.46669 -5668.83
17 20 50 53 -0.000581135 3.61487 -6220.35
17 20 51 54 -0.000533616 3.63202 -6806.44
17 20 52 55 -0.000474004 3.52096 -7428.12
17 20 53 56 -0.000427929 3.46043 -8086.46
17 20 54 57 -0.000389471 3.42053 -8782.5
17 20 55 58 -0.00037739 3.59173 -9517.28
17 20 56 59 -0.000354321 3.64662 -10291.9
17 20 57 60 -0.000349826 3.88561 -11107.3
17 20 58 61 -0.000322558 3.85927 -11964.6
17 20 59 62 -0.000296898 3.81954 -12864.8
17 20 60 63 -0.000262159 3.62017 -13809
17 20 61 64 -0.00024711 3.65681 -14798.3
17 20 62 1 -0.0136574 3.74537 -274.238
17 20 63 2 -0.0150345 3.74035 -248.784
17 20 64 3 -0.0167283 3.73895 -223.51
18 21 19 22 3.83276 9.63278 2.51327
18 21 20 23 -0.923534 14.5068 -15.708
18 21 22 25 -2.06698 10.1011 -4.88692
18 21 23 26 -0.592416 8.27169 -13.9626
18 21 24 27 -0.256315 7.24712 -28.2743
18 21 25 28 -0.129211 6.31442 -48.8692
18 21 26 29 -0.0765622 5.87955 -76.7945
18 21 27 30 -0.0486054 5.49715 -113.097
18 21 28 31 -0.0321652 5.10864 -158.825
18 21 29 32 -0.0222811 4.79097 -215.025
18 21 30 33 -0.0162051 4.58187 -282.743
18 21 31 34 -0.011905 4.32185 -363.028
18 21 32 35 -0.00919097 4.19961 -456.927
18 21 33 36 -0.00690038 3.90207 -565.487
18 21 34 37 -0.00547721 3.77793 -689.754
18 21 35 38 -0.00425437 3.53443 -830.777
18 21 36 39 -0.00350667 3.4702 -989.602
18 21 37 40 -0.00293405 3.42485 -1167.28
18 21 38 41 -0.00250936 3.4249 -1364.85
18 21 39 42 -0.00221777 3.51154 -1583.36
18 21 40 43 -0.00191501 3.49274 -1823.87
18 21 41 44 -0.00164642 3.43677 -2087.41
18 21 42 45 -0.00138866 3.29813 -2375.04
18 21 43 46 -0.00124307 3.34112 -2687.81
18 21 44 47 -0.00111119 3.36329 -3026.75
18 21 45 48 -0.0010187 3.45637 -3392.92
18 21 46 49 -0.000885591 3.35406 -3787.36
18 21 47 50 -0.000801598 3.37563 -4211.13
18 21 48 51 -0.000700196 3.2666 -4665.27
18 21 49 52 -0.000660185 3.40049 -5150.82
18 21 50 53 -0.000621071 3.52075 -5668.83
18 21 51 54 -0.000575619 3.58055 -6220.35
18 21 52 55 -0.000527379 3.58957 -6806.44
18 21 53 56 -0.000475216 3.52996 -7428.12
18 21 54 57 -0.000432052 3.49377 -8086.46
18 21 55 58 -0.000415041 3.6451 -8782.5
18 21 56 59 -0.000393091 3.74116 -9517.28
18 21 57 60 -0.000376224 3.87204 -10291.9
18 21 58 61 -0.000345796 3.84085 -11107.3
18 21 59 62 -0.000312745 3.74186 -11964.6
18 21 60 63 -0.000274756 3.53469 -12864.8
18 21 61 64 -0.000259235 3.57979 -13809
18 21 62 1 -0.0129486 3.8792 -299.584
18 21 63 2 -0.0140629 3.85659 -274.238
18 21 64 3 -0.01543 3.83874 -248.784
19 22 20 23 4.0908 10.2813 2.51327
19 22 21 24 -0.813432 12.7774 -15.708
19 22 23 26 -2.08585 10.1934 -4.88692
19 22 24 27 -0.621713 8.68075 -13.9626
19 22 25 28 -0.258736 7.31558 -28.2743
19 22 26 29 -0.137342 6.71181 -48.8692
19 22 27 30 -0.0805964 6.18936 -76.7945
19 22 28 31 -0.0501941 5.67681 -113.097
19 22 29 32 -0.0330476 5.24878 -158.825
19 22 30 33 -0.0230229 4.95048 -215.025
19 22 31 34 -0.0163579 4.62509 -282.743
19 22 32 35 -0.0122734 4.45561 -363.028
19 22 33 36 -0.0089801 4.10325 -456.927
19 22 34 37 -0.00697088 3.94194 -565.487
19 22 35 38 -0.00531403 3.66538 -689.754
19 22 36 39 -0.00431423 3.58416 -830.777
19 22 37 40 -0.00356271 3.52566 -989.602
19 22 38 41 -0.00300781 3.51095 -1167.28
19 22 39 42 -0.00263696 3.59905 -1364.85
19 22 40 43 -0.00226172 3.58112 -1583.36
19 22 41 44 -0.0019378 3.53429 -1823.87
19 22 42 45 -0.00162769 3.39767 -2087.41
19 22 43 46 -0.00144693 3.43652 -2375.04
19 22 44 47 -0.00127058 3.41508 -2687.81
19 22 45 48 -0.00115869 3.50708 -3026.75
19 22 46 49 -0.0010056 3.41191 -3392.92
19 22 47 50 -0.000904464 3.42553 -3787.36
19 22 48 51 -0.000790381 3.3284 -4211.13
19 22 49 52 -0.000738358 3.44464 -4665.27
19 22 50 53 -0.000694087 3.57511 -5150.82
19 22 51 54 -0.00063848 3.61943 -5668.83
19 22 52 55 -0.000581165 3.61505 -6220.35
19 22 53 56 -0.0005226 3.55704 -6806.44
19 22 54 57 -0.000473373 3.51627 -7428.12
19 22 55 58 -0.000455755 3.68544 -8086.46
19 22 56 59 -0.000430144 3.77774 -8782.5
19 22 57 60 -0.000412919 3.92987 -9517.28
19 22 58 61 -0.000379466 3.90541 -10291.9
19 22 59 62 -0.000344879 3.83067 -11107.3
19 22 60 63 -0.000309707 3.70551 -11964.6
19 22 62 1 -0.0118187 3.83543 -324.521
19 22 63 2 -0.0127291 3.81343 -299.584
19 22 64 3 -0.0138386 3.79506 -274.238
20 23 21 24 4.18075 10.5074 2.51327
20 23 22 25 -0.884693 13.8967 -15.708
20 23 24 27 -2.28372 11.1604 -4.88692
20 23 25 28 -0.623366 8.70384 -13.9626
20 23 26 29 -0.278265 7.86775 -28.2743
20 23 27 30 -0.147005 7.18404 -48.8692
20 23 28 31 -0.0849987 6.52743 -76.7945
20 23 29 32 -0.052755 5.96645 -113.097
20 23 30 33 -0.0349541 5.55159 -158.825
20 23 31 34 -0.023874 5.13349 -215.025
20 23 32 35 -0.0173282 4.89942 -282.743
20 23 33 36 -0.0123065 4.46762 -363.028
20 23 34 37 -0.00931597 4.25672 -456.927
20 23 35 38 -0.00694938 3.92978 -565.487
20 23 36 39 -0.00553227 3.81591 -689.754
20 23 37 40 -0.00449232 3.73211 -830.777
20 23 38 41 -0.00374237 3.70346 -989.602
20 23 39 42 -0.00323667 3.77808 -1167.28
20 23 40 43 -0.00274406 3.74522 -1364.85
20 23 41 44 -0.00232466 3.68078 -1583.36
20 23 42 45 -0.00193308 3.52568 -1823.87
20 23 43 46 -0.00170243 3.55368 -2087.41
20 23 44 47 -0.00150873 3.5833 -2375.04
20 23 45 48 -0.00136695 3.6741 -2687.81
20 23 46 49 -0.00118135 3.57564 -3026.75
20 23 47 50 -0.00105813 3.59016 -3392.92
20 23 48 51 -0.000921324 3.48939 -3787.36
20 23 49 52 -0.000857329 3.61032 -4211.13
20 23 50 53 -0.000803976 3.75076 -4665.27
20 23 51 54 -0.000737009 3.7962 -5150.82
20 23 52 55 -0.00065987 3.74069 -5668.83
20 23 53 56 -0.000591336 3.67832 -6220.35
20 23 54 57 -0.000533734 3.63283 -6806.44
20 23 55 58 -0.000510786 3.79418 -7428.12
20 23 56 59 -0.000479578 3.87809 -8086.46
20 23 57 60 -0.000461396 4.05221 -8782.5
20 23 58 61 -0.000422627 4.02226 -9517.28
20 23 59 62 -0.000383578 3.94773 -10291.9
20 23 60 63 -0.000337478 3.74846 -11107.3
20 23 61 64 -0.000317284 3.79617 -11964.6
20 23 62 1 -0.0115908 4.04212 -348.735
20 23 63 2 -0.012376 4.01628 -324.521
20 23 64 3 -0.0133209 3.99074 -299.584
21 24 22 25 3.87427 9.7371 2.51327
21 24 23 26 -1.10284 17.3234 -15.708
21 24 25 28 -2.06835 10.1079 -4.88692
21 24 26 29 -0.630485 8.80323 -13.9626
21 24 27 30 -0.280589 7.93346 -28.2743
21 24 28 31 -0.146788 7.17342 -48.8692
21 24 29 32 -0.0847034 6.50475 -76.7945
21 24 30 33 -0.0528887 5.98157 -113.097
21 24 31 34 -0.0345289 5.48405 -158.825
21 24 32 35 -0.024147 5.1922 -215.025
21 24 33 36 -0.0165864 4.68969 -282.743
21 24 34 37 -0.0122074 4.43165 -363.028
21 24 35 38 -0.00889052 4.06232 -456.927
21 24 36 39 -0.00695328 3.93199 -565.487
21 24 37 40 -0.00555588 3.83219 -689.754
21 24 38 41 -0.00456017 3.78849 -830.777
21 24 39 42 -0.0038989 3.85836 -989.602
21 24 40 43 -0.00327641 3.82447 -1167.28
21 24 41 44 -0.00275503 3.7602 -1364.85
21 24 42 45 -0.00227682 3.60502 -1583.36
21 24 43 46 -0.00198863 3.627 -1823.87
21 24 44 47 -0.00174701 3.64672 -2087.41
21 24 45 48 -0.00157615 3.74343 -2375.04
21 24 46 49 -0.001358 3.65004 -2687.81
21 24 47 50 -0.00121163 3.66731 -3026.75
21 24 48 51 -0.00105632 3.58401 -3392.92
21 24 49 52 -0.000976275 3.69751 -3787.36
21 24 50 53 -0.000915841 3.85673 -4211.13
21 24 51 54 -0.000834299 3.89223 -4665.27
21 24 52 55 -0.000724216 3.7303 -5150.82
21 24 53 56 -0.000646089 3.66257 -5668.83
21 24 54 57 -0.000580397 3.61027 -6220.35
21 24 55 58 -0.000555749 3.78267 -6806.44
21 24 56 59 -0.000519064 3.85567 -7428.12
21 24 57 60 -0.000504074 4.07617 -8086.46
21 24 58 61 -0.000462776 4.06433 -8782.5
21 24 59 62 -0.000419785 3.99521 -9517.28
21 24 60 63 -0.000370786 3.81608 -10291.9
21 24 61 64 -0.000348088 3.86631 -11107.3
21 24 62 1 -0.0109226 4.06217 -371.906
21 24 63 2 -0.0115791 4.03804 -348.735
21 24 64 3 -0.0123673 4.01346 -324.521
22 25 23 26 3.97225 9.98337 2.51327
22 25 24 27 -0.853498 13.4067 -15.708
22 25 26 29 -2.13668 10.4418 -4.88692
22 25 27 30 -0.632851 8.83626 -13.9626
22 25 28 31 -0.278985 7.88812 -28.2743
22 25 29 32 -0.145115 7.09167 -48.8692
22 25 30 33 -0.0837822 6.43401 -76.7945
22 25 31 34 -0.0516202 5.83811 -113.097
22 25 32 35 -0.0344774 5.47588 -158.825
22 25 33 36 -0.0227338 4.88832 -215.025
22 25 34 37 -0.016178 4.57424 -282.743
22 25 35 38 -0.0114447 4.15476 -363.028
22 25 36 39 -0.00874125 3.99412 -456.927
22 25 37 40 -0.00684127 3.86864 -565.487
22 25 38 41 -0.00551749 3.80571 -689.754
22 25 39 42 -0.00464172 3.85623 -830.777
22 25 40 43 -0.00384567 3.80568 -989.602
22 25 41 44 -0.00319474 3.72914 -1167.28
22 25 42 45 -0.00260955 3.56163 -1364.85
22 25 43 46 -0.00225903 3.57686 -1583.36
22 25 44 47 -0.00197157 3.59589 -1823.87
22 25 45 48 -0.00176628 3.68696 -2087.41
22 25 46 49 -0.0015087 3.58323 -2375.04
22 25 47 50 -0.00133987 3.60131 -2687.81
22 25 48 51 -0.00115652 3.50049 -3026.75
22 25 49 52 -0.00106807 3.62387 -3392.92
22 25 50 53 -0.000996093 3.77257 -3787.36
22 25 51 54 -0.000905193 3.81189 -4211.13
22 25 52 55 -0.00080561 3.75838 -4665.27
22 25 53 56 -0.000718033 3.69846 -5150.82
22 25 54 57 -0.00064546 3.659 -5668.83
22 25 55 58 -0.000616971 3.83778 -6220.35
22 25 56 59 -0.000576734 3.9255 -6806.44
22 25 57 60 -0.000556601 4.1345 -7428.12
22 25 58 61 -0.000510087 4.1248 -8086.46
22 25 59 62 -0.000462776 4.06433 -8782.5
22 25 60 63 -0.00038689 3.68214 -9517.28
22 25 61 64 -0.000361775 3.72334 -10291.9
22 25 62 1 -0.010346 4.07334 -393.712
22 25 63 2 -0.010897 4.05264 -371.906
22 25 64 3 -0.0115435 4.02563 -348.735
23 26 24 27 4.11152 10.3334 2.51327
23 26 25 28 -0.939847 14.7631 -15.708
23 26 27 30 -2.09194 10.2232 -4.88692
23 26 28 31 -0.625855 8.73859 -13.9626
23 26 29 32 -0.274334 7.75661 -28.2743
23 26 30 33 -0.141566 6.9182 -48.8692
23 26 31 34 -0.0807537 6.20144 -76.7945
23 26 32 35 -0.0509005 5.75672 -113.097
23 26 33 36 -0.0318997 5.06647 -158.825
23 26 34 37 -0.0217684 4.68074 -215.025
23 26 35 38 -0.0148543 4.19996 -282.743
23 26 36 39 -0.011039 4.00747 -363.028
23 26 37 40 -0.0084301 3.85194 -456.927
23 26 38 41 -0.00665822 3.76513 -565.487
23 26 39 42 -0.00550391 3.79635 -689.754
23 26 40 43 -0.00449318 3.73283 -830.777
23 26 41 44 -0.00368658 3.64825 -989.602
23 26 42 45 -0.00297813 3.4763 -1167.28
23 26 43 46 -0.00255353 3.48517 -1364.85
23 26 44 47 -0.0022079 3.4959 -1583.36
23 26 45 48 -0.00196332 3.58084 -1823.87
23 26 46 49 -0.00166667 3.47903 -2087.41
23 26 47 50 -0.0014727 3.49772 -2375.04
23 26 48 51 -0.00126545 3.40128 -2687.81
23 26 49 52 -0.00116209 3.51737 -3026.75
23 26 50 53 -0.0010794 3.66233 -3392.92
23 26 51 54 -0.000977343 3.70155 -3787.36
23 26 52 55 -0.000845573 3.56082 -4211.13
23 26 53 56 -0.000749938 3.49866 -4665.27
23 26 54 57 -0.000670432 3.45327 -5150.82
23 26 55 58 -0.000637657 3.61477 -5668.83
23 26 56 59 -0.000592579 3.68605 -6220.35
23 26 57 60 -0.000570258 3.88142 -6806.44
23 26 58 61 -0.000520172 3.8639 -7428.12
23 26 59 62 -0.000470636 3.80578 -8086.46
23 26 60 63 -0.000405963 3.56537 -8782.5
23 26 61 64 -0.000378156 3.59902 -9517.28
23 26 62 1 -0.00945342 3.91221 -413.841
23 26 63 2 -0.00989151 3.89441 -393.712
23 26 64 3 -0.0104047 3.86956 -371.906
24 27 25 28 3.87574 9.74079 2.51327
24 27 26 29 -0.881523 13.8469 -15.708
24 27 28 31 -2.07845 10.1572 -4.88692
24 27 29 32 -0.63267 8.83374 -13.9626
24 27 30 33 -0.27348 7.73246 -28.2743
24 27 31 34 -0.140377 6.86012 -48.8692
24 27 32 35 -0.0823332 6.32273 -76.7945
24 27 33 36 -0.0485535 5.49127 -113.097
24 27 34 37 -0.0315245 5.00687 -158.825
24 27 35 38 -0.020624 4.43467 -215.025
24 27 36 39 -0.0148171 4.18943 -282.743
24 27 37 40 -0.0109893 3.98941 -363.028
24 27 38 41 -0.00846971 3.87004 -456.927
24 27 39 42 -0.00685274 3.87513 -565.487
24 27 40 43 -0.00549594 3.79085 -689.754
24 27 41 44 -0.00443692 3.68609 -830.777
24 27 42 45 -0.00353362 3.49687 -989.602
24 27 43 46 -0.00299745 3.49886 -1167.28
24 27 44 47 -0.00255034 3.48083 -1364.85
24 27 45 48 -0.00224214 3.55012 -1583.36
24 27 46 49 -0.00188266 3.43372 -1823.87
24 27 47 50 -0.00164704 3.43806 -2087.41
24 27 48 51 -0.00140207 3.32999 -2375.04
24 27 49 52 -0.00128063 3.44208 -2687.81
24 27 50 53 -0.00117867 3.56755 -3026.75
24 27 51 54 -0.00106334 3.60781 -3392.92
24 27 52 55 -0.000934485 3.53924 -3787.36
24 27 53 56 -0.00082496 3.47401 -4211.13
24 27 54 57 -0.000734903 3.42852 -4665.27
24 27 55 58 -0.000696848 3.58934 -5150.82
24 27 56 59 -0.000647562 3.67092 -5668.83
24 27 57 60 -0.000615204 3.82679 -6220.35
24 27 58 61 -0.000558929 3.80431 -6806.44
24 27 59 62 -0.000501128 3.72244 -7428.12
24 27 60 63 -0.000450398 3.64213 -8086.46
24 27 61 64 -0.000417912 3.67031 -8782.5
24 27 62 1 -0.0088745 3.8337 -431.991
24 27 63 2 -0.00922098 3.81602 -413.841
24 27 64 3 -0.0096345 3.79322 -393.712
25 28 26 29 4.16454 10.4666 2.51327
25 28 27 30 -0.850371 13.3576 -15.708
25 28 29 32 -2.27435 11.1146 -4.88692
25 28 30 33 -0.649654 9.07088 -13.9626
25 28 31 34 -0.278752 7.88154 -28.2743
25 28 32 35 -0.147937 7.22958 -48.8692
25 28 33 36 -0.0807326 6.19982 -76.7945
25 28 34 37 -0.0492783 5.57325 -113.097
25 28 35 38 -0.0306343 4.8655 -158.825
25 28 36 39 -0.0211089 4.53892 -215.025
25 28 37 40 -0.0151111 4.27256 -282.743
25 28 38 41 -0.011306 4.10441 -363.028
25 28 39 42 -0.00891805 4.0749 -456.927
25 28 40 43 -0.00700556 3.96155 -565.487
25 28 41 44 -0.0055569 3.8329 -689.754
25 28 42 45 -0.00435804 3.62056 -830.777
25 28 43 46 -0.00363788 3.60005 -989.602
25 28 44 47 -0.00305277 3.56343 -1167.28
25 28 45 48 -0.00265441 3.62287 -1364.85
25 28 46 49 -0.00221381 3.50526 -1583.36
25 28 47 50 -0.00192242 3.50625 -1823.87
25 28 48 51 -0.00162631 3.39479 -2087.41
25 28 49 52 -0.00146984 3.49094 -2375.04
25 28 50 53 -0.00134769 3.62234 -2687.81
25 28 51 54 -0.0012052 3.64783 -3026.75
25 28 52 55 -0.0010541 3.57648 -3392.92
25 28 53 56 -0.000926014 3.50715 -3787.36
25 28 54 57 -0.000822068 3.46184 -4211.13
25 28 55 58 -0.000779632 3.63719 -4665.27
25 28 56 59 -0.000719307 3.70502 -5150.82
25 28 57 60 -0.000691508 3.92004 -5668.83
25 28 58 61 -0.000628167 3.90742 -6220.35
25 28 59 62 -0.000565556 3.84942 -6806.44
25 28 60 63 -0.000490574 3.64404 -7428.12
25 28 61 64 -0.000457566 3.70009 -8086.46
25 28 62 1 -0.00861301 3.85759 -447.88
25 28 63 2 -0.00890188 3.84553 -431.991
25 28 64 3 -0.00923663 3.8225 -413.841
26 29 27 30 3.9484 9.92341 2.51327
26 29 28 31 -1.07952 16.9571 -15.708
26 29 30 33 -2.11401 10.331 -4.88692
26 29 31 34 -0.617348 8.6198 -13.9626
26 29 32 35 -0.281296 7.95347 -28.2743
26 29 33 36 -0.139132 6.79928 -48.8692
26 29 34 37 -0.0789547 6.06328 -76.7945
26 29 35 38 -0.0463245 5.23918 -113.097
26 29 36 39 -0.0305226 4.84776 -158.825
26 29 37 40 -0.0210219 4.52023 -215.025
26 29 38 41 -0.0152297 4.30609 -282.743
26 29 39 42 -0.0116852 4.24207 -363.028
26 29 40 43 -0.00897269 4.09987 -456.927
26 29 41 44 -0.00697928 3.94669 -565.487
26 29 42 45 -0.00537821 3.70964 -689.754
26 29 43 46 -0.00442728 3.67808 -830.777
26 29 44 47 -0.00367685 3.63861 -989.602
26 29 45 48 -0.00316004 3.68864 -1167.28
26 29 46 49 -0.00260513 3.55561 -1364.85
26 29 47 50 -0.00224087 3.54811 -1583.36
26 29 48 51 -0.00187898 3.42702 -1823.87
26 29 49 52 -0.00168895 3.52553 -2087.41
26 29 50 53 -0.00153819 3.65326 -2375.04
26 29 51 54 -0.00136962 3.68126 -2687.81
26 29 52 55 -0.00119673 3.62222 -3026.75
26 29 53 56 -0.00104653 3.5508 -3392.92
26 29 54 57 -0.000923975 3.49943 -3787.36
26 29 55 58 -0.000871781 3.67118 -4211.13
26 29 56 59 -0.000803389 3.74802 -4665.27
26 29 57 60 -0.00076544 3.94264 -5150.82
26 29 58 61 -0.000692675 3.92666 -5668.83
26 29 59 62 -0.000619511 3.85358 -6220.35
26 29 60 63 -0.000539317 3.67083 -6806.44
26 29 61 64 -0.000501758 3.72712 -7428.12
26 29 62 1 -0.00860911 3.971 -461.255
26 29 63 2 -0.00884141 3.95989 -447.88
26 29 64 3 -0.00911713 3.93852 -431.991
27 30 28 31 3.89029 9.77737 2.51327
27 30 29 32 -0.865112 13.5892 -15.708
27 30 31 34 -2.08078 10.1686 -4.88692
27 30 32 35 -0.659551 9.20906 -13.9626
27 30 33 36 -0.275151 7.7797 -28.2743
27 30 34 37 -0.139871 6.83541 -48.8692
27 30 35 38 -0.075717 5.81464 -76.7945
27 30 36 39 -0.0469538 5.31035 -113.097
27 30 37 40 -0.0307423 4.88265 -158.825
27 30 38 41 -0.0213627 4.59349 -215.025
27 30 39 42 -0.0158218 4.47352 -282.743
27 30 40 43 -0.011805 4.28557 -363.028
27 30 41 44 -0.00896393 4.09587 -456.927
27 30 42 45 -0.00676373 3.8248 -565.487
27 30 43 46 -0.00546597 3.77017 -689.754
27 30 44 47 -0.00448161 3.72322 -830.777
27 30 45 48 -0.00380308 3.76353 -989.602
27 30 46 49 -0.00310427 3.62354 -1167.28
27 30 47 50 -0.00264869 3.61506 -1364.85
27 30 48 51 -0.00220423 3.49009 -1583.36
27 30 49 52 -0.00196782 3.58905 -1823.87
27 30 50 53 -0.00178476 3.72553 -2087.41
27 30 51 54 -0.00157802 3.74786 -2375.04
27 30 52 55 -0.00133906 3.59915 -2687.81
27 30 53 56 -0.00116275 3.51936 -3026.75
27 30 54 57 -0.00101966 3.45962 -3392.92
27 30 55 58 -0.000954071 3.61341 -3787.36
27 30 56 59 -0.000870657 3.66645 -4211.13
27 30 57 60 -0.000831687 3.88004 -4665.27
27 30 58 61 -0.000750277 3.86454 -5150.82
27 30 59 62 -0.000671268 3.8053 -5668.83
27 30 60 63 -0.00057938 3.60395 -6220.35
27 30 61 64 -0.000537816 3.66061 -6806.44
27 30 62 1 -0.00860789 4.06205 -471.898
27 30 63 2 -0.00879987 4.05898 -461.255
27 30 64 3 -0.00902421 4.04176 -447.88
28 31 29 32 4.30048 10.8083 2.51327
28 31 30 33 -0.809876 12.7215 -15.708
28 31 32 35 -2.26151 11.0518 -4.88692
28 31 33 36 -0.660922 9.22821 -13.9626
28 31 34 37 -0.282654 7.99185 -28.2743
28 31 35 38 -0.136863 6.68837 -48.8692
28 31 36 39 -0.0785149 6.02951 -76.7945
28 31 37 40 -0.0482315 5.45485 -113.097
28 31 38 41 -0.0318142 5.05289 -158.825
28 31 39 42 -0.0225475 4.84826 -215.025
28 31 40 43 -0.0162252 4.58756 -282.743
28 31 41 44 -0.0119537 4.33953 -363.028
28 31 42 45 -0.00877421 4.00918 -456.927
28 31 43 46 -0.00694435 3.92694 -565.487
28 31 44 47 -0.00561451 3.87263 -689.754
28 31 45 48 -0.00468789 3.89459 -830.777
28 31 46 49 -0.00376597 3.72681 -989.602
28 31 47 50 -0.00317505 3.70615 -1167.28
28 31 48 51 -0.00260958 3.56167 -1364.85
28 31 49 52 -0.00231536 3.66605 -1583.36
28 31 50 53 -0.00207903 3.79188 -1823.87
28 31 51 54 -0.00183296 3.82615 -2087.41
28 31 52 55 -0.00155813 3.70064 -2375.04
28 31 53 56 -0.00134523 3.61571 -2687.81
28 31 54 57 -0.00117527 3.55724 -3026.75
28 31 55 58 -0.00109502 3.71532 -3392.92
28 31 56 59 -0.00100069 3.78999 -3787.36
28 31 57 60 -0.000940969 3.96254 -4211.13
28 31 58 61 -0.000844551 3.94005 -4665.27
28 31 59 62 -0.000749978 3.863 -5150.82
28 31 60 63 -0.000643918 3.65026 -5668.83
28 31 61 64 -0.000590592 3.67369 -6220.35
28 31 62 1 -0.00861801 4.13348 -479.632
28 31 63 2 -0.0087525 4.13029 -471.898
28 31 64 3 -0.0089187 4.1138 -461.255
29 32 30 33 3.93413 9.88755 2.51327
29 32 31 34 -1.04378 16.3956 -15.708
29 32 33 36 -2.10099 10.2674 -4.88692
29 32 34 37 -0.641632 8.95888 -13.9626
29 32 35 38 -0.263486 7.44988 -28.2743
29 32 36 39 -0.136993 6.69474 -48.8692
29 32 37 40 -0.078086 5.99657 -76.7945
29 32 38 41 -0.0485769 5.49392 -113.097
29 32 39 42 -0.0327966 5.20891 -158.825
29 32 40 43 -0.0226911 4.87913 -215.025
29 32 41 44 -0.0161818 4.5753 -282.743
29 32 42 45 -0.0115453 4.19126 -363.028
29 32 43 46 -0.00892154 4.0765 -456.927
29 32 44 47 -0.00705452 3.98924 -565.487
29 32 45 48 -0.00578424 3.9897 -689.754
29 32 46 49 -0.00457791 3.80322 -830.777
29 32 47 50 -0.00381214 3.7725 -989.602
29 32 48 51 -0.00309677 3.61479 -1167.28
29 32 49 52 -0.00271995 3.71232 -1364.85
29 32 50 53 -0.00242316 3.83675 -1583.36
29 32 51 54 -0.00211795 3.86287 -1823.87
29 32 52 55 -0.00177969 3.71495 -2087.41
29 32 53 56 -0.00152525 3.62253 -2375.04
29 32 54 57 -0.00132097 3.55052 -2687.81
29 32 55 58 -0.00122589 3.71047 -3026.75
29 32 56 59 -0.0011135 3.77802 -3392.92
29 32 57 60 -0.00104919 3.97365 -3787.36
29 32 58 61 -0.000939375 3.95583 -4211.13
29 32 59 62 -0.00083121 3.87781 -4665.27
29 32 60 63 -0.000710746 3.66092 -5150.82
29 32 61 64 -0.000652814 3.70069 -5668.83
29 32 62 1 -0.00860693 4.16856 -484.326
29 32 63 2 -0.00869352 4.16969 -479.632
29 32 64 3 -0.00879985 4.15263 -471.898
30 33 31 34 3.92508 9.86481 2.51327
30 33 32 35 -0.885615 13.9112 -15.708
30 33 34 37 -2.13096 10.4138 -4.88692
30 33 35 38 -0.607239 8.47865 -13.9626
30 33 36 39 -0.26912 7.60918 -28.2743
30 33 37 40 -0.138072 6.74747 -48.8692
30 33 38 41 -0.0795796 6.11127 -76.7945
30 33 39 42 -0.0505643 5.71868 -113.097
30 33 40 43 -0.0333234 5.29259 -158.825
30 33 41 44 -0.0228209 4.90705 -215.025
30 33 42 45 -0.0157112 4.44225 -282.743
30 33 43 46 -0.0118014 4.28426 -363.028
30 33 44 47 -0.0091247 4.16932 -456.927
30 33 45 48 -0.00732369 4.14145 -565.487
30 33 46 49 -0.00569157 3.92578 -689.754
30 33 47 50 -0.00465746 3.86931 -830.777
30 33 48 51 -0.00372269 3.68398 -989.602
30 33 49 52 -0.00322579 3.76538 -1167.28
30 33 50 53 -0.00284832 3.88753 -1364.85
30 33 51 54 -0.00247134 3.91304 -1583.36
30 33 52 55 -0.0020983 3.82702 -1823.87
30 33 53 56 -0.0017795 3.71454 -2087.41
30 33 54 57 -0.00153543 3.64671 -2375.04
30 33 55 58 -0.00140857 3.78596 -2687.81
30 33 56 59 -0.00127467 3.85812 -3026.75
30 33 57 60 -0.00118474 4.01972 -3392.92
30 33 58 61 -0.00105382 3.99118 -3787.36
30 33 59 62 -0.000927049 3.90392 -4211.13
30 33 60 63 -0.000795626 3.71181 -4665.27
30 33 61 64 -0.000727458 3.747 -5150.82
30 33 62 1 -0.00873215 4.24295 -485.9
30 33 63 2 -0.00876819 4.24666 -484.326
30 33 64 3 -0.0088186 4.22968 -479.632
31 34 32 35 3.94105 9.90493 2.51327
31 34 33 36 -0.893316 14.0322 -15.708
31 34 35 38 -1.94864 9.52286 -4.88692
31 34 36 39 -0.612371 8.55031 -13.9626
31 34 37 40 -0.265327 7.50194 -28.2743
31 34 38 41 -0.137529 6.72094 -48.8692
31 34 39 42 -0.0807243 6.19918 -76.7945
31 34 40 43 -0.0500424 5.65967 -113.097
31 34 41 44 -0.0325884 5.17585 -158.825
31 34 42 45 -0.021476 4.61786 -215.025
31 34 43 46 -0.0155712 4.40265 -282.743
31 34 44 47 -0.0117402 4.26202 -363.028
31 34 45 48 -0.00919408 4.20103 -456.927
31 34 46 49 -0.00699518 3.95568 -565.487
31 34 47 50 -0.00562736 3.88149 -689.754
31 34 48 51 -0.00443054 3.68079 -830.777
31 34 49 52 -0.00379371 3.75426 -989.602
31 34 50 53 -0.00331152 3.86546 -1167.28
31 34 51 54 -0.00284702 3.88574 -1364.85
31 34 52 55 -0.0023898 3.78392 -1583.36
31 34 53 56 -0.00201293 3.67132 -1823.87
31 34 54 57 -0.00172582 3.6025 -2087.41
31 34 55 58 -0.00157621 3.74358 -2375.04
31 34 56 59 -0.00142073 3.81863 -2687.81
31 34 57 60 -0.00130787 3.9586 -3026.75
31 34 58 61 -0.00115813 3.92943 -3392.92
31 34 59 62 -0.00101228 3.83387 -3787.36
31 34 60 63 -0.000891306 3.75341 -4211.13
31 34 61 64 -0.000811036 3.7837 -4665.27
31 34 62 1 -0.00829925 4.01954 -484.326
31 34 63 2 -0.00827119 4.01897 -485.9
31 34 64 3 -0.00826512 4.00301 -484.326
32 35 33 36 4.15484 10.4423 2.51327
32 35 34 37 -0.6891 10.8244 -15.708
32 35 36 39 -2.27139 11.1001 -4.88692
32 35 37 40 -0.650916 9.08851 -13.9626
32 35 38 41 -0.28205 7.97478 -28.2743
32 35 39 42 -0.148112 7.23814 -48.8692
32 35 40 43 -0.0847901 6.51141 -76.7945
32 35 41 44 -0.051859 5.86512 -113.097
32 35 42 45 -0.0323926 5.14475 -158.825
32 35 43 46 -0.0224928 4.8365 -215.025
32 35 44 47 -0.0163591 4.62543 -282.743
32 35 45 48 -0.0124177 4.50797 -363.028
32 35 46 49 -0.00920472 4.20589 -456.927
32 35 47 50 -0.00724744 4.09833 -565.487
32 35 48 51 -0.00560219 3.86413 -689.754
32 35 49 52 -0.00472396 3.92455 -830.777
32 35 50 53 -0.00405088 4.00875 -989.602
32 35 51 54 -0.00342993 4.00367 -1167.28
32 35 52 55 -0.00285425 3.89561 -1364.85
32 35 53 56 -0.00239451 3.79138 -1583.36
32 35 54 57 -0.00203982 3.72037 -1823.87
32 35 55 58 -0.00183952 3.83984 -2087.41
32 35 56 59 -0.00164582 3.9089 -2375.04
32 35 57 60 -0.00150512 4.04548 -2687.81
32 35 58 61 -0.00132555 4.0121 -3026.75
32 35 59 62 -0.00115214 3.90913 -3392.92
32 35 60 63 -0.000986596 3.7366 -3787.36
32 35 61 64 -0.000893616 3.76313 -4211.13
32 35 62 1 -0.00905378 4.34248 -479.632
32 35 63 2 -0.00898379 4.35108 -484.326
32 35 64 3 -0.0089312 4.33967 -485.9
33 36 34 37 3.93012 9.87748 2.51327
33 36 35 38 -1.11043 17.4425 -15.708
33 36 37 40 -2.0462 9.99963 -4.88692
33 36 38 41 -0.615023 8.58735 -13.9626
33 36 39 42 -0.273704 7.73879 -28.2743
33 36 40 43 -0.141669 6.92323 -48.8692
33 36 41 44 -0.0805797 6.18808 -76.7945
33 36 42 45 -0.047413 5.36229 -113.097
33 36 43 46 -0.0313964 4.98653 -158.825
33 36 44 47 -0.0219606 4.72207 -215.025
33 36 45 48 -0.0161143 4.55622 -282.743
33 36 46 49 -0.0116197 4.21829 -363.028
33 36 47 50 -0.00894846 4.08879 -456.927
33 36 48 51 -0.00678371 3.8361 -565.487
33 36 49 52 -0.00562894 3.88258 -689.754
33 36 50 53 -0.00475211 3.94794 -830.777
33 36 51 54 -0.00396495 3.92372 -989.602
33 36 52 55 -0.00325276 3.79687 -1167.28
33 36 53 56 -0.00270979 3.69845 -1364.85
33 36 54 57 -0.00228907 3.62443 -1583.36
33 36 55 58 -0.0020468 3.7331 -1823.87
33 36 56 59 -0.00181558 3.78987 -2087.41
33 36 57 60 -0.0016535 3.92713 -2375.04
33 36 58 61 -0.00144697 3.88919 -2687.81
33 36 59 62 -0.00125539 3.79974 -3026.75
33 36 60 63 -0.00109487 3.7148 -3392.92
33 36 61 64 -0.000986572 3.73651 -3787.36
33 36 62 1 -0.0083235 3.92784 -471.898
33 36 63 2 -0.00819256 3.92942 -479.632
33 36 64 3 -0.00809248 3.9194 -484.326
34 37 35 38 3.68755 9.26782 2.51327
34 37 36 39 -0.866204 13.6063 -15.708
34 37 38 41 -2.03615 9.95053 -4.88692
34 37 39 42 -0.619433 8.64892 -13.9626
34 37 40 43 -0.269418 7.61761 -28.2743
34 37 41 44 -0.137983 6.74312 -48.8692
34 37 42 45 -0.0750958 5.76695 -76.7945
34 37 43 46 -0.046863 5.30008 -113.097
34 37 44 47 -0.0313141 4.97346 -158.825
34 37 45 48 -0.0220782 4.74736 -215.025
34 37 46 49 -0.0153947 4.35276 -282.743
34 37 47 50 -0.011543 4.19044 -363.028
34 37 48 51 -0.00853887 3.90164 -456.927
34 37 49 52 -0.00695531 3.93314 -565.487
34 37 50 53 -0.0057832 3.98899 -689.754
34 37 51 54 -0.00475824 3.95304 -830.777
34 37 52 55 -0.00384276 3.8028 -989.602
34 37 53 56 -0.00315586 3.68376 -1167.28
34 37 54 57 -0.00263621 3.59802 -1364.85
34 37 55 58 -0.00234948 3.72009 -1583.36
34 37 56 59 -0.00206926 3.77406 -1823.87
34 37 57 60 -0.00187057 3.90466 -2087.41
34 37 58 61 -0.00162794 3.86643 -2375.04
34 37 59 62 -0.00140156 3.76712 -2687.81
34 37 60 63 -0.00121102 3.66547 -3026.75
34 37 61 64 -0.00108494 3.6811 -3392.92
34 37 62 1 -0.00873077 4.02711 -461.255
34 37 63 2 -0.00854863 4.03409 -471.898
34 37 64 3 -0.00840371 4.03069 -479.632
35 38 36 39 4.05006 10.1789 2.51327
35 38 37 40 -0.832186 13.0719 -15.708
35 38 39 42 -2.03011 9.92101 -4.88692
35 38 40 43 -0.600328 8.38216 -13.9626
35 38 41 44 -0.257651 7.28491 -28.2743
35 38 42 45 -0.125267 6.12169 -48.8692
35 38 43 46 -0.0723962 5.55963 -76.7945
35 38 44 47 -0.0455969 5.15689 -113.097
35 38 45 48 -0.0305855 4.85774 -158.825
35 38 46 49 -0.0204684 4.40121 -215.025
35 38 47 50 -0.0148557 4.20036 -282.743
35 38 48 51 -0.0106614 3.87041 -363.028
35 38 49 52 -0.00848844 3.8786 -456.927
35 38 50 53 -0.00694005 3.9245 -565.487
35 38 51 54 -0.0056313 3.88421 -689.754
35 38 52 55 -0.00448442 3.72555 -830.777
35 38 53 56 -0.00361795 3.58033 -989.602
35 38 54 57 -0.00298056 3.47913 -1167.28
35 38 55 58 -0.0026377 3.60006 -1364.85
35 38 56 59 -0.00230174 3.64448 -1583.36
35 38 57 60 -0.00206119 3.75935 -1823.87
35 38 58 61 -0.00178005 3.71571 -2087.41
35 38 59 62 -0.0015209 3.61221 -2375.04
35 38 60 63 -0.00130528 3.50835 -2687.81
35 38 61 64 -0.00115837 3.50609 -3026.75
35 38 62 1 -0.00875268 3.92015 -447.88
35 38 63 2 -0.00853294 3.93586 -461.255
35 38 64 3 -0.00834034 3.93579 -471.898
36 39 37 40 3.78013 9.5005 2.51327
36 39 38 41 -0.875929 13.7591 -15.708
36 39 40 43 -1.99605 9.75453 -4.88692
36 39 41 44 -0.588263 8.2137 -13.9626
36 39 42 45 -0.238051 6.73075 -28.2743
36 39 43 46 -0.123675 6.0439 -48.8692
36 39 44 47 -0.0722826 5.5509 -76.7945
36 39 45 48 -0.0456322 5.16088 -113.097
36 39 46 49 -0.0290863 4.61964 -158.825
36 39 47 50 -0.0203216 4.36965 -215.025
36 39 48 51 -0.014097 3.98583 -282.743
36 39 49 52 -0.0109361 3.97012 -363.028
36 39 50 53 -0.00876087 4.00308 -456.927
36 39 51 54 -0.0069862 3.9506 -565.487
36 39 52 55 -0.005464 3.76882 -689.754
36 39 53 56 -0.00432886 3.59631 -830.777
36 39 54 57 -0.00350601 3.46955 -989.602
36 39 55 58 -0.00308154 3.59701 -1167.28
36 39 56 59 -0.00266958 3.64357 -1364.85
36 39 57 60 -0.00238264 3.77258 -1583.36
36 39 58 61 -0.00204768 3.73469 -1823.87
36 39 59 62 -0.00173241 3.61625 -2087.41
36 39 60 63 -0.00148202 3.51987 -2375.04
36 39 61 64 -0.00131593 3.53697 -2687.81
36 39 62 1 -0.00888588 3.83862 -431.991
36 39 63 2 -0.00859933 3.85146 -447.88
36 39 64 3 -0.0083471 3.85014 -461.255
37 40 38 41 3.9267 9.86887 2.51327
37 40 39 42 -0.860658 13.5192 -15.708
37 40 41 44 -2.13674 10.4421 -4.88692
37 40 42 45 -0.560067 7.82001 -13.9626
37 40 43 46 -0.242087 6.84486 -28.2743
37 40 44 47 -0.126503 6.18208 -48.8692
37 40 45 48 -0.0735154 5.64557 -76.7945
37 40 46 49 -0.0439752 4.97348 -113.097
37 40 47 50 -0.0292796 4.65033 -158.825
37 40 48 51 -0.0194663 4.18573 -215.025
37 40 49 52 -0.0146245 4.13498 -282.743
37 40 50 53 -0.011405 4.14035 -363.028
37 40 51 54 -0.00889112 4.06259 -456.927
37 40 52 55 -0.00684129 3.86866 -565.487
37 40 53 56 -0.00533481 3.67971 -689.754
37 40 54 57 -0.00425531 3.53521 -830.777
37 40 55 58 -0.00368603 3.6477 -989.602
37 40 56 59 -0.00315267 3.68004 -1167.28
37 40 57 60 -0.00279574 3.81576 -1364.85
37 40 58 61 -0.00238005 3.76848 -1583.36
37 40 59 62 -0.00200354 3.6542 -1823.87
37 40 60 63 -0.00167168 3.48949 -2087.41
37 40 61 64 -0.00146882 3.48851 -2375.04
37 40 62 1 -0.00949313 3.92865 -413.841
37 40 63 2 -0.00916241 3.95807 -431.991
37 40 64 3 -0.00884029 3.95938 -447.88
38 41 39 42 3.72467 9.36113 2.51327
38 41 40 43 -1.00765 15.8281 -15.708
38 41 42 45 -1.92413 9.40309 -4.88692
38 41 43 46 -0.568001 7.93078 -13.9626
38 41 44 47 -0.24768 7.00299 -28.2743
38 41 45 48 -0.128154 6.26276 -48.8692
38 41 46 49 -0.0705876 5.42074 -76.7945
38 41 47 50 -0.0442938 5.00951 -113.097
38 41 48 51 -0.0279722 4.44269 -158.825
38 41 49 52 -0.0202391 4.35191 -215.025
38 41 50 53 -0.0152977 4.32533 -282.743
38 41 51 54 -0.0116184 4.21783 -363.028
38 41 52 55 -0.00876282 4.00397 -456.927
38 41 53 56 -0.00669911 3.78826 -565.487
38 41 54 57 -0.005254 3.62397 -689.754
38 41 55 58 -0.0044702 3.71374 -830.777
38 41 56 59 -0.00378066 3.74135 -989.602
38 41 57 60 -0.0033233 3.87921 -1167.28
38 41 58 61 -0.00280523 3.82871 -1364.85
38 41 59 62 -0.0023408 3.70633 -1583.36
38 41 60 63 -0.00193735 3.53347 -1823.87
38 41 61 64 -0.00169385 3.53577 -2087.41
38 41 62 1 -0.00981633 3.86481 -393.712
38 41 63 2 -0.009402 3.89094 -413.841
38 41 64 3 -0.00901505 3.89442 -431.991
39 42 40 43 4.05561 10.1929 2.51327
39 42 41 44 -0.728939 11.4502 -15.708
39 42 43 46 -2.25901 11.0396 -4.88692
39 42 44 47 -0.640199 8.93886 -13.9626
39 42 45 48 -0.268845 7.60142 -28.2743
39 42 46 49 -0.130202 6.36287 -48.8692
39 42 47 50 -0.0750603 5.76422 -76.7945
39 42 48 51 -0.0442096 4.99999 -113.097
39 42 49 52 -0.0304399 4.83462 -158.825
39 42 50 53 -0.0220799 4.74771 -215.025
39 42 51 54 -0.0162188 4.58576 -282.743
39 42 52 55 -0.0119078 4.32288 -363.028
39 42 53 56 -0.00889221 4.06309 -456.927
39 42 54 57 -0.00684887 3.87294 -565.487
39 42 55 58 -0.00571818 3.94414 -689.754
39 42 56 59 -0.00475359 3.94917 -830.777
39 42 57 60 -0.00410528 4.06259 -989.602
39 42 58 61 -0.00341956 3.99157 -1167.28
39 42 59 62 -0.00282784 3.85957 -1364.85
39 42 60 63 -0.00234535 3.71354 -1583.36
39 42 61 64 -0.00203139 3.70499 -1823.87
39 42 62 1 -0.0109377 4.06781 -371.906
39 42 63 2 -0.0104041 4.09624 -393.712
39 42 64 3 -0.00991006 4.10119 -413.841
40 43 41 44 4.21046 10.582 2.51327
40 43 42 45 -1.10423 17.3451 -15.708
40 43 44 47 -2.28067 11.1455 -4.88692
40 43 45 48 -0.632175 8.82683 -13.9626
40 43 46 49 -0.251094 7.09951 -28.2743
40 43 47 50 -0.129251 6.31642 -48.8692
40 43 48 51 -0.0698322 5.36273 -76.7945
40 43 49 52 -0.0453365 5.12744 -113.097
40 43 50 53 -0.0313786 4.9837 -158.825
40 43 51 54 -0.0221917 4.77176 -215.025
40 43 52 55 -0.0157913 4.4649 -282.743
40 43 53 56 -0.0114687 4.16346 -363.028
40 43 54 57 -0.0086387 3.94726 -456.927
40 43 55 58 -0.00708046 4.0039 -565.487
40 43 56 59 -0.00577679 3.98457 -689.754
40 43 57 60 -0.00491175 4.08057 -830.777
40 43 58 61 -0.00404784 4.00575 -989.602
40 43 59 62 -0.00332329 3.8792 -1167.28
40 43 60 63 -0.00273429 3.73188 -1364.85
40 43 61 64 -0.0023392 3.7038 -1583.36
40 43 62 1 -0.0116305 4.05595 -348.735
40 43 63 2 -0.0109835 4.08484 -371.906
40 43 64 3 -0.0103949 4.09261 -393.712
41 44 42 45 3.73787 9.3943 2.51327
41 44 43 46 -1.19567 18.7815 -15.708
41 44 45 48 -2.11705 10.3459 -4.88692
41 44 46 49 -0.562453 7.85333 -13.9626
41 44 47 50 -0.242336 6.85189 -28.2743
41 44 48 51 -0.116257 5.68141 -48.8692
41 44 49 52 -0.0700084 5.37626 -76.7945
41 44 50 53 -0.0457633 5.17571 -113.097
41 44 51 54 -0.0309202 4.9109 -158.825
41 44 52 55 -0.0212084 4.56034 -215.025
41 44 53 56 -0.0149101 4.21572 -282.743
41 44 54 57 -0.0109476 3.97429 -363.028
41 44 55 58 -0.00878177 4.01263 -456.927
41 44 56 59 -0.00702703 3.97369 -565.487
41 44 57 60 -0.0058686 4.04789 -689.754
41 44 58 61 -0.00476573 3.95926 -830.777
41 44 59 62 -0.00387108 3.83083 -989.602
41 44 60 63 -0.00318709 3.72022 -1167.28
41 44 61 64 -0.0027088 3.6971 -1364.85
41 44 62 1 -0.0118709 3.85238 -324.521
41 44 63 2 -0.0110804 3.86412 -348.735
41 44 64 3 -0.0103863 3.86273 -371.906
42 45 43 46 3.84996 9.67601 2.51327
42 45 44 47 -0.963325 15.1319 -15.708
42 45 46 49 -1.89087 9.24051 -4.88692
42 45 47 50 -0.551342 7.69818 -13.9626
42 45 48 51 -0.216816 6.13033 -28.2743
42 45 49 52 -0.117084 5.7218 -48.8692
42 45 50 53 -0.0708109 5.43788 -76.7945
42 45 51 54 -0.045084 5.09888 -113.097
42 45 52 55 -0.0294991 4.6852 -158.825
42 45 53 56 -0.0199086 4.28084 -215.025
42 45 54 57 -0.0141523 4.00146 -282.743
42 45 55 58 -0.0110514 4.01196 -363.028
42 45 56 59 -0.0086324 3.94438 -456.927
42 45 57 60 -0.00707238 3.99934 -565.487
42 45 58 61 -0.00564921 3.89656 -689.754
42 45 59 62 -0.00453761 3.76974 -830.777
42 45 60 63 -0.00366936 3.6312 -989.602
42 45 61 64 -0.00307873 3.59372 -1167.28
42 45 62 1 -0.0126598 3.79267 -299.584
42 45 63 2 -0.0117459 3.8118 -324.521
42 45 64 3 -0.0109384 3.81461 -348.735
43 46 44 47 4.19583 10.5453 2.51327
43 46 45 48 -0.759817 11.9352 -15.708
43 46 47 50 -2.12839 10.4013 -4.88692
43 46 48 51 -0.52514 7.33234 -13.9626
43 46 49 52 -0.234636 6.63418 -28.2743
43 46 50 53 -0.12635 6.17461 -48.8692
43 46 51 54 -0.0740509 5.6867 -76.7945
43 46 52 55 -0.0455492 5.15149 -113.097
43 46 53 56 -0.0291809 4.63465 -158.825
43 46 54 57 -0.0198999 4.27898 -215.025
43 46 55 58 -0.0150245 4.24808 -282.743
43 46 56 59 -0.011419 4.14543 -363.028
43 46 57 60 -0.00916276 4.18672 -456.927
43 46 58 61 -0.00718175 4.06118 -565.487
43 46 59 62 -0.0056698 3.91077 -689.754
43 46 60 63 -0.00447799 3.72021 -830.777
43 46 61 64 -0.00371005 3.67147 -989.602
43 46 62 1 -0.0143014 3.92199 -274.238
43 46 63 2 -0.013207 3.95662 -299.584
43 46 64 3 -0.0122222 3.96637 -324.521
44 47 45 48 3.66674 9.21552 2.51327
44 47 46 49 -1.07878 16.9454 -15.708
44 47 48 51 -1.76124 8.60703 -4.88692
44 47 49 52 -0.538136 7.51379 -13.9626
44 47 50 53 -0.242027 6.84314 -28.2743
44 47 51 54 -0.126802 6.19671 -48.8692
44 47 52 55 -0.0721497 5.5407 -76.7945
44 47 53 56 -0.0434342 4.91229 -113.097
44 47 54 57 -0.0282325 4.48402 -158.825
44 47 55 58 -0.0205157 4.41137 -215.025
44 47 56 59 -0.0151143 4.27347 -282.743
44 47 57 60 -0.0118232 4.29216 -363.028
44 47 58 61 -0.00904485 4.13284 -456.927
44 47 59 62 -0.00699995 3.95838 -565.487
44 47 60 63 -0.00547486 3.77631 -689.754
44 47 61 64 -0.00449462 3.73403 -830.777
44 47 62 1 -0.0155777 3.87549 -248.784
44 47 63 2 -0.0142198 3.89961 -274.238
44 47 64 3 -0.0130194 3.90041 -299.584
45 48 46 49 3.74792 9.41956 2.51327
45 48 47 50 -0.628201 9.86776 -15.708
45 48 49 52 -2.04062 9.97235 -4.88692
45 48 50 53 -0.607805 8.48656 -13.9626
45 48 51 54 -0.261275 7.38738 -28.2743
45 48 52 55 -0.13197 6.44929 -48.8692
45 48 53 56 -0.0727445 5.58638 -76.7945
45 48 54 57 -0.0442948 5.00962 -113.097
45 48 55 58 -0.0306069 4.86114 -158.825
45 48 56 59 -0.0216483 4.65492 -215.025
45 48 57 60 -0.0163786 4.63095 -282.743
45 48 58 61 -0.0122009 4.42928 -363.028
45 48 59 62 -0.00920718 4.20701 -456.927
45 48 60 63 -0.00707771 4.00235 -565.487
45 48 61 64 -0.00570954 3.93818 -689.754
45 48 62 1 -0.0178628 3.99252 -223.51
45 48 63 2 -0.0160982 4.00497 -248.784
45 48 64 3 -0.0145759 3.99727 -274.238
46 49 47 50 4.00426 10.0638 2.51327
46 49 48 51 -0.962303 15.1158 -15.708
46 49 50 53 -2.06737 10.1031 -4.88692
46 49 51 54 -0.593027 8.28021 -13.9626
46 49 52 55 -0.248583 7.02852 -28.2743
46 49 53 56 -0.121535 5.93933 -48.8692
46 49 54 57 -0.0682325 5.23988 -76.7945
46 49 55 58 -0.0443832 5.01962 -113.097
46 49 56 59 -0.0299007 4.74898 -158.825
46 49 57 60 -0.0217628 4.67953 -215.025
46 49 58 61 -0.0156855 4.43497 -282.743
46 49 59 62 -0.0115103 4.17858 -363.028
46 49 60 63 -0.00869605 3.97346 -456.927
46 49 61 64 -0.0068936 3.89824 -565.487
46 49 62 1 -0.0194371 3.86186 -198.685
46 49 63 2 -0.017271 3.86023 -223.51
46 49 64 3 -0.0154474 3.84307 -248.784
47 50 48 51 3.44898 8.66822 2.51327
47 50 49 52 -1.00392 15.7695 -15.708
47 50 51 54 -1.97591 9.65614 -4.88692
47 50 52 55 -0.566344 7.90766 -13.9626
47 50 53 56 -0.229 6.47483 -28.2743
47 50 54 57 -0.115022 5.62102 -48.8692
47 50 55 58 -0.0693395 5.32489 -76.7945
47 50 56 59 -0.0439779 4.97378 -113.097
47 50 57 60 -0.030585 4.85765 -158.825
47 50 58 61 -0.02126 4.57141 -215.025
47 50 59 62 -0.0151552 4.28504 -282.743
47 50 60 63 -0.011143 4.04523 -363.028
47 50 61 64 -0.00861337 3.93568 -456.927
47 50 62 1 -0.0220177 3.84332 -174.556
47 50 63 2 -0.0193149 3.83758 -198.685
47 50 64 3 -0.0170571 3.81244 -223.51
48 51 49 52 3.75476 9.43673 2.51327
48 51 50 53 -0.876414 13.7667 -15.708
48 51 52 55 -1.978 9.66632 -4.88692
48 51 53 56 -0.523343 7.30725 -13.9626
48 51 54 57 -0.218078 6.16601 -28.2743
48 51 55 58 -0.117668 5.75037 -48.8692
48 51 56 59 -0.0687679 5.28099 -76.7945
48 51 57 60 -0.0450403 5.09393 -113.097
48 51 58 61 -0.0298372 4.73889 -158.825
48 51 59 62 -0.0204779 4.40326 -215.025
48 51 60 63 -0.0145638 4.11781 -282.743
48 51 61 64 -0.0109418 3.97218 -363.028
48 51 62 1 -0.0250326 3.78868 -151.35
48 51 63 2 -0.0215999 3.77039 -174.556
48 51 64 3 -0.0187782 3.73094 -198.685
49 52 50 53 3.70531 9.31246 2.51327
49 52 51 54 -0.911502 14.3178 -15.708
49 52 53 56 -1.87051 9.14103 -4.88692
49 52 54 57 -0.513509 7.16994 -13.9626
49 52 55 58 -0.231557 6.54713 -28.2743
49 52 56 59 -0.120677 5.8974 -48.8692
49 52 57 60 -0.073105 5.61406 -76.7945
49 52 58 61 -0.045612 5.1586 -113.097
49 52 59 62 -0.029915 4.75125 -158.825
49 52 60 63 -0.0204509 4.39746 -215.025
49 52 61 64 -0.0148681 4.20385 -282.743
49 52 62 1 -0.030577 3.95271 -129.271
49 52 63 2 -0.0259204 3.92306 -151.35
49 52 64 3 -0.022186 3.87269 -174.556
50 53 51 54 3.60475 9.05972 2.51327
50 53 52 55 -0.767735 12.0596 -15.708
50 53 54 57 -1.81194 8.85481 -4.88692
50 53 55 58 -0.558222 7.79426 -13.9626
50 53 56 59 -0.240979 6.81351 -28.2743
50 53 57 60 -0.130325 6.36888 -48.8692
50 53 58 61 -0.0750128 5.76057 -76.7945
50 53 59 62 -0.0463937 5.247 -113.097
50 53 60 63 -0.0302695 4.80756 -158.825
50 53 61 64 -0.0211417 4.54599 -215.025
50 53 62 1 -0.0384687 4.1738 -108.498
50 53 63 2 -0.0318647 4.11918 -129.271
50 53 64 3 -0.0267305 4.04567 -151.35
51 54 52 55 3.75732 9.44317 2.51327
51 54 53 56 -0.761829 11.9668 -15.708
51 54 55 58 -1.94488 9.5045 -4.88692
51 54 56 59 -0.564638 7.88383 -13.9626
51 54 57 60 -0.253393 7.16452 -28.2743
51 54 58 61 -0.130017 6.35385 -48.8692
51 54 59 62 -0.0744163 5.71476 -76.7945
51 54 60 63 -0.0457911 5.17885 -113.097
51 54 61 64 -0.0305198 4.84731 -158.825
51 54 62 1 -0.0481702 4.29637 -89.1916
51 54 63 2 -0.0386603 4.19458 -108.498
51 54 64 3 -0.0315773 4.08202 -129.271
52 55 53 56 3.50094 8.79883 2.51327
52 55 54 57 -0.898867 14.1194 -15.708
52 55 56 59 -1.86335 9.10603 -4.88692
52 55 57 60 -0.566488 7.90966 -13.9626
52 55 58 61 -0.24184 6.83787 -28.2743
52 55 59 62 -0.124377 6.07823 -48.8692
52 55 60 63 -0.0709563 5.44906 -76.7945
52 55 61 64 -0.0446181 5.04619 -113.097
52 55 62 1 -0.0611247 4.36961 -71.4868
52 55 63 2 -0.0473593 4.22405 -89.1916
52 55 64 3 -0.0375552 4.07468 -108.498
53 56 54 57 3.54288 8.90424 2.51327
53 56 55 58 -0.773258 12.1463 -15.708
53 56 57 60 -1.95771 9.56717 -4.88692
53 56 58 61 -0.561294 7.83714 -13.9626
53 56 59 62 -0.241037 6.81517 -28.2743
53 56 60 63 -0.122941 6.00802 -48.8692
53 56 61 64 -0.0715708 5.49624 -76.7945
53 56 62 1 -0.0828791 4.59985 -55.5008
53 56 63 2 -0.0612167 4.37619 -71.4868
53 56 64 3 -0.0465915 4.15557 -89.1916
54 57 55 58 3.53946 8.89563 2.51327
54 57 56 59 -0.887336 13.9382 -15.708
54 57 58 61 -1.83288 8.95713 -4.88692
54 57 59 62 -0.540488 7.54664 -13.9626
54 57 60 63 -0.23039 6.51412 -28.2743
54 57 61 64 -0.120959 5.9112 -48.8692
54 57 62 1 -0.118478 4.89681 -41.3309
54 57 63 2 -0.0828677 4.59922 -55.5008
54 57 64 3 -0.0603034 4.3109 -71.4868
55 58 56 59 3.66159 9.20258 2.51327
55 58 57 60 -0.742492 11.663 -15.708
55 58 59 62 -2.0243 9.89259 -4.88692
55 58 60 63 -0.558147 7.79321 -13.9626
55 58 61 64 -0.244437 6.91129 -28.2743
55 58 62 1 -0.194142 5.64122 -29.0572
55 58 63 2 -0.125787 5.19891 -41.3309
55 58 64 3 -0.0861054 4.77891 -55.5008
56 59 57 60 3.63061 9.12473 2.51327
56 59 58 61 -0.912794 14.3381 -15.708
56 59 60 63 -1.8609 9.09408 -4.88692
56 59 61 64 -0.56394 7.87408 -13.9626
56 59 62 1 -0.343043 6.42992 -18.7438
56 59 63 2 -0.200177 5.81659 -29.0572
56 59 64 3 -0.126881 5.24411 -41.3309
57 60 58 61 3.4813 8.74946 2.51327
57 60 59 62 -0.782249 12.2875 -15.708
57 60 61 64 -1.85902 9.0849 -4.88692
57 60 62 1 -0.708181 7.39368 -10.4404
57 60 63 2 -0.347864 6.52028 -18.7438
57 60 64 3 -0.198143 5.75749 -29.0572
58 61 59 62 3.75585 9.43948 2.51327
58 61 60 63 -0.746786 11.7305 -15.708
58 61 62 1 -2.15892 9.03269 -4.1839
58 61 63 2 -0.714968 7.46454 -10.4404
58 61 64 3 -0.337787 6.33141 -18.7438
59 62 60 63 3.51251 8.82791 2.51327
59 62 61 64 -0.88985 13.9777 -15.708
59 62 63 2 -2.07421 8.67826 -4.1839
59 62 64 3 -0.670465 6.99991 -10.4404
60 63 61 64 3.57383 8.98201 2.51327
60 63 62 1 -1.46258 9.17461 -6.2729
60 63 64 3 -2.15276 9.00692 -4.1839
61 64 62 1 1.57183 9.8918 6.29317
61 64 63 2 -1.51903 9.52874 -6.2729
62 1 63 2 5.03148 8.03519 1.59698
62 1 64 3 1.91558 6.2222 3.24821
63 2 64 3 4.994 7.97534 1.59698
