64
# x y z
0.0 0.0 0.0
0.5 0.0 0.0
1.0 0.0 0.0
1.5 0.0 0.0
2.0 0.0 0.0
2.5 0.0 0.0
3.0 0.0 0.0
3.5 0.0 0.0
4.0 0.0 0.0
4.5 0.0 0.0
5.0 0.0 0.0
5.5 0.0 0.0
6.0 0.0 0.0
6.5 0.0 0.0
7.0 0.0 0.0
7.5 0.0 0.0
8.0 0.0 0.0
8.5 0.0 0.0
9.0 0.0 0.0
9.5 0.0 0.0
10.0 0.0 0.0
10.5 0.0 0.0
11.0 0.0 0.0
11.5 0.0 0.0
12.0 0.0 0.0
12.5 0.0 0.0
13.0 0.0 0.0
13.5 0.0 0.0
14.0 0.0 0.0
14.5 0.0 0.0
15.0 0.0 0.0
15.5 0.0 0.0
16.0 0.0 0.0
16.5 0.0 0.0
17.0 0.0 0.0
17.5 0.0 0.0
18.0 0.0 0.0
18.5 0.0 0.0
19.0 0.0 0.0
19.5 0.0 0.0
20.0 0.0 0.0
20.5 0.0 0.0
21.0 0.0 0.0
21.5 0.0 0.0
22.0 0.0 0.0
22.5 0.0 0.0
23.0 0.0 0.0
23.5 0.0 0.0
24.0 0.0 0.0
24.5 0.0 0.0
25.0 0.0 0.0
25.5 0.0 0.0
26.0 0.0 0.0
26.5 0.0 0.0
27.0 0.0 0.0
27.5 0.0 0.0
28.0 0.0 0.0
28.5 0.0 0.0
29.0 0.0 0.0
29.5 0.0 0.0
30.0 0.0 0.0
30.5 0.0 0.0
31.0 0.0 0.0
31.5 0.0 0.0
1952
# a b m n r rhoa k
1 4 2 5 2.84154 7.14157 2.51327
1 4 3 6 -0.745561 11.7112 -15.708
1 4 5 8 -1.42488 6.96329 -4.88692
1 4 6 9 -0.417783 5.83335 -13.9626
1 4 7 10 -0.179723 5.08155 -28.2743
1 4 8 11 -0.0959441 4.68871 -48.8692
1 4 9 12 -0.056734 4.35686 -76.7945
1 4 10 13 -0.036323 4.10803 -113.097
1 4 11 14 -0.0247029 3.92344 -158.825
1 4 12 15 -0.0176034 3.78517 -215.025
1 4 13 16 -0.012836 3.62929 -282.743
1 4 14 17 -0.00983516 3.57044 -363.028
1 4 15 18 -0.00787375 3.59773 -456.927
1 4 16 19 -0.00611577 3.45839 -565.487
1 4 17 20 -0.00484746 3.34355 -689.754
1 4 18 21 -0.00402313 3.34232 -830.777
1 4 19 22 -0.00335258 3.31772 -989.602
1 4 20 23 -0.00292096 3.40957 -1167.28
1 4 21 24 -0.0024975 3.40871 -1364.85
1 4 22 25 -0.0021266 3.36719 -1583.36
1 4 23 26 -0.00178693 3.25913 -1823.87
1 4 24 27 -0.00157001 3.27726 -2087.41
1 4 25 28 -0.0013924 3.307 -2375.04
1 4 26 29 -0.00125445 3.37171 -2687.81
1 4 27 30 -0.00111357 3.37051 -3026.75
1 4 28 31 -0.00100232 3.40079 -3392.92
1 4 29 32 -0.000906976 3.43505 -3787.36
1 4 30 33 -0.000839327 3.53452 -4211.13
1 4 31 34 -0.0007502 3.49988 -4665.27
1 4 32 35 -0.000688129 3.54443 -5150.82
1 4 33 36 -0.000597666 3.38807 -5668.83
1 4 34 37 -0.000549541 3.41834 -6220.35
1 4 35 38 -0.000486633 3.31224 -6806.44
1 4 36 39 -0.000446952 3.32001 -7428.12
1 4 37 40 -0.000415615 3.36085 -8086.46
1 4 38 41 -0.000380087 3.33811 -8782.5
1 4 39 42 -0.000358109 3.40822 -9517.28
1 4 40 43 -0.000337205 3.47047 -10291.9
1 4 41 44 -0.000318256 3.53496 -11107.3
1 4 42 45 -0.000296058 3.54221 -11964.6
1 4 43 46 -0.000267651 3.44328 -12864.8
1 4 44 47 -0.00025137 3.47118 -13809
1 4 45 48 -0.00023466 3.47257 -14798.3
1 4 46 49 -0.000219537 3.47607 -15833.6
1 4 47 50 -0.000205298 3.47284 -16916.1
1 4 48 51 -0.000197038 3.55589 -18046.7
1 4 49 52 -0.000188301 3.62038 -19226.5
1 4 50 53 -0.000181999 3.72309 -20456.7
1 4 51 54 -0.00016556 3.59896 -21738.1
1 4 52 55 -0.000157842 3.64171 -23071.9
1 4 53 56 -0.000148317 3.62769 -24459
1 4 54 57 -0.000143778 3.72395 -25900.7
1 4 55 58 -0.000137834 3.77635 -27397.8
1 4 56 59 -0.000133774 3.87296 -28951.5
1 4 57 60 -0.000128407 3.92448 -30562.8
1 4 58 61 -0.000123792 3.99016 -32232.7
1 4 59 62 -0.000113259 3.84654 -33962.4
1 4 60 63 -0.000108011 3.86169 -35752.7
1 4 61 64 -9.9248e-05 3.73221 -37604.9
1 4 63 2 -1.2712 7.97408 -6.2729
1 4 64 3 1.25441 7.89421 6.29317
2 5 3 6 2.93733 7.38233 2.51327
2 5 4 7 -0.545023 8.5612 -15.708
2 5 6 9 -1.52857 7.47002 -4.88692
2 5 7 10 -0.430057 6.00473 -13.9626
2 5 8 11 -0.189212 5.34984 -28.2743
2 5 9 12 -0.0991912 4.84739 -48.8692
2 5 10 13 -0.0583014 4.47722 -76.7945
2 5 11 14 -0.0372824 4.21655 -113.097
2 5 12 15 -0.0253891 4.03242 -158.825
2 5 13 16 -0.0177896 3.82521 -215.025
2 5 14 17 -0.0131984 3.73177 -282.743
2 5 15 18 -0.0103095 3.74264 -363.028
2 5 16 19 -0.0078272 3.57646 -456.927
2 5 17 20 -0.00608651 3.44184 -565.487
2 5 18 21 -0.0049681 3.42677 -689.754
2 5 19 22 -0.00408681 3.39522 -830.777
2 5 20 23 -0.00351825 3.48166 -989.602
2 5 21 24 -0.00297516 3.47283 -1167.28
2 5 22 25 -0.00250983 3.42553 -1364.85
2 5 23 26 -0.00209066 3.31027 -1583.36
2 5 24 27 -0.00182164 3.32244 -1823.87
2 5 25 28 -0.00160478 3.34984 -2087.41
2 5 26 29 -0.00143637 3.41143 -2375.04
2 5 27 30 -0.00126814 3.40852 -2687.81
2 5 28 31 -0.00113508 3.43562 -3026.75
2 5 29 32 -0.00102417 3.47492 -3392.92
2 5 30 33 -0.000942415 3.56927 -3787.36
2 5 31 34 -0.00083991 3.53697 -4211.13
2 5 32 35 -0.000765966 3.57343 -4665.27
2 5 33 36 -0.000665886 3.42986 -5150.82
2 5 34 37 -0.000608317 3.44845 -5668.83
2 5 35 38 -0.000538106 3.34721 -6220.35
2 5 36 39 -0.000498483 3.39289 -6806.44
2 5 37 40 -0.000456847 3.39351 -7428.12
2 5 38 41 -0.000417114 3.37298 -8086.46
2 5 39 42 -0.000392218 3.44465 -8782.5
2 5 40 43 -0.000368268 3.50491 -9517.28
2 5 41 44 -0.000346467 3.56579 -10291.9
2 5 42 45 -0.000320601 3.561 -11107.3
2 5 43 46 -0.000291035 3.48211 -11964.6
2 5 44 47 -0.000272281 3.50285 -12864.8
2 5 45 48 -0.000254804 3.5186 -13809
2 5 46 49 -0.000236708 3.50288 -14798.3
2 5 47 50 -0.000222518 3.52327 -15833.6
2 5 48 51 -0.000211777 3.58244 -16916.1
2 5 49 52 -0.000201854 3.6428 -18046.7
2 5 50 53 -0.000194424 3.7381 -19226.5
2 5 51 54 -0.00017894 3.66051 -20456.7
2 5 52 55 -0.000169708 3.68913 -21738.1
2 5 53 56 -0.000159198 3.67299 -23071.9
2 5 54 57 -0.000152547 3.73115 -24459
2 5 55 58 -0.000146566 3.79616 -25900.7
2 5 56 59 -0.000142484 3.90375 -27397.8
2 5 57 60 -0.000136565 3.95376 -28951.5
2 5 58 61 -0.000131652 4.02366 -30562.8
2 5 59 62 -0.000119793 3.86126 -32232.7
2 5 60 63 -0.000115274 3.91498 -33962.4
2 5 61 64 -0.000106677 3.81399 -35752.7
2 5 62 1 -1.76352 7.3784 -4.1839
2 5 64 3 -1.25674 7.8834 -6.2729
3 6 4 7 2.91577 7.32813 2.51327
3 6 5 8 -0.690613 10.8481 -15.708
3 6 7 10 -1.45508 7.11084 -4.88692
3 6 8 11 -0.432902 6.04445 -13.9626
3 6 9 12 -0.187582 5.30375 -28.2743
3 6 10 13 -0.0979871 4.78855 -48.8692
3 6 11 14 -0.0578041 4.43903 -76.7945
3 6 12 15 -0.0372125 4.20863 -113.097
3 6 13 16 -0.0248679 3.94964 -158.825
3 6 14 17 -0.0177657 3.82006 -215.025
3 6 15 18 -0.0134872 3.81341 -282.743
3 6 16 19 -0.00997819 3.62237 -363.028
3 6 17 20 -0.00759248 3.46921 -456.927
3 6 18 21 -0.00608192 3.43924 -565.487
3 6 19 22 -0.00493739 3.40559 -689.754
3 6 20 23 -0.00419599 3.48593 -830.777
3 6 21 24 -0.00350797 3.47149 -989.602
3 6 22 25 -0.00291842 3.4066 -1167.28
3 6 23 26 -0.00241071 3.29026 -1364.85
3 6 24 27 -0.00207138 3.27975 -1583.36
3 6 25 28 -0.00181045 3.30202 -1823.87
3 6 26 29 -0.00160344 3.34704 -2087.41
3 6 27 30 -0.00142296 3.3796 -2375.04
3 6 28 31 -0.00126808 3.40837 -2687.81
3 6 29 32 -0.00114035 3.45156 -3026.75
3 6 30 33 -0.00104197 3.53532 -3392.92
3 6 31 34 -0.000924974 3.50321 -3787.36
3 6 32 35 -0.000836754 3.52368 -4211.13
3 6 33 36 -0.000725857 3.38632 -4665.27
3 6 34 37 -0.000659027 3.39453 -5150.82
3 6 35 38 -0.000584169 3.31155 -5668.83
3 6 36 39 -0.000537664 3.34446 -6220.35
3 6 37 40 -0.000493513 3.35906 -6806.44
3 6 38 41 -0.000449327 3.33766 -7428.12
3 6 39 42 -0.000421656 3.4097 -8086.46
3 6 40 43 -0.000395014 3.46921 -8782.5
3 6 41 44 -0.000370371 3.52492 -9517.28
3 6 42 45 -0.000342712 3.52714 -10291.9
3 6 43 46 -0.000310435 3.44809 -11107.3
3 6 44 47 -0.000290032 3.47011 -11964.6
3 6 45 48 -0.000270893 3.48499 -12864.8
3 6 46 49 -0.000251518 3.47322 -13809
3 6 47 50 -0.000236139 3.49446 -14798.3
3 6 48 51 -0.000224495 3.55457 -15833.6
3 6 49 52 -0.000213927 3.61881 -16916.1
3 6 50 53 -0.00020525 3.70409 -18046.7
3 6 51 54 -0.000188308 3.62051 -19226.5
3 6 52 55 -0.00017776 3.63638 -20456.7
3 6 53 56 -0.000166965 3.6295 -21738.1
3 6 54 57 -0.000159823 3.68741 -23071.9
3 6 55 58 -0.000153785 3.76143 -24459
3 6 56 59 -0.000149686 3.87697 -25900.7
3 6 57 60 -0.000143531 3.93244 -27397.8
3 6 58 61 -0.000137634 3.98471 -28951.5
3 6 59 62 -0.000125539 3.83682 -30562.8
3 6 60 63 -0.000120458 3.88269 -32232.7
3 6 61 64 -0.000111963 3.80253 -33962.4
3 6 62 1 -0.567817 5.92822 -10.4404
3 6 63 2 -1.70651 7.13985 -4.1839
4 7 5 8 2.8205 7.08869 2.51327
4 7 6 9 -0.615509 9.6684 -15.708
4 7 8 11 -1.54862 7.56801 -4.88692
4 7 9 12 -0.446115 6.22893 -13.9626
4 7 10 13 -0.191069 5.40234 -28.2743
4 7 11 14 -0.0999845 4.88617 -48.8692
4 7 12 15 -0.0594765 4.56747 -76.7945
4 7 13 16 -0.0373338 4.22236 -113.097
4 7 14 17 -0.0253999 4.03414 -158.825
4 7 15 18 -0.0186239 4.0046 -215.025
4 7 16 19 -0.0133576 3.77677 -282.743
4 7 17 20 -0.00988858 3.58983 -363.028
4 7 18 21 -0.00774088 3.53702 -456.927
4 7 19 22 -0.00614853 3.47691 -565.487
4 7 20 23 -0.00513635 3.54282 -689.754
4 7 21 24 -0.00423671 3.51976 -830.777
4 7 22 25 -0.00349557 3.45922 -989.602
4 7 23 26 -0.00285936 3.33766 -1167.28
4 7 24 27 -0.0024473 3.34019 -1364.85
4 7 25 28 -0.00212005 3.3568 -1583.36
4 7 26 29 -0.00186917 3.40911 -1823.87
4 7 27 30 -0.0016328 3.40833 -2087.41
4 7 28 31 -0.0014439 3.42932 -2375.04
4 7 29 32 -0.00129198 3.4726 -2687.81
4 7 30 33 -0.00118119 3.57517 -3026.75
4 7 31 34 -0.00104292 3.53854 -3392.92
4 7 32 35 -0.00094014 3.56065 -3787.36
4 7 33 36 -0.00080779 3.40171 -4211.13
4 7 34 37 -0.000735628 3.4319 -4665.27
4 7 35 38 -0.000649596 3.34595 -5150.82
4 7 36 39 -0.00059656 3.3818 -5668.83
4 7 37 40 -0.00054354 3.38101 -6220.35
4 7 38 41 -0.000493867 3.36147 -6806.44
4 7 39 42 -0.000462636 3.43652 -7428.12
4 7 40 43 -0.000431751 3.49134 -8086.46
4 7 41 44 -0.000405057 3.55741 -8782.5
4 7 42 45 -0.000372159 3.54194 -9517.28
4 7 43 46 -0.000340059 3.49984 -10291.9
4 7 44 47 -0.000314974 3.4985 -11107.3
4 7 45 48 -0.000294762 3.5267 -11964.6
4 7 46 49 -0.000271418 3.49174 -12864.8
4 7 47 50 -0.000256467 3.54156 -13809
4 7 48 51 -0.000241297 3.57078 -14798.3
4 7 49 52 -0.000230174 3.64449 -15833.6
4 7 50 53 -0.000219467 3.71252 -16916.1
4 7 51 54 -0.000205685 3.71194 -18046.7
4 7 52 55 -0.000192572 3.70249 -19226.5
4 7 53 56 -0.000180309 3.68852 -20456.7
4 7 54 57 -0.00016954 3.68547 -21738.1
4 7 55 58 -0.000164121 3.78658 -23071.9
4 7 56 59 -0.000158817 3.88451 -24459
4 7 57 60 -0.000152782 3.95716 -25900.7
4 7 58 61 -0.000145858 3.99619 -27397.8
4 7 59 62 -0.000135568 3.9249 -28951.5
4 7 60 63 -0.000128792 3.93625 -30562.8
4 7 61 64 -0.000119824 3.86226 -32232.7
4 7 62 1 -0.278919 5.22799 -18.7438
4 7 63 2 -0.573802 5.99071 -10.4404
4 7 64 3 -1.75345 7.33624 -4.1839
5 8 6 9 2.82564 7.1016 2.51327
5 8 7 10 -0.725163 11.3908 -15.708
5 8 9 12 -1.45195 7.09555 -4.88692
5 8 10 13 -0.422334 5.89689 -13.9626
5 8 11 14 -0.183915 5.20007 -28.2743
5 8 12 15 -0.0980709 4.79265 -48.8692
5 8 13 16 -0.0568095 4.36265 -76.7945
5 8 14 17 -0.0363642 4.11269 -113.097
5 8 15 18 -0.0255388 4.0562 -158.825
5 8 16 19 -0.0176468 3.79449 -215.025
5 8 17 20 -0.0126592 3.57931 -282.743
5 8 18 21 -0.00965392 3.50465 -363.028
5 8 19 22 -0.00748984 3.42231 -456.927
5 8 20 23 -0.00613931 3.4717 -565.487
5 8 21 24 -0.00498353 3.43741 -689.754
5 8 22 25 -0.00405558 3.36929 -830.777
5 8 23 26 -0.00327837 3.24428 -989.602
5 8 24 27 -0.00277578 3.2401 -1167.28
5 8 25 28 -0.00238152 3.25041 -1364.85
5 8 26 29 -0.00208304 3.2982 -1583.36
5 8 27 30 -0.00180587 3.29367 -1823.87
5 8 28 31 -0.00158761 3.314 -2087.41
5 8 29 32 -0.00141194 3.35341 -2375.04
5 8 30 33 -0.0012805 3.44175 -2687.81
5 8 31 34 -0.00112915 3.41767 -3026.75
5 8 32 35 -0.00101246 3.43521 -3392.92
5 8 33 36 -0.000869532 3.29323 -3787.36
5 8 34 37 -0.000784085 3.30188 -4211.13
5 8 35 38 -0.000690624 3.22194 -4665.27
5 8 36 39 -0.000630629 3.24825 -5150.82
5 8 37 40 -0.000576318 3.26705 -5668.83
5 8 38 41 -0.0005225 3.25013 -6220.35
5 8 39 42 -0.000487512 3.31822 -6806.44
5 8 40 43 -0.000453823 3.37105 -7428.12
5 8 41 44 -0.000424334 3.43136 -8086.46
5 8 42 45 -0.000388973 3.41615 -8782.5
5 8 43 46 -0.000354622 3.37504 -9517.28
5 8 44 47 -0.000328068 3.37643 -10291.9
5 8 45 48 -0.000306353 3.40275 -11107.3
5 8 46 49 -0.000281618 3.36944 -11964.6
5 8 47 50 -0.000265999 3.42203 -12864.8
5 8 48 51 -0.000249768 3.44906 -13809
5 8 49 52 -0.000237666 3.51705 -14798.3
5 8 50 53 -0.000226386 3.58451 -15833.6
5 8 51 54 -0.000212526 3.59511 -16916.1
5 8 52 55 -0.000197452 3.56336 -18046.7
5 8 53 56 -0.000184699 3.55112 -19226.5
5 8 54 57 -0.000173852 3.55643 -20456.7
5 8 55 58 -0.000168306 3.65865 -21738.1
5 8 56 59 -0.000162494 3.74904 -23071.9
5 8 57 60 -0.000156436 3.82628 -24459
5 8 58 61 -0.000149938 3.8835 -25900.7
5 8 59 62 -0.000139067 3.81013 -27397.8
5 8 60 63 -0.000130701 3.78399 -28951.5
5 8 61 64 -0.000121509 3.71366 -30562.8
5 8 62 1 -0.154812 4.4984 -29.0572
5 8 63 2 -0.263864 4.94581 -18.7438
5 8 64 3 -0.532979 5.5645 -10.4404
6 9 7 10 2.74198 6.89135 2.51327
6 9 8 11 -0.628701 9.87561 -15.708
6 9 10 13 -1.46103 7.13992 -4.88692
6 9 11 14 -0.424787 5.93115 -13.9626
6 9 12 15 -0.188348 5.32541 -28.2743
6 9 13 16 -0.0969535 4.73804 -48.8692
6 9 14 17 -0.0570654 4.38231 -76.7945
6 9 15 18 -0.0378706 4.28306 -113.097
6 9 16 19 -0.0249484 3.96243 -158.825
6 9 17 20 -0.0172093 3.70042 -215.025
6 9 18 21 -0.0127087 3.59329 -282.743
6 9 19 22 -0.00958343 3.47906 -363.028
6 9 20 23 -0.00768454 3.51127 -456.927
6 9 21 24 -0.00611766 3.45946 -565.487
6 9 22 25 -0.00489725 3.3779 -689.754
6 9 23 26 -0.00390183 3.24155 -830.777
6 9 24 27 -0.00326063 3.22673 -989.602
6 9 25 28 -0.00276967 3.23297 -1167.28
6 9 26 29 -0.00240107 3.27709 -1364.85
6 9 27 30 -0.00206775 3.274 -1583.36
6 9 28 31 -0.00180229 3.28715 -1823.87
6 9 29 32 -0.00159001 3.319 -2087.41
6 9 30 33 -0.00142459 3.38347 -2375.04
6 9 31 34 -0.00125779 3.38069 -2687.81
6 9 32 35 -0.00112334 3.40007 -3026.75
6 9 33 36 -0.000970586 3.29312 -3392.92
6 9 34 37 -0.000863087 3.26883 -3787.36
6 9 35 38 -0.000756685 3.1865 -4211.13
6 9 36 39 -0.000690711 3.22235 -4665.27
6 9 37 40 -0.000626069 3.22477 -5150.82
6 9 38 41 -0.000565998 3.20855 -5668.83
6 9 39 42 -0.000527211 3.27944 -6220.35
6 9 40 43 -0.000489555 3.33212 -6806.44
6 9 41 44 -0.000456635 3.39194 -7428.12
6 9 42 45 -0.000417595 3.37687 -8086.46
6 9 43 46 -0.00038072 3.34367 -8782.5
6 9 44 47 -0.000350518 3.33598 -9517.28
6 9 45 48 -0.000326867 3.36407 -10291.9
6 9 46 49 -0.000299873 3.33077 -11107.3
6 9 47 50 -0.000282977 3.3857 -11964.6
6 9 48 51 -0.000265164 3.41129 -12864.8
6 9 49 52 -0.000252373 3.48503 -13809
6 9 50 53 -0.00023977 3.54819 -14798.3
6 9 51 54 -0.000224993 3.56246 -15833.6
6 9 52 55 -0.000208894 3.53367 -16916.1
6 9 53 56 -0.000195006 3.51922 -18046.7
6 9 54 57 -0.000182925 3.51702 -19226.5
6 9 55 58 -0.000176874 3.61825 -20456.7
6 9 56 59 -0.000170936 3.71582 -21738.1
6 9 57 60 -0.000164534 3.7961 -23071.9
6 9 58 61 -0.000157233 3.84577 -24459
6 9 59 62 -0.000145617 3.77158 -25900.7
6 9 60 63 -0.000137075 3.75556 -27397.8
6 9 61 64 -0.000127122 3.68038 -28951.5
6 9 62 1 -0.100172 4.14019 -41.3309
6 9 63 2 -0.152931 4.44373 -29.0572
6 9 64 3 -0.258098 4.83774 -18.7438
7 10 8 11 2.92477 7.35075 2.51327
7 10 9 12 -0.581192 9.12934 -15.708
7 10 11 14 -1.5181 7.41883 -4.88692
7 10 12 15 -0.453719 6.33511 -13.9626
7 10 13 16 -0.192401 5.44002 -28.2743
7 10 14 17 -0.100142 4.89384 -48.8692
7 10 15 18 -0.0613949 4.71479 -76.7945
7 10 16 19 -0.0379809 4.29554 -113.097
7 10 17 20 -0.0249268 3.959 -158.825
7 10 18 21 -0.0176684 3.79914 -215.025
7 10 19 22 -0.0128724 3.63959 -282.743
7 10 20 23 -0.0100401 3.64485 -363.028
7 10 21 24 -0.00780415 3.56593 -456.927
7 10 22 25 -0.0061222 3.46202 -565.487
7 10 23 26 -0.00479094 3.30457 -689.754
7 10 24 27 -0.00394279 3.27558 -830.777
7 10 25 28 -0.00330536 3.27099 -989.602
7 10 26 29 -0.00283454 3.30869 -1167.28
7 10 27 30 -0.00241764 3.29971 -1364.85
7 10 28 31 -0.00208952 3.30846 -1583.36
7 10 29 32 -0.00182843 3.33481 -1823.87
7 10 30 33 -0.00163747 3.41808 -2087.41
7 10 31 34 -0.00142758 3.39056 -2375.04
7 10 32 35 -0.00126829 3.40892 -2687.81
7 10 33 36 -0.00107974 3.26811 -3026.75
7 10 34 37 -0.000964395 3.27212 -3392.92
7 10 35 38 -0.000841908 3.18861 -3787.36
7 10 36 39 -0.000762871 3.21255 -4211.13
7 10 37 40 -0.000690731 3.22244 -4665.27
7 10 38 41 -0.000621704 3.20228 -5150.82
7 10 39 42 -0.00057787 3.27585 -5668.83
7 10 40 43 -0.000534756 3.32637 -6220.35
7 10 41 44 -0.000498437 3.39258 -6806.44
7 10 42 45 -0.000456229 3.38892 -7428.12
7 10 43 46 -0.000413335 3.34242 -8086.46
7 10 44 47 -0.000379733 3.335 -8782.5
7 10 45 48 -0.000352777 3.35748 -9517.28
7 10 46 49 -0.000323467 3.32908 -10291.9
7 10 47 50 -0.000303966 3.37623 -11107.3
7 10 48 51 -0.000285282 3.41328 -11964.6
7 10 49 52 -0.000271425 3.49183 -12864.8
7 10 50 53 -0.000258622 3.57132 -13809
7 10 51 54 -0.000240659 3.56134 -14798.3
7 10 52 55 -0.000222657 3.52547 -15833.6
7 10 53 56 -0.00020755 3.51093 -16916.1
7 10 54 57 -0.000194963 3.51844 -18046.7
7 10 55 58 -0.000188835 3.63065 -19226.5
7 10 56 59 -0.000181699 3.71695 -20456.7
7 10 57 60 -0.000174747 3.79866 -21738.1
7 10 58 61 -0.000166856 3.84968 -23071.9
7 10 59 62 -0.000154302 3.77408 -24459
7 10 60 63 -0.000144367 3.7392 -25900.7
7 10 61 64 -0.000133329 3.65293 -27397.8
7 10 62 1 -0.0699529 3.88244 -55.5008
7 10 63 2 -0.0987803 4.08268 -41.3309
7 10 64 3 -0.149237 4.33641 -29.0572
8 11 9 12 2.89163 7.26746 2.51327
8 11 10 13 -0.67001 10.5245 -15.708
8 11 12 15 -1.57142 7.67939 -4.88692
8 11 13 16 -0.451711 6.30707 -13.9626
8 11 14 17 -0.194945 5.51193 -28.2743
8 11 15 18 -0.107378 5.2475 -48.8692
8 11 16 19 -0.0613897 4.71439 -76.7945
8 11 17 20 -0.0379131 4.28787 -113.097
8 11 18 21 -0.025592 4.06465 -158.825
8 11 19 22 -0.0178956 3.848 -215.025
8 11 20 23 -0.0135092 3.81963 -282.743
8 11 21 24 -0.0102189 3.70975 -363.028
8 11 22 25 -0.0078408 3.58267 -456.927
8 11 23 26 -0.0060213 3.40496 -565.487
8 11 24 27 -0.00487131 3.36 -689.754
8 11 25 28 -0.00402293 3.34216 -830.777
8 11 26 29 -0.003405 3.3696 -989.602
8 11 27 30 -0.00287622 3.35734 -1167.28
8 11 28 31 -0.00246059 3.35834 -1364.85
8 11 29 32 -0.00213572 3.38162 -1583.36
8 11 30 33 -0.00189716 3.46017 -1823.87
8 11 31 34 -0.00164682 3.43759 -2087.41
8 11 32 35 -0.00145444 3.45436 -2375.04
8 11 33 36 -0.0012332 3.31461 -2687.81
8 11 34 37 -0.00109275 3.30747 -3026.75
8 11 35 38 -0.000949986 3.22323 -3392.92
8 11 36 39 -0.000858537 3.25159 -3787.36
8 11 37 40 -0.000771304 3.24806 -4211.13
8 11 38 41 -0.000692804 3.23211 -4665.27
8 11 39 42 -0.000642359 3.30867 -5150.82
8 11 40 43 -0.000593618 3.36512 -5668.83
8 11 41 44 -0.000551225 3.42881 -6220.35
8 11 42 45 -0.00050236 3.41928 -6806.44
8 11 43 46 -0.000455105 3.38058 -7428.12
8 11 44 47 -0.000415146 3.35706 -8086.46
8 11 45 48 -0.000385742 3.38778 -8782.5
8 11 46 49 -0.000352038 3.35044 -9517.28
8 11 47 50 -0.000332551 3.42257 -10291.9
8 11 48 51 -0.000309874 3.44186 -11107.3
8 11 49 52 -0.000295727 3.53825 -11964.6
8 11 50 53 -0.000279736 3.59875 -12864.8
8 11 51 54 -0.000262104 3.61941 -13809
8 11 52 55 -0.000240591 3.56034 -14798.3
8 11 53 56 -0.000224175 3.5495 -15833.6
8 11 54 57 -0.000209709 3.54745 -16916.1
8 11 55 58 -0.000203059 3.66455 -18046.7
8 11 56 59 -0.000195427 3.75739 -19226.5
8 11 57 60 -0.000188419 3.85442 -20456.7
8 11 58 61 -0.000180431 3.92222 -21738.1
8 11 59 62 -0.000166129 3.8329 -23071.9
8 11 60 63 -0.00015402 3.76718 -24459
8 11 61 64 -0.000141839 3.67373 -25900.7
8 11 62 1 -0.052945 3.78487 -71.4868
8 11 63 2 -0.0707149 3.92473 -55.5008
8 11 64 3 -0.0991895 4.09959 -41.3309
9 12 10 13 2.78506 6.99962 2.51327
9 12 11 14 -0.742133 11.6574 -15.708
9 12 13 16 -1.5036 7.34796 -4.88692
9 12 14 17 -0.444017 6.19965 -13.9626
9 12 15 18 -0.206355 5.83456 -28.2743
9 12 16 19 -0.105816 5.17114 -48.8692
9 12 17 20 -0.0604561 4.6427 -76.7945
9 12 18 21 -0.0384127 4.34437 -113.097
9 12 19 22 -0.0255539 4.0586 -158.825
9 12 20 23 -0.0185609 3.99106 -215.025
9 12 21 24 -0.0135962 3.84423 -282.743
9 12 22 25 -0.0101582 3.68772 -363.028
9 12 23 26 -0.00762712 3.48504 -456.927
9 12 24 27 -0.00605485 3.42394 -565.487
9 12 25 28 -0.00491483 3.39002 -689.754
9 12 26 29 -0.00410304 3.40871 -830.777
9 12 27 30 -0.00342092 3.38535 -989.602
9 12 28 31 -0.00289461 3.37881 -1167.28
9 12 29 32 -0.00248893 3.397 -1364.85
9 12 30 33 -0.00219448 3.47466 -1583.36
9 12 31 34 -0.00189109 3.4491 -1823.87
9 12 32 35 -0.00165869 3.46237 -2087.41
9 12 33 36 -0.00139515 3.31353 -2375.04
9 12 34 37 -0.0012306 3.30763 -2687.81
9 12 35 38 -0.0010651 3.22378 -3026.75
9 12 36 39 -0.000957133 3.24748 -3392.92
9 12 37 40 -0.000858722 3.25229 -3787.36
9 12 38 41 -0.000767696 3.23287 -4211.13
9 12 39 42 -0.000708981 3.30758 -4665.27
9 12 40 43 -0.000652336 3.36006 -5150.82
9 12 41 44 -0.000604999 3.42964 -5668.83
9 12 42 45 -0.000550405 3.42371 -6220.35
9 12 43 46 -0.000496935 3.38236 -6806.44
9 12 44 47 -0.000451951 3.35715 -7428.12
9 12 45 48 -0.000418755 3.38625 -8086.46
9 12 46 49 -0.000381722 3.35247 -8782.5
9 12 47 50 -0.000359683 3.4232 -9517.28
9 12 48 51 -0.000335037 3.44815 -10291.9
9 12 49 52 -0.000318961 3.54279 -11107.3
9 12 50 53 -0.000302127 3.61482 -11964.6
9 12 51 54 -0.000281141 3.61683 -12864.8
9 12 52 55 -0.00025764 3.55776 -13809
9 12 53 56 -0.000239656 3.5465 -14798.3
9 12 54 57 -0.000224111 3.54849 -15833.6
9 12 55 58 -0.000217282 3.67556 -16916.1
9 12 56 59 -0.000208631 3.7651 -18046.7
9 12 57 60 -0.00020109 3.86627 -19226.5
9 12 58 61 -0.00019208 3.92931 -20456.7
9 12 59 62 -0.000176997 3.84757 -21738.1
9 12 60 63 -0.00016232 3.74502 -23071.9
9 12 61 64 -0.000149541 3.65763 -24459
9 12 62 1 -0.0415195 3.70319 -89.1916
9 12 63 2 -0.0531065 3.79642 -71.4868
9 12 64 3 -0.070473 3.9113 -55.5008
10 13 11 14 2.90868 7.31031 2.51327
10 13 12 15 -0.582157 9.14451 -15.708
10 13 14 17 -1.5547 7.59768 -4.88692
10 13 15 18 -0.49367 6.89294 -13.9626
10 13 16 19 -0.21053 5.95259 -28.2743
10 13 17 20 -0.107507 5.25377 -48.8692
10 13 18 21 -0.0629838 4.83681 -76.7945
10 13 19 22 -0.0392391 4.43784 -113.097
10 13 20 23 -0.0271359 4.30986 -158.825
10 13 21 24 -0.0190884 4.10447 -215.025
10 13 22 25 -0.013792 3.89961 -282.743
10 13 23 26 -0.0100712 3.65613 -363.028
10 13 24 27 -0.00780941 3.56833 -456.927
10 13 25 28 -0.00621217 3.5129 -565.487
10 13 26 29 -0.00510224 3.51929 -689.754
10 13 27 30 -0.00419165 3.48233 -830.777
10 13 28 31 -0.00349778 3.46141 -989.602
10 13 29 32 -0.00297243 3.46964 -1167.28
10 13 30 33 -0.00259608 3.54326 -1364.85
10 13 31 34 -0.00222198 3.5182 -1583.36
10 13 32 35 -0.0019342 3.52773 -1823.87
10 13 33 36 -0.00161406 3.3692 -2087.41
10 13 34 37 -0.00141508 3.36087 -2375.04
10 13 35 38 -0.00121788 3.27342 -2687.81
10 13 36 39 -0.00108906 3.29632 -3026.75
10 13 37 40 -0.000971433 3.29599 -3392.92
10 13 38 41 -0.000865289 3.27716 -3787.36
10 13 39 42 -0.000796274 3.35321 -4211.13
10 13 40 43 -0.000729832 3.40486 -4665.27
10 13 41 44 -0.000674393 3.47367 -5150.82
10 13 42 45 -0.000611084 3.46413 -5668.83
10 13 43 46 -0.000550391 3.42363 -6220.35
10 13 44 47 -0.0004997 3.40118 -6806.44
10 13 45 48 -0.000461592 3.42876 -7428.12
10 13 46 49 -0.000419795 3.39466 -8086.46
10 13 47 50 -0.000394945 3.4686 -8782.5
10 13 48 51 -0.000366783 3.49078 -9517.28
10 13 49 52 -0.000348526 3.58698 -10291.9
10 13 50 53 -0.000328958 3.65383 -11107.3
10 13 51 54 -0.00030698 3.67289 -11964.6
10 13 52 55 -0.000280625 3.61019 -12864.8
10 13 53 56 -0.000261079 3.60525 -13809
10 13 54 57 -0.000243132 3.59794 -14798.3
10 13 55 58 -0.000235184 3.72382 -15833.6
10 13 56 59 -0.000225823 3.82004 -16916.1
10 13 57 60 -0.000216923 3.91475 -18046.7
10 13 58 61 -0.000207248 3.98466 -19226.5
10 13 59 62 -0.000190743 3.90196 -20456.7
10 13 60 63 -0.000174963 3.80336 -21738.1
10 13 61 64 -0.000160468 3.70229 -23071.9
10 13 62 1 -0.0338731 3.67518 -108.498
10 13 63 2 -0.0418504 3.73271 -89.1916
10 13 64 3 -0.0531932 3.80261 -71.4868
11 14 12 15 3.05126 7.66866 2.51327
11 14 13 16 -0.664509 10.4381 -15.708
11 14 15 18 -1.62165 7.92489 -4.88692
11 14 16 19 -0.472416 6.59617 -13.9626
11 14 17 20 -0.203045 5.74097 -28.2743
11 14 18 21 -0.106793 5.21888 -48.8692
11 14 19 22 -0.0613384 4.71045 -76.7945
11 14 20 23 -0.040019 4.52604 -113.097
11 14 21 24 -0.0268492 4.26432 -158.825
11 14 22 25 -0.0186616 4.01271 -215.025
11 14 23 26 -0.0131962 3.73115 -282.743
11 14 24 27 -0.00996283 3.61679 -363.028
11 14 25 28 -0.0077448 3.53881 -456.927
11 14 26 29 -0.00624576 3.53189 -565.487
11 14 27 30 -0.0050493 3.48278 -689.754
11 14 28 31 -0.00416057 3.4565 -830.777
11 14 29 32 -0.00349391 3.45758 -989.602
11 14 30 33 -0.00301656 3.52116 -1167.28
11 14 31 34 -0.00255478 3.48688 -1364.85
11 14 32 35 -0.00220265 3.4876 -1583.36
11 14 33 36 -0.00182397 3.32668 -1823.87
11 14 34 37 -0.00158998 3.31895 -2087.41
11 14 35 38 -0.00135914 3.22802 -2375.04
11 14 36 39 -0.00121373 3.26227 -2687.81
11 14 37 40 -0.00107845 3.26421 -3026.75
11 14 38 41 -0.000956415 3.24504 -3392.92
11 14 39 42 -0.000875137 3.31446 -3787.36
11 14 40 43 -0.000798984 3.36463 -4211.13
11 14 41 44 -0.00073434 3.42589 -4665.27
11 14 42 45 -0.000662843 3.41418 -5150.82
11 14 43 46 -0.000595222 3.37421 -5668.83
11 14 44 47 -0.000544178 3.38498 -6220.35
11 14 45 48 -0.000501164 3.41114 -6806.44
11 14 46 49 -0.000455466 3.38326 -7428.12
11 14 47 50 -0.00042394 3.42817 -8086.46
11 14 48 51 -0.00039401 3.46039 -8782.5
11 14 49 52 -0.000370525 3.52639 -9517.28
11 14 50 53 -0.000349654 3.59859 -10291.9
11 14 51 54 -0.000324819 3.60785 -11107.3
11 14 52 55 -0.000301199 3.60372 -11964.6
11 14 53 56 -0.000279115 3.59076 -12864.8
11 14 54 57 -0.000259969 3.58992 -13809
11 14 55 58 -0.000248872 3.68288 -14798.3
11 14 56 59 -0.000239032 3.78474 -15833.6
11 14 57 60 -0.000227773 3.85303 -16916.1
11 14 58 61 -0.000216575 3.90847 -18046.7
11 14 59 62 -0.000199628 3.83816 -19226.5
11 14 60 63 -0.000186936 3.82409 -20456.7
11 14 61 64 -0.000173207 3.76519 -21738.1
11 14 62 1 -0.0281529 3.63935 -129.271
11 14 63 2 -0.0338697 3.67481 -108.498
11 14 64 3 -0.0416808 3.71758 -89.1916
12 15 13 16 2.83129 7.11581 2.51327
12 15 14 17 -0.760028 11.9385 -15.708
12 15 16 19 -1.53972 7.52448 -4.88692
12 15 17 20 -0.460061 6.42366 -13.9626
12 15 18 21 -0.203715 5.75991 -28.2743
12 15 19 22 -0.10415 5.08971 -48.8692
12 15 20 23 -0.0628168 4.82398 -76.7945
12 15 21 24 -0.0396358 4.4827 -113.097
12 15 22 25 -0.0262244 4.16509 -158.825
12 15 23 26 -0.017823 3.83238 -215.025
12 15 24 27 -0.0130159 3.68016 -282.743
12 15 25 28 -0.00983767 3.57136 -363.028
12 15 26 29 -0.00776007 3.54579 -456.927
12 15 27 30 -0.0061552 3.48069 -565.487
12 15 28 31 -0.00498731 3.44002 -689.754
12 15 29 32 -0.0041272 3.42878 -830.777
12 15 30 33 -0.0035178 3.48122 -989.602
12 15 31 34 -0.00294875 3.44201 -1167.28
12 15 32 35 -0.00251869 3.43763 -1364.85
12 15 33 36 -0.00206973 3.27714 -1583.36
12 15 34 37 -0.00179052 3.26567 -1823.87
12 15 35 38 -0.00152109 3.17515 -2087.41
12 15 36 39 -0.0013487 3.20323 -2375.04
12 15 37 40 -0.0011912 3.20171 -2687.81
12 15 38 41 -0.00105152 3.18269 -3026.75
12 15 39 42 -0.000958171 3.251 -3392.92
12 15 40 43 -0.000871176 3.29946 -3787.36
12 15 41 44 -0.000798449 3.36237 -4211.13
12 15 42 45 -0.000718528 3.35212 -4665.27
12 15 43 46 -0.000643111 3.31255 -5150.82
12 15 44 47 -0.000582717 3.30332 -5668.83
12 15 45 48 -0.000535252 3.32946 -6220.35
12 15 46 49 -0.000484604 3.29843 -6806.44
12 15 47 50 -0.00045173 3.35551 -7428.12
12 15 48 51 -0.000418384 3.38325 -8086.46
12 15 49 52 -0.000394085 3.46105 -8782.5
12 15 50 53 -0.000371257 3.53336 -9517.28
12 15 51 54 -0.000344203 3.54249 -10291.9
12 15 52 55 -0.000315568 3.5051 -11107.3
12 15 53 56 -0.000294112 3.51893 -11964.6
12 15 54 57 -0.000273727 3.52145 -12864.8
12 15 55 58 -0.000262273 3.62174 -13809
12 15 56 59 -0.000251085 3.71563 -14798.3
12 15 57 60 -0.000238997 3.78419 -15833.6
12 15 58 61 -0.000227685 3.85154 -16916.1
12 15 59 62 -0.000208941 3.7707 -18046.7
12 15 60 63 -0.000194734 3.74406 -19226.5
12 15 61 64 -0.000178901 3.65972 -20456.7
12 15 62 1 -0.0238136 3.60419 -151.35
12 15 63 2 -0.02805 3.62605 -129.271
12 15 64 3 -0.0336626 3.65234 -108.498
13 16 14 17 2.95954 7.43814 2.51327
13 16 15 18 -0.580937 9.12533 -15.708
13 16 17 20 -1.58051 7.72384 -4.88692
13 16 18 21 -0.488922 6.82663 -13.9626
13 16 19 22 -0.207095 5.85547 -28.2743
13 16 20 23 -0.111868 5.4669 -48.8692
13 16 21 24 -0.0650902 4.99857 -76.7945
13 16 22 25 -0.0404084 4.57008 -113.097
13 16 23 26 -0.0261127 4.14734 -158.825
13 16 24 27 -0.018284 3.93151 -215.025
13 16 25 28 -0.0133371 3.77098 -282.743
13 16 26 29 -0.0102272 3.71276 -363.028
13 16 27 30 -0.00792024 3.61897 -456.927
13 16 28 31 -0.00629224 3.55818 -565.487
13 16 29 32 -0.0051165 3.52913 -689.754
13 16 30 33 -0.00429218 3.56584 -830.777
13 16 31 34 -0.00354763 3.51074 -989.602
13 16 32 35 -0.00299477 3.49572 -1167.28
13 16 33 36 -0.00243563 3.32426 -1364.85
13 16 34 37 -0.00208926 3.30806 -1583.36
13 16 35 38 -0.00175917 3.2085 -1823.87
13 16 36 39 -0.00154755 3.23037 -2087.41
13 16 37 40 -0.00135986 3.22972 -2375.04
13 16 38 41 -0.00119334 3.20747 -2687.81
13 16 39 42 -0.00108147 3.27335 -3026.75
13 16 40 43 -0.000978544 3.32012 -3392.92
13 16 41 44 -0.000892611 3.38064 -3787.36
13 16 42 45 -0.000799961 3.36874 -4211.13
13 16 43 46 -0.000713327 3.32786 -4665.27
13 16 44 47 -0.000645303 3.32384 -5150.82
13 16 45 48 -0.000591037 3.35049 -5668.83
13 16 46 49 -0.000533244 3.31697 -6220.35
13 16 47 50 -0.000496358 3.37843 -6806.44
13 16 48 51 -0.000458021 3.40224 -7428.12
13 16 49 52 -0.000431242 3.48722 -8086.46
13 16 50 53 -0.000404582 3.55324 -8782.5
13 16 51 54 -0.000374344 3.56274 -9517.28
13 16 52 55 -0.000343682 3.53713 -10291.9
13 16 53 56 -0.000318341 3.5359 -11107.3
13 16 54 57 -0.000295086 3.53058 -11964.6
13 16 55 58 -0.000283515 3.64737 -12864.8
13 16 56 59 -0.000270365 3.73348 -13809
13 16 57 60 -0.000257921 3.81679 -14798.3
13 16 58 61 -0.00024403 3.86388 -15833.6
13 16 59 62 -0.000224644 3.8001 -16916.1
13 16 60 63 -0.000209907 3.78813 -18046.7
13 16 61 64 -0.000192916 3.70911 -19226.5
13 16 62 1 -0.0205182 3.58157 -174.556
13 16 63 2 -0.0237009 3.58713 -151.35
13 16 64 3 -0.0278012 3.59389 -129.271
14 17 15 18 3.14957 7.91573 2.51327
14 17 16 19 -0.663822 10.4273 -15.708
14 17 18 21 -1.68035 8.21173 -4.88692
14 17 19 22 -0.476714 6.65618 -13.9626
14 17 20 23 -0.216594 6.12405 -28.2743
14 17 21 24 -0.113099 5.52704 -48.8692
14 17 22 25 -0.0648993 4.98391 -76.7945
14 17 23 26 -0.0395036 4.46775 -113.097
14 17 24 27 -0.0263493 4.18492 -158.825
14 17 25 28 -0.018455 3.96827 -215.025
14 17 26 29 -0.013709 3.87612 -282.743
14 17 27 30 -0.0103368 3.75255 -363.028
14 17 28 31 -0.00802396 3.66637 -456.927
14 17 29 32 -0.0063977 3.61782 -565.487
14 17 30 33 -0.00527812 3.64061 -689.754
14 17 31 34 -0.00430564 3.57702 -830.777
14 17 32 35 -0.00358952 3.55219 -989.602
14 17 33 36 -0.00288681 3.36971 -1167.28
14 17 34 37 -0.00245101 3.34526 -1364.85
14 17 35 38 -0.0020471 3.24131 -1583.36
14 17 36 39 -0.00178853 3.26205 -1823.87
14 17 37 40 -0.0015605 3.25741 -2087.41
14 17 38 41 -0.00136099 3.23241 -2375.04
14 17 39 42 -0.00122751 3.29932 -2687.81
14 17 40 43 -0.00110433 3.34254 -3026.75
14 17 41 44 -0.00100397 3.4064 -3392.92
14 17 42 45 -0.000897119 3.39772 -3787.36
14 17 43 46 -0.000796538 3.35433 -4211.13
14 17 44 47 -0.000718468 3.35184 -4665.27
14 17 45 48 -0.000654371 3.37054 -5150.82
14 17 46 49 -0.00058991 3.3441 -5668.83
14 17 47 50 -0.000546028 3.39649 -6220.35
14 17 48 51 -0.000503795 3.42905 -6806.44
14 17 49 52 -0.000472262 3.50802 -7428.12
14 17 50 53 -0.0004432 3.58392 -8086.46
14 17 51 54 -0.000407615 3.57988 -8782.5
14 17 52 55 -0.00037452 3.56441 -9517.28
14 17 53 56 -0.000345682 3.55771 -10291.9
14 17 54 57 -0.000319731 3.55134 -11107.3
14 17 55 58 -0.000306428 3.66628 -11964.6
14 17 56 59 -0.000291983 3.75631 -12864.8
14 17 57 60 -0.000277964 3.83842 -13809
14 17 58 61 -0.00026386 3.90468 -14798.3
14 17 59 62 -0.000241435 3.82279 -15833.6
14 17 60 63 -0.000224827 3.80319 -16916.1
14 17 61 64 -0.000206292 3.72289 -18046.7
14 17 62 1 -0.0182559 3.62716 -198.685
14 17 63 2 -0.0207509 3.62219 -174.556
14 17 64 3 -0.023895 3.61651 -151.35
15 18 16 19 2.94058 7.39049 2.51327
15 18 17 20 -0.766342 12.0377 -15.708
15 18 19 22 -1.59315 7.7856 -4.88692
15 18 20 23 -0.493111 6.88512 -13.9626
15 18 21 24 -0.215551 6.09456 -28.2743
15 18 22 25 -0.110781 5.41379 -48.8692
15 18 23 26 -0.062449 4.79574 -76.7945
15 18 24 27 -0.0392195 4.43562 -113.097
15 18 25 28 -0.026149 4.15311 -158.825
15 18 26 29 -0.0186984 4.02062 -215.025
15 18 27 30 -0.0136599 3.86224 -282.743
15 18 28 31 -0.0103238 3.74783 -363.028
15 18 29 32 -0.0080445 3.67575 -456.927
15 18 30 33 -0.00651149 3.68216 -565.487
15 18 31 34 -0.00522973 3.60723 -689.754
15 18 32 35 -0.00430161 3.57368 -830.777
15 18 33 36 -0.00341436 3.37886 -989.602
15 18 34 37 -0.00286853 3.34837 -1167.28
15 18 35 38 -0.00237287 3.2386 -1364.85
15 18 36 39 -0.00205698 3.25695 -1583.36
15 18 37 40 -0.00178219 3.25048 -1823.87
15 18 38 41 -0.00154471 3.22445 -2087.41
15 18 39 42 -0.00138515 3.28979 -2375.04
15 18 40 43 -0.00123923 3.33081 -2687.81
15 18 41 44 -0.00112164 3.39492 -3026.75
15 18 42 45 -0.00099839 3.38746 -3392.92
15 18 43 46 -0.000882556 3.34256 -3787.36
15 18 44 47 -0.000792493 3.33729 -4211.13
15 18 45 48 -0.000720568 3.36164 -4665.27
15 18 46 49 -0.000646986 3.33251 -5150.82
15 18 47 50 -0.000597215 3.38551 -5668.83
15 18 48 51 -0.000549101 3.4156 -6220.35
15 18 49 52 -0.0005141 3.49919 -6806.44
15 18 50 53 -0.00048145 3.57627 -7428.12
15 18 51 54 -0.000443329 3.58496 -8086.46
15 18 52 55 -0.00040472 3.55445 -8782.5
15 18 53 56 -0.000372616 3.54629 -9517.28
15 18 54 57 -0.000345448 3.5553 -10291.9
15 18 55 58 -0.000330452 3.67042 -11107.3
15 18 56 59 -0.000314138 3.75853 -11964.6
15 18 57 60 -0.000299142 3.84841 -12864.8
15 18 58 61 -0.000283216 3.91094 -13809
15 18 59 62 -0.000258526 3.82574 -14798.3
15 18 60 63 -0.000241162 3.81847 -15833.6
15 18 61 64 -0.0002209 3.73676 -16916.1
15 18 62 1 -0.0165382 3.69645 -223.51
15 18 63 2 -0.0185636 3.68831 -198.685
15 18 64 3 -0.0210719 3.67823 -174.556
16 19 17 20 3.15441 7.9279 2.51327
16 19 18 21 -0.621294 9.75926 -15.708
16 19 20 23 -1.75168 8.5603 -4.88692
16 19 21 24 -0.511678 7.14437 -13.9626
16 19 22 25 -0.218085 6.1662 -28.2743
16 19 23 26 -0.109851 5.36834 -48.8692
16 19 24 27 -0.06348 4.87492 -76.7945
16 19 25 28 -0.0395921 4.47776 -113.097
16 19 26 29 -0.026913 4.27446 -158.825
16 19 27 30 -0.0188506 4.05333 -215.025
16 19 28 31 -0.0137539 3.88884 -282.743
16 19 29 32 -0.0103983 3.77488 -363.028
16 19 30 33 -0.00820337 3.74834 -456.927
16 19 31 34 -0.00645861 3.65226 -565.487
16 19 32 35 -0.00521683 3.59833 -689.754
16 19 33 36 -0.00407561 3.38592 -830.777
16 19 34 37 -0.00337395 3.33886 -989.602
16 19 35 38 -0.00275915 3.22069 -1167.28
16 19 36 39 -0.00236484 3.22764 -1364.85
16 19 37 40 -0.00203135 3.21637 -1583.36
16 19 38 41 -0.00174658 3.18553 -1823.87
16 19 39 42 -0.00155657 3.24921 -2087.41
16 19 40 43 -0.00138182 3.28188 -2375.04
16 19 41 44 -0.00124354 3.3424 -2687.81
16 19 42 45 -0.00110023 3.33012 -3026.75
16 19 43 46 -0.000967976 3.28427 -3392.92
16 19 44 47 -0.000866781 3.28282 -3787.36
16 19 45 48 -0.000784322 3.30288 -4211.13
16 19 46 49 -0.000701949 3.27478 -4665.27
16 19 47 50 -0.000646478 3.32989 -5150.82
16 19 48 51 -0.000592559 3.35912 -5668.83
16 19 49 52 -0.000553021 3.43999 -6220.35
16 19 50 53 -0.000517001 3.51893 -6806.44
16 19 51 54 -0.000474581 3.52525 -7428.12
16 19 52 55 -0.000431896 3.49251 -8086.46
16 19 53 56 -0.000396865 3.48547 -8782.5
16 19 54 57 -0.000366411 3.48724 -9517.28
16 19 55 58 -0.000349755 3.59963 -10291.9
16 19 56 59 -0.000331807 3.68547 -11107.3
16 19 57 60 -0.000315772 3.77808 -11964.6
16 19 58 61 -0.000299156 3.84859 -12864.8
16 19 59 62 -0.000272912 3.76865 -13809
16 19 60 63 -0.000251347 3.71951 -14798.3
16 19 61 64 -0.000230077 3.64295 -15833.6
16 19 62 1 -0.0146161 3.63626 -248.784
16 19 63 2 -0.0162025 3.62142 -223.51
16 19 64 3 -0.0181424 3.60461 -198.685
17 20 18 21 3.13341 7.87512 2.51327
17 20 19 22 -0.833493 13.0925 -15.708
17 20 21 24 -1.64822 8.05474 -4.88692
17 20 22 25 -0.481661 6.72526 -13.9626
17 20 23 26 -0.205976 5.82385 -28.2743
17 20 24 27 -0.107304 5.24386 -48.8692
17 20 25 28 -0.0619082 4.75421 -76.7945
17 20 26 29 -0.0397319 4.49357 -113.097
17 20 27 30 -0.0265526 4.21721 -158.825
17 20 28 31 -0.0186368 4.00738 -215.025
17 20 29 32 -0.0136308 3.85401 -282.743
17 20 30 33 -0.0104542 3.79515 -363.028
17 20 31 34 -0.00805176 3.67907 -456.927
17 20 32 35 -0.00637655 3.60585 -565.487
17 20 33 36 -0.00489337 3.37522 -689.754
17 20 34 37 -0.00399124 3.31583 -830.777
17 20 35 38 -0.00322244 3.18893 -989.602
17 20 36 39 -0.00273656 3.19432 -1167.28
17 20 37 40 -0.00232526 3.17363 -1364.85
17 20 38 41 -0.00198282 3.13952 -1583.36
17 20 39 42 -0.00175131 3.19416 -1823.87
17 20 40 43 -0.00154623 3.22763 -2087.41
17 20 41 44 -0.00138309 3.2849 -2375.04
17 20 42 45 -0.00121709 3.27131 -2687.81
17 20 43 46 -0.00106553 3.2251 -3026.75
17 20 44 47 -0.000947452 3.21463 -3392.92
17 20 45 48 -0.000854461 3.23616 -3787.36
17 20 46 49 -0.00076103 3.2048 -4211.13
17 20 47 50 -0.000699154 3.26174 -4665.27
17 20 48 51 -0.000638542 3.28901 -5150.82
17 20 49 52 -0.000594611 3.37075 -5668.83
17 20 50 53 -0.00055468 3.45031 -6220.35
17 20 51 54 -0.000507427 3.45377 -6806.44
17 20 52 55 -0.000459954 3.41659 -7428.12
17 20 53 56 -0.000420916 3.40372 -8086.46
17 20 54 57 -0.00038963 3.42192 -8782.5
17 20 55 58 -0.000370161 3.52293 -9517.28
17 20 56 59 -0.000351036 3.61281 -10291.9
17 20 57 60 -0.000332617 3.69447 -11107.3
17 20 58 61 -0.000314744 3.76578 -11964.6
17 20 59 62 -0.000287403 3.69739 -12864.8
17 20 60 63 -0.000263717 3.64168 -13809
17 20 61 64 -0.000240514 3.5592 -14798.3
17 20 62 1 -0.0130835 3.58799 -274.238
17 20 63 2 -0.0143451 3.56883 -248.784
17 20 64 3 -0.0158681 3.54669 -223.51
18 21 19 22 2.97971 7.48884 2.51327
18 21 20 23 -0.717616 11.2723 -15.708
18 21 22 25 -1.60578 7.84732 -4.88692
18 21 23 26 -0.475194 6.63496 -13.9626
18 21 24 27 -0.2083 5.88954 -28.2743
18 21 25 28 -0.10736 5.24658 -48.8692
18 21 26 29 -0.0638547 4.90369 -76.7945
18 21 27 30 -0.0402045 4.54703 -113.097
18 21 28 31 -0.0269235 4.27612 -158.825
18 21 29 32 -0.0189221 4.06872 -215.025
18 21 30 33 -0.0140264 3.96587 -282.743
18 21 31 34 -0.0105226 3.82001 -363.028
18 21 32 35 -0.00814145 3.72005 -456.927
18 21 33 36 -0.00612053 3.46108 -565.487
18 21 34 37 -0.00490649 3.38427 -689.754
18 21 35 38 -0.0039045 3.24377 -830.777
18 21 36 39 -0.00327728 3.2432 -989.602
18 21 37 40 -0.00275365 3.21427 -1167.28
18 21 38 41 -0.00232698 3.17598 -1364.85
18 21 39 42 -0.0020363 3.22419 -1583.36
18 21 40 43 -0.00178483 3.2553 -1823.87
18 21 41 44 -0.00158471 3.30794 -2087.41
18 21 42 45 -0.00138426 3.28768 -2375.04
18 21 43 46 -0.00120525 3.23947 -2687.81
18 21 44 47 -0.00107095 3.24149 -3026.75
18 21 45 48 -0.000961472 3.2622 -3392.92
18 21 46 49 -0.00085275 3.22968 -3787.36
18 21 47 50 -0.000778739 3.27937 -4211.13
18 21 48 51 -0.000708633 3.30596 -4665.27
18 21 49 52 -0.000655686 3.37732 -5150.82
18 21 50 53 -0.000608339 3.44857 -5668.83
18 21 51 54 -0.000556941 3.46437 -6220.35
18 21 52 55 -0.000508469 3.46086 -6806.44
18 21 53 56 -0.00046463 3.45133 -7428.12
18 21 54 57 -0.000425695 3.44237 -8086.46
18 21 55 58 -0.000402611 3.53593 -8782.5
18 21 56 59 -0.000381368 3.62959 -9517.28
18 21 57 60 -0.000360647 3.71173 -10291.9
18 21 58 61 -0.000339327 3.769 -11107.3
18 21 59 62 -0.000309565 3.70382 -11964.6
18 21 60 63 -0.000287827 3.70284 -12864.8
18 21 61 64 -0.000262439 3.62403 -13809
18 21 62 1 -0.0121618 3.64349 -299.584
18 21 63 2 -0.0132002 3.62 -274.238
18 21 64 3 -0.0144481 3.59446 -248.784
19 22 20 23 3.23246 8.12405 2.51327
19 22 21 24 -0.617735 9.70335 -15.708
19 22 23 26 -1.65236 8.07494 -4.88692
19 22 24 27 -0.500364 6.9864 -13.9626
19 22 25 28 -0.213498 6.03652 -28.2743
19 22 26 29 -0.113694 5.55612 -48.8692
19 22 27 30 -0.0660353 5.07115 -76.7945
19 22 28 31 -0.0415505 4.69925 -113.097
19 22 29 32 -0.0277546 4.40813 -158.825
19 22 30 33 -0.019705 4.23707 -215.025
19 22 31 34 -0.0142977 4.04258 -282.743
19 22 32 35 -0.0107483 3.90193 -363.028
19 22 33 36 -0.00787729 3.59935 -456.927
19 22 34 37 -0.00616824 3.48806 -565.487
19 22 35 38 -0.00483081 3.33207 -689.754
19 22 36 39 -0.00399826 3.32166 -830.777
19 22 37 40 -0.00331396 3.2795 -989.602
19 22 38 41 -0.00276935 3.2326 -1167.28
19 22 39 42 -0.00239787 3.27273 -1364.85
19 22 40 43 -0.00208302 3.29818 -1583.36
19 22 41 44 -0.00183543 3.34759 -1823.87
19 22 42 45 -0.00159102 3.32112 -2087.41
19 22 43 46 -0.00137737 3.27131 -2375.04
19 22 44 47 -0.00121625 3.26904 -2687.81
19 22 45 48 -0.00108617 3.28756 -3026.75
19 22 46 49 -0.000958999 3.25381 -3392.92
19 22 47 50 -0.000871268 3.29981 -3787.36
19 22 48 51 -0.000789627 3.32522 -4211.13
19 22 49 52 -0.000726592 3.38974 -4665.27
19 22 50 53 -0.000671217 3.45732 -5150.82
19 22 51 54 -0.00061245 3.47187 -5668.83
19 22 52 55 -0.000560284 3.48516 -6220.35
19 22 53 56 -0.000509559 3.46828 -6806.44
19 22 54 57 -0.000466707 3.46676 -7428.12
19 22 55 58 -0.000438963 3.54966 -8086.46
19 22 56 59 -0.000417073 3.66294 -8782.5
19 22 57 60 -0.000390885 3.72016 -9517.28
19 22 58 61 -0.000367131 3.77846 -10291.9
19 22 59 62 -0.000333958 3.70936 -11107.3
19 22 60 63 -0.000313053 3.74555 -11964.6
19 22 61 64 -0.000287309 3.69618 -12864.8
19 22 62 1 -0.0113621 3.68725 -324.521
19 22 63 2 -0.0122233 3.66191 -299.584
19 22 64 3 -0.0132463 3.63264 -274.238
20 23 21 24 3.26658 8.20981 2.51327
20 23 22 25 -0.696531 10.9411 -15.708
20 23 24 27 -1.77649 8.68156 -4.88692
20 23 25 28 -0.505461 7.05757 -13.9626
20 23 26 29 -0.226532 6.40503 -28.2743
20 23 27 30 -0.118216 5.77713 -48.8692
20 23 28 31 -0.0689617 5.29588 -76.7945
20 23 29 32 -0.0433584 4.90372 -113.097
20 23 30 33 -0.0292675 4.64841 -158.825
20 23 31 34 -0.0204347 4.39397 -215.025
20 23 32 35 -0.0148709 4.20463 -282.743
20 23 33 36 -0.010587 3.84338 -363.028
20 23 34 37 -0.00810305 3.7025 -456.927
20 23 35 38 -0.00620567 3.50923 -565.487
20 23 36 39 -0.00504976 3.4831 -689.754
20 23 37 40 -0.00412478 3.42677 -830.777
20 23 38 41 -0.00340197 3.3666 -989.602
20 23 39 42 -0.0029132 3.40051 -1167.28
20 23 40 43 -0.00250561 3.41977 -1364.85
20 23 41 44 -0.00219049 3.46833 -1583.36
20 23 42 45 -0.00188444 3.43697 -1823.87
20 23 43 46 -0.00161883 3.37918 -2087.41
20 23 44 47 -0.00142288 3.37939 -2375.04
20 23 45 48 -0.00126251 3.39339 -2687.81
20 23 46 49 -0.00110987 3.35931 -3026.75
20 23 47 50 -0.00100429 3.40747 -3392.92
20 23 48 51 -0.000905693 3.43019 -3787.36
20 23 49 52 -0.000832304 3.50494 -4211.13
20 23 50 53 -0.000767293 3.57963 -4665.27
20 23 51 54 -0.000697013 3.59019 -5150.82
20 23 52 55 -0.000632464 3.58533 -5668.83
20 23 53 56 -0.000574031 3.57068 -6220.35
20 23 54 57 -0.000523754 3.5649 -6806.44
20 23 55 58 -0.000492652 3.65948 -7428.12
20 23 56 59 -0.000466141 3.76943 -8086.46
20 23 57 60 -0.000436628 3.83468 -8782.5
20 23 58 61 -0.000409564 3.89794 -9517.28
20 23 59 62 -0.000372192 3.83055 -10291.9
20 23 60 63 -0.000345137 3.83353 -11107.3
20 23 61 64 -0.000314662 3.7648 -11964.6
20 23 62 1 -0.0110105 3.83975 -348.735
20 23 63 2 -0.0117441 3.8112 -324.521
20 23 64 3 -0.0126169 3.77984 -299.584
21 24 22 25 3.03661 7.63184 2.51327
21 24 23 26 -0.83304 13.0854 -15.708
21 24 25 28 -1.62637 7.94794 -4.88692
21 24 26 29 -0.504529 7.04455 -13.9626
21 24 27 30 -0.222003 6.277 -28.2743
21 24 28 31 -0.117056 5.72044 -48.8692
21 24 29 32 -0.0683256 5.24703 -76.7945
21 24 30 33 -0.043428 4.91159 -113.097
21 24 31 34 -0.028991 4.6045 -158.825
21 24 32 35 -0.0203296 4.37135 -215.025
21 24 33 36 -0.0140024 3.95909 -282.743
21 24 34 37 -0.010421 3.7831 -363.028
21 24 35 38 -0.00779723 3.56277 -456.927
21 24 36 39 -0.00621979 3.51721 -565.487
21 24 37 40 -0.00499527 3.44551 -689.754
21 24 38 41 -0.0040646 3.37677 -830.777
21 24 39 42 -0.00343793 3.40218 -989.602
21 24 40 43 -0.00292565 3.41504 -1167.28
21 24 41 44 -0.00253591 3.46114 -1364.85
21 24 42 45 -0.00216711 3.43132 -1583.36
21 24 43 46 -0.00184603 3.36691 -1823.87
21 24 44 47 -0.00160959 3.35988 -2087.41
21 24 45 48 -0.00142013 3.37286 -2375.04
21 24 46 49 -0.00124104 3.33567 -2687.81
21 24 47 50 -0.00111855 3.38556 -3026.75
21 24 48 51 -0.00100529 3.41088 -3392.92
21 24 49 52 -0.000920855 3.48761 -3787.36
21 24 50 53 -0.00084663 3.56527 -4211.13
21 24 51 54 -0.000765866 3.57297 -4665.27
21 24 52 55 -0.000690795 3.55816 -5150.82
21 24 53 56 -0.000625499 3.54585 -5668.83
21 24 54 57 -0.000571194 3.55303 -6220.35
21 24 55 58 -0.000535947 3.64789 -6806.44
21 24 56 59 -0.000504155 3.74492 -7428.12
21 24 57 60 -0.000471642 3.81391 -8086.46
21 24 58 61 -0.000443482 3.89488 -8782.5
21 24 59 62 -0.000402317 3.82896 -9517.28
21 24 60 63 -0.000369785 3.80577 -10291.9
21 24 61 64 -0.000335471 3.72617 -11107.3
21 24 62 1 -0.0103991 3.86748 -371.906
21 24 63 2 -0.0110122 3.84034 -348.735
21 24 64 3 -0.0117355 3.80844 -324.521
22 25 23 26 3.1167 7.83313 2.51327
22 25 24 27 -0.664566 10.439 -15.708
22 25 26 29 -1.66672 8.14512 -4.88692
22 25 27 30 -0.494882 6.90986 -13.9626
22 25 28 31 -0.220124 6.22386 -28.2743
22 25 29 32 -0.115653 5.65186 -48.8692
22 25 30 33 -0.0678719 5.21219 -76.7945
22 25 31 34 -0.0427826 4.83859 -113.097
22 25 32 35 -0.0286491 4.55019 -158.825
22 25 33 36 -0.018949 4.0745 -215.025
22 25 34 37 -0.0136269 3.85292 -282.743
22 25 35 38 -0.00991398 3.59906 -363.028
22 25 36 39 -0.00773288 3.53336 -456.927
22 25 37 40 -0.00608748 3.44239 -565.487
22 25 38 41 -0.00487315 3.36127 -689.754
22 25 39 42 -0.00406354 3.3759 -830.777
22 25 40 43 -0.00341283 3.37734 -989.602
22 25 41 44 -0.00292744 3.41713 -1167.28
22 25 42 45 -0.00247658 3.38015 -1364.85
22 25 43 46 -0.00209353 3.31482 -1583.36
22 25 44 47 -0.00181288 3.30645 -1823.87
22 25 45 48 -0.00158824 3.31532 -2087.41
22 25 46 49 -0.00137934 3.276 -2375.04
22 25 47 50 -0.00123716 3.32524 -2687.81
22 25 48 51 -0.00110576 3.34687 -3026.75
22 25 49 52 -0.0010085 3.42177 -3392.92
22 25 50 53 -0.000922537 3.49398 -3787.36
22 25 51 54 -0.000831469 3.50142 -4211.13
22 25 52 55 -0.000749403 3.49616 -4665.27
22 25 53 56 -0.000675921 3.48154 -5150.82
22 25 54 57 -0.00061349 3.47777 -5668.83
22 25 55 58 -0.000575741 3.58131 -6220.35
22 25 56 59 -0.00053995 3.67513 -6806.44
22 25 57 60 -0.000504763 3.74944 -7428.12
22 25 58 61 -0.000472607 3.82172 -8086.46
22 25 59 62 -0.000427712 3.75638 -8782.5
22 25 60 63 -0.000393468 3.74475 -9517.28
22 25 61 64 -0.000355522 3.65898 -10291.9
22 25 62 1 -0.00978814 3.85371 -393.712
22 25 63 2 -0.0102921 3.82771 -371.906
22 25 64 3 -0.0108893 3.79749 -348.735
23 26 24 27 3.20424 8.05313 2.51327
23 26 25 28 -0.707383 11.1115 -15.708
23 26 27 30 -1.63101 7.97062 -4.88692
23 26 28 31 -0.495052 6.91224 -13.9626
23 26 29 32 -0.218788 6.18608 -28.2743
23 26 30 33 -0.114545 5.59771 -48.8692
23 26 31 34 -0.0668696 5.13521 -76.7945
23 26 32 35 -0.0422308 4.77619 -113.097
23 26 33 36 -0.0265447 4.21597 -158.825
23 26 34 37 -0.0182859 3.93193 -215.025
23 26 35 38 -0.0128505 3.63338 -282.743
23 26 36 39 -0.00974163 3.53649 -363.028
23 26 37 40 -0.00748474 3.41998 -456.927
23 26 38 41 -0.00587386 3.32159 -565.487
23 26 39 42 -0.0048136 3.3202 -689.754
23 26 40 43 -0.0039815 3.30774 -830.777
23 26 41 44 -0.00337288 3.33781 -989.602
23 26 42 45 -0.00282113 3.29303 -1167.28
23 26 43 46 -0.00236145 3.22302 -1364.85
23 26 44 47 -0.00202949 3.21342 -1583.36
23 26 45 48 -0.00176466 3.2185 -1823.87
23 26 46 49 -0.00152216 3.17738 -2087.41
23 26 47 50 -0.00135592 3.22037 -2375.04
23 26 48 51 -0.0012052 3.23935 -2687.81
23 26 49 52 -0.00109372 3.31041 -3026.75
23 26 50 53 -0.000996694 3.3817 -3392.92
23 26 51 54 -0.000894691 3.38852 -3787.36
23 26 52 55 -0.000802738 3.38043 -4211.13
23 26 53 56 -0.00072177 3.36725 -4665.27
23 26 54 57 -0.000653292 3.36499 -5150.82
23 26 55 58 -0.000610075 3.45841 -5668.83
23 26 56 59 -0.000571235 3.55328 -6220.35
23 26 57 60 -0.000532992 3.62778 -6806.44
23 26 58 61 -0.000496664 3.68928 -7428.12
23 26 59 62 -0.000448527 3.627 -8086.46
23 26 60 63 -0.000412207 3.62021 -8782.5
23 26 61 64 -0.000372184 3.54218 -9517.28
23 26 62 1 -0.00909264 3.76291 -413.841
23 26 63 2 -0.00949528 3.73841 -393.712
23 26 64 3 -0.00997699 3.7105 -371.906
24 27 25 28 3.09835 7.78701 2.51327
24 27 26 29 -0.657221 10.3236 -15.708
24 27 28 31 -1.66094 8.11691 -4.88692
24 27 29 32 -0.509109 7.1085 -13.9626
24 27 30 33 -0.222428 6.289 -28.2743
24 27 31 34 -0.116785 5.70718 -48.8692
24 27 32 35 -0.0685061 5.26089 -76.7945
24 27 33 36 -0.0404851 4.57876 -113.097
24 27 34 37 -0.0264904 4.20733 -158.825
24 27 35 38 -0.0178538 3.839 -215.025
24 27 36 39 -0.0130852 3.69976 -282.743
24 27 37 40 -0.00976611 3.54538 -363.028
24 27 38 41 -0.00748344 3.41939 -456.927
24 27 39 42 -0.0060081 3.3975 -565.487
24 27 40 43 -0.00488325 3.36824 -689.754
24 27 41 44 -0.00407891 3.38866 -830.777
24 27 42 45 -0.00336715 3.33214 -989.602
24 27 43 46 -0.00278681 3.25298 -1167.28
24 27 44 47 -0.00237218 3.23767 -1364.85
24 27 45 48 -0.00204317 3.23508 -1583.36
24 27 46 49 -0.00175039 3.19248 -1823.87
24 27 47 50 -0.00154835 3.23206 -2087.41
24 27 48 51 -0.00136874 3.25083 -2375.04
24 27 49 52 -0.00123476 3.3188 -2687.81
24 27 50 53 -0.00111983 3.38945 -3026.75
24 27 51 54 -0.000999993 3.3929 -3392.92
24 27 52 55 -0.000894455 3.38763 -3787.36
24 27 53 56 -0.000801105 3.37356 -4211.13
24 27 54 57 -0.000721578 3.36635 -4665.27
24 27 55 58 -0.00067112 3.45682 -5150.82
24 27 56 59 -0.000627239 3.55571 -5668.83
24 27 57 60 -0.000583011 3.62653 -6220.35
24 27 58 61 -0.000542164 3.6902 -6806.44
24 27 59 62 -0.000487594 3.62191 -7428.12
24 27 60 63 -0.000449267 3.63298 -8086.46
24 27 61 64 -0.000405131 3.55806 -8782.5
24 27 62 1 -0.00878496 3.79502 -431.991
24 27 63 2 -0.00911489 3.77212 -413.841
24 27 64 3 -0.00951446 3.74596 -393.712
25 28 26 29 3.23257 8.12433 2.51327
25 28 27 30 -0.689122 10.8247 -15.708
25 28 29 32 -1.74402 8.52289 -4.88692
25 28 30 33 -0.514687 7.18639 -13.9626
25 28 31 34 -0.227047 6.41961 -28.2743
25 28 32 35 -0.1204 5.88386 -48.8692
25 28 33 36 -0.0658193 5.05456 -76.7945
25 28 34 37 -0.040458 4.5757 -113.097
25 28 35 38 -0.0260001 4.12947 -158.825
25 28 36 39 -0.0182519 3.92462 -215.025
25 28 37 40 -0.0131624 3.72157 -282.743
25 28 38 41 -0.00980692 3.56019 -363.028
25 28 39 42 -0.00768857 3.51312 -456.927
25 28 40 43 -0.00612015 3.46086 -565.487
25 28 41 44 -0.00502847 3.46841 -689.754
25 28 42 45 -0.00409038 3.39819 -830.777
25 28 43 46 -0.00334151 3.30676 -989.602
25 28 44 47 -0.00281285 3.28337 -1167.28
25 28 45 48 -0.00240123 3.27731 -1364.85
25 28 46 49 -0.00203706 3.2254 -1583.36
25 28 47 50 -0.00179073 3.26606 -1823.87
25 28 48 51 -0.0015691 3.27536 -2087.41
25 28 49 52 -0.00140897 3.34636 -2375.04
25 28 50 53 -0.00127051 3.41489 -2687.81
25 28 51 54 -0.00113008 3.42047 -3026.75
25 28 52 55 -0.00100527 3.41079 -3392.92
25 28 53 56 -0.000896347 3.39479 -3787.36
25 28 54 57 -0.000804241 3.38676 -4211.13
25 28 55 58 -0.000745737 3.47906 -4665.27
25 28 56 59 -0.000694008 3.57471 -5150.82
25 28 57 60 -0.000644326 3.65257 -5668.83
25 28 58 61 -0.000597477 3.71652 -6220.35
25 28 59 62 -0.000536483 3.65154 -6806.44
25 28 60 63 -0.000497237 3.69354 -7428.12
25 28 61 64 -0.000441466 3.5699 -8086.46
25 28 62 1 -0.00860434 3.85371 -447.88
25 28 63 2 -0.00887103 3.8322 -431.991
25 28 64 3 -0.00919913 3.80698 -413.841
26 29 27 30 3.0621 7.69589 2.51327
26 29 28 31 -0.794241 12.4759 -15.708
26 29 30 33 -1.63158 7.9734 -4.88692
26 29 31 34 -0.499319 6.97181 -13.9626
26 29 32 35 -0.226678 6.40917 -28.2743
26 29 33 36 -0.111989 5.47282 -48.8692
26 29 34 37 -0.0638361 4.90226 -76.7945
26 29 35 38 -0.0385971 4.36523 -113.097
26 29 36 39 -0.0259546 4.12224 -158.825
26 29 37 40 -0.0179975 3.86991 -215.025
26 29 38 41 -0.0129922 3.67345 -282.743
26 29 39 42 -0.00991144 3.59814 -363.028
26 29 40 43 -0.00771231 3.52396 -456.927
26 29 41 44 -0.00622127 3.51805 -565.487
26 29 42 45 -0.00497887 3.4342 -689.754
26 29 43 46 -0.00401113 3.33236 -830.777
26 29 44 47 -0.0033389 3.30418 -989.602
26 29 45 48 -0.00282075 3.29259 -1167.28
26 29 46 49 -0.00237175 3.23708 -1364.85
26 29 47 50 -0.00206646 3.27195 -1583.36
26 29 48 51 -0.00179862 3.28045 -1823.87
26 29 49 52 -0.00160255 3.34519 -2087.41
26 29 50 53 -0.00143711 3.41319 -2375.04
26 29 51 54 -0.00127183 3.41842 -2687.81
26 29 52 55 -0.00112846 3.41556 -3026.75
26 29 53 56 -0.00100054 3.39476 -3392.92
26 29 54 57 -0.000895143 3.39023 -3787.36
26 29 55 58 -0.000825634 3.47685 -4211.13
26 29 56 59 -0.000767366 3.57997 -4665.27
26 29 57 60 -0.000708029 3.64693 -5150.82
26 29 58 61 -0.000652895 3.70115 -5668.83
26 29 59 62 -0.000586456 3.64796 -6220.35
26 29 60 63 -0.0005365 3.65165 -6806.44
26 29 61 64 -0.000482509 3.58414 -7428.12
26 29 62 1 -0.00847571 3.90946 -461.255
26 29 63 2 -0.00868902 3.89163 -447.88
26 29 64 3 -0.00895836 3.86993 -431.991
27 30 28 31 3.13495 7.87898 2.51327
27 30 29 32 -0.634488 9.96651 -15.708
27 30 31 34 -1.67897 8.20499 -4.88692
27 30 32 35 -0.527293 7.3624 -13.9626
27 30 33 36 -0.218714 6.184 -28.2743
27 30 34 37 -0.111191 5.43382 -48.8692
27 30 35 38 -0.0619947 4.76085 -76.7945
27 30 36 39 -0.0391614 4.42905 -113.097
27 30 37 40 -0.0257837 4.0951 -158.825
27 30 38 41 -0.0178558 3.83943 -215.025
27 30 39 42 -0.0131541 3.71923 -282.743
27 30 40 43 -0.00993625 3.60714 -363.028
27 30 41 44 -0.00783147 3.57841 -456.927
27 30 42 45 -0.00614154 3.47296 -565.487
27 30 43 46 -0.00486176 3.35342 -689.754
27 30 44 47 -0.00398981 3.31464 -830.777
27 30 45 48 -0.00332921 3.29459 -989.602
27 30 46 49 -0.00276677 3.22958 -1167.28
27 30 47 50 -0.00238778 3.25896 -1364.85
27 30 48 51 -0.00206001 3.26174 -1583.36
27 30 49 52 -0.00182407 3.32686 -1823.87
27 30 50 53 -0.0016258 3.39371 -2087.41
27 30 51 54 -0.00142847 3.39267 -2375.04
27 30 52 55 -0.00126154 3.39077 -2687.81
27 30 53 56 -0.00111439 3.37297 -3026.75
27 30 54 57 -0.000990965 3.36227 -3392.92
27 30 55 58 -0.000910295 3.44762 -3787.36
27 30 56 59 -0.000841314 3.54288 -4211.13
27 30 57 60 -0.000775538 3.61809 -4665.27
27 30 58 61 -0.000714279 3.67912 -5150.82
27 30 59 62 -0.000638071 3.61712 -5668.83
27 30 60 63 -0.000582438 3.62297 -6220.35
27 30 61 64 -0.00052124 3.54779 -6806.44
27 30 62 1 -0.00829693 3.91531 -471.898
27 30 63 2 -0.00845635 3.90053 -461.255
27 30 64 3 -0.00866972 3.88299 -447.88
28 31 29 32 3.38044 8.49597 2.51327
28 31 30 33 -0.678348 10.6555 -15.708
28 31 32 35 -1.81712 8.88012 -4.88692
28 31 33 36 -0.523772 7.31324 -13.9626
28 31 34 37 -0.223129 6.30882 -28.2743
28 31 35 38 -0.111357 5.44194 -48.8692
28 31 36 39 -0.064924 4.98581 -76.7945
28 31 37 40 -0.0400422 4.52866 -113.097
28 31 38 41 -0.0263203 4.18032 -158.825
28 31 39 42 -0.0185632 3.99153 -215.025
28 31 40 43 -0.013515 3.82127 -282.743
28 31 41 44 -0.0103494 3.75713 -363.028
28 31 42 45 -0.0079142 3.61621 -456.927
28 31 43 46 -0.00613131 3.46718 -565.487
28 31 44 47 -0.00494661 3.41194 -689.754
28 31 45 48 -0.00405935 3.37241 -830.777
28 31 46 49 -0.00333074 3.2961 -989.602
28 31 47 50 -0.00284274 3.31827 -1167.28
28 31 48 51 -0.0024297 3.31617 -1364.85
28 31 49 52 -0.00213177 3.37537 -1583.36
28 31 50 53 -0.00188409 3.43634 -1823.87
28 31 51 54 -0.00164565 3.43514 -2087.41
28 31 52 55 -0.00144111 3.4227 -2375.04
28 31 53 56 -0.00126611 3.40305 -2687.81
28 31 54 57 -0.00111812 3.38427 -3026.75
28 31 55 58 -0.001026 3.48114 -3392.92
28 31 56 59 -0.00094292 3.57118 -3787.36
28 31 57 60 -0.000866425 3.64863 -4211.13
28 31 58 61 -0.000794007 3.70425 -4665.27
28 31 59 62 -0.000707412 3.64375 -5150.82
28 31 60 63 -0.000643979 3.65061 -5668.83
28 31 61 64 -0.00057433 3.57254 -6220.35
28 31 62 1 -0.00824236 3.9533 -479.632
28 31 63 2 -0.00834879 3.93978 -471.898
28 31 64 3 -0.00850929 3.92495 -461.255
29 32 30 33 3.11996 7.8413 2.51327
29 32 31 34 -0.844272 13.2618 -15.708
29 32 33 36 -1.69888 8.3023 -4.88692
29 32 34 37 -0.508662 7.10226 -13.9626
29 32 35 38 -0.215399 6.09025 -28.2743
29 32 36 39 -0.113472 5.5453 -48.8692
29 32 37 40 -0.0647744 4.97431 -76.7945
29 32 38 41 -0.0401082 4.53614 -113.097
29 32 39 42 -0.0269351 4.27797 -158.825
29 32 40 43 -0.0188157 4.04584 -215.025
29 32 41 44 -0.0139549 3.94564 -282.743
29 32 42 45 -0.0103741 3.76609 -363.028
29 32 43 46 -0.00784858 3.58623 -456.927
29 32 44 47 -0.0062046 3.50862 -565.487
29 32 45 48 -0.00500823 3.45444 -689.754
29 32 46 49 -0.00404846 3.36337 -830.777
29 32 47 50 -0.0034162 3.38068 -989.602
29 32 48 51 -0.00288395 3.36636 -1167.28
29 32 49 52 -0.00251063 3.42663 -1364.85
29 32 50 53 -0.00220097 3.48494 -1583.36
29 32 51 54 -0.00190992 3.48343 -1823.87
29 32 52 55 -0.00166073 3.46663 -2087.41
29 32 53 56 -0.00144847 3.44019 -2375.04
29 32 54 57 -0.00127241 3.42 -2687.81
29 32 55 58 -0.00115785 3.50452 -3026.75
29 32 56 59 -0.00106196 3.60314 -3392.92
29 32 57 60 -0.000971833 3.68069 -3787.36
29 32 58 61 -0.000890095 3.74831 -4211.13
29 32 59 62 -0.000788535 3.67872 -4665.27
29 32 60 63 -0.000714297 3.67921 -5150.82
29 32 61 64 -0.000635639 3.60333 -5668.83
29 32 62 1 -0.00827213 4.00641 -484.326
29 32 63 2 -0.00833387 3.99719 -479.632
29 32 64 3 -0.00844489 3.98513 -471.898
30 33 31 34 3.1692 7.96507 2.51327
30 33 32 35 -0.707205 11.1088 -15.708
30 33 34 37 -1.69846 8.30024 -4.88692
30 33 35 38 -0.501046 6.99592 -13.9626
30 33 36 39 -0.223518 6.31982 -28.2743
30 33 37 40 -0.114295 5.58549 -48.8692
30 33 38 41 -0.0654286 5.02455 -76.7945
30 33 39 42 -0.0412826 4.66895 -113.097
30 33 40 43 -0.027405 4.35259 -158.825
30 33 41 44 -0.0195323 4.19993 -215.025
30 33 42 45 -0.0140377 3.96906 -282.743
30 33 43 46 -0.0103153 3.74474 -363.028
30 33 44 47 -0.00798252 3.64743 -456.927
30 33 45 48 -0.00631494 3.57102 -565.487
30 33 46 49 -0.00502095 3.46322 -689.754
30 33 47 50 -0.00417365 3.46737 -830.777
30 33 48 51 -0.00348095 3.44476 -989.602
30 33 49 52 -0.00299604 3.4972 -1167.28
30 33 50 53 -0.0026044 3.5546 -1364.85
30 33 51 54 -0.00223981 3.54643 -1583.36
30 33 52 55 -0.00193967 3.5377 -1823.87
30 33 53 56 -0.00167966 3.50615 -2087.41
30 33 54 57 -0.0014667 3.48348 -2375.04
30 33 55 58 -0.00132691 3.56647 -2687.81
30 33 56 59 -0.00121067 3.66441 -3026.75
30 33 57 60 -0.00110163 3.73775 -3392.92
30 33 58 61 -0.00100367 3.80125 -3787.36
30 33 59 62 -0.000886096 3.73147 -4211.13
30 33 60 63 -0.000801876 3.74096 -4665.27
30 33 61 64 -0.000709038 3.65212 -5150.82
30 33 62 1 -0.00843456 4.09835 -485.9
30 33 63 2 -0.00845032 4.09271 -484.326
30 33 64 3 -0.00851682 4.08494 -479.632
31 34 32 35 3.24246 8.14918 2.51327
31 34 33 36 -0.688062 10.8081 -15.708
31 34 35 38 -1.61616 7.89805 -4.88692
31 34 36 39 -0.51389 7.17526 -13.9626
31 34 37 40 -0.220801 6.24299 -28.2743
31 34 38 41 -0.113297 5.53672 -48.8692
31 34 39 42 -0.0658911 5.06008 -76.7945
31 34 40 43 -0.0409684 4.63341 -113.097
31 34 41 44 -0.0277729 4.41103 -158.825
31 34 42 45 -0.0191221 4.11172 -215.025
31 34 43 46 -0.013557 3.83315 -282.743
31 34 44 47 -0.0101944 3.70087 -363.028
31 34 45 48 -0.0078639 3.59323 -456.927
31 34 46 49 -0.00612947 3.46613 -565.487
31 34 47 50 -0.00500932 3.4552 -689.754
31 34 48 51 -0.0041152 3.41881 -830.777
31 34 49 52 -0.00349858 3.4622 -989.602
31 34 50 53 -0.00300872 3.51201 -1167.28
31 34 51 54 -0.00256186 3.49654 -1364.85
31 34 52 55 -0.00220653 3.49373 -1583.36
31 34 53 56 -0.00189432 3.455 -1823.87
31 34 54 57 -0.00164255 3.42867 -2087.41
31 34 55 58 -0.00147501 3.50321 -2375.04
31 34 56 59 -0.00133833 3.59718 -2687.81
31 34 57 60 -0.00121056 3.66407 -3026.75
31 34 58 61 -0.00109774 3.72453 -3392.92
31 34 59 62 -0.000965848 3.65802 -3787.36
31 34 60 63 -0.00087121 3.66878 -4211.13
31 34 61 64 -0.000770905 3.59648 -4665.27
31 34 62 1 -0.00835719 4.0476 -484.326
31 34 63 2 -0.00832581 4.04551 -485.9
31 34 64 3 -0.0083467 4.04252 -484.326
32 35 33 36 3.31001 8.31897 2.51327
32 35 34 37 -0.61466 9.65505 -15.708
32 35 36 39 -1.78858 8.74065 -4.88692
32 35 37 40 -0.521744 7.28492 -13.9626
32 35 38 41 -0.225154 6.36608 -28.2743
32 35 39 42 -0.117427 5.73855 -48.8692
32 35 40 43 -0.0672509 5.1645 -76.7945
32 35 41 44 -0.0428581 4.84714 -113.097
32 35 42 45 -0.0280039 4.44773 -158.825
32 35 43 46 -0.0189975 4.08493 -215.025
32 35 44 47 -0.0137941 3.90018 -282.743
32 35 45 48 -0.0103275 3.74916 -363.028
32 35 46 49 -0.00784802 3.58597 -456.927
32 35 47 50 -0.00628389 3.55345 -565.487
32 35 48 51 -0.00507243 3.49873 -689.754
32 35 49 52 -0.00425101 3.53164 -830.777
32 35 50 53 -0.00360641 3.56891 -989.602
32 35 51 54 -0.00303354 3.54098 -1167.28
32 35 52 55 -0.00258726 3.53121 -1364.85
32 35 53 56 -0.00220683 3.49422 -1583.36
32 35 54 57 -0.00190051 3.46628 -1823.87
32 35 55 58 -0.00169106 3.52994 -2087.41
32 35 56 59 -0.00152417 3.61997 -2375.04
32 35 57 60 -0.0013701 3.68256 -2687.81
32 35 58 61 -0.00123532 3.739 -3026.75
32 35 59 62 -0.00108288 3.67413 -3392.92
32 35 60 63 -0.000974403 3.69042 -3787.36
32 35 61 64 -0.000858018 3.61323 -4211.13
32 35 62 1 -0.00847367 4.06425 -479.632
32 35 63 2 -0.0083929 4.0649 -484.326
32 35 64 3 -0.00836828 4.06614 -485.9
33 36 34 37 3.10448 7.8024 2.51327
33 36 35 38 -0.850961 13.3669 -15.708
33 36 37 40 -1.61862 7.91006 -4.88692
33 36 38 41 -0.484342 6.76269 -13.9626
33 36 39 42 -0.214511 6.06515 -28.2743
33 36 40 43 -0.110677 5.40869 -48.8692
33 36 41 44 -0.0655963 5.03743 -76.7945
33 36 42 45 -0.0403768 4.56651 -113.097
33 36 43 46 -0.0260673 4.14014 -158.825
33 36 44 47 -0.0182019 3.91386 -215.025
33 36 45 48 -0.0131721 3.72433 -282.743
33 36 46 49 -0.00973562 3.53431 -363.028
33 36 47 50 -0.00761966 3.48163 -456.927
33 36 48 51 -0.00603233 3.4112 -565.487
33 36 49 52 -0.00497739 3.43317 -689.754
33 36 50 53 -0.00416334 3.45881 -830.777
33 36 51 54 -0.00345593 3.41999 -989.602
33 36 52 55 -0.0029168 3.40471 -1167.28
33 36 53 56 -0.00246552 3.36506 -1364.85
33 36 54 57 -0.00210545 3.33369 -1583.36
33 36 55 58 -0.00186079 3.39383 -1823.87
33 36 56 59 -0.00166524 3.47605 -2087.41
33 36 57 60 -0.00148831 3.53481 -2375.04
33 36 58 61 -0.00133562 3.5899 -2687.81
33 36 59 62 -0.00116368 3.52217 -3026.75
33 36 60 63 -0.00104291 3.5385 -3392.92
33 36 61 64 -0.000913226 3.45872 -3787.36
33 36 62 1 -0.00825196 3.89409 -471.898
33 36 63 2 -0.0081234 3.89624 -479.632
33 36 64 3 -0.00805388 3.9007 -484.326
34 37 35 38 3.01607 7.5802 2.51327
34 37 36 39 -0.644406 10.1223 -15.708
34 37 38 41 -1.62098 7.92161 -4.88692
34 37 39 42 -0.491426 6.8616 -13.9626
34 37 40 43 -0.212223 6.00046 -28.2743
34 37 41 44 -0.113379 5.54074 -48.8692
34 37 42 45 -0.0645094 4.95396 -76.7945
34 37 43 46 -0.0391062 4.4228 -113.097
34 37 44 47 -0.0260248 4.13338 -158.825
34 37 45 48 -0.0180685 3.88518 -215.025
34 37 46 49 -0.0129078 3.64959 -282.743
34 37 47 50 -0.00983041 3.56872 -363.028
34 37 48 51 -0.00759707 3.47131 -456.927
34 37 49 52 -0.00615508 3.48061 -565.487
34 37 50 53 -0.00506982 3.49693 -689.754
34 37 51 54 -0.00415354 3.45066 -830.777
34 37 52 55 -0.00345762 3.42167 -989.602
34 37 53 56 -0.00288913 3.37241 -1167.28
34 37 54 57 -0.00244324 3.33465 -1364.85
34 37 55 58 -0.00214353 3.39398 -1583.36
34 37 56 59 -0.00190367 3.47205 -1823.87
34 37 57 60 -0.00168957 3.52683 -2087.41
34 37 58 61 -0.00150752 3.58041 -2375.04
34 37 59 62 -0.00130757 3.5145 -2687.81
34 37 60 63 -0.00116583 3.52867 -3026.75
34 37 61 64 -0.00101657 3.44915 -3392.92
34 37 62 1 -0.00841874 3.88319 -461.255
34 37 63 2 -0.00823705 3.88705 -471.898
34 37 64 3 -0.00812032 3.89477 -479.632
35 38 36 39 3.21939 8.09122 2.51327
35 38 37 40 -0.670274 10.5286 -15.708
35 38 39 42 -1.60669 7.85175 -4.88692
35 38 40 43 -0.468933 6.54754 -13.9626
35 38 41 44 -0.21165 5.98425 -28.2743
35 38 42 45 -0.107869 5.27148 -48.8692
35 38 43 46 -0.0603655 4.63574 -76.7945
35 38 44 47 -0.0378435 4.28 -113.097
35 38 45 48 -0.0249894 3.96894 -158.825
35 38 46 49 -0.0171405 3.68563 -215.025
35 38 47 50 -0.0126367 3.57295 -282.743
35 38 48 51 -0.00949385 3.44654 -363.028
35 38 49 52 -0.00752672 3.43916 -456.927
35 38 50 53 -0.00609104 3.4444 -565.487
35 38 51 54 -0.00491489 3.39007 -689.754
35 38 52 55 -0.00403736 3.35414 -830.777
35 38 53 56 -0.00332894 3.29433 -989.602
35 38 54 57 -0.00278352 3.24914 -1167.28
35 38 55 58 -0.00241845 3.30082 -1364.85
35 38 56 59 -0.00213065 3.3736 -1583.36
35 38 57 60 -0.00187873 3.42656 -1823.87
35 38 58 61 -0.00166489 3.47531 -2087.41
35 38 59 62 -0.00143503 3.40826 -2375.04
35 38 60 63 -0.00127364 3.42331 -2687.81
35 38 61 64 -0.00110533 3.34556 -3026.75
35 38 62 1 -0.00840781 3.76569 -447.88
35 38 63 2 -0.00817836 3.77231 -461.255
35 38 64 3 -0.00801826 3.7838 -471.898
36 39 37 40 2.98314 7.49745 2.51327
36 39 38 41 -0.674914 10.6015 -15.708
36 39 40 43 -1.56227 7.63467 -4.88692
36 39 41 44 -0.489028 6.82812 -13.9626
36 39 42 45 -0.207434 5.86505 -28.2743
36 39 43 46 -0.103661 5.06581 -48.8692
36 39 44 47 -0.0601079 4.61595 -76.7945
36 39 45 48 -0.037273 4.21548 -113.097
36 39 46 49 -0.0243199 3.86261 -158.825
36 39 47 50 -0.0172357 3.70611 -215.025
36 39 48 51 -0.0125221 3.54055 -282.743
36 39 49 52 -0.00967636 3.51279 -363.028
36 39 50 53 -0.0076701 3.50468 -456.927
36 39 51 54 -0.00607682 3.43636 -565.487
36 39 52 55 -0.00491215 3.38818 -689.754
36 39 53 56 -0.00399179 3.31628 -830.777
36 39 54 57 -0.00328815 3.25396 -989.602
36 39 55 58 -0.00283311 3.30702 -1167.28
36 39 56 59 -0.00247482 3.37775 -1364.85
36 39 57 60 -0.00216721 3.43148 -1583.36
36 39 58 61 -0.00190759 3.47919 -1823.87
36 39 59 62 -0.00163348 3.40975 -2087.41
36 39 60 63 -0.00144123 3.42298 -2375.04
36 39 61 64 -0.00124486 3.34594 -2687.81
36 39 62 1 -0.00871487 3.76474 -431.991
36 39 63 2 -0.00842864 3.77502 -447.88
36 39 64 3 -0.0082154 3.78939 -461.255
37 40 38 41 3.21718 8.08564 2.51327
37 40 39 42 -0.609281 9.57056 -15.708
37 40 41 44 -1.76194 8.61049 -4.88692
37 40 42 45 -0.49248 6.87631 -13.9626
37 40 43 46 -0.203127 5.74329 -28.2743
37 40 44 47 -0.105 5.13129 -48.8692
37 40 45 48 -0.0597617 4.58937 -76.7945
37 40 46 49 -0.0365047 4.12859 -113.097
37 40 47 50 -0.0245912 3.9057 -158.825
37 40 48 51 -0.0171155 3.68024 -215.025
37 40 49 52 -0.0128058 3.62075 -282.743
37 40 50 53 -0.00988243 3.5876 -363.028
37 40 51 54 -0.00765247 3.49662 -456.927
37 40 52 55 -0.00607868 3.43741 -565.487
37 40 53 56 -0.00485915 3.35162 -689.754
37 40 54 57 -0.00394444 3.27695 -830.777
37 40 55 58 -0.00335084 3.31599 -989.602
37 40 56 59 -0.00289542 3.37976 -1167.28
37 40 57 60 -0.00251366 3.43076 -1364.85
37 40 58 61 -0.00219426 3.4743 -1583.36
37 40 59 62 -0.00186572 3.40284 -1823.87
37 40 60 63 -0.00163373 3.41028 -2087.41
37 40 61 64 -0.0014019 3.32958 -2375.04
37 40 62 1 -0.00904733 3.74416 -413.841
37 40 63 2 -0.00869628 3.75671 -431.991
37 40 64 3 -0.00843073 3.77595 -447.88
38 41 39 42 3.03251 7.62153 2.51327
38 41 40 43 -0.876188 13.7631 -15.708
38 41 42 45 -1.61748 7.90448 -4.88692
38 41 43 46 -0.457124 6.38266 -13.9626
38 41 44 47 -0.19825 5.60538 -28.2743
38 41 45 48 -0.100701 4.92116 -48.8692
38 41 46 49 -0.056672 4.3521 -76.7945
38 41 47 50 -0.0359115 4.06149 -113.097
38 41 48 51 -0.023755 3.77289 -158.825
38 41 49 52 -0.0171155 3.68024 -215.025
38 41 50 53 -0.0128081 3.62141 -282.743
38 41 51 54 -0.00966243 3.50774 -363.028
38 41 52 55 -0.00751578 3.43417 -456.927
38 41 53 56 -0.00589664 3.33447 -565.487
38 41 54 57 -0.00470644 3.24628 -689.754
38 41 55 58 -0.00394172 3.27469 -830.777
38 41 56 59 -0.00336886 3.33383 -989.602
38 41 57 60 -0.0028979 3.38265 -1167.28
38 41 58 61 -0.0025097 3.42536 -1364.85
38 41 59 62 -0.00211529 3.34927 -1583.36
38 41 60 63 -0.00183667 3.34984 -1823.87
38 41 61 64 -0.00156532 3.26747 -2087.41
38 41 62 1 -0.00934126 3.67777 -393.712
38 41 63 2 -0.00892288 3.69266 -413.841
38 41 64 3 -0.00860032 3.71526 -431.991
39 42 40 43 3.087 7.75847 2.51327
39 42 41 44 -0.662206 10.4019 -15.708
39 42 43 46 -1.72639 8.43673 -4.88692
39 42 44 47 -0.495307 6.91578 -13.9626
39 42 45 48 -0.205881 5.82114 -28.2743
39 42 46 49 -0.10218 4.99347 -48.8692
39 42 47 50 -0.0593453 4.55739 -76.7945
39 42 48 51 -0.0366322 4.14301 -113.097
39 42 49 52 -0.0250858 3.98426 -158.825
39 42 50 53 -0.0180229 3.87536 -215.025
39 42 51 54 -0.013136 3.7141 -282.743
39 42 52 55 -0.0099524 3.61301 -363.028
39 42 53 56 -0.00763138 3.48699 -456.927
39 42 54 57 -0.00597099 3.37651 -565.487
39 42 55 58 -0.00491109 3.38745 -689.754
39 42 56 59 -0.0041349 3.43518 -830.777
39 42 57 60 -0.00351191 3.4754 -989.602
39 42 58 61 -0.00300825 3.51146 -1167.28
39 42 59 62 -0.00251446 3.43186 -1364.85
39 42 60 63 -0.00216796 3.43266 -1583.36
39 42 61 64 -0.00183306 3.34326 -1823.87
39 42 62 1 -0.0100422 3.73476 -371.906
39 42 63 2 -0.00952746 3.75108 -393.712
39 42 64 3 -0.0091257 3.77659 -413.841
40 43 41 44 3.43999 8.64563 2.51327
40 43 42 45 -0.75771 11.9021 -15.708
40 43 44 47 -1.82663 8.92659 -4.88692
40 43 45 48 -0.502094 7.01055 -13.9626
40 43 46 49 -0.204537 5.78316 -28.2743
40 43 47 50 -0.105426 5.15208 -48.8692
40 43 48 51 -0.0595387 4.57224 -76.7945
40 43 49 52 -0.0382884 4.33032 -113.097
40 43 50 53 -0.0261892 4.1595 -158.825
40 43 51 54 -0.0183197 3.93919 -215.025
40 43 52 55 -0.0134413 3.80043 -282.743
40 43 53 56 -0.0100238 3.63894 -363.028
40 43 54 57 -0.00766028 3.50019 -456.927
40 43 55 58 -0.00617405 3.49134 -565.487
40 43 56 59 -0.00510983 3.52452 -689.754
40 43 57 60 -0.00427827 3.55429 -830.777
40 43 58 61 -0.00362244 3.58477 -989.602
40 43 59 62 -0.0030014 3.50346 -1167.28
40 43 60 63 -0.00256638 3.50271 -1364.85
40 43 61 64 -0.00215063 3.40523 -1583.36
40 43 62 1 -0.0108203 3.77341 -348.735
40 43 63 2 -0.0101882 3.78904 -371.906
40 43 64 3 -0.00969292 3.81622 -393.712
41 44 42 45 3.10062 7.79271 2.51327
41 44 43 46 -0.943657 14.8229 -15.708
41 44 45 48 -1.68986 8.25823 -4.88692
41 44 46 49 -0.466416 6.5124 -13.9626
41 44 47 50 -0.200795 5.67735 -28.2743
41 44 48 51 -0.100878 4.92982 -48.8692
41 44 49 52 -0.0600524 4.61169 -76.7945
41 44 50 53 -0.03874 4.38139 -113.097
41 44 51 54 -0.0258337 4.10303 -158.825
41 44 52 55 -0.0182764 3.92987 -215.025
41 44 53 56 -0.0132095 3.73491 -282.743
41 44 54 57 -0.00983021 3.56865 -363.028
41 44 55 58 -0.00775101 3.54165 -456.927
41 44 56 59 -0.00630068 3.56295 -565.487
41 44 57 60 -0.00519432 3.58281 -689.754
41 44 58 61 -0.00434234 3.60752 -830.777
41 44 59 62 -0.0035596 3.52259 -989.602
41 44 60 63 -0.00301579 3.52026 -1167.28
41 44 61 64 -0.00250548 3.41959 -1364.85
41 44 62 1 -0.0116375 3.77662 -324.521
41 44 63 2 -0.0108791 3.79392 -348.735
41 44 64 3 -0.0102818 3.82386 -371.906
42 45 43 46 3.13081 7.86859 2.51327
42 45 44 47 -0.751971 11.8119 -15.708
42 45 46 49 -1.61855 7.90973 -4.88692
42 45 47 50 -0.467218 6.52359 -13.9626
42 45 48 51 -0.192643 5.44686 -28.2743
42 45 49 52 -0.10231 4.99983 -48.8692
42 45 50 53 -0.0609227 4.67853 -76.7945
42 45 51 54 -0.0381454 4.31414 -113.097
42 45 52 55 -0.0257054 4.08266 -158.825
42 45 53 56 -0.0178553 3.83932 -215.025
42 45 54 57 -0.0128477 3.63259 -282.743
42 45 55 58 -0.00985204 3.57657 -363.028
42 45 56 59 -0.00782765 3.57666 -456.927
42 45 57 60 -0.00633464 3.58216 -565.487
42 45 58 61 -0.00521549 3.59741 -689.754
42 45 59 62 -0.00422288 3.50827 -830.777
42 45 60 63 -0.00353483 3.49807 -989.602
42 45 61 64 -0.00290546 3.39148 -1167.28
42 45 62 1 -0.0124135 3.71888 -299.584
42 45 63 2 -0.0115102 3.7353 -324.521
42 45 64 3 -0.0108049 3.76805 -348.735
43 46 44 47 3.34234 8.40021 2.51327
43 46 45 48 -0.692457 10.8771 -15.708
43 46 47 50 -1.68189 8.21924 -4.88692
43 46 48 51 -0.450513 6.29035 -13.9626
43 46 49 52 -0.197667 5.5889 -28.2743
43 46 50 53 -0.104812 5.12209 -48.8692
43 46 51 54 -0.0602891 4.62987 -76.7945
43 46 52 55 -0.0381721 4.31716 -113.097
43 46 53 56 -0.0251986 4.00217 -158.825
43 46 54 57 -0.0173754 3.73614 -215.025
43 46 55 58 -0.0128712 3.63924 -282.743
43 46 56 59 -0.00994988 3.61209 -363.028
43 46 57 60 -0.00788043 3.60078 -456.927
43 46 58 61 -0.00636892 3.60154 -565.487
43 46 59 62 -0.00507396 3.49978 -689.754
43 46 60 63 -0.00418811 3.47939 -830.777
43 46 61 64 -0.00340131 3.36594 -989.602
43 46 62 1 -0.0133229 3.65365 -274.238
43 46 63 2 -0.0122456 3.66859 -299.584
43 46 64 3 -0.0114052 3.70124 -324.521
44 47 45 48 3.00436 7.55079 2.51327
44 47 46 49 -0.809899 12.7219 -15.708
44 47 48 51 -1.50371 7.34852 -4.88692
44 47 49 52 -0.450101 6.28459 -13.9626
44 47 50 53 -0.19921 5.63253 -28.2743
44 47 51 54 -0.10215 4.99198 -48.8692
44 47 52 55 -0.0598077 4.5929 -76.7945
44 47 53 56 -0.0371114 4.1972 -113.097
44 47 54 57 -0.0243285 3.86398 -158.825
44 47 55 58 -0.0172949 3.71882 -215.025
44 47 56 59 -0.0129457 3.66031 -282.743
44 47 57 60 -0.00999788 3.62952 -363.028
44 47 58 61 -0.00790546 3.61222 -456.927
44 47 59 62 -0.00618146 3.49553 -565.487
44 47 60 63 -0.00503125 3.47033 -689.754
44 47 61 64 -0.0040356 3.35268 -830.777
44 47 62 1 -0.0144997 3.60729 -248.784
44 47 63 2 -0.0131983 3.61947 -274.238
44 47 64 3 -0.0121916 3.6524 -299.584
45 48 46 49 3.04285 7.6475 2.51327
45 48 47 50 -0.587035 9.22112 -15.708
45 48 49 52 -1.58921 7.76634 -4.88692
45 48 50 53 -0.474966 6.63178 -13.9626
45 48 51 54 -0.201 5.68314 -28.2743
45 48 52 55 -0.105015 5.13201 -48.8692
45 48 53 56 -0.0599264 4.60202 -76.7945
45 48 54 57 -0.0367606 4.15752 -113.097
45 48 55 58 -0.0247676 3.93372 -158.825
45 48 56 59 -0.0177834 3.82387 -215.025
45 48 57 60 -0.0132925 3.75838 -282.743
45 48 58 61 -0.0102369 3.71628 -363.028
45 48 59 62 -0.00782833 3.57698 -456.927
45 48 60 63 -0.00625552 3.53741 -565.487
45 48 61 64 -0.00493759 3.40573 -689.754
45 48 62 1 -0.0161536 3.61048 -223.51
45 48 63 2 -0.0145425 3.61794 -248.784
45 48 64 3 -0.0133125 3.65079 -274.238
46 49 47 50 3.14663 7.90834 2.51327
46 49 48 51 -0.711657 11.1787 -15.708
46 49 50 53 -1.61893 7.91158 -4.88692
46 49 51 54 -0.457413 6.38669 -13.9626
46 49 52 55 -0.199532 5.64163 -28.2743
46 49 53 56 -0.10164 4.96706 -48.8692
46 49 54 57 -0.0573766 4.40621 -76.7945
46 49 55 58 -0.0362075 4.09497 -113.097
46 49 56 59 -0.0247162 3.92555 -158.825
46 49 57 60 -0.0177724 3.82151 -215.025
46 49 58 61 -0.0132623 3.74982 -282.743
46 49 59 62 -0.00988272 3.58771 -363.028
46 49 60 63 -0.00772554 3.53001 -456.927
46 49 61 64 -0.00598608 3.38505 -565.487
46 49 62 1 -0.0178154 3.53965 -198.685
46 49 63 2 -0.015848 3.54217 -223.51
46 49 64 3 -0.0143609 3.57276 -248.784
47 50 48 51 2.85314 7.17072 2.51327
47 50 49 52 -0.743576 11.6801 -15.708
47 50 51 54 -1.54847 7.56726 -4.88692
47 50 52 55 -0.46165 6.44585 -13.9626
47 50 53 56 -0.196126 5.54532 -28.2743
47 50 54 57 -0.0987539 4.82603 -48.8692
47 50 55 58 -0.0572546 4.39684 -76.7945
47 50 56 59 -0.0366694 4.14721 -113.097
47 50 57 60 -0.0251309 3.99142 -158.825
47 50 58 61 -0.0180581 3.88293 -215.025
47 50 59 62 -0.0130581 3.6921 -282.743
47 50 60 63 -0.00994476 3.61023 -363.028
47 50 61 64 -0.00753334 3.44219 -456.927
47 50 62 1 -0.0203211 3.54716 -174.556
47 50 63 2 -0.0178363 3.54381 -198.685
47 50 64 3 -0.0159823 3.57219 -223.51
48 51 49 52 3.05181 7.67003 2.51327
48 51 50 53 -0.631965 9.92688 -15.708
48 51 52 55 -1.63774 8.00349 -4.88692
48 51 53 56 -0.467049 6.52124 -13.9626
48 51 54 57 -0.19526 5.52086 -28.2743
48 51 55 58 -0.100158 4.89464 -48.8692
48 51 56 59 -0.0587749 4.51359 -76.7945
48 51 57 60 -0.0377915 4.27411 -113.097
48 51 58 61 -0.0258533 4.10615 -158.825
48 51 59 62 -0.0179796 3.86605 -215.025
48 51 60 63 -0.0132498 3.7463 -282.743
48 51 61 64 -0.00975925 3.54289 -363.028
48 51 62 1 -0.0235919 3.57064 -151.35
48 51 63 2 -0.0203708 3.55585 -174.556
48 51 64 3 -0.018011 3.5785 -198.685
49 52 50 53 3.00877 7.56186 2.51327
49 52 51 54 -0.760515 11.9461 -15.708
49 52 53 56 -1.56281 7.63734 -4.88692
49 52 54 57 -0.450872 6.29537 -13.9626
49 52 55 58 -0.192621 5.44622 -28.2743
49 52 56 59 -0.100641 4.91826 -48.8692
49 52 57 60 -0.0597381 4.58756 -76.7945
49 52 58 61 -0.0384965 4.35385 -113.097
49 52 59 62 -0.0255565 4.05901 -158.825
49 52 60 63 -0.0181303 3.89845 -215.025
49 52 61 64 -0.0129256 3.65464 -282.743
49 52 62 1 -0.0278883 3.60515 -129.271
49 52 63 2 -0.0236271 3.57596 -151.35
49 52 64 3 -0.0205802 3.5924 -174.556
50 53 51 54 2.87125 7.21623 2.51327
50 53 52 55 -0.686227 10.7792 -15.708
50 53 54 57 -1.50729 7.36602 -4.88692
50 53 55 58 -0.445409 6.21909 -13.9626
50 53 56 59 -0.194105 5.48818 -28.2743
50 53 57 60 -0.103022 5.03462 -48.8692
50 53 58 61 -0.0613913 4.71451 -76.7945
50 53 59 62 -0.0384089 4.34394 -113.097
50 53 60 63 -0.025981 4.12644 -158.825
50 53 61 64 -0.0178011 3.82768 -215.025
50 53 62 1 -0.0338624 3.67402 -108.498
50 53 63 2 -0.0280199 3.62216 -129.271
50 53 64 3 -0.0239624 3.62671 -151.35
51 54 52 55 2.98959 7.51366 2.51327
51 54 53 56 -0.616999 9.6918 -15.708
51 54 55 58 -1.51411 7.39933 -4.88692
51 54 56 59 -0.44849 6.2621 -13.9626
51 54 57 60 -0.198129 5.60198 -28.2743
51 54 58 61 -0.105674 5.1642 -48.8692
51 54 59 62 -0.0611915 4.69917 -76.7945
51 54 60 63 -0.0389936 4.41007 -113.097
51 54 61 64 -0.0254222 4.03768 -158.825
51 54 62 1 -0.0420174 3.7476 -89.1916
51 54 63 2 -0.0337407 3.66082 -108.498
51 54 64 3 -0.0282028 3.6458 -129.271
52 55 53 56 2.88307 7.24594 2.51327
52 55 54 57 -0.647836 10.1762 -15.708
52 55 56 59 -1.47961 7.23076 -4.88692
52 55 57 60 -0.444968 6.21293 -13.9626
52 55 58 61 -0.198599 5.61526 -28.2743
52 55 59 62 -0.103415 5.05379 -48.8692
52 55 60 63 -0.0611694 4.69747 -76.7945
52 55 61 64 -0.0375729 4.2494 -113.097
52 55 62 1 -0.0534951 3.82419 -71.4868
52 55 63 2 -0.0414117 3.69357 -89.1916
52 55 64 3 -0.0336721 3.65337 -108.498
53 56 54 57 2.83875 7.13456 2.51327
53 56 55 58 -0.607367 9.5405 -15.708
53 56 57 60 -1.49378 7.29999 -4.88692
53 56 58 61 -0.456611 6.3755 -13.9626
53 56 59 62 -0.198983 5.6261 -28.2743
53 56 60 63 -0.105798 5.17029 -48.8692
53 56 61 64 -0.060073 4.61328 -76.7945
53 56 62 1 -0.0722321 4.00893 -55.5008
53 56 63 2 -0.0532967 3.81001 -71.4868
53 56 64 3 -0.0418013 3.72832 -89.1916
54 57 55 58 2.90183 7.2931 2.51327
54 57 56 59 -0.619212 9.72657 -15.708
54 57 58 61 -1.54869 7.56834 -4.88692
54 57 59 62 -0.457213 6.38389 -13.9626
54 57 60 63 -0.204043 5.76919 -28.2743
54 57 61 64 -0.103934 5.07917 -48.8692
54 57 62 1 -0.103921 4.29515 -41.3309
54 57 63 2 -0.0721469 4.00421 -55.5008
54 57 64 3 -0.0540819 3.86614 -71.4868
55 58 56 59 2.84146 7.14136 2.51327
55 58 57 60 -0.665801 10.4584 -15.708
55 58 59 62 -1.53299 7.4916 -4.88692
55 58 60 63 -0.469511 6.55561 -13.9626
55 58 61 64 -0.200845 5.67876 -28.2743
55 58 62 1 -0.163238 4.74324 -29.0572
55 58 63 2 -0.104887 4.33506 -41.3309
55 58 64 3 -0.0743661 4.12737 -55.5008
56 59 57 60 2.86383 7.1976 2.51327
56 59 58 61 -0.643672 10.1108 -15.708
56 59 60 63 -1.53376 7.49535 -4.88692
56 59 61 64 -0.454863 6.35108 -13.9626
56 59 62 1 -0.282765 5.3001 -18.7438
56 59 63 2 -0.163216 4.7426 -29.0572
56 59 64 3 -0.107697 4.45121 -41.3309
57 60 58 61 2.83158 7.11654 2.51327
57 60 59 62 -0.650398 10.2164 -15.708
57 60 61 64 -1.4581 7.1256 -4.88692
57 60 62 1 -0.564943 5.89822 -10.4404
57 60 63 2 -0.273375 5.12408 -18.7438
57 60 64 3 -0.163121 4.73984 -29.0572
58 61 59 62 2.93403 7.37401 2.51327
58 61 60 63 -0.571998 8.98493 -15.708
58 61 62 1 -1.7308 7.24147 -4.1839
58 61 63 2 -0.559825 5.84479 -10.4404
58 61 64 3 -0.28048 5.25726 -18.7438
59 62 60 63 2.77615 6.97724 2.51327
59 62 61 64 -0.699951 10.9948 -15.708
59 62 63 2 -1.56952 6.5667 -4.1839
59 62 64 3 -0.554332 5.78743 -10.4404
60 63 61 64 2.93528 7.37717 2.51327
60 63 62 1 -1.085 6.8061 -6.2729
60 63 64 3 -1.79386 7.50531 -4.1839
61 64 62 1 1.25496 7.89767 6.29317
61 64 63 2 -1.31317 8.23738 -6.2729
62 1 63 2 3.95238 6.31188 1.59698
62 1 64 3 1.58289 5.14156 3.24821
63 2 64 3 4.11849 6.57715 1.59698
