5.25515213740497e+00
5.12938604764446e+00
5.01891781907282e+00
4.79455059987338e+00
4.56577162052113e+00
4.69837053625797e+00
4.94346820074694e+00
5.09384785468452e+00
5.27940407116341e+00
5.17754285685641e+00
5.06870786854916e+00
4.91140584740257e+00
4.74776195574051e+00
4.57513249350506e+00
4.50088407976706e+00
4.51412259936527e+00
4.44865954709839e+00
4.52670588111942e+00
4.62425877665905e+00
4.69040085573015e+00
4.79173681103473e+00
4.84342011698110e+00
4.99929387754026e+00
5.17989798890361e+00
5.12560290424771e+00
5.04696695994401e+00
4.98519584184846e+00
4.94122387846590e+00
4.93901662567147e+00
4.99090043017162e+00
4.96084108741186e+00
4.95579708988693e+00
4.98276021998604e+00
4.97302887246413e+00
4.96435422873204e+00
4.96907867729938e+00
4.97610884280553e+00
5.23382418495969e+00
5.40474118224505e+00
5.40396481688673e+00
5.31361806074636e+00
5.29513918381722e+00
5.32100889113239e+00
5.37139242685900e+00
5.31966276397318e+00
5.26928585976136e+00
5.22913094875904e+00
5.36497793307356e+00
5.54910279626335e+00
5.35734248131400e+00
5.53556464049617e+00
5.31227791798710e+00
4.84294211271744e+00
4.12900767925354e+00
3.40986398381751e+00
2.67000973225992e+00
2.15646625090648e+00
1.82092971312162e+00
1.71864687987299e+00
2.85260496106132e+00
1.13774556589934e+00
9.63068820711418e-01
5.17335816024090e+00
5.02240715381192e+00
4.79688045851793e+00
4.53042219152505e+00
4.51143909845568e+00
4.63031899901308e+00
4.79086653655411e+00
4.92246265327655e+00
5.16753891667644e+00
5.00710159162838e+00
4.84121469474020e+00
4.67851488738562e+00
4.51368473806123e+00
4.44493053047555e+00
4.45766868240687e+00
4.37155428323216e+00
4.41271506522105e+00
4.48722537830265e+00
4.52892033988296e+00
4.59712862852266e+00
4.65247870375911e+00
4.83000560846531e+00
4.98824136129886e+00
5.33205111451982e+00
4.90937562202181e+00
4.83141348309324e+00
4.78143726353304e+00
4.78647042799171e+00
4.85159327744756e+00
4.82976578146523e+00
4.83043791796986e+00
4.86503329484461e+00
4.86582420174280e+00
4.87045919932188e+00
4.88872202956708e+00
4.90159330876612e+00
5.15053036578609e+00
5.32189088595096e+00
5.33344885955555e+00
5.26328748080390e+00
5.26045600962667e+00
5.29731238784913e+00
5.35570704000680e+00
5.31482726288175e+00
5.27278345614866e+00
5.22946637963224e+00
5.33386150097713e+00
5.46728362822402e+00
5.22646466140344e+00
5.34717981820102e+00
5.13927918726506e+00
4.73495022373438e+00
4.10123258105244e+00
3.44126385010840e+00
2.75959606044294e+00
2.26895568674998e+00
1.92665404176697e+00
1.79563132787246e+00
2.71338375477236e+00
1.20309359710774e+00
1.03282607001434e+00
2.07638039336854e+00
5.18686726685401e+00
4.92710723387506e+00
4.61492667494727e+00
4.49144119233595e+00
4.53638827925808e+00
4.65902856164183e+00
4.82681120682540e+00
5.05009310160191e+00
5.14293502018067e+00
4.90744958948821e+00
4.69179306972884e+00
4.49748562927183e+00
4.42167562590088e+00
4.43805921064809e+00
4.33737915091940e+00
4.34654256712635e+00
4.39775950622699e+00
4.40982339408416e+00
4.42712069834969e+00
4.43014511720025e+00
4.53723567437593e+00
4.66222487872030e+00
4.87782604916113e+00
5.10197086977658e+00
4.76689476100286e+00
4.67373784974456e+00
4.66689935954227e+00
4.73721279207467e+00
4.71666038726889e+00
4.71728095056397e+00
4.75479293837496e+00
4.76250698714865e+00
4.77911339694047e+00
4.81185220928473e+00
4.83308948344534e+00
5.07796507367651e+00
5.25364687855495e+00
5.28053158670814e+00
5.23328979474063e+00
5.25108761416961e+00
5.30639200181012e+00
5.38184530684528e+00
5.36018683195265e+00
5.33684248052830e+00
5.30565197717567e+00
5.40692251581295e+00
5.52545726426860e+00
5.26158302502394e+00
5.36038899047862e+00
5.17007913889994e+00
4.81030305077489e+00
4.22311486214196e+00
3.59331067800509e+00
2.93900721414478e+00
2.45529456217100e+00
2.10243482380852e+00
1.95516926166078e+00
2.79170709188048e+00
1.33624955082414e+00
1.15448674664833e+00
2.18554077572039e+00
4.19052992629636e+00
5.17226210389852e+00
4.82273238408553e+00
4.55438567375097e+00
4.50294033911756e+00
4.58015456364214e+00
4.67097516884976e+00
4.84363907310696e+00
4.97066500495115e+00
5.13075796913922e+00
4.85082316570038e+00
4.57554997423790e+00
4.46085610910392e+00
4.47366646968661e+00
4.35675063346866e+00
4.33520327074455e+00
4.36508569445000e+00
4.35335257365415e+00
4.32775813751703e+00
4.26871800891215e+00
4.26873441422811e+00
4.31365409529156e+00
4.46569029312950e+00
4.65757064042955e+00
4.95355236959949e+00
4.66530942097960e+00
4.61296420723615e+00
4.67339643928945e+00
4.64073253324713e+00
4.62937488394664e+00
4.65872546073078e+00
4.66299984553630e+00
4.68342271450757e+00
4.72426440052711e+00
4.74692029135646e+00
4.97773377809404e+00
5.14812008803124e+00
5.18286486386837e+00
5.15328322253901e+00
5.18560841515330e+00
5.25214755664532e+00
5.33623012276921e+00
5.32688198376069e+00
5.31487581462138e+00
5.28599960380971e+00
5.36446435260380e+00
5.44081604937229e+00
5.13273674575464e+00
5.17392989553290e+00
4.99174498372336e+00
4.68862063092011e+00
4.17745747597416e+00
3.60932792576457e+00
3.02327298391717e+00
2.56935003150182e+00
2.21088017345168e+00
2.03115882894048e+00
2.55758655428997e+00
1.35377047485079e+00
1.13436098278012e+00
1.77212541386139e+00
2.87630422838692e+00
3.06668735142061e+00
5.21446981132816e+00
4.77792504599046e+00
4.57743048749745e+00
4.59624737197456e+00
4.59955416582944e+00
4.72669947334654e+00
4.86442063053210e+00
5.30108975236912e+00
5.20021810285508e+00
4.79218005774268e+00
4.58625729581610e+00
4.57827875401716e+00
4.43866866877850e+00
4.38623933865937e+00
4.39788799247470e+00
4.37551150224972e+00
4.33676546769666e+00
4.24880498904749e+00
4.16795952798832e+00
4.12884508100433e+00
4.18653685160979e+00
4.28939243335813e+00
4.57211576556822e+00
4.87526117650704e+00
4.65573730018089e+00
4.68614506931306e+00
4.62734946054462e+00
4.59382776394763e+00
4.60568493956975e+00
4.59753541811055e+00
4.61592677742185e+00
4.66218529520184e+00
4.68454632672553e+00
4.90112588981969e+00
5.06531629545588e+00
5.10672398553185e+00
5.09420231348786e+00
5.14238781003978e+00
5.22350046249833e+00
5.32078297966421e+00
5.32827909367144e+00
5.33425394649612e+00
5.31864337551335e+00
5.39571516157497e+00
5.45786660132371e+00
5.12714204818740e+00
5.14016965552387e+00
4.97037834406024e+00
4.71043715909983e+00
4.25079585262143e+00
3.72304590448898e+00
3.18187820969160e+00
2.74630870350636e+00
2.38151721994582e+00
2.18614689175027e+00
2.57955838472376e+00
1.46079851618436e+00
1.20939079562546e+00
1.72369547701261e+00
2.55548810496365e+00
2.70812121125141e+00
2.87466250443111e+00
4.98240724143996e+00
4.69774804671963e+00
4.66860629561905e+00
4.57378208241380e+00
4.59885074589996e+00
4.71199076348167e+00
5.09793604214704e+00
5.44658378929802e+00
4.97744813658637e+00
4.71447465414904e+00
4.68988684173245e+00
4.52962955928412e+00
4.44751444569543e+00
4.43703530748512e+00
4.40489754495717e+00
4.37251013121188e+00
4.29163179900870e+00
4.17624429324734e+00
4.09239018485774e+00
4.09194850502903e+00
4.11665908301850e+00
4.27834753502054e+00
4.53930481917226e+00
5.08046863886196e+00
4.72918043830707e+00
4.64153263270388e+00
4.58441462989607e+00
4.57419146941902e+00
4.54655428679214e+00
4.55755508946163e+00
4.60625043772471e+00
4.62512431498524e+00
4.82303070468426e+00
4.97588862388730e+00
5.01927372171837e+00
5.02040167292768e+00
5.08129326883175e+00
5.17396810730063e+00
5.28113836350278e+00
5.30288575514879e+00
5.32496930611989e+00
5.32149302580053e+00
5.39558622726429e+00
5.44111137573259e+00
5.08615142783044e+00
5.06516624037824e+00
4.90484221818775e+00
4.68893269246742e+00
4.28616990083270e+00
3.80654298745843e+00
3.32233201200972e+00
2.91303141173102e+00
2.54537697181886e+00
2.33627518004538e+00
2.57768771973549e+00
1.56106463878745e+00
1.27430919861558e+00
1.69625692134098e+00
2.39027204552192e+00
2.53604731833764e+00
2.74002370458510e+00
2.71082310464732e+00
4.90451816111533e+00
4.82395827255815e+00
4.63993671088597e+00
4.53687114152815e+00
4.52123252574103e+00
4.72747896285832e+00
5.01090179754946e+00
5.30109700182769e+00
4.90193711752264e+00
4.83094189237786e+00
4.62901464980546e+00
4.50306083089253e+00
4.44228916857855e+00
4.36409194619592e+00
4.30951936660626e+00
4.22007961533918e+00
4.05930722479852e+00
3.91827058251671e+00
3.85550077228859e+00
3.82778655507663e+00
3.92470792570541e+00
4.14853135215672e+00
4.52576245680192e+00
4.93636041638593e+00
4.69861595202359e+00
4.61527219274919e+00
4.57721982595173e+00
4.52049540731472e+00
4.51660164385139e+00
4.56339023272726e+00
4.57405668432619e+00
4.74662183220007e+00
4.88036504612323e+00
4.91843545173488e+00
4.92730888476392e+00
4.99461817296750e+00
5.09173699407573e+00
5.20043459810009e+00
5.22874115895437e+00
5.25915448322320e+00
5.25864740151904e+00
5.31416895502556e+00
5.32167294056954e+00
4.92447956818954e+00
4.83931668510717e+00
4.67651202349795e+00
4.50944227983643e+00
4.18367730048351e+00
3.77627569244797e+00
3.38446897778321e+00
3.02185349627240e+00
2.65655890432356e+00
2.42560010451656e+00
2.36293056402166e+00
1.58024592097087e+00
1.24303220251567e+00
1.45719609674437e+00
1.87005005101012e+00
1.92953414859993e+00
2.06026685502948e+00
2.02749424398836e+00
2.37745467503241e+00
5.07065675676347e+00
4.76442261691866e+00
4.61052409294572e+00
4.50635096780041e+00
4.56087987467199e+00
4.71259975858643e+00
4.98129598697003e+00
5.24386823749067e+00
5.04794000614945e+00
4.72737803874072e+00
4.57143437253903e+00
4.47016885844900e+00
4.34237365728443e+00
4.26385515358105e+00
4.17122781818044e+00
3.97127372566424e+00
3.76578157502214e+00
3.61470896957859e+00
3.49035420313673e+00
3.45172673175100e+00
3.49657047817106e+00
3.62577090202513e+00
3.79678855437735e+00
4.20565331984243e+00
4.64314754172228e+00
4.57913418095290e+00
4.48907893997571e+00
4.46854697395473e+00
4.51635363274977e+00
4.52357653611386e+00
4.67688059551971e+00
4.79592413128322e+00
4.83162496303315e+00
4.85094848445906e+00
4.92903449795305e+00
5.03706524748024e+00
5.15517564090548e+00
5.19781324536552e+00
5.24690936584371e+00
5.26572315436208e+00
5.33425232581906e+00
5.34714377422628e+00
4.94529665582215e+00
4.84884757016373e+00
4.69978107906868e+00
4.56738475989229e+00
4.28093640876657e+00
3.90598952930664e+00
3.55186528795654e+00
3.20861924799466e+00
2.84212355434152e+00
2.60456754632554e+00
2.43729280921922e+00
1.71260027760132e+00
1.33621034825295e+00
1.48543733103999e+00
1.82229341354624e+00
1.85875990112320e+00
1.97822214855751e+00
1.94279939674127e+00
2.27991537723089e+00
2.62990406542234e+00
4.92399521280805e+00
4.73320206965988e+00
4.58150186046967e+00
4.50798345839093e+00
4.57826845430700e+00
4.76329120795329e+00
4.95311781008405e+00
5.06727088287533e+00
4.88309649673092e+00
4.67985341931567e+00
4.55225251875846e+00
4.37559789608704e+00
4.28252194389304e+00
4.21607652643648e+00
4.02550292911200e+00
3.80993382155340e+00
3.62718251340330e+00
3.46553933140545e+00
3.37392849870820e+00
3.34011335466383e+00
3.37257948830529e+00
3.47855903508421e+00
3.69077653467143e+00
3.75067546912522e+00
5.19269504127991e+00
4.96782141172415e+00
4.67892815748984e+00
4.60551573711402e+00
4.74233321655606e+00
4.83921985798108e+00
4.85899605155838e+00
5.28940893922531e+00
5.13822071747263e+00
4.93543210308566e+00
4.62843618262032e+00
4.45611708984508e+00
4.39108799274983e+00
4.21225559535030e+00
4.00596208374676e+00
3.81942746234481e+00
3.65786272686299e+00
3.57485123309355e+00
3.54883497702967e+00
3.60200610264472e+00
3.78821348943348e+00
4.25765702298664e+00
4.33123718002018e+00
5.39190409401357e+00
5.28008385469570e+00
4.90836271183488e+00
4.65865362239942e+00
4.71875785105140e+00
4.75980572791124e+00
4.77793766534148e+00
4.96534321014975e+00
5.17432283644254e+00
5.24170127380191e+00
4.88499491515179e+00
4.61582288428971e+00
4.52765831288029e+00
4.34778624094485e+00
4.14507319335429e+00
3.94227232560279e+00
3.76307284340444e+00
3.66931282028042e+00
3.62319371913302e+00
3.64896090237578e+00
3.82375281225879e+00
4.36233683225985e+00
4.24083324422066e+00
4.54953848252927e+00
4.05642462745113e+00
5.09279066147166e+00
4.77259549627706e+00
4.72345984891093e+00
4.66645658477484e+00
4.62677892138599e+00
4.77674475079858e+00
4.95522344681927e+00
5.36141587556742e+00
5.07136222839976e+00
4.77271075211353e+00
4.64868327745705e+00
4.45528646789242e+00
4.25898137295049e+00
4.03974561746412e+00
3.83972091593208e+00
3.74004730457714e+00
3.68823162591376e+00
3.70757500061229e+00
3.89118736979308e+00
4.52035556513998e+00
4.46682583831174e+00
4.31800124907258e+00
3.89869953474507e+00
4.62783973591171e+00
4.91421228409869e+00
4.86766254661292e+00
4.71779062900592e+00
4.57622937642742e+00
4.53944861747610e+00
4.61250571092483e+00
4.89484041480455e+00
5.12552870078154e+00
4.91787676808353e+00
4.83465236529469e+00
4.61598767056193e+00
4.41922552791944e+00
4.16614992539670e+00
3.91598241567719e+00
3.77896296922622e+00
3.68537039711889e+00
3.64802273614031e+00
3.75998665367904e+00
4.34914385512296e+00
4.40074744088162e+00
4.18737393513059e+00
3.76469649041533e+00
4.14614805090783e+00
4.78374092481992e+00
5.09473953467579e+00
4.87399423890566e+00
4.69967689705701e+00
4.46978378125423e+00
4.33288753581527e+00
4.50564872760687e+00
4.70393941992309e+00
4.99294998389279e+00
5.07376043422737e+00
4.81393571158373e+00
4.64185170265901e+00
4.37367831488931e+00
4.07831594524894e+00
3.91035805813713e+00
3.78446178633320e+00
3.69370143548911e+00
3.71702342855555e+00
4.22077263773263e+00
4.33988002738040e+00
4.15583931542993e+00
3.76983745474718e+00
4.02525672339547e+00
4.57187516989725e+00
5.41122294813798e+00
5.06634836115335e+00
4.89964184487531e+00
4.60446944175280e+00
4.28223540698094e+00
4.29589924112851e+00
4.38415416082226e+00
4.64335491321572e+00
4.92389767228708e+00
5.01823772339925e+00
4.83793974085350e+00
4.57868668797027e+00
4.24726871393303e+00
4.05828411790998e+00
3.91713917960667e+00
3.78767220591927e+00
3.71690280822754e+00
4.09378781435267e+00
4.22543625847890e+00
4.05161966779282e+00
3.67463827525292e+00
3.75934069360514e+00
4.07882410062784e+00
4.61026368694859e+00
5.12843507250441e+00
5.32875208075917e+00
5.00065238695701e+00
4.50461330000490e+00
4.35528673805239e+00
4.33410980872847e+00
4.41754209654951e+00
4.61084228315559e+00
5.14904432528166e+00
5.26191628859327e+00
4.95886627176384e+00
4.53739757642843e+00
4.29551049436851e+00
4.14124356920178e+00
3.99575230546014e+00
3.85165212045831e+00
4.10928544322450e+00
4.23090662706310e+00
4.06115079902280e+00
3.68448443362895e+00
3.62415263801137e+00
3.70330195181548e+00
4.04529325078460e+00
4.46421592353492e+00
4.84433179634523e+00
5.42950426165981e+00
4.84786360698651e+00
4.47210479570569e+00
4.32710529391290e+00
4.28433945103559e+00
4.32865188528007e+00
4.62249244599155e+00
5.01436377830680e+00
5.38063667700024e+00
4.89705631792645e+00
4.54892309929998e+00
4.36231667672552e+00
4.22072906555507e+00
4.03377351281266e+00
4.18513964216432e+00
4.28551395600796e+00
4.12479334215173e+00
3.76242949422771e+00
3.60365030205202e+00
3.46702871689822e+00
3.63067239784244e+00
3.88105873775549e+00
4.31701065679250e+00
4.80319910864488e+00
5.25313193697470e+00
4.74888197204255e+00
4.42927794853952e+00
4.22733355985046e+00
3.97277399858072e+00
3.83362396087149e+00
3.90581692727121e+00
4.28803627789396e+00
5.26082359516574e+00
4.84340923579022e+00
4.58098458387594e+00
4.43865833647911e+00
4.23172309427814e+00
4.28169113314459e+00
4.34188133796595e+00
4.18535332982515e+00
3.85030285495853e+00
3.63845343490545e+00
3.32944389667764e+00
3.33009549336713e+00
3.42081718646693e+00
3.69832661939117e+00
4.10770985652077e+00
4.68373531303941e+00
5.19383270141193e+00
4.79628995447366e+00
4.55288910972523e+00
4.21436014505329e+00
3.83017925617382e+00
3.70038604826889e+00
3.83789833609005e+00
3.82372637025547e+00
5.21901641364241e+00
4.88489891839689e+00
4.71152175560973e+00
4.50283076553246e+00
4.46047285356167e+00
4.45977946825118e+00
4.29150740201283e+00
3.98864247764734e+00
3.77648784341976e+00
3.37488276654412e+00
3.28978770964041e+00
3.33703321248106e+00
3.58219159811474e+00
3.92398525558700e+00
4.57017370431425e+00
5.10250119782349e+00
5.03366249581089e+00
4.81549000918367e+00
4.62289539124023e+00
4.25655513081191e+00
4.10070465334778e+00
4.46645901540123e+00
4.49502679693316e+00
5.53217208248636e+00
5.04813459709604e+00
4.84102309311505e+00
4.68503650699578e+00
4.58746481911446e+00
4.50701461035421e+00
4.29041365007296e+00
3.99209715464366e+00
3.75935086570309e+00
3.24015168095761e+00
3.00518592420783e+00
2.95930897457339e+00
3.12102101973216e+00
3.34275682084024e+00
3.93782627404675e+00
4.25341289860134e+00
4.58774718924294e+00
5.29049937395517e+00
4.96438672477175e+00
4.65558244996033e+00
4.35874707980327e+00
4.63156679947842e+00
4.47725458359695e+00
4.67063710193505e+00
3.95140000096295e+00
5.27287152429927e+00
4.94865809491266e+00
4.85359032920019e+00
4.70984139146457e+00
4.43376201577065e+00
4.12586098760987e+00
3.89588017457328e+00
3.30952082865032e+00
2.96676000136605e+00
2.85647274001539e+00
2.96152396121397e+00
3.05880743987885e+00
3.49553862687049e+00
3.81009765082145e+00
3.77138929580237e+00
4.43750694734120e+00
5.23086452458688e+00
4.98101502034280e+00
4.64446973045355e+00
4.80086288549613e+00
4.75166362263184e+00
4.45776767781519e+00
3.64044087316151e+00
4.55818598983086e+00
5.18806480816258e+00
5.04521528414168e+00
4.87091473267966e+00
4.55975532838407e+00
4.24499063387762e+00
4.03280556993355e+00
3.42058805572019e+00
2.99592071202590e+00
2.83955195557472e+00
2.90705253199654e+00
2.88223509586565e+00
3.10538232937097e+00
3.28843509797493e+00
3.18601638032485e+00
3.52277297219685e+00
4.03158800792199e+00
5.35288876033107e+00
4.89776605101090e+00
4.81346440407201e+00
4.79470277580148e+00
4.46652738914921e+00
3.49162528764333e+00
3.90485573318867e+00
4.84601843754024e+00
5.34713416335865e+00
5.04814582946244e+00
4.70461250338579e+00
4.36071094057314e+00
4.15112984441008e+00
3.53503034478549e+00
3.03627549967605e+00
2.84392229257067e+00
2.89483358088347e+00
2.77217395435421e+00
2.79416349541036e+00
2.79567763056645e+00
2.61790483681628e+00
2.60607251752888e+00
2.45652602058374e+00
2.08822621981116e+00
5.11840556094519e+00
4.89550349127708e+00
4.83167205516933e+00
4.56355770649591e+00
3.56999549164344e+00
3.62797880502159e+00
4.57304684751487e+00
5.63183322988756e+00
5.17253697065566e+00
4.84570357693687e+00
4.47761393705065e+00
4.25071380302019e+00
3.66823152693884e+00
3.12694504421335e+00
2.94122288550280e+00
3.04639572109464e+00
2.93008764450630e+00
2.91370419033555e+00
2.87086561450873e+00
2.72182110197955e+00
2.72066893701043e+00
2.40162709464026e+00
2.29472694997011e+00
2.21942772159565e+00
5.05509391443432e+00
4.98077308226349e+00
4.68807692831455e+00
3.70801779259553e+00
3.29541720068389e+00
3.94372878030167e+00
4.86526934744763e+00
5.28781277579817e+00
5.03106665805728e+00
4.70970695166314e+00
4.39590074427250e+00
3.82163467083649e+00
3.17830068052462e+00
2.95661933914285e+00
3.08674119645287e+00
2.94122904996724e+00
2.82047556366537e+00
2.62341392433097e+00
2.42482029064487e+00
2.40095207262416e+00
2.12969575819222e+00
2.03118840984035e+00
2.05897312223073e+00
3.90480686001151e+00
5.10891695999001e+00
4.89219056413610e+00
4.04514997257687e+00
3.20861944225205e+00
3.45634164948767e+00
4.29080624110860e+00
4.68372815543368e+00
4.90086733396547e+00
4.94200978942983e+00
4.62428279188213e+00
4.09910948390240e+00
3.32700050735818e+00
3.06180423639923e+00
3.24315891784611e+00
3.10251707505724e+00
2.94586467350613e+00
2.63902303990091e+00
2.37859282743175e+00
2.30353003825499e+00
2.00442706418010e+00
1.76072635842751e+00
1.63003610361365e+00
2.14516098833166e+00
2.17262265367067e+00
5.29899675003481e+00
4.55419942996330e+00
3.35379976006818e+00
3.19807728947932e+00
3.91114620411389e+00
4.15345354270697e+00
4.42248833620790e+00
4.83797095818146e+00
5.09623507779959e+00
4.51741346224644e+00
3.54324470440573e+00
3.22022718524410e+00
3.48433928962486e+00
3.38739402450559e+00
3.28573549764371e+00
2.96163192397593e+00
2.69384029747199e+00
2.63543579733380e+00
2.34948476081101e+00
2.08596289414310e+00
1.93485631649869e+00
2.05497976750291e+00
2.11264959215640e+00
3.86302291720580e+00
4.96609336738969e+00
3.56718981600466e+00
3.12086642520824e+00
3.75427445874775e+00
3.84396914750780e+00
3.92871619076865e+00
4.15924229694588e+00
4.76945320444371e+00
4.88816176386760e+00
3.71535113798604e+00
3.34535291272726e+00
3.72725549284233e+00
3.68091224212171e+00
3.65804139922777e+00
3.31721908731031e+00
3.02899389905835e+00
2.96110860243582e+00
2.67552861027900e+00
2.36618392014149e+00
2.14526357218673e+00
2.08790661268578e+00
2.09143313160555e+00
1.90740260749239e+00
1.52286883237276e+00
4.02322003950441e+00
3.20811344580140e+00
3.94831311976076e+00
4.02623316790124e+00
4.12628255828758e+00
4.10902377026735e+00
4.73122152467178e+00
5.24078889154175e+00
3.58693944357071e+00
4.15753378994506e+00
3.83832689660475e+00
3.94944048772841e+00
3.74731557590440e+00
4.18833475925502e+00
4.45419213182895e+00
4.68696394970275e+00
3.72599881984624e+00
4.30897628492033e+00
4.07739148310548e+00
4.29202709292219e+00
4.10643254559096e+00
3.92451376869168e+00
3.94162607092294e+00
3.65245164716674e+00
3.05292622654910e+00
2.26120227517132e+00
1.56548180437806e+00
8.04618912201638e-01
1.58238480146217e-01
-7.70684494661573e-01
-3.01570198473488e+00
5.38229735168890e+00
4.24683772602413e+00
4.00413528751186e+00
3.63783982702217e+00
3.81471515722256e+00
4.03355475781741e+00
3.87856289262359e+00
4.46891798419805e+00
5.34560322307002e+00
4.36386191662985e+00
4.22520366173025e+00
3.98247569924644e+00
3.81760145416254e+00
3.79882107105276e+00
3.59388254833807e+00
3.19101247478523e+00
2.65187670987640e+00
2.17763205023251e+00
1.65889137906555e+00
1.32925713067464e+00
1.05384778076634e+00
1.05797995723734e+00
-4.05499983068901e-01
3.87924553886404e+00
3.83988343738634e+00
3.50325730375537e+00
3.49412017584966e+00
3.51783981901464e+00
3.30348885239591e+00
3.53872474949186e+00
4.03324954274462e+00
3.93614626748779e+00
3.96898800034348e+00
3.81434024495501e+00
3.77128359687359e+00
3.82573186177912e+00
3.72208558137978e+00
3.40361635640227e+00
2.89049717568335e+00
2.41011815824540e+00
1.79184013977127e+00
1.46037420446823e+00
1.25421408495760e+00
1.46097810263245e+00
2.63136373516744e+00
9.18667414790162e-01
4.62464868278982e+00
4.03281264415562e+00
3.79196959255543e+00
3.42218170492519e+00
2.97057097383395e+00
2.75180879502129e+00
2.41676449158602e+00
2.07180223176208e+00
4.66235045849197e+00
4.26478606380459e+00
4.19151848262598e+00
4.14614223112537e+00
4.00757746678782e+00
3.65670363358946e+00
3.03654012735611e+00
2.38684846012906e+00
1.37954175750349e+00
8.78553688761802e-01
6.75153544583359e-01
8.48773834549473e-01
2.29026425494277e+00
8.16534241141280e-01
5.44109724912562e-01
4.84524196669291e+00
4.65546038294680e+00
4.08440224012651e+00
3.46329298418393e+00
3.13720467524355e+00
2.48941431903380e+00
2.35266199187651e+00
2.21030481868372e+00
4.90806344097803e+00
4.82022548507577e+00
4.56589802312656e+00
4.28367246831911e+00
3.88966517654493e+00
3.29847235562177e+00
2.70482252181233e+00
1.65560915236440e+00
1.09273230287830e+00
8.03112495100268e-01
8.89158361291321e-01
2.56943425526781e+00
9.18754692204451e-01
7.87375808628838e-01
1.41388412800854e+00
5.49666426864748e+00
4.65273801806998e+00
3.83732826892218e+00
3.35826749792829e+00
2.63134172822202e+00
2.36203179201157e+00
2.14371001419526e+00
4.10470449837730e+00
5.50276706052035e+00
4.93641192906754e+00
4.52474795681739e+00
4.09635707443567e+00
3.54898583146238e+00
3.05876716123745e+00
2.03871502063869e+00
1.45520971238896e+00
1.08126111455839e+00
1.07129402703605e+00
2.85723353492026e+00
1.11453520883412e+00
1.07370467822687e+00
2.29934547550282e+00
5.21874020523860e+00
4.40038843327127e+00
3.76500979937879e+00
2.93257685782608e+00
2.46796062894813e+00
1.86844069458573e+00
2.30523056686920e+00
2.29558554665890e+00
5.26221597517185e+00
4.74335922317894e+00
4.21391109862699e+00
3.65410346012351e+00
3.28179274563272e+00
2.36754935795595e+00
1.81634065403675e+00
1.37327790066916e+00
1.21504819759685e+00
2.49667889443029e+00
1.09066765641496e+00
1.10683252762379e+00
2.32532447998381e+00
3.87096996386513e+00
4.86903080649174e+00
4.37081419305520e+00
3.51456960966115e+00
3.11251703021726e+00
2.35705594514387e+00
2.25438863308649e+00
2.30460323626347e+00
4.06347335435018e+00
4.95331183887313e+00
4.49801256174762e+00
3.86160171130600e+00
3.55906172702931e+00
2.69831838929493e+00
2.15737796290798e+00
1.65404654360257e+00
1.38152635634439e+00
2.32509440785934e+00
1.10886846684112e+00
1.16289206406543e+00
2.39506885417601e+00
4.75090400687503e+00
4.76007258531354e+00
4.91875345162400e+00
4.14684870781749e+00
3.82311436068403e+00
2.90805900905643e+00
2.45245154248917e+00
2.39577550453057e+00
1.99562581602946e+00
1.49404584544254e+00
4.90399388044172e+00
4.25815197441896e+00
3.99720257539005e+00
3.16897336361603e+00
2.61485651933807e+00
2.01643149538233e+00
1.57742865155494e+00
1.84639568258193e+00
9.69556572580971e-01
9.98101387570366e-01
1.76253465547760e+00
3.13149769501284e+00
3.52112228174712e+00
3.10949626068357e+00
4.76534418533769e+00
4.66891505705659e+00
3.91230645232473e+00
3.31165126113322e+00
2.55424139105229e+00
1.91150997329754e+00
1.65571620424865e+00
9.20035658762719e-01
9.14559218738390e-01
1.49299203860622e+00
2.66888240063247e+00
3.20181061555225e+00
3.06623765131764e+00
3.10331005986279e+00
5.32478826593887e+00
4.18886770056570e+00
3.16571319648792e+00
2.23335888588394e+00
1.05689361073938e+00
-2.80798939590178e-01
-3.19569269664504e+00
5.24475206427563e+00
4.32474347118711e+00
3.81562943594392e+00
3.00367179598616e+00
2.22006001230252e+00
1.48099210333245e+00
8.55300619558894e-01
7.87250268031103e-01
1.18199088606268e+00
2.42889921913743e+00
3.03447788351842e+00
3.09382922518025e+00
3.43033188700976e+00
3.18414226737953e+00
4.79782255367493e+00
3.66521819495880e+00
2.94576821591782e+00
2.11784355507607e+00
1.63168771522773e+00
1.08776680673482e+00
-5.39735120374124e-01
4.70605412509081e+00
3.85027219879022e+00
3.05643326385179e+00
2.25039831736021e+00
1.18583548934564e+00
7.08214289395094e-01
5.50535771998445e-01
6.43380181884023e-01
1.78278987367807e+00
2.20338528867022e+00
2.40517206774076e+00
2.79269631046158e+00
2.81650234154835e+00
2.79039310440248e+00
4.52223553845992e+00
3.45248243800953e+00
2.37940065426814e+00
2.04320063602054e+00
1.52826788075979e+00
2.63610696982356e+00
8.26828806525268e-01
4.50404989242175e+00
3.40009389193841e+00
2.32117099589751e+00
1.14102249627361e+00
6.85141663140046e-01
4.74515696732213e-01
4.01000809134613e-01
1.66840667900748e+00
2.02908063064403e+00
2.38998052247902e+00
2.89608783949495e+00
3.00807998219156e+00
3.35683715883882e+00
4.31359373993627e+00
3.90694171892751e+00
2.36002555634642e+00
1.91397261842849e+00
1.30057406956884e+00
2.18380860812086e+00
7.30537739708490e-01
2.74054887731654e+00
2.15915296261902e+00
1.54501762670656e+00
2.31126946405214e+00
8.76882017254343e-01
1.10105178017748e+00
2.41488228307587e+00
1.85393451521671e+00
2.44711509947359e+00
1.21020104120028e+00
1.71678976986037e+00
4.09649682364255e+00
4.03008538620997e+00
2.37126849581607e+00
1.50486776991134e+00
1.65642521054187e+00
4.81640170813657e+00
4.32089337056921e+00
2.40728857308090e+00
1.87408143664263e+00
1.68031101768124e+00
4.97202865049045e+00
5.52858742597070e+00
4.81815395323985e+00
3.85538217812676e+00
1.80345157937551e+00
1.24939564186035e+00
3.10305389478234e+00
3.74831789422330e+00
3.49215935022177e+00
2.82738076772814e+00
1.52872889118349e+00
1.05981501447048e+00
2.27816610407868e+00
3.08502384332557e+00
2.98569490058607e+00
2.59194017979593e+00
2.94007986842263e+00
1.03219875285205e+00
1.73716190276670e+00
2.72453879376010e+00
2.61564637750542e+00
2.41625470875217e+00
3.11481200405898e+00
3.10610434228212e+00
4.11548497068754e+00
1.70027850366674e+00
1.51020956193749e+00
1.86352944125656e+00
2.72865759770895e+00
2.91997286607758e+00
3.44009207150682e+00
3.01737852796077e+00
2.86014794109247e+00
2.93143214787462e+00
2.73044678040213e+00
2.77163835000507e+00
2.79563943530391e+00
2.63564852084357e+00
2.73700083689740e+00
4.09518368709822e+00
-1.80450226070503e+01
3.49241567143411e+00
1.87154802556780e+00
4.09916612102488e+00
3.43285505111967e+00
4.17571909027386e+00
4.27763605663097e+00
2.57294266799265e+00
3.99648541111639e+00
2.75467124316445e+00
3.69230247098344e+00
3.72642743524819e+00
2.44617399030230e+00
3.68064092369112e+00
4.42309145974000e+00
3.35785882391629e+00
2.07195157918817e+00
2.11598133562120e+00
4.76236164486296e+00
2.24401363335997e+00
-1.94924227608087e+01
2.19525291039406e+00
4.64509095083151e+00
1.86722351307877e+00
1.81111200516138e+00
2.07203438585645e+00
3.63619694513725e+00
1.57689492480333e+00
3.21137882220004e+00
2.09802445666628e+00
2.71906235971042e+00
1.39553949507582e+00
2.14888957751904e+00
1.54138695379555e-01
2.26080935403553e+00
1.37609453676941e+00
1.96754980587283e+00
1.72931944119615e+00
1.46622779862725e+00
1.86750176398603e+00
1.51455119012599e+00
2.16311185171927e+00
1.45151306969415e+00
2.08542672940506e+00
9.38093890474360e-01
1.17346767730468e+00
1.35626380711263e+00
-1.99628022510027e+01
4.41499159305709e+00
