5.22742264631748e+00
5.10989149603277e+00
5.02404493921126e+00
4.79470136917787e+00
4.57592040802055e+00
4.68865236783288e+00
4.94803463411211e+00
5.13437494155553e+00
5.25491902459891e+00
5.16431081638504e+00
5.07263619535134e+00
4.91584011467525e+00
4.76294613220117e+00
4.58116551603706e+00
4.50978166794591e+00
4.52297267013499e+00
4.46664436134706e+00
4.52815084437363e+00
4.63076911070165e+00
4.69177597217800e+00
4.79668649497846e+00
4.84139063817701e+00
4.99217683328123e+00
5.18114165436781e+00
5.13042443031607e+00
5.05452142506109e+00
4.99913019567068e+00
4.94598429094647e+00
4.94901374728445e+00
4.99824775838708e+00
4.97074698667451e+00
4.96197199032737e+00
4.98441480478289e+00
4.97826354558870e+00
4.96648418852936e+00
4.96758819221200e+00
4.97942128161048e+00
5.22378308129668e+00
5.40398161905860e+00
5.39903336302378e+00
5.31251481187049e+00
5.29296021680437e+00
5.32659067646515e+00
5.37491143948219e+00
5.32813162928548e+00
5.27999227327763e+00
5.24454848989498e+00
5.37687086284985e+00
5.56194937271055e+00
5.37208295750189e+00
5.53211897947819e+00
5.31284248290164e+00
4.83952953815501e+00
4.12940599601064e+00
3.40753339736351e+00
2.67115119965435e+00
2.15613814070226e+00
1.81836433997173e+00
1.70789048275946e+00
2.49514886111956e+00
1.14373665871989e+00
1.05099642446066e+00
5.17069100808733e+00
5.03846257833868e+00
4.80394466982948e+00
4.54744906803433e+00
4.50857250468266e+00
4.64292199991342e+00
4.82761012321370e+00
4.94322797062683e+00
5.16769594395543e+00
5.02086661380971e+00
4.84985378077663e+00
4.69618210583236e+00
4.51912105712919e+00
4.45395182531485e+00
4.46510394070579e+00
4.38670295213263e+00
4.41170613166902e+00
4.48806631882875e+00
4.52433510889381e+00
4.59282354277048e+00
4.63956208726258e+00
4.81167495716767e+00
4.96545088508693e+00
5.29087290068807e+00
4.92007820601172e+00
4.84771668844569e+00
4.78667963479371e+00
4.79722831804400e+00
4.85930735414458e+00
4.84002519310653e+00
4.83683672114158e+00
4.86683877541137e+00
4.87120020685754e+00
4.87257481394524e+00
4.88686269911649e+00
4.90473939769244e+00
5.14057144012444e+00
5.32089662971405e+00
5.32817046760887e+00
5.26148935587481e+00
5.25741609997913e+00
5.30140978923265e+00
5.35755392210151e+00
5.32132760805089e+00
5.28105709888931e+00
5.24183870523877e+00
5.34259325875232e+00
5.47685789562362e+00
5.23879643129972e+00
5.34160829345007e+00
5.13766650067039e+00
4.72947885686436e+00
4.10004684598522e+00
3.43795470520787e+00
2.76078708825028e+00
2.26905460506588e+00
1.92492941374274e+00
1.78649435616137e+00
2.43335917535370e+00
1.21018616487872e+00
1.10788125258905e+00
2.15179748094639e+00
5.21973009108643e+00
4.93775123039672e+00
4.63671838450865e+00
4.49176190936962e+00
4.55386414679116e+00
4.69319232573085e+00
4.85247230137874e+00
5.09762255036431e+00
5.17249235850550e+00
4.91766180280716e+00
4.71056536657374e+00
4.50054565166346e+00
4.43038784871676e+00
4.44465884133979e+00
4.35199210438359e+00
4.34688844817516e+00
4.39903897224168e+00
4.40732496736512e+00
4.42414260615332e+00
4.41917493169283e+00
4.52425104911161e+00
4.64604035355138e+00
4.86127040276597e+00
5.05408752594923e+00
4.78344555448819e+00
4.67629075909032e+00
4.67593907671806e+00
4.74276797831714e+00
4.72504291806531e+00
4.72184606738307e+00
4.75488684692245e+00
4.76640013178020e+00
4.77974700286491e+00
4.80830011821869e+00
4.83490578443782e+00
5.06698607171866e+00
5.25150982578672e+00
5.27412946686503e+00
5.23019610332609e+00
5.24667822042114e+00
5.30870829010047e+00
5.38178225758979e+00
5.36461135295431e+00
5.34269389911482e+00
5.31519861256036e+00
5.41253201691812e+00
5.53164433754724e+00
5.27104714824518e+00
5.35146287926187e+00
5.16512702871594e+00
4.80160548931850e+00
4.21951864280374e+00
3.58813469797598e+00
2.93954957352085e+00
2.45514383131933e+00
2.10079225719822e+00
1.94624105641251e+00
2.56212994055714e+00
1.34519795574834e+00
1.22787481627281e+00
2.25504825764137e+00
4.21126605194472e+00
5.20603943183130e+00
4.85627584513095e+00
4.55435183621305e+00
4.51563801404012e+00
4.59631608421894e+00
4.67628279115347e+00
4.85352318546619e+00
5.05802543350774e+00
5.16353627038461e+00
4.88253571325850e+00
4.58204679966580e+00
4.47418882440447e+00
4.48253845455904e+00
4.37299260258855e+00
4.33784123990574e+00
4.36732035987138e+00
4.35270687937520e+00
4.32526676410436e+00
4.25775613664019e+00
4.25741598948702e+00
4.29724218477178e+00
4.45006794182963e+00
4.63020687474800e+00
4.91209230069743e+00
4.67095017565411e+00
4.62560680131183e+00
4.68076789851519e+00
4.65059469793983e+00
4.63480012559646e+00
4.65938488640707e+00
4.66740422473722e+00
4.68426464191799e+00
4.72045172259647e+00
4.74866657019008e+00
4.96687555386082e+00
5.14575420097693e+00
5.17609878864971e+00
5.14944217648262e+00
5.18025037360800e+00
5.25282298633693e+00
5.33428097890322e+00
5.32903271973034e+00
5.31788076039971e+00
5.29196163758048e+00
5.36612264140072e+00
5.44263515471241e+00
5.13830269360942e+00
5.16102815465342e+00
4.98247808551292e+00
4.67542403713979e+00
4.16944720365817e+00
3.60011787424600e+00
3.02057852712744e+00
2.56574199554684e+00
2.20576217244457e+00
2.01873441397506e+00
2.36065913819193e+00
1.35046662548135e+00
1.17173630266735e+00
1.79169371873384e+00
2.84729586946475e+00
3.01295740184711e+00
5.26035040675856e+00
4.78053972452659e+00
4.59789879722439e+00
4.61559621256949e+00
4.61597895343713e+00
4.75029005003988e+00
4.92706381905297e+00
5.34019213142271e+00
5.24323675538933e+00
4.79832252522922e+00
4.60394110719883e+00
4.58811871361062e+00
4.45589491022888e+00
4.39091563470632e+00
4.40204547097596e+00
4.37883507912035e+00
4.33850840574065e+00
4.24310582028984e+00
4.16580104934025e+00
4.12247552445702e+00
4.18397795782689e+00
4.28137959805699e+00
4.56560972936923e+00
4.85742890132447e+00
4.67141245664536e+00
4.69356776248692e+00
4.63713799544347e+00
4.59853338337667e+00
4.60546093792823e+00
4.60127534445785e+00
4.61590044448868e+00
4.65712912751138e+00
4.68546204356401e+00
4.88967989066157e+00
5.06223982884207e+00
5.09924638843418e+00
5.08945013820942e+00
5.13606064015877e+00
5.22275151635804e+00
5.31732189496893e+00
5.32874698446217e+00
5.33521537302218e+00
5.32213623523063e+00
5.39463126193621e+00
5.45669776951310e+00
5.13019720290446e+00
5.12444349328986e+00
4.95824051090112e+00
4.69437067820038e+00
4.24046393725678e+00
3.71210289371641e+00
3.17874976436700e+00
2.74257600866997e+00
2.37688128889228e+00
2.17452230462008e+00
2.41113640859296e+00
1.45686037461733e+00
1.23969895618288e+00
1.73526708033161e+00
2.52835398382644e+00
2.66279895192009e+00
2.83468853335028e+00
5.02893766492854e+00
4.74308166765757e+00
4.69313806302648e+00
4.59069670855733e+00
4.61138975922435e+00
4.73899436815165e+00
5.09511019985897e+00
5.47893318918741e+00
5.02420579470583e+00
4.75757167154002e+00
4.71176041341115e+00
4.55474882422389e+00
4.45795395115589e+00
4.44451099851123e+00
4.41150240230416e+00
4.37560815700379e+00
4.28565877038478e+00
4.17432603954083e+00
4.08362718760696e+00
4.08481505178030e+00
4.10073589339192e+00
4.25789073521958e+00
4.50398938150105e+00
5.02811744009965e+00
4.74787254699313e+00
4.65953959938383e+00
4.59474723339494e+00
4.57829357674511e+00
4.55423630543888e+00
4.56071714407816e+00
4.60361634627237e+00
4.62870529206678e+00
4.81439750010717e+00
4.97549811093625e+00
5.01443276044961e+00
5.01804685467300e+00
5.07738771855555e+00
5.17533583537272e+00
5.27998950259320e+00
5.30573610880583e+00
5.32827538723741e+00
5.32741422276950e+00
5.39776192844399e+00
5.44447606685744e+00
5.09537584490471e+00
5.05731043599928e+00
4.90102552400155e+00
4.68051267944771e+00
4.28231264478820e+00
3.80098232410912e+00
3.32361454960372e+00
2.91280272182284e+00
2.54481535098401e+00
2.32974644662392e+00
2.44448677533992e+00
1.56196423966541e+00
1.30623382342837e+00
1.71781009240156e+00
2.39361821961972e+00
2.53169342374117e+00
2.74694598433291e+00
2.71036802154857e+00
4.93535509192735e+00
4.82956935072837e+00
4.64845827900125e+00
4.54344951146053e+00
4.53885058429085e+00
4.73238233600444e+00
5.04897333809843e+00
5.36788612034054e+00
4.92986243283939e+00
4.83311496970321e+00
4.63957118026101e+00
4.50220577007024e+00
4.43960233433410e+00
4.36354368888017e+00
4.30564315924856e+00
4.20739836735321e+00
4.05315069298616e+00
3.90526843483514e+00
3.84551776566052e+00
3.81151920250689e+00
3.90926982876489e+00
4.12888279941221e+00
4.52359811072731e+00
4.90378503988086e+00
4.70436859311357e+00
4.61505607913157e+00
4.57234801517809e+00
4.52119095693887e+00
4.51345237163982e+00
4.55461031911059e+00
4.57266300521357e+00
4.73362444377935e+00
4.87589796260553e+00
4.90984419902405e+00
4.92121370760411e+00
4.98710491574134e+00
5.08903758256493e+00
5.19527244263349e+00
5.22745846796271e+00
5.25793845962450e+00
5.25947619165926e+00
5.31098481996125e+00
5.31939208691563e+00
4.92872373734744e+00
4.82679953922557e+00
4.66795237930003e+00
4.49631888038275e+00
4.17532150790241e+00
3.76716392503370e+00
3.38366041565888e+00
3.01989233808639e+00
2.65565913936242e+00
2.41984389006246e+00
2.24910673076109e+00
1.57792547547891e+00
1.26259311459210e+00
1.46570388001453e+00
1.86142598271392e+00
1.91383716178117e+00
2.05050442531512e+00
2.01396311263020e+00
2.35971362077692e+00
5.08902387839459e+00
4.78428023683315e+00
4.61989919727440e+00
4.51822695808239e+00
4.56419952969416e+00
4.73158478598545e+00
4.98961922454381e+00
5.29677528160197e+00
5.06428085286892e+00
4.74914155164793e+00
4.57789483765111e+00
4.47233201364464e+00
4.34822537991601e+00
4.26573917140528e+00
4.16411713457534e+00
3.97321197667956e+00
3.76127103550888e+00
3.61546714161859e+00
3.48727294925744e+00
3.45319449645851e+00
3.50088841054258e+00
3.64685765347895e+00
3.80713775519310e+00
4.19736737997237e+00
4.64884949137982e+00
4.57810745655970e+00
4.49373338653923e+00
4.46847367817780e+00
4.50968094913579e+00
4.52459631963269e+00
4.66604675931374e+00
4.79334958005208e+00
4.82467483446977e+00
4.84612053752194e+00
4.92258496377514e+00
5.03479387843338e+00
5.15023912677351e+00
5.19645678705797e+00
5.24509160842485e+00
5.26535557536708e+00
5.32922289040023e+00
5.34231802715617e+00
4.94679106781821e+00
4.83261980077124e+00
4.68714433258309e+00
4.54997997336778e+00
4.26874627088634e+00
3.89343540130163e+00
3.54888010061023e+00
3.20474052541617e+00
2.83985286384315e+00
2.59731531303625e+00
2.33253173496141e+00
1.70722434453205e+00
1.35001392621116e+00
1.48480023964338e+00
1.80092953854111e+00
1.82846415323854e+00
1.94782584141523e+00
1.90715376865944e+00
2.23384705970777e+00
2.54879126424140e+00
4.95335142762462e+00
4.73852622175941e+00
4.58451160540115e+00
4.50956480435497e+00
4.58774379108641e+00
4.75667838580423e+00
4.97002098891014e+00
5.07016399305970e+00
4.91205423906887e+00
4.68289753178440e+00
4.54852852651901e+00
4.37862059608264e+00
4.28124334409283e+00
4.20511221122749e+00
4.02519509847084e+00
3.80197523310784e+00
3.62463439698015e+00
3.45811184715401e+00
3.37000722074585e+00
3.33800721943798e+00
3.38162166827135e+00
3.47920607830693e+00
3.68136452517022e+00
3.83622586833572e+00
5.22594178239391e+00
4.97434351734173e+00
4.68687886695072e+00
4.61465401484662e+00
4.73332970989494e+00
4.85279605082321e+00
4.86253702945324e+00
5.28736944455768e+00
5.16845601582142e+00
4.93787960895884e+00
4.63756404509101e+00
4.45823168286952e+00
4.38215011191237e+00
4.21591986904391e+00
4.00074574903452e+00
3.82085100683813e+00
3.65408806496662e+00
3.57504653857635e+00
3.55112696277637e+00
3.61417073128760e+00
3.79380779554805e+00
4.25133444900527e+00
4.42478840747947e+00
5.37778916302652e+00
5.26220411588802e+00
4.90803658276352e+00
4.65733694741003e+00
4.70060249893899e+00
4.76616578886347e+00
4.77236864105398e+00
4.95673965981480e+00
5.17518679483054e+00
5.22260863835148e+00
4.88495055689098e+00
4.60892256179735e+00
4.51055849948023e+00
4.34665191115436e+00
4.13393675477991e+00
3.93899994857372e+00
3.75357303898490e+00
3.66230673007083e+00
3.61586166085177e+00
3.64595353237681e+00
3.80882837804619e+00
4.32303456513050e+00
4.22785597085876e+00
4.41415271837898e+00
3.89913051172431e+00
5.05553032002073e+00
4.74431175483490e+00
4.68654063231128e+00
4.65966330592007e+00
4.60686781834527e+00
4.75677982089416e+00
4.93072813294079e+00
5.31744115726648e+00
5.03625466659188e+00
4.74256654223962e+00
4.61597895798445e+00
4.44671187314793e+00
4.24153427656042e+00
4.03466795386452e+00
3.83091377565592e+00
3.73659531550940e+00
3.68797710558051e+00
3.71506134208382e+00
3.89395195159511e+00
4.50745416152144e+00
4.48257478166707e+00
4.30185803358975e+00
3.88430911701742e+00
4.57016607160597e+00
4.89736668020071e+00
4.83896299667199e+00
4.71992107036947e+00
4.56007680432323e+00
4.52834899659615e+00
4.59646678688190e+00
4.87722275295266e+00
5.07608069741346e+00
4.90017265716903e+00
4.81020793196286e+00
4.61657467784997e+00
4.40513752428263e+00
4.16410601187866e+00
3.90723515946475e+00
3.77350293438958e+00
3.68137031929788e+00
3.64876404317419e+00
3.75544067049721e+00
4.32761313936006e+00
4.39998827343829e+00
4.16937105057889e+00
3.75169345744201e+00
4.10795663546580e+00
4.77138041202543e+00
5.04480350348236e+00
4.86840085426994e+00
4.67374848139169e+00
4.45840785010592e+00
4.31604026387050e+00
4.48862405833932e+00
4.67686092744442e+00
4.94989182757744e+00
5.02761546147151e+00
4.80664480712643e+00
4.61759253834889e+00
4.36687262625795e+00
4.06524425740272e+00
3.90134903127937e+00
3.77736852312912e+00
3.69063418772062e+00
3.71035764451803e+00
4.19927471034906e+00
4.33457980592688e+00
4.14001830983609e+00
3.76097263120620e+00
4.00194331542565e+00
4.58131816377862e+00
5.38524129154696e+00
4.98231382721985e+00
4.83638831702570e+00
4.58165036223159e+00
4.26336513133494e+00
4.28510130372924e+00
4.37340715886521e+00
4.63521186288367e+00
4.90412497968393e+00
4.93714926542099e+00
4.77711382469363e+00
4.55420622332021e+00
4.22198902411492e+00
4.04086436628289e+00
3.90350431209557e+00
3.77819553191862e+00
3.70623065705043e+00
4.07174055130833e+00
4.21535973419040e+00
4.03409841682403e+00
3.66260665501894e+00
3.73779676892418e+00
4.08707284274601e+00
4.60061975449510e+00
5.12301742284891e+00
5.28711426372922e+00
5.00322025728889e+00
4.49547154148052e+00
4.34780954722552e+00
4.32041924514051e+00
4.39745655273397e+00
4.57368835571536e+00
5.09534222067492e+00
5.22329080656453e+00
4.96163650427850e+00
4.52758143217633e+00
4.29033151637210e+00
4.13762621401417e+00
3.99352894621280e+00
3.84746715637602e+00
4.09485487117944e+00
4.22379790588570e+00
4.04671643693946e+00
3.67290146049956e+00
3.60519292155490e+00
3.70978178473009e+00
4.03392116527647e+00
4.46041666632887e+00
4.84917018252120e+00
5.39807671901688e+00
4.80846174164165e+00
4.45051259729476e+00
4.30795970911690e+00
4.26652632778793e+00
4.30818815123903e+00
4.62470227549066e+00
4.98125547060696e+00
5.35046202680702e+00
4.85800878860631e+00
4.52776448278108e+00
4.34870077799952e+00
4.21056747378702e+00
4.02514775512539e+00
4.17142999495375e+00
4.27817813225058e+00
4.11180894814025e+00
3.75106041484356e+00
3.58771255754056e+00
3.47546670677610e+00
3.62070327880065e+00
3.87852057013347e+00
4.31981077761026e+00
4.81685906224530e+00
5.18119216412345e+00
4.73219021927772e+00
4.42083413409289e+00
4.22264440045315e+00
3.97416155551686e+00
3.85953972552821e+00
3.91751782695646e+00
4.27805484277334e+00
5.19240720490715e+00
4.82645717077203e+00
4.57450216982960e+00
4.43434485779342e+00
4.22914893775695e+00
4.27684488968714e+00
4.34112040414669e+00
4.17900519320338e+00
3.84343826115841e+00
3.62886556860450e+00
3.34396579059750e+00
3.32650763215587e+00
3.42546959524487e+00
3.70762781333398e+00
4.12653619023140e+00
4.68061888677163e+00
5.14174502964937e+00
4.77695444303505e+00
4.53838736369610e+00
4.20706872346940e+00
3.84488707556949e+00
3.70330829586108e+00
3.82714867148993e+00
3.91407939295528e+00
5.16948697992545e+00
4.86885331423228e+00
4.70044748088352e+00
4.49633098791422e+00
4.45668987713629e+00
4.45968120585280e+00
4.28710352336508e+00
3.98252975932345e+00
3.76933364352620e+00
3.39296775208790e+00
3.29049247232120e+00
3.34703081803200e+00
3.59741899692693e+00
3.95293352355635e+00
4.58790742960139e+00
5.18263245101833e+00
5.02541254487926e+00
4.80421831794732e+00
4.61922916872405e+00
4.27557063165350e+00
4.10955859541454e+00
4.45924912655717e+00
4.59288486244823e+00
5.51607515442601e+00
5.04167418881075e+00
4.83295419175613e+00
4.68231932230522e+00
4.59019205648271e+00
4.51086722010780e+00
4.28973314803814e+00
3.98658503339897e+00
3.75300072737515e+00
3.25644780330167e+00
3.00324643866248e+00
2.96542977988198e+00
3.12990110979909e+00
3.36280346468199e+00
3.94419353734300e+00
4.27580194520956e+00
4.64593351109662e+00
5.28828790110630e+00
4.96640752475857e+00
4.67605480349900e+00
4.36097966294698e+00
4.60328218213455e+00
4.46509995468996e+00
4.52786874323953e+00
3.79053407219004e+00
5.27370744359384e+00
4.95481807095957e+00
4.86817220524461e+00
4.72264682415438e+00
4.44185939400149e+00
4.12577088991628e+00
3.89545766010334e+00
3.33069119742894e+00
2.96903883095970e+00
2.86701894436062e+00
2.97392610371247e+00
3.08282956298245e+00
3.50818961902923e+00
3.82830696559133e+00
3.77714069841137e+00
4.44496345558730e+00
5.22564542258428e+00
5.00773126475375e+00
4.65885313946004e+00
4.79883637935749e+00
4.76368413103740e+00
4.44265478434584e+00
3.63561578629422e+00
4.49279712692189e+00
5.18499355910146e+00
5.06363742149066e+00
4.88479728934971e+00
4.57056068562825e+00
4.24540959358195e+00
4.03393824938036e+00
3.44156405410828e+00
2.99593212911358e+00
2.84666801392646e+00
2.91263092637860e+00
2.89619366372611e+00
3.10372767327096e+00
3.28542079617693e+00
3.16423509399482e+00
3.45088320752301e+00
3.80895860299515e+00
5.39852109212240e+00
4.91338951019126e+00
4.81480474797482e+00
4.79476828867481e+00
4.45629908916296e+00
3.49693930251638e+00
3.86204558141649e+00
4.83393245593257e+00
5.38706871573750e+00
5.06521776245926e+00
4.71862683772340e+00
4.36152060328611e+00
4.15513396550419e+00
3.55722717046836e+00
3.03680305630870e+00
2.85265653569677e+00
2.90188489129425e+00
2.78967197881244e+00
2.80046097212379e+00
2.80770128937145e+00
2.62553824552888e+00
2.60380143185075e+00
2.48342340567889e+00
2.66271855681981e+00
5.16703152549676e+00
4.91395439932533e+00
4.83483145035041e+00
4.56515176063320e+00
3.58657631451051e+00
3.60393090532927e+00
4.58493393702338e+00
5.60421052516763e+00
5.22037620641402e+00
4.87136790575097e+00
4.48309170193395e+00
4.26196798640340e+00
3.69342243446007e+00
3.12860203227809e+00
2.95161637178064e+00
3.05443616243989e+00
2.95090596810076e+00
2.92532230518109e+00
2.89248141161683e+00
2.73818196549659e+00
2.72678417401872e+00
2.41642828328109e+00
2.29777781820728e+00
2.37640517935783e+00
5.09503239164842e+00
4.98574333989805e+00
4.70133021531977e+00
3.72782207423300e+00
3.27587941571091e+00
3.95505392121809e+00
4.85490054916781e+00
5.28457265810067e+00
5.07248638925803e+00
4.71570257434630e+00
4.41373528754731e+00
3.84572702314562e+00
3.17591507134934e+00
2.96281864449482e+00
3.08849627868352e+00
2.95608044336369e+00
2.82485314407202e+00
2.63999259775516e+00
2.43862163413175e+00
2.40661165476817e+00
2.14063067275040e+00
2.02894339165038e+00
2.04408854628292e+00
3.94802632903871e+00
5.12827399409355e+00
4.92739524276239e+00
4.07191360743406e+00
3.19144319373900e+00
3.46534645489920e+00
4.27781009068281e+00
4.68372267201215e+00
4.90453402242979e+00
4.96016368729084e+00
4.65817180861899e+00
4.12621341600232e+00
3.32151922217932e+00
3.06473368706154e+00
3.23960938428125e+00
3.11277655400633e+00
2.94096500085749e+00
2.64574008205460e+00
2.38249225137969e+00
2.29832112485227e+00
2.00017459803535e+00
1.73880687092028e+00
1.57701310272005e+00
2.03290431587961e+00
2.01753638224170e+00
5.35688384978832e+00
4.56540220159007e+00
3.32594901401111e+00
3.20141940765110e+00
3.89508566492483e+00
4.15470454676021e+00
4.42068810201591e+00
4.85289411334180e+00
5.14872072407704e+00
4.52691606103700e+00
3.52352704383157e+00
3.21477610967767e+00
3.47400265171082e+00
3.39746057184759e+00
3.27981285187079e+00
2.97347978763975e+00
2.70737815748581e+00
2.64458551730024e+00
2.36092972105409e+00
2.08386370449392e+00
1.91014608057612e+00
2.03830558815406e+00
2.10579321385488e+00
3.58026593074904e+00
5.00491991788090e+00
3.54849232300870e+00
3.12868233829338e+00
3.74366295566718e+00
3.85656520446028e+00
3.92982766342850e+00
4.17906614029224e+00
4.76664423308645e+00
4.92378241137176e+00
3.70406138765251e+00
3.34513181558988e+00
3.71994426519170e+00
3.69878755071049e+00
3.65310249963809e+00
3.33056043436408e+00
3.04398426654250e+00
2.97164948307388e+00
2.68677401982626e+00
2.36232323077786e+00
2.11764661573807e+00
2.06170751490746e+00
2.06413342517437e+00
1.82374674346036e+00
1.48373948498430e+00
4.02349646864692e+00
3.21894202200677e+00
3.94397787591486e+00
4.05734113538082e+00
4.13283802328487e+00
4.14004529634056e+00
4.75264041492429e+00
5.32538475488569e+00
3.49949677925726e+00
4.05364484896733e+00
3.85240305971553e+00
3.93157254350436e+00
3.75956016535185e+00
4.19532617134148e+00
4.47572821830919e+00
4.74729084769374e+00
3.64194730938709e+00
4.21740406599244e+00
4.09967040014024e+00
4.28799662955213e+00
4.14001099188068e+00
3.98123244205000e+00
4.02296609610933e+00
3.77245845020977e+00
3.21416978394516e+00
2.48340417747802e+00
1.90440601581740e+00
1.33437851921337e+00
1.02153053784784e+00
8.71729786559365e-01
9.75812072225906e-01
5.39338596712266e+00
4.39197791862408e+00
4.01319232739739e+00
3.65947842946575e+00
3.83077622214950e+00
4.05086788828309e+00
3.88122101303005e+00
4.47597485585453e+00
5.35728621199673e+00
4.49770180395017e+00
4.23412591145705e+00
3.99923679118626e+00
3.83220871180461e+00
3.80887521604638e+00
3.60529927720567e+00
3.19539778844176e+00
2.64824044670693e+00
2.17922600506947e+00
1.66625089249925e+00
1.32469522182717e+00
1.05970234663036e+00
1.05848321600578e+00
3.99430058163903e+00
4.04853748875394e+00
3.84857257266309e+00
3.51516410737974e+00
3.49683476466721e+00
3.51574880360470e+00
3.28071172698094e+00
3.46232116252104e+00
3.79496101550625e+00
4.09273884627778e+00
3.97759610013841e+00
3.82513345265709e+00
3.77717799699373e+00
3.82751924541824e+00
3.72554296162414e+00
3.40367905214866e+00
2.89016743602422e+00
2.42229920178113e+00
1.82311682118167e+00
1.48464974304052e+00
1.28809543815515e+00
1.49004193466195e+00
1.80892051827612e+00
9.27964886319146e-01
4.68169595942714e+00
4.07113203922792e+00
3.81349890331784e+00
3.44117004697930e+00
2.98288445512741e+00
2.75193309106663e+00
2.44741066900702e+00
2.69325791637313e+00
4.71713915468234e+00
4.30246318636593e+00
4.21467507343701e+00
4.16266031226019e+00
4.02285802359244e+00
3.66401609213006e+00
3.03704451963835e+00
2.38867972194533e+00
1.38813406492619e+00
8.77032862179129e-01
6.77737363662666e-01
8.42738347578540e-01
1.54597599125292e+00
7.90284930955827e-01
8.86467035462861e-01
4.86238132007857e+00
4.65406863029090e+00
4.09178183451318e+00
3.47467338222971e+00
3.13954684882597e+00
2.50105139380030e+00
2.35327777202066e+00
2.38105577947742e+00
4.92394454014621e+00
4.81812572834632e+00
4.56412929944732e+00
4.28724764442159e+00
3.88915035177181e+00
3.29320594295199e+00
2.70119795019398e+00
1.66106836151471e+00
1.08900831081170e+00
8.05101306610599e-01
8.81707497719865e-01
2.02247502019637e+00
9.17278112463814e-01
8.69930234004033e-01
1.52358985822607e+00
5.52384310137780e+00
4.66600555035755e+00
3.85494484242751e+00
3.36738853699048e+00
2.64174030708576e+00
2.35748882035344e+00
2.13001446125994e+00
4.15042569914089e+00
5.52928746340742e+00
4.94541142300374e+00
4.53743208972027e+00
4.10484235972141e+00
3.55146806990747e+00
3.06103108551316e+00
2.05009724376539e+00
1.45648412934915e+00
1.08978244626771e+00
1.06917644418045e+00
2.45537601438994e+00
1.12516852308533e+00
1.17753831021312e+00
2.41814204782892e+00
5.22712958724159e+00
4.41060076263317e+00
3.76850660603644e+00
2.93141817133383e+00
2.44588289441468e+00
1.81971643425901e+00
2.18441881604142e+00
2.13146156820035e+00
5.26908218294034e+00
4.75116126002393e+00
4.21910721978617e+00
3.65316497754953e+00
3.27978420656073e+00
2.37536032406734e+00
1.81444567435424e+00
1.38152037411266e+00
1.21408344399726e+00
2.20781290956885e+00
1.10252613096770e+00
1.19410328941426e+00
2.41691713180559e+00
4.01141913943285e+00
4.86904336056180e+00
4.37315227936557e+00
3.51467771927316e+00
3.09827956337374e+00
2.33485828057034e+00
2.23397934441519e+00
2.29893873378495e+00
3.76259034286519e+00
4.95062197084864e+00
4.49680137203625e+00
3.85495140892553e+00
3.54992614552036e+00
2.70029869253350e+00
2.15026346590084e+00
1.66041132788490e+00
1.37918201163546e+00
2.11896052358309e+00
1.12207233275908e+00
1.24394483840457e+00
2.47916833925646e+00
4.79136270505578e+00
4.85109605073889e+00
4.90967299090715e+00
4.13750011498367e+00
3.79643027602495e+00
2.88245478917991e+00
2.42218227019132e+00
2.37051461676639e+00
1.91256428024268e+00
1.45491420858230e+00
4.89286228082350e+00
4.24410530009853e+00
3.97715240130463e+00
3.16217583314719e+00
2.59918282420269e+00
2.01889466281089e+00
1.57123988393367e+00
1.70410758425259e+00
9.70493823584397e-01
1.03344527067200e+00
1.78633360102330e+00
3.11898499479667e+00
3.47409656499872e+00
2.94474572276332e+00
4.76902415427158e+00
4.65436828775144e+00
3.91269054146843e+00
3.30044103537226e+00
2.56547874338930e+00
1.90994185085108e+00
1.57009266744136e+00
9.20983247794996e-01
9.35174741925364e-01
1.50386967077458e+00
2.65504495409880e+00
3.15343649740058e+00
2.96714205086715e+00
2.86229164461049e+00
5.25099934376993e+00
4.21887916058803e+00
3.28985229403926e+00
2.55946569719155e+00
1.73899877215698e+00
1.28235372044980e+00
1.01169607166049e+00
5.16760196390556e+00
4.30920572095533e+00
3.80060391647702e+00
3.01987433631994e+00
2.22012964478015e+00
1.45004163060798e+00
8.61472995630721e-01
8.02058825181913e-01
1.19908073403840e+00
2.43670488492613e+00
3.03948737712236e+00
3.08260999729954e+00
3.41769216489404e+00
3.02383381347099e+00
4.73644052225142e+00
3.66458999960880e+00
2.97667964259751e+00
2.11002181440351e+00
1.62919111511622e+00
1.08292337134005e+00
4.22675869470187e+00
4.65035324175705e+00
3.84467998114896e+00
3.08704868310978e+00
2.25160833129032e+00
1.19223312576335e+00
7.12924635969054e-01
5.47130234738706e-01
6.41498400867776e-01
1.74404573636768e+00
2.18846559114139e+00
2.38173716653408e+00
2.76638438965218e+00
2.74696205051768e+00
2.83133076747213e+00
4.51645144241974e+00
3.53987787862417e+00
2.38631243049698e+00
2.05555234463429e+00
1.54073546685770e+00
1.75750636118032e+00
8.32734307272208e-01
4.49485383746528e+00
3.47577024505686e+00
2.32683316115315e+00
1.17508598466094e+00
6.91194454221985e-01
4.61044365384307e-01
3.86409469529635e-01
1.57329256199744e+00
1.99109526209247e+00
2.34384047466236e+00
2.83870749651968e+00
2.91799880974450e+00
3.33199718157026e+00
4.29954332327483e+00
4.15012077031939e+00
2.32572873895544e+00
1.89964427934928e+00
1.28759609857307e+00
1.47261289943869e+00
7.01107995111252e-01
2.11333003430532e+00
2.15203628262803e+00
1.53882528968280e+00
1.92208595795356e+00
8.78056778115539e-01
1.30819664719953e+00
2.23879505608262e+00
1.85680330862008e+00
2.32452175024845e+00
1.23416909451610e+00
1.91736015439842e+00
4.27888604623348e+00
3.97686390715746e+00
2.43103090385570e+00
1.53269282005047e+00
1.69986816873659e+00
4.85440471599581e+00
4.41532366021794e+00
2.56915342491580e+00
1.90712256401676e+00
1.45670661059447e+00
4.98901660708295e+00
5.48155688252021e+00
4.90122944021611e+00
4.33318854440227e+00
1.89062602184168e+00
5.13727197539773e-01
3.07270257500305e+00
3.65340530274805e+00
3.43335245714079e+00
2.66214976528728e+00
1.57205678299307e+00
-6.46141965549192e-01
2.25040008653850e+00
3.00159007810951e+00
2.93210874914716e+00
2.50508016823995e+00
2.69254813241165e+00
-3.37166580932469e+00
1.73404993820316e+00
2.67974271540169e+00
2.61546922321832e+00
2.41814780965995e+00
3.11082905986265e+00
2.93184843441608e+00
-7.59526669738879e-01
2.43224334325449e+00
2.11597301792603e+00
2.21684409867293e+00
2.89529548856525e+00
2.93023857096511e+00
3.45954029722928e+00
3.04402850107807e+00
2.88125377622432e+00
2.94982423967591e+00
2.73479298955676e+00
2.77333276719166e+00
2.80560868672511e+00
2.63691615736888e+00
2.73125152035142e+00
4.08956516361463e+00
4.94984999129973e+00
3.48671191292870e+00
1.81985610711893e+00
4.10002380805588e+00
3.53918136583792e+00
4.14081026751030e+00
4.27553288229590e+00
2.60258229923206e+00
3.97693275807050e+00
2.78826359136955e+00
3.85841231715329e+00
3.70811968488869e+00
2.46964118573644e+00
3.67041070844726e+00
4.43872798611335e+00
3.34721979992429e+00
2.07007631987224e+00
2.10957407623861e+00
4.75631443949062e+00
2.25011267030143e+00
5.24440396720636e+00
2.18837232610316e+00
4.66656870192677e+00
1.86342628350089e+00
1.75767498498520e+00
2.06127047294868e+00
3.64035397220483e+00
1.56302986234632e+00
3.31749752728986e+00
2.08895004487798e+00
2.72177981046717e+00
1.40205331839288e+00
2.18310595474725e+00
5.16804076881599e-01
2.24548894548103e+00
1.34167892134990e+00
2.00875806823027e+00
1.73687334176046e+00
1.29848371659666e+00
1.93509361012592e+00
1.48154179834778e+00
2.29436934998258e+00
1.27368809917054e+00
2.25896684876814e+00
9.68946048406794e-01
1.15333572124765e+00
1.18331328324768e+00
4.95271663110052e+00
4.41906561862485e+00
