9.97445266720058e+00
9.96411573040174e+00
9.94351198633112e+00
9.93056471680478e+00
9.94073857857052e+00
9.97439433648239e+00
9.96831374364978e+00
9.98491802592136e+00
9.95788754155596e+00
9.92473328372892e+00
9.87905092797156e+00
9.84080296947466e+00
9.82067092448897e+00
9.81457352965923e+00
9.82089090084454e+00
9.83864496177900e+00
9.85702002787584e+00
9.88689623567968e+00
9.92738555719795e+00
9.97429129770550e+00
1.00047045190994e+01
1.00232234297647e+01
9.96891751142154e+00
1.00157776597086e+01
9.94936084609474e+00
9.79557977204276e+00
9.63547789773118e+00
9.39161091718806e+00
9.08361499452342e+00
8.73661379871101e+00
8.21480362301247e+00
6.81862996111848e+00
8.51255107393823e+00
1.12984003381764e+01
1.34495405787295e+01
1.33244432888938e+01
1.00924124107299e+01
8.34486137382012e+00
9.68328293154646e+00
9.97183709556212e+00
9.98006091231942e+00
9.97654566144090e+00
9.95266215664070e+00
9.94910555658110e+00
9.97803756291591e+00
9.97829483400573e+00
9.96535452201308e+00
9.98489165244914e+00
9.96608538791855e+00
9.94424165259137e+00
9.90450172657906e+00
9.87593256465835e+00
9.86089521925951e+00
9.85710344710269e+00
9.86399533706063e+00
9.86949719967392e+00
9.88993840688103e+00
9.92844077263189e+00
9.98358030025628e+00
1.00358137843496e+01
1.00821949490127e+01
1.00488811313402e+01
1.00084126065569e+01
1.00312863150273e+01
9.95997520260972e+00
9.83054612915911e+00
9.67905271408442e+00
9.40759503546787e+00
9.07395585023679e+00
8.72775954913901e+00
7.96320675448177e+00
6.06664158557632e+00
9.26739308737744e+00
1.23827929264912e+01
1.39405658123389e+01
1.18637550397338e+01
9.44761673532484e+00
8.89002964602045e+00
9.76096479996722e+00
9.97706741114783e+00
9.98782076778800e+00
9.97444911174838e+00
9.95907323806417e+00
9.97678983664205e+00
9.98476979482012e+00
9.97275342804361e+00
9.96054376416515e+00
9.98752540263557e+00
9.97587729841245e+00
9.95228505410639e+00
9.92300457163911e+00
9.90274029902545e+00
9.89323426966807e+00
9.89245920493637e+00
9.88421798729274e+00
9.88871260222754e+00
9.91320951132450e+00
9.96089073629517e+00
1.00198074512631e+01
1.00881056203264e+01
1.00946338797341e+01
1.00783406510511e+01
1.00503597403372e+01
1.00557249849504e+01
9.97212980460951e+00
9.86004229547862e+00
9.69903027944697e+00
9.42253300851378e+00
9.06470347738358e+00
8.68334872784405e+00
7.63628156058619e+00
7.57257283167066e+00
1.02197753325846e+01
1.38402026921486e+01
1.50619725886241e+01
1.07843314019458e+01
8.66323823167814e+00
9.18422338315083e+00
9.79347773790781e+00
9.97758872346029e+00
9.99100762049937e+00
9.97467626681274e+00
9.97760980128795e+00
9.98801597673979e+00
9.98802105192605e+00
9.96736638820334e+00
9.96881303737625e+00
9.99429407111480e+00
9.98312701621955e+00
9.96134107724162e+00
9.94030298699711e+00
9.92954887378407e+00
9.92924059658778e+00
9.91511870344274e+00
9.90742940397177e+00
9.91560688593332e+00
9.94667665317269e+00
9.99686848234796e+00
1.00688994794450e+01
1.01011709375300e+01
1.01175663644643e+01
1.01155365510537e+01
1.01265575472124e+01
1.01048014803765e+01
9.97913457626666e+00
9.88681416003666e+00
9.71643665534900e+00
9.42474891994845e+00
9.06698188383685e+00
8.57114461852417e+00
7.22138592864532e+00
8.61033668288107e+00
1.12493054412698e+01
1.32913304105729e+01
1.30911602595345e+01
9.91354314658763e+00
7.76322084963714e+00
9.36981973933647e+00
9.79024743516846e+00
9.97090874584784e+00
9.99483952749323e+00
9.98124789279120e+00
9.98391852764393e+00
9.99583138710900e+00
9.98182709452127e+00
9.97478351487685e+00
9.98208488485846e+00
9.98972700792267e+00
9.99135072183720e+00
9.96848702345364e+00
9.95745852981683e+00
9.96317737005748e+00
9.95413020691957e+00
9.94551741731878e+00
9.94511123301294e+00
9.96110281725467e+00
9.99609736328075e+00
1.00570680581259e+01
1.00931521825250e+01
1.01192517763500e+01
1.01234111494615e+01
1.01323368717712e+01
1.01129867078184e+01
1.01162904247171e+01
9.98645942761952e+00
9.91210756444038e+00
9.72928437423536e+00
9.41500880820678e+00
9.06568141770056e+00
8.34790054337632e+00
6.47859957823111e+00
9.31020822288369e+00
1.23601347827458e+01
1.36510794335380e+01
1.17182575577945e+01
9.19218299485233e+00
8.39199809231287e+00
9.47618497948946e+00
9.79430801846697e+00
9.96598270774411e+00
9.99476535447944e+00
9.97167069892946e+00
9.98463191873200e+00
9.98268447978653e+00
9.98225638431226e+00
9.98815814553727e+00
9.98405626115311e+00
9.99178769904519e+00
9.99295027823002e+00
9.97064094983364e+00
9.98496979884379e+00
9.99355031347199e+00
1.00051509423275e+01
1.00221734685334e+01
1.00507209471616e+01
1.00975832922410e+01
1.01732059791824e+01
1.02367543888098e+01
1.02980926262309e+01
1.03386441105254e+01
1.03726269008444e+01
1.03487807892836e+01
1.02571953221685e+01
1.02045256037429e+01
9.98472417149691e+00
9.90810305076264e+00
9.73214413178815e+00
9.39891163843943e+00
9.03023048622118e+00
8.04394785664319e+00
7.82113432056174e+00
1.02306279579820e+01
1.39024694319780e+01
1.46770633420637e+01
1.06593129456215e+01
8.29227368342949e+00
8.75562562913014e+00
9.52760321573817e+00
9.80050809384042e+00
9.95936455091699e+00
9.99433110332504e+00
9.97450220462994e+00
9.97298146199509e+00
9.98107112241643e+00
9.99455009492684e+00
9.99158087905494e+00
9.99020133432701e+00
1.00095031588184e+01
9.99845341005345e+00
9.99259888283700e+00
1.00121502930955e+01
1.00458484416932e+01
1.00909970954668e+01
1.01478575474646e+01
1.02247842010309e+01
1.03350148483623e+01
1.04483263720940e+01
1.05733281559474e+01
1.06896876110233e+01
1.08051570692940e+01
1.08515030924272e+01
1.07823560152508e+01
1.06203447313525e+01
1.03926058699474e+01
9.98461522052280e+00
9.90596093763132e+00
9.72279272833587e+00
9.39246967466644e+00
8.93078177191582e+00
7.64559810394928e+00
8.75400250410241e+00
1.12561921091172e+01
1.32157518102102e+01
1.28990669303418e+01
9.76207677652357e+00
7.24520936444883e+00
8.99857788324445e+00
9.53720887767617e+00
9.81165156286286e+00
9.95968443760337e+00
9.99792721068444e+00
9.97121371002486e+00
9.97191877969508e+00
9.98756113964749e+00
9.98676166979266e+00
9.97928039455920e+00
9.99139072955510e+00
1.00183950337293e+01
1.00130419248069e+01
1.00198836541097e+01
1.00643498647302e+01
1.01352055670827e+01
1.02269950100692e+01
1.03465463608430e+01
1.05084066884613e+01
1.06942089429479e+01
1.09156770221712e+01
1.11563859308237e+01
1.14261120056853e+01
1.16513705029155e+01
1.17689530868593e+01
1.17744998443231e+01
1.16049823194198e+01
1.13162174162024e+01
9.99031904590471e+00
9.91184827698754e+00
9.70618133614729e+00
9.38858798392970e+00
8.73211670183285e+00
6.91698085391082e+00
9.39679513537943e+00
1.23999940370771e+01
1.34445658466650e+01
1.16018341933942e+01
8.97962524819120e+00
7.92462806933099e+00
9.13964949117658e+00
9.53714907527113e+00
9.80704015377254e+00
9.95863756209824e+00
9.99462171051271e+00
9.97430476131885e+00
9.98750150978414e+00
9.99489807424355e+00
9.98967642416460e+00
9.98233763944367e+00
9.97992513075523e+00
1.00384178439037e+01
1.00283979196621e+01
1.00686523812461e+01
1.01635409952267e+01
1.03006227121680e+01
1.04882295020367e+01
1.07416449789524e+01
1.10565677167550e+01
1.14551208647089e+01
1.19346337565885e+01
1.25217202130814e+01
1.31570038395747e+01
1.37942606147259e+01
1.44698085900169e+01
1.52291829395903e+01
1.67352302571748e+01
1.77887382908142e+01
9.98853853192746e+00
9.91791243701141e+00
9.69128417484547e+00
9.36353615087863e+00
8.45863447618640e+00
8.10685009957967e+00
1.02850126308632e+01
1.40406617815998e+01
1.43650166571628e+01
1.05536225983007e+01
7.96163785760486e+00
8.31911615013480e+00
9.19022137325934e+00
9.50991286291341e+00
9.76528734818548e+00
9.96100462157514e+00
1.00018598950871e+01
9.99766765818524e+00
1.00077601266702e+01
1.00166555489961e+01
1.00114071930997e+01
9.99335063743309e+00
9.99078048153622e+00
1.00018617319634e+01
1.00188105018407e+01
1.00393575146101e+01
1.00880288258019e+01
1.01613661155186e+01
1.02594799654440e+01
1.03795999073322e+01
1.05402824857777e+01
1.07443696213313e+01
1.10199718485267e+01
1.13137027067638e+01
1.15687931922349e+01
1.17469158959783e+01
1.17495724506430e+01
1.18696142557998e+01
1.06843302971917e+01
-3.51867032842167e+00
9.99597429831550e+00
9.99092662485466e+00
1.00178917738550e+01
1.00405192831392e+01
1.00516441244757e+01
1.00535512387949e+01
9.97110177919350e+00
1.00140995233556e+01
9.99737467779804e+00
9.99521448512143e+00
1.00236938695862e+01
1.00589949351856e+01
1.00967852251511e+01
1.01493213838697e+01
1.02244200942618e+01
1.03597535658837e+01
1.05238566412700e+01
1.06882446472891e+01
1.08287455846286e+01
1.08954575055797e+01
1.12884811899758e+01
1.16087531695502e+01
8.23221792210989e+00
9.52448963834554e+01
9.99535397639195e+00
9.99386098013216e+00
1.00232869199637e+01
1.00643570847187e+01
1.01074384159025e+01
1.00550892115969e+01
9.99454238324915e+00
1.00175110758031e+01
9.98792216053488e+00
9.97480650195374e+00
9.98339605353714e+00
9.99065995672684e+00
9.99787348319363e+00
1.00080666216301e+01
1.00599687816539e+01
1.01332327618699e+01
1.02155288744539e+01
1.02788925059784e+01
1.02711356308967e+01
1.05630733130705e+01
1.10171008846715e+01
9.02823386546310e+00
6.25836825966764e+01
8.78109646992236e+01
1.00009765502896e+01
9.99802248311864e+00
1.00344843541401e+01
1.00985343066799e+01
1.00986280140433e+01
1.00646818862680e+01
1.00183830381414e+01
1.00450694420488e+01
9.98495313022849e+00
9.95695263203372e+00
9.93853552131074e+00
9.91227546178537e+00
9.87225749859421e+00
9.84984964135621e+00
9.82874451605234e+00
9.80911836061360e+00
9.75625549111627e+00
9.60541811188057e+00
9.65788247018963e+00
9.90299032520159e+00
8.44459720212600e+00
4.67935700453977e+01
7.10059903626282e+01
9.09657414389983e+01
1.00031776667868e+01
1.00091994977436e+01
1.00628493686014e+01
1.00912281767923e+01
1.00956628846730e+01
1.00702137122854e+01
1.01030723462851e+01
1.01013031707853e+01
9.97973151189180e+00
9.93815810023426e+00
9.89320025944852e+00
9.82632660088942e+00
9.75887360959996e+00
9.67232869340392e+00
9.57610895554510e+00
9.42941127976007e+00
9.15292970628840e+00
8.97413423446787e+00
8.94843172038355e+00
7.72650998284339e+00
3.54046003536852e+01
5.64098346644023e+01
7.55025562815490e+01
9.05223839296881e+01
1.00108958822413e+01
1.00332025961568e+01
1.00632998385630e+01
1.00794507881271e+01
1.00557790401401e+01
1.00874714750868e+01
1.01012316899901e+01
1.01160976561801e+01
9.97475547142091e+00
9.91566088470703e+00
9.83914735236309e+00
9.74901959635423e+00
9.62367924644108e+00
9.47826552402000e+00
9.26622993005019e+00
8.89190725767010e+00
8.50888924200287e+00
8.19667249504776e+00
7.01361466947427e+00
2.66039170293576e+01
4.33257984278987e+01
5.98518350372407e+01
7.85395175845669e+01
9.11422419069205e+01
1.00285434504058e+01
1.00632823896267e+01
1.01159096466876e+01
1.01392421829996e+01
1.02233894078773e+01
1.02776235705867e+01
1.02213213191005e+01
1.01785429407142e+01
9.96025634993672e+00
9.87771743017257e+00
9.78139981986182e+00
9.63847335891996e+00
9.47049872626445e+00
9.22800228553967e+00
8.79946575189855e+00
8.26592379238686e+00
7.70255781059795e+00
6.47287147612540e+00
1.97234948386360e+01
3.20355277438364e+01
4.48201792356822e+01
6.11812820388881e+01
7.78879921089382e+01
8.86239398901920e+01
1.00549921110666e+01
1.01224987306177e+01
1.01994045146841e+01
1.03756991012048e+01
1.05768782609104e+01
1.06350354413245e+01
1.05129865720946e+01
1.03085962728278e+01
9.94769145841117e+00
9.84740521314805e+00
9.70344863685098e+00
9.53239336040476e+00
9.29389022596278e+00
8.86414879472960e+00
8.25531277022639e+00
7.51920973434835e+00
6.22958741094277e+00
1.48446459967036e+01
2.34025240079686e+01
3.25629040632859e+01
4.49400465014359e+01
5.92239327053898e+01
7.06389145213838e+01
8.49712954779907e+01
1.00964775083635e+01
1.02058783945473e+01
1.04527086497655e+01
1.08597577218985e+01
1.12500888094705e+01
1.14441279651939e+01
1.13613381500368e+01
1.11768494007757e+01
9.93391313874261e+00
9.79006237402587e+00
9.60288996205032e+00
9.35978056019433e+00
8.93610912555076e+00
8.27373569607649e+00
7.38304855495218e+00
5.99505113936258e+00
1.06631677529325e+01
1.55002368327131e+01
2.07463679683877e+01
2.81482665689215e+01
3.74445329539114e+01
4.55486218663829e+01
5.85459210651947e+01
7.67678037553548e+01
1.01680519437595e+01
1.04614211821272e+01
1.11093693957207e+01
1.20877153345520e+01
1.32165843689059e+01
1.44033185293228e+01
1.64101020402259e+01
1.77815826575607e+01
9.91102503990493e+00
9.71324139212237e+00
9.47639213091662e+00
9.09409143380132e+00
8.44567185935962e+00
7.48604960193238e+00
6.04911023563155e+00
7.52862500860184e+00
8.86429227208970e+00
9.91895234135168e+00
1.12185859321894e+01
1.26586652901847e+01
1.20043562109979e+01
1.19603871780755e+01
1.13941308831957e+01
8.17550282836211e+00
1.00939810912134e+01
1.02164564004192e+01
1.05803937193686e+01
1.09673863965340e+01
1.10960297635057e+01
1.13436709102017e+01
1.02273509022585e+01
-4.92532569959616e+00
9.92490380782059e+00
9.71182630045144e+00
9.44019605788540e+00
8.94029497269387e+00
8.10374805697461e+00
6.72563437604063e+00
8.05919239398209e+00
9.39715955374260e+00
1.05630829481074e+01
1.20605546608572e+01
1.38802134725640e+01
1.32296809076752e+01
1.35400746657217e+01
1.39641411599006e+01
1.39109974612476e+01
1.81728938726935e+01
1.00298275107211e+01
1.00947480943675e+01
1.03215494067155e+01
1.03848319516774e+01
1.07114151650936e+01
1.11172566792409e+01
7.60017578908543e+00
1.02039696842421e+02
9.89519606853300e+00
9.63567819671617e+00
9.27035384059758e+00
8.57841329209113e+00
7.30224099439671e+00
8.41577809637003e+00
9.65628714690823e+00
1.08230899778108e+01
1.23634166914766e+01
1.43588599827040e+01
1.34238814238357e+01
1.36072331744967e+01
1.42407916228310e+01
1.50234808553397e+01
1.76236362864315e+01
1.15697980387779e+01
1.00249338397536e+01
1.00384330348615e+01
9.99442464435127e+00
1.00451018351566e+01
1.03382027842962e+01
8.37602111238317e+00
6.71939430831421e+01
9.41002374252625e+01
9.87312593931745e+00
9.52908003874275e+00
8.97471894254620e+00
7.83119495734690e+00
8.71850229546244e+00
9.85188837782129e+00
1.10218631659402e+01
1.26224059458368e+01
1.48318429743578e+01
1.35870842740153e+01
1.35577878180887e+01
1.41743292931413e+01
1.52191659134578e+01
1.73145203868282e+01
1.22962119466259e+01
1.05344089196149e+01
9.99639360620424e+00
9.82102483346654e+00
9.58752236599869e+00
9.37437391769033e+00
7.85688629947418e+00
4.77147193190193e+01
7.67809875810251e+01
9.81545172185856e+01
9.80801514770765e+00
9.32789529886788e+00
8.33761627697617e+00
8.97801860012138e+00
9.98755684054499e+00
1.11600323734040e+01
1.28443141582009e+01
1.53324716123218e+01
1.38023920577300e+01
1.35666752102476e+01
1.41085656076896e+01
1.52227473785224e+01
1.71369731871635e+01
1.28331705879794e+01
1.08058955394759e+01
1.00660858080654e+01
9.89233449749561e+00
9.56027036294608e+00
8.95085099431159e+00
7.47648232508233e+00
3.27038143286196e+01
5.83154030602142e+01
8.28817878144489e+01
9.19993997808480e+01
9.68651959379773e+00
8.86591341482751e+00
9.22291334377418e+00
1.00718813951940e+01
1.12275908005858e+01
1.30017090144173e+01
1.58242650747949e+01
1.40221275121810e+01
1.35875561910514e+01
1.40205077594795e+01
1.50974415426514e+01
1.69086131474429e+01
1.31693485402065e+01
1.11018041015088e+01
1.00956888919397e+01
9.72014056900582e+00
9.76105108750600e+00
9.02150048496399e+00
7.46430684032609e+00
2.18235234300753e+01
4.08872317272645e+01
6.36848962925193e+01
7.88778598322156e+01
9.07903380818457e+01
9.41461457366693e+00
9.46024141352747e+00
1.00943992140755e+01
1.11972203535367e+01
1.30581681994267e+01
1.62764272787268e+01
1.42146330400399e+01
1.35979578279069e+01
1.38994549296473e+01
1.48619955100552e+01
1.65549346627868e+01
1.32949278574679e+01
1.12642224573762e+01
1.00820381226961e+01
9.46165060481009e+00
9.39387912773395e+00
9.47302539681597e+00
7.90013100605209e+00
1.49627017142443e+01
2.71285845958532e+01
4.48399168569686e+01
5.81771340854434e+01
7.56787955067653e+01
8.94785720353515e+01
9.74530761946238e+00
1.00582252960136e+01
1.10373424771509e+01
1.29660341688957e+01
1.66588034753528e+01
1.43488674235779e+01
1.35905469630672e+01
1.37626860899411e+01
1.45688932475451e+01
1.61222868773195e+01
1.32810244189748e+01
1.13324991094062e+01
1.00485122267854e+01
9.19512736648577e+00
8.85536025305861e+00
9.64545950291502e+00
8.81849785033293e+00
1.15296727809733e+01
1.84960030254950e+01
3.10746692027549e+01
3.92033550444620e+01
5.37158482937231e+01
6.99060739843498e+01
8.60058601524294e+01
1.00772458340503e+01
1.07819927417004e+01
1.27318931735004e+01
1.70207975358557e+01
1.44282221151023e+01
1.35763332915849e+01
1.36283416637667e+01
1.42484416046872e+01
1.56318408849834e+01
1.31597512353382e+01
1.13163111588460e+01
9.98167188546889e+00
8.93358061818849e+00
8.32617464578464e+00
9.29519962940347e+00
9.76665471809716e+00
1.01312130252184e+01
1.34761531648652e+01
2.20243121170443e+01
2.36648379850869e+01
3.12572715883410e+01
4.28318628875528e+01
5.85397896092422e+01
7.83916872045280e+01
1.04398982404737e+01
1.22905469872534e+01
1.74200791395121e+01
1.44151112615162e+01
1.35377384046989e+01
1.34870820844544e+01
1.38989220546916e+01
1.50776507040945e+01
1.29304440505687e+01
1.12046165182635e+01
9.85735647932757e+00
8.65683962084145e+00
7.81219413809383e+00
8.94569270523812e+00
9.50116022116599e+00
9.83384478442293e+00
1.12100690175263e+01
1.84832496166345e+01
1.40913505891088e+01
1.30343026909672e+01
1.27006842723645e+01
1.23485518304323e+01
1.14040573445657e+01
7.87416779768723e+00
1.15839834869803e+01
1.83819092370299e+01
1.46002017897392e+01
1.37729582263446e+01
1.36057651503883e+01
1.37408124546065e+01
1.46316300635036e+01
1.27092756722282e+01
1.10595158808082e+01
9.69351712089652e+00
8.34807628531430e+00
7.26897900646319e+00
8.53774082974525e+00
9.23984460451231e+00
9.61337010682162e+00
9.87709940490268e+00
1.92558952382722e+01
1.40863979446243e+01
1.38447771740718e+01
1.38547487741627e+01
1.38459279731934e+01
1.39428943878425e+01
1.38691407035099e+01
1.84683988390327e+01
1.89507287976838e+01
1.42127680811631e+01
1.39708697280497e+01
1.38572359742239e+01
1.37469467154555e+01
1.43172022972972e+01
1.25362729482281e+01
1.09139564842611e+01
9.50848108303079e+00
8.00954270747740e+00
6.67737036699724e+00
8.04246080400704e+00
8.88667116186899e+00
9.38698631872764e+00
9.68678771040383e+00
9.90498812606836e+00
8.46141460462203e+00
1.14577088651005e+01
1.25184800067343e+01
1.29621423829040e+01
1.35289703386874e+01
1.46167823906317e+01
1.76837470567229e+01
1.11186481495179e+01
8.75286021791067e+00
1.14610958938628e+01
1.22261750665531e+01
1.24411874319316e+01
1.30494568263333e+01
1.16774153079606e+01
1.02932811082093e+01
9.00976200980525e+00
7.49532453413536e+00
6.00106862777612e+00
7.42277730997543e+00
8.39035595066339e+00
9.03098041611177e+00
9.43228152722498e+00
9.69455707526185e+00
9.90376861839436e+00
8.19012943017298e+01
5.82472833516576e+01
4.25746556461520e+01
3.12742318702601e+01
2.44373618892278e+01
2.20245091710436e+01
1.33333775270087e+01
1.01041760006849e+01
7.98925013058749e+01
5.82798200357393e+01
4.54538572601119e+01
3.72251536756063e+01
2.84759905333306e+01
2.12676378585273e+01
1.57093487377769e+01
1.05981041245775e+01
5.93034199739615e+00
7.29919909042578e+00
8.21956186302929e+00
8.87357510455096e+00
9.30321300814606e+00
9.57894958329446e+00
9.77650731472826e+00
9.93804142269803e+00
8.59030607288614e+01
6.87798779956451e+01
5.25703573573558e+01
3.94738898286141e+01
3.13147267171076e+01
1.84155780285558e+01
1.12819880225720e+01
8.84562983193671e+00
8.48004381638310e+01
6.97330012840971e+01
5.79805224675537e+01
4.47156189902608e+01
3.29332553820666e+01
2.34824364795229e+01
1.46353917634162e+01
6.12537664825539e+00
7.38566473029528e+00
8.18301097210795e+00
8.79015927216692e+00
9.21486308252257e+00
9.49090975773050e+00
9.68207090077095e+00
9.83226708090737e+00
9.94566319867828e+00
8.92621279262092e+01
7.38295901857198e+01
5.78403956108542e+01
4.51370196457285e+01
2.70871933024711e+01
1.45878050399225e+01
7.94040734824588e+00
9.48444897333985e+00
8.84950281748799e+01
7.61201300574600e+01
6.04897025192132e+01
4.50444253610443e+01
3.19728763725575e+01
1.93381573718796e+01
6.30791003350393e+00
7.49486727013826e+00
8.16016912508778e+00
8.70496866637809e+00
9.11806735167504e+00
9.39937675985659e+00
9.59557760937551e+00
9.75227897945769e+00
9.86650015163451e+00
9.96206143628189e+00
9.00648916619576e+01
7.92098550784332e+01
6.49454550904543e+01
4.14287842222066e+01
2.15122102897589e+01
7.38843646650365e+00
9.05889515667156e+00
9.74974015076829e+00
9.05682630240447e+01
7.87264576316892e+01
6.09798630669675e+01
4.38641929161915e+01
2.64223608102514e+01
6.82133930152941e+00
7.94180651760540e+00
8.40214790931379e+00
8.80811557671897e+00
9.14719594144942e+00
9.38735289423807e+00
9.55703154131478e+00
9.69716480370739e+00
9.80544466890743e+00
9.90355448454170e+00
9.97154078078446e+00
9.28366625852055e+01
8.52581223369352e+01
5.99108049110899e+01
3.27878889866486e+01
7.31058752400522e+00
8.90245569104258e+00
9.57491084433606e+00
9.85867331846411e+00
9.13372195694713e+01
7.76002053543688e+01
5.78528750521379e+01
3.56508441588287e+01
7.53081094252801e+00
8.66319963583494e+00
8.89577775602702e+00
9.11624382451662e+00
9.33457858872968e+00
9.49192724791877e+00
9.60004813226695e+00
9.69667754811680e+00
9.77738107311172e+00
9.86335989814317e+00
9.92673978977104e+00
9.97210808554531e+00
9.92746250652637e+01
7.82360818595118e+01
4.77660554906726e+01
7.60573714154502e+00
9.17422921069013e+00
9.59633007600466e+00
9.82036528758415e+00
9.93298179976652e+00
9.19518631243075e+01
7.22058799637334e+01
4.69010269734703e+01
8.21244043787301e+00
9.52600015474829e+00
9.57287816030818e+00
9.60346685335978e+00
9.68208581523440e+00
9.73175852694526e+00
9.75058386203469e+00
9.77690536510785e+00
9.80699891476007e+00
9.85847656254349e+00
9.90431456583619e+00
9.94184410705740e+00
9.97351812053217e+00
9.54344068840910e+01
6.74887705429944e+01
8.24162031570740e+00
1.00497382157762e+01
1.00898143163057e+01
1.00750679438993e+01
1.00045833056072e+01
9.98457954123923e+00
8.89617633955107e+01
6.28866362434182e+01
8.97537981701164e+00
1.06896088522302e+01
1.05928388953827e+01
1.04155458928583e+01
1.03207084461716e+01
1.02230060827601e+01
1.01091826234271e+01
1.00219876045093e+01
9.96136859957564e+00
9.94389828289121e+00
9.94163112333227e+00
9.95104224484988e+00
9.96512880242628e+00
9.97577671981255e+00
9.80941685057528e+01
7.95217237730886e+00
1.09339798597856e+01
1.09275813434935e+01
1.06633284587088e+01
1.03998813606975e+01
1.01235473973440e+01
1.00365398076873e+01
9.16356681903009e+01
8.67066891631291e+00
1.15184744798051e+01
1.15975131556514e+01
1.13472823422207e+01
1.11384033889262e+01
1.09151127047642e+01
1.06660745719840e+01
1.04475510088262e+01
1.02689896646470e+01
1.01514643265754e+01
1.00710704205908e+01
1.00245791140673e+01
1.00042923365694e+01
1.00037514424307e+01
9.98389348263164e+00
-3.41527241154280e+00
9.67803797945523e+00
1.14107148965021e+01
1.14634278294048e+01
1.11490403794276e+01
1.06662240268833e+01
1.02705980153271e+01
1.01057936511420e+01
-2.05783356947223e+00
1.02716202103421e+01
1.20325399401473e+01
1.22519170303377e+01
1.21688618089309e+01
1.19261546500525e+01
1.15735720117298e+01
1.12130184866632e+01
1.08797473398088e+01
1.06103637152872e+01
1.03931046981610e+01
1.02332918436275e+01
1.01254785425485e+01
1.00696109884786e+01
1.00356148665135e+01
9.99494743060834e+00
1.65314684283230e+01
1.53682294019181e+01
1.41563163456409e+01
1.31053468880272e+01
1.20453373953681e+01
1.11001457113771e+01
1.04774925378464e+01
1.01798726428716e+01
1.66186221671426e+01
1.57791984219155e+01
1.49815051933303e+01
1.43915740212373e+01
1.38184093150472e+01
1.31808069848734e+01
1.25559403814170e+01
1.19713594829529e+01
1.14637537937783e+01
1.10261810439200e+01
1.06726168042877e+01
1.04035694669724e+01
1.02241066779354e+01
1.01068777596272e+01
1.00494977377847e+01
1.00144982784938e+01
1.10462000911793e+01
1.12921411706068e+01
1.13951742575031e+01
1.12330249833291e+01
1.08479449070112e+01
1.04753419902367e+01
1.02305292944632e+01
1.01092074770494e+01
1.03694107193968e+01
1.04989615895460e+01
1.06222980126849e+01
1.05385009152104e+01
1.03740115194751e+01
1.02247589776428e+01
1.01226381363948e+01
1.00542978164138e+01
1.01777708655872e+01
1.02971848773634e+01
1.02961641581851e+01
1.02432309783829e+01
1.01807914811544e+01
1.01282462805665e+01
1.00641077566675e+01
1.00349432995813e+01
1.01134093596777e+01
1.01651637022757e+01
1.01526461472537e+01
1.01326654819812e+01
1.01179053989328e+01
1.00700772874922e+01
1.00393724880500e+01
1.00197881229456e+01
1.00677123269056e+01
1.01040084492019e+01
1.01049564514357e+01
1.01180246084147e+01
1.00867283934635e+01
1.00528394423760e+01
1.00190864154671e+01
1.00079609441522e+01
1.00127348436796e+01
1.00205706726948e+01
1.00748338380727e+01
1.00866681148898e+01
1.00669414041269e+01
1.00267710333962e+01
1.00087809607843e+01
9.99806386931268e+00
9.99495659227326e+00
9.98832426341083e+00
1.00379623317603e+01
1.00566519577458e+01
1.00294106932124e+01
1.00168347216373e+01
1.00001996016231e+01
9.98717545672300e+00
9.99890786974909e+00
9.97092341514398e+00
1.00094569849971e+01
1.00051741001317e+01
1.00129895811852e+01
1.00067079792608e+01
1.00054432355657e+01
9.98260149237936e+00
1.00091131902871e+01
9.98350353668628e+00
9.96936623225207e+00
9.98602509935904e+00
9.98635594605557e+00
9.99243067372337e+00
9.99671637093472e+00
9.97819252179109e+00
1.00226844491526e+01
9.96367666720609e+00
9.96343069148960e+00
9.95323784373952e+00
9.94900138074994e+00
9.94736610610576e+00
9.96879119335195e+00
9.98602600836539e+00
