9.97534772106118e+00
9.96394140836708e+00
9.94301737798516e+00
9.93030841767541e+00
9.94026232114942e+00
9.97272103753907e+00
9.96690915185086e+00
9.98330213049846e+00
9.95872099855145e+00
9.92460230558256e+00
9.87862517938398e+00
9.84042459520238e+00
9.82031536922506e+00
9.81448161742108e+00
9.82105463243499e+00
9.83913225556148e+00
9.85823892715355e+00
9.88865674307473e+00
9.92974152546595e+00
9.97665661046976e+00
1.00069534609121e+01
1.00251613753967e+01
9.97153428995853e+00
1.00188501577894e+01
9.95018490482464e+00
9.79546857377874e+00
9.63569670641789e+00
9.39324808006377e+00
9.08576420189057e+00
8.74048439566938e+00
8.22095298628658e+00
6.84121891883909e+00
8.50304069141108e+00
1.12529459577664e+01
1.34475097475827e+01
1.33190779766184e+01
1.01045212920723e+01
8.36944666210318e+00
9.68561060348291e+00
9.97200637580356e+00
9.97758875497839e+00
9.97517552255474e+00
9.95199886897107e+00
9.94848562839473e+00
9.97654334662439e+00
9.97682379912294e+00
9.96446996577243e+00
9.98482859368653e+00
9.96375624823149e+00
9.94294945531352e+00
9.90367006393750e+00
9.87526113645881e+00
9.86051751649934e+00
9.85698141856341e+00
9.86417401637138e+00
9.87043941257489e+00
9.89141105264510e+00
9.93043802670455e+00
9.98551747402172e+00
1.00375103265226e+01
1.00835427881431e+01
1.00507815210944e+01
1.00086078531847e+01
1.00305686346259e+01
9.95769511381139e+00
9.83018225295056e+00
9.67932617451111e+00
9.40898021858396e+00
9.07643176236108e+00
8.73160814791006e+00
7.97378667677562e+00
6.12274063102136e+00
9.24393084493777e+00
1.23283555896183e+01
1.39017287930359e+01
1.18639778844868e+01
9.46699711826376e+00
8.89706757934221e+00
9.76202948301365e+00
9.97574217073213e+00
9.98510859335580e+00
9.97345260806827e+00
9.95839347979779e+00
9.97558186888850e+00
9.98355990344823e+00
9.97216071318841e+00
9.96090928240164e+00
9.98863617257135e+00
9.97331945748300e+00
9.95117511810427e+00
9.92217819047512e+00
9.90219527240723e+00
9.89287424667936e+00
9.89225973669397e+00
9.88466256787787e+00
9.88946578268387e+00
9.91418031259582e+00
9.96151992463439e+00
1.00198508992287e+01
1.00874759659830e+01
1.00941426676517e+01
1.00766727619587e+01
1.00489900517928e+01
1.00478089738157e+01
9.96964927234341e+00
9.85983187134731e+00
9.70012411337639e+00
9.42378024872237e+00
9.06777897176418e+00
8.68719023487726e+00
7.65095813718971e+00
7.51945817219003e+00
1.01897718425800e+01
1.37591232838059e+01
1.50025402383864e+01
1.07893205874438e+01
8.67532048154371e+00
9.18943897433432e+00
9.79399787962522e+00
9.97407393830587e+00
9.98914294113665e+00
9.97406133705571e+00
9.97684030107032e+00
9.98733693495479e+00
9.98794776382781e+00
9.96851405612520e+00
9.97067211129863e+00
9.99802837030245e+00
9.98128558125958e+00
9.96056864814952e+00
9.93983397353082e+00
9.92919935805316e+00
9.92886678479439e+00
9.91522933393339e+00
9.90757683019084e+00
9.91561714382585e+00
9.94606268209855e+00
9.99539901781076e+00
1.00665083878811e+01
1.00986829395352e+01
1.01142976770897e+01
1.01127026946287e+01
1.01204441407530e+01
1.00887406441840e+01
9.97747039441640e+00
9.88694303182547e+00
9.71775336080656e+00
9.42626115295386e+00
9.07011467971752e+00
8.57641763500421e+00
7.24249194644349e+00
8.61056071458374e+00
1.12139528214373e+01
1.32918939751554e+01
1.30757595076244e+01
9.91842522175886e+00
7.79449488466214e+00
9.37318269302219e+00
9.79072035271241e+00
9.96741111712827e+00
9.99480388681243e+00
9.98104160133642e+00
9.98383017844233e+00
9.99623517599719e+00
9.98352969987822e+00
9.97712508339048e+00
9.98510522848379e+00
9.99805456969603e+00
9.99122038099199e+00
9.96843765417072e+00
9.95749552751338e+00
9.96307500227323e+00
9.95443248704265e+00
9.94567305611402e+00
9.94485868080509e+00
9.96004840134314e+00
9.99404371547989e+00
1.00539201206758e+01
1.00896410627843e+01
1.01149894698905e+01
1.01196533384304e+01
1.01265085191578e+01
1.01041013346387e+01
1.00922161497647e+01
9.98650163028430e+00
9.91267838683253e+00
9.73053251422257e+00
9.41703582946382e+00
9.06893080802162e+00
8.35722144567573e+00
6.53163377638271e+00
9.29714114069144e+00
1.23164435585010e+01
1.36227453056158e+01
1.17091987264420e+01
9.20728925659758e+00
8.40253892730434e+00
9.47777224179668e+00
9.79326456309589e+00
9.95987755453173e+00
9.99487061134103e+00
9.97166404621632e+00
9.98499221342510e+00
9.98423819180075e+00
9.98423629323330e+00
9.99038170682852e+00
9.98778987246632e+00
1.00040803616825e+01
9.99318322686466e+00
9.97086173186284e+00
9.98520637991176e+00
9.99438388267473e+00
1.00060169778040e+01
1.00228029160469e+01
1.00509064403448e+01
1.00972245631893e+01
1.01722844150514e+01
1.02360339349165e+01
1.02975235726075e+01
1.03393051258845e+01
1.03722749362714e+01
1.03466039337715e+01
1.02508460636187e+01
1.01881952088423e+01
9.98505368385670e+00
9.90940094409145e+00
9.73309550941510e+00
9.40139920521523e+00
9.03335052624831e+00
8.05674058487857e+00
7.78682865113451e+00
1.02104613609719e+01
1.38268938021140e+01
1.46116578221418e+01
1.06546756176696e+01
8.29552396692500e+00
8.76334354923914e+00
9.52865733635244e+00
9.79923409273858e+00
9.95178782685304e+00
9.99495937671129e+00
9.97533119495421e+00
9.97458079530640e+00
9.98265317410394e+00
9.99582767594698e+00
9.99352581230614e+00
9.99383777033082e+00
1.00139938489745e+01
9.99921776966909e+00
9.99340310341007e+00
1.00133955309881e+01
1.00470119908458e+01
1.00918012965334e+01
1.01482802785121e+01
1.02247865780751e+01
1.03345828192303e+01
1.04482323757106e+01
1.05737889109879e+01
1.06914357638282e+01
1.08056888871073e+01
1.08495197750246e+01
1.07757908232585e+01
1.06073644511196e+01
1.03504033417353e+01
9.98542604255148e+00
9.90738809693532e+00
9.72391110299033e+00
9.39486622572668e+00
8.93492534860793e+00
7.66391934647790e+00
8.76203770584515e+00
1.12303753364868e+01
1.32165157446458e+01
1.28737326508652e+01
9.75829402334677e+00
7.28315115748455e+00
9.00404977713570e+00
9.53865614088610e+00
9.81105242089118e+00
9.95723265216251e+00
1.00022759151785e+01
9.97380679187837e+00
9.97375826867430e+00
9.98844560049310e+00
9.98773771020058e+00
9.98129772847795e+00
9.99352722117941e+00
1.00204136059885e+01
1.00172026436123e+01
1.00223437702022e+01
1.00663434595582e+01
1.01366948234910e+01
1.02282957353080e+01
1.03478213453269e+01
1.05097625033350e+01
1.06965719304701e+01
1.09197212843007e+01
1.11627097814028e+01
1.14319899923943e+01
1.16553019728817e+01
1.17695474582079e+01
1.17682081864239e+01
1.15879870869275e+01
1.12285284901858e+01
9.99438722517311e+00
9.91293181449628e+00
9.70762423959654e+00
9.39088852463475e+00
8.73949723622434e+00
6.96486648306412e+00
9.39260169357931e+00
1.23671221344368e+01
1.34234768029956e+01
1.15839196407337e+01
8.98933911591777e+00
7.93971869338646e+00
9.14333849911944e+00
9.53803479849019e+00
9.80685898533697e+00
9.96055350752440e+00
1.00006004641680e+01
9.97700171661893e+00
9.98861250287782e+00
9.99576055271267e+00
9.99124652838513e+00
9.98396601376481e+00
9.98123820617117e+00
1.00390897393342e+01
1.00344669382451e+01
1.00726394670337e+01
1.01677658439089e+01
1.03064796475126e+01
1.04968540889860e+01
1.07542142552923e+01
1.10754104936292e+01
1.14830230945426e+01
1.19738681390556e+01
1.25713770203039e+01
1.32183590811725e+01
1.38721124092346e+01
1.45656924162590e+01
1.53612684438037e+01
1.68785219059735e+01
1.81457870147700e+01
9.99401016969058e+00
9.91873535877931e+00
9.69304685611640e+00
9.36561472478195e+00
8.46872545812478e+00
8.08738622419552e+00
1.02737930798694e+01
1.39714111317185e+01
1.42948485659558e+01
1.05387884603763e+01
7.95411264918005e+00
8.33022900250012e+00
9.19293073035970e+00
9.51045640883413e+00
9.76553088583069e+00
9.97375484828246e+00
1.00095696608958e+01
1.00001292775787e+01
1.00093887126508e+01
1.00186644054763e+01
1.00133221449002e+01
9.99494273863308e+00
9.99222905102374e+00
1.00075189307899e+01
1.00265492951683e+01
1.00433511415379e+01
1.00929062639905e+01
1.01691530064946e+01
1.02722273796077e+01
1.04011124029801e+01
1.05760653916967e+01
1.08027291067951e+01
1.11097903077244e+01
1.14504064089480e+01
1.17791045010451e+01
1.20778069164871e+01
1.23030086190779e+01
1.28485171095921e+01
1.29520977039510e+01
7.98977769864414e+00
9.99973054091832e+00
9.99245083751076e+00
1.00200750666438e+01
1.00427333274353e+01
1.00533855764156e+01
1.00546464378764e+01
9.97340388304304e+00
1.00172374902199e+01
1.00016582424620e+01
9.99841495964120e+00
1.00288867124520e+01
1.00670870703390e+01
1.01096241495621e+01
1.01696604794479e+01
1.02568137656542e+01
1.04076781300227e+01
1.05927520382037e+01
1.07863647292695e+01
1.09704513737596e+01
1.11099073015865e+01
1.16076142702165e+01
1.21864051278872e+01
1.00352118618397e+01
8.06618907562823e+01
9.99715453942082e+00
9.99544763329853e+00
1.00248269727961e+01
1.00652001993426e+01
1.01074660942319e+01
1.00563057690232e+01
9.99457159025800e+00
1.00167300724385e+01
9.99008647771285e+00
9.97725327066577e+00
9.98713668414575e+00
9.99668630305559e+00
1.00079373353162e+01
1.00256448119138e+01
1.00873952677827e+01
1.01739635566360e+01
1.02744665963248e+01
1.03655224291258e+01
1.04036744607217e+01
1.07518227843358e+01
1.13334808069282e+01
1.00035771629719e+01
5.87404719962761e+01
8.60892181701591e+01
1.00016621821251e+01
9.99861775962762e+00
1.00339804615705e+01
1.00967232619915e+01
1.00974550192301e+01
1.00631364025292e+01
1.00173952955129e+01
1.00366069640352e+01
9.98594229589077e+00
9.95874892701668e+00
9.94157492898963e+00
9.91794045755235e+00
9.88357868248869e+00
9.86884566251757e+00
9.85809194520328e+00
9.85232547904248e+00
9.82128353610856e+00
9.70704765059521e+00
9.80480605973223e+00
1.01446076607435e+01
9.15457415327040e+00
4.46670381677341e+01
7.04495866120995e+01
8.94736379970573e+01
1.00025921788340e+01
1.00076092892064e+01
1.00598169076382e+01
1.00884940482777e+01
1.00931377423732e+01
1.00684625930840e+01
1.00970057434090e+01
1.00842122938475e+01
9.97962868725760e+00
9.93870320522799e+00
9.89537487467040e+00
9.83267527801168e+00
9.77101963670779e+00
9.69205661065702e+00
9.60541570440546e+00
9.47418644347721e+00
9.22413623526167e+00
9.07818023740489e+00
9.11828727264626e+00
8.22047356740686e+00
3.40988412160392e+01
5.62073660221773e+01
7.51629128044320e+01
9.02131950201407e+01
1.00072294038534e+01
1.00293971864443e+01
1.00598419098299e+01
1.00765726533633e+01
1.00539233552381e+01
1.00825653557101e+01
1.00921116786922e+01
1.00902281242176e+01
9.97237448812884e+00
9.91576618022724e+00
9.84340148785809e+00
9.75919211139450e+00
9.64158725819866e+00
9.50584332768605e+00
9.30915796332153e+00
8.96037773976707e+00
8.61055113416638e+00
8.35811187056455e+00
7.42185865375580e+00
2.58028683087458e+01
4.33215514950511e+01
5.98254491072483e+01
7.85860200748455e+01
9.15309030942172e+01
1.00200279463736e+01
1.00593261722356e+01
1.01143114951624e+01
1.01402365588326e+01
1.02232829352494e+01
1.02747714515143e+01
1.02133299260890e+01
1.01606787847294e+01
9.95374247149588e+00
9.87810346359700e+00
9.78749889254023e+00
9.65151010826054e+00
9.49197761170702e+00
9.26292149924520e+00
8.85705970662917e+00
8.35463464668769e+00
7.84499108139928e+00
6.80523325868689e+00
1.92290047514645e+01
3.20985727728401e+01
4.48872690261911e+01
6.13294734970992e+01
7.83271770827212e+01
9.09271744733852e+01
1.00426877082334e+01
1.01195082493343e+01
1.01997146849725e+01
1.03756430160451e+01
1.05735745744321e+01
1.06260111514355e+01
1.04980524076688e+01
1.02635891520443e+01
9.93750785854541e+00
9.84762281609291e+00
9.70858079964727e+00
9.54262446815177e+00
9.31229053591073e+00
8.89748966861501e+00
8.31026588357502e+00
7.61259687970289e+00
6.45704828773517e+00
1.45020669581260e+01
2.34274524906197e+01
3.25749392485804e+01
4.49885501682158e+01
5.94074722060487e+01
7.14581719970348e+01
8.76724310827171e+01
1.00925674158919e+01
1.02062725921613e+01
1.04541705044509e+01
1.08592978670212e+01
1.12458514022743e+01
1.14347942961150e+01
1.13428543722089e+01
1.10825905203915e+01
9.93211357208796e+00
9.79456736858423e+00
9.61382368729562e+00
9.38055791283304e+00
8.97385601449093e+00
8.33682564265190e+00
7.48805092177464e+00
6.20785527376526e+00
1.06006815778953e+01
1.57748077845989e+01
2.11506462251976e+01
2.88010453458610e+01
3.85101417647354e+01
4.75876814138214e+01
6.23870095618930e+01
9.09071964535969e+01
1.01699289924067e+01
1.04710167645339e+01
1.11291769192848e+01
1.21258814437791e+01
1.32836917990104e+01
1.45218546362826e+01
1.65489514420484e+01
1.81548540730068e+01
9.90892703203279e+00
9.71097725378583e+00
9.47288699617465e+00
9.09077071155661e+00
8.44317976072553e+00
7.48830541147564e+00
6.08591267199728e+00
7.32880969209406e+00
8.72502660874531e+00
9.68576015196186e+00
1.08964292977998e+01
1.22021335151755e+01
1.14958650507367e+01
1.13008996460252e+01
1.03160978413622e+01
-1.15695769380578e+00
1.01015842003152e+01
1.02447479070090e+01
1.06600853453402e+01
1.11617229014878e+01
1.15364510810827e+01
1.22759099462281e+01
1.26117962935257e+01
7.43712659777353e+00
9.92360859269346e+00
9.70889862063219e+00
9.43776774162980e+00
8.93896060633399e+00
8.10785375396209e+00
6.76367904967316e+00
7.94097571680361e+00
9.33867943083155e+00
1.04511984163214e+01
1.19071860280029e+01
1.36510935167436e+01
1.30385091757425e+01
1.32723654787136e+01
1.35535883783685e+01
1.17588111385794e+01
1.75037012386130e+01
1.00297877090957e+01
1.01116483585895e+01
1.03721313716597e+01
1.05112787391568e+01
1.09622508542036e+01
1.16657674003802e+01
9.51614219872402e+00
8.62177563187775e+01
9.88910169308038e+00
9.63270459799492e+00
9.26858084135379e+00
8.58249160968379e+00
7.33910466531464e+00
8.34918921988464e+00
9.62942852100084e+00
1.07541525695832e+01
1.22612241834868e+01
1.41849353834405e+01
1.33051099409182e+01
1.34246443391973e+01
1.39918207311305e+01
1.40405022992404e+01
1.73829089492041e+01
1.16131321937971e+01
1.00257411560671e+01
1.00549539057050e+01
1.00484086768079e+01
1.01601775910418e+01
1.05934085121531e+01
9.34326624156693e+00
6.29653255992479e+01
9.21908284967369e+01
9.86980835787509e+00
9.52899398616135e+00
8.97971840081911e+00
7.86647967248947e+00
8.69191095723794e+00
9.84735493719312e+00
1.09828259305778e+01
1.25547304694646e+01
1.46897025353260e+01
1.35007786273175e+01
1.34203779570246e+01
1.40014929804250e+01
1.46639345856389e+01
1.71689026134523e+01
1.23301741563541e+01
1.05443809094109e+01
1.00017623718242e+01
9.84564100925322e+00
9.65042928220157e+00
9.52736382802812e+00
8.46862830630641e+00
4.55182251680074e+01
7.61184453530458e+01
9.64094321676956e+01
9.80889038076802e+00
9.33199850031400e+00
8.36828879639801e+00
8.98054575180683e+00
9.99853413414310e+00
1.11433424639285e+01
1.28030926620298e+01
1.52116635355809e+01
1.37253804055147e+01
1.34573666185916e+01
1.39813313355526e+01
1.48829771810501e+01
1.70351025628547e+01
1.28634952654691e+01
1.08248661192588e+01
1.00763632785990e+01
9.90733224510742e+00
9.59127149620087e+00
9.02972967553078e+00
7.82216267904506e+00
3.15671394929663e+01
5.80716882632850e+01
8.23485702829153e+01
9.19431391115802e+01
9.69573933105594e+00
8.89285923502373e+00
9.24709010513344e+00
1.00945070852439e+01
1.12291513260022e+01
1.29827764245657e+01
1.57187918936570e+01
1.39338024035126e+01
1.34930919175359e+01
1.39212222529695e+01
1.48817775012193e+01
1.68266911822087e+01
1.31920448239710e+01
1.11209678459338e+01
1.01185322436049e+01
9.75432473455522e+00
9.78770495091456e+00
9.07072247916217e+00
7.67499996057674e+00
2.13230850387476e+01
4.08639536870666e+01
6.34846486312294e+01
7.92248873229687e+01
9.12550460646526e+01
9.44250859729949e+00
9.49729931437922e+00
1.01241918144938e+01
1.12128866252244e+01
1.30572613323513e+01
1.61792028753667e+01
1.40905614640214e+01
1.35049865650953e+01
1.38141288090903e+01
1.47207116428054e+01
1.64772257746775e+01
1.33031492499437e+01
1.12747441738155e+01
1.01053117489985e+01
9.49752445347229e+00
9.41009776778846e+00
9.51322508204257e+00
8.02049960151942e+00
1.48231012390317e+01
2.71834562430684e+01
4.47357585883614e+01
5.85197861914104e+01
7.61936721634538e+01
9.18812409366589e+01
9.79462607617725e+00
1.00918891258803e+01
1.10640953030186e+01
1.29793016263888e+01
1.65598614255952e+01
1.41551257786160e+01
1.34842579167642e+01
1.36785632324264e+01
1.44709185014648e+01
1.60375884816815e+01
1.32681463505640e+01
1.13270173771558e+01
1.00648367180537e+01
9.22256336597430e+00
8.87685560827283e+00
9.65764845722770e+00
8.88141794141100e+00
1.15706605209665e+01
1.85644806798325e+01
3.09507079485943e+01
3.92517435809010e+01
5.39169890237231e+01
7.06797137165115e+01
8.89119915708137e+01
1.01134498280784e+01
1.08169694790805e+01
1.27591842257890e+01
1.69160359145614e+01
1.41146737873015e+01
1.34395851199328e+01
1.35330585872629e+01
1.41717890011774e+01
1.55340587442322e+01
1.31202299148405e+01
1.12877943922555e+01
9.98438337959641e+00
8.94220219638003e+00
8.35169933219045e+00
9.30119144602832e+00
9.77682804048917e+00
1.02838992188435e+01
1.36364230206107e+01
2.20739855453976e+01
2.37299233097882e+01
3.20190606453731e+01
4.46459272061567e+01
6.25354353457872e+01
9.35027216477433e+01
1.04995410814938e+01
1.23319023852026e+01
1.72903665651422e+01
1.38787151827415e+01
1.33397737027337e+01
1.33608140666994e+01
1.38194845890939e+01
1.49566934706732e+01
1.28555388998295e+01
1.11438167090358e+01
9.83852604532112e+00
8.63643465723551e+00
7.84046584033483e+00
8.95048167986419e+00
9.50547806662061e+00
9.84201143241296e+00
1.13587547813613e+01
1.83171820004485e+01
1.30640269393202e+01
1.25652361002881e+01
1.21900810924267e+01
1.17344121800157e+01
1.03080513820776e+01
-2.13984438359918e+00
1.16903541654099e+01
1.82475465245800e+01
1.36350509403998e+01
1.34778474201109e+01
1.34344533639944e+01
1.36407179799008e+01
1.44794986555766e+01
1.25909601879771e+01
1.09568864165157e+01
9.64472363703885e+00
8.28767311629741e+00
7.29908376212745e+00
8.54254211001405e+00
9.24306251601519e+00
9.61697060983702e+00
9.88361269711632e+00
1.89136640146681e+01
1.16655761032971e+01
1.32482558717060e+01
1.35117584444138e+01
1.35582458520379e+01
1.35252399032605e+01
1.15699670747413e+01
1.77613170381476e+01
1.86055291032832e+01
1.19570111700161e+01
1.34246552664234e+01
1.35696753569389e+01
1.35723965170660e+01
1.41025583250654e+01
1.23509852789189e+01
1.07493868113727e+01
9.41474554293418e+00
7.89399839289193e+00
6.70804930311518e+00
8.04730499110516e+00
8.88919062764849e+00
9.38903969476685e+00
9.68906273303539e+00
9.90863182552949e+00
-3.86763388063817e+00
9.62442123636416e+00
1.16388739393499e+01
1.24064870890660e+01
1.31075175550154e+01
1.35530915615269e+01
1.73688391768216e+01
1.11743626710980e+01
-2.72915390189013e+00
9.71791561575773e+00
1.13147851105891e+01
1.18333952498508e+01
1.25281160446308e+01
1.12560306092054e+01
9.95028576111822e+00
8.79634768011534e+00
7.28121082302236e+00
6.02637748981065e+00
7.42425397853357e+00
8.39034823022691e+00
9.03105785521991e+00
9.43301195464033e+00
9.69602402571419e+00
9.90668201421999e+00
9.73871317244386e+01
6.21091191817851e+01
4.44626508644556e+01
3.21419492910331e+01
2.44983424580596e+01
2.20392820460950e+01
1.34571827927769e+01
1.02069195992267e+01
9.43990385128259e+01
6.20174786285164e+01
4.75428609380231e+01
3.83694749825886e+01
2.91307385410728e+01
2.16224603678850e+01
1.59467610044448e+01
1.05469890050845e+01
6.11467148206648e+00
7.39937949189146e+00
8.28431168090403e+00
8.91483596584507e+00
9.32884232843304e+00
9.59418925100189e+00
9.78485300709128e+00
9.94359537020045e+00
8.77471942440759e+01
6.93797221897170e+01
5.27294723268554e+01
3.94006052132737e+01
3.11036053276245e+01
1.84248416953620e+01
1.13093184687810e+01
8.87763915380403e+00
8.65105967299112e+01
7.03439086500834e+01
5.80827751194497e+01
4.46306069988253e+01
3.27792876315375e+01
2.33921251488985e+01
1.42723973715466e+01
6.28173190548052e+00
7.45198467816138e+00
8.22467739441553e+00
8.81665630414988e+00
9.23149066799037e+00
9.50101155410908e+00
9.68772216030884e+00
9.83473862483868e+00
9.94647801437457e+00
9.08753484651454e+01
7.41714081473706e+01
5.79578554680768e+01
4.48706405209956e+01
2.70406232563648e+01
1.44413989604660e+01
8.02635111347537e+00
9.50078072891778e+00
9.00263127519518e+01
7.63644240448854e+01
6.04191603934314e+01
4.48698933943182e+01
3.18718954207511e+01
1.88131886259072e+01
6.53810053680846e+00
7.59640054616986e+00
8.22564898990438e+00
8.74785821482700e+00
9.14570072359272e+00
9.41661957461442e+00
9.60569805596663e+00
9.75742013013017e+00
9.86882591745905e+00
9.96138324743071e+00
9.03909042298158e+01
7.93486073845721e+01
6.45561731029589e+01
4.12888433352965e+01
2.10288853710036e+01
7.55061656571403e+00
9.09232091641514e+00
9.76427470276480e+00
9.08116473818499e+01
7.85922328421627e+01
6.07218747213541e+01
4.37149832518938e+01
2.56291351676056e+01
7.12982054443514e+00
8.07507129892964e+00
8.48971510504967e+00
8.86704749529742e+00
9.18625915874109e+00
9.41257772239186e+00
9.57266794204774e+00
9.70610651742126e+00
9.81024588022315e+00
9.90473216220772e+00
9.96861130599823e+00
9.25949617767403e+01
8.45118682697427e+01
5.95499461306881e+01
3.17096480752852e+01
7.59687046047089e+00
8.97462831442308e+00
9.60499271964279e+00
9.87799371799476e+00
9.08687803308666e+01
7.70335251904972e+01
5.75345523999655e+01
3.44065344371394e+01
7.94404346337968e+00
8.83729672802087e+00
9.01129227352744e+00
9.19562679435022e+00
9.38844258415299e+00
9.52767841629372e+00
9.62309221898986e+00
9.71073362016424e+00
9.78548355400236e+00
9.86669938041216e+00
9.92683207257798e+00
9.96922203791286e+00
9.67116798550509e+01
7.73312501961304e+01
4.56191351953391e+01
8.10939213484225e+00
9.32752106109756e+00
9.66617333307797e+00
9.85108850958288e+00
9.95044609925252e+00
8.96785330416911e+01
7.14281009167230e+01
4.48239655511724e+01
8.80669325325791e+00
9.78237972093588e+00
9.74414219420080e+00
9.72306916742653e+00
9.76483349644836e+00
9.78795199133294e+00
9.78791729907581e+00
9.80067836002409e+00
9.82131783373276e+00
9.86557389414826e+00
9.90663276234233e+00
9.94103457228742e+00
9.96803686140583e+00
9.24438370417521e+01
6.31421549310949e+01
8.91950388484050e+00
1.02647639606668e+01
1.01987749574603e+01
1.01280132057345e+01
1.00280037292947e+01
9.99865400155749e+00
8.62331572776547e+01
5.89303379830419e+01
9.66693899766432e+00
1.09664209801750e+01
1.07778085676583e+01
1.05476448572213e+01
1.04144815931594e+01
1.02885206080295e+01
1.01543681097646e+01
1.00522419348231e+01
9.98074803924192e+00
9.95493231991004e+00
9.94714826030604e+00
9.95297076685287e+00
9.96425849288581e+00
9.96858757663396e+00
8.26770136424647e+01
9.12626572252644e+00
1.13311775566466e+01
1.11281372454503e+01
1.07669164002888e+01
1.04490168519788e+01
1.01457237327753e+01
1.00489034017163e+01
7.74164731581483e+01
9.78348195188196e+00
1.19441976006605e+01
1.18567516241979e+01
1.15251779864578e+01
1.12639734474918e+01
1.10040646389922e+01
1.07292689041864e+01
1.04918930359213e+01
1.02991219389623e+01
1.01706154743259e+01
1.00827109609748e+01
1.00311169803622e+01
1.00074902609556e+01
1.00036934058557e+01
9.98205631347898e+00
6.60527376522088e+00
1.19315187942442e+01
1.23432353140453e+01
1.19041834514963e+01
1.13536960377321e+01
1.07551819517280e+01
1.03058287894227e+01
1.01186339315946e+01
7.28563798932036e+00
1.24227333146848e+01
1.30155428888432e+01
1.28100309534449e+01
1.25142505022569e+01
1.21489783207106e+01
1.17213379319915e+01
1.13118014411185e+01
1.09447062938595e+01
1.06514824716542e+01
1.04184273013330e+01
1.02481667427068e+01
1.01339821765189e+01
1.00733979483037e+01
1.00372692080293e+01
9.99766549018156e+00
1.72553834743467e+01
1.56302402349315e+01
1.43008191244332e+01
1.31837305449848e+01
1.20864205524517e+01
1.11219119920673e+01
1.04887228904656e+01
1.01858646249108e+01
1.73021831227518e+01
1.60354409448597e+01
1.51384100335899e+01
1.44965989182462e+01
1.38918616374815e+01
1.32355707457916e+01
1.25987529214412e+01
1.20036915484643e+01
1.14867994654802e+01
1.10423596387638e+01
1.06834284913574e+01
1.04111535678385e+01
1.02286444404932e+01
1.01102824430436e+01
1.00542909557872e+01
1.00281209696327e+01
1.10245787544512e+01
1.12892322174124e+01
1.13939872680909e+01
1.12319427419826e+01
1.08488807983276e+01
1.04776134206709e+01
1.02324634066905e+01
1.01123786898316e+01
1.03772608955712e+01
1.05026980113406e+01
1.06229261167842e+01
1.05391840261548e+01
1.03750949772853e+01
1.02252393926559e+01
1.01222368162948e+01
1.00541139385537e+01
1.01854149938318e+01
1.02981986877146e+01
1.02961069842608e+01
1.02432048087307e+01
1.01802728097552e+01
1.01270585261409e+01
1.00634696432667e+01
1.00332174915336e+01
1.01066828813756e+01
1.01625842594113e+01
1.01509483401778e+01
1.01310995994217e+01
1.01161282726711e+01
1.00691381452059e+01
1.00379294647309e+01
1.00157625961132e+01
1.00615681532037e+01
1.01002968867554e+01
1.01024083759740e+01
1.01157719746080e+01
1.00854246485242e+01
1.00513653489334e+01
1.00168942355089e+01
1.00040096962279e+01
1.00005593768969e+01
1.00157604070574e+01
1.00718626934211e+01
1.00849159069431e+01
1.00652762247245e+01
1.00244957412801e+01
1.00055222465041e+01
9.99150379502841e+00
9.98438957679617e+00
9.98420714231933e+00
1.00359007830353e+01
1.00555198187223e+01
1.00281180746736e+01
1.00147864623149e+01
9.99748278996553e+00
9.97896445188414e+00
9.99023534566974e+00
9.96763711850186e+00
1.00080954130793e+01
1.00042224030222e+01
1.00116404861927e+01
1.00057503999114e+01
1.00033991324855e+01
9.97996620322437e+00
1.00023585116205e+01
9.98141376758872e+00
9.96793666786001e+00
9.98433865849549e+00
9.98562307049921e+00
9.99152038504179e+00
9.99626047500429e+00
9.98038750254794e+00
1.00189392135123e+01
9.96174413346645e+00
9.96146786835229e+00
9.95261883990503e+00
9.94871173340735e+00
9.94817043624561e+00
9.97257767470202e+00
1.00002983374890e+01
