1 7 2 4
1 7 3 5
1 7 4 6
1 10 2 5
1 10 3 6
1 10 4 7
1 10 5 8
1 13 2 6
1 13 3 7
1 13 4 8
1 13 5 9
1 13 6 10
1 16 2 7
1 16 3 8
1 16 4 9
1 16 5 10
1 16 6 11
1 16 7 12
1 19 2 8
1 19 3 9
1 19 4 10
1 19 5 11
1 19 6 12
1 19 7 13
1 19 8 14
1 22 2 9
1 22 3 10
1 22 4 11
1 22 5 12
1 22 6 13
1 22 7 14
1 22 8 15
1 22 9 16
1 28 2 11
1 28 3 12
1 28 4 13
1 28 5 14
1 28 6 15
1 28 7 16
1 28 8 17
1 28 9 18
1 28 10 19
1 28 11 20
1 37 2 14
1 37 3 15
1 37 4 16
1 37 5 17
1 37 6 18
1 37 7 19
1 37 8 20
1 37 9 21
1 37 10 22
1 37 11 23
1 37 12 24
1 37 13 25
1 37 14 26
1 46 2 17
1 46 3 18
1 46 4 19
1 46 5 20
1 46 6 21
1 46 7 22
1 46 8 23
1 46 9 24
1 46 10 25
1 46 11 26
1 46 12 27
1 46 13 28
1 46 14 29
1 46 15 30
1 46 16 31
1 46 17 32
1 55 2 20
1 55 3 21
1 55 4 22
1 55 5 23
1 55 6 24
1 55 7 25
1 55 8 26
1 55 9 27
1 55 10 28
1 55 11 29
1 55 12 30
1 55 13 31
1 55 14 32
1 55 15 33
1 55 16 34
1 55 17 35
1 55 18 36
1 55 19 37
1 55 20 38
1 64 2 23
1 64 3 24
1 64 4 25
1 64 5 26
1 64 6 27
1 64 7 28
1 64 8 29
1 64 9 30
1 64 10 31
1 64 11 32
1 64 12 33
1 64 13 34
1 64 14 35
1 64 15 36
1 64 16 37
1 64 17 38
1 64 18 39
1 64 19 40
1 64 20 41
1 64 21 42
1 64 22 43
1 64 23 44
2 8 3 5
2 8 4 6
2 8 5 7
2 11 3 6
2 11 4 7
2 11 5 8
2 11 6 9
2 14 3 7
2 14 4 8
2 14 5 9
2 14 6 10
2 14 7 11
2 17 3 8
2 17 4 9
2 17 5 10
2 17 6 11
2 17 7 12
2 17 8 13
2 20 3 9
2 20 4 10
2 20 5 11
2 20 6 12
2 20 7 13
2 20 8 14
2 20 9 15
2 23 3 10
2 23 4 11
2 23 5 12
2 23 6 13
2 23 7 14
2 23 8 15
2 23 9 16
2 23 10 17
2 29 3 12
2 29 4 13
2 29 5 14
2 29 6 15
2 29 7 16
2 29 8 17
2 29 9 18
2 29 10 19
2 29 11 20
2 29 12 21
2 38 3 15
2 38 4 16
2 38 5 17
2 38 6 18
2 38 7 19
2 38 8 20
2 38 9 21
2 38 10 22
2 38 11 23
2 38 12 24
2 38 13 25
2 38 14 26
2 38 15 27
2 47 3 18
2 47 4 19
2 47 5 20
2 47 6 21
2 47 7 22
2 47 8 23
2 47 9 24
2 47 10 25
2 47 11 26
2 47 12 27
2 47 13 28
2 47 14 29
2 47 15 30
2 47 16 31
2 47 17 32
2 47 18 33
2 56 3 21
2 56 4 22
2 56 5 23
2 56 6 24
2 56 7 25
2 56 8 26
2 56 9 27
2 56 10 28
2 56 11 29
2 56 12 30
2 56 13 31
2 56 14 32
2 56 15 33
2 56 16 34
2 56 17 35
2 56 18 36
2 56 19 37
2 56 20 38
2 56 21 39
3 9 4 6
3 9 5 7
3 9 6 8
3 12 4 7
3 12 5 8
3 12 6 9
3 12 7 10
3 15 4 8
3 15 5 9
3 15 6 10
3 15 7 11
3 15 8 12
3 18 4 9
3 18 5 10
3 18 6 11
3 18 7 12
3 18 8 13
3 18 9 14
3 21 4 10
3 21 5 11
3 21 6 12
3 21 7 13
3 21 8 14
3 21 9 15
3 21 10 16
3 24 4 11
3 24 5 12
3 24 6 13
3 24 7 14
3 24 8 15
3 24 9 16
3 24 10 17
3 24 11 18
3 30 4 13
3 30 5 14
3 30 6 15
3 30 7 16
3 30 8 17
3 30 9 18
3 30 10 19
3 30 11 20
3 30 12 21
3 30 13 22
3 39 4 16
3 39 5 17
3 39 6 18
3 39 7 19
3 39 8 20
3 39 9 21
3 39 10 22
3 39 11 23
3 39 12 24
3 39 13 25
3 39 14 26
3 39 15 27
3 39 16 28
3 48 4 19
3 48 5 20
3 48 6 21
3 48 7 22
3 48 8 23
3 48 9 24
3 48 10 25
3 48 11 26
3 48 12 27
3 48 13 28
3 48 14 29
3 48 15 30
3 48 16 31
3 48 17 32
3 48 18 33
3 48 19 34
3 57 4 22
3 57 5 23
3 57 6 24
3 57 7 25
3 57 8 26
3 57 9 27
3 57 10 28
3 57 11 29
3 57 12 30
3 57 13 31
3 57 14 32
3 57 15 33
3 57 16 34
3 57 17 35
3 57 18 36
3 57 19 37
3 57 20 38
3 57 21 39
3 57 22 40
4 10 5 7
4 10 6 8
4 10 7 9
4 13 5 8
4 13 6 9
4 13 7 10
4 13 8 11
4 16 5 9
4 16 6 10
4 16 7 11
4 16 8 12
4 16 9 13
4 19 5 10
4 19 6 11
4 19 7 12
4 19 8 13
4 19 9 14
4 19 10 15
4 22 5 11
4 22 6 12
4 22 7 13
4 22 8 14
4 22 9 15
4 22 10 16
4 22 11 17
4 25 5 12
4 25 6 13
4 25 7 14
4 25 8 15
4 25 9 16
4 25 10 17
4 25 11 18
4 25 12 19
4 31 5 14
4 31 6 15
4 31 7 16
4 31 8 17
4 31 9 18
4 31 10 19
4 31 11 20
4 31 12 21
4 31 13 22
4 31 14 23
4 40 5 17
4 40 6 18
4 40 7 19
4 40 8 20
4 40 9 21
4 40 10 22
4 40 11 23
4 40 12 24
4 40 13 25
4 40 14 26
4 40 15 27
4 40 16 28
4 40 17 29
4 49 5 20
4 49 6 21
4 49 7 22
4 49 8 23
4 49 9 24
4 49 10 25
4 49 11 26
4 49 12 27
4 49 13 28
4 49 14 29
4 49 15 30
4 49 16 31
4 49 17 32
4 49 18 33
4 49 19 34
4 49 20 35
4 58 5 23
4 58 6 24
4 58 7 25
4 58 8 26
4 58 9 27
4 58 10 28
4 58 11 29
4 58 12 30
4 58 13 31
4 58 14 32
4 58 15 33
4 58 16 34
4 58 17 35
4 58 18 36
4 58 19 37
4 58 20 38
4 58 21 39
4 58 22 40
4 58 23 41
5 11 6 8
5 11 7 9
5 11 8 10
5 14 6 9
5 14 7 10
5 14 8 11
5 14 9 12
5 17 6 10
5 17 7 11
5 17 8 12
5 17 9 13
5 17 10 14
5 20 6 11
5 20 7 12
5 20 8 13
5 20 9 14
5 20 10 15
5 20 11 16
5 23 6 12
5 23 7 13
5 23 8 14
5 23 9 15
5 23 10 16
5 23 11 17
5 23 12 18
5 26 6 13
5 26 7 14
5 26 8 15
5 26 9 16
5 26 10 17
5 26 11 18
5 26 12 19
5 26 13 20
5 32 6 15
5 32 7 16
5 32 8 17
5 32 9 18
5 32 10 19
5 32 11 20
5 32 12 21
5 32 13 22
5 32 14 23
5 32 15 24
5 41 6 18
5 41 7 19
5 41 8 20
5 41 9 21
5 41 10 22
5 41 11 23
5 41 12 24
5 41 13 25
5 41 14 26
5 41 15 27
5 41 16 28
5 41 17 29
5 41 18 30
5 50 6 21
5 50 7 22
5 50 8 23
5 50 9 24
5 50 10 25
5 50 11 26
5 50 12 27
5 50 13 28
5 50 14 29
5 50 15 30
5 50 16 31
5 50 17 32
5 50 18 33
5 50 19 34
5 50 20 35
5 50 21 36
5 59 6 24
5 59 7 25
5 59 8 26
5 59 9 27
5 59 10 28
5 59 11 29
5 59 12 30
5 59 13 31
5 59 14 32
5 59 15 33
5 59 16 34
5 59 17 35
5 59 18 36
5 59 19 37
5 59 20 38
5 59 21 39
5 59 22 40
5 59 23 41
5 59 24 42
6 12 7 9
6 12 8 10
6 12 9 11
6 15 7 10
6 15 8 11
6 15 9 12
6 15 10 13
6 18 7 11
6 18 8 12
6 18 9 13
6 18 10 14
6 18 11 15
6 21 7 12
6 21 8 13
6 21 9 14
6 21 10 15
6 21 11 16
6 21 12 17
6 24 7 13
6 24 8 14
6 24 9 15
6 24 10 16
6 24 11 17
6 24 12 18
6 24 13 19
6 27 7 14
6 27 8 15
6 27 9 16
6 27 10 17
6 27 11 18
6 27 12 19
6 27 13 20
6 27 14 21
6 33 7 16
6 33 8 17
6 33 9 18
6 33 10 19
6 33 11 20
6 33 12 21
6 33 13 22
6 33 14 23
6 33 15 24
6 33 16 25
6 42 7 19
6 42 8 20
6 42 9 21
6 42 10 22
6 42 11 23
6 42 12 24
6 42 13 25
6 42 14 26
6 42 15 27
6 42 16 28
6 42 17 29
6 42 18 30
6 42 19 31
6 51 7 22
6 51 8 23
6 51 9 24
6 51 10 25
6 51 11 26
6 51 12 27
6 51 13 28
6 51 14 29
6 51 15 30
6 51 16 31
6 51 17 32
6 51 18 33
6 51 19 34
6 51 20 35
6 51 21 36
6 51 22 37
6 60 7 25
6 60 8 26
6 60 9 27
6 60 10 28
6 60 11 29
6 60 12 30
6 60 13 31
6 60 14 32
6 60 15 33
6 60 16 34
6 60 17 35
6 60 18 36
6 60 19 37
6 60 20 38
6 60 21 39
6 60 22 40
6 60 23 41
6 60 24 42
6 60 25 43
7 13 8 10
7 13 9 11
7 13 10 12
7 16 8 11
7 16 9 12
7 16 10 13
7 16 11 14
7 19 8 12
7 19 9 13
7 19 10 14
7 19 11 15
7 19 12 16
7 22 8 13
7 22 9 14
7 22 10 15
7 22 11 16
7 22 12 17
7 22 13 18
7 25 8 14
7 25 9 15
7 25 10 16
7 25 11 17
7 25 12 18
7 25 13 19
7 25 14 20
7 28 8 15
7 28 9 16
7 28 10 17
7 28 11 18
7 28 12 19
7 28 13 20
7 28 14 21
7 28 15 22
7 34 8 17
7 34 9 18
7 34 10 19
7 34 11 20
7 34 12 21
7 34 13 22
7 34 14 23
7 34 15 24
7 34 16 25
7 34 17 26
7 43 8 20
7 43 9 21
7 43 10 22
7 43 11 23
7 43 12 24
7 43 13 25
7 43 14 26
7 43 15 27
7 43 16 28
7 43 17 29
7 43 18 30
7 43 19 31
7 43 20 32
7 52 8 23
7 52 9 24
7 52 10 25
7 52 11 26
7 52 12 27
7 52 13 28
7 52 14 29
7 52 15 30
7 52 16 31
7 52 17 32
7 52 18 33
7 52 19 34
7 52 20 35
7 52 21 36
7 52 22 37
7 52 23 38
7 61 8 26
7 61 9 27
7 61 10 28
7 61 11 29
7 61 12 30
7 61 13 31
7 61 14 32
7 61 15 33
7 61 16 34
7 61 17 35
7 61 18 36
7 61 19 37
7 61 20 38
7 61 21 39
7 61 22 40
7 61 23 41
7 61 24 42
7 61 25 43
7 61 26 44
8 14 9 11
8 14 10 12
8 14 11 13
8 17 9 12
8 17 10 13
8 17 11 14
8 17 12 15
8 20 9 13
8 20 10 14
8 20 11 15
8 20 12 16
8 20 13 17
8 23 9 14
8 23 10 15
8 23 11 16
8 23 12 17
8 23 13 18
8 23 14 19
8 26 9 15
8 26 10 16
8 26 11 17
8 26 12 18
8 26 13 19
8 26 14 20
8 26 15 21
8 29 9 16
8 29 10 17
8 29 11 18
8 29 12 19
8 29 13 20
8 29 14 21
8 29 15 22
8 29 16 23
8 35 9 18
8 35 10 19
8 35 11 20
8 35 12 21
8 35 13 22
8 35 14 23
8 35 15 24
8 35 16 25
8 35 17 26
8 35 18 27
8 44 9 21
8 44 10 22
8 44 11 23
8 44 12 24
8 44 13 25
8 44 14 26
8 44 15 27
8 44 16 28
8 44 17 29
8 44 18 30
8 44 19 31
8 44 20 32
8 44 21 33
8 53 9 24
8 53 10 25
8 53 11 26
8 53 12 27
8 53 13 28
8 53 14 29
8 53 15 30
8 53 16 31
8 53 17 32
8 53 18 33
8 53 19 34
8 53 20 35
8 53 21 36
8 53 22 37
8 53 23 38
8 53 24 39
8 62 9 27
8 62 10 28
8 62 11 29
8 62 12 30
8 62 13 31
8 62 14 32
8 62 15 33
8 62 16 34
8 62 17 35
8 62 18 36
8 62 19 37
8 62 20 38
8 62 21 39
8 62 22 40
8 62 23 41
8 62 24 42
8 62 25 43
8 62 26 44
8 62 27 45
9 15 10 12
9 15 11 13
9 15 12 14
9 18 10 13
9 18 11 14
9 18 12 15
9 18 13 16
9 21 10 14
9 21 11 15
9 21 12 16
9 21 13 17
9 21 14 18
9 24 10 15
9 24 11 16
9 24 12 17
9 24 13 18
9 24 14 19
9 24 15 20
9 27 10 16
9 27 11 17
9 27 12 18
9 27 13 19
9 27 14 20
9 27 15 21
9 27 16 22
9 30 10 17
9 30 11 18
9 30 12 19
9 30 13 20
9 30 14 21
9 30 15 22
9 30 16 23
9 30 17 24
9 36 10 19
9 36 11 20
9 36 12 21
9 36 13 22
9 36 14 23
9 36 15 24
9 36 16 25
9 36 17 26
9 36 18 27
9 36 19 28
9 45 10 22
9 45 11 23
9 45 12 24
9 45 13 25
9 45 14 26
9 45 15 27
9 45 16 28
9 45 17 29
9 45 18 30
9 45 19 31
9 45 20 32
9 45 21 33
9 45 22 34
9 54 10 25
9 54 11 26
9 54 12 27
9 54 13 28
9 54 14 29
9 54 15 30
9 54 16 31
9 54 17 32
9 54 18 33
9 54 19 34
9 54 20 35
9 54 21 36
9 54 22 37
9 54 23 38
9 54 24 39
9 54 25 40
9 63 10 28
9 63 11 29
9 63 12 30
9 63 13 31
9 63 14 32
9 63 15 33
9 63 16 34
9 63 17 35
9 63 18 36
9 63 19 37
9 63 20 38
9 63 21 39
9 63 22 40
9 63 23 41
9 63 24 42
9 63 25 43
9 63 26 44
9 63 27 45
9 63 28 46
10 16 11 13
10 16 12 14
10 16 13 15
10 19 11 14
10 19 12 15
10 19 13 16
10 19 14 17
10 22 11 15
10 22 12 16
10 22 13 17
10 22 14 18
10 22 15 19
10 25 11 16
10 25 12 17
10 25 13 18
10 25 14 19
10 25 15 20
10 25 16 21
10 28 11 17
10 28 12 18
10 28 13 19
10 28 14 20
10 28 15 21
10 28 16 22
10 28 17 23
10 31 11 18
10 31 12 19
10 31 13 20
10 31 14 21
10 31 15 22
10 31 16 23
10 31 17 24
10 31 18 25
10 37 11 20
10 37 12 21
10 37 13 22
10 37 14 23
10 37 15 24
10 37 16 25
10 37 17 26
10 37 18 27
10 37 19 28
10 37 20 29
10 46 11 23
10 46 12 24
10 46 13 25
10 46 14 26
10 46 15 27
10 46 16 28
10 46 17 29
10 46 18 30
10 46 19 31
10 46 20 32
10 46 21 33
10 46 22 34
10 46 23 35
10 55 11 26
10 55 12 27
10 55 13 28
10 55 14 29
10 55 15 30
10 55 16 31
10 55 17 32
10 55 18 33
10 55 19 34
10 55 20 35
10 55 21 36
10 55 22 37
10 55 23 38
10 55 24 39
10 55 25 40
10 55 26 41
10 64 11 29
10 64 12 30
10 64 13 31
10 64 14 32
10 64 15 33
10 64 16 34
10 64 17 35
10 64 18 36
10 64 19 37
10 64 20 38
10 64 21 39
10 64 22 40
10 64 23 41
10 64 24 42
10 64 25 43
10 64 26 44
10 64 27 45
10 64 28 46
10 64 29 47
11 17 12 14
11 17 13 15
11 17 14 16
11 20 12 15
11 20 13 16
11 20 14 17
11 20 15 18
11 23 12 16
11 23 13 17
11 23 14 18
11 23 15 19
11 23 16 20
11 26 12 17
11 26 13 18
11 26 14 19
11 26 15 20
11 26 16 21
11 26 17 22
11 29 12 18
11 29 13 19
11 29 14 20
11 29 15 21
11 29 16 22
11 29 17 23
11 29 18 24
11 32 12 19
11 32 13 20
11 32 14 21
11 32 15 22
11 32 16 23
11 32 17 24
11 32 18 25
11 32 19 26
11 38 12 21
11 38 13 22
11 38 14 23
11 38 15 24
11 38 16 25
11 38 17 26
11 38 18 27
11 38 19 28
11 38 20 29
11 38 21 30
11 47 12 24
11 47 13 25
11 47 14 26
11 47 15 27
11 47 16 28
11 47 17 29
11 47 18 30
11 47 19 31
11 47 20 32
11 47 21 33
11 47 22 34
11 47 23 35
11 47 24 36
11 56 12 27
11 56 13 28
11 56 14 29
11 56 15 30
11 56 16 31
11 56 17 32
11 56 18 33
11 56 19 34
11 56 20 35
11 56 21 36
11 56 22 37
11 56 23 38
11 56 24 39
11 56 25 40
11 56 26 41
11 56 27 42
12 18 13 15
12 18 14 16
12 18 15 17
12 21 13 16
12 21 14 17
12 21 15 18
12 21 16 19
12 24 13 17
12 24 14 18
12 24 15 19
12 24 16 20
12 24 17 21
12 27 13 18
12 27 14 19
12 27 15 20
12 27 16 21
12 27 17 22
12 27 18 23
12 30 13 19
12 30 14 20
12 30 15 21
12 30 16 22
12 30 17 23
12 30 18 24
12 30 19 25
12 33 13 20
12 33 14 21
12 33 15 22
12 33 16 23
12 33 17 24
12 33 18 25
12 33 19 26
12 33 20 27
12 39 13 22
12 39 14 23
12 39 15 24
12 39 16 25
12 39 17 26
12 39 18 27
12 39 19 28
12 39 20 29
12 39 21 30
12 39 22 31
12 48 13 25
12 48 14 26
12 48 15 27
12 48 16 28
12 48 17 29
12 48 18 30
12 48 19 31
12 48 20 32
12 48 21 33
12 48 22 34
12 48 23 35
12 48 24 36
12 48 25 37
12 57 13 28
12 57 14 29
12 57 15 30
12 57 16 31
12 57 17 32
12 57 18 33
12 57 19 34
12 57 20 35
12 57 21 36
12 57 22 37
12 57 23 38
12 57 24 39
12 57 25 40
12 57 26 41
12 57 27 42
12 57 28 43
13 19 14 16
13 19 15 17
13 19 16 18
13 22 14 17
13 22 15 18
13 22 16 19
13 22 17 20
13 25 14 18
13 25 15 19
13 25 16 20
13 25 17 21
13 25 18 22
13 28 14 19
13 28 15 20
13 28 16 21
13 28 17 22
13 28 18 23
13 28 19 24
13 31 14 20
13 31 15 21
13 31 16 22
13 31 17 23
13 31 18 24
13 31 19 25
13 31 20 26
13 34 14 21
13 34 15 22
13 34 16 23
13 34 17 24
13 34 18 25
13 34 19 26
13 34 20 27
13 34 21 28
13 40 14 23
13 40 15 24
13 40 16 25
13 40 17 26
13 40 18 27
13 40 19 28
13 40 20 29
13 40 21 30
13 40 22 31
13 40 23 32
13 49 14 26
13 49 15 27
13 49 16 28
13 49 17 29
13 49 18 30
13 49 19 31
13 49 20 32
13 49 21 33
13 49 22 34
13 49 23 35
13 49 24 36
13 49 25 37
13 49 26 38
13 58 14 29
13 58 15 30
13 58 16 31
13 58 17 32
13 58 18 33
13 58 19 34
13 58 20 35
13 58 21 36
13 58 22 37
13 58 23 38
13 58 24 39
13 58 25 40
13 58 26 41
13 58 27 42
13 58 28 43
13 58 29 44
14 20 15 17
14 20 16 18
14 20 17 19
14 23 15 18
14 23 16 19
14 23 17 20
14 23 18 21
14 26 15 19
14 26 16 20
14 26 17 21
14 26 18 22
14 26 19 23
14 29 15 20
14 29 16 21
14 29 17 22
14 29 18 23
14 29 19 24
14 29 20 25
14 32 15 21
14 32 16 22
14 32 17 23
14 32 18 24
14 32 19 25
14 32 20 26
14 32 21 27
14 35 15 22
14 35 16 23
14 35 17 24
14 35 18 25
14 35 19 26
14 35 20 27
14 35 21 28
14 35 22 29
14 41 15 24
14 41 16 25
14 41 17 26
14 41 18 27
14 41 19 28
14 41 20 29
14 41 21 30
14 41 22 31
14 41 23 32
14 41 24 33
14 50 15 27
14 50 16 28
14 50 17 29
14 50 18 30
14 50 19 31
14 50 20 32
14 50 21 33
14 50 22 34
14 50 23 35
14 50 24 36
14 50 25 37
14 50 26 38
14 50 27 39
14 59 15 30
14 59 16 31
14 59 17 32
14 59 18 33
14 59 19 34
14 59 20 35
14 59 21 36
14 59 22 37
14 59 23 38
14 59 24 39
14 59 25 40
14 59 26 41
14 59 27 42
14 59 28 43
14 59 29 44
14 59 30 45
15 21 16 18
15 21 17 19
15 21 18 20
15 24 16 19
15 24 17 20
15 24 18 21
15 24 19 22
15 27 16 20
15 27 17 21
15 27 18 22
15 27 19 23
15 27 20 24
15 30 16 21
15 30 17 22
15 30 18 23
15 30 19 24
15 30 20 25
15 30 21 26
15 33 16 22
15 33 17 23
15 33 18 24
15 33 19 25
15 33 20 26
15 33 21 27
15 33 22 28
15 36 16 23
15 36 17 24
15 36 18 25
15 36 19 26
15 36 20 27
15 36 21 28
15 36 22 29
15 36 23 30
15 42 16 25
15 42 17 26
15 42 18 27
15 42 19 28
15 42 20 29
15 42 21 30
15 42 22 31
15 42 23 32
15 42 24 33
15 42 25 34
15 51 16 28
15 51 17 29
15 51 18 30
15 51 19 31
15 51 20 32
15 51 21 33
15 51 22 34
15 51 23 35
15 51 24 36
15 51 25 37
15 51 26 38
15 51 27 39
15 51 28 40
15 60 16 31
15 60 17 32
15 60 18 33
15 60 19 34
15 60 20 35
15 60 21 36
15 60 22 37
15 60 23 38
15 60 24 39
15 60 25 40
15 60 26 41
15 60 27 42
15 60 28 43
15 60 29 44
15 60 30 45
15 60 31 46
16 22 17 19
16 22 18 20
16 22 19 21
16 25 17 20
16 25 18 21
16 25 19 22
16 25 20 23
16 28 17 21
16 28 18 22
16 28 19 23
16 28 20 24
16 28 21 25
16 31 17 22
16 31 18 23
16 31 19 24
16 31 20 25
16 31 21 26
16 31 22 27
16 34 17 23
16 34 18 24
16 34 19 25
16 34 20 26
16 34 21 27
16 34 22 28
16 34 23 29
16 37 17 24
16 37 18 25
16 37 19 26
16 37 20 27
16 37 21 28
16 37 22 29
16 37 23 30
16 37 24 31
16 43 17 26
16 43 18 27
16 43 19 28
16 43 20 29
16 43 21 30
16 43 22 31
16 43 23 32
16 43 24 33
16 43 25 34
16 43 26 35
16 52 17 29
16 52 18 30
16 52 19 31
16 52 20 32
16 52 21 33
16 52 22 34
16 52 23 35
16 52 24 36
16 52 25 37
16 52 26 38
16 52 27 39
16 52 28 40
16 52 29 41
16 61 17 32
16 61 18 33
16 61 19 34
16 61 20 35
16 61 21 36
16 61 22 37
16 61 23 38
16 61 24 39
16 61 25 40
16 61 26 41
16 61 27 42
16 61 28 43
16 61 29 44
16 61 30 45
16 61 31 46
16 61 32 47
17 23 18 20
17 23 19 21
17 23 20 22
17 26 18 21
17 26 19 22
17 26 20 23
17 26 21 24
17 29 18 22
17 29 19 23
17 29 20 24
17 29 21 25
17 29 22 26
17 32 18 23
17 32 19 24
17 32 20 25
17 32 21 26
17 32 22 27
17 32 23 28
17 35 18 24
17 35 19 25
17 35 20 26
17 35 21 27
17 35 22 28
17 35 23 29
17 35 24 30
17 38 18 25
17 38 19 26
17 38 20 27
17 38 21 28
17 38 22 29
17 38 23 30
17 38 24 31
17 38 25 32
17 44 18 27
17 44 19 28
17 44 20 29
17 44 21 30
17 44 22 31
17 44 23 32
17 44 24 33
17 44 25 34
17 44 26 35
17 44 27 36
17 53 18 30
17 53 19 31
17 53 20 32
17 53 21 33
17 53 22 34
17 53 23 35
17 53 24 36
17 53 25 37
17 53 26 38
17 53 27 39
17 53 28 40
17 53 29 41
17 53 30 42
17 62 18 33
17 62 19 34
17 62 20 35
17 62 21 36
17 62 22 37
17 62 23 38
17 62 24 39
17 62 25 40
17 62 26 41
17 62 27 42
17 62 28 43
17 62 29 44
17 62 30 45
17 62 31 46
17 62 32 47
17 62 33 48
18 24 19 21
18 24 20 22
18 24 21 23
18 27 19 22
18 27 20 23
18 27 21 24
18 27 22 25
18 30 19 23
18 30 20 24
18 30 21 25
18 30 22 26
18 30 23 27
18 33 19 24
18 33 20 25
18 33 21 26
18 33 22 27
18 33 23 28
18 33 24 29
18 36 19 25
18 36 20 26
18 36 21 27
18 36 22 28
18 36 23 29
18 36 24 30
18 36 25 31
18 39 19 26
18 39 20 27
18 39 21 28
18 39 22 29
18 39 23 30
18 39 24 31
18 39 25 32
18 39 26 33
18 45 19 28
18 45 20 29
18 45 21 30
18 45 22 31
18 45 23 32
18 45 24 33
18 45 25 34
18 45 26 35
18 45 27 36
18 45 28 37
18 54 19 31
18 54 20 32
18 54 21 33
18 54 22 34
18 54 23 35
18 54 24 36
18 54 25 37
18 54 26 38
18 54 27 39
18 54 28 40
18 54 29 41
18 54 30 42
18 54 31 43
18 63 19 34
18 63 20 35
18 63 21 36
18 63 22 37
18 63 23 38
18 63 24 39
18 63 25 40
18 63 26 41
18 63 27 42
18 63 28 43
18 63 29 44
18 63 30 45
18 63 31 46
18 63 32 47
18 63 33 48
18 63 34 49
19 25 20 22
19 25 21 23
19 25 22 24
19 28 20 23
19 28 21 24
19 28 22 25
19 28 23 26
19 31 20 24
19 31 21 25
19 31 22 26
19 31 23 27
19 31 24 28
19 34 20 25
19 34 21 26
19 34 22 27
19 34 23 28
19 34 24 29
19 34 25 30
19 37 20 26
19 37 21 27
19 37 22 28
19 37 23 29
19 37 24 30
19 37 25 31
19 37 26 32
19 40 20 27
19 40 21 28
19 40 22 29
19 40 23 30
19 40 24 31
19 40 25 32
19 40 26 33
19 40 27 34
19 46 20 29
19 46 21 30
19 46 22 31
19 46 23 32
19 46 24 33
19 46 25 34
19 46 26 35
19 46 27 36
19 46 28 37
19 46 29 38
19 55 20 32
19 55 21 33
19 55 22 34
19 55 23 35
19 55 24 36
19 55 25 37
19 55 26 38
19 55 27 39
19 55 28 40
19 55 29 41
19 55 30 42
19 55 31 43
19 55 32 44
19 64 20 35
19 64 21 36
19 64 22 37
19 64 23 38
19 64 24 39
19 64 25 40
19 64 26 41
19 64 27 42
19 64 28 43
19 64 29 44
19 64 30 45
19 64 31 46
19 64 32 47
19 64 33 48
19 64 34 49
19 64 35 50
20 26 21 23
20 26 22 24
20 26 23 25
20 29 21 24
20 29 22 25
20 29 23 26
20 29 24 27
20 32 21 25
20 32 22 26
20 32 23 27
20 32 24 28
20 32 25 29
20 35 21 26
20 35 22 27
20 35 23 28
20 35 24 29
20 35 25 30
20 35 26 31
20 38 21 27
20 38 22 28
20 38 23 29
20 38 24 30
20 38 25 31
20 38 26 32
20 38 27 33
20 41 21 28
20 41 22 29
20 41 23 30
20 41 24 31
20 41 25 32
20 41 26 33
20 41 27 34
20 41 28 35
20 47 21 30
20 47 22 31
20 47 23 32
20 47 24 33
20 47 25 34
20 47 26 35
20 47 27 36
20 47 28 37
20 47 29 38
20 47 30 39
20 56 21 33
20 56 22 34
20 56 23 35
20 56 24 36
20 56 25 37
20 56 26 38
20 56 27 39
20 56 28 40
20 56 29 41
20 56 30 42
20 56 31 43
20 56 32 44
20 56 33 45
21 27 22 24
21 27 23 25
21 27 24 26
21 30 22 25
21 30 23 26
21 30 24 27
21 30 25 28
21 33 22 26
21 33 23 27
21 33 24 28
21 33 25 29
21 33 26 30
21 36 22 27
21 36 23 28
21 36 24 29
21 36 25 30
21 36 26 31
21 36 27 32
21 39 22 28
21 39 23 29
21 39 24 30
21 39 25 31
21 39 26 32
21 39 27 33
21 39 28 34
21 42 22 29
21 42 23 30
21 42 24 31
21 42 25 32
21 42 26 33
21 42 27 34
21 42 28 35
21 42 29 36
21 48 22 31
21 48 23 32
21 48 24 33
21 48 25 34
21 48 26 35
21 48 27 36
21 48 28 37
21 48 29 38
21 48 30 39
21 48 31 40
21 57 22 34
21 57 23 35
21 57 24 36
21 57 25 37
21 57 26 38
21 57 27 39
21 57 28 40
21 57 29 41
21 57 30 42
21 57 31 43
21 57 32 44
21 57 33 45
21 57 34 46
22 28 23 25
22 28 24 26
22 28 25 27
22 31 23 26
22 31 24 27
22 31 25 28
22 31 26 29
22 34 23 27
22 34 24 28
22 34 25 29
22 34 26 30
22 34 27 31
22 37 23 28
22 37 24 29
22 37 25 30
22 37 26 31
22 37 27 32
22 37 28 33
22 40 23 29
22 40 24 30
22 40 25 31
22 40 26 32
22 40 27 33
22 40 28 34
22 40 29 35
22 43 23 30
22 43 24 31
22 43 25 32
22 43 26 33
22 43 27 34
22 43 28 35
22 43 29 36
22 43 30 37
22 49 23 32
22 49 24 33
22 49 25 34
22 49 26 35
22 49 27 36
22 49 28 37
22 49 29 38
22 49 30 39
22 49 31 40
22 49 32 41
22 58 23 35
22 58 24 36
22 58 25 37
22 58 26 38
22 58 27 39
22 58 28 40
22 58 29 41
22 58 30 42
22 58 31 43
22 58 32 44
22 58 33 45
22 58 34 46
22 58 35 47
23 29 24 26
23 29 25 27
23 29 26 28
23 32 24 27
23 32 25 28
23 32 26 29
23 32 27 30
23 35 24 28
23 35 25 29
23 35 26 30
23 35 27 31
23 35 28 32
23 38 24 29
23 38 25 30
23 38 26 31
23 38 27 32
23 38 28 33
23 38 29 34
23 41 24 30
23 41 25 31
23 41 26 32
23 41 27 33
23 41 28 34
23 41 29 35
23 41 30 36
23 44 24 31
23 44 25 32
23 44 26 33
23 44 27 34
23 44 28 35
23 44 29 36
23 44 30 37
23 44 31 38
23 50 24 33
23 50 25 34
23 50 26 35
23 50 27 36
23 50 28 37
23 50 29 38
23 50 30 39
23 50 31 40
23 50 32 41
23 50 33 42
23 59 24 36
23 59 25 37
23 59 26 38
23 59 27 39
23 59 28 40
23 59 29 41
23 59 30 42
23 59 31 43
23 59 32 44
23 59 33 45
23 59 34 46
23 59 35 47
23 59 36 48
24 30 25 27
24 30 26 28
24 30 27 29
24 33 25 28
24 33 26 29
24 33 27 30
24 33 28 31
24 36 25 29
24 36 26 30
24 36 27 31
24 36 28 32
24 36 29 33
24 39 25 30
24 39 26 31
24 39 27 32
24 39 28 33
24 39 29 34
24 39 30 35
24 42 25 31
24 42 26 32
24 42 27 33
24 42 28 34
24 42 29 35
24 42 30 36
24 42 31 37
24 45 25 32
24 45 26 33
24 45 27 34
24 45 28 35
24 45 29 36
24 45 30 37
24 45 31 38
24 45 32 39
24 51 25 34
24 51 26 35
24 51 27 36
24 51 28 37
24 51 29 38
24 51 30 39
24 51 31 40
24 51 32 41
24 51 33 42
24 51 34 43
24 60 25 37
24 60 26 38
24 60 27 39
24 60 28 40
24 60 29 41
24 60 30 42
24 60 31 43
24 60 32 44
24 60 33 45
24 60 34 46
24 60 35 47
24 60 36 48
24 60 37 49
25 31 26 28
25 31 27 29
25 31 28 30
25 34 26 29
25 34 27 30
25 34 28 31
25 34 29 32
25 37 26 30
25 37 27 31
25 37 28 32
25 37 29 33
25 37 30 34
25 40 26 31
25 40 27 32
25 40 28 33
25 40 29 34
25 40 30 35
25 40 31 36
25 43 26 32
25 43 27 33
25 43 28 34
25 43 29 35
25 43 30 36
25 43 31 37
25 43 32 38
25 46 26 33
25 46 27 34
25 46 28 35
25 46 29 36
25 46 30 37
25 46 31 38
25 46 32 39
25 46 33 40
25 52 26 35
25 52 27 36
25 52 28 37
25 52 29 38
25 52 30 39
25 52 31 40
25 52 32 41
25 52 33 42
25 52 34 43
25 52 35 44
25 61 26 38
25 61 27 39
25 61 28 40
25 61 29 41
25 61 30 42
25 61 31 43
25 61 32 44
25 61 33 45
25 61 34 46
25 61 35 47
25 61 36 48
25 61 37 49
25 61 38 50
26 32 27 29
26 32 28 30
26 32 29 31
26 35 27 30
26 35 28 31
26 35 29 32
26 35 30 33
26 38 27 31
26 38 28 32
26 38 29 33
26 38 30 34
26 38 31 35
26 41 27 32
26 41 28 33
26 41 29 34
26 41 30 35
26 41 31 36
26 41 32 37
26 44 27 33
26 44 28 34
26 44 29 35
26 44 30 36
26 44 31 37
26 44 32 38
26 44 33 39
26 47 27 34
26 47 28 35
26 47 29 36
26 47 30 37
26 47 31 38
26 47 32 39
26 47 33 40
26 47 34 41
26 53 27 36
26 53 28 37
26 53 29 38
26 53 30 39
26 53 31 40
26 53 32 41
26 53 33 42
26 53 34 43
26 53 35 44
26 53 36 45
26 62 27 39
26 62 28 40
26 62 29 41
26 62 30 42
26 62 31 43
26 62 32 44
26 62 33 45
26 62 34 46
26 62 35 47
26 62 36 48
26 62 37 49
26 62 38 50
26 62 39 51
27 33 28 30
27 33 29 31
27 33 30 32
27 36 28 31
27 36 29 32
27 36 30 33
27 36 31 34
27 39 28 32
27 39 29 33
27 39 30 34
27 39 31 35
27 39 32 36
27 42 28 33
27 42 29 34
27 42 30 35
27 42 31 36
27 42 32 37
27 42 33 38
27 45 28 34
27 45 29 35
27 45 30 36
27 45 31 37
27 45 32 38
27 45 33 39
27 45 34 40
27 48 28 35
27 48 29 36
27 48 30 37
27 48 31 38
27 48 32 39
27 48 33 40
27 48 34 41
27 48 35 42
27 54 28 37
27 54 29 38
27 54 30 39
27 54 31 40
27 54 32 41
27 54 33 42
27 54 34 43
27 54 35 44
27 54 36 45
27 54 37 46
27 63 28 40
27 63 29 41
27 63 30 42
27 63 31 43
27 63 32 44
27 63 33 45
27 63 34 46
27 63 35 47
27 63 36 48
27 63 37 49
27 63 38 50
27 63 39 51
27 63 40 52
28 34 29 31
28 34 30 32
28 34 31 33
28 37 29 32
28 37 30 33
28 37 31 34
28 37 32 35
28 40 29 33
28 40 30 34
28 40 31 35
28 40 32 36
28 40 33 37
28 43 29 34
28 43 30 35
28 43 31 36
28 43 32 37
28 43 33 38
28 43 34 39
28 46 29 35
28 46 30 36
28 46 31 37
28 46 32 38
28 46 33 39
28 46 34 40
28 46 35 41
28 49 29 36
28 49 30 37
28 49 31 38
28 49 32 39
28 49 33 40
28 49 34 41
28 49 35 42
28 49 36 43
28 55 29 38
28 55 30 39
28 55 31 40
28 55 32 41
28 55 33 42
28 55 34 43
28 55 35 44
28 55 36 45
28 55 37 46
28 55 38 47
28 64 29 41
28 64 30 42
28 64 31 43
28 64 32 44
28 64 33 45
28 64 34 46
28 64 35 47
28 64 36 48
28 64 37 49
28 64 38 50
28 64 39 51
28 64 40 52
28 64 41 53
29 35 30 32
29 35 31 33
29 35 32 34
29 38 30 33
29 38 31 34
29 38 32 35
29 38 33 36
29 41 30 34
29 41 31 35
29 41 32 36
29 41 33 37
29 41 34 38
29 44 30 35
29 44 31 36
29 44 32 37
29 44 33 38
29 44 34 39
29 44 35 40
29 47 30 36
29 47 31 37
29 47 32 38
29 47 33 39
29 47 34 40
29 47 35 41
29 47 36 42
29 50 30 37
29 50 31 38
29 50 32 39
29 50 33 40
29 50 34 41
29 50 35 42
29 50 36 43
29 50 37 44
29 56 30 39
29 56 31 40
29 56 32 41
29 56 33 42
29 56 34 43
29 56 35 44
29 56 36 45
29 56 37 46
29 56 38 47
29 56 39 48
30 36 31 33
30 36 32 34
30 36 33 35
30 39 31 34
30 39 32 35
30 39 33 36
30 39 34 37
30 42 31 35
30 42 32 36
30 42 33 37
30 42 34 38
30 42 35 39
30 45 31 36
30 45 32 37
30 45 33 38
30 45 34 39
30 45 35 40
30 45 36 41
30 48 31 37
30 48 32 38
30 48 33 39
30 48 34 40
30 48 35 41
30 48 36 42
30 48 37 43
30 51 31 38
30 51 32 39
30 51 33 40
30 51 34 41
30 51 35 42
30 51 36 43
30 51 37 44
30 51 38 45
30 57 31 40
30 57 32 41
30 57 33 42
30 57 34 43
30 57 35 44
30 57 36 45
30 57 37 46
30 57 38 47
30 57 39 48
30 57 40 49
31 37 32 34
31 37 33 35
31 37 34 36
31 40 32 35
31 40 33 36
31 40 34 37
31 40 35 38
31 43 32 36
31 43 33 37
31 43 34 38
31 43 35 39
31 43 36 40
31 46 32 37
31 46 33 38
31 46 34 39
31 46 35 40
31 46 36 41
31 46 37 42
31 49 32 38
31 49 33 39
31 49 34 40
31 49 35 41
31 49 36 42
31 49 37 43
31 49 38 44
31 52 32 39
31 52 33 40
31 52 34 41
31 52 35 42
31 52 36 43
31 52 37 44
31 52 38 45
31 52 39 46
31 58 32 41
31 58 33 42
31 58 34 43
31 58 35 44
31 58 36 45
31 58 37 46
31 58 38 47
31 58 39 48
31 58 40 49
31 58 41 50
32 38 33 35
32 38 34 36
32 38 35 37
32 41 33 36
32 41 34 37
32 41 35 38
32 41 36 39
32 44 33 37
32 44 34 38
32 44 35 39
32 44 36 40
32 44 37 41
32 47 33 38
32 47 34 39
32 47 35 40
32 47 36 41
32 47 37 42
32 47 38 43
32 50 33 39
32 50 34 40
32 50 35 41
32 50 36 42
32 50 37 43
32 50 38 44
32 50 39 45
32 53 33 40
32 53 34 41
32 53 35 42
32 53 36 43
32 53 37 44
32 53 38 45
32 53 39 46
32 53 40 47
32 59 33 42
32 59 34 43
32 59 35 44
32 59 36 45
32 59 37 46
32 59 38 47
32 59 39 48
32 59 40 49
32 59 41 50
32 59 42 51
33 39 34 36
33 39 35 37
33 39 36 38
33 42 34 37
33 42 35 38
33 42 36 39
33 42 37 40
33 45 34 38
33 45 35 39
33 45 36 40
33 45 37 41
33 45 38 42
33 48 34 39
33 48 35 40
33 48 36 41
33 48 37 42
33 48 38 43
33 48 39 44
33 51 34 40
33 51 35 41
33 51 36 42
33 51 37 43
33 51 38 44
33 51 39 45
33 51 40 46
33 54 34 41
33 54 35 42
33 54 36 43
33 54 37 44
33 54 38 45
33 54 39 46
33 54 40 47
33 54 41 48
33 60 34 43
33 60 35 44
33 60 36 45
33 60 37 46
33 60 38 47
33 60 39 48
33 60 40 49
33 60 41 50
33 60 42 51
33 60 43 52
34 40 35 37
34 40 36 38
34 40 37 39
34 43 35 38
34 43 36 39
34 43 37 40
34 43 38 41
34 46 35 39
34 46 36 40
34 46 37 41
34 46 38 42
34 46 39 43
34 49 35 40
34 49 36 41
34 49 37 42
34 49 38 43
34 49 39 44
34 49 40 45
34 52 35 41
34 52 36 42
34 52 37 43
34 52 38 44
34 52 39 45
34 52 40 46
34 52 41 47
34 55 35 42
34 55 36 43
34 55 37 44
34 55 38 45
34 55 39 46
34 55 40 47
34 55 41 48
34 55 42 49
34 61 35 44
34 61 36 45
34 61 37 46
34 61 38 47
34 61 39 48
34 61 40 49
34 61 41 50
34 61 42 51
34 61 43 52
34 61 44 53
35 41 36 38
35 41 37 39
35 41 38 40
35 44 36 39
35 44 37 40
35 44 38 41
35 44 39 42
35 47 36 40
35 47 37 41
35 47 38 42
35 47 39 43
35 47 40 44
35 50 36 41
35 50 37 42
35 50 38 43
35 50 39 44
35 50 40 45
35 50 41 46
35 53 36 42
35 53 37 43
35 53 38 44
35 53 39 45
35 53 40 46
35 53 41 47
35 53 42 48
35 56 36 43
35 56 37 44
35 56 38 45
35 56 39 46
35 56 40 47
35 56 41 48
35 56 42 49
35 56 43 50
35 62 36 45
35 62 37 46
35 62 38 47
35 62 39 48
35 62 40 49
35 62 41 50
35 62 42 51
35 62 43 52
35 62 44 53
35 62 45 54
36 42 37 39
36 42 38 40
36 42 39 41
36 45 37 40
36 45 38 41
36 45 39 42
36 45 40 43
36 48 37 41
36 48 38 42
36 48 39 43
36 48 40 44
36 48 41 45
36 51 37 42
36 51 38 43
36 51 39 44
36 51 40 45
36 51 41 46
36 51 42 47
36 54 37 43
36 54 38 44
36 54 39 45
36 54 40 46
36 54 41 47
36 54 42 48
36 54 43 49
36 57 37 44
36 57 38 45
36 57 39 46
36 57 40 47
36 57 41 48
36 57 42 49
36 57 43 50
36 57 44 51
36 63 37 46
36 63 38 47
36 63 39 48
36 63 40 49
36 63 41 50
36 63 42 51
36 63 43 52
36 63 44 53
36 63 45 54
36 63 46 55
37 43 38 40
37 43 39 41
37 43 40 42
37 46 38 41
37 46 39 42
37 46 40 43
37 46 41 44
37 49 38 42
37 49 39 43
37 49 40 44
37 49 41 45
37 49 42 46
37 52 38 43
37 52 39 44
37 52 40 45
37 52 41 46
37 52 42 47
37 52 43 48
37 55 38 44
37 55 39 45
37 55 40 46
37 55 41 47
37 55 42 48
37 55 43 49
37 55 44 50
37 58 38 45
37 58 39 46
37 58 40 47
37 58 41 48
37 58 42 49
37 58 43 50
37 58 44 51
37 58 45 52
37 64 38 47
37 64 39 48
37 64 40 49
37 64 41 50
37 64 42 51
37 64 43 52
37 64 44 53
37 64 45 54
37 64 46 55
37 64 47 56
38 44 39 41
38 44 40 42
38 44 41 43
38 47 39 42
38 47 40 43
38 47 41 44
38 47 42 45
38 50 39 43
38 50 40 44
38 50 41 45
38 50 42 46
38 50 43 47
38 53 39 44
38 53 40 45
38 53 41 46
38 53 42 47
38 53 43 48
38 53 44 49
38 56 39 45
38 56 40 46
38 56 41 47
38 56 42 48
38 56 43 49
38 56 44 50
38 56 45 51
38 59 39 46
38 59 40 47
38 59 41 48
38 59 42 49
38 59 43 50
38 59 44 51
38 59 45 52
38 59 46 53
39 45 40 42
39 45 41 43
39 45 42 44
39 48 40 43
39 48 41 44
39 48 42 45
39 48 43 46
39 51 40 44
39 51 41 45
39 51 42 46
39 51 43 47
39 51 44 48
39 54 40 45
39 54 41 46
39 54 42 47
39 54 43 48
39 54 44 49
39 54 45 50
39 57 40 46
39 57 41 47
39 57 42 48
39 57 43 49
39 57 44 50
39 57 45 51
39 57 46 52
39 60 40 47
39 60 41 48
39 60 42 49
39 60 43 50
39 60 44 51
39 60 45 52
39 60 46 53
39 60 47 54
40 46 41 43
40 46 42 44
40 46 43 45
40 49 41 44
40 49 42 45
40 49 43 46
40 49 44 47
40 52 41 45
40 52 42 46
40 52 43 47
40 52 44 48
40 52 45 49
40 55 41 46
40 55 42 47
40 55 43 48
40 55 44 49
40 55 45 50
40 55 46 51
40 58 41 47
40 58 42 48
40 58 43 49
40 58 44 50
40 58 45 51
40 58 46 52
40 58 47 53
40 61 41 48
40 61 42 49
40 61 43 50
40 61 44 51
40 61 45 52
40 61 46 53
40 61 47 54
40 61 48 55
41 47 42 44
41 47 43 45
41 47 44 46
41 50 42 45
41 50 43 46
41 50 44 47
41 50 45 48
41 53 42 46
41 53 43 47
41 53 44 48
41 53 45 49
41 53 46 50
41 56 42 47
41 56 43 48
41 56 44 49
41 56 45 50
41 56 46 51
41 56 47 52
41 59 42 48
41 59 43 49
41 59 44 50
41 59 45 51
41 59 46 52
41 59 47 53
41 59 48 54
41 62 42 49
41 62 43 50
41 62 44 51
41 62 45 52
41 62 46 53
41 62 47 54
41 62 48 55
41 62 49 56
42 48 43 45
42 48 44 46
42 48 45 47
42 51 43 46
42 51 44 47
42 51 45 48
42 51 46 49
42 54 43 47
42 54 44 48
42 54 45 49
42 54 46 50
42 54 47 51
42 57 43 48
42 57 44 49
42 57 45 50
42 57 46 51
42 57 47 52
42 57 48 53
42 60 43 49
42 60 44 50
42 60 45 51
42 60 46 52
42 60 47 53
42 60 48 54
42 60 49 55
42 63 43 50
42 63 44 51
42 63 45 52
42 63 46 53
42 63 47 54
42 63 48 55
42 63 49 56
42 63 50 57
43 49 44 46
43 49 45 47
43 49 46 48
43 52 44 47
43 52 45 48
43 52 46 49
43 52 47 50
43 55 44 48
43 55 45 49
43 55 46 50
43 55 47 51
43 55 48 52
43 58 44 49
43 58 45 50
43 58 46 51
43 58 47 52
43 58 48 53
43 58 49 54
43 61 44 50
43 61 45 51
43 61 46 52
43 61 47 53
43 61 48 54
43 61 49 55
43 61 50 56
43 64 44 51
43 64 45 52
43 64 46 53
43 64 47 54
43 64 48 55
43 64 49 56
43 64 50 57
43 64 51 58
44 50 45 47
44 50 46 48
44 50 47 49
44 53 45 48
44 53 46 49
44 53 47 50
44 53 48 51
44 56 45 49
44 56 46 50
44 56 47 51
44 56 48 52
44 56 49 53
44 59 45 50
44 59 46 51
44 59 47 52
44 59 48 53
44 59 49 54
44 59 50 55
44 62 45 51
44 62 46 52
44 62 47 53
44 62 48 54
44 62 49 55
44 62 50 56
44 62 51 57
45 51 46 48
45 51 47 49
45 51 48 50
45 54 46 49
45 54 47 50
45 54 48 51
45 54 49 52
45 57 46 50
45 57 47 51
45 57 48 52
45 57 49 53
45 57 50 54
45 60 46 51
45 60 47 52
45 60 48 53
45 60 49 54
45 60 50 55
45 60 51 56
45 63 46 52
45 63 47 53
45 63 48 54
45 63 49 55
45 63 50 56
45 63 51 57
45 63 52 58
46 52 47 49
46 52 48 50
46 52 49 51
46 55 47 50
46 55 48 51
46 55 49 52
46 55 50 53
46 58 47 51
46 58 48 52
46 58 49 53
46 58 50 54
46 58 51 55
46 61 47 52
46 61 48 53
46 61 49 54
46 61 50 55
46 61 51 56
46 61 52 57
46 64 47 53
46 64 48 54
46 64 49 55
46 64 50 56
46 64 51 57
46 64 52 58
46 64 53 59
47 53 48 50
47 53 49 51
47 53 50 52
47 56 48 51
47 56 49 52
47 56 50 53
47 56 51 54
47 59 48 52
47 59 49 53
47 59 50 54
47 59 51 55
47 59 52 56
47 62 48 53
47 62 49 54
47 62 50 55
47 62 51 56
47 62 52 57
47 62 53 58
48 54 49 51
48 54 50 52
48 54 51 53
48 57 49 52
48 57 50 53
48 57 51 54
48 57 52 55
48 60 49 53
48 60 50 54
48 60 51 55
48 60 52 56
48 60 53 57
48 63 49 54
48 63 50 55
48 63 51 56
48 63 52 57
48 63 53 58
48 63 54 59
49 55 50 52
49 55 51 53
49 55 52 54
49 58 50 53
49 58 51 54
49 58 52 55
49 58 53 56
49 61 50 54
49 61 51 55
49 61 52 56
49 61 53 57
49 61 54 58
49 64 50 55
49 64 51 56
49 64 52 57
49 64 53 58
49 64 54 59
49 64 55 60
50 56 51 53
50 56 52 54
50 56 53 55
50 59 51 54
50 59 52 55
50 59 53 56
50 59 54 57
50 62 51 55
50 62 52 56
50 62 53 57
50 62 54 58
50 62 55 59
51 57 52 54
51 57 53 55
51 57 54 56
51 60 52 55
51 60 53 56
51 60 54 57
51 60 55 58
51 63 52 56
51 63 53 57
51 63 54 58
51 63 55 59
51 63 56 60
52 58 53 55
52 58 54 56
52 58 55 57
52 61 53 56
52 61 54 57
52 61 55 58
52 61 56 59
52 64 53 57
52 64 54 58
52 64 55 59
52 64 56 60
52 64 57 61
53 59 54 56
53 59 55 57
53 59 56 58
53 62 54 57
53 62 55 58
53 62 56 59
53 62 57 60
54 60 55 57
54 60 56 58
54 60 57 59
54 63 55 58
54 63 56 59
54 63 57 60
54 63 58 61
55 61 56 58
55 61 57 59
55 61 58 60
55 64 56 59
55 64 57 60
55 64 58 61
55 64 59 62
56 62 57 59
56 62 58 60
56 62 59 61
57 63 58 60
57 63 59 61
57 63 60 62
58 64 59 61
58 64 60 62
58 64 61 63
