1 13 2 5
1 13 3 6
1 13 4 7
1 13 5 8
1 13 6 9
1 13 7 10
1 13 8 11
1 13 9 12
1 23 2 7
1 23 3 8
1 23 4 9
1 23 5 10
1 23 6 11
1 23 7 12
1 23 8 13
1 23 9 14
1 23 10 15
1 23 11 16
1 23 12 17
1 23 13 18
1 23 14 19
1 23 15 20
1 23 16 21
1 23 17 22
1 57 4 16
1 57 5 17
1 57 6 18
1 57 7 19
1 57 8 20
1 57 9 21
1 57 10 22
1 57 11 23
1 57 12 24
1 57 13 25
1 57 14 26
1 57 15 27
1 57 16 28
1 57 17 29
1 57 18 30
1 57 19 31
1 57 20 32
1 57 21 33
1 57 22 34
1 57 23 35
1 57 24 36
1 57 25 37
1 57 26 38
1 57 27 39
1 57 28 40
1 57 29 41
1 57 30 42
1 57 31 43
1 57 32 44
1 57 33 45
1 57 34 46
1 57 35 47
1 57 36 48
1 57 37 49
1 57 38 50
1 57 39 51
1 57 40 52
1 57 41 53
1 57 42 54
2 5 1 13
2 7 1 23
2 14 3 6
2 14 4 7
2 14 5 8
2 14 6 9
2 14 7 10
2 14 8 11
2 14 9 12
2 14 10 13
2 24 3 8
2 24 4 9
2 24 5 10
2 24 6 11
2 24 7 12
2 24 8 13
2 24 9 14
2 24 10 15
2 24 11 16
2 24 12 17
2 24 13 18
2 24 14 19
2 24 15 20
2 24 16 21
2 24 17 22
2 24 18 23
2 58 5 17
2 58 6 18
2 58 7 19
2 58 8 20
2 58 9 21
2 58 10 22
2 58 11 23
2 58 12 24
2 58 13 25
2 58 14 26
2 58 15 27
2 58 16 28
2 58 17 29
2 58 18 30
2 58 19 31
2 58 20 32
2 58 21 33
2 58 22 34
2 58 23 35
2 58 24 36
2 58 25 37
2 58 26 38
2 58 27 39
2 58 28 40
2 58 29 41
2 58 30 42
2 58 31 43
2 58 32 44
2 58 33 45
2 58 34 46
2 58 35 47
2 58 36 48
2 58 37 49
2 58 38 50
2 58 39 51
2 58 40 52
2 58 41 53
2 58 42 54
2 58 43 55
3 6 1 13
3 6 2 14
3 8 1 23
3 8 2 24
3 15 4 7
3 15 5 8
3 15 6 9
3 15 7 10
3 15 8 11
3 15 9 12
3 15 10 13
3 15 11 14
3 25 4 9
3 25 5 10
3 25 6 11
3 25 7 12
3 25 8 13
3 25 9 14
3 25 10 15
3 25 11 16
3 25 12 17
3 25 13 18
3 25 14 19
3 25 15 20
3 25 16 21
3 25 17 22
3 25 18 23
3 25 19 24
3 59 6 18
3 59 7 19
3 59 8 20
3 59 9 21
3 59 10 22
3 59 11 23
3 59 12 24
3 59 13 25
3 59 14 26
3 59 15 27
3 59 16 28
3 59 17 29
3 59 18 30
3 59 19 31
3 59 20 32
3 59 21 33
3 59 22 34
3 59 23 35
3 59 24 36
3 59 25 37
3 59 26 38
3 59 27 39
3 59 28 40
3 59 29 41
3 59 30 42
3 59 31 43
3 59 32 44
3 59 33 45
3 59 34 46
3 59 35 47
3 59 36 48
3 59 37 49
3 59 38 50
3 59 39 51
3 59 40 52
3 59 41 53
3 59 42 54
3 59 43 55
3 59 44 56
4 7 1 13
4 7 2 14
4 7 3 15
4 9 1 23
4 9 2 24
4 9 3 25
4 16 5 8
4 16 6 9
4 16 7 10
4 16 8 11
4 16 9 12
4 16 10 13
4 16 11 14
4 16 12 15
4 16 1 57
4 26 5 10
4 26 6 11
4 26 7 12
4 26 8 13
4 26 9 14
4 26 10 15
4 26 11 16
4 26 12 17
4 26 13 18
4 26 14 19
4 26 15 20
4 26 16 21
4 26 17 22
4 26 18 23
4 26 19 24
4 26 20 25
4 60 7 19
4 60 8 20
4 60 9 21
4 60 10 22
4 60 11 23
4 60 12 24
4 60 13 25
4 60 14 26
4 60 15 27
4 60 16 28
4 60 17 29
4 60 18 30
4 60 19 31
4 60 20 32
4 60 21 33
4 60 22 34
4 60 23 35
4 60 24 36
4 60 25 37
4 60 26 38
4 60 27 39
4 60 28 40
4 60 29 41
4 60 30 42
4 60 31 43
4 60 32 44
4 60 33 45
4 60 34 46
4 60 35 47
4 60 36 48
4 60 37 49
4 60 38 50
4 60 39 51
4 60 40 52
4 60 41 53
4 60 42 54
4 60 43 55
4 60 44 56
4 60 45 57
5 8 1 13
5 8 2 14
5 8 3 15
5 8 4 16
5 10 1 23
5 10 2 24
5 10 3 25
5 10 4 26
5 17 6 9
5 17 7 10
5 17 8 11
5 17 9 12
5 17 10 13
5 17 11 14
5 17 12 15
5 17 13 16
5 17 1 57
5 17 2 58
5 27 6 11
5 27 7 12
5 27 8 13
5 27 9 14
5 27 10 15
5 27 11 16
5 27 12 17
5 27 13 18
5 27 14 19
5 27 15 20
5 27 16 21
5 27 17 22
5 27 18 23
5 27 19 24
5 27 20 25
5 27 21 26
5 61 8 20
5 61 9 21
5 61 10 22
5 61 11 23
5 61 12 24
5 61 13 25
5 61 14 26
5 61 15 27
5 61 16 28
5 61 17 29
5 61 18 30
5 61 19 31
5 61 20 32
5 61 21 33
5 61 22 34
5 61 23 35
5 61 24 36
5 61 25 37
5 61 26 38
5 61 27 39
5 61 28 40
5 61 29 41
5 61 30 42
5 61 31 43
5 61 32 44
5 61 33 45
5 61 34 46
5 61 35 47
5 61 36 48
5 61 37 49
5 61 38 50
5 61 39 51
5 61 40 52
5 61 41 53
5 61 42 54
5 61 43 55
5 61 44 56
5 61 45 57
5 61 46 58
6 9 1 13
6 9 2 14
6 9 3 15
6 9 4 16
6 9 5 17
6 11 1 23
6 11 2 24
6 11 3 25
6 11 4 26
6 11 5 27
6 18 7 10
6 18 8 11
6 18 9 12
6 18 10 13
6 18 11 14
6 18 12 15
6 18 13 16
6 18 14 17
6 18 1 57
6 18 2 58
6 18 3 59
6 28 7 12
6 28 8 13
6 28 9 14
6 28 10 15
6 28 11 16
6 28 12 17
6 28 13 18
6 28 14 19
6 28 15 20
6 28 16 21
6 28 17 22
6 28 18 23
6 28 19 24
6 28 20 25
6 28 21 26
6 28 22 27
6 62 9 21
6 62 10 22
6 62 11 23
6 62 12 24
6 62 13 25
6 62 14 26
6 62 15 27
6 62 16 28
6 62 17 29
6 62 18 30
6 62 19 31
6 62 20 32
6 62 21 33
6 62 22 34
6 62 23 35
6 62 24 36
6 62 25 37
6 62 26 38
6 62 27 39
6 62 28 40
6 62 29 41
6 62 30 42
6 62 31 43
6 62 32 44
6 62 33 45
6 62 34 46
6 62 35 47
6 62 36 48
6 62 37 49
6 62 38 50
6 62 39 51
6 62 40 52
6 62 41 53
6 62 42 54
6 62 43 55
6 62 44 56
6 62 45 57
6 62 46 58
6 62 47 59
7 10 1 13
7 10 2 14
7 10 3 15
7 10 4 16
7 10 5 17
7 10 6 18
7 12 1 23
7 12 2 24
7 12 3 25
7 12 4 26
7 12 5 27
7 12 6 28
7 19 8 11
7 19 9 12
7 19 10 13
7 19 11 14
7 19 12 15
7 19 13 16
7 19 14 17
7 19 15 18
7 19 1 57
7 19 2 58
7 19 3 59
7 19 4 60
7 29 8 13
7 29 9 14
7 29 10 15
7 29 11 16
7 29 12 17
7 29 13 18
7 29 14 19
7 29 15 20
7 29 16 21
7 29 17 22
7 29 18 23
7 29 19 24
7 29 20 25
7 29 21 26
7 29 22 27
7 29 23 28
7 63 10 22
7 63 11 23
7 63 12 24
7 63 13 25
7 63 14 26
7 63 15 27
7 63 16 28
7 63 17 29
7 63 18 30
7 63 19 31
7 63 20 32
7 63 21 33
7 63 22 34
7 63 23 35
7 63 24 36
7 63 25 37
7 63 26 38
7 63 27 39
7 63 28 40
7 63 29 41
7 63 30 42
7 63 31 43
7 63 32 44
7 63 33 45
7 63 34 46
7 63 35 47
7 63 36 48
7 63 37 49
7 63 38 50
7 63 39 51
7 63 40 52
7 63 41 53
7 63 42 54
7 63 43 55
7 63 44 56
7 63 45 57
7 63 46 58
7 63 47 59
7 63 48 60
8 11 1 13
8 11 2 14
8 11 3 15
8 11 4 16
8 11 5 17
8 11 6 18
8 11 7 19
8 13 1 23
8 13 2 24
8 13 3 25
8 13 4 26
8 13 5 27
8 13 6 28
8 13 7 29
8 20 9 12
8 20 10 13
8 20 11 14
8 20 12 15
8 20 13 16
8 20 14 17
8 20 15 18
8 20 16 19
8 20 1 57
8 20 2 58
8 20 3 59
8 20 4 60
8 20 5 61
8 30 9 14
8 30 10 15
8 30 11 16
8 30 12 17
8 30 13 18
8 30 14 19
8 30 15 20
8 30 16 21
8 30 17 22
8 30 18 23
8 30 19 24
8 30 20 25
8 30 21 26
8 30 22 27
8 30 23 28
8 30 24 29
8 64 11 23
8 64 12 24
8 64 13 25
8 64 14 26
8 64 15 27
8 64 16 28
8 64 17 29
8 64 18 30
8 64 19 31
8 64 20 32
8 64 21 33
8 64 22 34
8 64 23 35
8 64 24 36
8 64 25 37
8 64 26 38
8 64 27 39
8 64 28 40
8 64 29 41
8 64 30 42
8 64 31 43
8 64 32 44
8 64 33 45
8 64 34 46
8 64 35 47
8 64 36 48
8 64 37 49
8 64 38 50
8 64 39 51
8 64 40 52
8 64 41 53
8 64 42 54
8 64 43 55
8 64 44 56
8 64 45 57
8 64 46 58
8 64 47 59
8 64 48 60
8 64 49 61
9 12 1 13
9 12 2 14
9 12 3 15
9 12 4 16
9 12 5 17
9 12 6 18
9 12 7 19
9 12 8 20
9 14 1 23
9 14 2 24
9 14 3 25
9 14 4 26
9 14 5 27
9 14 6 28
9 14 7 29
9 14 8 30
9 21 10 13
9 21 11 14
9 21 12 15
9 21 13 16
9 21 14 17
9 21 15 18
9 21 16 19
9 21 17 20
9 21 1 57
9 21 2 58
9 21 3 59
9 21 4 60
9 21 5 61
9 21 6 62
9 31 10 15
9 31 11 16
9 31 12 17
9 31 13 18
9 31 14 19
9 31 15 20
9 31 16 21
9 31 17 22
9 31 18 23
9 31 19 24
9 31 20 25
9 31 21 26
9 31 22 27
9 31 23 28
9 31 24 29
9 31 25 30
10 13 2 14
10 13 3 15
10 13 4 16
10 13 5 17
10 13 6 18
10 13 7 19
10 13 8 20
10 13 9 21
10 15 1 23
10 15 2 24
10 15 3 25
10 15 4 26
10 15 5 27
10 15 6 28
10 15 7 29
10 15 8 30
10 15 9 31
10 22 11 14
10 22 12 15
10 22 13 16
10 22 14 17
10 22 15 18
10 22 16 19
10 22 17 20
10 22 18 21
10 22 1 57
10 22 2 58
10 22 3 59
10 22 4 60
10 22 5 61
10 22 6 62
10 22 7 63
10 32 11 16
10 32 12 17
10 32 13 18
10 32 14 19
10 32 15 20
10 32 16 21
10 32 17 22
10 32 18 23
10 32 19 24
10 32 20 25
10 32 21 26
10 32 22 27
10 32 23 28
10 32 24 29
10 32 25 30
10 32 26 31
11 14 3 15
11 14 4 16
11 14 5 17
11 14 6 18
11 14 7 19
11 14 8 20
11 14 9 21
11 14 10 22
11 16 1 23
11 16 2 24
11 16 3 25
11 16 4 26
11 16 5 27
11 16 6 28
11 16 7 29
11 16 8 30
11 16 9 31
11 16 10 32
11 23 12 15
11 23 13 16
11 23 14 17
11 23 15 18
11 23 16 19
11 23 17 20
11 23 18 21
11 23 19 22
11 23 1 57
11 23 2 58
11 23 3 59
11 23 4 60
11 23 5 61
11 23 6 62
11 23 7 63
11 23 8 64
11 33 12 17
11 33 13 18
11 33 14 19
11 33 15 20
11 33 16 21
11 33 17 22
11 33 18 23
11 33 19 24
11 33 20 25
11 33 21 26
11 33 22 27
11 33 23 28
11 33 24 29
11 33 25 30
11 33 26 31
11 33 27 32
12 15 4 16
12 15 5 17
12 15 6 18
12 15 7 19
12 15 8 20
12 15 9 21
12 15 10 22
12 15 11 23
12 17 1 23
12 17 2 24
12 17 3 25
12 17 4 26
12 17 5 27
12 17 6 28
12 17 7 29
12 17 8 30
12 17 9 31
12 17 10 32
12 17 11 33
12 24 13 16
12 24 14 17
12 24 15 18
12 24 16 19
12 24 17 20
12 24 18 21
12 24 19 22
12 24 20 23
12 24 1 57
12 24 2 58
12 24 3 59
12 24 4 60
12 24 5 61
12 24 6 62
12 24 7 63
12 24 8 64
12 34 13 18
12 34 14 19
12 34 15 20
12 34 16 21
12 34 17 22
12 34 18 23
12 34 19 24
12 34 20 25
12 34 21 26
12 34 22 27
12 34 23 28
12 34 24 29
12 34 25 30
12 34 26 31
12 34 27 32
12 34 28 33
13 16 5 17
13 16 6 18
13 16 7 19
13 16 8 20
13 16 9 21
13 16 10 22
13 16 11 23
13 16 12 24
13 18 1 23
13 18 2 24
13 18 3 25
13 18 4 26
13 18 5 27
13 18 6 28
13 18 7 29
13 18 8 30
13 18 9 31
13 18 10 32
13 18 11 33
13 18 12 34
13 25 14 17
13 25 15 18
13 25 16 19
13 25 17 20
13 25 18 21
13 25 19 22
13 25 20 23
13 25 21 24
13 25 1 57
13 25 2 58
13 25 3 59
13 25 4 60
13 25 5 61
13 25 6 62
13 25 7 63
13 25 8 64
13 35 14 19
13 35 15 20
13 35 16 21
13 35 17 22
13 35 18 23
13 35 19 24
13 35 20 25
13 35 21 26
13 35 22 27
13 35 23 28
13 35 24 29
13 35 25 30
13 35 26 31
13 35 27 32
13 35 28 33
13 35 29 34
14 17 6 18
14 17 7 19
14 17 8 20
14 17 9 21
14 17 10 22
14 17 11 23
14 17 12 24
14 17 13 25
14 19 1 23
14 19 2 24
14 19 3 25
14 19 4 26
14 19 5 27
14 19 6 28
14 19 7 29
14 19 8 30
14 19 9 31
14 19 10 32
14 19 11 33
14 19 12 34
14 19 13 35
14 26 15 18
14 26 16 19
14 26 17 20
14 26 18 21
14 26 19 22
14 26 20 23
14 26 21 24
14 26 22 25
14 26 1 57
14 26 2 58
14 26 3 59
14 26 4 60
14 26 5 61
14 26 6 62
14 26 7 63
14 26 8 64
14 36 15 20
14 36 16 21
14 36 17 22
14 36 18 23
14 36 19 24
14 36 20 25
14 36 21 26
14 36 22 27
14 36 23 28
14 36 24 29
14 36 25 30
14 36 26 31
14 36 27 32
14 36 28 33
14 36 29 34
14 36 30 35
15 18 7 19
15 18 8 20
15 18 9 21
15 18 10 22
15 18 11 23
15 18 12 24
15 18 13 25
15 18 14 26
15 20 1 23
15 20 2 24
15 20 3 25
15 20 4 26
15 20 5 27
15 20 6 28
15 20 7 29
15 20 8 30
15 20 9 31
15 20 10 32
15 20 11 33
15 20 12 34
15 20 13 35
15 20 14 36
15 27 16 19
15 27 17 20
15 27 18 21
15 27 19 22
15 27 20 23
15 27 21 24
15 27 22 25
15 27 23 26
15 27 1 57
15 27 2 58
15 27 3 59
15 27 4 60
15 27 5 61
15 27 6 62
15 27 7 63
15 27 8 64
15 37 16 21
15 37 17 22
15 37 18 23
15 37 19 24
15 37 20 25
15 37 21 26
15 37 22 27
15 37 23 28
15 37 24 29
15 37 25 30
15 37 26 31
15 37 27 32
15 37 28 33
15 37 29 34
15 37 30 35
15 37 31 36
16 19 8 20
16 19 9 21
16 19 10 22
16 19 11 23
16 19 12 24
16 19 13 25
16 19 14 26
16 19 15 27
16 21 1 23
16 21 2 24
16 21 3 25
16 21 4 26
16 21 5 27
16 21 6 28
16 21 7 29
16 21 8 30
16 21 9 31
16 21 10 32
16 21 11 33
16 21 12 34
16 21 13 35
16 21 14 36
16 21 15 37
16 28 17 20
16 28 18 21
16 28 19 22
16 28 20 23
16 28 21 24
16 28 22 25
16 28 23 26
16 28 24 27
16 28 1 57
16 28 2 58
16 28 3 59
16 28 4 60
16 28 5 61
16 28 6 62
16 28 7 63
16 28 8 64
16 38 17 22
16 38 18 23
16 38 19 24
16 38 20 25
16 38 21 26
16 38 22 27
16 38 23 28
16 38 24 29
16 38 25 30
16 38 26 31
16 38 27 32
16 38 28 33
16 38 29 34
16 38 30 35
16 38 31 36
16 38 32 37
17 20 9 21
17 20 10 22
17 20 11 23
17 20 12 24
17 20 13 25
17 20 14 26
17 20 15 27
17 20 16 28
17 22 1 23
17 22 2 24
17 22 3 25
17 22 4 26
17 22 5 27
17 22 6 28
17 22 7 29
17 22 8 30
17 22 9 31
17 22 10 32
17 22 11 33
17 22 12 34
17 22 13 35
17 22 14 36
17 22 15 37
17 22 16 38
17 29 18 21
17 29 19 22
17 29 20 23
17 29 21 24
17 29 22 25
17 29 23 26
17 29 24 27
17 29 25 28
17 29 1 57
17 29 2 58
17 29 3 59
17 29 4 60
17 29 5 61
17 29 6 62
17 29 7 63
17 29 8 64
17 39 18 23
17 39 19 24
17 39 20 25
17 39 21 26
17 39 22 27
17 39 23 28
17 39 24 29
17 39 25 30
17 39 26 31
17 39 27 32
17 39 28 33
17 39 29 34
17 39 30 35
17 39 31 36
17 39 32 37
17 39 33 38
18 21 10 22
18 21 11 23
18 21 12 24
18 21 13 25
18 21 14 26
18 21 15 27
18 21 16 28
18 21 17 29
18 23 2 24
18 23 3 25
18 23 4 26
18 23 5 27
18 23 6 28
18 23 7 29
18 23 8 30
18 23 9 31
18 23 10 32
18 23 11 33
18 23 12 34
18 23 13 35
18 23 14 36
18 23 15 37
18 23 16 38
18 23 17 39
18 30 19 22
18 30 20 23
18 30 21 24
18 30 22 25
18 30 23 26
18 30 24 27
18 30 25 28
18 30 26 29
18 30 1 57
18 30 2 58
18 30 3 59
18 30 4 60
18 30 5 61
18 30 6 62
18 30 7 63
18 30 8 64
18 40 19 24
18 40 20 25
18 40 21 26
18 40 22 27
18 40 23 28
18 40 24 29
18 40 25 30
18 40 26 31
18 40 27 32
18 40 28 33
18 40 29 34
18 40 30 35
18 40 31 36
18 40 32 37
18 40 33 38
18 40 34 39
19 22 11 23
19 22 12 24
19 22 13 25
19 22 14 26
19 22 15 27
19 22 16 28
19 22 17 29
19 22 18 30
19 24 3 25
19 24 4 26
19 24 5 27
19 24 6 28
19 24 7 29
19 24 8 30
19 24 9 31
19 24 10 32
19 24 11 33
19 24 12 34
19 24 13 35
19 24 14 36
19 24 15 37
19 24 16 38
19 24 17 39
19 24 18 40
19 31 20 23
19 31 21 24
19 31 22 25
19 31 23 26
19 31 24 27
19 31 25 28
19 31 26 29
19 31 27 30
19 31 1 57
19 31 2 58
19 31 3 59
19 31 4 60
19 31 5 61
19 31 6 62
19 31 7 63
19 31 8 64
19 41 20 25
19 41 21 26
19 41 22 27
19 41 23 28
19 41 24 29
19 41 25 30
19 41 26 31
19 41 27 32
19 41 28 33
19 41 29 34
19 41 30 35
19 41 31 36
19 41 32 37
19 41 33 38
19 41 34 39
19 41 35 40
20 23 12 24
20 23 13 25
20 23 14 26
20 23 15 27
20 23 16 28
20 23 17 29
20 23 18 30
20 23 19 31
20 25 4 26
20 25 5 27
20 25 6 28
20 25 7 29
20 25 8 30
20 25 9 31
20 25 10 32
20 25 11 33
20 25 12 34
20 25 13 35
20 25 14 36
20 25 15 37
20 25 16 38
20 25 17 39
20 25 18 40
20 25 19 41
20 32 21 24
20 32 22 25
20 32 23 26
20 32 24 27
20 32 25 28
20 32 26 29
20 32 27 30
20 32 28 31
20 32 1 57
20 32 2 58
20 32 3 59
20 32 4 60
20 32 5 61
20 32 6 62
20 32 7 63
20 32 8 64
20 42 21 26
20 42 22 27
20 42 23 28
20 42 24 29
20 42 25 30
20 42 26 31
20 42 27 32
20 42 28 33
20 42 29 34
20 42 30 35
20 42 31 36
20 42 32 37
20 42 33 38
20 42 34 39
20 42 35 40
20 42 36 41
21 24 13 25
21 24 14 26
21 24 15 27
21 24 16 28
21 24 17 29
21 24 18 30
21 24 19 31
21 24 20 32
21 26 5 27
21 26 6 28
21 26 7 29
21 26 8 30
21 26 9 31
21 26 10 32
21 26 11 33
21 26 12 34
21 26 13 35
21 26 14 36
21 26 15 37
21 26 16 38
21 26 17 39
21 26 18 40
21 26 19 41
21 26 20 42
21 33 22 25
21 33 23 26
21 33 24 27
21 33 25 28
21 33 26 29
21 33 27 30
21 33 28 31
21 33 29 32
21 33 1 57
21 33 2 58
21 33 3 59
21 33 4 60
21 33 5 61
21 33 6 62
21 33 7 63
21 33 8 64
21 43 22 27
21 43 23 28
21 43 24 29
21 43 25 30
21 43 26 31
21 43 27 32
21 43 28 33
21 43 29 34
21 43 30 35
21 43 31 36
21 43 32 37
21 43 33 38
21 43 34 39
21 43 35 40
21 43 36 41
21 43 37 42
22 25 14 26
22 25 15 27
22 25 16 28
22 25 17 29
22 25 18 30
22 25 19 31
22 25 20 32
22 25 21 33
22 27 6 28
22 27 7 29
22 27 8 30
22 27 9 31
22 27 10 32
22 27 11 33
22 27 12 34
22 27 13 35
22 27 14 36
22 27 15 37
22 27 16 38
22 27 17 39
22 27 18 40
22 27 19 41
22 27 20 42
22 27 21 43
22 34 23 26
22 34 24 27
22 34 25 28
22 34 26 29
22 34 27 30
22 34 28 31
22 34 29 32
22 34 30 33
22 34 1 57
22 34 2 58
22 34 3 59
22 34 4 60
22 34 5 61
22 34 6 62
22 34 7 63
22 34 8 64
22 44 23 28
22 44 24 29
22 44 25 30
22 44 26 31
22 44 27 32
22 44 28 33
22 44 29 34
22 44 30 35
22 44 31 36
22 44 32 37
22 44 33 38
22 44 34 39
22 44 35 40
22 44 36 41
22 44 37 42
22 44 38 43
23 26 15 27
23 26 16 28
23 26 17 29
23 26 18 30
23 26 19 31
23 26 20 32
23 26 21 33
23 26 22 34
23 28 7 29
23 28 8 30
23 28 9 31
23 28 10 32
23 28 11 33
23 28 12 34
23 28 13 35
23 28 14 36
23 28 15 37
23 28 16 38
23 28 17 39
23 28 18 40
23 28 19 41
23 28 20 42
23 28 21 43
23 28 22 44
23 35 24 27
23 35 25 28
23 35 26 29
23 35 27 30
23 35 28 31
23 35 29 32
23 35 30 33
23 35 31 34
23 35 1 57
23 35 2 58
23 35 3 59
23 35 4 60
23 35 5 61
23 35 6 62
23 35 7 63
23 35 8 64
23 45 24 29
23 45 25 30
23 45 26 31
23 45 27 32
23 45 28 33
23 45 29 34
23 45 30 35
23 45 31 36
23 45 32 37
23 45 33 38
23 45 34 39
23 45 35 40
23 45 36 41
23 45 37 42
23 45 38 43
23 45 39 44
24 27 16 28
24 27 17 29
24 27 18 30
24 27 19 31
24 27 20 32
24 27 21 33
24 27 22 34
24 27 23 35
24 29 8 30
24 29 9 31
24 29 10 32
24 29 11 33
24 29 12 34
24 29 13 35
24 29 14 36
24 29 15 37
24 29 16 38
24 29 17 39
24 29 18 40
24 29 19 41
24 29 20 42
24 29 21 43
24 29 22 44
24 29 23 45
24 36 25 28
24 36 26 29
24 36 27 30
24 36 28 31
24 36 29 32
24 36 30 33
24 36 31 34
24 36 32 35
24 36 1 57
24 36 2 58
24 36 3 59
24 36 4 60
24 36 5 61
24 36 6 62
24 36 7 63
24 36 8 64
24 46 25 30
24 46 26 31
24 46 27 32
24 46 28 33
24 46 29 34
24 46 30 35
24 46 31 36
24 46 32 37
24 46 33 38
24 46 34 39
24 46 35 40
24 46 36 41
24 46 37 42
24 46 38 43
24 46 39 44
24 46 40 45
25 28 17 29
25 28 18 30
25 28 19 31
25 28 20 32
25 28 21 33
25 28 22 34
25 28 23 35
25 28 24 36
25 30 9 31
25 30 10 32
25 30 11 33
25 30 12 34
25 30 13 35
25 30 14 36
25 30 15 37
25 30 16 38
25 30 17 39
25 30 18 40
25 30 19 41
25 30 20 42
25 30 21 43
25 30 22 44
25 30 23 45
25 30 24 46
25 37 26 29
25 37 27 30
25 37 28 31
25 37 29 32
25 37 30 33
25 37 31 34
25 37 32 35
25 37 33 36
25 37 1 57
25 37 2 58
25 37 3 59
25 37 4 60
25 37 5 61
25 37 6 62
25 37 7 63
25 37 8 64
25 47 26 31
25 47 27 32
25 47 28 33
25 47 29 34
25 47 30 35
25 47 31 36
25 47 32 37
25 47 33 38
25 47 34 39
25 47 35 40
25 47 36 41
25 47 37 42
25 47 38 43
25 47 39 44
25 47 40 45
25 47 41 46
26 29 18 30
26 29 19 31
26 29 20 32
26 29 21 33
26 29 22 34
26 29 23 35
26 29 24 36
26 29 25 37
26 31 10 32
26 31 11 33
26 31 12 34
26 31 13 35
26 31 14 36
26 31 15 37
26 31 16 38
26 31 17 39
26 31 18 40
26 31 19 41
26 31 20 42
26 31 21 43
26 31 22 44
26 31 23 45
26 31 24 46
26 31 25 47
26 38 27 30
26 38 28 31
26 38 29 32
26 38 30 33
26 38 31 34
26 38 32 35
26 38 33 36
26 38 34 37
26 38 1 57
26 38 2 58
26 38 3 59
26 38 4 60
26 38 5 61
26 38 6 62
26 38 7 63
26 38 8 64
26 48 27 32
26 48 28 33
26 48 29 34
26 48 30 35
26 48 31 36
26 48 32 37
26 48 33 38
26 48 34 39
26 48 35 40
26 48 36 41
26 48 37 42
26 48 38 43
26 48 39 44
26 48 40 45
26 48 41 46
26 48 42 47
27 30 19 31
27 30 20 32
27 30 21 33
27 30 22 34
27 30 23 35
27 30 24 36
27 30 25 37
27 30 26 38
27 32 11 33
27 32 12 34
27 32 13 35
27 32 14 36
27 32 15 37
27 32 16 38
27 32 17 39
27 32 18 40
27 32 19 41
27 32 20 42
27 32 21 43
27 32 22 44
27 32 23 45
27 32 24 46
27 32 25 47
27 32 26 48
27 39 28 31
27 39 29 32
27 39 30 33
27 39 31 34
27 39 32 35
27 39 33 36
27 39 34 37
27 39 35 38
27 39 1 57
27 39 2 58
27 39 3 59
27 39 4 60
27 39 5 61
27 39 6 62
27 39 7 63
27 39 8 64
27 49 28 33
27 49 29 34
27 49 30 35
27 49 31 36
27 49 32 37
27 49 33 38
27 49 34 39
27 49 35 40
27 49 36 41
27 49 37 42
27 49 38 43
27 49 39 44
27 49 40 45
27 49 41 46
27 49 42 47
27 49 43 48
28 31 20 32
28 31 21 33
28 31 22 34
28 31 23 35
28 31 24 36
28 31 25 37
28 31 26 38
28 31 27 39
28 33 12 34
28 33 13 35
28 33 14 36
28 33 15 37
28 33 16 38
28 33 17 39
28 33 18 40
28 33 19 41
28 33 20 42
28 33 21 43
28 33 22 44
28 33 23 45
28 33 24 46
28 33 25 47
28 33 26 48
28 33 27 49
28 40 29 32
28 40 30 33
28 40 31 34
28 40 32 35
28 40 33 36
28 40 34 37
28 40 35 38
28 40 36 39
28 40 1 57
28 40 2 58
28 40 3 59
28 40 4 60
28 40 5 61
28 40 6 62
28 40 7 63
28 40 8 64
28 50 29 34
28 50 30 35
28 50 31 36
28 50 32 37
28 50 33 38
28 50 34 39
28 50 35 40
28 50 36 41
28 50 37 42
28 50 38 43
28 50 39 44
28 50 40 45
28 50 41 46
28 50 42 47
28 50 43 48
28 50 44 49
29 32 21 33
29 32 22 34
29 32 23 35
29 32 24 36
29 32 25 37
29 32 26 38
29 32 27 39
29 32 28 40
29 34 13 35
29 34 14 36
29 34 15 37
29 34 16 38
29 34 17 39
29 34 18 40
29 34 19 41
29 34 20 42
29 34 21 43
29 34 22 44
29 34 23 45
29 34 24 46
29 34 25 47
29 34 26 48
29 34 27 49
29 34 28 50
29 41 30 33
29 41 31 34
29 41 32 35
29 41 33 36
29 41 34 37
29 41 35 38
29 41 36 39
29 41 37 40
29 41 1 57
29 41 2 58
29 41 3 59
29 41 4 60
29 41 5 61
29 41 6 62
29 41 7 63
29 41 8 64
29 51 30 35
29 51 31 36
29 51 32 37
29 51 33 38
29 51 34 39
29 51 35 40
29 51 36 41
29 51 37 42
29 51 38 43
29 51 39 44
29 51 40 45
29 51 41 46
29 51 42 47
29 51 43 48
29 51 44 49
29 51 45 50
30 33 22 34
30 33 23 35
30 33 24 36
30 33 25 37
30 33 26 38
30 33 27 39
30 33 28 40
30 33 29 41
30 35 14 36
30 35 15 37
30 35 16 38
30 35 17 39
30 35 18 40
30 35 19 41
30 35 20 42
30 35 21 43
30 35 22 44
30 35 23 45
30 35 24 46
30 35 25 47
30 35 26 48
30 35 27 49
30 35 28 50
30 35 29 51
30 42 31 34
30 42 32 35
30 42 33 36
30 42 34 37
30 42 35 38
30 42 36 39
30 42 37 40
30 42 38 41
30 42 1 57
30 42 2 58
30 42 3 59
30 42 4 60
30 42 5 61
30 42 6 62
30 42 7 63
30 42 8 64
30 52 31 36
30 52 32 37
30 52 33 38
30 52 34 39
30 52 35 40
30 52 36 41
30 52 37 42
30 52 38 43
30 52 39 44
30 52 40 45
30 52 41 46
30 52 42 47
30 52 43 48
30 52 44 49
30 52 45 50
30 52 46 51
31 34 23 35
31 34 24 36
31 34 25 37
31 34 26 38
31 34 27 39
31 34 28 40
31 34 29 41
31 34 30 42
31 36 15 37
31 36 16 38
31 36 17 39
31 36 18 40
31 36 19 41
31 36 20 42
31 36 21 43
31 36 22 44
31 36 23 45
31 36 24 46
31 36 25 47
31 36 26 48
31 36 27 49
31 36 28 50
31 36 29 51
31 36 30 52
31 43 32 35
31 43 33 36
31 43 34 37
31 43 35 38
31 43 36 39
31 43 37 40
31 43 38 41
31 43 39 42
31 43 1 57
31 43 2 58
31 43 3 59
31 43 4 60
31 43 5 61
31 43 6 62
31 43 7 63
31 43 8 64
31 53 32 37
31 53 33 38
31 53 34 39
31 53 35 40
31 53 36 41
31 53 37 42
31 53 38 43
31 53 39 44
31 53 40 45
31 53 41 46
31 53 42 47
31 53 43 48
31 53 44 49
31 53 45 50
31 53 46 51
31 53 47 52
32 35 24 36
32 35 25 37
32 35 26 38
32 35 27 39
32 35 28 40
32 35 29 41
32 35 30 42
32 35 31 43
32 37 16 38
32 37 17 39
32 37 18 40
32 37 19 41
32 37 20 42
32 37 21 43
32 37 22 44
32 37 23 45
32 37 24 46
32 37 25 47
32 37 26 48
32 37 27 49
32 37 28 50
32 37 29 51
32 37 30 52
32 37 31 53
32 44 33 36
32 44 34 37
32 44 35 38
32 44 36 39
32 44 37 40
32 44 38 41
32 44 39 42
32 44 40 43
32 44 1 57
32 44 2 58
32 44 3 59
32 44 4 60
32 44 5 61
32 44 6 62
32 44 7 63
32 44 8 64
32 54 33 38
32 54 34 39
32 54 35 40
32 54 36 41
32 54 37 42
32 54 38 43
32 54 39 44
32 54 40 45
32 54 41 46
32 54 42 47
32 54 43 48
32 54 44 49
32 54 45 50
32 54 46 51
32 54 47 52
32 54 48 53
33 36 25 37
33 36 26 38
33 36 27 39
33 36 28 40
33 36 29 41
33 36 30 42
33 36 31 43
33 36 32 44
33 38 17 39
33 38 18 40
33 38 19 41
33 38 20 42
33 38 21 43
33 38 22 44
33 38 23 45
33 38 24 46
33 38 25 47
33 38 26 48
33 38 27 49
33 38 28 50
33 38 29 51
33 38 30 52
33 38 31 53
33 38 32 54
33 45 34 37
33 45 35 38
33 45 36 39
33 45 37 40
33 45 38 41
33 45 39 42
33 45 40 43
33 45 41 44
33 45 1 57
33 45 2 58
33 45 3 59
33 45 4 60
33 45 5 61
33 45 6 62
33 45 7 63
33 45 8 64
33 55 34 39
33 55 35 40
33 55 36 41
33 55 37 42
33 55 38 43
33 55 39 44
33 55 40 45
33 55 41 46
33 55 42 47
33 55 43 48
33 55 44 49
33 55 45 50
33 55 46 51
33 55 47 52
33 55 48 53
33 55 49 54
34 37 26 38
34 37 27 39
34 37 28 40
34 37 29 41
34 37 30 42
34 37 31 43
34 37 32 44
34 37 33 45
34 39 18 40
34 39 19 41
34 39 20 42
34 39 21 43
34 39 22 44
34 39 23 45
34 39 24 46
34 39 25 47
34 39 26 48
34 39 27 49
34 39 28 50
34 39 29 51
34 39 30 52
34 39 31 53
34 39 32 54
34 39 33 55
34 46 35 38
34 46 36 39
34 46 37 40
34 46 38 41
34 46 39 42
34 46 40 43
34 46 41 44
34 46 42 45
34 46 1 57
34 46 2 58
34 46 3 59
34 46 4 60
34 46 5 61
34 46 6 62
34 46 7 63
34 46 8 64
34 56 35 40
34 56 36 41
34 56 37 42
34 56 38 43
34 56 39 44
34 56 40 45
34 56 41 46
34 56 42 47
34 56 43 48
34 56 44 49
34 56 45 50
34 56 46 51
34 56 47 52
34 56 48 53
34 56 49 54
34 56 50 55
35 38 27 39
35 38 28 40
35 38 29 41
35 38 30 42
35 38 31 43
35 38 32 44
35 38 33 45
35 38 34 46
35 40 19 41
35 40 20 42
35 40 21 43
35 40 22 44
35 40 23 45
35 40 24 46
35 40 25 47
35 40 26 48
35 40 27 49
35 40 28 50
35 40 29 51
35 40 30 52
35 40 31 53
35 40 32 54
35 40 33 55
35 40 34 56
35 47 36 39
35 47 37 40
35 47 38 41
35 47 39 42
35 47 40 43
35 47 41 44
35 47 42 45
35 47 43 46
35 47 1 57
35 47 2 58
35 47 3 59
35 47 4 60
35 47 5 61
35 47 6 62
35 47 7 63
35 47 8 64
35 57 36 41
35 57 37 42
35 57 38 43
35 57 39 44
35 57 40 45
35 57 41 46
35 57 42 47
35 57 43 48
35 57 44 49
35 57 45 50
35 57 46 51
35 57 47 52
35 57 48 53
35 57 49 54
35 57 50 55
35 57 51 56
36 39 28 40
36 39 29 41
36 39 30 42
36 39 31 43
36 39 32 44
36 39 33 45
36 39 34 46
36 39 35 47
36 41 20 42
36 41 21 43
36 41 22 44
36 41 23 45
36 41 24 46
36 41 25 47
36 41 26 48
36 41 27 49
36 41 28 50
36 41 29 51
36 41 30 52
36 41 31 53
36 41 32 54
36 41 33 55
36 41 34 56
36 41 35 57
36 48 37 40
36 48 38 41
36 48 39 42
36 48 40 43
36 48 41 44
36 48 42 45
36 48 43 46
36 48 44 47
36 48 1 57
36 48 2 58
36 48 3 59
36 48 4 60
36 48 5 61
36 48 6 62
36 48 7 63
36 48 8 64
36 58 37 42
36 58 38 43
36 58 39 44
36 58 40 45
36 58 41 46
36 58 42 47
36 58 43 48
36 58 44 49
36 58 45 50
36 58 46 51
36 58 47 52
36 58 48 53
36 58 49 54
36 58 50 55
36 58 51 56
36 58 52 57
37 40 29 41
37 40 30 42
37 40 31 43
37 40 32 44
37 40 33 45
37 40 34 46
37 40 35 47
37 40 36 48
37 42 21 43
37 42 22 44
37 42 23 45
37 42 24 46
37 42 25 47
37 42 26 48
37 42 27 49
37 42 28 50
37 42 29 51
37 42 30 52
37 42 31 53
37 42 32 54
37 42 33 55
37 42 34 56
37 42 35 57
37 42 36 58
37 49 38 41
37 49 39 42
37 49 40 43
37 49 41 44
37 49 42 45
37 49 43 46
37 49 44 47
37 49 45 48
37 49 1 57
37 49 2 58
37 49 3 59
37 49 4 60
37 49 5 61
37 49 6 62
37 49 7 63
37 49 8 64
37 59 38 43
37 59 39 44
37 59 40 45
37 59 41 46
37 59 42 47
37 59 43 48
37 59 44 49
37 59 45 50
37 59 46 51
37 59 47 52
37 59 48 53
37 59 49 54
37 59 50 55
37 59 51 56
37 59 52 57
37 59 53 58
38 41 30 42
38 41 31 43
38 41 32 44
38 41 33 45
38 41 34 46
38 41 35 47
38 41 36 48
38 41 37 49
38 43 22 44
38 43 23 45
38 43 24 46
38 43 25 47
38 43 26 48
38 43 27 49
38 43 28 50
38 43 29 51
38 43 30 52
38 43 31 53
38 43 32 54
38 43 33 55
38 43 34 56
38 43 35 57
38 43 36 58
38 43 37 59
38 50 39 42
38 50 40 43
38 50 41 44
38 50 42 45
38 50 43 46
38 50 44 47
38 50 45 48
38 50 46 49
38 50 1 57
38 50 2 58
38 50 3 59
38 50 4 60
38 50 5 61
38 50 6 62
38 50 7 63
38 50 8 64
38 60 39 44
38 60 40 45
38 60 41 46
38 60 42 47
38 60 43 48
38 60 44 49
38 60 45 50
38 60 46 51
38 60 47 52
38 60 48 53
38 60 49 54
38 60 50 55
38 60 51 56
38 60 52 57
38 60 53 58
38 60 54 59
39 42 31 43
39 42 32 44
39 42 33 45
39 42 34 46
39 42 35 47
39 42 36 48
39 42 37 49
39 42 38 50
39 44 23 45
39 44 24 46
39 44 25 47
39 44 26 48
39 44 27 49
39 44 28 50
39 44 29 51
39 44 30 52
39 44 31 53
39 44 32 54
39 44 33 55
39 44 34 56
39 44 35 57
39 44 36 58
39 44 37 59
39 44 38 60
39 51 40 43
39 51 41 44
39 51 42 45
39 51 43 46
39 51 44 47
39 51 45 48
39 51 46 49
39 51 47 50
39 51 1 57
39 51 2 58
39 51 3 59
39 51 4 60
39 51 5 61
39 51 6 62
39 51 7 63
39 51 8 64
39 61 40 45
39 61 41 46
39 61 42 47
39 61 43 48
39 61 44 49
39 61 45 50
39 61 46 51
39 61 47 52
39 61 48 53
39 61 49 54
39 61 50 55
39 61 51 56
39 61 52 57
39 61 53 58
39 61 54 59
39 61 55 60
40 43 32 44
40 43 33 45
40 43 34 46
40 43 35 47
40 43 36 48
40 43 37 49
40 43 38 50
40 43 39 51
40 45 24 46
40 45 25 47
40 45 26 48
40 45 27 49
40 45 28 50
40 45 29 51
40 45 30 52
40 45 31 53
40 45 32 54
40 45 33 55
40 45 34 56
40 45 35 57
40 45 36 58
40 45 37 59
40 45 38 60
40 45 39 61
40 52 41 44
40 52 42 45
40 52 43 46
40 52 44 47
40 52 45 48
40 52 46 49
40 52 47 50
40 52 48 51
40 52 1 57
40 52 2 58
40 52 3 59
40 52 4 60
40 52 5 61
40 52 6 62
40 52 7 63
40 52 8 64
40 62 41 46
40 62 42 47
40 62 43 48
40 62 44 49
40 62 45 50
40 62 46 51
40 62 47 52
40 62 48 53
40 62 49 54
40 62 50 55
40 62 51 56
40 62 52 57
40 62 53 58
40 62 54 59
40 62 55 60
40 62 56 61
41 44 33 45
41 44 34 46
41 44 35 47
41 44 36 48
41 44 37 49
41 44 38 50
41 44 39 51
41 44 40 52
41 46 25 47
41 46 26 48
41 46 27 49
41 46 28 50
41 46 29 51
41 46 30 52
41 46 31 53
41 46 32 54
41 46 33 55
41 46 34 56
41 46 35 57
41 46 36 58
41 46 37 59
41 46 38 60
41 46 39 61
41 46 40 62
41 53 42 45
41 53 43 46
41 53 44 47
41 53 45 48
41 53 46 49
41 53 47 50
41 53 48 51
41 53 49 52
41 53 1 57
41 53 2 58
41 53 3 59
41 53 4 60
41 53 5 61
41 53 6 62
41 53 7 63
41 53 8 64
41 63 42 47
41 63 43 48
41 63 44 49
41 63 45 50
41 63 46 51
41 63 47 52
41 63 48 53
41 63 49 54
41 63 50 55
41 63 51 56
41 63 52 57
41 63 53 58
41 63 54 59
41 63 55 60
41 63 56 61
41 63 57 62
42 45 34 46
42 45 35 47
42 45 36 48
42 45 37 49
42 45 38 50
42 45 39 51
42 45 40 52
42 45 41 53
42 47 26 48
42 47 27 49
42 47 28 50
42 47 29 51
42 47 30 52
42 47 31 53
42 47 32 54
42 47 33 55
42 47 34 56
42 47 35 57
42 47 36 58
42 47 37 59
42 47 38 60
42 47 39 61
42 47 40 62
42 47 41 63
42 54 43 46
42 54 44 47
42 54 45 48
42 54 46 49
42 54 47 50
42 54 48 51
42 54 49 52
42 54 50 53
42 54 1 57
42 54 2 58
42 54 3 59
42 54 4 60
42 54 5 61
42 54 6 62
42 54 7 63
42 54 8 64
42 64 43 48
42 64 44 49
42 64 45 50
42 64 46 51
42 64 47 52
42 64 48 53
42 64 49 54
42 64 50 55
42 64 51 56
42 64 52 57
42 64 53 58
42 64 54 59
42 64 55 60
42 64 56 61
42 64 57 62
42 64 58 63
43 46 35 47
43 46 36 48
43 46 37 49
43 46 38 50
43 46 39 51
43 46 40 52
43 46 41 53
43 46 42 54
43 48 27 49
43 48 28 50
43 48 29 51
43 48 30 52
43 48 31 53
43 48 32 54
43 48 33 55
43 48 34 56
43 48 35 57
43 48 36 58
43 48 37 59
43 48 38 60
43 48 39 61
43 48 40 62
43 48 41 63
43 48 42 64
43 55 44 47
43 55 45 48
43 55 46 49
43 55 47 50
43 55 48 51
43 55 49 52
43 55 50 53
43 55 51 54
43 55 2 58
43 55 3 59
43 55 4 60
43 55 5 61
43 55 6 62
43 55 7 63
43 55 8 64
44 47 36 48
44 47 37 49
44 47 38 50
44 47 39 51
44 47 40 52
44 47 41 53
44 47 42 54
44 47 43 55
44 49 28 50
44 49 29 51
44 49 30 52
44 49 31 53
44 49 32 54
44 49 33 55
44 49 34 56
44 49 35 57
44 49 36 58
44 49 37 59
44 49 38 60
44 49 39 61
44 49 40 62
44 49 41 63
44 49 42 64
44 56 45 48
44 56 46 49
44 56 47 50
44 56 48 51
44 56 49 52
44 56 50 53
44 56 51 54
44 56 52 55
44 56 3 59
44 56 4 60
44 56 5 61
44 56 6 62
44 56 7 63
44 56 8 64
45 48 37 49
45 48 38 50
45 48 39 51
45 48 40 52
45 48 41 53
45 48 42 54
45 48 43 55
45 48 44 56
45 50 29 51
45 50 30 52
45 50 31 53
45 50 32 54
45 50 33 55
45 50 34 56
45 50 35 57
45 50 36 58
45 50 37 59
45 50 38 60
45 50 39 61
45 50 40 62
45 50 41 63
45 50 42 64
45 57 46 49
45 57 47 50
45 57 48 51
45 57 49 52
45 57 50 53
45 57 51 54
45 57 52 55
45 57 53 56
45 57 4 60
45 57 5 61
45 57 6 62
45 57 7 63
45 57 8 64
46 49 38 50
46 49 39 51
46 49 40 52
46 49 41 53
46 49 42 54
46 49 43 55
46 49 44 56
46 49 45 57
46 51 30 52
46 51 31 53
46 51 32 54
46 51 33 55
46 51 34 56
46 51 35 57
46 51 36 58
46 51 37 59
46 51 38 60
46 51 39 61
46 51 40 62
46 51 41 63
46 51 42 64
46 58 47 50
46 58 48 51
46 58 49 52
46 58 50 53
46 58 51 54
46 58 52 55
46 58 53 56
46 58 54 57
46 58 5 61
46 58 6 62
46 58 7 63
46 58 8 64
47 50 39 51
47 50 40 52
47 50 41 53
47 50 42 54
47 50 43 55
47 50 44 56
47 50 45 57
47 50 46 58
47 52 31 53
47 52 32 54
47 52 33 55
47 52 34 56
47 52 35 57
47 52 36 58
47 52 37 59
47 52 38 60
47 52 39 61
47 52 40 62
47 52 41 63
47 52 42 64
47 59 48 51
47 59 49 52
47 59 50 53
47 59 51 54
47 59 52 55
47 59 53 56
47 59 54 57
47 59 55 58
47 59 6 62
47 59 7 63
47 59 8 64
48 51 40 52
48 51 41 53
48 51 42 54
48 51 43 55
48 51 44 56
48 51 45 57
48 51 46 58
48 51 47 59
48 53 32 54
48 53 33 55
48 53 34 56
48 53 35 57
48 53 36 58
48 53 37 59
48 53 38 60
48 53 39 61
48 53 40 62
48 53 41 63
48 53 42 64
48 60 49 52
48 60 50 53
48 60 51 54
48 60 52 55
48 60 53 56
48 60 54 57
48 60 55 58
48 60 56 59
48 60 7 63
48 60 8 64
49 52 41 53
49 52 42 54
49 52 43 55
49 52 44 56
49 52 45 57
49 52 46 58
49 52 47 59
49 52 48 60
49 54 33 55
49 54 34 56
49 54 35 57
49 54 36 58
49 54 37 59
49 54 38 60
49 54 39 61
49 54 40 62
49 54 41 63
49 54 42 64
49 61 50 53
49 61 51 54
49 61 52 55
49 61 53 56
49 61 54 57
49 61 55 58
49 61 56 59
49 61 57 60
49 61 8 64
50 53 42 54
50 53 43 55
50 53 44 56
50 53 45 57
50 53 46 58
50 53 47 59
50 53 48 60
50 53 49 61
50 55 34 56
50 55 35 57
50 55 36 58
50 55 37 59
50 55 38 60
50 55 39 61
50 55 40 62
50 55 41 63
50 55 42 64
50 62 51 54
50 62 52 55
50 62 53 56
50 62 54 57
50 62 55 58
50 62 56 59
50 62 57 60
50 62 58 61
51 54 43 55
51 54 44 56
51 54 45 57
51 54 46 58
51 54 47 59
51 54 48 60
51 54 49 61
51 54 50 62
51 56 35 57
51 56 36 58
51 56 37 59
51 56 38 60
51 56 39 61
51 56 40 62
51 56 41 63
51 56 42 64
51 63 52 55
51 63 53 56
51 63 54 57
51 63 55 58
51 63 56 59
51 63 57 60
51 63 58 61
51 63 59 62
52 55 44 56
52 55 45 57
52 55 46 58
52 55 47 59
52 55 48 60
52 55 49 61
52 55 50 62
52 55 51 63
52 57 36 58
52 57 37 59
52 57 38 60
52 57 39 61
52 57 40 62
52 57 41 63
52 57 42 64
52 64 53 56
52 64 54 57
52 64 55 58
52 64 56 59
52 64 57 60
52 64 58 61
52 64 59 62
52 64 60 63
53 56 45 57
53 56 46 58
53 56 47 59
53 56 48 60
53 56 49 61
53 56 50 62
53 56 51 63
53 56 52 64
53 58 37 59
53 58 38 60
53 58 39 61
53 58 40 62
53 58 41 63
53 58 42 64
54 57 46 58
54 57 47 59
54 57 48 60
54 57 49 61
54 57 50 62
54 57 51 63
54 57 52 64
54 59 38 60
54 59 39 61
54 59 40 62
54 59 41 63
54 59 42 64
55 58 47 59
55 58 48 60
55 58 49 61
55 58 50 62
55 58 51 63
55 58 52 64
55 60 39 61
55 60 40 62
55 60 41 63
55 60 42 64
56 59 48 60
56 59 49 61
56 59 50 62
56 59 51 63
56 59 52 64
56 61 40 62
56 61 41 63
56 61 42 64
57 60 49 61
57 60 50 62
57 60 51 63
57 60 52 64
57 62 41 63
57 62 42 64
58 61 50 62
58 61 51 63
58 61 52 64
58 63 42 64
59 62 51 63
59 62 52 64
60 63 52 64
