1 1 1 1 13 1 2 1 5
2 1 1 1 13 1 3 1 6
3 1 1 1 13 1 4 1 7
4 1 1 1 13 1 5 1 8
5 1 1 1 13 1 6 1 9
6 1 1 1 13 1 7 1 10
7 1 1 1 13 1 8 1 11
8 1 1 1 13 1 9 1 12
9 1 1 1 23 1 2 1 7
10 1 1 1 23 1 3 1 8
11 1 1 1 23 1 4 1 9
12 1 1 1 23 1 5 1 10
13 1 1 1 23 1 6 1 11
14 1 1 1 23 1 7 1 12
15 1 1 1 23 1 8 1 13
16 1 1 1 23 1 9 1 14
17 1 1 1 23 1 10 1 15
18 1 1 1 23 1 11 1 16
19 1 1 1 23 1 12 1 17
20 1 1 1 23 1 13 1 18
21 1 1 1 23 1 14 1 19
22 1 1 1 23 1 15 1 20
23 1 1 1 23 1 16 1 21
24 1 1 1 23 1 17 1 22
25 1 1 1 57 1 4 1 16
26 1 1 1 57 1 5 1 17
27 1 1 1 57 1 6 1 18
28 1 1 1 57 1 7 1 19
29 1 1 1 57 1 8 1 20
30 1 1 1 57 1 9 1 21
31 1 1 1 57 1 10 1 22
32 1 1 1 57 1 11 1 23
33 1 1 1 57 1 12 1 24
34 1 1 1 57 1 13 1 25
35 1 1 1 57 1 14 1 26
36 1 1 1 57 1 15 1 27
37 1 1 1 57 1 16 1 28
38 1 1 1 57 1 17 1 29
39 1 1 1 57 1 18 1 30
40 1 1 1 57 1 19 1 31
41 1 1 1 57 1 20 1 32
42 1 1 1 57 1 21 1 33
43 1 1 1 57 1 22 1 34
44 1 1 1 57 1 23 1 35
45 1 1 1 57 1 24 1 36
46 1 1 1 57 1 25 1 37
47 1 1 1 57 1 26 1 38
48 1 1 1 57 1 27 1 39
49 1 1 1 57 1 28 1 40
50 1 1 1 57 1 29 1 41
51 1 1 1 57 1 30 1 42
52 1 1 1 57 1 31 1 43
53 1 1 1 57 1 32 1 44
54 1 1 1 57 1 33 1 45
55 1 1 1 57 1 34 1 46
56 1 1 1 57 1 35 1 47
57 1 1 1 57 1 36 1 48
58 1 1 1 57 1 37 1 49
59 1 1 1 57 1 38 1 50
60 1 1 1 57 1 39 1 51
61 1 1 1 57 1 40 1 52
62 1 1 1 57 1 41 1 53
63 1 1 1 57 1 42 1 54
64 1 2 1 5 1 1 1 13
65 1 2 1 7 1 1 1 23
66 1 2 1 14 1 3 1 6
67 1 2 1 14 1 4 1 7
68 1 2 1 14 1 5 1 8
69 1 2 1 14 1 6 1 9
70 1 2 1 14 1 7 1 10
71 1 2 1 14 1 8 1 11
72 1 2 1 14 1 9 1 12
73 1 2 1 14 1 10 1 13
74 1 2 1 24 1 3 1 8
75 1 2 1 24 1 4 1 9
76 1 2 1 24 1 5 1 10
77 1 2 1 24 1 6 1 11
78 1 2 1 24 1 7 1 12
79 1 2 1 24 1 8 1 13
80 1 2 1 24 1 9 1 14
81 1 2 1 24 1 10 1 15
82 1 2 1 24 1 11 1 16
83 1 2 1 24 1 12 1 17
84 1 2 1 24 1 13 1 18
85 1 2 1 24 1 14 1 19
86 1 2 1 24 1 15 1 20
87 1 2 1 24 1 16 1 21
88 1 2 1 24 1 17 1 22
89 1 2 1 24 1 18 1 23
90 1 2 1 58 1 5 1 17
91 1 2 1 58 1 6 1 18
92 1 2 1 58 1 7 1 19
93 1 2 1 58 1 8 1 20
94 1 2 1 58 1 9 1 21
95 1 2 1 58 1 10 1 22
96 1 2 1 58 1 11 1 23
97 1 2 1 58 1 12 1 24
98 1 2 1 58 1 13 1 25
99 1 2 1 58 1 14 1 26
100 1 2 1 58 1 15 1 27
101 1 2 1 58 1 16 1 28
102 1 2 1 58 1 17 1 29
103 1 2 1 58 1 18 1 30
104 1 2 1 58 1 19 1 31
105 1 2 1 58 1 20 1 32
106 1 2 1 58 1 21 1 33
107 1 2 1 58 1 22 1 34
108 1 2 1 58 1 23 1 35
109 1 2 1 58 1 24 1 36
110 1 2 1 58 1 25 1 37
111 1 2 1 58 1 26 1 38
112 1 2 1 58 1 27 1 39
113 1 2 1 58 1 28 1 40
114 1 2 1 58 1 29 1 41
115 1 2 1 58 1 30 1 42
116 1 2 1 58 1 31 1 43
117 1 2 1 58 1 32 1 44
118 1 2 1 58 1 33 1 45
119 1 2 1 58 1 34 1 46
120 1 2 1 58 1 35 1 47
121 1 2 1 58 1 36 1 48
122 1 2 1 58 1 37 1 49
123 1 2 1 58 1 38 1 50
124 1 2 1 58 1 39 1 51
125 1 2 1 58 1 40 1 52
126 1 2 1 58 1 41 1 53
127 1 2 1 58 1 42 1 54
128 1 2 1 58 1 43 1 55
129 1 3 1 6 1 1 1 13
130 1 3 1 6 1 2 1 14
131 1 3 1 8 1 1 1 23
132 1 3 1 8 1 2 1 24
133 1 3 1 15 1 4 1 7
134 1 3 1 15 1 5 1 8
135 1 3 1 15 1 6 1 9
136 1 3 1 15 1 7 1 10
137 1 3 1 15 1 8 1 11
138 1 3 1 15 1 9 1 12
139 1 3 1 15 1 10 1 13
140 1 3 1 15 1 11 1 14
141 1 3 1 25 1 4 1 9
142 1 3 1 25 1 5 1 10
143 1 3 1 25 1 6 1 11
144 1 3 1 25 1 7 1 12
145 1 3 1 25 1 8 1 13
146 1 3 1 25 1 9 1 14
147 1 3 1 25 1 10 1 15
148 1 3 1 25 1 11 1 16
149 1 3 1 25 1 12 1 17
150 1 3 1 25 1 13 1 18
151 1 3 1 25 1 14 1 19
152 1 3 1 25 1 15 1 20
153 1 3 1 25 1 16 1 21
154 1 3 1 25 1 17 1 22
155 1 3 1 25 1 18 1 23
156 1 3 1 25 1 19 1 24
157 1 3 1 59 1 6 1 18
158 1 3 1 59 1 7 1 19
159 1 3 1 59 1 8 1 20
160 1 3 1 59 1 9 1 21
161 1 3 1 59 1 10 1 22
162 1 3 1 59 1 11 1 23
163 1 3 1 59 1 12 1 24
164 1 3 1 59 1 13 1 25
165 1 3 1 59 1 14 1 26
166 1 3 1 59 1 15 1 27
167 1 3 1 59 1 16 1 28
168 1 3 1 59 1 17 1 29
169 1 3 1 59 1 18 1 30
170 1 3 1 59 1 19 1 31
171 1 3 1 59 1 20 1 32
172 1 3 1 59 1 21 1 33
173 1 3 1 59 1 22 1 34
174 1 3 1 59 1 23 1 35
175 1 3 1 59 1 24 1 36
176 1 3 1 59 1 25 1 37
177 1 3 1 59 1 26 1 38
178 1 3 1 59 1 27 1 39
179 1 3 1 59 1 28 1 40
180 1 3 1 59 1 29 1 41
181 1 3 1 59 1 30 1 42
182 1 3 1 59 1 31 1 43
183 1 3 1 59 1 32 1 44
184 1 3 1 59 1 33 1 45
185 1 3 1 59 1 34 1 46
186 1 3 1 59 1 35 1 47
187 1 3 1 59 1 36 1 48
188 1 3 1 59 1 37 1 49
189 1 3 1 59 1 38 1 50
190 1 3 1 59 1 39 1 51
191 1 3 1 59 1 40 1 52
192 1 3 1 59 1 41 1 53
193 1 3 1 59 1 42 1 54
194 1 3 1 59 1 43 1 55
195 1 3 1 59 1 44 1 56
196 1 4 1 7 1 1 1 13
197 1 4 1 7 1 2 1 14
198 1 4 1 7 1 3 1 15
199 1 4 1 9 1 1 1 23
200 1 4 1 9 1 2 1 24
201 1 4 1 9 1 3 1 25
202 1 4 1 16 1 5 1 8
203 1 4 1 16 1 6 1 9
204 1 4 1 16 1 7 1 10
205 1 4 1 16 1 8 1 11
206 1 4 1 16 1 9 1 12
207 1 4 1 16 1 10 1 13
208 1 4 1 16 1 11 1 14
209 1 4 1 16 1 12 1 15
210 1 4 1 16 1 1 1 57
211 1 4 1 26 1 5 1 10
212 1 4 1 26 1 6 1 11
213 1 4 1 26 1 7 1 12
214 1 4 1 26 1 8 1 13
215 1 4 1 26 1 9 1 14
216 1 4 1 26 1 10 1 15
217 1 4 1 26 1 11 1 16
218 1 4 1 26 1 12 1 17
219 1 4 1 26 1 13 1 18
220 1 4 1 26 1 14 1 19
221 1 4 1 26 1 15 1 20
222 1 4 1 26 1 16 1 21
223 1 4 1 26 1 17 1 22
224 1 4 1 26 1 18 1 23
225 1 4 1 26 1 19 1 24
226 1 4 1 26 1 20 1 25
227 1 4 1 60 1 7 1 19
228 1 4 1 60 1 8 1 20
229 1 4 1 60 1 9 1 21
230 1 4 1 60 1 10 1 22
231 1 4 1 60 1 11 1 23
232 1 4 1 60 1 12 1 24
233 1 4 1 60 1 13 1 25
234 1 4 1 60 1 14 1 26
235 1 4 1 60 1 15 1 27
236 1 4 1 60 1 16 1 28
237 1 4 1 60 1 17 1 29
238 1 4 1 60 1 18 1 30
239 1 4 1 60 1 19 1 31
240 1 4 1 60 1 20 1 32
241 1 4 1 60 1 21 1 33
242 1 4 1 60 1 22 1 34
243 1 4 1 60 1 23 1 35
244 1 4 1 60 1 24 1 36
245 1 4 1 60 1 25 1 37
246 1 4 1 60 1 26 1 38
247 1 4 1 60 1 27 1 39
248 1 4 1 60 1 28 1 40
249 1 4 1 60 1 29 1 41
250 1 4 1 60 1 30 1 42
251 1 4 1 60 1 31 1 43
252 1 4 1 60 1 32 1 44
253 1 4 1 60 1 33 1 45
254 1 4 1 60 1 34 1 46
255 1 4 1 60 1 35 1 47
256 1 4 1 60 1 36 1 48
257 1 4 1 60 1 37 1 49
258 1 4 1 60 1 38 1 50
259 1 4 1 60 1 39 1 51
260 1 4 1 60 1 40 1 52
261 1 4 1 60 1 41 1 53
262 1 4 1 60 1 42 1 54
263 1 4 1 60 1 43 1 55
264 1 4 1 60 1 44 1 56
265 1 4 1 60 1 45 1 57
266 1 5 1 8 1 1 1 13
267 1 5 1 8 1 2 1 14
268 1 5 1 8 1 3 1 15
269 1 5 1 8 1 4 1 16
270 1 5 1 10 1 1 1 23
271 1 5 1 10 1 2 1 24
272 1 5 1 10 1 3 1 25
273 1 5 1 10 1 4 1 26
274 1 5 1 17 1 6 1 9
275 1 5 1 17 1 7 1 10
276 1 5 1 17 1 8 1 11
277 1 5 1 17 1 9 1 12
278 1 5 1 17 1 10 1 13
279 1 5 1 17 1 11 1 14
280 1 5 1 17 1 12 1 15
281 1 5 1 17 1 13 1 16
282 1 5 1 17 1 1 1 57
283 1 5 1 17 1 2 1 58
284 1 5 1 27 1 6 1 11
285 1 5 1 27 1 7 1 12
286 1 5 1 27 1 8 1 13
287 1 5 1 27 1 9 1 14
288 1 5 1 27 1 10 1 15
289 1 5 1 27 1 11 1 16
290 1 5 1 27 1 12 1 17
291 1 5 1 27 1 13 1 18
292 1 5 1 27 1 14 1 19
293 1 5 1 27 1 15 1 20
294 1 5 1 27 1 16 1 21
295 1 5 1 27 1 17 1 22
296 1 5 1 27 1 18 1 23
297 1 5 1 27 1 19 1 24
298 1 5 1 27 1 20 1 25
299 1 5 1 27 1 21 1 26
300 1 5 1 61 1 8 1 20
301 1 5 1 61 1 9 1 21
302 1 5 1 61 1 10 1 22
303 1 5 1 61 1 11 1 23
304 1 5 1 61 1 12 1 24
305 1 5 1 61 1 13 1 25
306 1 5 1 61 1 14 1 26
307 1 5 1 61 1 15 1 27
308 1 5 1 61 1 16 1 28
309 1 5 1 61 1 17 1 29
310 1 5 1 61 1 18 1 30
311 1 5 1 61 1 19 1 31
312 1 5 1 61 1 20 1 32
313 1 5 1 61 1 21 1 33
314 1 5 1 61 1 22 1 34
315 1 5 1 61 1 23 1 35
316 1 5 1 61 1 24 1 36
317 1 5 1 61 1 25 1 37
318 1 5 1 61 1 26 1 38
319 1 5 1 61 1 27 1 39
320 1 5 1 61 1 28 1 40
321 1 5 1 61 1 29 1 41
322 1 5 1 61 1 30 1 42
323 1 5 1 61 1 31 1 43
324 1 5 1 61 1 32 1 44
325 1 5 1 61 1 33 1 45
326 1 5 1 61 1 34 1 46
327 1 5 1 61 1 35 1 47
328 1 5 1 61 1 36 1 48
329 1 5 1 61 1 37 1 49
330 1 5 1 61 1 38 1 50
331 1 5 1 61 1 39 1 51
332 1 5 1 61 1 40 1 52
333 1 5 1 61 1 41 1 53
334 1 5 1 61 1 42 1 54
335 1 5 1 61 1 43 1 55
336 1 5 1 61 1 44 1 56
337 1 5 1 61 1 45 1 57
338 1 5 1 61 1 46 1 58
339 1 6 1 9 1 1 1 13
340 1 6 1 9 1 2 1 14
341 1 6 1 9 1 3 1 15
342 1 6 1 9 1 4 1 16
343 1 6 1 9 1 5 1 17
344 1 6 1 11 1 1 1 23
345 1 6 1 11 1 2 1 24
346 1 6 1 11 1 3 1 25
347 1 6 1 11 1 4 1 26
348 1 6 1 11 1 5 1 27
349 1 6 1 18 1 7 1 10
350 1 6 1 18 1 8 1 11
351 1 6 1 18 1 9 1 12
352 1 6 1 18 1 10 1 13
353 1 6 1 18 1 11 1 14
354 1 6 1 18 1 12 1 15
355 1 6 1 18 1 13 1 16
356 1 6 1 18 1 14 1 17
357 1 6 1 18 1 1 1 57
358 1 6 1 18 1 2 1 58
359 1 6 1 18 1 3 1 59
360 1 6 1 28 1 7 1 12
361 1 6 1 28 1 8 1 13
362 1 6 1 28 1 9 1 14
363 1 6 1 28 1 10 1 15
364 1 6 1 28 1 11 1 16
365 1 6 1 28 1 12 1 17
366 1 6 1 28 1 13 1 18
367 1 6 1 28 1 14 1 19
368 1 6 1 28 1 15 1 20
369 1 6 1 28 1 16 1 21
370 1 6 1 28 1 17 1 22
371 1 6 1 28 1 18 1 23
372 1 6 1 28 1 19 1 24
373 1 6 1 28 1 20 1 25
374 1 6 1 28 1 21 1 26
375 1 6 1 28 1 22 1 27
376 1 6 1 62 1 9 1 21
377 1 6 1 62 1 10 1 22
378 1 6 1 62 1 11 1 23
379 1 6 1 62 1 12 1 24
380 1 6 1 62 1 13 1 25
381 1 6 1 62 1 14 1 26
382 1 6 1 62 1 15 1 27
383 1 6 1 62 1 16 1 28
384 1 6 1 62 1 17 1 29
385 1 6 1 62 1 18 1 30
386 1 6 1 62 1 19 1 31
387 1 6 1 62 1 20 1 32
388 1 6 1 62 1 21 1 33
389 1 6 1 62 1 22 1 34
390 1 6 1 62 1 23 1 35
391 1 6 1 62 1 24 1 36
392 1 6 1 62 1 25 1 37
393 1 6 1 62 1 26 1 38
394 1 6 1 62 1 27 1 39
395 1 6 1 62 1 28 1 40
396 1 6 1 62 1 29 1 41
397 1 6 1 62 1 30 1 42
398 1 6 1 62 1 31 1 43
399 1 6 1 62 1 32 1 44
400 1 6 1 62 1 33 1 45
401 1 6 1 62 1 34 1 46
402 1 6 1 62 1 35 1 47
403 1 6 1 62 1 36 1 48
404 1 6 1 62 1 37 1 49
405 1 6 1 62 1 38 1 50
406 1 6 1 62 1 39 1 51
407 1 6 1 62 1 40 1 52
408 1 6 1 62 1 41 1 53
409 1 6 1 62 1 42 1 54
410 1 6 1 62 1 43 1 55
411 1 6 1 62 1 44 1 56
412 1 6 1 62 1 45 1 57
413 1 6 1 62 1 46 1 58
414 1 6 1 62 1 47 1 59
415 1 7 1 10 1 1 1 13
416 1 7 1 10 1 2 1 14
417 1 7 1 10 1 3 1 15
418 1 7 1 10 1 4 1 16
419 1 7 1 10 1 5 1 17
420 1 7 1 10 1 6 1 18
421 1 7 1 12 1 1 1 23
422 1 7 1 12 1 2 1 24
423 1 7 1 12 1 3 1 25
424 1 7 1 12 1 4 1 26
425 1 7 1 12 1 5 1 27
426 1 7 1 12 1 6 1 28
427 1 7 1 19 1 8 1 11
428 1 7 1 19 1 9 1 12
429 1 7 1 19 1 10 1 13
430 1 7 1 19 1 11 1 14
431 1 7 1 19 1 12 1 15
432 1 7 1 19 1 13 1 16
433 1 7 1 19 1 14 1 17
434 1 7 1 19 1 15 1 18
435 1 7 1 19 1 1 1 57
436 1 7 1 19 1 2 1 58
437 1 7 1 19 1 3 1 59
438 1 7 1 19 1 4 1 60
439 1 7 1 29 1 8 1 13
440 1 7 1 29 1 9 1 14
441 1 7 1 29 1 10 1 15
442 1 7 1 29 1 11 1 16
443 1 7 1 29 1 12 1 17
444 1 7 1 29 1 13 1 18
445 1 7 1 29 1 14 1 19
446 1 7 1 29 1 15 1 20
447 1 7 1 29 1 16 1 21
448 1 7 1 29 1 17 1 22
449 1 7 1 29 1 18 1 23
450 1 7 1 29 1 19 1 24
451 1 7 1 29 1 20 1 25
452 1 7 1 29 1 21 1 26
453 1 7 1 29 1 22 1 27
454 1 7 1 29 1 23 1 28
455 1 7 1 63 1 10 1 22
456 1 7 1 63 1 11 1 23
457 1 7 1 63 1 12 1 24
458 1 7 1 63 1 13 1 25
459 1 7 1 63 1 14 1 26
460 1 7 1 63 1 15 1 27
461 1 7 1 63 1 16 1 28
462 1 7 1 63 1 17 1 29
463 1 7 1 63 1 18 1 30
464 1 7 1 63 1 19 1 31
465 1 7 1 63 1 20 1 32
466 1 7 1 63 1 21 1 33
467 1 7 1 63 1 22 1 34
468 1 7 1 63 1 23 1 35
469 1 7 1 63 1 24 1 36
470 1 7 1 63 1 25 1 37
471 1 7 1 63 1 26 1 38
472 1 7 1 63 1 27 1 39
473 1 7 1 63 1 28 1 40
474 1 7 1 63 1 29 1 41
475 1 7 1 63 1 30 1 42
476 1 7 1 63 1 31 1 43
477 1 7 1 63 1 32 1 44
478 1 7 1 63 1 33 1 45
479 1 7 1 63 1 34 1 46
480 1 7 1 63 1 35 1 47
481 1 7 1 63 1 36 1 48
482 1 7 1 63 1 37 1 49
483 1 7 1 63 1 38 1 50
484 1 7 1 63 1 39 1 51
485 1 7 1 63 1 40 1 52
486 1 7 1 63 1 41 1 53
487 1 7 1 63 1 42 1 54
488 1 7 1 63 1 43 1 55
489 1 7 1 63 1 44 1 56
490 1 7 1 63 1 45 1 57
491 1 7 1 63 1 46 1 58
492 1 7 1 63 1 47 1 59
493 1 7 1 63 1 48 1 60
494 1 8 1 11 1 1 1 13
495 1 8 1 11 1 2 1 14
496 1 8 1 11 1 3 1 15
497 1 8 1 11 1 4 1 16
498 1 8 1 11 1 5 1 17
499 1 8 1 11 1 6 1 18
500 1 8 1 11 1 7 1 19
501 1 8 1 13 1 1 1 23
502 1 8 1 13 1 2 1 24
503 1 8 1 13 1 3 1 25
504 1 8 1 13 1 4 1 26
505 1 8 1 13 1 5 1 27
506 1 8 1 13 1 6 1 28
507 1 8 1 13 1 7 1 29
508 1 8 1 20 1 9 1 12
509 1 8 1 20 1 10 1 13
510 1 8 1 20 1 11 1 14
511 1 8 1 20 1 12 1 15
512 1 8 1 20 1 13 1 16
513 1 8 1 20 1 14 1 17
514 1 8 1 20 1 15 1 18
515 1 8 1 20 1 16 1 19
516 1 8 1 20 1 1 1 57
517 1 8 1 20 1 2 1 58
518 1 8 1 20 1 3 1 59
519 1 8 1 20 1 4 1 60
520 1 8 1 20 1 5 1 61
521 1 8 1 30 1 9 1 14
522 1 8 1 30 1 10 1 15
523 1 8 1 30 1 11 1 16
524 1 8 1 30 1 12 1 17
525 1 8 1 30 1 13 1 18
526 1 8 1 30 1 14 1 19
527 1 8 1 30 1 15 1 20
528 1 8 1 30 1 16 1 21
529 1 8 1 30 1 17 1 22
530 1 8 1 30 1 18 1 23
531 1 8 1 30 1 19 1 24
532 1 8 1 30 1 20 1 25
533 1 8 1 30 1 21 1 26
534 1 8 1 30 1 22 1 27
535 1 8 1 30 1 23 1 28
536 1 8 1 30 1 24 1 29
537 1 8 1 64 1 11 1 23
538 1 8 1 64 1 12 1 24
539 1 8 1 64 1 13 1 25
540 1 8 1 64 1 14 1 26
541 1 8 1 64 1 15 1 27
542 1 8 1 64 1 16 1 28
543 1 8 1 64 1 17 1 29
544 1 8 1 64 1 18 1 30
545 1 8 1 64 1 19 1 31
546 1 8 1 64 1 20 1 32
547 1 8 1 64 1 21 1 33
548 1 8 1 64 1 22 1 34
549 1 8 1 64 1 23 1 35
550 1 8 1 64 1 24 1 36
551 1 8 1 64 1 25 1 37
552 1 8 1 64 1 26 1 38
553 1 8 1 64 1 27 1 39
554 1 8 1 64 1 28 1 40
555 1 8 1 64 1 29 1 41
556 1 8 1 64 1 30 1 42
557 1 8 1 64 1 31 1 43
558 1 8 1 64 1 32 1 44
559 1 8 1 64 1 33 1 45
560 1 8 1 64 1 34 1 46
561 1 8 1 64 1 35 1 47
562 1 8 1 64 1 36 1 48
563 1 8 1 64 1 37 1 49
564 1 8 1 64 1 38 1 50
565 1 8 1 64 1 39 1 51
566 1 8 1 64 1 40 1 52
567 1 8 1 64 1 41 1 53
568 1 8 1 64 1 42 1 54
569 1 8 1 64 1 43 1 55
570 1 8 1 64 1 44 1 56
571 1 8 1 64 1 45 1 57
572 1 8 1 64 1 46 1 58
573 1 8 1 64 1 47 1 59
574 1 8 1 64 1 48 1 60
575 1 8 1 64 1 49 1 61
576 1 9 1 12 1 1 1 13
577 1 9 1 12 1 2 1 14
578 1 9 1 12 1 3 1 15
579 1 9 1 12 1 4 1 16
580 1 9 1 12 1 5 1 17
581 1 9 1 12 1 6 1 18
582 1 9 1 12 1 7 1 19
583 1 9 1 12 1 8 1 20
584 1 9 1 14 1 1 1 23
585 1 9 1 14 1 2 1 24
586 1 9 1 14 1 3 1 25
587 1 9 1 14 1 4 1 26
588 1 9 1 14 1 5 1 27
589 1 9 1 14 1 6 1 28
590 1 9 1 14 1 7 1 29
591 1 9 1 14 1 8 1 30
592 1 9 1 21 1 10 1 13
593 1 9 1 21 1 11 1 14
594 1 9 1 21 1 12 1 15
595 1 9 1 21 1 13 1 16
596 1 9 1 21 1 14 1 17
597 1 9 1 21 1 15 1 18
598 1 9 1 21 1 16 1 19
599 1 9 1 21 1 17 1 20
600 1 9 1 21 1 1 1 57
601 1 9 1 21 1 2 1 58
602 1 9 1 21 1 3 1 59
603 1 9 1 21 1 4 1 60
604 1 9 1 21 1 5 1 61
605 1 9 1 21 1 6 1 62
606 1 9 1 31 1 10 1 15
607 1 9 1 31 1 11 1 16
608 1 9 1 31 1 12 1 17
609 1 9 1 31 1 13 1 18
610 1 9 1 31 1 14 1 19
611 1 9 1 31 1 15 1 20
612 1 9 1 31 1 16 1 21
613 1 9 1 31 1 17 1 22
614 1 9 1 31 1 18 1 23
615 1 9 1 31 1 19 1 24
616 1 9 1 31 1 20 1 25
617 1 9 1 31 1 21 1 26
618 1 9 1 31 1 22 1 27
619 1 9 1 31 1 23 1 28
620 1 9 1 31 1 24 1 29
621 1 9 1 31 1 25 1 30
622 1 10 1 13 1 2 1 14
623 1 10 1 13 1 3 1 15
624 1 10 1 13 1 4 1 16
625 1 10 1 13 1 5 1 17
626 1 10 1 13 1 6 1 18
627 1 10 1 13 1 7 1 19
628 1 10 1 13 1 8 1 20
629 1 10 1 13 1 9 1 21
630 1 10 1 15 1 1 1 23
631 1 10 1 15 1 2 1 24
632 1 10 1 15 1 3 1 25
633 1 10 1 15 1 4 1 26
634 1 10 1 15 1 5 1 27
635 1 10 1 15 1 6 1 28
636 1 10 1 15 1 7 1 29
637 1 10 1 15 1 8 1 30
638 1 10 1 15 1 9 1 31
639 1 10 1 22 1 11 1 14
640 1 10 1 22 1 12 1 15
641 1 10 1 22 1 13 1 16
642 1 10 1 22 1 14 1 17
643 1 10 1 22 1 15 1 18
644 1 10 1 22 1 16 1 19
645 1 10 1 22 1 17 1 20
646 1 10 1 22 1 18 1 21
647 1 10 1 22 1 1 1 57
648 1 10 1 22 1 2 1 58
649 1 10 1 22 1 3 1 59
650 1 10 1 22 1 4 1 60
651 1 10 1 22 1 5 1 61
652 1 10 1 22 1 6 1 62
653 1 10 1 22 1 7 1 63
654 1 10 1 32 1 11 1 16
655 1 10 1 32 1 12 1 17
656 1 10 1 32 1 13 1 18
657 1 10 1 32 1 14 1 19
658 1 10 1 32 1 15 1 20
659 1 10 1 32 1 16 1 21
660 1 10 1 32 1 17 1 22
661 1 10 1 32 1 18 1 23
662 1 10 1 32 1 19 1 24
663 1 10 1 32 1 20 1 25
664 1 10 1 32 1 21 1 26
665 1 10 1 32 1 22 1 27
666 1 10 1 32 1 23 1 28
667 1 10 1 32 1 24 1 29
668 1 10 1 32 1 25 1 30
669 1 10 1 32 1 26 1 31
670 1 11 1 14 1 3 1 15
671 1 11 1 14 1 4 1 16
672 1 11 1 14 1 5 1 17
673 1 11 1 14 1 6 1 18
674 1 11 1 14 1 7 1 19
675 1 11 1 14 1 8 1 20
676 1 11 1 14 1 9 1 21
677 1 11 1 14 1 10 1 22
678 1 11 1 16 1 1 1 23
679 1 11 1 16 1 2 1 24
680 1 11 1 16 1 3 1 25
681 1 11 1 16 1 4 1 26
682 1 11 1 16 1 5 1 27
683 1 11 1 16 1 6 1 28
684 1 11 1 16 1 7 1 29
685 1 11 1 16 1 8 1 30
686 1 11 1 16 1 9 1 31
687 1 11 1 16 1 10 1 32
688 1 11 1 23 1 12 1 15
689 1 11 1 23 1 13 1 16
690 1 11 1 23 1 14 1 17
691 1 11 1 23 1 15 1 18
692 1 11 1 23 1 16 1 19
693 1 11 1 23 1 17 1 20
694 1 11 1 23 1 18 1 21
695 1 11 1 23 1 19 1 22
696 1 11 1 23 1 1 1 57
697 1 11 1 23 1 2 1 58
698 1 11 1 23 1 3 1 59
699 1 11 1 23 1 4 1 60
700 1 11 1 23 1 5 1 61
701 1 11 1 23 1 6 1 62
702 1 11 1 23 1 7 1 63
703 1 11 1 23 1 8 1 64
704 1 11 1 33 1 12 1 17
705 1 11 1 33 1 13 1 18
706 1 11 1 33 1 14 1 19
707 1 11 1 33 1 15 1 20
708 1 11 1 33 1 16 1 21
709 1 11 1 33 1 17 1 22
710 1 11 1 33 1 18 1 23
711 1 11 1 33 1 19 1 24
712 1 11 1 33 1 20 1 25
713 1 11 1 33 1 21 1 26
714 1 11 1 33 1 22 1 27
715 1 11 1 33 1 23 1 28
716 1 11 1 33 1 24 1 29
717 1 11 1 33 1 25 1 30
718 1 11 1 33 1 26 1 31
719 1 11 1 33 1 27 1 32
720 1 12 1 15 1 4 1 16
721 1 12 1 15 1 5 1 17
722 1 12 1 15 1 6 1 18
723 1 12 1 15 1 7 1 19
724 1 12 1 15 1 8 1 20
725 1 12 1 15 1 9 1 21
726 1 12 1 15 1 10 1 22
727 1 12 1 15 1 11 1 23
728 1 12 1 17 1 1 1 23
729 1 12 1 17 1 2 1 24
730 1 12 1 17 1 3 1 25
731 1 12 1 17 1 4 1 26
732 1 12 1 17 1 5 1 27
733 1 12 1 17 1 6 1 28
734 1 12 1 17 1 7 1 29
735 1 12 1 17 1 8 1 30
736 1 12 1 17 1 9 1 31
737 1 12 1 17 1 10 1 32
738 1 12 1 17 1 11 1 33
739 1 12 1 24 1 13 1 16
740 1 12 1 24 1 14 1 17
741 1 12 1 24 1 15 1 18
742 1 12 1 24 1 16 1 19
743 1 12 1 24 1 17 1 20
744 1 12 1 24 1 18 1 21
745 1 12 1 24 1 19 1 22
746 1 12 1 24 1 20 1 23
747 1 12 1 24 1 1 1 57
748 1 12 1 24 1 2 1 58
749 1 12 1 24 1 3 1 59
750 1 12 1 24 1 4 1 60
751 1 12 1 24 1 5 1 61
752 1 12 1 24 1 6 1 62
753 1 12 1 24 1 7 1 63
754 1 12 1 24 1 8 1 64
755 1 12 1 34 1 13 1 18
756 1 12 1 34 1 14 1 19
757 1 12 1 34 1 15 1 20
758 1 12 1 34 1 16 1 21
759 1 12 1 34 1 17 1 22
760 1 12 1 34 1 18 1 23
761 1 12 1 34 1 19 1 24
762 1 12 1 34 1 20 1 25
763 1 12 1 34 1 21 1 26
764 1 12 1 34 1 22 1 27
765 1 12 1 34 1 23 1 28
766 1 12 1 34 1 24 1 29
767 1 12 1 34 1 25 1 30
768 1 12 1 34 1 26 1 31
769 1 12 1 34 1 27 1 32
770 1 12 1 34 1 28 1 33
771 1 13 1 16 1 5 1 17
772 1 13 1 16 1 6 1 18
773 1 13 1 16 1 7 1 19
774 1 13 1 16 1 8 1 20
775 1 13 1 16 1 9 1 21
776 1 13 1 16 1 10 1 22
777 1 13 1 16 1 11 1 23
778 1 13 1 16 1 12 1 24
779 1 13 1 18 1 1 1 23
780 1 13 1 18 1 2 1 24
781 1 13 1 18 1 3 1 25
782 1 13 1 18 1 4 1 26
783 1 13 1 18 1 5 1 27
784 1 13 1 18 1 6 1 28
785 1 13 1 18 1 7 1 29
786 1 13 1 18 1 8 1 30
787 1 13 1 18 1 9 1 31
788 1 13 1 18 1 10 1 32
789 1 13 1 18 1 11 1 33
790 1 13 1 18 1 12 1 34
791 1 13 1 25 1 14 1 17
792 1 13 1 25 1 15 1 18
793 1 13 1 25 1 16 1 19
794 1 13 1 25 1 17 1 20
795 1 13 1 25 1 18 1 21
796 1 13 1 25 1 19 1 22
797 1 13 1 25 1 20 1 23
798 1 13 1 25 1 21 1 24
799 1 13 1 25 1 1 1 57
800 1 13 1 25 1 2 1 58
801 1 13 1 25 1 3 1 59
802 1 13 1 25 1 4 1 60
803 1 13 1 25 1 5 1 61
804 1 13 1 25 1 6 1 62
805 1 13 1 25 1 7 1 63
806 1 13 1 25 1 8 1 64
807 1 13 1 35 1 14 1 19
808 1 13 1 35 1 15 1 20
809 1 13 1 35 1 16 1 21
810 1 13 1 35 1 17 1 22
811 1 13 1 35 1 18 1 23
812 1 13 1 35 1 19 1 24
813 1 13 1 35 1 20 1 25
814 1 13 1 35 1 21 1 26
815 1 13 1 35 1 22 1 27
816 1 13 1 35 1 23 1 28
817 1 13 1 35 1 24 1 29
818 1 13 1 35 1 25 1 30
819 1 13 1 35 1 26 1 31
820 1 13 1 35 1 27 1 32
821 1 13 1 35 1 28 1 33
822 1 13 1 35 1 29 1 34
823 1 14 1 17 1 6 1 18
824 1 14 1 17 1 7 1 19
825 1 14 1 17 1 8 1 20
826 1 14 1 17 1 9 1 21
827 1 14 1 17 1 10 1 22
828 1 14 1 17 1 11 1 23
829 1 14 1 17 1 12 1 24
830 1 14 1 17 1 13 1 25
831 1 14 1 19 1 1 1 23
832 1 14 1 19 1 2 1 24
833 1 14 1 19 1 3 1 25
834 1 14 1 19 1 4 1 26
835 1 14 1 19 1 5 1 27
836 1 14 1 19 1 6 1 28
837 1 14 1 19 1 7 1 29
838 1 14 1 19 1 8 1 30
839 1 14 1 19 1 9 1 31
840 1 14 1 19 1 10 1 32
841 1 14 1 19 1 11 1 33
842 1 14 1 19 1 12 1 34
843 1 14 1 19 1 13 1 35
844 1 14 1 26 1 15 1 18
845 1 14 1 26 1 16 1 19
846 1 14 1 26 1 17 1 20
847 1 14 1 26 1 18 1 21
848 1 14 1 26 1 19 1 22
849 1 14 1 26 1 20 1 23
850 1 14 1 26 1 21 1 24
851 1 14 1 26 1 22 1 25
852 1 14 1 26 1 1 1 57
853 1 14 1 26 1 2 1 58
854 1 14 1 26 1 3 1 59
855 1 14 1 26 1 4 1 60
856 1 14 1 26 1 5 1 61
857 1 14 1 26 1 6 1 62
858 1 14 1 26 1 7 1 63
859 1 14 1 26 1 8 1 64
860 1 14 1 36 1 15 1 20
861 1 14 1 36 1 16 1 21
862 1 14 1 36 1 17 1 22
863 1 14 1 36 1 18 1 23
864 1 14 1 36 1 19 1 24
865 1 14 1 36 1 20 1 25
866 1 14 1 36 1 21 1 26
867 1 14 1 36 1 22 1 27
868 1 14 1 36 1 23 1 28
869 1 14 1 36 1 24 1 29
870 1 14 1 36 1 25 1 30
871 1 14 1 36 1 26 1 31
872 1 14 1 36 1 27 1 32
873 1 14 1 36 1 28 1 33
874 1 14 1 36 1 29 1 34
875 1 14 1 36 1 30 1 35
876 1 15 1 18 1 7 1 19
877 1 15 1 18 1 8 1 20
878 1 15 1 18 1 9 1 21
879 1 15 1 18 1 10 1 22
880 1 15 1 18 1 11 1 23
881 1 15 1 18 1 12 1 24
882 1 15 1 18 1 13 1 25
883 1 15 1 18 1 14 1 26
884 1 15 1 20 1 1 1 23
885 1 15 1 20 1 2 1 24
886 1 15 1 20 1 3 1 25
887 1 15 1 20 1 4 1 26
888 1 15 1 20 1 5 1 27
889 1 15 1 20 1 6 1 28
890 1 15 1 20 1 7 1 29
891 1 15 1 20 1 8 1 30
892 1 15 1 20 1 9 1 31
893 1 15 1 20 1 10 1 32
894 1 15 1 20 1 11 1 33
895 1 15 1 20 1 12 1 34
896 1 15 1 20 1 13 1 35
897 1 15 1 20 1 14 1 36
898 1 15 1 27 1 16 1 19
899 1 15 1 27 1 17 1 20
900 1 15 1 27 1 18 1 21
901 1 15 1 27 1 19 1 22
902 1 15 1 27 1 20 1 23
903 1 15 1 27 1 21 1 24
904 1 15 1 27 1 22 1 25
905 1 15 1 27 1 23 1 26
906 1 15 1 27 1 1 1 57
907 1 15 1 27 1 2 1 58
908 1 15 1 27 1 3 1 59
909 1 15 1 27 1 4 1 60
910 1 15 1 27 1 5 1 61
911 1 15 1 27 1 6 1 62
912 1 15 1 27 1 7 1 63
913 1 15 1 27 1 8 1 64
914 1 15 1 37 1 16 1 21
915 1 15 1 37 1 17 1 22
916 1 15 1 37 1 18 1 23
917 1 15 1 37 1 19 1 24
918 1 15 1 37 1 20 1 25
919 1 15 1 37 1 21 1 26
920 1 15 1 37 1 22 1 27
921 1 15 1 37 1 23 1 28
922 1 15 1 37 1 24 1 29
923 1 15 1 37 1 25 1 30
924 1 15 1 37 1 26 1 31
925 1 15 1 37 1 27 1 32
926 1 15 1 37 1 28 1 33
927 1 15 1 37 1 29 1 34
928 1 15 1 37 1 30 1 35
929 1 15 1 37 1 31 1 36
930 1 16 1 19 1 8 1 20
931 1 16 1 19 1 9 1 21
932 1 16 1 19 1 10 1 22
933 1 16 1 19 1 11 1 23
934 1 16 1 19 1 12 1 24
935 1 16 1 19 1 13 1 25
936 1 16 1 19 1 14 1 26
937 1 16 1 19 1 15 1 27
938 1 16 1 21 1 1 1 23
939 1 16 1 21 1 2 1 24
940 1 16 1 21 1 3 1 25
941 1 16 1 21 1 4 1 26
942 1 16 1 21 1 5 1 27
943 1 16 1 21 1 6 1 28
944 1 16 1 21 1 7 1 29
945 1 16 1 21 1 8 1 30
946 1 16 1 21 1 9 1 31
947 1 16 1 21 1 10 1 32
948 1 16 1 21 1 11 1 33
949 1 16 1 21 1 12 1 34
950 1 16 1 21 1 13 1 35
951 1 16 1 21 1 14 1 36
952 1 16 1 21 1 15 1 37
953 1 16 1 28 1 17 1 20
954 1 16 1 28 1 18 1 21
955 1 16 1 28 1 19 1 22
956 1 16 1 28 1 20 1 23
957 1 16 1 28 1 21 1 24
958 1 16 1 28 1 22 1 25
959 1 16 1 28 1 23 1 26
960 1 16 1 28 1 24 1 27
961 1 16 1 28 1 1 1 57
962 1 16 1 28 1 2 1 58
963 1 16 1 28 1 3 1 59
964 1 16 1 28 1 4 1 60
965 1 16 1 28 1 5 1 61
966 1 16 1 28 1 6 1 62
967 1 16 1 28 1 7 1 63
968 1 16 1 28 1 8 1 64
969 1 16 1 38 1 17 1 22
970 1 16 1 38 1 18 1 23
971 1 16 1 38 1 19 1 24
972 1 16 1 38 1 20 1 25
973 1 16 1 38 1 21 1 26
974 1 16 1 38 1 22 1 27
975 1 16 1 38 1 23 1 28
976 1 16 1 38 1 24 1 29
977 1 16 1 38 1 25 1 30
978 1 16 1 38 1 26 1 31
979 1 16 1 38 1 27 1 32
980 1 16 1 38 1 28 1 33
981 1 16 1 38 1 29 1 34
982 1 16 1 38 1 30 1 35
983 1 16 1 38 1 31 1 36
984 1 16 1 38 1 32 1 37
985 1 17 1 20 1 9 1 21
986 1 17 1 20 1 10 1 22
987 1 17 1 20 1 11 1 23
988 1 17 1 20 1 12 1 24
989 1 17 1 20 1 13 1 25
990 1 17 1 20 1 14 1 26
991 1 17 1 20 1 15 1 27
992 1 17 1 20 1 16 1 28
993 1 17 1 22 1 1 1 23
994 1 17 1 22 1 2 1 24
995 1 17 1 22 1 3 1 25
996 1 17 1 22 1 4 1 26
997 1 17 1 22 1 5 1 27
998 1 17 1 22 1 6 1 28
999 1 17 1 22 1 7 1 29
1000 1 17 1 22 1 8 1 30
1001 1 17 1 22 1 9 1 31
1002 1 17 1 22 1 10 1 32
1003 1 17 1 22 1 11 1 33
1004 1 17 1 22 1 12 1 34
1005 1 17 1 22 1 13 1 35
1006 1 17 1 22 1 14 1 36
1007 1 17 1 22 1 15 1 37
1008 1 17 1 22 1 16 1 38
1009 1 17 1 29 1 18 1 21
1010 1 17 1 29 1 19 1 22
1011 1 17 1 29 1 20 1 23
1012 1 17 1 29 1 21 1 24
1013 1 17 1 29 1 22 1 25
1014 1 17 1 29 1 23 1 26
1015 1 17 1 29 1 24 1 27
1016 1 17 1 29 1 25 1 28
1017 1 17 1 29 1 1 1 57
1018 1 17 1 29 1 2 1 58
1019 1 17 1 29 1 3 1 59
1020 1 17 1 29 1 4 1 60
1021 1 17 1 29 1 5 1 61
1022 1 17 1 29 1 6 1 62
1023 1 17 1 29 1 7 1 63
1024 1 17 1 29 1 8 1 64
1025 1 17 1 39 1 18 1 23
1026 1 17 1 39 1 19 1 24
1027 1 17 1 39 1 20 1 25
1028 1 17 1 39 1 21 1 26
1029 1 17 1 39 1 22 1 27
1030 1 17 1 39 1 23 1 28
1031 1 17 1 39 1 24 1 29
1032 1 17 1 39 1 25 1 30
1033 1 17 1 39 1 26 1 31
1034 1 17 1 39 1 27 1 32
1035 1 17 1 39 1 28 1 33
1036 1 17 1 39 1 29 1 34
1037 1 17 1 39 1 30 1 35
1038 1 17 1 39 1 31 1 36
1039 1 17 1 39 1 32 1 37
1040 1 17 1 39 1 33 1 38
1041 1 18 1 21 1 10 1 22
1042 1 18 1 21 1 11 1 23
1043 1 18 1 21 1 12 1 24
1044 1 18 1 21 1 13 1 25
1045 1 18 1 21 1 14 1 26
1046 1 18 1 21 1 15 1 27
1047 1 18 1 21 1 16 1 28
1048 1 18 1 21 1 17 1 29
1049 1 18 1 23 1 2 1 24
1050 1 18 1 23 1 3 1 25
1051 1 18 1 23 1 4 1 26
1052 1 18 1 23 1 5 1 27
1053 1 18 1 23 1 6 1 28
1054 1 18 1 23 1 7 1 29
1055 1 18 1 23 1 8 1 30
1056 1 18 1 23 1 9 1 31
1057 1 18 1 23 1 10 1 32
1058 1 18 1 23 1 11 1 33
1059 1 18 1 23 1 12 1 34
1060 1 18 1 23 1 13 1 35
1061 1 18 1 23 1 14 1 36
1062 1 18 1 23 1 15 1 37
1063 1 18 1 23 1 16 1 38
1064 1 18 1 23 1 17 1 39
1065 1 18 1 30 1 19 1 22
1066 1 18 1 30 1 20 1 23
1067 1 18 1 30 1 21 1 24
1068 1 18 1 30 1 22 1 25
1069 1 18 1 30 1 23 1 26
1070 1 18 1 30 1 24 1 27
1071 1 18 1 30 1 25 1 28
1072 1 18 1 30 1 26 1 29
1073 1 18 1 30 1 1 1 57
1074 1 18 1 30 1 2 1 58
1075 1 18 1 30 1 3 1 59
1076 1 18 1 30 1 4 1 60
1077 1 18 1 30 1 5 1 61
1078 1 18 1 30 1 6 1 62
1079 1 18 1 30 1 7 1 63
1080 1 18 1 30 1 8 1 64
1081 1 18 1 40 1 19 1 24
1082 1 18 1 40 1 20 1 25
1083 1 18 1 40 1 21 1 26
1084 1 18 1 40 1 22 1 27
1085 1 18 1 40 1 23 1 28
1086 1 18 1 40 1 24 1 29
1087 1 18 1 40 1 25 1 30
1088 1 18 1 40 1 26 1 31
1089 1 18 1 40 1 27 1 32
1090 1 18 1 40 1 28 1 33
1091 1 18 1 40 1 29 1 34
1092 1 18 1 40 1 30 1 35
1093 1 18 1 40 1 31 1 36
1094 1 18 1 40 1 32 1 37
1095 1 18 1 40 1 33 1 38
1096 1 18 1 40 1 34 1 39
1097 1 19 1 22 1 11 1 23
1098 1 19 1 22 1 12 1 24
1099 1 19 1 22 1 13 1 25
1100 1 19 1 22 1 14 1 26
1101 1 19 1 22 1 15 1 27
1102 1 19 1 22 1 16 1 28
1103 1 19 1 22 1 17 1 29
1104 1 19 1 22 1 18 1 30
1105 1 19 1 24 1 3 1 25
1106 1 19 1 24 1 4 1 26
1107 1 19 1 24 1 5 1 27
1108 1 19 1 24 1 6 1 28
1109 1 19 1 24 1 7 1 29
1110 1 19 1 24 1 8 1 30
1111 1 19 1 24 1 9 1 31
1112 1 19 1 24 1 10 1 32
1113 1 19 1 24 1 11 1 33
1114 1 19 1 24 1 12 1 34
1115 1 19 1 24 1 13 1 35
1116 1 19 1 24 1 14 1 36
1117 1 19 1 24 1 15 1 37
1118 1 19 1 24 1 16 1 38
1119 1 19 1 24 1 17 1 39
1120 1 19 1 24 1 18 1 40
1121 1 19 1 31 1 20 1 23
1122 1 19 1 31 1 21 1 24
1123 1 19 1 31 1 22 1 25
1124 1 19 1 31 1 23 1 26
1125 1 19 1 31 1 24 1 27
1126 1 19 1 31 1 25 1 28
1127 1 19 1 31 1 26 1 29
1128 1 19 1 31 1 27 1 30
1129 1 19 1 31 1 1 1 57
1130 1 19 1 31 1 2 1 58
1131 1 19 1 31 1 3 1 59
1132 1 19 1 31 1 4 1 60
1133 1 19 1 31 1 5 1 61
1134 1 19 1 31 1 6 1 62
1135 1 19 1 31 1 7 1 63
1136 1 19 1 31 1 8 1 64
1137 1 19 1 41 1 20 1 25
1138 1 19 1 41 1 21 1 26
1139 1 19 1 41 1 22 1 27
1140 1 19 1 41 1 23 1 28
1141 1 19 1 41 1 24 1 29
1142 1 19 1 41 1 25 1 30
1143 1 19 1 41 1 26 1 31
1144 1 19 1 41 1 27 1 32
1145 1 19 1 41 1 28 1 33
1146 1 19 1 41 1 29 1 34
1147 1 19 1 41 1 30 1 35
1148 1 19 1 41 1 31 1 36
1149 1 19 1 41 1 32 1 37
1150 1 19 1 41 1 33 1 38
1151 1 19 1 41 1 34 1 39
1152 1 19 1 41 1 35 1 40
1153 1 20 1 23 1 12 1 24
1154 1 20 1 23 1 13 1 25
1155 1 20 1 23 1 14 1 26
1156 1 20 1 23 1 15 1 27
1157 1 20 1 23 1 16 1 28
1158 1 20 1 23 1 17 1 29
1159 1 20 1 23 1 18 1 30
1160 1 20 1 23 1 19 1 31
1161 1 20 1 25 1 4 1 26
1162 1 20 1 25 1 5 1 27
1163 1 20 1 25 1 6 1 28
1164 1 20 1 25 1 7 1 29
1165 1 20 1 25 1 8 1 30
1166 1 20 1 25 1 9 1 31
1167 1 20 1 25 1 10 1 32
1168 1 20 1 25 1 11 1 33
1169 1 20 1 25 1 12 1 34
1170 1 20 1 25 1 13 1 35
1171 1 20 1 25 1 14 1 36
1172 1 20 1 25 1 15 1 37
1173 1 20 1 25 1 16 1 38
1174 1 20 1 25 1 17 1 39
1175 1 20 1 25 1 18 1 40
1176 1 20 1 25 1 19 1 41
1177 1 20 1 32 1 21 1 24
1178 1 20 1 32 1 22 1 25
1179 1 20 1 32 1 23 1 26
1180 1 20 1 32 1 24 1 27
1181 1 20 1 32 1 25 1 28
1182 1 20 1 32 1 26 1 29
1183 1 20 1 32 1 27 1 30
1184 1 20 1 32 1 28 1 31
1185 1 20 1 32 1 1 1 57
1186 1 20 1 32 1 2 1 58
1187 1 20 1 32 1 3 1 59
1188 1 20 1 32 1 4 1 60
1189 1 20 1 32 1 5 1 61
1190 1 20 1 32 1 6 1 62
1191 1 20 1 32 1 7 1 63
1192 1 20 1 32 1 8 1 64
1193 1 20 1 42 1 21 1 26
1194 1 20 1 42 1 22 1 27
1195 1 20 1 42 1 23 1 28
1196 1 20 1 42 1 24 1 29
1197 1 20 1 42 1 25 1 30
1198 1 20 1 42 1 26 1 31
1199 1 20 1 42 1 27 1 32
1200 1 20 1 42 1 28 1 33
1201 1 20 1 42 1 29 1 34
1202 1 20 1 42 1 30 1 35
1203 1 20 1 42 1 31 1 36
1204 1 20 1 42 1 32 1 37
1205 1 20 1 42 1 33 1 38
1206 1 20 1 42 1 34 1 39
1207 1 20 1 42 1 35 1 40
1208 1 20 1 42 1 36 1 41
1209 1 21 1 24 1 13 1 25
1210 1 21 1 24 1 14 1 26
1211 1 21 1 24 1 15 1 27
1212 1 21 1 24 1 16 1 28
1213 1 21 1 24 1 17 1 29
1214 1 21 1 24 1 18 1 30
1215 1 21 1 24 1 19 1 31
1216 1 21 1 24 1 20 1 32
1217 1 21 1 26 1 5 1 27
1218 1 21 1 26 1 6 1 28
1219 1 21 1 26 1 7 1 29
1220 1 21 1 26 1 8 1 30
1221 1 21 1 26 1 9 1 31
1222 1 21 1 26 1 10 1 32
1223 1 21 1 26 1 11 1 33
1224 1 21 1 26 1 12 1 34
1225 1 21 1 26 1 13 1 35
1226 1 21 1 26 1 14 1 36
1227 1 21 1 26 1 15 1 37
1228 1 21 1 26 1 16 1 38
1229 1 21 1 26 1 17 1 39
1230 1 21 1 26 1 18 1 40
1231 1 21 1 26 1 19 1 41
1232 1 21 1 26 1 20 1 42
1233 1 21 1 33 1 22 1 25
1234 1 21 1 33 1 23 1 26
1235 1 21 1 33 1 24 1 27
1236 1 21 1 33 1 25 1 28
1237 1 21 1 33 1 26 1 29
1238 1 21 1 33 1 27 1 30
1239 1 21 1 33 1 28 1 31
1240 1 21 1 33 1 29 1 32
1241 1 21 1 33 1 1 1 57
1242 1 21 1 33 1 2 1 58
1243 1 21 1 33 1 3 1 59
1244 1 21 1 33 1 4 1 60
1245 1 21 1 33 1 5 1 61
1246 1 21 1 33 1 6 1 62
1247 1 21 1 33 1 7 1 63
1248 1 21 1 33 1 8 1 64
1249 1 21 1 43 1 22 1 27
1250 1 21 1 43 1 23 1 28
1251 1 21 1 43 1 24 1 29
1252 1 21 1 43 1 25 1 30
1253 1 21 1 43 1 26 1 31
1254 1 21 1 43 1 27 1 32
1255 1 21 1 43 1 28 1 33
1256 1 21 1 43 1 29 1 34
1257 1 21 1 43 1 30 1 35
1258 1 21 1 43 1 31 1 36
1259 1 21 1 43 1 32 1 37
1260 1 21 1 43 1 33 1 38
1261 1 21 1 43 1 34 1 39
1262 1 21 1 43 1 35 1 40
1263 1 21 1 43 1 36 1 41
1264 1 21 1 43 1 37 1 42
1265 1 22 1 25 1 14 1 26
1266 1 22 1 25 1 15 1 27
1267 1 22 1 25 1 16 1 28
1268 1 22 1 25 1 17 1 29
1269 1 22 1 25 1 18 1 30
1270 1 22 1 25 1 19 1 31
1271 1 22 1 25 1 20 1 32
1272 1 22 1 25 1 21 1 33
1273 1 22 1 27 1 6 1 28
1274 1 22 1 27 1 7 1 29
1275 1 22 1 27 1 8 1 30
1276 1 22 1 27 1 9 1 31
1277 1 22 1 27 1 10 1 32
1278 1 22 1 27 1 11 1 33
1279 1 22 1 27 1 12 1 34
1280 1 22 1 27 1 13 1 35
1281 1 22 1 27 1 14 1 36
1282 1 22 1 27 1 15 1 37
1283 1 22 1 27 1 16 1 38
1284 1 22 1 27 1 17 1 39
1285 1 22 1 27 1 18 1 40
1286 1 22 1 27 1 19 1 41
1287 1 22 1 27 1 20 1 42
1288 1 22 1 27 1 21 1 43
1289 1 22 1 34 1 23 1 26
1290 1 22 1 34 1 24 1 27
1291 1 22 1 34 1 25 1 28
1292 1 22 1 34 1 26 1 29
1293 1 22 1 34 1 27 1 30
1294 1 22 1 34 1 28 1 31
1295 1 22 1 34 1 29 1 32
1296 1 22 1 34 1 30 1 33
1297 1 22 1 34 1 1 1 57
1298 1 22 1 34 1 2 1 58
1299 1 22 1 34 1 3 1 59
1300 1 22 1 34 1 4 1 60
1301 1 22 1 34 1 5 1 61
1302 1 22 1 34 1 6 1 62
1303 1 22 1 34 1 7 1 63
1304 1 22 1 34 1 8 1 64
1305 1 22 1 44 1 23 1 28
1306 1 22 1 44 1 24 1 29
1307 1 22 1 44 1 25 1 30
1308 1 22 1 44 1 26 1 31
1309 1 22 1 44 1 27 1 32
1310 1 22 1 44 1 28 1 33
1311 1 22 1 44 1 29 1 34
1312 1 22 1 44 1 30 1 35
1313 1 22 1 44 1 31 1 36
1314 1 22 1 44 1 32 1 37
1315 1 22 1 44 1 33 1 38
1316 1 22 1 44 1 34 1 39
1317 1 22 1 44 1 35 1 40
1318 1 22 1 44 1 36 1 41
1319 1 22 1 44 1 37 1 42
1320 1 22 1 44 1 38 1 43
1321 1 23 1 26 1 15 1 27
1322 1 23 1 26 1 16 1 28
1323 1 23 1 26 1 17 1 29
1324 1 23 1 26 1 18 1 30
1325 1 23 1 26 1 19 1 31
1326 1 23 1 26 1 20 1 32
1327 1 23 1 26 1 21 1 33
1328 1 23 1 26 1 22 1 34
1329 1 23 1 28 1 7 1 29
1330 1 23 1 28 1 8 1 30
1331 1 23 1 28 1 9 1 31
1332 1 23 1 28 1 10 1 32
1333 1 23 1 28 1 11 1 33
1334 1 23 1 28 1 12 1 34
1335 1 23 1 28 1 13 1 35
1336 1 23 1 28 1 14 1 36
1337 1 23 1 28 1 15 1 37
1338 1 23 1 28 1 16 1 38
1339 1 23 1 28 1 17 1 39
1340 1 23 1 28 1 18 1 40
1341 1 23 1 28 1 19 1 41
1342 1 23 1 28 1 20 1 42
1343 1 23 1 28 1 21 1 43
1344 1 23 1 28 1 22 1 44
1345 1 23 1 35 1 24 1 27
1346 1 23 1 35 1 25 1 28
1347 1 23 1 35 1 26 1 29
1348 1 23 1 35 1 27 1 30
1349 1 23 1 35 1 28 1 31
1350 1 23 1 35 1 29 1 32
1351 1 23 1 35 1 30 1 33
1352 1 23 1 35 1 31 1 34
1353 1 23 1 35 1 1 1 57
1354 1 23 1 35 1 2 1 58
1355 1 23 1 35 1 3 1 59
1356 1 23 1 35 1 4 1 60
1357 1 23 1 35 1 5 1 61
1358 1 23 1 35 1 6 1 62
1359 1 23 1 35 1 7 1 63
1360 1 23 1 35 1 8 1 64
1361 1 23 1 45 1 24 1 29
1362 1 23 1 45 1 25 1 30
1363 1 23 1 45 1 26 1 31
1364 1 23 1 45 1 27 1 32
1365 1 23 1 45 1 28 1 33
1366 1 23 1 45 1 29 1 34
1367 1 23 1 45 1 30 1 35
1368 1 23 1 45 1 31 1 36
1369 1 23 1 45 1 32 1 37
1370 1 23 1 45 1 33 1 38
1371 1 23 1 45 1 34 1 39
1372 1 23 1 45 1 35 1 40
1373 1 23 1 45 1 36 1 41
1374 1 23 1 45 1 37 1 42
1375 1 23 1 45 1 38 1 43
1376 1 23 1 45 1 39 1 44
1377 1 24 1 27 1 16 1 28
1378 1 24 1 27 1 17 1 29
1379 1 24 1 27 1 18 1 30
1380 1 24 1 27 1 19 1 31
1381 1 24 1 27 1 20 1 32
1382 1 24 1 27 1 21 1 33
1383 1 24 1 27 1 22 1 34
1384 1 24 1 27 1 23 1 35
1385 1 24 1 29 1 8 1 30
1386 1 24 1 29 1 9 1 31
1387 1 24 1 29 1 10 1 32
1388 1 24 1 29 1 11 1 33
1389 1 24 1 29 1 12 1 34
1390 1 24 1 29 1 13 1 35
1391 1 24 1 29 1 14 1 36
1392 1 24 1 29 1 15 1 37
1393 1 24 1 29 1 16 1 38
1394 1 24 1 29 1 17 1 39
1395 1 24 1 29 1 18 1 40
1396 1 24 1 29 1 19 1 41
1397 1 24 1 29 1 20 1 42
1398 1 24 1 29 1 21 1 43
1399 1 24 1 29 1 22 1 44
1400 1 24 1 29 1 23 1 45
1401 1 24 1 36 1 25 1 28
1402 1 24 1 36 1 26 1 29
1403 1 24 1 36 1 27 1 30
1404 1 24 1 36 1 28 1 31
1405 1 24 1 36 1 29 1 32
1406 1 24 1 36 1 30 1 33
1407 1 24 1 36 1 31 1 34
1408 1 24 1 36 1 32 1 35
1409 1 24 1 36 1 1 1 57
1410 1 24 1 36 1 2 1 58
1411 1 24 1 36 1 3 1 59
1412 1 24 1 36 1 4 1 60
1413 1 24 1 36 1 5 1 61
1414 1 24 1 36 1 6 1 62
1415 1 24 1 36 1 7 1 63
1416 1 24 1 36 1 8 1 64
1417 1 24 1 46 1 25 1 30
1418 1 24 1 46 1 26 1 31
1419 1 24 1 46 1 27 1 32
1420 1 24 1 46 1 28 1 33
1421 1 24 1 46 1 29 1 34
1422 1 24 1 46 1 30 1 35
1423 1 24 1 46 1 31 1 36
1424 1 24 1 46 1 32 1 37
1425 1 24 1 46 1 33 1 38
1426 1 24 1 46 1 34 1 39
1427 1 24 1 46 1 35 1 40
1428 1 24 1 46 1 36 1 41
1429 1 24 1 46 1 37 1 42
1430 1 24 1 46 1 38 1 43
1431 1 24 1 46 1 39 1 44
1432 1 24 1 46 1 40 1 45
1433 1 25 1 28 1 17 1 29
1434 1 25 1 28 1 18 1 30
1435 1 25 1 28 1 19 1 31
1436 1 25 1 28 1 20 1 32
1437 1 25 1 28 1 21 1 33
1438 1 25 1 28 1 22 1 34
1439 1 25 1 28 1 23 1 35
1440 1 25 1 28 1 24 1 36
1441 1 25 1 30 1 9 1 31
1442 1 25 1 30 1 10 1 32
1443 1 25 1 30 1 11 1 33
1444 1 25 1 30 1 12 1 34
1445 1 25 1 30 1 13 1 35
1446 1 25 1 30 1 14 1 36
1447 1 25 1 30 1 15 1 37
1448 1 25 1 30 1 16 1 38
1449 1 25 1 30 1 17 1 39
1450 1 25 1 30 1 18 1 40
1451 1 25 1 30 1 19 1 41
1452 1 25 1 30 1 20 1 42
1453 1 25 1 30 1 21 1 43
1454 1 25 1 30 1 22 1 44
1455 1 25 1 30 1 23 1 45
1456 1 25 1 30 1 24 1 46
1457 1 25 1 37 1 26 1 29
1458 1 25 1 37 1 27 1 30
1459 1 25 1 37 1 28 1 31
1460 1 25 1 37 1 29 1 32
1461 1 25 1 37 1 30 1 33
1462 1 25 1 37 1 31 1 34
1463 1 25 1 37 1 32 1 35
1464 1 25 1 37 1 33 1 36
1465 1 25 1 37 1 1 1 57
1466 1 25 1 37 1 2 1 58
1467 1 25 1 37 1 3 1 59
1468 1 25 1 37 1 4 1 60
1469 1 25 1 37 1 5 1 61
1470 1 25 1 37 1 6 1 62
1471 1 25 1 37 1 7 1 63
1472 1 25 1 37 1 8 1 64
1473 1 25 1 47 1 26 1 31
1474 1 25 1 47 1 27 1 32
1475 1 25 1 47 1 28 1 33
1476 1 25 1 47 1 29 1 34
1477 1 25 1 47 1 30 1 35
1478 1 25 1 47 1 31 1 36
1479 1 25 1 47 1 32 1 37
1480 1 25 1 47 1 33 1 38
1481 1 25 1 47 1 34 1 39
1482 1 25 1 47 1 35 1 40
1483 1 25 1 47 1 36 1 41
1484 1 25 1 47 1 37 1 42
1485 1 25 1 47 1 38 1 43
1486 1 25 1 47 1 39 1 44
1487 1 25 1 47 1 40 1 45
1488 1 25 1 47 1 41 1 46
1489 1 26 1 29 1 18 1 30
1490 1 26 1 29 1 19 1 31
1491 1 26 1 29 1 20 1 32
1492 1 26 1 29 1 21 1 33
1493 1 26 1 29 1 22 1 34
1494 1 26 1 29 1 23 1 35
1495 1 26 1 29 1 24 1 36
1496 1 26 1 29 1 25 1 37
1497 1 26 1 31 1 10 1 32
1498 1 26 1 31 1 11 1 33
1499 1 26 1 31 1 12 1 34
1500 1 26 1 31 1 13 1 35
1501 1 26 1 31 1 14 1 36
1502 1 26 1 31 1 15 1 37
1503 1 26 1 31 1 16 1 38
1504 1 26 1 31 1 17 1 39
1505 1 26 1 31 1 18 1 40
1506 1 26 1 31 1 19 1 41
1507 1 26 1 31 1 20 1 42
1508 1 26 1 31 1 21 1 43
1509 1 26 1 31 1 22 1 44
1510 1 26 1 31 1 23 1 45
1511 1 26 1 31 1 24 1 46
1512 1 26 1 31 1 25 1 47
1513 1 26 1 38 1 27 1 30
1514 1 26 1 38 1 28 1 31
1515 1 26 1 38 1 29 1 32
1516 1 26 1 38 1 30 1 33
1517 1 26 1 38 1 31 1 34
1518 1 26 1 38 1 32 1 35
1519 1 26 1 38 1 33 1 36
1520 1 26 1 38 1 34 1 37
1521 1 26 1 38 1 1 1 57
1522 1 26 1 38 1 2 1 58
1523 1 26 1 38 1 3 1 59
1524 1 26 1 38 1 4 1 60
1525 1 26 1 38 1 5 1 61
1526 1 26 1 38 1 6 1 62
1527 1 26 1 38 1 7 1 63
1528 1 26 1 38 1 8 1 64
1529 1 26 1 48 1 27 1 32
1530 1 26 1 48 1 28 1 33
1531 1 26 1 48 1 29 1 34
1532 1 26 1 48 1 30 1 35
1533 1 26 1 48 1 31 1 36
1534 1 26 1 48 1 32 1 37
1535 1 26 1 48 1 33 1 38
1536 1 26 1 48 1 34 1 39
1537 1 26 1 48 1 35 1 40
1538 1 26 1 48 1 36 1 41
1539 1 26 1 48 1 37 1 42
1540 1 26 1 48 1 38 1 43
1541 1 26 1 48 1 39 1 44
1542 1 26 1 48 1 40 1 45
1543 1 26 1 48 1 41 1 46
1544 1 26 1 48 1 42 1 47
1545 1 27 1 30 1 19 1 31
1546 1 27 1 30 1 20 1 32
1547 1 27 1 30 1 21 1 33
1548 1 27 1 30 1 22 1 34
1549 1 27 1 30 1 23 1 35
1550 1 27 1 30 1 24 1 36
1551 1 27 1 30 1 25 1 37
1552 1 27 1 30 1 26 1 38
1553 1 27 1 32 1 11 1 33
1554 1 27 1 32 1 12 1 34
1555 1 27 1 32 1 13 1 35
1556 1 27 1 32 1 14 1 36
1557 1 27 1 32 1 15 1 37
1558 1 27 1 32 1 16 1 38
1559 1 27 1 32 1 17 1 39
1560 1 27 1 32 1 18 1 40
1561 1 27 1 32 1 19 1 41
1562 1 27 1 32 1 20 1 42
1563 1 27 1 32 1 21 1 43
1564 1 27 1 32 1 22 1 44
1565 1 27 1 32 1 23 1 45
1566 1 27 1 32 1 24 1 46
1567 1 27 1 32 1 25 1 47
1568 1 27 1 32 1 26 1 48
1569 1 27 1 39 1 28 1 31
1570 1 27 1 39 1 29 1 32
1571 1 27 1 39 1 30 1 33
1572 1 27 1 39 1 31 1 34
1573 1 27 1 39 1 32 1 35
1574 1 27 1 39 1 33 1 36
1575 1 27 1 39 1 34 1 37
1576 1 27 1 39 1 35 1 38
1577 1 27 1 39 1 1 1 57
1578 1 27 1 39 1 2 1 58
1579 1 27 1 39 1 3 1 59
1580 1 27 1 39 1 4 1 60
1581 1 27 1 39 1 5 1 61
1582 1 27 1 39 1 6 1 62
1583 1 27 1 39 1 7 1 63
1584 1 27 1 39 1 8 1 64
1585 1 27 1 49 1 28 1 33
1586 1 27 1 49 1 29 1 34
1587 1 27 1 49 1 30 1 35
1588 1 27 1 49 1 31 1 36
1589 1 27 1 49 1 32 1 37
1590 1 27 1 49 1 33 1 38
1591 1 27 1 49 1 34 1 39
1592 1 27 1 49 1 35 1 40
1593 1 27 1 49 1 36 1 41
1594 1 27 1 49 1 37 1 42
1595 1 27 1 49 1 38 1 43
1596 1 27 1 49 1 39 1 44
1597 1 27 1 49 1 40 1 45
1598 1 27 1 49 1 41 1 46
1599 1 27 1 49 1 42 1 47
1600 1 27 1 49 1 43 1 48
1601 1 28 1 31 1 20 1 32
1602 1 28 1 31 1 21 1 33
1603 1 28 1 31 1 22 1 34
1604 1 28 1 31 1 23 1 35
1605 1 28 1 31 1 24 1 36
1606 1 28 1 31 1 25 1 37
1607 1 28 1 31 1 26 1 38
1608 1 28 1 31 1 27 1 39
1609 1 28 1 33 1 12 1 34
1610 1 28 1 33 1 13 1 35
1611 1 28 1 33 1 14 1 36
1612 1 28 1 33 1 15 1 37
1613 1 28 1 33 1 16 1 38
1614 1 28 1 33 1 17 1 39
1615 1 28 1 33 1 18 1 40
1616 1 28 1 33 1 19 1 41
1617 1 28 1 33 1 20 1 42
1618 1 28 1 33 1 21 1 43
1619 1 28 1 33 1 22 1 44
1620 1 28 1 33 1 23 1 45
1621 1 28 1 33 1 24 1 46
1622 1 28 1 33 1 25 1 47
1623 1 28 1 33 1 26 1 48
1624 1 28 1 33 1 27 1 49
1625 1 28 1 40 1 29 1 32
1626 1 28 1 40 1 30 1 33
1627 1 28 1 40 1 31 1 34
1628 1 28 1 40 1 32 1 35
1629 1 28 1 40 1 33 1 36
1630 1 28 1 40 1 34 1 37
1631 1 28 1 40 1 35 1 38
1632 1 28 1 40 1 36 1 39
1633 1 28 1 40 1 1 1 57
1634 1 28 1 40 1 2 1 58
1635 1 28 1 40 1 3 1 59
1636 1 28 1 40 1 4 1 60
1637 1 28 1 40 1 5 1 61
1638 1 28 1 40 1 6 1 62
1639 1 28 1 40 1 7 1 63
1640 1 28 1 40 1 8 1 64
1641 1 28 1 50 1 29 1 34
1642 1 28 1 50 1 30 1 35
1643 1 28 1 50 1 31 1 36
1644 1 28 1 50 1 32 1 37
1645 1 28 1 50 1 33 1 38
1646 1 28 1 50 1 34 1 39
1647 1 28 1 50 1 35 1 40
1648 1 28 1 50 1 36 1 41
1649 1 28 1 50 1 37 1 42
1650 1 28 1 50 1 38 1 43
1651 1 28 1 50 1 39 1 44
1652 1 28 1 50 1 40 1 45
1653 1 28 1 50 1 41 1 46
1654 1 28 1 50 1 42 1 47
1655 1 28 1 50 1 43 1 48
1656 1 28 1 50 1 44 1 49
1657 1 29 1 32 1 21 1 33
1658 1 29 1 32 1 22 1 34
1659 1 29 1 32 1 23 1 35
1660 1 29 1 32 1 24 1 36
1661 1 29 1 32 1 25 1 37
1662 1 29 1 32 1 26 1 38
1663 1 29 1 32 1 27 1 39
1664 1 29 1 32 1 28 1 40
1665 1 29 1 34 1 13 1 35
1666 1 29 1 34 1 14 1 36
1667 1 29 1 34 1 15 1 37
1668 1 29 1 34 1 16 1 38
1669 1 29 1 34 1 17 1 39
1670 1 29 1 34 1 18 1 40
1671 1 29 1 34 1 19 1 41
1672 1 29 1 34 1 20 1 42
1673 1 29 1 34 1 21 1 43
1674 1 29 1 34 1 22 1 44
1675 1 29 1 34 1 23 1 45
1676 1 29 1 34 1 24 1 46
1677 1 29 1 34 1 25 1 47
1678 1 29 1 34 1 26 1 48
1679 1 29 1 34 1 27 1 49
1680 1 29 1 34 1 28 1 50
1681 1 29 1 41 1 30 1 33
1682 1 29 1 41 1 31 1 34
1683 1 29 1 41 1 32 1 35
1684 1 29 1 41 1 33 1 36
1685 1 29 1 41 1 34 1 37
1686 1 29 1 41 1 35 1 38
1687 1 29 1 41 1 36 1 39
1688 1 29 1 41 1 37 1 40
1689 1 29 1 41 1 1 1 57
1690 1 29 1 41 1 2 1 58
1691 1 29 1 41 1 3 1 59
1692 1 29 1 41 1 4 1 60
1693 1 29 1 41 1 5 1 61
1694 1 29 1 41 1 6 1 62
1695 1 29 1 41 1 7 1 63
1696 1 29 1 41 1 8 1 64
1697 1 29 1 51 1 30 1 35
1698 1 29 1 51 1 31 1 36
1699 1 29 1 51 1 32 1 37
1700 1 29 1 51 1 33 1 38
1701 1 29 1 51 1 34 1 39
1702 1 29 1 51 1 35 1 40
1703 1 29 1 51 1 36 1 41
1704 1 29 1 51 1 37 1 42
1705 1 29 1 51 1 38 1 43
1706 1 29 1 51 1 39 1 44
1707 1 29 1 51 1 40 1 45
1708 1 29 1 51 1 41 1 46
1709 1 29 1 51 1 42 1 47
1710 1 29 1 51 1 43 1 48
1711 1 29 1 51 1 44 1 49
1712 1 29 1 51 1 45 1 50
1713 1 30 1 33 1 22 1 34
1714 1 30 1 33 1 23 1 35
1715 1 30 1 33 1 24 1 36
1716 1 30 1 33 1 25 1 37
1717 1 30 1 33 1 26 1 38
1718 1 30 1 33 1 27 1 39
1719 1 30 1 33 1 28 1 40
1720 1 30 1 33 1 29 1 41
1721 1 30 1 35 1 14 1 36
1722 1 30 1 35 1 15 1 37
1723 1 30 1 35 1 16 1 38
1724 1 30 1 35 1 17 1 39
1725 1 30 1 35 1 18 1 40
1726 1 30 1 35 1 19 1 41
1727 1 30 1 35 1 20 1 42
1728 1 30 1 35 1 21 1 43
1729 1 30 1 35 1 22 1 44
1730 1 30 1 35 1 23 1 45
1731 1 30 1 35 1 24 1 46
1732 1 30 1 35 1 25 1 47
1733 1 30 1 35 1 26 1 48
1734 1 30 1 35 1 27 1 49
1735 1 30 1 35 1 28 1 50
1736 1 30 1 35 1 29 1 51
1737 1 30 1 42 1 31 1 34
1738 1 30 1 42 1 32 1 35
1739 1 30 1 42 1 33 1 36
1740 1 30 1 42 1 34 1 37
1741 1 30 1 42 1 35 1 38
1742 1 30 1 42 1 36 1 39
1743 1 30 1 42 1 37 1 40
1744 1 30 1 42 1 38 1 41
1745 1 30 1 42 1 1 1 57
1746 1 30 1 42 1 2 1 58
1747 1 30 1 42 1 3 1 59
1748 1 30 1 42 1 4 1 60
1749 1 30 1 42 1 5 1 61
1750 1 30 1 42 1 6 1 62
1751 1 30 1 42 1 7 1 63
1752 1 30 1 42 1 8 1 64
1753 1 30 1 52 1 31 1 36
1754 1 30 1 52 1 32 1 37
1755 1 30 1 52 1 33 1 38
1756 1 30 1 52 1 34 1 39
1757 1 30 1 52 1 35 1 40
1758 1 30 1 52 1 36 1 41
1759 1 30 1 52 1 37 1 42
1760 1 30 1 52 1 38 1 43
1761 1 30 1 52 1 39 1 44
1762 1 30 1 52 1 40 1 45
1763 1 30 1 52 1 41 1 46
1764 1 30 1 52 1 42 1 47
1765 1 30 1 52 1 43 1 48
1766 1 30 1 52 1 44 1 49
1767 1 30 1 52 1 45 1 50
1768 1 30 1 52 1 46 1 51
1769 1 31 1 34 1 23 1 35
1770 1 31 1 34 1 24 1 36
1771 1 31 1 34 1 25 1 37
1772 1 31 1 34 1 26 1 38
1773 1 31 1 34 1 27 1 39
1774 1 31 1 34 1 28 1 40
1775 1 31 1 34 1 29 1 41
1776 1 31 1 34 1 30 1 42
1777 1 31 1 36 1 15 1 37
1778 1 31 1 36 1 16 1 38
1779 1 31 1 36 1 17 1 39
1780 1 31 1 36 1 18 1 40
1781 1 31 1 36 1 19 1 41
1782 1 31 1 36 1 20 1 42
1783 1 31 1 36 1 21 1 43
1784 1 31 1 36 1 22 1 44
1785 1 31 1 36 1 23 1 45
1786 1 31 1 36 1 24 1 46
1787 1 31 1 36 1 25 1 47
1788 1 31 1 36 1 26 1 48
1789 1 31 1 36 1 27 1 49
1790 1 31 1 36 1 28 1 50
1791 1 31 1 36 1 29 1 51
1792 1 31 1 36 1 30 1 52
1793 1 31 1 43 1 32 1 35
1794 1 31 1 43 1 33 1 36
1795 1 31 1 43 1 34 1 37
1796 1 31 1 43 1 35 1 38
1797 1 31 1 43 1 36 1 39
1798 1 31 1 43 1 37 1 40
1799 1 31 1 43 1 38 1 41
1800 1 31 1 43 1 39 1 42
1801 1 31 1 43 1 1 1 57
1802 1 31 1 43 1 2 1 58
1803 1 31 1 43 1 3 1 59
1804 1 31 1 43 1 4 1 60
1805 1 31 1 43 1 5 1 61
1806 1 31 1 43 1 6 1 62
1807 1 31 1 43 1 7 1 63
1808 1 31 1 43 1 8 1 64
1809 1 31 1 53 1 32 1 37
1810 1 31 1 53 1 33 1 38
1811 1 31 1 53 1 34 1 39
1812 1 31 1 53 1 35 1 40
1813 1 31 1 53 1 36 1 41
1814 1 31 1 53 1 37 1 42
1815 1 31 1 53 1 38 1 43
1816 1 31 1 53 1 39 1 44
1817 1 31 1 53 1 40 1 45
1818 1 31 1 53 1 41 1 46
1819 1 31 1 53 1 42 1 47
1820 1 31 1 53 1 43 1 48
1821 1 31 1 53 1 44 1 49
1822 1 31 1 53 1 45 1 50
1823 1 31 1 53 1 46 1 51
1824 1 31 1 53 1 47 1 52
1825 1 32 1 35 1 24 1 36
1826 1 32 1 35 1 25 1 37
1827 1 32 1 35 1 26 1 38
1828 1 32 1 35 1 27 1 39
1829 1 32 1 35 1 28 1 40
1830 1 32 1 35 1 29 1 41
1831 1 32 1 35 1 30 1 42
1832 1 32 1 35 1 31 1 43
1833 1 32 1 37 1 16 1 38
1834 1 32 1 37 1 17 1 39
1835 1 32 1 37 1 18 1 40
1836 1 32 1 37 1 19 1 41
1837 1 32 1 37 1 20 1 42
1838 1 32 1 37 1 21 1 43
1839 1 32 1 37 1 22 1 44
1840 1 32 1 37 1 23 1 45
1841 1 32 1 37 1 24 1 46
1842 1 32 1 37 1 25 1 47
1843 1 32 1 37 1 26 1 48
1844 1 32 1 37 1 27 1 49
1845 1 32 1 37 1 28 1 50
1846 1 32 1 37 1 29 1 51
1847 1 32 1 37 1 30 1 52
1848 1 32 1 37 1 31 1 53
1849 1 32 1 44 1 33 1 36
1850 1 32 1 44 1 34 1 37
1851 1 32 1 44 1 35 1 38
1852 1 32 1 44 1 36 1 39
1853 1 32 1 44 1 37 1 40
1854 1 32 1 44 1 38 1 41
1855 1 32 1 44 1 39 1 42
1856 1 32 1 44 1 40 1 43
1857 1 32 1 44 1 1 1 57
1858 1 32 1 44 1 2 1 58
1859 1 32 1 44 1 3 1 59
1860 1 32 1 44 1 4 1 60
1861 1 32 1 44 1 5 1 61
1862 1 32 1 44 1 6 1 62
1863 1 32 1 44 1 7 1 63
1864 1 32 1 44 1 8 1 64
1865 1 32 1 54 1 33 1 38
1866 1 32 1 54 1 34 1 39
1867 1 32 1 54 1 35 1 40
1868 1 32 1 54 1 36 1 41
1869 1 32 1 54 1 37 1 42
1870 1 32 1 54 1 38 1 43
1871 1 32 1 54 1 39 1 44
1872 1 32 1 54 1 40 1 45
1873 1 32 1 54 1 41 1 46
1874 1 32 1 54 1 42 1 47
1875 1 32 1 54 1 43 1 48
1876 1 32 1 54 1 44 1 49
1877 1 32 1 54 1 45 1 50
1878 1 32 1 54 1 46 1 51
1879 1 32 1 54 1 47 1 52
1880 1 32 1 54 1 48 1 53
1881 1 33 1 36 1 25 1 37
1882 1 33 1 36 1 26 1 38
1883 1 33 1 36 1 27 1 39
1884 1 33 1 36 1 28 1 40
1885 1 33 1 36 1 29 1 41
1886 1 33 1 36 1 30 1 42
1887 1 33 1 36 1 31 1 43
1888 1 33 1 36 1 32 1 44
1889 1 33 1 38 1 17 1 39
1890 1 33 1 38 1 18 1 40
1891 1 33 1 38 1 19 1 41
1892 1 33 1 38 1 20 1 42
1893 1 33 1 38 1 21 1 43
1894 1 33 1 38 1 22 1 44
1895 1 33 1 38 1 23 1 45
1896 1 33 1 38 1 24 1 46
1897 1 33 1 38 1 25 1 47
1898 1 33 1 38 1 26 1 48
1899 1 33 1 38 1 27 1 49
1900 1 33 1 38 1 28 1 50
1901 1 33 1 38 1 29 1 51
1902 1 33 1 38 1 30 1 52
1903 1 33 1 38 1 31 1 53
1904 1 33 1 38 1 32 1 54
1905 1 33 1 45 1 34 1 37
1906 1 33 1 45 1 35 1 38
1907 1 33 1 45 1 36 1 39
1908 1 33 1 45 1 37 1 40
1909 1 33 1 45 1 38 1 41
1910 1 33 1 45 1 39 1 42
1911 1 33 1 45 1 40 1 43
1912 1 33 1 45 1 41 1 44
1913 1 33 1 45 1 1 1 57
1914 1 33 1 45 1 2 1 58
1915 1 33 1 45 1 3 1 59
1916 1 33 1 45 1 4 1 60
1917 1 33 1 45 1 5 1 61
1918 1 33 1 45 1 6 1 62
1919 1 33 1 45 1 7 1 63
1920 1 33 1 45 1 8 1 64
1921 1 33 1 55 1 34 1 39
1922 1 33 1 55 1 35 1 40
1923 1 33 1 55 1 36 1 41
1924 1 33 1 55 1 37 1 42
1925 1 33 1 55 1 38 1 43
1926 1 33 1 55 1 39 1 44
1927 1 33 1 55 1 40 1 45
1928 1 33 1 55 1 41 1 46
1929 1 33 1 55 1 42 1 47
1930 1 33 1 55 1 43 1 48
1931 1 33 1 55 1 44 1 49
1932 1 33 1 55 1 45 1 50
1933 1 33 1 55 1 46 1 51
1934 1 33 1 55 1 47 1 52
1935 1 33 1 55 1 48 1 53
1936 1 33 1 55 1 49 1 54
1937 1 34 1 37 1 26 1 38
1938 1 34 1 37 1 27 1 39
1939 1 34 1 37 1 28 1 40
1940 1 34 1 37 1 29 1 41
1941 1 34 1 37 1 30 1 42
1942 1 34 1 37 1 31 1 43
1943 1 34 1 37 1 32 1 44
1944 1 34 1 37 1 33 1 45
1945 1 34 1 39 1 18 1 40
1946 1 34 1 39 1 19 1 41
1947 1 34 1 39 1 20 1 42
1948 1 34 1 39 1 21 1 43
1949 1 34 1 39 1 22 1 44
1950 1 34 1 39 1 23 1 45
1951 1 34 1 39 1 24 1 46
1952 1 34 1 39 1 25 1 47
1953 1 34 1 39 1 26 1 48
1954 1 34 1 39 1 27 1 49
1955 1 34 1 39 1 28 1 50
1956 1 34 1 39 1 29 1 51
1957 1 34 1 39 1 30 1 52
1958 1 34 1 39 1 31 1 53
1959 1 34 1 39 1 32 1 54
1960 1 34 1 39 1 33 1 55
1961 1 34 1 46 1 35 1 38
1962 1 34 1 46 1 36 1 39
1963 1 34 1 46 1 37 1 40
1964 1 34 1 46 1 38 1 41
1965 1 34 1 46 1 39 1 42
1966 1 34 1 46 1 40 1 43
1967 1 34 1 46 1 41 1 44
1968 1 34 1 46 1 42 1 45
1969 1 34 1 46 1 1 1 57
1970 1 34 1 46 1 2 1 58
1971 1 34 1 46 1 3 1 59
1972 1 34 1 46 1 4 1 60
1973 1 34 1 46 1 5 1 61
1974 1 34 1 46 1 6 1 62
1975 1 34 1 46 1 7 1 63
1976 1 34 1 46 1 8 1 64
1977 1 34 1 56 1 35 1 40
1978 1 34 1 56 1 36 1 41
1979 1 34 1 56 1 37 1 42
1980 1 34 1 56 1 38 1 43
1981 1 34 1 56 1 39 1 44
1982 1 34 1 56 1 40 1 45
1983 1 34 1 56 1 41 1 46
1984 1 34 1 56 1 42 1 47
1985 1 34 1 56 1 43 1 48
1986 1 34 1 56 1 44 1 49
1987 1 34 1 56 1 45 1 50
1988 1 34 1 56 1 46 1 51
1989 1 34 1 56 1 47 1 52
1990 1 34 1 56 1 48 1 53
1991 1 34 1 56 1 49 1 54
1992 1 34 1 56 1 50 1 55
1993 1 35 1 38 1 27 1 39
1994 1 35 1 38 1 28 1 40
1995 1 35 1 38 1 29 1 41
1996 1 35 1 38 1 30 1 42
1997 1 35 1 38 1 31 1 43
1998 1 35 1 38 1 32 1 44
1999 1 35 1 38 1 33 1 45
2000 1 35 1 38 1 34 1 46
2001 1 35 1 40 1 19 1 41
2002 1 35 1 40 1 20 1 42
2003 1 35 1 40 1 21 1 43
2004 1 35 1 40 1 22 1 44
2005 1 35 1 40 1 23 1 45
2006 1 35 1 40 1 24 1 46
2007 1 35 1 40 1 25 1 47
2008 1 35 1 40 1 26 1 48
2009 1 35 1 40 1 27 1 49
2010 1 35 1 40 1 28 1 50
2011 1 35 1 40 1 29 1 51
2012 1 35 1 40 1 30 1 52
2013 1 35 1 40 1 31 1 53
2014 1 35 1 40 1 32 1 54
2015 1 35 1 40 1 33 1 55
2016 1 35 1 40 1 34 1 56
2017 1 35 1 47 1 36 1 39
2018 1 35 1 47 1 37 1 40
2019 1 35 1 47 1 38 1 41
2020 1 35 1 47 1 39 1 42
2021 1 35 1 47 1 40 1 43
2022 1 35 1 47 1 41 1 44
2023 1 35 1 47 1 42 1 45
2024 1 35 1 47 1 43 1 46
2025 1 35 1 47 1 1 1 57
2026 1 35 1 47 1 2 1 58
2027 1 35 1 47 1 3 1 59
2028 1 35 1 47 1 4 1 60
2029 1 35 1 47 1 5 1 61
2030 1 35 1 47 1 6 1 62
2031 1 35 1 47 1 7 1 63
2032 1 35 1 47 1 8 1 64
2033 1 35 1 57 1 36 1 41
2034 1 35 1 57 1 37 1 42
2035 1 35 1 57 1 38 1 43
2036 1 35 1 57 1 39 1 44
2037 1 35 1 57 1 40 1 45
2038 1 35 1 57 1 41 1 46
2039 1 35 1 57 1 42 1 47
2040 1 35 1 57 1 43 1 48
2041 1 35 1 57 1 44 1 49
2042 1 35 1 57 1 45 1 50
2043 1 35 1 57 1 46 1 51
2044 1 35 1 57 1 47 1 52
2045 1 35 1 57 1 48 1 53
2046 1 35 1 57 1 49 1 54
2047 1 35 1 57 1 50 1 55
2048 1 35 1 57 1 51 1 56
2049 1 36 1 39 1 28 1 40
2050 1 36 1 39 1 29 1 41
2051 1 36 1 39 1 30 1 42
2052 1 36 1 39 1 31 1 43
2053 1 36 1 39 1 32 1 44
2054 1 36 1 39 1 33 1 45
2055 1 36 1 39 1 34 1 46
2056 1 36 1 39 1 35 1 47
2057 1 36 1 41 1 20 1 42
2058 1 36 1 41 1 21 1 43
2059 1 36 1 41 1 22 1 44
2060 1 36 1 41 1 23 1 45
2061 1 36 1 41 1 24 1 46
2062 1 36 1 41 1 25 1 47
2063 1 36 1 41 1 26 1 48
2064 1 36 1 41 1 27 1 49
2065 1 36 1 41 1 28 1 50
2066 1 36 1 41 1 29 1 51
2067 1 36 1 41 1 30 1 52
2068 1 36 1 41 1 31 1 53
2069 1 36 1 41 1 32 1 54
2070 1 36 1 41 1 33 1 55
2071 1 36 1 41 1 34 1 56
2072 1 36 1 41 1 35 1 57
2073 1 36 1 48 1 37 1 40
2074 1 36 1 48 1 38 1 41
2075 1 36 1 48 1 39 1 42
2076 1 36 1 48 1 40 1 43
2077 1 36 1 48 1 41 1 44
2078 1 36 1 48 1 42 1 45
2079 1 36 1 48 1 43 1 46
2080 1 36 1 48 1 44 1 47
2081 1 36 1 48 1 1 1 57
2082 1 36 1 48 1 2 1 58
2083 1 36 1 48 1 3 1 59
2084 1 36 1 48 1 4 1 60
2085 1 36 1 48 1 5 1 61
2086 1 36 1 48 1 6 1 62
2087 1 36 1 48 1 7 1 63
2088 1 36 1 48 1 8 1 64
2089 1 36 1 58 1 37 1 42
2090 1 36 1 58 1 38 1 43
2091 1 36 1 58 1 39 1 44
2092 1 36 1 58 1 40 1 45
2093 1 36 1 58 1 41 1 46
2094 1 36 1 58 1 42 1 47
2095 1 36 1 58 1 43 1 48
2096 1 36 1 58 1 44 1 49
2097 1 36 1 58 1 45 1 50
2098 1 36 1 58 1 46 1 51
2099 1 36 1 58 1 47 1 52
2100 1 36 1 58 1 48 1 53
2101 1 36 1 58 1 49 1 54
2102 1 36 1 58 1 50 1 55
2103 1 36 1 58 1 51 1 56
2104 1 36 1 58 1 52 1 57
2105 1 37 1 40 1 29 1 41
2106 1 37 1 40 1 30 1 42
2107 1 37 1 40 1 31 1 43
2108 1 37 1 40 1 32 1 44
2109 1 37 1 40 1 33 1 45
2110 1 37 1 40 1 34 1 46
2111 1 37 1 40 1 35 1 47
2112 1 37 1 40 1 36 1 48
2113 1 37 1 42 1 21 1 43
2114 1 37 1 42 1 22 1 44
2115 1 37 1 42 1 23 1 45
2116 1 37 1 42 1 24 1 46
2117 1 37 1 42 1 25 1 47
2118 1 37 1 42 1 26 1 48
2119 1 37 1 42 1 27 1 49
2120 1 37 1 42 1 28 1 50
2121 1 37 1 42 1 29 1 51
2122 1 37 1 42 1 30 1 52
2123 1 37 1 42 1 31 1 53
2124 1 37 1 42 1 32 1 54
2125 1 37 1 42 1 33 1 55
2126 1 37 1 42 1 34 1 56
2127 1 37 1 42 1 35 1 57
2128 1 37 1 42 1 36 1 58
2129 1 37 1 49 1 38 1 41
2130 1 37 1 49 1 39 1 42
2131 1 37 1 49 1 40 1 43
2132 1 37 1 49 1 41 1 44
2133 1 37 1 49 1 42 1 45
2134 1 37 1 49 1 43 1 46
2135 1 37 1 49 1 44 1 47
2136 1 37 1 49 1 45 1 48
2137 1 37 1 49 1 1 1 57
2138 1 37 1 49 1 2 1 58
2139 1 37 1 49 1 3 1 59
2140 1 37 1 49 1 4 1 60
2141 1 37 1 49 1 5 1 61
2142 1 37 1 49 1 6 1 62
2143 1 37 1 49 1 7 1 63
2144 1 37 1 49 1 8 1 64
2145 1 37 1 59 1 38 1 43
2146 1 37 1 59 1 39 1 44
2147 1 37 1 59 1 40 1 45
2148 1 37 1 59 1 41 1 46
2149 1 37 1 59 1 42 1 47
2150 1 37 1 59 1 43 1 48
2151 1 37 1 59 1 44 1 49
2152 1 37 1 59 1 45 1 50
2153 1 37 1 59 1 46 1 51
2154 1 37 1 59 1 47 1 52
2155 1 37 1 59 1 48 1 53
2156 1 37 1 59 1 49 1 54
2157 1 37 1 59 1 50 1 55
2158 1 37 1 59 1 51 1 56
2159 1 37 1 59 1 52 1 57
2160 1 37 1 59 1 53 1 58
2161 1 38 1 41 1 30 1 42
2162 1 38 1 41 1 31 1 43
2163 1 38 1 41 1 32 1 44
2164 1 38 1 41 1 33 1 45
2165 1 38 1 41 1 34 1 46
2166 1 38 1 41 1 35 1 47
2167 1 38 1 41 1 36 1 48
2168 1 38 1 41 1 37 1 49
2169 1 38 1 43 1 22 1 44
2170 1 38 1 43 1 23 1 45
2171 1 38 1 43 1 24 1 46
2172 1 38 1 43 1 25 1 47
2173 1 38 1 43 1 26 1 48
2174 1 38 1 43 1 27 1 49
2175 1 38 1 43 1 28 1 50
2176 1 38 1 43 1 29 1 51
2177 1 38 1 43 1 30 1 52
2178 1 38 1 43 1 31 1 53
2179 1 38 1 43 1 32 1 54
2180 1 38 1 43 1 33 1 55
2181 1 38 1 43 1 34 1 56
2182 1 38 1 43 1 35 1 57
2183 1 38 1 43 1 36 1 58
2184 1 38 1 43 1 37 1 59
2185 1 38 1 50 1 39 1 42
2186 1 38 1 50 1 40 1 43
2187 1 38 1 50 1 41 1 44
2188 1 38 1 50 1 42 1 45
2189 1 38 1 50 1 43 1 46
2190 1 38 1 50 1 44 1 47
2191 1 38 1 50 1 45 1 48
2192 1 38 1 50 1 46 1 49
2193 1 38 1 50 1 1 1 57
2194 1 38 1 50 1 2 1 58
2195 1 38 1 50 1 3 1 59
2196 1 38 1 50 1 4 1 60
2197 1 38 1 50 1 5 1 61
2198 1 38 1 50 1 6 1 62
2199 1 38 1 50 1 7 1 63
2200 1 38 1 50 1 8 1 64
2201 1 38 1 60 1 39 1 44
2202 1 38 1 60 1 40 1 45
2203 1 38 1 60 1 41 1 46
2204 1 38 1 60 1 42 1 47
2205 1 38 1 60 1 43 1 48
2206 1 38 1 60 1 44 1 49
2207 1 38 1 60 1 45 1 50
2208 1 38 1 60 1 46 1 51
2209 1 38 1 60 1 47 1 52
2210 1 38 1 60 1 48 1 53
2211 1 38 1 60 1 49 1 54
2212 1 38 1 60 1 50 1 55
2213 1 38 1 60 1 51 1 56
2214 1 38 1 60 1 52 1 57
2215 1 38 1 60 1 53 1 58
2216 1 38 1 60 1 54 1 59
2217 1 39 1 42 1 31 1 43
2218 1 39 1 42 1 32 1 44
2219 1 39 1 42 1 33 1 45
2220 1 39 1 42 1 34 1 46
2221 1 39 1 42 1 35 1 47
2222 1 39 1 42 1 36 1 48
2223 1 39 1 42 1 37 1 49
2224 1 39 1 42 1 38 1 50
2225 1 39 1 44 1 23 1 45
2226 1 39 1 44 1 24 1 46
2227 1 39 1 44 1 25 1 47
2228 1 39 1 44 1 26 1 48
2229 1 39 1 44 1 27 1 49
2230 1 39 1 44 1 28 1 50
2231 1 39 1 44 1 29 1 51
2232 1 39 1 44 1 30 1 52
2233 1 39 1 44 1 31 1 53
2234 1 39 1 44 1 32 1 54
2235 1 39 1 44 1 33 1 55
2236 1 39 1 44 1 34 1 56
2237 1 39 1 44 1 35 1 57
2238 1 39 1 44 1 36 1 58
2239 1 39 1 44 1 37 1 59
2240 1 39 1 44 1 38 1 60
2241 1 39 1 51 1 40 1 43
2242 1 39 1 51 1 41 1 44
2243 1 39 1 51 1 42 1 45
2244 1 39 1 51 1 43 1 46
2245 1 39 1 51 1 44 1 47
2246 1 39 1 51 1 45 1 48
2247 1 39 1 51 1 46 1 49
2248 1 39 1 51 1 47 1 50
2249 1 39 1 51 1 1 1 57
2250 1 39 1 51 1 2 1 58
2251 1 39 1 51 1 3 1 59
2252 1 39 1 51 1 4 1 60
2253 1 39 1 51 1 5 1 61
2254 1 39 1 51 1 6 1 62
2255 1 39 1 51 1 7 1 63
2256 1 39 1 51 1 8 1 64
2257 1 39 1 61 1 40 1 45
2258 1 39 1 61 1 41 1 46
2259 1 39 1 61 1 42 1 47
2260 1 39 1 61 1 43 1 48
2261 1 39 1 61 1 44 1 49
2262 1 39 1 61 1 45 1 50
2263 1 39 1 61 1 46 1 51
2264 1 39 1 61 1 47 1 52
2265 1 39 1 61 1 48 1 53
2266 1 39 1 61 1 49 1 54
2267 1 39 1 61 1 50 1 55
2268 1 39 1 61 1 51 1 56
2269 1 39 1 61 1 52 1 57
2270 1 39 1 61 1 53 1 58
2271 1 39 1 61 1 54 1 59
2272 1 39 1 61 1 55 1 60
2273 1 40 1 43 1 32 1 44
2274 1 40 1 43 1 33 1 45
2275 1 40 1 43 1 34 1 46
2276 1 40 1 43 1 35 1 47
2277 1 40 1 43 1 36 1 48
2278 1 40 1 43 1 37 1 49
2279 1 40 1 43 1 38 1 50
2280 1 40 1 43 1 39 1 51
2281 1 40 1 45 1 24 1 46
2282 1 40 1 45 1 25 1 47
2283 1 40 1 45 1 26 1 48
2284 1 40 1 45 1 27 1 49
2285 1 40 1 45 1 28 1 50
2286 1 40 1 45 1 29 1 51
2287 1 40 1 45 1 30 1 52
2288 1 40 1 45 1 31 1 53
2289 1 40 1 45 1 32 1 54
2290 1 40 1 45 1 33 1 55
2291 1 40 1 45 1 34 1 56
2292 1 40 1 45 1 35 1 57
2293 1 40 1 45 1 36 1 58
2294 1 40 1 45 1 37 1 59
2295 1 40 1 45 1 38 1 60
2296 1 40 1 45 1 39 1 61
2297 1 40 1 52 1 41 1 44
2298 1 40 1 52 1 42 1 45
2299 1 40 1 52 1 43 1 46
2300 1 40 1 52 1 44 1 47
2301 1 40 1 52 1 45 1 48
2302 1 40 1 52 1 46 1 49
2303 1 40 1 52 1 47 1 50
2304 1 40 1 52 1 48 1 51
2305 1 40 1 52 1 1 1 57
2306 1 40 1 52 1 2 1 58
2307 1 40 1 52 1 3 1 59
2308 1 40 1 52 1 4 1 60
2309 1 40 1 52 1 5 1 61
2310 1 40 1 52 1 6 1 62
2311 1 40 1 52 1 7 1 63
2312 1 40 1 52 1 8 1 64
2313 1 40 1 62 1 41 1 46
2314 1 40 1 62 1 42 1 47
2315 1 40 1 62 1 43 1 48
2316 1 40 1 62 1 44 1 49
2317 1 40 1 62 1 45 1 50
2318 1 40 1 62 1 46 1 51
2319 1 40 1 62 1 47 1 52
2320 1 40 1 62 1 48 1 53
2321 1 40 1 62 1 49 1 54
2322 1 40 1 62 1 50 1 55
2323 1 40 1 62 1 51 1 56
2324 1 40 1 62 1 52 1 57
2325 1 40 1 62 1 53 1 58
2326 1 40 1 62 1 54 1 59
2327 1 40 1 62 1 55 1 60
2328 1 40 1 62 1 56 1 61
2329 1 41 1 44 1 33 1 45
2330 1 41 1 44 1 34 1 46
2331 1 41 1 44 1 35 1 47
2332 1 41 1 44 1 36 1 48
2333 1 41 1 44 1 37 1 49
2334 1 41 1 44 1 38 1 50
2335 1 41 1 44 1 39 1 51
2336 1 41 1 44 1 40 1 52
2337 1 41 1 46 1 25 1 47
2338 1 41 1 46 1 26 1 48
2339 1 41 1 46 1 27 1 49
2340 1 41 1 46 1 28 1 50
2341 1 41 1 46 1 29 1 51
2342 1 41 1 46 1 30 1 52
2343 1 41 1 46 1 31 1 53
2344 1 41 1 46 1 32 1 54
2345 1 41 1 46 1 33 1 55
2346 1 41 1 46 1 34 1 56
2347 1 41 1 46 1 35 1 57
2348 1 41 1 46 1 36 1 58
2349 1 41 1 46 1 37 1 59
2350 1 41 1 46 1 38 1 60
2351 1 41 1 46 1 39 1 61
2352 1 41 1 46 1 40 1 62
2353 1 41 1 53 1 42 1 45
2354 1 41 1 53 1 43 1 46
2355 1 41 1 53 1 44 1 47
2356 1 41 1 53 1 45 1 48
2357 1 41 1 53 1 46 1 49
2358 1 41 1 53 1 47 1 50
2359 1 41 1 53 1 48 1 51
2360 1 41 1 53 1 49 1 52
2361 1 41 1 53 1 1 1 57
2362 1 41 1 53 1 2 1 58
2363 1 41 1 53 1 3 1 59
2364 1 41 1 53 1 4 1 60
2365 1 41 1 53 1 5 1 61
2366 1 41 1 53 1 6 1 62
2367 1 41 1 53 1 7 1 63
2368 1 41 1 53 1 8 1 64
2369 1 41 1 63 1 42 1 47
2370 1 41 1 63 1 43 1 48
2371 1 41 1 63 1 44 1 49
2372 1 41 1 63 1 45 1 50
2373 1 41 1 63 1 46 1 51
2374 1 41 1 63 1 47 1 52
2375 1 41 1 63 1 48 1 53
2376 1 41 1 63 1 49 1 54
2377 1 41 1 63 1 50 1 55
2378 1 41 1 63 1 51 1 56
2379 1 41 1 63 1 52 1 57
2380 1 41 1 63 1 53 1 58
2381 1 41 1 63 1 54 1 59
2382 1 41 1 63 1 55 1 60
2383 1 41 1 63 1 56 1 61
2384 1 41 1 63 1 57 1 62
2385 1 42 1 45 1 34 1 46
2386 1 42 1 45 1 35 1 47
2387 1 42 1 45 1 36 1 48
2388 1 42 1 45 1 37 1 49
2389 1 42 1 45 1 38 1 50
2390 1 42 1 45 1 39 1 51
2391 1 42 1 45 1 40 1 52
2392 1 42 1 45 1 41 1 53
2393 1 42 1 47 1 26 1 48
2394 1 42 1 47 1 27 1 49
2395 1 42 1 47 1 28 1 50
2396 1 42 1 47 1 29 1 51
2397 1 42 1 47 1 30 1 52
2398 1 42 1 47 1 31 1 53
2399 1 42 1 47 1 32 1 54
2400 1 42 1 47 1 33 1 55
2401 1 42 1 47 1 34 1 56
2402 1 42 1 47 1 35 1 57
2403 1 42 1 47 1 36 1 58
2404 1 42 1 47 1 37 1 59
2405 1 42 1 47 1 38 1 60
2406 1 42 1 47 1 39 1 61
2407 1 42 1 47 1 40 1 62
2408 1 42 1 47 1 41 1 63
2409 1 42 1 54 1 43 1 46
2410 1 42 1 54 1 44 1 47
2411 1 42 1 54 1 45 1 48
2412 1 42 1 54 1 46 1 49
2413 1 42 1 54 1 47 1 50
2414 1 42 1 54 1 48 1 51
2415 1 42 1 54 1 49 1 52
2416 1 42 1 54 1 50 1 53
2417 1 42 1 54 1 1 1 57
2418 1 42 1 54 1 2 1 58
2419 1 42 1 54 1 3 1 59
2420 1 42 1 54 1 4 1 60
2421 1 42 1 54 1 5 1 61
2422 1 42 1 54 1 6 1 62
2423 1 42 1 54 1 7 1 63
2424 1 42 1 54 1 8 1 64
2425 1 42 1 64 1 43 1 48
2426 1 42 1 64 1 44 1 49
2427 1 42 1 64 1 45 1 50
2428 1 42 1 64 1 46 1 51
2429 1 42 1 64 1 47 1 52
2430 1 42 1 64 1 48 1 53
2431 1 42 1 64 1 49 1 54
2432 1 42 1 64 1 50 1 55
2433 1 42 1 64 1 51 1 56
2434 1 42 1 64 1 52 1 57
2435 1 42 1 64 1 53 1 58
2436 1 42 1 64 1 54 1 59
2437 1 42 1 64 1 55 1 60
2438 1 42 1 64 1 56 1 61
2439 1 42 1 64 1 57 1 62
2440 1 42 1 64 1 58 1 63
2441 1 43 1 46 1 35 1 47
2442 1 43 1 46 1 36 1 48
2443 1 43 1 46 1 37 1 49
2444 1 43 1 46 1 38 1 50
2445 1 43 1 46 1 39 1 51
2446 1 43 1 46 1 40 1 52
2447 1 43 1 46 1 41 1 53
2448 1 43 1 46 1 42 1 54
2449 1 43 1 48 1 27 1 49
2450 1 43 1 48 1 28 1 50
2451 1 43 1 48 1 29 1 51
2452 1 43 1 48 1 30 1 52
2453 1 43 1 48 1 31 1 53
2454 1 43 1 48 1 32 1 54
2455 1 43 1 48 1 33 1 55
2456 1 43 1 48 1 34 1 56
2457 1 43 1 48 1 35 1 57
2458 1 43 1 48 1 36 1 58
2459 1 43 1 48 1 37 1 59
2460 1 43 1 48 1 38 1 60
2461 1 43 1 48 1 39 1 61
2462 1 43 1 48 1 40 1 62
2463 1 43 1 48 1 41 1 63
2464 1 43 1 48 1 42 1 64
2465 1 43 1 55 1 44 1 47
2466 1 43 1 55 1 45 1 48
2467 1 43 1 55 1 46 1 49
2468 1 43 1 55 1 47 1 50
2469 1 43 1 55 1 48 1 51
2470 1 43 1 55 1 49 1 52
2471 1 43 1 55 1 50 1 53
2472 1 43 1 55 1 51 1 54
2473 1 43 1 55 1 2 1 58
2474 1 43 1 55 1 3 1 59
2475 1 43 1 55 1 4 1 60
2476 1 43 1 55 1 5 1 61
2477 1 43 1 55 1 6 1 62
2478 1 43 1 55 1 7 1 63
2479 1 43 1 55 1 8 1 64
2480 1 44 1 47 1 36 1 48
2481 1 44 1 47 1 37 1 49
2482 1 44 1 47 1 38 1 50
2483 1 44 1 47 1 39 1 51
2484 1 44 1 47 1 40 1 52
2485 1 44 1 47 1 41 1 53
2486 1 44 1 47 1 42 1 54
2487 1 44 1 47 1 43 1 55
2488 1 44 1 49 1 28 1 50
2489 1 44 1 49 1 29 1 51
2490 1 44 1 49 1 30 1 52
2491 1 44 1 49 1 31 1 53
2492 1 44 1 49 1 32 1 54
2493 1 44 1 49 1 33 1 55
2494 1 44 1 49 1 34 1 56
2495 1 44 1 49 1 35 1 57
2496 1 44 1 49 1 36 1 58
2497 1 44 1 49 1 37 1 59
2498 1 44 1 49 1 38 1 60
2499 1 44 1 49 1 39 1 61
2500 1 44 1 49 1 40 1 62
2501 1 44 1 49 1 41 1 63
2502 1 44 1 49 1 42 1 64
2503 1 44 1 56 1 45 1 48
2504 1 44 1 56 1 46 1 49
2505 1 44 1 56 1 47 1 50
2506 1 44 1 56 1 48 1 51
2507 1 44 1 56 1 49 1 52
2508 1 44 1 56 1 50 1 53
2509 1 44 1 56 1 51 1 54
2510 1 44 1 56 1 52 1 55
2511 1 44 1 56 1 3 1 59
2512 1 44 1 56 1 4 1 60
2513 1 44 1 56 1 5 1 61
2514 1 44 1 56 1 6 1 62
2515 1 44 1 56 1 7 1 63
2516 1 44 1 56 1 8 1 64
2517 1 45 1 48 1 37 1 49
2518 1 45 1 48 1 38 1 50
2519 1 45 1 48 1 39 1 51
2520 1 45 1 48 1 40 1 52
2521 1 45 1 48 1 41 1 53
2522 1 45 1 48 1 42 1 54
2523 1 45 1 48 1 43 1 55
2524 1 45 1 48 1 44 1 56
2525 1 45 1 50 1 29 1 51
2526 1 45 1 50 1 30 1 52
2527 1 45 1 50 1 31 1 53
2528 1 45 1 50 1 32 1 54
2529 1 45 1 50 1 33 1 55
2530 1 45 1 50 1 34 1 56
2531 1 45 1 50 1 35 1 57
2532 1 45 1 50 1 36 1 58
2533 1 45 1 50 1 37 1 59
2534 1 45 1 50 1 38 1 60
2535 1 45 1 50 1 39 1 61
2536 1 45 1 50 1 40 1 62
2537 1 45 1 50 1 41 1 63
2538 1 45 1 50 1 42 1 64
2539 1 45 1 57 1 46 1 49
2540 1 45 1 57 1 47 1 50
2541 1 45 1 57 1 48 1 51
2542 1 45 1 57 1 49 1 52
2543 1 45 1 57 1 50 1 53
2544 1 45 1 57 1 51 1 54
2545 1 45 1 57 1 52 1 55
2546 1 45 1 57 1 53 1 56
2547 1 45 1 57 1 4 1 60
2548 1 45 1 57 1 5 1 61
2549 1 45 1 57 1 6 1 62
2550 1 45 1 57 1 7 1 63
2551 1 45 1 57 1 8 1 64
2552 1 46 1 49 1 38 1 50
2553 1 46 1 49 1 39 1 51
2554 1 46 1 49 1 40 1 52
2555 1 46 1 49 1 41 1 53
2556 1 46 1 49 1 42 1 54
2557 1 46 1 49 1 43 1 55
2558 1 46 1 49 1 44 1 56
2559 1 46 1 49 1 45 1 57
2560 1 46 1 51 1 30 1 52
2561 1 46 1 51 1 31 1 53
2562 1 46 1 51 1 32 1 54
2563 1 46 1 51 1 33 1 55
2564 1 46 1 51 1 34 1 56
2565 1 46 1 51 1 35 1 57
2566 1 46 1 51 1 36 1 58
2567 1 46 1 51 1 37 1 59
2568 1 46 1 51 1 38 1 60
2569 1 46 1 51 1 39 1 61
2570 1 46 1 51 1 40 1 62
2571 1 46 1 51 1 41 1 63
2572 1 46 1 51 1 42 1 64
2573 1 46 1 58 1 47 1 50
2574 1 46 1 58 1 48 1 51
2575 1 46 1 58 1 49 1 52
2576 1 46 1 58 1 50 1 53
2577 1 46 1 58 1 51 1 54
2578 1 46 1 58 1 52 1 55
2579 1 46 1 58 1 53 1 56
2580 1 46 1 58 1 54 1 57
2581 1 46 1 58 1 5 1 61
2582 1 46 1 58 1 6 1 62
2583 1 46 1 58 1 7 1 63
2584 1 46 1 58 1 8 1 64
2585 1 47 1 50 1 39 1 51
2586 1 47 1 50 1 40 1 52
2587 1 47 1 50 1 41 1 53
2588 1 47 1 50 1 42 1 54
2589 1 47 1 50 1 43 1 55
2590 1 47 1 50 1 44 1 56
2591 1 47 1 50 1 45 1 57
2592 1 47 1 50 1 46 1 58
2593 1 47 1 52 1 31 1 53
2594 1 47 1 52 1 32 1 54
2595 1 47 1 52 1 33 1 55
2596 1 47 1 52 1 34 1 56
2597 1 47 1 52 1 35 1 57
2598 1 47 1 52 1 36 1 58
2599 1 47 1 52 1 37 1 59
2600 1 47 1 52 1 38 1 60
2601 1 47 1 52 1 39 1 61
2602 1 47 1 52 1 40 1 62
2603 1 47 1 52 1 41 1 63
2604 1 47 1 52 1 42 1 64
2605 1 47 1 59 1 48 1 51
2606 1 47 1 59 1 49 1 52
2607 1 47 1 59 1 50 1 53
2608 1 47 1 59 1 51 1 54
2609 1 47 1 59 1 52 1 55
2610 1 47 1 59 1 53 1 56
2611 1 47 1 59 1 54 1 57
2612 1 47 1 59 1 55 1 58
2613 1 47 1 59 1 6 1 62
2614 1 47 1 59 1 7 1 63
2615 1 47 1 59 1 8 1 64
2616 1 48 1 51 1 40 1 52
2617 1 48 1 51 1 41 1 53
2618 1 48 1 51 1 42 1 54
2619 1 48 1 51 1 43 1 55
2620 1 48 1 51 1 44 1 56
2621 1 48 1 51 1 45 1 57
2622 1 48 1 51 1 46 1 58
2623 1 48 1 51 1 47 1 59
2624 1 48 1 53 1 32 1 54
2625 1 48 1 53 1 33 1 55
2626 1 48 1 53 1 34 1 56
2627 1 48 1 53 1 35 1 57
2628 1 48 1 53 1 36 1 58
2629 1 48 1 53 1 37 1 59
2630 1 48 1 53 1 38 1 60
2631 1 48 1 53 1 39 1 61
2632 1 48 1 53 1 40 1 62
2633 1 48 1 53 1 41 1 63
2634 1 48 1 53 1 42 1 64
2635 1 48 1 60 1 49 1 52
2636 1 48 1 60 1 50 1 53
2637 1 48 1 60 1 51 1 54
2638 1 48 1 60 1 52 1 55
2639 1 48 1 60 1 53 1 56
2640 1 48 1 60 1 54 1 57
2641 1 48 1 60 1 55 1 58
2642 1 48 1 60 1 56 1 59
2643 1 48 1 60 1 7 1 63
2644 1 48 1 60 1 8 1 64
2645 1 49 1 52 1 41 1 53
2646 1 49 1 52 1 42 1 54
2647 1 49 1 52 1 43 1 55
2648 1 49 1 52 1 44 1 56
2649 1 49 1 52 1 45 1 57
2650 1 49 1 52 1 46 1 58
2651 1 49 1 52 1 47 1 59
2652 1 49 1 52 1 48 1 60
2653 1 49 1 54 1 33 1 55
2654 1 49 1 54 1 34 1 56
2655 1 49 1 54 1 35 1 57
2656 1 49 1 54 1 36 1 58
2657 1 49 1 54 1 37 1 59
2658 1 49 1 54 1 38 1 60
2659 1 49 1 54 1 39 1 61
2660 1 49 1 54 1 40 1 62
2661 1 49 1 54 1 41 1 63
2662 1 49 1 54 1 42 1 64
2663 1 49 1 61 1 50 1 53
2664 1 49 1 61 1 51 1 54
2665 1 49 1 61 1 52 1 55
2666 1 49 1 61 1 53 1 56
2667 1 49 1 61 1 54 1 57
2668 1 49 1 61 1 55 1 58
2669 1 49 1 61 1 56 1 59
2670 1 49 1 61 1 57 1 60
2671 1 49 1 61 1 8 1 64
2672 1 50 1 53 1 42 1 54
2673 1 50 1 53 1 43 1 55
2674 1 50 1 53 1 44 1 56
2675 1 50 1 53 1 45 1 57
2676 1 50 1 53 1 46 1 58
2677 1 50 1 53 1 47 1 59
2678 1 50 1 53 1 48 1 60
2679 1 50 1 53 1 49 1 61
2680 1 50 1 55 1 34 1 56
2681 1 50 1 55 1 35 1 57
2682 1 50 1 55 1 36 1 58
2683 1 50 1 55 1 37 1 59
2684 1 50 1 55 1 38 1 60
2685 1 50 1 55 1 39 1 61
2686 1 50 1 55 1 40 1 62
2687 1 50 1 55 1 41 1 63
2688 1 50 1 55 1 42 1 64
2689 1 50 1 62 1 51 1 54
2690 1 50 1 62 1 52 1 55
2691 1 50 1 62 1 53 1 56
2692 1 50 1 62 1 54 1 57
2693 1 50 1 62 1 55 1 58
2694 1 50 1 62 1 56 1 59
2695 1 50 1 62 1 57 1 60
2696 1 50 1 62 1 58 1 61
2697 1 51 1 54 1 43 1 55
2698 1 51 1 54 1 44 1 56
2699 1 51 1 54 1 45 1 57
2700 1 51 1 54 1 46 1 58
2701 1 51 1 54 1 47 1 59
2702 1 51 1 54 1 48 1 60
2703 1 51 1 54 1 49 1 61
2704 1 51 1 54 1 50 1 62
2705 1 51 1 56 1 35 1 57
2706 1 51 1 56 1 36 1 58
2707 1 51 1 56 1 37 1 59
2708 1 51 1 56 1 38 1 60
2709 1 51 1 56 1 39 1 61
2710 1 51 1 56 1 40 1 62
2711 1 51 1 56 1 41 1 63
2712 1 51 1 56 1 42 1 64
2713 1 51 1 63 1 52 1 55
2714 1 51 1 63 1 53 1 56
2715 1 51 1 63 1 54 1 57
2716 1 51 1 63 1 55 1 58
2717 1 51 1 63 1 56 1 59
2718 1 51 1 63 1 57 1 60
2719 1 51 1 63 1 58 1 61
2720 1 51 1 63 1 59 1 62
2721 1 52 1 55 1 44 1 56
2722 1 52 1 55 1 45 1 57
2723 1 52 1 55 1 46 1 58
2724 1 52 1 55 1 47 1 59
2725 1 52 1 55 1 48 1 60
2726 1 52 1 55 1 49 1 61
2727 1 52 1 55 1 50 1 62
2728 1 52 1 55 1 51 1 63
2729 1 52 1 57 1 36 1 58
2730 1 52 1 57 1 37 1 59
2731 1 52 1 57 1 38 1 60
2732 1 52 1 57 1 39 1 61
2733 1 52 1 57 1 40 1 62
2734 1 52 1 57 1 41 1 63
2735 1 52 1 57 1 42 1 64
2736 1 52 1 64 1 53 1 56
2737 1 52 1 64 1 54 1 57
2738 1 52 1 64 1 55 1 58
2739 1 52 1 64 1 56 1 59
2740 1 52 1 64 1 57 1 60
2741 1 52 1 64 1 58 1 61
2742 1 52 1 64 1 59 1 62
2743 1 52 1 64 1 60 1 63
2744 1 53 1 56 1 45 1 57
2745 1 53 1 56 1 46 1 58
2746 1 53 1 56 1 47 1 59
2747 1 53 1 56 1 48 1 60
2748 1 53 1 56 1 49 1 61
2749 1 53 1 56 1 50 1 62
2750 1 53 1 56 1 51 1 63
2751 1 53 1 56 1 52 1 64
2752 1 53 1 58 1 37 1 59
2753 1 53 1 58 1 38 1 60
2754 1 53 1 58 1 39 1 61
2755 1 53 1 58 1 40 1 62
2756 1 53 1 58 1 41 1 63
2757 1 53 1 58 1 42 1 64
2758 1 54 1 57 1 46 1 58
2759 1 54 1 57 1 47 1 59
2760 1 54 1 57 1 48 1 60
2761 1 54 1 57 1 49 1 61
2762 1 54 1 57 1 50 1 62
2763 1 54 1 57 1 51 1 63
2764 1 54 1 57 1 52 1 64
2765 1 54 1 59 1 38 1 60
2766 1 54 1 59 1 39 1 61
2767 1 54 1 59 1 40 1 62
2768 1 54 1 59 1 41 1 63
2769 1 54 1 59 1 42 1 64
2770 1 55 1 58 1 47 1 59
2771 1 55 1 58 1 48 1 60
2772 1 55 1 58 1 49 1 61
2773 1 55 1 58 1 50 1 62
2774 1 55 1 58 1 51 1 63
2775 1 55 1 58 1 52 1 64
2776 1 55 1 60 1 39 1 61
2777 1 55 1 60 1 40 1 62
2778 1 55 1 60 1 41 1 63
2779 1 55 1 60 1 42 1 64
2780 1 56 1 59 1 48 1 60
2781 1 56 1 59 1 49 1 61
2782 1 56 1 59 1 50 1 62
2783 1 56 1 59 1 51 1 63
2784 1 56 1 59 1 52 1 64
2785 1 56 1 61 1 40 1 62
2786 1 56 1 61 1 41 1 63
2787 1 56 1 61 1 42 1 64
2788 1 57 1 60 1 49 1 61
2789 1 57 1 60 1 50 1 62
2790 1 57 1 60 1 51 1 63
2791 1 57 1 60 1 52 1 64
2792 1 57 1 62 1 41 1 63
2793 1 57 1 62 1 42 1 64
2794 1 58 1 61 1 50 1 62
2795 1 58 1 61 1 51 1 63
2796 1 58 1 61 1 52 1 64
2797 1 58 1 63 1 42 1 64
2798 1 59 1 62 1 51 1 63
2799 1 59 1 62 1 52 1 64
2800 1 60 1 63 1 52 1 64
