64
# x y z
0.0 0.0 0.0
0.5 0.0 0.0
1.0 0.0 0.0
1.5 0.0 0.0
2.0 0.0 0.0
2.5 0.0 0.0
3.0 0.0 0.0
3.5 0.0 0.0
4.0 0.0 0.0
4.5 0.0 0.0
5.0 0.0 0.0
5.5 0.0 0.0
6.0 0.0 0.0
6.5 0.0 0.0
7.0 0.0 0.0
7.5 0.0 0.0
8.0 0.0 0.0
8.5 0.0 0.0
9.0 0.0 0.0
9.5 0.0 0.0
10.0 0.0 0.0
10.5 0.0 0.0
11.0 0.0 0.0
11.5 0.0 0.0
12.0 0.0 0.0
12.5 0.0 0.0
13.0 0.0 0.0
13.5 0.0 0.0
14.0 0.0 0.0
14.5 0.0 0.0
15.0 0.0 0.0
15.5 0.0 0.0
16.0 0.0 0.0
16.5 0.0 0.0
17.0 0.0 0.0
17.5 0.0 0.0
18.0 0.0 0.0
18.5 0.0 0.0
19.0 0.0 0.0
19.5 0.0 0.0
20.0 0.0 0.0
20.5 0.0 0.0
21.0 0.0 0.0
21.5 0.0 0.0
22.0 0.0 0.0
22.5 0.0 0.0
23.0 0.0 0.0
23.5 0.0 0.0
24.0 0.0 0.0
24.5 0.0 0.0
25.0 0.0 0.0
25.5 0.0 0.0
26.0 0.0 0.0
26.5 0.0 0.0
27.0 0.0 0.0
27.5 0.0 0.0
28.0 0.0 0.0
28.5 0.0 0.0
29.0 0.0 0.0
29.5 0.0 0.0
30.0 0.0 0.0
30.5 0.0 0.0
31.0 0.0 0.0
31.5 0.0 0.0
1208
# a b m n r rhoa
1 13 2 5 2.30101066 9.219387830511982
1 13 3 6 0.825458401 7.563657641241268
1 13 4 7 0.472719939 6.682920694055182
1 13 5 8 0.332363003 5.732583670469725
1 13 6 9 0.314516833 5.424773650103449
1 13 7 10 0.423428803 5.986083675704052
1 13 8 11 0.785589172 7.198336750193425
1 13 9 12 2.23457955 8.953220368644853
1 23 2 7 2.44158014 9.043057114412328
1 23 3 8 0.883628651 7.426245458362327
1 23 4 9 0.470578835 6.508893102095103
1 23 5 10 0.284766719 5.582435242158956
1 23 6 11 0.199597266 5.036176146716942
1 23 7 12 0.1537406 4.636707259377473
1 23 8 13 0.135412284 4.581341009756152
1 23 9 14 0.126955992 4.544740809200073
1 23 10 15 0.123681034 4.427504631241524
1 23 11 16 0.135833351 4.595586774305512
1 23 12 17 0.162207738 4.892070125339689
1 23 13 18 0.20575843 5.191632720820572
1 23 14 19 0.296732269 5.817002358170202
1 23 15 20 0.457777193 6.331824961516085
1 23 16 21 0.875853619 7.360902063245749
1 23 17 22 2.56162808 9.487687360252853
1 55 2 9 2.49128237 8.915424425531882
1 55 5 12 0.291697768 5.644681628508932
1 55 8 15 0.109747042 4.58777693816926
1 55 11 18 0.0624292 4.312739603442451
1 55 14 21 0.041797573 4.110583873957173
1 55 17 24 0.032799041 4.127590440255897
1 55 20 27 0.027928986 4.1168262884025815
1 55 23 30 0.025901486 4.1259911599374135
1 55 26 33 0.026322208 4.193010297479993
1 55 29 36 0.028612604 4.217593876371052
1 55 32 39 0.03237344 4.074030745661067
1 55 35 42 0.041691473 4.100149465504155
1 55 38 45 0.061200949 4.227889457506451
1 55 41 48 0.109036603 4.558078318500075
1 55 44 51 0.271490068 5.2536397850059675
1 55 47 54 2.3982811 8.582605551144919
2 14 3 6 2.2252231 8.915732171494653
2 14 4 7 0.826133184 7.569840663411672
2 14 5 8 0.437221489 6.181073180252971
2 14 6 9 0.317220768 5.47141101192501
2 14 7 10 0.317179571 5.470700447730619
2 14 8 11 0.434592316 6.143904122634796
2 14 9 12 0.783036119 7.174943180258768
2 14 10 13 2.21227345 8.86384721168339
2 24 3 8 2.35317451 8.71562278275627
2 24 4 9 0.874252747 7.347447917767369
2 24 5 10 0.441145147 6.101775920991071
2 24 6 11 0.274620554 5.383534509420031
2 24 7 12 0.192177421 4.848960925034812
2 24 8 13 0.155839884 4.70002017322258
2 24 9 14 0.135833249 4.595583323386813
2 24 10 15 0.122890876 4.399218740581744
2 24 11 16 0.124419709 4.4539475455486786
2 24 12 17 0.136844107 4.629783213335054
2 24 13 18 0.158777885 4.788628195857838
2 24 14 19 0.207376252 5.232453102428575
2 24 15 20 0.286413403 5.614716074787784
2 24 16 21 0.457262528 6.324706282945702
2 24 17 22 0.919061359 7.724031170227478
2 24 18 23 2.70682015 10.025445740598194
2 56 3 10 2.40503936 8.606790989537474
2 56 6 13 0.281906804 5.455215404632333
2 56 9 16 0.111091616 4.64398442655753
2 56 12 19 0.062294983 4.30346761258953
2 56 15 22 0.042676431 4.197015196711207
2 56 18 25 0.03273403 4.119409140622427
2 56 21 28 0.028086192 4.139998980511583
2 56 24 31 0.026021971 4.145183882891805
2 56 27 34 0.026597487 4.2368610140186655
2 56 30 37 0.028446047 4.193042815472619
2 56 33 40 0.032435993 4.08190271864983
2 56 36 43 0.042086372 4.138985822372096
2 56 39 46 0.061842992 4.272243129717739
2 56 42 49 0.108932368 4.553720962525506
2 56 45 52 0.277372044 5.367462671256268
2 56 48 55 2.36714863 8.471193377716686
3 15 4 7 2.29335349 9.188708085675787
3 15 5 8 0.766104031 7.019794820719121
3 15 6 9 0.418337556 5.914107866926401
3 15 7 10 0.317187153 5.470831221760812
3 15 8 11 0.336220544 5.799118382050628
3 15 9 12 0.464124868 6.56141074045711
3 15 10 13 0.855771207 7.841413233105872
3 15 11 14 2.3751571 9.516468065078033
3 25 4 9 2.40515626 8.908151353273354
3 25 5 10 0.817202442 6.867982287126069
3 25 6 11 0.423830571 5.862286347916452
3 25 7 12 0.262533193 5.146579466822171
3 25 8 13 0.194094404 4.897329643964369
3 25 9 14 0.156584711 4.722483626323974
3 25 10 15 0.131531999 4.450061126757934
3 25 11 16 0.123146343 4.408363888298001
3 25 12 17 0.125260291 4.484038502727596
3 25 13 18 0.133762939 4.525539485222852
3 25 14 19 0.159814353 4.819887334300854
3 25 15 20 0.201443438 5.082758184514677
3 25 16 21 0.282466049 5.537333970024069
3 25 17 22 0.465266873 6.435419774676135
3 25 18 23 0.916356729 7.7013007548756
3 25 19 24 2.53495364 9.388891305819445
3 57 4 11 2.45892036 8.799612160375721
3 57 7 14 0.269440352 5.213975462826921
3 57 10 17 0.109629375 4.5828580816867
3 57 13 20 0.060395888 4.172274161172572
3 57 16 23 0.042386221 4.168474483448714
3 57 19 26 0.032227976 4.055724850199019
3 57 22 29 0.027970676 4.122971534347547
3 57 25 32 0.025921185 4.129129122750034
3 57 28 35 0.026708355 4.254521791779445
3 57 31 38 0.027743773 4.0895252704797
3 57 34 41 0.032287428 4.0632065783036335
3 57 37 44 0.04149195 4.0805273686354315
3 57 40 47 0.061068548 4.21874291972869
3 57 43 50 0.106858969 4.467046260934704
3 57 46 53 0.281164864 5.440858026733384
3 57 49 56 2.33413428 8.35304661686474
4 16 5 8 2.15590211 8.637985917331259
4 16 6 9 0.73943122 6.7753924250452355
4 16 7 10 0.406022452 5.740007185780727
4 16 8 11 0.324484968 5.596703640536343
4 16 9 12 0.342660226 5.910189757453437
4 16 10 13 0.471236219 6.6619450967212535
4 16 11 14 0.833319705 7.635690601348873
4 16 12 15 2.23412388 8.951394649831048
4 26 5 10 2.27495529 8.425916595227736
4 26 6 11 0.797098827 6.699026267624598
4 26 7 12 0.407449419 5.63570759144269
4 26 8 13 0.26713003 5.2366937363596175
4 26 9 14 0.197071675 4.972451219990926
4 26 10 15 0.152829797 4.609238088046264
4 26 11 16 0.132455511 4.481305879993186
4 26 12 17 0.125031712 4.475855885325606
4 26 13 18 0.123625437 4.42551438288232
4 26 14 19 0.136615534 4.622050009022343
4 26 15 20 0.159609677 4.81371445156838
4 26 16 21 0.203011187 5.122315139757939
4 26 17 22 0.294588941 5.774985545936235
4 26 18 23 0.484184133 6.697077150585402
4 26 19 24 0.913785751 7.679693585761695
4 26 20 25 2.55318731 9.456424669363003
4 58 5 12 2.32723195 8.328345602553352
4 58 8 15 0.270247533 5.22959532784276
4 58 11 18 0.108538902 4.537272826813988
4 58 14 21 0.060323685 4.167286227039388
4 58 17 24 0.041799907 4.110813411274132
4 58 20 27 0.032409973 4.078628235616759
4 58 23 30 0.02769946 4.082993385529849
4 58 26 33 0.026141172 4.164172070374782
4 58 29 36 0.026387345 4.203386330970305
4 58 32 39 0.027590333 4.066907699412405
4 58 35 42 0.032247082 4.058129241929605
4 58 38 45 0.041955559 4.126121013013334
4 58 41 48 0.06181974 4.270636832964629
4 58 44 51 0.108028061 4.51591804115269
4 58 47 54 0.28420251 5.499639911448092
4 58 50 57 2.39062037 8.555190489656164
5 17 6 9 2.30091795 9.219016372239048
5 17 7 10 0.747394035 6.848355528270762
5 17 8 11 0.428968295 6.064396398877239
5 17 9 12 0.337594494 5.822816216234783
5 17 10 13 0.346320963 5.973330001580079
5 17 11 14 0.454516468 6.425575185619725
5 17 12 15 0.787138695 7.212534996240749
5 17 13 16 2.30022176 9.216226969423449
5 27 6 11 2.4351264 9.01915393037776
5 27 7 12 0.805071749 6.766032781871698
5 27 8 13 0.43232268 5.9797464323512735
5 27 9 14 0.281430769 5.517038819039441
5 27 10 15 0.19753901 4.984242871383215
5 27 11 16 0.156479339 4.719305681673471
5 27 12 17 0.136254414 4.6098324035247265
5 27 13 18 0.124296114 4.44952312074238
5 27 14 19 0.126902142 4.542813099536906
5 27 15 20 0.137944369 4.667007867355929
5 27 16 21 0.160897281 4.852547673332855
5 27 17 22 0.21114449 5.3275321118312
5 27 18 23 0.308404276 6.0458149927798175
5 27 19 24 0.490740412 6.7877614652731015
5 27 20 25 0.925367836 7.777032446415746
5 27 21 26 2.45914236 9.108103579983544
5 59 6 13 2.49022371 8.911635853294552
5 59 9 16 0.285859385 5.531702316098497
5 59 12 19 0.111193766 4.648254622871651
5 59 15 22 0.062819623 4.339710840206576
5 59 18 25 0.042213277 4.151466299325256
5 59 21 28 0.032866353 4.136061308892407
5 59 24 31 0.0279557 4.12076402167612
5 59 27 34 0.026473377 4.217090844737265
5 59 30 37 0.026229008 4.17816395329317
5 59 33 40 0.027566523 4.063398025487012
5 59 36 43 0.032414431 4.079189251964239
5 59 39 46 0.042156531 4.145885611841043
5 59 42 49 0.061140014 4.223679940361657
5 59 45 52 0.108314036 4.527872709688476
5 59 48 55 0.278076627 5.381097148966292
5 59 51 58 2.47097002 8.842733660522393
6 18 7 10 2.16872938 8.689380541003574
6 18 8 11 0.770008361 7.055570112850926
6 18 9 12 0.44521008 6.294009224844572
6 18 10 13 0.341451326 5.8893386990122805
6 18 11 14 0.341141405 5.883993194104397
6 18 12 15 0.443826699 6.274452136704351
6 18 13 16 0.836666052 7.6663531072075966
6 18 14 17 2.4973264 10.005959998888617
6 28 7 12 2.2990969 8.515331623834525
6 28 8 13 0.828159955 6.960072081927433
6 28 9 14 0.447367992 6.1878482852441445
6 28 10 15 0.277288744 5.435840473898892
6 28 11 16 0.198826782 5.016735534027252
6 28 12 17 0.159028617 4.796190094826349
6 28 13 18 0.133567906 4.518941024176616
6 28 14 19 0.126025087 4.511416490463008
6 28 15 20 0.127565399 4.5665562179781976
6 28 16 21 0.137030771 4.636098529885251
6 28 17 22 0.164064774 4.948077011628187
6 28 18 23 0.217751712 5.494243482679654
6 28 19 24 0.309899868 6.075133887621217
6 28 20 25 0.494455568 6.839148292438006
6 28 21 26 0.920463485 7.735815002528263
6 28 22 27 2.63037078 9.742294674636934
6 60 7 14 2.35498559 8.427666130379919
6 60 10 17 0.285310843 5.521087408171379
6 60 13 20 0.108592981 4.539533501767206
6 60 16 23 0.062659137 4.328624131935476
6 60 19 26 0.041712063 4.102174389821287
6 60 22 29 0.032760501 4.122740379683472
6 60 25 32 0.027858437 4.106427128983743
6 60 28 35 0.026573669 4.233066912883025
6 60 31 38 0.025563129 4.07209239942217
6 60 34 41 0.02736521 4.033723813519661
6 60 37 44 0.031930569 4.018297710482795
6 60 40 47 0.041553862 4.086616106582116
6 60 43 50 0.059999738 4.144907291279898
6 60 46 53 0.109123485 4.561710263641176
6 60 49 56 0.278614311 5.391501942316453
6 60 52 59 2.37454086 8.49764757202833
7 19 8 11 2.23321614 8.947757636211447
7 19 9 12 0.80659022 7.390768903027344
7 19 10 13 0.44690505 6.31797129869482
7 19 11 14 0.335784095 5.791590527302026
7 19 12 15 0.329513118 5.6834289689348
7 19 13 16 0.448209817 6.336417007593129
7 19 14 17 0.830853592 7.61309366077135
7 19 15 18 2.37139158 9.501380873233582
7 29 8 13 2.36673341 8.765841862236744
7 29 9 14 0.866051605 7.278523383165689
7 29 10 15 0.442195131 6.116298957529487
7 29 11 16 0.27928647 5.475002971769921
7 29 12 17 0.202745585 5.115613552688504
7 29 13 18 0.155609834 4.693082028678979
7 29 14 19 0.135280995 4.576899169901876
7 29 15 20 0.127469441 4.563121136012398
7 29 16 21 0.126142513 4.51562007885497
7 29 17 22 0.138115936 4.672812414106065
7 29 18 23 0.167414089 5.049089972254344
7 29 19 24 0.21640005 5.460138767423566
7 29 20 25 0.307501557 6.028118506417005
7 29 21 26 0.48117453 6.655449302603788
7 29 22 27 0.938614335 7.8883594760753475
7 29 23 28 2.74619961 10.171298297342334
7 61 8 15 2.41652757 8.647903257369098
7 61 11 18 0.286320724 5.540629747376664
7 61 14 21 0.109508387 4.577800396795336
7 61 17 24 0.062161296 4.294232235244226
7 61 20 27 0.042253531 4.155425080455019
7 61 23 30 0.032572015 4.099020387025087
7 61 26 33 0.028251364 4.164345887760849
7 61 29 36 0.026367695 4.20025617363907
7 61 32 39 0.025489161 4.0603096270314945
7 61 35 42 0.027314268 4.026214791717587
7 61 38 45 0.032317044 4.066933599422288
7 61 41 48 0.041965631 4.127111544228591
7 61 44 51 0.060542157 4.182378729372323
7 61 47 54 0.109616118 4.58230389673774
7 61 50 57 0.279581568 5.4102194589275046
7 61 53 60 2.29681697 8.219501073783992
8 20 9 12 2.15206075 8.622594859718072
8 20 10 13 0.757022111 6.936577382357692
8 20 11 14 0.428786552 6.061827067745853
8 20 12 15 0.326614066 5.633426236966938
8 20 13 16 0.335228631 5.782009906633685
8 20 14 17 0.469655128 6.639592949305096
8 20 15 18 0.862724812 7.90512896672577
8 20 16 19 2.54725879 10.2060225525816
8 30 9 14 2.2801934 8.445317362429902
8 30 10 15 0.801515947 6.736148895214727
8 30 11 16 0.424649208 5.873609468137998
8 30 12 17 0.275621298 5.403152632610821
8 30 13 18 0.192493493 4.856935955449533
8 30 14 19 0.154205862 4.6507392307169395
8 30 15 20 0.135695091 4.590909087840901
8 30 16 21 0.124348809 4.4514094839865885
8 30 17 22 0.125193544 4.481649109284932
8 30 18 23 0.139529044 4.720621441768685
8 30 19 24 0.165348803 4.98680241393279
8 30 20 25 0.213929889 5.397812433220419
8 30 21 26 0.297113903 5.824483734851746
8 30 22 27 0.479500865 6.6322997137071305
8 30 23 28 0.9501761 7.985527562153967
8 30 24 29 2.55816371 9.474856122292563
8 62 9 16 2.3297556 8.337376859356045
8 62 12 19 0.281217752 5.441881469332946
8 62 15 22 0.11142611 4.6579673442853355
8 62 18 25 0.061441808 4.244528500584779
8 62 21 28 0.042180729 4.1482653650526
8 62 24 31 0.032481416 4.087618969334345
8 62 27 34 0.028414546 4.188399462330083
8 62 30 37 0.026090003 4.156021076966032
8 62 33 40 0.025449618 4.0540106035531736
8 62 36 43 0.027536641 4.058993318379133
8 62 39 46 0.032649507 4.108772356248709
8 62 42 49 0.041837524 4.114512856540647
8 62 45 52 0.061382395 4.240424126380731
8 62 48 55 0.109675141 4.58477124668437
8 62 51 58 0.290606424 5.623562888144818
8 62 54 61 2.47708489 8.864616632125067
9 21 10 13 2.07127753 8.29892324518606
9 21 11 14 0.741475952 6.794128260548703
9 21 12 15 0.422842779 5.977798956584529
9 21 13 16 0.32200535 5.553935289283353
9 21 14 17 0.343219947 5.91984380268608
9 21 15 18 0.477405488 6.74916108247914
9 21 16 19 0.877099475 8.036843695788438
9 21 17 20 2.31494969 9.275236908391152
9 31 10 15 2.18186976 8.081148979156227
9 31 11 16 0.787777473 6.6206871794454765
9 31 12 17 0.427221974 5.909195129084064
9 31 13 18 0.263080224 5.157303209904498
9 31 14 19 0.191376952 4.828763740149593
9 31 15 20 0.156238779 4.7120505629974945
9 31 16 21 0.132307551 4.476300017926761
9 31 17 22 0.1224609 4.383826560635037
9 31 18 23 0.125604812 4.496371584637795
9 31 19 24 0.136923992 4.6324859254949375
9 31 20 25 0.16271373 4.907330484539452
9 31 21 26 0.20500162 5.172537126246663
9 31 22 27 0.290470243 5.694244492530308
9 31 23 28 0.476631228 6.592607829827958
9 31 24 29 0.887369085 7.4576810404627585
9 31 25 30 2.49432061 9.238395811118366
9 63 10 17 2.23801171 8.009057706276938
9 63 13 20 0.268234776 5.1906462041026264
9 63 16 23 0.109529855 4.578697827774009
9 63 19 26 0.060038088 4.14755658942551
9 63 22 29 0.04170675 4.101651882638338
9 63 25 32 0.032210645 4.053543833079645
9 63 28 35 0.02841926 4.189094321754035
9 63 31 38 0.025394215 4.045185152834477
9 63 34 41 0.0252068 4.015330779489269
9 63 37 44 0.027117588 3.997223499502287
9 63 40 47 0.032183559 4.0501351994349974
9 63 43 50 0.041074599 4.039482968990986
9 63 46 53 0.061600551 4.255494798773275
9 63 49 56 0.109577868 4.580704924549632
9 63 52 59 0.291773032 5.646138072008657
9 63 55 62 2.2897402 8.194175799992617
10 22 11 14 2.24139243 8.980517323002614
10 22 12 15 0.797254636 7.30522714686918
10 22 13 16 0.426970213 6.036149180081124
10 22 14 17 0.334564114 5.7705483442198044
10 22 15 18 0.354671836 6.117365522266377
10 22 16 19 0.478463173 6.7641137518952945
10 22 17 20 0.80640922 7.389110403905637
10 22 18 21 2.29524831 9.196300002024845
10 32 11 16 2.36159121 8.746796323844654
10 32 12 17 0.859931409 7.227087661046617
10 32 13 18 0.4294486 5.939993094343903
10 32 14 19 0.272910926 5.350019751685361
10 32 15 20 0.203051813 5.123340202356425
10 32 16 21 0.157204148 4.741165406118166
10 32 17 22 0.133176446 4.505696939528587
10 32 18 23 0.125515082 4.493159451154488
10 32 19 24 0.126073894 4.513163671995602
10 32 20 25 0.138623548 4.689986215506863
10 32 21 26 0.160734906 4.847650558704439
10 32 22 27 0.206172881 5.202090019570261
10 32 23 28 0.299799919 5.87713915200182
10 32 24 29 0.476273234 6.5876561734764945
10 32 25 30 0.935624027 7.863228148363222
10 32 26 31 2.68294729 9.937026100821647
11 23 12 15 2.35173763 9.422634003172801
11 23 13 16 0.77278253 7.080989763955724
11 23 14 17 0.436246423 6.1672885094323275
11 23 15 18 0.35162652 6.064840034725815
11 23 16 19 0.35447131 6.113906857906239
11 23 17 20 0.448242029 6.3368723940146365
11 23 18 21 0.811982716 7.440180228330172
11 23 19 22 2.40895498 9.65188497947386
11 33 12 17 2.4945866 9.239380977536808
11 33 13 18 0.834475688 7.013151147951832
11 33 14 19 0.436822805 6.041990694932835
11 33 15 20 0.290138935 5.687749683510124
11 33 16 21 0.203516382 5.13506206289686
11 33 17 22 0.156910429 4.732307049773016
11 33 18 23 0.135657227 4.589628052687595
11 33 19 24 0.125271346 4.48443424702335
11 33 20 25 0.12756091 4.566395521809619
11 33 21 26 0.136503912 4.618273553658876
11 33 22 27 0.159674096 4.8156572828370345
11 33 23 28 0.209178606 5.277929538076445
11 33 24 29 0.296193977 5.806449930407841
11 33 25 30 0.487255712 6.7395622304034095
11 33 26 31 0.978902881 8.2269549159334
11 33 27 32 2.50248939 9.268651112955427
12 24 13 16 2.18697113 8.76246919325573
12 24 14 17 0.769642939 7.052221758894834
12 24 15 18 0.466016431 6.58815208236782
12 24 16 19 0.352191204 6.074579681582284
12 24 17 20 0.336956536 5.811812742381691
12 24 18 21 0.451598842 6.384328219785873
12 24 19 22 0.855027542 7.834599046645403
12 24 20 23 2.57501301 10.317224522464414
12 34 13 18 2.32792244 8.622094863059504
12 34 14 19 0.828276926 6.961055136694306
12 34 15 20 0.465274216 6.435521340659333
12 34 16 21 0.289588654 5.676962228928782
12 34 17 22 0.201415774 5.082060175069384
12 34 18 23 0.15899096 4.795054386462608
12 34 19 24 0.134791197 4.560328061302182
12 34 20 25 0.126812488 4.5396036866837655
12 34 21 26 0.125400847 4.489070093431704
12 34 22 27 0.134400199 4.547099607285908
12 34 23 28 0.159806133 4.819639424941374
12 34 24 29 0.20508872 5.174734806361075
12 34 25 30 0.296931032 5.8208988162251805
12 34 26 31 0.496972413 6.873960472334585
12 34 27 32 0.915807345 7.696683588569053
12 34 28 33 2.53198353 9.37789069440143
13 25 14 17 2.19020632 8.775431528386935
13 25 15 18 0.853718659 7.822605779761878
13 25 16 19 0.474581546 6.7092385429930035
13 25 17 20 0.340315283 5.869744275168568
13 25 18 21 0.338323312 5.8353868397031965
13 25 19 22 0.46087838 6.515514597628656
13 25 20 23 0.86313844 7.90891903122695
13 25 21 24 2.4083677 9.64953194296724
13 35 14 19 2.32968522 8.628623798955969
13 35 15 20 0.912202117 7.66638431292757
13 35 16 21 0.472929687 6.541409320906445
13 35 17 22 0.289360549 5.672490563857161
13 35 18 23 0.206054893 5.1991129830451275
13 35 19 24 0.158906499 4.792507102714307
13 35 20 25 0.137770984 4.661141813054854
13 35 21 26 0.125604606 4.496364210298136
13 35 22 27 0.123367176 4.416269216209724
13 35 23 28 0.133523302 4.5174319577288555
13 35 24 29 0.156184166 4.710403473721426
13 35 25 30 0.203055491 5.123433004508673
13 35 26 31 0.298117632 5.8441603746039394
13 35 27 32 0.462089846 6.391476172483594
13 35 28 33 0.879675387 7.393021197477981
13 35 29 34 2.40667674 8.913782865119336
14 26 15 18 2.38077484 9.538976489176765
14 26 16 19 0.841386142 7.709603190740087
14 26 17 20 0.451822261 6.387486731486699
14 26 18 21 0.340729932 5.876896124396433
14 26 19 22 0.345936437 5.966697712641256
14 26 20 23 0.484456983 6.848849244478854
14 26 21 24 0.859651521 7.876968467144268
14 26 22 25 2.40750188 9.64606288890757
14 36 15 20 2.51450001 9.313135715717431
14 36 16 21 0.893604839 7.5100879421284725
14 36 17 22 0.456272357 6.3110105603325195
14 36 18 23 0.288382813 5.653323478872319
14 36 19 24 0.201377632 5.0810977879864465
14 36 20 25 0.16102443 4.856382396830243
14 36 21 26 0.136151761 4.606359392179061
14 36 22 27 0.12367048 4.427126821626202
14 36 23 28 0.123175989 4.409425148849055
14 36 24 29 0.132925203 4.497196751618646
14 36 25 30 0.158162885 4.770080232831043
14 36 26 31 0.210498539 5.311233677071338
14 36 27 32 0.292040847 5.725033887976044
14 36 28 33 0.467598694 6.467672762896951
14 36 29 34 0.907779485 7.629215361053003
14 36 30 35 2.70189122 10.007190105744062
15 27 16 19 2.25409583 9.031415640599336
15 27 17 20 0.789935368 7.238160851015353
15 27 18 21 0.4472032 6.322186295018326
15 27 19 22 0.339136542 5.849413397943002
15 27 20 23 0.363538578 6.270298730658011
15 27 21 24 0.489687732 6.922797216319128
15 27 22 25 0.858408666 7.865580213409959
15 27 23 26 2.30083587 9.21868750485643
15 37 16 21 2.37688968 8.803458374664384
15 37 17 22 0.847549448 7.1230264340393115
15 37 18 23 0.450610547 6.23269824937962
15 37 19 24 0.277890925 5.447645352110657
15 37 20 25 0.202851022 5.118273906284636
15 37 21 26 0.158130114 4.769091882755676
15 37 22 27 0.132744926 4.491097523477603
15 37 23 28 0.12183926 4.361573237793599
15 37 24 29 0.121483859 4.34885067619658
15 37 25 30 0.132897972 4.496275457823494
15 37 26 31 0.161701814 4.876811816971612
15 37 27 32 0.204246477 5.153483592898365
15 37 28 33 0.28822204 5.650171759231978
15 37 29 34 0.466644916 6.454480416400684
15 37 30 35 0.920800967 7.738651289204733
15 37 31 36 2.3953588 8.871863791417542
16 28 17 20 2.29908041 9.211653957884097
16 28 18 21 0.838444582 7.682649739488982
16 28 19 22 0.455305381 6.436728180402772
16 28 20 23 0.363468717 6.26909377094773
16 28 21 24 0.371523415 6.408020877179724
16 28 22 25 0.488643638 6.908036685138871
16 28 23 26 0.846977252 7.760834411869206
16 28 24 27 2.47402561 9.912601448447433
16 38 17 22 2.43909622 9.033857240093383
16 38 18 23 0.902482196 7.584695563813106
16 38 19 24 0.45701248 6.321247700490772
16 38 20 25 0.294931155 5.781694151143574
16 38 21 26 0.208068328 5.249915348844892
16 38 22 27 0.159522673 4.811090472746944
16 38 23 28 0.134122588 4.537707323059616
16 38 24 29 0.123166297 4.4090781969074495
16 38 25 30 0.124058435 4.441014743675861
16 38 26 31 0.13898083 4.702073971730277
16 38 27 32 0.161871555 4.881931084926297
16 38 28 33 0.207105459 5.22562053766139
16 38 29 34 0.297036814 5.822972517698653
16 38 30 35 0.487821692 6.747390681332197
16 38 31 36 0.889525213 7.475801702065941
16 38 32 37 2.47700964 9.17427991836054
17 29 18 21 2.47901724 9.932601257086484
17 29 19 22 0.824642551 7.55618202517251
17 29 20 23 0.482473246 6.82080482334251
17 29 21 24 0.369262883 6.369031312418286
17 29 22 25 0.365802385 6.309344782487357
17 29 23 26 0.470569079 6.6525136271681315
17 29 24 27 0.867500311 7.948886761738011
17 29 25 28 2.59756981 10.407602151316986
17 39 18 23 2.62694597 9.729609957912457
17 39 19 24 0.888117551 7.463971343778465
17 39 20 25 0.479597102 6.6336308325311775
17 39 21 26 0.299795807 5.877058542252913
17 39 22 27 0.208078967 5.2501837887844705
17 39 23 28 0.159568121 4.812461152134979
17 39 24 29 0.134725978 4.558121537119226
17 39 25 30 0.124825835 4.4684859487922
17 39 26 31 0.128993142 4.617666226847647
17 39 27 32 0.139150897 4.707827769676009
17 39 28 33 0.163051619 4.917520976700689
17 39 29 34 0.211704876 5.341671597119311
17 39 30 35 0.307191607 6.022042389764809
17 39 31 36 0.473138764 6.544301205840256
17 39 32 37 0.903369347 7.592151412010396
17 39 33 38 2.39099064 8.855685121007449
18 30 19 22 2.34603498 9.39978537281849
18 30 20 23 0.861333059 7.892376363807903
18 30 21 24 0.485204491 6.859416889864702
18 30 22 25 0.36143593 6.234032342760601
18 30 23 26 0.349125556 6.021703508525778
18 30 24 27 0.469341139 6.635154034394411
18 30 25 28 0.884241764 8.102288336857399
18 30 26 29 2.4206566 9.698769496308422
18 40 19 24 2.49077955 9.225280530853366
18 40 20 25 0.919483982 7.7275830040558615
18 40 21 26 0.47983677 6.6369458422085525
18 40 22 27 0.295102136 5.785045983701435
18 40 23 28 0.204808173 5.167656131699103
18 40 24 29 0.158204367 4.771331300477024
18 40 25 30 0.13468786 4.556831908501708
18 40 26 31 0.128409389 4.59676917394137
18 40 27 32 0.128496181 4.599876133590127
18 40 28 33 0.138686901 4.69212960817714
18 40 29 34 0.164515887 4.96168225918088
18 40 30 35 0.21571192 5.442776085252156
18 40 31 36 0.295891679 5.800523820029634
18 40 32 37 0.470244567 6.504269616044246
18 40 33 38 0.860336258 7.23049011754706
18 40 34 39 2.4036069 8.902412876480705
19 31 20 23 2.54217367 10.18564816046788
19 31 21 24 0.882997481 8.090886998389689
19 31 22 25 0.482313141 6.818541392229395
19 31 23 26 0.348395511 6.009111721810853
19 31 24 27 0.343781852 5.929535517462634
19 31 25 28 0.471652332 6.667827755668638
19 31 26 29 0.832005787 7.623651198868234
19 31 27 30 2.36081656 9.459010269572223
19 41 20 25 2.68452574 9.942872320353171
19 41 21 26 0.939596259 7.896611821262666
19 41 22 27 0.479610968 6.633822622524779
19 41 23 28 0.293991998 5.7632833510573445
19 41 24 29 0.205168734 5.176753694727027
19 41 25 30 0.159025768 4.7961041710106365
19 41 26 31 0.139381062 4.715614835386463
19 41 27 32 0.129099959 4.6214900367471925
19 41 28 33 0.128577549 4.602788926159722
19 41 29 34 0.139936411 4.734403700571154
19 41 30 35 0.167288168 5.045292284364431
19 41 31 36 0.208751913 5.267163352989667
19 41 32 37 0.294106052 5.765519212998464
19 41 33 38 0.45169325 6.247673844464167
19 41 34 39 0.86185484 7.243252676420505
19 41 35 40 2.61358035 9.680106743559833
20 32 21 24 2.33606069 9.359821695360344
20 32 22 25 0.821926183 7.531292003392208
20 32 23 26 0.452391233 6.395530383635541
20 32 24 27 0.339024926 5.847488249676836
20 32 25 28 0.350427926 6.044166733756986
20 32 26 29 0.476351533 6.734261144695676
20 32 27 30 0.88190436 8.080870754089025
20 32 28 31 2.5457401 10.199937664602716
20 42 21 26 2.46583382 9.132887224791043
20 42 22 27 0.872377957 7.33169169403342
20 42 23 28 0.453661841 6.274902753687733
20 42 24 29 0.282944757 5.546718340568801
20 42 25 30 0.199172493 5.025458406473098
20 42 26 31 0.16049196 4.840323479963776
20 42 27 32 0.138116824 4.672842457398273
20 42 28 33 0.127072923 4.548926677698195
20 42 29 34 0.127345447 4.5586824278977325
20 42 30 35 0.139477795 4.718887558117413
20 42 31 36 0.159370348 4.806496458977746
20 42 32 37 0.203224132 5.127688101778184
20 42 33 38 0.276007605 5.410725616626178
20 42 34 39 0.433532599 5.996481637692996
20 42 35 40 0.847364863 7.121475133596099
20 42 36 41 2.42163078 8.969169225614227
21 33 22 25 2.31549067 9.277404436128094
21 33 23 26 0.815651293 7.473795320774464
21 33 24 27 0.450277836 6.365652937433607
21 33 25 28 0.340945125 5.880607764581004
21 33 26 29 0.352775724 6.084661458966703
21 33 27 30 0.488106591 6.900444362044625
21 33 28 31 0.915243818 8.386359493377466
21 33 29 32 2.35559099 9.438073140812685
21 43 22 27 2.44166391 9.043367379425572
21 43 23 28 0.87365716 7.342442449408229
21 43 24 29 0.455283355 6.297331006946404
21 43 25 30 0.281565116 5.519672495580407
21 43 26 31 0.205291466 5.1798504303849136
21 43 27 32 0.162540052 4.902092479462106
21 43 28 33 0.13805762 4.6708394359209775
21 43 29 34 0.127260345 4.555635966472386
21 43 30 35 0.12802231 4.582912610734141
21 43 31 36 0.134727674 4.558178917100739
21 43 32 37 0.157458842 4.748846796191574
21 43 33 38 0.194170424 4.899247756964341
21 43 34 39 0.268389198 5.261377884295453
21 43 35 40 0.429374058 5.938962053690287
21 43 36 41 0.82350992 6.920991975979199
21 43 37 42 2.5564402 9.468472633537916
22 34 23 26 2.4066239 9.642545113754181
22 34 24 27 0.848477472 7.774580895583949
22 34 25 28 0.457665041 6.470087087747135
22 34 26 29 0.35188365 6.069275002594932
22 34 27 30 0.362217943 6.247520471443489
22 34 28 31 0.497343126 7.031022799297438
22 34 29 32 0.854068109 7.825807782624203
22 34 30 33 2.38750135 9.565927387542361
22 44 23 28 2.54671483 9.432452076633815
22 44 24 29 0.915476414 7.693902358203785
22 44 25 30 0.464181884 6.420412560384508
22 44 26 31 0.297489322 5.831843275543634
22 44 27 32 0.213692101 5.391812640349631
22 44 28 33 0.166258695 5.014244110151289
22 44 29 34 0.140692244 4.7599754479572844
22 44 30 35 0.130060782 4.655885353027484
22 44 31 36 0.126466854 4.527230761860752
22 44 32 37 0.136704343 4.625054642735894
22 44 33 38 0.155405342 4.686914695255767
22 44 34 39 0.195187996 4.924922817232787
22 44 35 40 0.275585868 5.402458079253869
22 44 36 41 0.441207371 6.102636583082652
22 44 37 42 0.901049165 7.5726519978384195
22 44 38 43 2.75278244 10.195679601354934
23 35 24 27 2.54195135 10.184757397839915
23 35 25 28 0.839915645 7.696129058237471
23 35 26 29 0.473012997 6.687063703924623
23 35 27 30 0.362744241 6.25659803812019
23 35 28 31 0.366437248 6.320294873905279
23 35 29 32 0.465174607 6.57625107594475
23 35 30 33 0.822669896 7.538106629675648
23 35 31 34 2.26078652 9.05822302008524
23 45 24 29 2.6947535 9.980753615469087
23 45 25 30 0.910989454 7.656192777053215
23 45 26 31 0.484632885 6.7032841420183065
23 45 27 32 0.309258848 6.062567627590918
23 45 28 33 0.218493729 5.51296582487776
23 45 29 34 0.168528495 5.082699665400422
23 45 30 35 0.142498159 4.82107413269429
23 45 31 36 0.127187846 4.553040664283529
23 45 32 37 0.126805662 4.539359331137605
23 45 33 38 0.132694271 4.489383736352875
23 45 34 39 0.151913805 4.5816124201619735
23 45 35 40 0.192379411 4.854057473901746
23 45 36 41 0.270277763 5.2984004403375735
23 45 37 42 0.444491578 6.148062664109335
23 45 38 43 0.878278524 7.381281596800744
23 45 39 44 2.38409406 8.830141758406983
24 36 25 28 2.37077528 9.49891156319573
24 36 26 29 0.842693667 7.721584014298711
24 36 27 30 0.484810844 6.8538518365098176
24 36 28 31 0.371096714 6.400661155541954
24 36 29 32 0.357513363 6.166376065354408
24 36 30 33 0.4692862 6.634377352579831
24 36 31 34 0.843498791 7.728961348259294
24 36 32 35 2.5661582 10.281746230696962
24 46 25 30 2.5250952 9.352377887923195
24 46 26 31 0.914502891 7.685720617209784
24 46 27 32 0.49206496 6.8060821815896215
24 46 28 33 0.311240871 6.101422291102245
24 46 29 34 0.21797784 5.4999490740563655
24 46 30 35 0.16839891 5.078791473873874
24 46 31 36 0.138517819 4.686409135279632
24 46 32 37 0.127540173 4.565653183549914
24 46 33 38 0.123485639 4.420509926884335
24 46 34 39 0.130016289 4.398780813208998
24 46 35 40 0.149904776 4.521021532988383
24 46 36 41 0.190493655 4.806476664925493
24 46 37 42 0.272792233 5.347692948930725
24 46 38 43 0.438506018 6.065272348654165
24 46 39 44 0.796137457 6.690946663609692
24 46 40 45 2.33888672 8.662704060617283
25 37 26 29 2.39245938 9.585792572106659
25 37 27 30 0.857540494 7.857625171976306
25 37 28 31 0.491871296 6.953666625113823
25 37 29 32 0.360046403 6.210065837108717
25 37 30 33 0.351920737 6.069914677675093
25 37 31 34 0.463044026 6.546130696666099
25 37 32 35 0.86544861 7.930087069436869
25 37 33 36 2.26393167 9.07082459474945
25 47 26 31 2.54715783 9.434092847803294
25 47 27 32 0.924513048 7.7698485853043175
25 47 28 33 0.494386594 6.838194266545992
25 47 29 34 0.308139385 6.040622191953501
25 47 30 35 0.21602067 5.450566369239808
25 47 31 36 0.163165831 4.920965529470146
25 47 32 37 0.139256287 4.711393380673445
25 47 33 38 0.125460952 4.4912217181170275
25 47 34 39 0.122081555 4.370246857344892
25 47 35 40 0.129835094 4.39265052679966
25 47 36 41 0.152141184 4.5884700092433865
25 47 37 42 0.197648484 4.987005085307958
25 47 38 43 0.281587895 5.520119044576117
25 47 39 44 0.429742804 5.944062428202083
25 47 40 45 0.841580632 7.0728629488901635
25 47 41 46 2.61852448 9.698418675754317
26 38 27 30 2.31677976 9.282569392929483
26 38 28 31 0.86514386 7.927294651716757
26 38 29 32 0.47866208 6.7669257333600585
26 38 30 33 0.354713328 6.118081174608871
26 38 31 34 0.350753895 6.049789033921602
26 38 32 35 0.487471194 6.891461648581717
26 38 33 36 0.832002922 7.623624946934622
26 38 34 37 2.33247828 9.345468164656621
26 48 27 32 2.46062907 9.11361001543586
26 48 28 33 0.922698457 7.754598289654346
26 48 29 34 0.483573823 6.688635541542063
26 48 30 35 0.30052627 5.891378201546711
26 48 31 36 0.20615866 5.201731199720582
26 48 32 37 0.162126999 4.8896350944668105
26 48 33 38 0.134734449 4.558408132533965
26 48 34 39 0.121316914 4.342874418263108
26 48 35 40 0.118729591 4.25025403666913
26 48 36 41 0.12831778 4.341315945862547
26 48 37 42 0.152032417 4.585189673805118
26 48 38 43 0.195610951 4.9355946862659765
26 48 39 44 0.263552877 5.166568881025682
26 48 40 45 0.417533814 5.77519165696447
26 48 41 46 0.809069156 6.799628032031796
26 48 42 47 2.21598255 8.207494988958697
27 39 28 31 2.49836328 10.010114433728871
27 39 29 32 0.88069536 8.069792712994303
27 39 30 33 0.479997573 6.785805820849801
27 39 31 34 0.352540495 6.080604238662249
27 39 32 35 0.367912199 6.345734769263738
27 39 33 36 0.47281783 6.684304595464218
27 39 34 37 0.838735839 7.685318521139209
27 39 35 38 2.23562454 8.95740729756982
27 49 28 33 2.63542762 9.761024059017677
27 49 29 34 0.94443241 7.937256094577096
27 49 30 35 0.485793772 6.719341152713681
27 49 31 36 0.293694514 5.757451612111832
27 49 32 37 0.209806552 5.293773676275344
27 49 33 38 0.159850743 4.8209848308448295
27 49 34 39 0.132580518 4.485535183854618
27 49 35 40 0.119377376 4.273443292085193
27 49 36 41 0.119560919 4.280013721327659
27 49 37 42 0.130663795 4.420687583438671
27 49 38 43 0.154879813 4.6710651140175425
27 49 39 44 0.191071208 4.821049302619162
27 49 40 45 0.267493663 5.243822229750771
27 49 41 46 0.426322918 5.896759679459992
27 49 42 47 0.788226698 6.624462583414392
27 49 43 48 2.38188601 8.82196364377771
28 40 29 32 2.60177355 10.424445145603087
28 40 30 33 0.889925857 8.15437155922317
28 40 31 34 0.477237591 6.746787494561222
28 40 32 35 0.371575078 6.408911958519988
28 40 33 36 0.359852553 6.206722320127314
28 40 34 37 0.466842204 6.599826173124318
28 40 35 38 0.78931408 7.23246800238371
28 40 36 39 2.2602396 9.05603169273508
28 50 29 34 2.7518664 10.192286797693333
28 50 30 35 0.958287011 8.05369377191727
28 50 31 36 0.481315381 6.65739750773784
28 50 32 37 0.305625775 5.991346542403164
28 50 33 38 0.210816173 5.319248119384322
28 50 34 39 0.159496815 4.810310613839713
28 50 35 40 0.131603757 4.452488881895555
28 50 36 41 0.121795076 4.359991549330137
28 50 37 42 0.122798128 4.3958985694426636
28 50 38 43 0.134943946 4.565495947384801
28 50 39 44 0.154265509 4.652538141856223
28 50 40 45 0.196675259 4.962448974752873
28 50 41 46 0.277330906 5.436666998274727
28 50 42 47 0.427735466 5.916297583100682
28 50 43 48 0.857770911 7.208930272824603
28 50 44 49 2.54119234 9.411998030638923
29 41 30 33 2.41560573 9.678532332604235
29 41 31 34 0.830397429 7.608913848976568
29 41 32 35 0.488345272 6.9038186351873065
29 41 33 36 0.360826535 6.223521522379472
29 41 34 37 0.351658955 6.0653994722976075
29 41 35 38 0.440146346 6.222422371940974
29 41 36 39 0.797231363 7.305013896868851
29 41 37 40 2.47566244 9.919159684289163
29 51 30 35 2.56575958 9.50298949588875
29 51 31 36 0.89336541 7.508075718416807
29 51 32 37 0.484536145 6.701946065862169
29 51 33 38 0.29878837 5.857309212581228
29 51 34 39 0.20522312 5.178125945366549
29 51 35 40 0.154633025 4.663622163286719
29 51 36 41 0.131991115 4.465594185479808
29 51 37 42 0.12289501 4.3993667285436295
29 51 38 43 0.124882952 4.470530609754709
29 51 39 44 0.132571476 4.48522927006167
29 51 40 45 0.155080002 4.677102672018146
29 51 41 46 0.197858989 4.992316482006973
29 51 42 47 0.269402027 5.281232916244888
29 51 43 48 0.441139585 6.101698989219513
29 51 44 49 0.860262679 7.229871740456227
29 51 45 50 2.29325171 8.493682370488864
30 42 31 34 2.34771328 9.406509765219152
30 42 32 35 0.888430285 8.140667665032835
30 42 33 36 0.488274402 6.902816734166187
30 42 34 37 0.35345347 6.096351194639016
30 42 35 38 0.327376666 5.646579531008815
30 42 36 39 0.429135367 6.066758323632432
30 42 37 40 0.789996455 7.238720589887441
30 42 38 41 2.29752942 9.205439654500015
30 52 31 36 2.49528633 9.241972618192383
30 52 32 37 0.945781614 7.948595156598303
30 52 33 38 0.489136333 6.76557436725303
30 52 34 39 0.296221171 5.806983029024521
30 52 35 40 0.200685058 5.063622976188992
30 52 36 41 0.156449657 4.71841049364329
30 52 37 42 0.133215205 4.507008254801853
30 52 38 43 0.125304547 4.4856227686301615
30 52 39 44 0.123448229 4.419170732483238
30 52 40 45 0.133127751 4.504049464174946
30 52 41 46 0.155536211 4.690861611310001
30 52 42 47 0.191991909 4.844280143939696
30 52 43 48 0.275097017 5.392874870021596
30 52 44 49 0.44025951 6.08952607860226
30 52 45 50 0.804991407 6.765357566766416
30 52 46 51 2.41050662 8.927967868926478
31 43 32 35 2.55509589 10.237423217351449
31 43 33 36 0.913465608 8.370065793249223
31 43 34 37 0.48886205 6.911124412044822
31 43 35 38 0.337136716 5.814920479754449
31 43 36 39 0.32682186 5.637010259497935
31 43 37 40 0.430052171 6.079719334832749
31 43 38 41 0.774993671 7.101250401560541
31 43 39 42 2.43912116 9.7727508744563
31 53 32 37 2.69709543 9.989427591146148
31 53 33 38 0.97523038 8.19609026046844
31 53 34 39 0.491844422 6.803031771838512
31 53 35 40 0.291953532 5.723322205041744
31 53 36 41 0.205554924 5.186497920713071
31 53 37 42 0.15875815 4.788033002280059
31 53 38 43 0.137203109 4.641929161520852
31 53 39 44 0.125024238 4.47558833282751
31 53 40 45 0.124155323 4.444483117563419
31 53 41 46 0.133292032 4.509607507065825
31 53 42 47 0.150455429 4.537628836215365
31 53 43 48 0.193587176 4.8845314248016525
31 53 44 49 0.271416341 5.320720597606888
31 53 45 50 0.410203209 5.673797117367966
31 53 46 51 0.78939295 6.634264069149949
31 53 47 52 2.35923835 8.738081865935353
32 44 33 36 2.35240203 9.425296033984337
32 44 34 37 0.85251827 7.81160664107565
32 44 35 38 0.447270923 6.32314370637508
32 44 36 39 0.333538397 5.752856818774286
32 44 37 40 0.329950257 5.690968724775571
32 44 38 41 0.443313427 6.267195924754131
32 44 39 42 0.851413439 7.801483098295896
32 44 40 43 2.62313133 10.510018698321332
32 54 33 38 2.48778233 9.214179510165811
32 54 34 39 0.907493526 7.6268120870955265
32 54 35 40 0.454216712 6.282577548548519
32 54 36 41 0.286054177 5.607673974189294
32 54 37 42 0.200525112 5.059587268455587
32 54 38 43 0.159573248 4.812615778812114
32 54 39 44 0.135055566 4.569272335083195
32 54 40 45 0.12430475 4.449832270243793
32 54 41 46 0.123563518 4.423297821050682
32 54 42 47 0.128968838 4.363342889261049
32 54 43 48 0.151793655 4.577988781531616
32 54 44 49 0.193167118 4.87393265197158
32 54 45 50 0.258948233 5.076301566665832
32 54 46 51 0.408413677 5.649044893883928
32 54 47 52 0.785667936 6.602958080747999
32 54 48 53 2.22152121 8.228008924953158
33 45 34 37 2.39475659 9.594996731950982
33 45 35 38 0.809632699 7.418647072913056
33 45 36 39 0.45202419 6.390341435469959
33 45 37 40 0.330728191 5.704386499030978
33 45 38 41 0.330974647 5.708637362178611
33 45 39 42 0.451009266 6.3759932854493755
33 45 40 43 0.826412535 7.57240035063901
33 45 41 44 2.25732934 9.044371244526804
33 55 34 39 2.52663654 9.358086660461264
33 55 35 40 0.873130342 7.338014933646425
33 55 36 41 0.462695047 6.39984711550376
33 55 37 42 0.285602379 5.5988171348564055
33 55 38 43 0.206050674 5.199006530549115
33 55 39 44 0.160425459 4.8383178570544345
33 55 40 45 0.13621554 4.608517197509789
33 55 41 46 0.125327973 4.486461367080847
33 55 42 47 0.121172491 4.337704397600459
33 55 43 48 0.131630623 4.453397826814969
33 55 44 49 0.154561732 4.661472017062216
33 55 45 50 0.18959203 4.783727143304873
33 55 46 51 0.265070157 5.196312937402658
33 55 47 52 0.423450257 5.857025968598223
33 55 48 53 0.810917942 6.8151657113730515
33 55 49 54 2.33937852 8.664525575879471
34 46 35 38 2.25346597 9.028892000131316
34 46 36 39 0.832725818 7.630248827493108
34 46 37 40 0.449920827 6.360605841601113
34 46 38 41 0.338925642 5.845775803249281
34 46 39 42 0.339973821 5.8638547523648334
34 46 40 43 0.444157582 6.279129884913341
34 46 41 44 0.745315391 6.829308957837929
34 46 42 45 2.2095374 8.852884765262706
34 56 35 40 2.39643271 8.875841309626606
34 56 36 41 0.901072981 7.572852153708915
34 56 37 42 0.463281387 6.407957179318003
34 56 38 43 0.295999023 5.802628142229709
34 56 39 44 0.209235145 5.279356112542446
34 56 40 45 0.162504872 4.901031475658394
34 56 41 46 0.137616163 4.655903825957085
34 56 42 47 0.122867037 4.398365357653977
34 56 43 48 0.123062673 4.405368689272611
34 56 44 49 0.133865939 4.529024236458603
34 56 45 50 0.151485272 4.568688169365613
34 56 46 51 0.192420417 4.855092124542063
34 56 47 52 0.272376786 5.339548717813432
34 56 48 53 0.432581214 5.983322390392941
34 56 49 54 0.836926085 7.033744922918093
34 56 50 55 2.3184347 8.586954433588819
35 47 36 39 2.53880029 10.172132143762555
35 47 37 40 0.844156163 7.734984833809765
35 47 38 41 0.472843727 6.684670705676494
35 47 39 42 0.357092409 6.159115467740843
35 47 40 43 0.349136637 6.021894633166846
35 47 41 44 0.434302044 6.139800498912453
35 47 42 45 0.78501908 7.193113009412802
35 47 43 46 2.48352733 9.950671694387506
35 57 36 41 2.68966452 9.961905191843679
35 57 37 42 0.915620214 7.695110890878348
35 57 38 43 0.486103182 6.723620811008809
35 57 39 44 0.304279397 5.964952769904534
35 57 40 45 0.213481836 5.3865072992559835
35 57 41 46 0.165060848 4.978117895732172
35 57 42 47 0.135307327 4.577790048246922
35 57 43 48 0.124563137 4.459081947434822
35 57 44 49 0.12544596 4.490685038019159
35 57 45 50 0.131306917 4.442446031829338
35 57 46 51 0.152946275 4.612750981765671
35 57 47 52 0.196618163 4.961008346236084
35 57 48 53 0.275278047 5.396423698534412
35 57 49 54 0.438741904 6.0685350469399495
35 57 50 55 0.820708014 6.897444027773004
35 57 51 56 2.28177604 8.451179100767746
36 48 37 40 2.24489867 8.994565665736868
36 48 38 41 0.822093907 7.532828854810381
36 48 39 42 0.468231541 6.61946746223084
36 48 40 43 0.347558796 5.994680095238273
36 48 41 44 0.326425721 5.6301776700035004
36 48 42 45 0.417279898 5.899155579213755
36 48 43 46 0.752688516 6.89686874422876
36 48 44 47 2.1008362 8.417355048750201
36 58 37 42 2.39322286 8.863952755815427
36 58 38 43 0.891892246 7.495694864251381
36 58 39 44 0.473587404 6.550506648125657
36 58 40 45 0.296727978 5.816918239387965
36 58 41 46 0.209271234 5.280266698967808
36 58 42 47 0.15764635 4.754501904242352
36 58 43 48 0.133867697 4.529083714057365
36 58 44 49 0.125361208 4.48765110581168
36 58 45 50 0.121862552 4.362407039343728
36 58 46 51 0.131246251 4.4403935471840175
36 58 47 52 0.155405508 4.68691970169782
36 58 48 53 0.197408219 4.980942793543446
36 58 49 54 0.278085164 5.451453123759006
36 58 50 55 0.43437421 6.008122526796194
36 58 51 56 0.821715177 6.9059084880936545
36 58 52 57 2.33718602 8.656405054910886
37 49 38 41 2.33268764 9.346307000855752
37 49 39 42 0.844889163 7.741701297103753
37 49 40 43 0.467796496 6.613317158438926
37 49 41 44 0.338227677 5.833737331080465
37 49 42 45 0.323316853 5.576556040130197
37 49 43 46 0.422869818 5.978181211441451
37 49 44 47 0.740110958 6.7816208497744705
37 49 45 48 2.2616081 9.061514819113148
37 59 38 43 2.48021518 9.186152508912713
37 59 39 44 0.903693022 7.594871661060735
37 59 40 45 0.470943199 6.513932866210825
37 59 41 46 0.294540964 5.77404502698601
37 59 42 47 0.200912054 5.069350468671781
37 59 43 48 0.155951819 4.703396053289903
37 59 44 49 0.135246192 4.57572169614209
37 59 45 50 0.121812068 4.360599824958671
37 59 46 51 0.121338947 4.343663150426684
37 59 47 52 0.132984359 4.499198149134201
37 59 48 53 0.154859037 4.6704385246194215
37 59 49 54 0.197898596 4.9933158335143375
37 59 50 55 0.274375915 5.378738719448498
37 59 51 56 0.430754473 5.958055504145892
37 59 52 57 0.822807459 6.915088310672485
37 59 53 58 2.41588475 8.947887238338918
38 50 39 42 2.26844774 9.088918991930445
38 50 40 43 0.812408856 7.444084940019257
38 50 41 44 0.448744785 6.343979939517304
38 50 42 45 0.327449136 5.647829490645865
38 50 43 46 0.325097829 5.607274242345678
38 50 44 47 0.427693526 6.046374776712831
38 50 45 48 0.803655396 7.363877173599906
38 50 46 49 2.408118 9.648531477745022
38 60 39 44 2.39580741 8.87352534075014
38 60 40 45 0.865006122 7.269736871578771
38 60 41 46 0.455310122 6.297701239368064
38 60 42 47 0.275865605 5.407941914207685
38 60 43 48 0.194529956 4.908319356584254
38 60 44 49 0.15592622 4.702624005638646
38 60 45 50 0.130215546 4.4055221828884354
38 60 46 51 0.120329403 4.307523731221617
38 60 47 52 0.122723428 4.393224476372309
38 60 48 53 0.132175398 4.471828946761147
38 60 49 54 0.155591301 4.692523086567149
38 60 50 55 0.19699324 4.97047217246195
38 60 51 56 0.273932278 5.370041864590519
38 60 52 57 0.432487477 5.9820258507542405
38 60 53 58 0.83607548 7.026596216828763
38 60 54 59 2.31909758 8.589409590231764
39 51 40 43 2.29014821 9.175865590011128
39 51 41 44 0.809855976 7.420692955279893
39 51 42 45 0.433646238 6.1305292600094425
39 51 43 46 0.322964401 5.570476962249725
39 51 44 47 0.323618883 5.581765441388351
39 51 45 48 0.438804048 6.203446081030196
39 51 46 49 0.80035987 7.333680339475238
39 51 47 50 2.16774339 8.68543000554321
39 61 40 45 2.41368418 8.939736827927133
39 61 41 46 0.86969195 7.309117791226731
39 61 42 47 0.435759668 6.027285730384478
39 61 43 48 0.270752774 5.307712336601733
39 61 44 49 0.197602493 4.985844654697833
39 61 45 50 0.151343845 4.564422831533109
39 61 46 51 0.129023831 4.365203441928114
39 61 47 52 0.122204467 4.374646832277469
39 61 48 53 0.121700852 4.356618540689426
39 61 49 54 0.132615351 4.486713672590491
39 61 50 55 0.154944979 4.673030474275436
39 61 51 56 0.195849842 4.9416223096897625
39 61 52 57 0.273583769 5.3632098551104725
39 61 53 58 0.436865339 6.042579011360634
39 61 54 59 0.82982907 6.9740997593620735
39 61 55 60 2.24485251 8.314422749753309
40 52 41 44 2.4893443 9.973978367129497
40 52 42 45 0.797227643 7.30497981058856
40 52 43 46 0.431446547 6.099431861123488
40 52 44 47 0.328200786 5.660793919529392
40 52 45 48 0.328042874 5.658070259722493
40 52 46 49 0.433871139 6.133708722991675
40 52 47 50 0.751306367 6.884204142557108
40 52 48 51 2.27911158 9.131645467922748
40 62 41 46 2.62552328 9.72434063796865
40 62 42 47 0.852727352 7.166542888627243
40 62 43 48 0.434426357 6.008843807107484
40 62 44 49 0.280521673 5.499217320913792
40 62 45 50 0.19400551 4.895086698199839
40 62 46 51 0.151242256 4.561358979474687
40 62 47 52 0.132696124 4.489446428042582
40 62 48 53 0.122246469 4.376150410016974
40 62 49 54 0.123787978 4.431332987457267
40 62 50 55 0.134620605 4.554556501274908
40 62 51 56 0.156981411 4.734447816458493
40 62 52 57 0.200098991 5.0488355158949325
40 62 53 58 0.283818796 5.56385259745723
40 62 54 59 0.453467619 6.272216338273246
40 62 55 60 0.85313052 7.169931217565614
40 62 56 61 2.4232654 8.975223486040985
41 53 42 45 2.29874642 9.210315770541012
41 53 43 46 0.773249313 7.085266886582951
41 53 44 47 0.438739761 6.202537244979051
41 53 45 48 0.324428673 5.595732666646902
41 53 46 49 0.318829142 5.499152181806088
41 53 47 50 0.408965951 5.781619922534847
41 53 48 51 0.731925788 6.706620312448351
41 53 49 52 2.23052586 8.936978575025929
41 63 42 47 2.42550947 8.983535010551805
41 63 43 48 0.828548125 6.963334363765296
41 63 44 49 0.446004255 6.168985519449818
41 63 45 50 0.271310437 5.318644504501761
41 63 46 51 0.191114406 4.822139261121829
41 63 47 52 0.154332208 4.65454973630488
41 63 48 53 0.130944303 4.430177880522535
41 63 49 54 0.122985351 4.402600734461553
41 63 50 55 0.124384659 4.452692833873766
41 63 51 56 0.134060728 4.535614442365989
41 63 52 57 0.15684842 4.730436902391995
41 63 53 58 0.201707485 5.089420536307673
41 63 54 59 0.285244759 5.591806517540198
41 63 55 60 0.447594279 6.190978213289875
41 63 56 61 0.852469521 7.164376009711979
41 63 57 62 2.23219038 8.267525102240452
42 54 43 46 2.42891868 9.731872915223795
42 54 44 47 0.842730788 7.721924153226317
42 54 45 48 0.442453411 6.255037734990068
42 54 46 49 0.321649855 5.547803725861614
42 54 47 50 0.314089765 5.417407598464482
42 54 48 51 0.404090862 5.712699975488863
42 54 49 52 0.72947191 6.684135480913668
42 54 50 53 2.10877858 8.44917753562095
43 55 44 47 2.61629086 10.482611199968854
43 55 45 48 0.82221121 7.533903699685926
43 55 46 49 0.432635545 6.116240924342187
43 55 47 50 0.324875331 5.603436605815741
43 55 48 51 0.31355867 5.40824729332526
43 55 49 52 0.418308047 5.913690693267135
43 55 50 53 0.763469266 6.995652525479309
43 55 51 54 2.2210155 8.898873711466631
44 56 45 48 2.26372813 9.070009077363268
44 56 46 49 0.742866902 6.806873505594776
44 56 47 50 0.423554592 5.987861975796412
44 56 48 51 0.309781181 5.343093315411603
44 56 49 52 0.316819122 5.464483437916692
44 56 50 53 0.433234944 6.124714728069548
44 56 51 54 0.78483476 7.191424089202233
44 56 52 55 2.18990891 8.774239904991905
45 57 46 49 2.21602979 8.878897622307417
45 57 47 50 0.783223357 7.176658838040813
45 57 48 51 0.41011731 5.797896876927048
45 57 49 52 0.316768406 5.463608690394232
45 57 50 53 0.329916005 5.690377947661065
45 57 51 54 0.438162565 6.194377328769284
45 57 52 55 0.762915459 6.990578003804749
45 57 53 56 2.14914062 8.610894865687833
46 58 47 50 2.48368284 9.951294771466829
46 58 48 51 0.747431102 6.848695172397526
46 58 49 52 0.420744447 5.948134486802563
46 58 50 53 0.332314377 5.7317449711829696
46 58 51 54 0.332693069 5.7382766355250965
46 58 52 55 0.429577817 6.073013313145545
46 58 53 56 0.761153982 6.974437627796968
46 58 54 57 2.20371662 8.829562827112237
47 59 48 51 2.08791088 8.365567571193068
47 59 49 52 0.73483365 6.733264989647505
47 59 50 53 0.432106854 6.1087667314149
47 59 51 54 0.327981469 5.657011148759156
47 59 52 55 0.322392668 5.560615734525565
47 59 53 56 0.421879222 5.964176990418211
47 59 54 57 0.761411517 6.976797415483758
47 59 55 58 2.28946304 9.173120340686715
48 60 49 52 2.24952316 9.013094465959082
48 60 50 53 0.808251503 7.405991203559984
48 60 51 54 0.444278348 6.280837174016156
48 60 52 55 0.327594987 5.650345122811223
48 60 53 56 0.320721427 5.531790237164117
48 60 54 57 0.424463298 6.00070850421884
48 60 55 58 0.780447554 7.151224214629027
48 60 56 59 2.1944605 8.792476619051925
49 61 50 53 2.41657241 9.682405499288304
49 61 51 54 0.809570543 7.418077538816874
49 61 52 55 0.436619819 6.172567271019487
49 61 53 56 0.319345035 5.508050283462455
49 61 54 57 0.318874698 5.499937929856667
49 61 55 58 0.433448677 6.127736307171381
49 61 56 59 0.776160503 7.111942058174796
49 61 57 60 2.11782693 8.48543127808567
50 62 51 54 2.182842 8.745925136535627
50 62 52 55 0.756012298 6.9273244874759845
50 62 53 56 0.409695153 5.79192877294267
50 62 54 57 0.313422141 5.405892446639916
50 62 55 58 0.32953722 5.683844679258689
50 62 56 59 0.448329554 6.338109749551162
50 62 57 60 0.793613665 7.271865007611374
50 62 58 61 2.28619375 9.16002137814631
51 63 52 55 2.29317909 9.188009322621104
51 63 53 56 0.736425711 6.747853010477367
51 63 54 57 0.407096455 5.755190545487028
51 63 55 58 0.323128452 5.573306507281019
51 63 56 59 0.334603567 5.771228827972537
51 63 57 60 0.441949431 6.247912885595064
51 63 58 61 0.791052587 7.248397904773669
51 63 59 62 2.09285743 8.385386759198491
