64
# x y z
0.0 0.0 0.0
0.5 0.0 0.0
1.0 0.0 0.0
1.5 0.0 0.0
2.0 0.0 0.0
2.5 0.0 0.0
3.0 0.0 0.0
3.5 0.0 0.0
4.0 0.0 0.0
4.5 0.0 0.0
5.0 0.0 0.0
5.5 0.0 0.0
6.0 0.0 0.0
6.5 0.0 0.0
7.0 0.0 0.0
7.5 0.0 0.0
8.0 0.0 0.0
8.5 0.0 0.0
9.0 0.0 0.0
9.5 0.0 0.0
10.0 0.0 0.0
10.5 0.0 0.0
11.0 0.0 0.0
11.5 0.0 0.0
12.0 0.0 0.0
12.5 0.0 0.0
13.0 0.0 0.0
13.5 0.0 0.0
14.0 0.0 0.0
14.5 0.0 0.0
15.0 0.0 0.0
15.5 0.0 0.0
16.0 0.0 0.0
16.5 0.0 0.0
17.0 0.0 0.0
17.5 0.0 0.0
18.0 0.0 0.0
18.5 0.0 0.0
19.0 0.0 0.0
19.5 0.0 0.0
20.0 0.0 0.0
20.5 0.0 0.0
21.0 0.0 0.0
21.5 0.0 0.0
22.0 0.0 0.0
22.5 0.0 0.0
23.0 0.0 0.0
23.5 0.0 0.0
24.0 0.0 0.0
24.5 0.0 0.0
25.0 0.0 0.0
25.5 0.0 0.0
26.0 0.0 0.0
26.5 0.0 0.0
27.0 0.0 0.0
27.5 0.0 0.0
28.0 0.0 0.0
28.5 0.0 0.0
29.0 0.0 0.0
29.5 0.0 0.0
30.0 0.0 0.0
30.5 0.0 0.0
31.0 0.0 0.0
31.5 0.0 0.0
1952
# a b m n r rhoa
1 4 2 5 2.84153955 7.141567820131864
1 4 3 6 -0.745561162 11.711247346705374
1 4 5 8 -1.42488254 6.963289697610341
1 4 6 9 -0.417782591 5.833345416370247
1 4 7 10 -0.179722919 5.0815458181090145
1 4 8 11 -0.095944107 4.688713582100068
1 4 9 12 -0.056733996 4.356858123258489
1 4 10 13 -0.036322984 4.108032708870962
1 4 11 14 -0.024702914 3.9234393756467227
1 4 12 15 -0.017603418 3.7851672776435796
1 4 13 16 -0.012836004 3.6292946281064227
1 4 14 17 -0.009835164 3.570444680891209
1 4 15 18 -0.007873746 3.5977286988988975
1 4 16 19 -0.006115773 3.458388155008107
1 4 17 20 -0.004847457 3.343553439154429
1 4 18 21 -0.004023126 3.342319438315268
1 4 19 22 -0.003352585 3.3177237680586247
1 4 20 23 -0.002920962 3.409569434610688
1 4 21 24 -0.002497504 3.4087120283511756
1 4 22 25 -0.002126604 3.3671854457613213
1 4 23 26 -0.001786933 3.259131825885423
1 4 24 27 -0.001570009 3.277258429778864
1 4 25 28 -0.001392396 3.307001829632782
1 4 26 29 -0.001254445 3.3717061124177774
1 4 27 30 -0.001113574 3.370510092037526
1 4 28 31 -0.00100232 3.4007916404298237
1 4 29 32 -0.000906976 3.435048683735253
1 4 30 33 -0.000839327 3.534515461365866
1 4 31 34 -0.0007502 3.4998818709537316
1 4 32 35 -0.000688129 3.544425648901928
1 4 33 36 -0.000597666 3.3880665984424994
1 4 34 37 -0.000549541 3.4183392575238982
1 4 35 38 -0.000486633 3.3122358915924943
1 4 36 39 -0.000446952 3.320013669707883
1 4 37 40 -0.000415615 3.36085386107765
1 4 38 41 -0.000380087 3.3381128597147756
1 4 39 42 -0.000358109 3.4082237707475374
1 4 40 43 -0.000337205 3.470465819469319
1 4 41 44 -0.000318256 3.5349570268740416
1 4 42 45 -0.000296058 3.5422099478314832
1 4 43 46 -0.000267651 3.443282450759759
1 4 44 47 -0.00025137 3.471179652152063
1 4 45 48 -0.00023466 3.472568529320241
1 4 46 49 -0.000219537 3.4760669650114773
1 4 47 50 -0.000205298 3.4728374280092784
1 4 48 51 -0.000197038 3.55588655449705
1 4 49 52 -0.000188301 3.6203780341731466
1 4 50 53 -0.000181999 3.7230907709579166
1 4 51 54 -0.00016556 3.5989558350091775
1 4 52 55 -0.000157842 3.6417079654595654
1 4 53 56 -0.000148317 3.6276920493340232
1 4 54 57 -0.000143778 3.7239488460275703
1 4 55 58 -0.000137834 3.776352435707624
1 4 56 59 -0.000133774 3.872960854810111
1 4 57 60 -0.000128407 3.9244786919891874
1 4 58 61 -0.000123792 3.990155427552958
1 4 59 62 -0.000113259 3.846543148080834
1 4 60 63 -0.000108011 3.861687111342619
1 4 61 64 -9.9248e-05 3.732207548571151
1 4 63 2 -1.27119651 7.974083818393489
1 4 64 3 1.25440901 7.894214760445443
2 5 3 6 2.93733488 7.382327744112832
2 5 4 7 -0.545022692 8.56119642613468
2 5 6 9 -1.52857439 7.470023670805883
2 5 7 10 -0.430057347 6.00473334203339
2 5 8 11 -0.189212017 5.349843743202957
2 5 9 12 -0.099191152 4.847394135489242
2 5 10 13 -0.058301384 4.477224880785983
2 5 11 14 -0.037282447 4.216545417709846
2 5 12 15 -0.025389084 4.032420299775249
2 5 13 16 -0.017789638 3.8252091519229263
2 5 14 17 -0.01319842 3.7317653379893287
2 5 15 18 -0.010309506 3.742644338245504
2 5 16 19 -0.007827196 3.576458737823986
2 5 17 20 -0.006086507 3.4418386219001142
2 5 18 21 -0.004968098 3.4267660659921764
2 5 19 22 -0.004086807 3.395224130873083
2 5 20 23 -0.003518248 3.481664152146693
2 5 21 24 -0.00297516 3.4728334703006527
2 5 22 25 -0.002509826 3.4255296789388603
2 5 23 26 -0.002090659 3.310271473602946
2 5 24 27 -0.001821644 3.322440145116367
2 5 25 28 -0.001604782 3.349844069338064
2 5 26 29 -0.001436367 3.4114348913844554
2 5 27 30 -0.001268141 3.4085183177481615
2 5 28 31 -0.001135084 3.4356154842967985
2 5 29 32 -0.001024169 3.4749235509491703
2 5 30 33 -0.000942415 3.5692690934295492
2 5 31 34 -0.00083991 3.536970550400267
2 5 32 35 -0.000765966 3.5734344403718286
2 5 33 36 -0.000665886 3.429856055542942
2 5 34 37 -0.000608317 3.4484453004934967
2 5 35 38 -0.000538106 3.3472095157761745
2 5 36 39 -0.000498483 3.3928921465430855
2 5 37 40 -0.000456847 3.393514929936631
2 5 38 41 -0.000417114 3.37297546385367
2 5 39 42 -0.000392218 3.4446533283474836
2 5 40 43 -0.000368268 3.5049098224441555
2 5 41 44 -0.000346467 3.56578900394145
2 5 42 45 -0.000320601 3.5610035875925186
2 5 43 46 -0.000291035 3.4821118570250955
2 5 44 47 -0.000272281 3.502846576232922
2 5 45 48 -0.000254804 3.518599912825533
2 5 46 49 -0.000236708 3.502875442931627
2 5 47 50 -0.000222518 3.5232670070212486
2 5 48 51 -0.000211777 3.5824367114707445
2 5 49 52 -0.000201854 3.642799483203482
2 5 50 53 -0.000194424 3.7381021816988746
2 5 51 54 -0.00017894 3.6605138630168828
2 5 52 55 -0.000169708 3.6891253735669087
2 5 53 56 -0.000159198 3.6729934028030047
2 5 54 57 -0.000152547 3.7311538060354326
2 5 55 58 -0.000146566 3.7961599588732406
2 5 56 59 -0.000142484 3.9037523430312193
2 5 57 60 -0.000136565 3.9537645516852518
2 5 58 61 -0.000131652 4.023655009133151
2 5 59 62 -0.000119793 3.8612566977902567
2 5 60 63 -0.000115274 3.9149773073386664
2 5 61 64 -0.000106677 3.813992981980507
2 5 62 1 -1.76352316 7.378398832285348
2 5 64 3 -1.25674055 7.883403081144341
3 6 4 7 2.9157716 7.328133310484592
3 6 5 8 -0.690612532 10.848116285041252
3 6 7 10 -1.45507528 7.110839260105947
3 6 8 11 -0.432901798 6.044449370322707
3 6 9 12 -0.187581812 5.303750782736349
3 6 10 13 -0.097987126 4.788554325146313
3 6 11 14 -0.05780405 4.439032371344684
3 6 12 15 -0.037212472 4.208631431656189
3 6 13 16 -0.024867879 3.9496399354917497
3 6 14 17 -0.017765711 3.8200642591837903
3 6 15 18 -0.013487191 3.8134134146846086
3 6 16 19 -0.009978188 3.6223664668461546
3 6 17 20 -0.007592483 3.4692119843594145
3 6 18 21 -0.006081917 3.4392430380497188
3 6 19 22 -0.004937392 3.4055864759715373
3 6 20 23 -0.004195985 3.4859266720404207
3 6 21 24 -0.003507965 3.471488078010781
3 6 22 25 -0.002918422 3.406604553053204
3 6 23 26 -0.002410714 3.290256915990756
3 6 24 27 -0.002071382 3.279748990884988
3 6 25 28 -0.001810448 3.3020201070272988
3 6 26 29 -0.001603437 3.347036497796721
3 6 27 30 -0.001422964 3.3796021760343913
3 6 28 31 -0.001268085 3.4083678005534694
3 6 29 32 -0.001140352 3.4515604032378424
3 6 30 33 -0.001041969 3.535317528121781
3 6 31 34 -0.000924974 3.5032136695891976
3 6 32 35 -0.000836754 3.5236802227972337
3 6 33 36 -0.000725857 3.3863153228537226
3 6 34 37 -0.000659027 3.394526610735619
3 6 35 38 -0.000584169 3.311554407889284
3 6 36 39 -0.000537664 3.344460119549459
3 6 37 40 -0.000493513 3.359064164508956
3 6 38 41 -0.000449327 3.3376554577870414
3 6 39 42 -0.000421656 3.4097041628587945
3 6 40 43 -0.000395014 3.4692091893891988
3 6 41 44 -0.000370371 3.524924663148751
3 6 42 45 -0.000342712 3.527143078904433
3 6 43 46 -0.000310435 3.4480870262858927
3 6 44 47 -0.000290032 3.4701113821935596
3 6 45 48 -0.000270893 3.4849902034128903
3 6 46 49 -0.000251518 3.473223390818246
3 6 47 50 -0.000236139 3.494455211562057
3 6 48 51 -0.000224495 3.5545700875490307
3 6 49 52 -0.000213927 3.6188062838495303
3 6 50 53 -0.00020525 3.704086091568731
3 6 51 54 -0.000188308 3.6205126200024256
3 6 52 55 -0.00017776 3.6363750100026886
3 6 53 56 -0.000166965 3.6294978315553714
3 6 54 57 -0.000159823 3.6874133130829825
3 6 55 58 -0.000153785 3.761434102677595
3 6 56 59 -0.000149686 3.8769700995039775
3 6 57 60 -0.000143531 3.9324378705511767
3 6 58 61 -0.000137634 3.984713728309947
3 6 59 62 -0.000125539 3.83682455406349
3 6 60 63 -0.000120458 3.882691470306435
3 6 61 64 -0.000111963 3.8025279270395678
3 6 62 1 -0.567816655 5.928219553318944
3 6 63 2 -1.70650676 7.13984810115624
4 7 5 8 2.82050064 7.088691272055436
4 7 6 9 -0.61550936 9.668398417958796
4 7 8 11 -1.54862434 7.568006210666749
4 7 9 12 -0.446114577 6.228934567833397
4 7 10 13 -0.191068567 5.402336457772155
4 7 11 14 -0.099984524 4.886165605550013
4 7 12 15 -0.059476521 4.567468923958821
4 7 13 16 -0.037333823 4.222355906419996
4 7 14 17 -0.025399937 4.034144027087092
4 7 15 18 -0.018623908 4.004597694802481
4 7 16 19 -0.013357603 3.776773270893203
4 7 17 20 -0.009888576 3.589834758300773
4 7 18 21 -0.007740878 3.5370176959321653
4 7 19 22 -0.006148532 3.4769129330811177
4 7 20 23 -0.005136352 3.542819955763966
4 7 21 24 -0.004236707 3.5197575617930843
4 7 22 25 -0.003495568 3.459219985910917
4 7 23 26 -0.00285936 3.337662885908278
4 7 24 27 -0.002447297 3.3401871311708606
4 7 25 28 -0.002120046 3.356801753191712
4 7 26 29 -0.001869166 3.409114050981739
4 7 27 30 -0.0016328 3.408329228776987
4 7 28 31 -0.001443897 3.429318973051693
4 7 29 32 -0.001291982 3.4725983255812287
4 7 30 33 -0.001181191 3.575169846030796
4 7 31 34 -0.00104292 3.53854419510443
4 7 32 35 -0.00094014 3.5606528392447663
4 7 33 36 -0.00080779 3.40170904133518
4 7 34 37 -0.000735628 3.4318996280537877
4 7 35 38 -0.000649596 3.3459492679775114
4 7 36 39 -0.00059656 3.3817968731145114
4 7 37 40 -0.00054354 3.381010916445797
4 7 38 41 -0.000493867 3.3614736425049485
4 7 39 42 -0.000462636 3.4365163241219996
4 7 40 43 -0.000431751 3.4913369714137765
4 7 41 44 -0.000405057 3.5574118047117844
4 7 42 45 -0.000372159 3.541941560523843
4 7 43 46 -0.000340059 3.4998387808689584
4 7 44 47 -0.000314974 3.498502949143533
4 7 45 48 -0.000294762 3.5267038507410837
4 7 46 49 -0.000271418 3.491744234919026
4 7 47 50 -0.000256467 3.541564354730012
4 7 48 51 -0.000241297 3.5707848309016708
4 7 49 52 -0.000230174 3.6444892551349053
4 7 50 53 -0.000219467 3.712521368025564
4 7 51 54 -0.000205685 3.711936408011276
4 7 52 55 -0.000192572 3.7024946165808528
4 7 53 56 -0.000180309 3.6885190238443677
4 7 54 57 -0.00016954 3.6854733768268657
4 7 55 58 -0.000164121 3.786576152096333
4 7 56 59 -0.000158817 3.884512012777238
4 7 57 60 -0.000152782 3.957158623668323
4 7 58 61 -0.000145858 3.9961926198720388
4 7 59 62 -0.000135568 3.924899884618066
4 7 60 63 -0.000128792 3.9362453736842333
4 7 61 64 -0.000119824 3.8622559127496574
4 7 62 1 -0.278918621 5.227992499897919
4 7 63 2 -0.573802184 5.990710728493716
4 7 64 3 -1.7534461 7.336237453618299
5 8 6 9 2.82563864 7.101604474498751
5 8 7 10 -0.725163251 11.39083770997448
5 8 9 12 -1.45194653 7.095549303193851
5 8 10 13 -0.422333898 5.8968936503055
5 8 11 14 -0.183914822 5.200069083133264
5 8 12 15 -0.098070906 4.792648588318811
5 8 13 16 -0.056809474 4.362654417554897
5 8 14 17 -0.036364154 4.1126889261747
5 8 15 18 -0.02553881 4.056200526025402
5 8 16 19 -0.017646763 3.794487517363472
5 8 17 20 -0.012659221 3.5793104124392623
5 8 18 21 -0.009653915 3.5046461311195074
5 8 19 22 -0.00748984 3.422311605957434
5 8 20 23 -0.006139308 3.4716968839665094
5 8 21 24 -0.004983534 3.4374131105944885
5 8 22 25 -0.004055585 3.369285619997938
5 8 23 26 -0.003278368 3.2442784997376104
5 8 24 27 -0.002775777 3.240098438971596
5 8 25 28 -0.002381516 3.2504060994139667
5 8 26 29 -0.002083037 3.2982030831232922
5 8 27 30 -0.001805869 3.293668610563397
5 8 28 31 -0.001587612 3.3140031746429996
5 8 29 32 -0.001411937 3.3534125653378934
5 8 30 33 -0.001280504 3.441747676283467
5 8 31 34 -0.001129155 3.4176698836131525
5 8 32 35 -0.001012465 3.435212814498146
5 8 33 36 -0.000869532 3.293234608264918
5 8 34 37 -0.000784085 3.301884194747762
5 8 35 38 -0.000690624 3.2219440379172886
5 8 36 39 -0.000630629 3.248253746814004
5 8 37 40 -0.000576318 3.267048428187624
5 8 38 41 -0.0005225 3.250134679771367
5 8 39 42 -0.000487512 3.3182187479723737
5 8 40 43 -0.000453823 3.3710522911360514
5 8 41 44 -0.000424334 3.4313597013739248
5 8 42 45 -0.000388973 3.4161541262443476
5 8 43 46 -0.000354622 3.375037013953945
5 8 44 47 -0.000328068 3.376429117188833
5 8 45 48 -0.000306353 3.402747128267631
5 8 46 49 -0.000281618 3.3694413969168435
5 8 47 50 -0.000265999 3.4220297649537836
5 8 48 51 -0.000249768 3.449057561995132
5 8 49 52 -0.000237666 3.5170522120916408
5 8 50 53 -0.000226386 3.5845114761570405
5 8 51 54 -0.000212526 3.595106855522703
5 8 52 55 -0.000197452 3.5633578901458174
5 8 53 56 -0.000184699 3.5511240117351788
5 8 54 57 -0.000173852 3.5564304018844926
5 8 55 58 -0.000168306 3.6586485912482156
5 8 56 59 -0.000162494 3.749038241655495
5 8 57 60 -0.000156436 3.8262750286859717
5 8 58 61 -0.000149938 3.8834970724010756
5 8 59 62 -0.000139067 3.810133959520525
5 8 60 63 -0.000130701 3.7839928288347235
5 8 61 64 -0.000121509 3.7136564313854707
5 8 62 1 -0.154811739 4.498396188428357
5 8 63 2 -0.263863758 4.945807285555452
5 8 64 3 -0.532978572 5.5644968568778745
6 9 7 10 2.74198249 6.8913536374846665
6 9 8 11 -0.628700897 9.875610596602588
6 9 10 13 -1.46102561 7.139918058128401
6 9 11 14 -0.42478749 5.931152257425974
6 9 12 15 -0.188347889 5.3254110996139055
6 9 13 16 -0.096953515 4.738042562768786
6 9 14 17 -0.057065382 4.382306741156549
6 9 15 18 -0.037870582 4.283061919141331
6 9 16 19 -0.024948386 3.962426456701968
6 9 17 20 -0.017209279 3.700417711073999
6 9 18 21 -0.01270865 3.5932861329339483
6 9 19 22 -0.009583431 3.4790584314240127
6 9 20 23 -0.007684536 3.511273503732752
6 9 21 24 -0.006117663 3.4594569248288582
6 9 22 25 -0.004897246 3.3778956070544344
6 9 23 26 -0.003901831 3.241550375583837
6 9 24 27 -0.003260634 3.226728903440201
6 9 25 28 -0.002769667 3.232966381366783
6 9 26 29 -0.002401067 3.277090232398856
6 9 27 30 -0.002067754 3.274004551018787
6 9 28 31 -0.001802294 3.2871482786441026
6 9 29 32 -0.001590005 3.3189983558314267
6 9 30 33 -0.001424592 3.3834687477414644
6 9 31 34 -0.001257788 3.3806914513794792
6 9 32 35 -0.001123339 3.400066305678242
6 9 33 36 -0.000970586 3.293120715059284
6 9 34 37 -0.000863087 3.2688250442117637
6 9 35 38 -0.000756685 3.1864992212613563
6 9 36 39 -0.000690711 3.222349915980169
6 9 37 40 -0.000626069 3.22476602727451
6 9 38 41 -0.000565998 3.208546108671495
6 9 39 42 -0.000527211 3.279438764893669
6 9 40 43 -0.000489555 3.332124294711957
6 9 41 44 -0.000456635 3.391940168221775
6 9 42 45 -0.000417595 3.3768650508685236
6 9 43 46 -0.00038072 3.3436721801866662
6 9 44 47 -0.000350518 3.335978095146688
6 9 45 48 -0.000326867 3.364068596291508
6 9 46 49 -0.000299873 3.330771983936829
6 9 47 50 -0.000282977 3.3857012626158043
6 9 48 51 -0.000265164 3.4112876386535484
6 9 49 52 -0.000252373 3.4850301243289676
6 9 50 53 -0.00023977 3.5481878303720875
6 9 51 54 -0.000224993 3.5624552337821287
6 9 52 55 -0.000208894 3.533667652322819
6 9 53 56 -0.000195006 3.5192156510229085
6 9 54 57 -0.000182925 3.5170161172862744
6 9 55 58 -0.000176874 3.6182504135869458
6 9 56 59 -0.000170936 3.7158197306905576
6 9 57 60 -0.000164534 3.796104828809342
6 9 58 61 -0.000157233 3.8457688868635187
6 9 59 62 -0.000145617 3.7715802077647256
6 9 60 63 -0.000137075 3.7555574830928693
6 9 61 64 -0.000127122 3.6803753329135027
6 9 62 1 -0.100171856 4.1401911674519996
6 9 63 2 -0.15293051 4.443732934738267
6 9 64 3 -0.25809805 4.837736056490392
7 10 8 11 2.92476995 7.350748630688136
7 10 9 12 -0.581192026 9.12934299603286
7 10 11 14 -1.51809845 7.418828570138299
7 10 12 15 -0.453719137 6.335114255965765
7 10 13 16 -0.192401192 5.440015541962066
7 10 14 17 -0.100141599 4.893841738133209
7 10 15 18 -0.06139494 4.7147929270832165
7 10 16 19 -0.0379809 4.295538591002245
7 10 17 20 -0.024926829 3.9590026669976113
7 10 18 21 -0.017668385 3.799136778482944
7 10 19 22 -0.012872409 3.639587899356277
7 10 20 23 -0.01004011 3.6448459166580887
7 10 21 24 -0.007804145 3.5659261089789207
7 10 22 25 -0.006122204 3.46202479983205
7 10 23 26 -0.004790941 3.304571295286571
7 10 24 27 -0.00394279 3.275578159420076
7 10 25 28 -0.003305359 3.2709888388412187
7 10 26 29 -0.002834536 3.3086864214267906
7 10 27 30 -0.002417641 3.2997112144504936
7 10 28 31 -0.002089518 3.3084648567652017
7 10 29 32 -0.001828428 3.3348132728759454
7 10 30 33 -0.001637469 3.4180753637409502
7 10 31 34 -0.001427579 3.390563004307207
7 10 32 35 -0.001268292 3.4089241766124205
7 10 33 36 -0.001079741 3.2681060596661653
7 10 34 37 -0.000964395 3.27211514693144
7 10 35 38 -0.000841908 3.1886124519570305
7 10 36 39 -0.000762871 3.2125492740346013
7 10 37 40 -0.000690731 3.2224432212819805
7 10 38 41 -0.000621704 3.2022827167942705
7 10 39 42 -0.00057787 3.275846451432685
7 10 40 43 -0.000534756 3.326371331704913
7 10 41 44 -0.000498437 3.3925790505323072
7 10 42 45 -0.000456229 3.388924350975401
7 10 43 46 -0.000413335 3.3424167334396757
7 10 44 47 -0.000379733 3.335003855848979
7 10 45 48 -0.000352777 3.357477631595419
7 10 46 49 -0.000323467 3.329076280678763
7 10 47 50 -0.000303966 3.3762340619840474
7 10 48 51 -0.000285282 3.4132796220242696
7 10 49 52 -0.000271425 3.4918342886724414
7 10 50 53 -0.000258622 3.5713228467950464
7 10 51 54 -0.000240659 3.5613435169934364
7 10 52 55 -0.000222657 3.5254678811706475
7 10 53 56 -0.00020755 3.5109324405660343
7 10 54 57 -0.000194963 3.5184396427308866
7 10 55 58 -0.000188835 3.6306450102924894
7 10 56 59 -0.000181699 3.7169537744288847
7 10 57 60 -0.000174747 3.798663537692369
7 10 58 61 -0.000166856 3.849677679481515
7 10 59 62 -0.000154302 3.7740794284966555
7 10 60 63 -0.000144367 3.739204350140232
7 10 61 64 -0.000133329 3.6529252136661623
7 10 62 1 -0.069952893 3.882438129557978
7 10 63 2 -0.098780288 4.082676434546293
7 10 64 3 -0.149236858 4.336405737295051
8 11 9 12 2.89162874 7.2674556851944745
8 11 10 13 -0.670010228 10.524496050574134
8 11 12 15 -1.57141563 7.67938546502427
8 11 13 16 -0.451710612 6.30706995647887
8 11 14 17 -0.194944517 5.511926362183289
8 11 15 18 -0.107378404 5.2474987469426155
8 11 16 19 -0.061389688 4.7143896024370315
8 11 17 20 -0.037913057 4.287865728467936
8 11 18 21 -0.025592031 4.064653349324358
8 11 19 22 -0.017895633 3.848000680567752
8 11 20 23 -0.013509185 3.8196320716786833
8 11 21 24 -0.010218907 3.7097543205860055
8 11 22 25 -0.007840796 3.5826729477191273
8 11 23 26 -0.006021296 3.4049626701641307
8 11 24 27 -0.004871308 3.3600047646798066
8 11 25 28 -0.00402293 3.3421566060773737
8 11 26 29 -0.003405003 3.369596709229124
8 11 27 30 -0.002876221 3.357344329979434
8 11 28 31 -0.002460595 3.3583368728942022
8 11 29 32 -0.002135719 3.381617796748207
8 11 30 33 -0.001897161 3.4601732655497517
8 11 31 34 -0.00164682 3.4375947700480878
8 11 32 35 -0.001454439 3.454356687385826
8 11 33 36 -0.001233204 3.314614402909695
8 11 34 37 -0.001092748 3.3074749967705985
8 11 35 38 -0.000949986 3.223226561702218
8 11 36 39 -0.000858537 3.2515925358421978
8 11 37 40 -0.000771304 3.248061736859815
8 11 38 41 -0.000692804 3.2321143158147545
8 11 39 42 -0.000642359 3.308672814839941
8 11 40 43 -0.000593618 3.365119176988886
8 11 41 44 -0.000551225 3.428814332740616
8 11 42 45 -0.00050236 3.4192806951037134
8 11 43 46 -0.000455105 3.3805751426381487
8 11 44 47 -0.000415146 3.357061311576681
8 11 45 48 -0.000385742 3.387777879096357
8 11 46 49 -0.000352038 3.350444361371598
8 11 47 50 -0.000332551 3.422567514509991
8 11 48 51 -0.000309874 3.4418558448091057
8 11 49 52 -0.000295727 3.538249671491266
8 11 50 53 -0.000279736 3.5987538236200574
8 11 51 54 -0.000262104 3.6194059416305215
8 11 52 55 -0.000240591 3.5603372327524334
8 11 53 56 -0.000224175 3.5495033269173204
8 11 54 57 -0.000209709 3.5474542576664057
8 11 55 58 -0.000203059 3.664545762084555
8 11 56 59 -0.000195427 3.757386408379963
8 11 57 60 -0.000188419 3.854422496679211
8 11 58 61 -0.000180431 3.9222227607304956
8 11 59 62 -0.000166129 3.8329044398438445
8 11 60 63 -0.00015402 3.7671819780498947
8 11 61 64 -0.000141839 3.6737274156804554
8 11 62 1 -0.052944971 3.7848669413399043
8 11 63 2 -0.070714918 3.9247310897029775
8 11 64 3 -0.099189518 4.099590271417364
9 12 10 13 2.78506186 6.999623903335287
9 12 11 14 -0.742133319 11.657402914773078
9 12 13 16 -1.50359647 7.347958526401956
9 12 14 17 -0.444017297 6.199651014764416
9 12 15 18 -0.206355217 5.834556303814141
9 12 16 19 -0.105815908 5.17114078764474
9 12 17 20 -0.060456127 4.642697264276904
9 12 18 21 -0.038412659 4.344369383493012
9 12 19 22 -0.025553888 4.058595288801405
9 12 20 23 -0.018560932 3.991056307869733
9 12 21 24 -0.013596173 3.8442273492362253
9 12 22 25 -0.010158224 3.6877246630662612
9 12 23 26 -0.007627124 3.4850403994312944
9 12 24 27 -0.006054854 3.4239392720925808
9 12 25 28 -0.004914827 3.390022174244979
9 12 26 29 -0.004103043 3.408712621763124
9 12 27 30 -0.003420922 3.3853501784666595
9 12 28 31 -0.002894612 3.3788117066423022
9 12 29 32 -0.002488926 3.3970043667101146
9 12 30 33 -0.002194481 3.47465935557337
9 12 31 34 -0.001891092 3.449104204174032
9 12 32 35 -0.001658688 3.4623681968530393
9 12 33 36 -0.001395146 3.3135332007595957
9 12 34 37 -0.001230604 3.3076261045847097
9 12 35 38 -0.001065096 3.2237793060800635
9 12 36 39 -0.000957133 3.2474757614130407
9 12 37 40 -0.000858722 3.2522931982704106
9 12 38 41 -0.000767696 3.2328679783072984
9 12 39 42 -0.000708981 3.307584309185081
9 12 40 43 -0.000652336 3.3600625029639617
9 12 41 44 -0.000604999 3.429636124509532
9 12 42 45 -0.000550405 3.4237136429082478
9 12 43 46 -0.000496935 3.3823557851368817
9 12 44 47 -0.000451951 3.357146848069026
9 12 45 48 -0.000418755 3.386245343877318
9 12 46 49 -0.000381722 3.352472241976294
9 12 47 50 -0.000359683 3.423203970114648
9 12 48 51 -0.000335037 3.4481530723374276
9 12 49 52 -0.000318961 3.542787656002624
9 12 50 53 -0.000302127 3.6148229904562035
9 12 51 54 -0.000281141 3.6168288984126695
9 12 52 55 -0.00025764 3.557762364564019
9 12 53 56 -0.000239656 3.546500824438642
9 12 54 57 -0.000224111 3.548489974790979
9 12 55 58 -0.000217282 3.6755597328406124
9 12 56 59 -0.000208631 3.765101999366996
9 12 57 60 -0.00020109 3.8662663442673058
9 12 58 61 -0.00019208 3.9293143109885036
9 12 59 62 -0.000176997 3.847574208317947
9 12 60 63 -0.00016232 3.745023738633549
9 12 61 64 -0.000149541 3.6576299193582607
9 12 62 1 -0.041519463 3.703185336550544
9 12 63 2 -0.053106521 3.7964156350651956
9 12 64 3 -0.070473009 3.9113049584136936
10 13 11 14 2.90868065 7.310311809343014
10 13 12 15 -0.582157321 9.144505814435593
10 13 14 17 -1.55469669 7.597681310900124
10 13 15 18 -0.49367043 6.892939538588934
10 13 16 19 -0.210529813 5.952590224941889
10 13 17 20 -0.107506816 5.253774141100014
10 13 18 21 -0.062983758 4.836805390469002
10 13 19 22 -0.039239125 4.437840485998515
10 13 20 23 -0.027135934 4.309863684525262
10 13 21 24 -0.019088368 4.1044680037262555
10 13 22 25 -0.013792036 3.899606307808131
10 13 23 26 -0.010071183 3.6561263007543103
10 13 24 27 -0.007809407 3.5683304598957024
10 13 25 28 -0.006212172 3.51290050524652
10 13 26 29 -0.005102235 3.519287614438683
10 13 27 30 -0.004191653 3.4823277472722722
10 13 28 31 -0.003497779 3.461407995238399
10 13 29 32 -0.002972426 3.469642137159644
10 13 30 33 -0.002596082 3.5432559627475984
10 13 31 34 -0.002221983 3.5182049964775195
10 13 32 35 -0.0019342 3.5277275519717777
10 13 33 36 -0.001614057 3.3692048321975117
10 13 34 37 -0.001415076 3.3608678285986446
10 13 35 38 -0.001217876 3.2734156964768584
10 13 36 39 -0.001089064 3.296324449811828
10 13 37 40 -0.000971433 3.2959945183550814
10 13 38 41 -0.000865289 3.277164820789738
10 13 39 42 -0.000796274 3.3532136634275362
10 13 40 43 -0.000729832 3.4048597515887815
10 13 41 44 -0.000674393 3.4736740446048895
10 13 42 45 -0.000611084 3.464130951472288
10 13 43 46 -0.000550391 3.42362655795989
10 13 44 47 -0.0004997 3.401175577958686
10 13 45 48 -0.000461592 3.428761365488466
10 13 46 49 -0.000419795 3.3946552617472716
10 13 47 50 -0.000394945 3.4686031971102724
10 13 48 51 -0.000366783 3.490776661033635
10 13 49 52 -0.000348526 3.586979938602227
10 13 50 53 -0.000328958 3.653827087773462
10 13 51 54 -0.00030698 3.672887102477585
10 13 52 55 -0.000280625 3.6101906503037813
10 13 53 56 -0.000261079 3.605251670462698
10 13 54 57 -0.000243132 3.5979397071110917
10 13 55 58 -0.000235184 3.7238157262751117
10 13 56 59 -0.000225823 3.8200399736253603
10 13 57 60 -0.000216923 3.9147452727959258
10 13 58 61 -0.000207248 3.984663420939433
10 13 59 62 -0.000190743 3.9019637631241157
10 13 60 63 -0.000174963 3.803358962072425
10 13 61 64 -0.000160468 3.7022946604919196
10 13 62 1 -0.033873071 3.675177329214361
10 13 63 2 -0.041850437 3.732705421229372
10 13 64 3 -0.05319316 3.8026091805660664
11 14 12 15 3.0512643 7.668663607232629
11 14 13 16 -0.66450945 10.438090031804991
11 14 15 18 -1.62165265 7.924889858533537
11 14 16 19 -0.472415949 6.596170999186873
11 14 17 20 -0.203045422 5.740974054902147
11 14 18 21 -0.106792824 5.218881909647896
11 14 19 22 -0.061338441 4.710454115357246
11 14 20 23 -0.04001902 4.526044532491086
11 14 21 24 -0.026849162 4.264317132542247
11 14 22 25 -0.018661636 4.012710141547251
11 14 23 26 -0.013196243 3.731149805740711
11 14 24 27 -0.009962834 3.6167925274964494
11 14 25 28 -0.007744803 3.5388111351849907
11 14 26 29 -0.006245759 3.5318935062886214
11 14 27 30 -0.005049305 3.4827789288465376
11 14 28 31 -0.004160569 3.456503883585032
11 14 29 32 -0.003493909 3.45757823671404
11 14 30 33 -0.00301656 3.5211587051352318
11 14 31 34 -0.002554776 3.4868795729427875
11 14 32 35 -0.002202654 3.4876001788992963
11 14 33 36 -0.001823971 3.3266842884383805
11 14 34 37 -0.001589983 3.3189524327281483
11 14 35 38 -0.001359141 3.2280197398792647
11 14 36 39 -0.001213731 3.2622747362626034
11 14 37 40 -0.001078454 3.2642106324305686
11 14 38 41 -0.000956415 3.245039644805741
11 14 39 42 -0.000875137 3.314462786157537
11 14 40 43 -0.000798984 3.3646258268636005
11 14 41 44 -0.00073434 3.42589076661712
11 14 42 45 -0.000662843 3.41418212340288
11 14 43 46 -0.000595222 3.374211979363292
11 14 44 47 -0.000544178 3.3849795019495175
11 14 45 48 -0.000501164 3.4111401988234684
11 14 46 49 -0.000455466 3.383256694426181
11 14 47 50 -0.00042394 3.428173636334731
11 14 48 51 -0.00039401 3.460391562605979
11 14 49 52 -0.000370525 3.526390324332065
11 14 50 53 -0.000349654 3.598589153899632
11 14 51 54 -0.000324819 3.607854075059698
11 14 52 55 -0.000301199 3.6037198592062873
11 14 53 56 -0.000279115 3.5907647692099416
11 14 54 57 -0.000259969 3.5899236304663225
11 14 55 58 -0.000248872 3.682881935689879
11 14 56 59 -0.000239032 3.784743522871422
11 14 57 60 -0.000227773 3.8530263299689103
11 14 58 61 -0.000216575 3.9084650196418895
11 14 59 62 -0.000199628 3.838157132494872
11 14 60 63 -0.000186936 3.8240852771706937
11 14 61 64 -0.000173207 3.765186900908641
11 14 62 1 -0.028152911 3.639349614427974
11 14 63 2 -0.033869653 3.6748064813478876
11 14 64 3 -0.041680842 3.717578979994998
12 15 13 16 2.83129017 7.115808318602385
12 15 14 17 -0.760027816 11.938489016347502
12 15 16 19 -1.53971783 7.524480791845446
12 15 17 20 -0.460060768 6.4236601286829975
12 15 18 21 -0.203715086 5.759908358427109
12 15 19 22 -0.104149536 5.08970648934822
12 15 20 23 -0.062816802 4.82398409008278
12 15 21 24 -0.039635805 4.482703937056251
12 15 22 25 -0.02622439 4.1650877434263895
12 15 23 26 -0.017822994 3.8323815112745643
12 15 24 27 -0.013015893 3.6801570445839684
12 15 25 28 -0.009837672 3.5713551563301213
12 15 26 29 -0.007760071 3.545787499646683
12 15 27 30 -0.006155204 3.4806858601943733
12 15 28 31 -0.004987311 3.4400183119071945
12 15 29 32 -0.004127198 3.42878003353012
12 15 30 33 -0.003517804 3.4812247689981617
12 15 31 34 -0.002948754 3.4420103748648576
12 15 32 35 -0.002518692 3.437630416652738
12 15 33 36 -0.002069733 3.2771380257969596
12 15 34 37 -0.001790516 3.2656667487572637
12 15 35 38 -0.001521091 3.1751463222253893
12 15 36 39 -0.001348703 3.2032290301259283
12 15 37 40 -0.001191196 3.201705004434317
12 15 38 41 -0.001051522 3.182694201731976
12 15 39 42 -0.000958171 3.250997612441421
12 15 40 43 -0.000871176 3.2994610354648226
12 15 41 44 -0.000798449 3.3623728720893222
12 15 42 45 -0.000718528 3.352123595004856
12 15 43 46 -0.000643111 3.312546228237682
12 15 44 47 -0.000582717 3.3033232675852697
12 15 45 48 -0.000535252 3.3294566270181507
12 15 46 49 -0.000484604 3.2984256349431487
12 15 47 50 -0.00045173 3.355505233262502
12 15 48 51 -0.000418384 3.383245267406402
12 15 49 52 -0.000394085 3.461050249865682
12 15 50 53 -0.000371257 3.533356973593008
12 15 51 54 -0.000344203 3.542488238486375
12 15 52 55 -0.000315568 3.5051006707071903
12 15 53 56 -0.000294112 3.5189268730337075
12 15 54 57 -0.000273727 3.521449108724109
12 15 55 58 -0.000262273 3.621739670242582
12 15 56 59 -0.000251085 3.7156305684154636
12 15 57 60 -0.000238997 3.7841893459273286
12 15 58 61 -0.000227685 3.8515377149134067
12 15 59 62 -0.000208941 3.7706964777513385
12 15 60 63 -0.000194734 3.744062411281265
12 15 61 64 -0.000178901 3.6597160534681086
12 15 62 1 -0.023813606 3.6041930130182496
12 15 63 2 -0.028050037 3.6260510090995712
12 15 64 3 -0.033662557 3.6523368763873285
13 16 14 17 2.95954188 7.438140022559447
13 16 15 18 -0.580936645 9.125331480665528
13 16 17 20 -1.58051209 7.72383915466154
13 16 18 21 -0.488921514 6.826632162508423
13 16 19 22 -0.207094764 5.8554665026138
13 16 20 23 -0.111867984 5.46690101543134
13 16 21 24 -0.06509021 4.998569291383968
13 16 22 25 -0.04040835 4.5700767181326825
13 16 23 26 -0.02611267 4.147343818679404
13 16 24 27 -0.018283986 3.9315061150109214
13 16 25 28 -0.013337106 3.7709778806773464
13 16 26 29 -0.010227175 3.7127558400951473
13 16 27 30 -0.007920237 3.618971701269118
13 16 28 31 -0.006292238 3.5581767615789377
13 16 29 32 -0.0051165 3.5291269569660204
13 16 30 33 -0.004292178 3.5658415774472756
13 16 31 34 -0.003547632 3.510742608084614
13 16 32 35 -0.002994771 3.495724923932076
13 16 33 36 -0.002435631 3.3242648205268157
13 16 34 37 -0.002089264 3.30806268264006
13 16 35 38 -0.001759172 3.2084993966794007
13 16 36 39 -0.001547548 3.2303730287453263
13 16 37 40 -0.001359857 3.2297202714162823
13 16 38 41 -0.001193341 3.20747035055243
13 16 39 42 -0.001081472 3.273345363896793
13 16 40 43 -0.000978544 3.320121572943533
13 16 41 44 -0.000892611 3.3806431930256235
13 16 42 45 -0.000799961 3.36874010128317
13 16 43 46 -0.000713327 3.327859551268745
13 16 44 47 -0.000645303 3.323836816226842
13 16 45 48 -0.000591037 3.3504879282804434
13 16 46 49 -0.000533244 3.316966157282302
13 16 47 50 -0.000496358 3.3784284721321147
13 16 48 51 -0.000458021 3.4022355443387076
13 16 49 52 -0.000431242 3.487220963533193
13 16 50 53 -0.000404582 3.5532401187336675
13 16 51 54 -0.000374344 3.5627368182221506
13 16 52 55 -0.000343682 3.5371261807115983
13 16 53 56 -0.000318341 3.535901145279615
13 16 54 57 -0.000295086 3.5305803750136837
13 16 55 58 -0.000283515 3.6473699856423223
13 16 56 59 -0.000270365 3.7334824627206604
13 16 57 60 -0.000257921 3.8167917312315938
13 16 58 61 -0.00024403 3.8638799904879395
13 16 59 62 -0.000224644 3.800095915097645
13 16 60 63 -0.000209907 3.7881295942651283
13 16 61 64 -0.000192916 3.709108548762602
13 16 62 1 -0.020518199 3.581572101652848
13 16 63 2 -0.023700892 3.587133731392891
13 16 64 3 -0.027801223 3.593886621730738
14 17 15 18 3.14956962 7.915731824129263
14 17 16 19 -0.66382153 10.427284209713704
14 17 18 21 -1.68034759 8.211727446566483
14 17 19 22 -0.476713752 6.656179649548545
14 17 20 23 -0.21659409 6.12405361759469
14 17 21 24 -0.113098612 5.527040844739591
14 17 22 25 -0.064899294 4.983907995087123
14 17 23 26 -0.039503592 4.467750999033924
14 17 24 27 -0.026349272 4.184922122322317
14 17 25 28 -0.018454974 3.96827273513377
14 17 26 29 -0.013708957 3.8761162739620483
14 17 27 30 -0.010336801 3.7525532007276063
14 17 28 31 -0.008023964 3.6663673887539168
14 17 29 32 -0.006397703 3.61781581403689
14 17 30 33 -0.005278124 3.6406077769196363
14 17 31 34 -0.004305637 3.5770230013749096
14 17 32 35 -0.003589515 3.5521900954943586
14 17 33 36 -0.002886812 3.3697069522531784
14 17 34 37 -0.002451013 3.345258904388182
14 17 35 38 -0.002047104 3.2413081113172857
14 17 36 39 -0.001788531 3.262046368656621
14 17 37 40 -0.0015605 3.2574092120936355
14 17 38 41 -0.00136099 3.23241119632053
14 17 39 42 -0.001227515 3.299323468613218
14 17 40 43 -0.001104333 3.342539895390946
14 17 41 44 -0.001003973 3.406400137298719
14 17 42 45 -0.000897119 3.397716632087163
14 17 43 46 -0.000796538 3.354325401858208
14 17 44 47 -0.000718468 3.351843679099421
14 17 45 48 -0.000654371 3.3705444128900304
14 17 46 49 -0.00058991 3.3440991575348353
14 17 47 50 -0.000546028 3.3964871558396177
14 17 48 51 -0.000503795 3.429047929353005
14 17 49 52 -0.000472262 3.5080194197219923
14 17 50 53 -0.0004432 3.583918846118679
14 17 51 54 -0.000407615 3.579877431516043
14 17 52 55 -0.00037452 3.5644118595745087
14 17 53 56 -0.000345682 3.557709895777919
14 17 54 57 -0.000319731 3.5513402580295867
14 17 55 58 -0.000306428 3.6662826537168587
14 17 56 59 -0.000291983 3.7563092976308203
14 17 57 60 -0.000277964 3.8384173959931416
14 17 58 61 -0.00026386 3.904678821045081
14 17 59 62 -0.000241435 3.8227917284901674
14 17 60 63 -0.000224827 3.803191557769886
14 17 61 64 -0.000206292 3.7228907576219084
14 17 62 1 -0.01825586 3.627156568828513
14 17 63 2 -0.020750894 3.622190380098929
14 17 64 3 -0.023894968 3.616507164513205
15 18 16 19 2.94058324 7.390491763242604
15 18 17 20 -0.766341627 12.037666127616273
15 18 19 22 -1.59315073 7.7856032013343315
15 18 20 23 -0.493110518 6.885121692251793
15 18 21 24 -0.215550839 6.0945563904976385
15 18 22 25 -0.110781263 5.413793808829757
15 18 23 26 -0.062449008 4.795739538498827
15 18 24 27 -0.039219517 4.4356228734434575
15 18 25 28 -0.026148966 4.153108529497669
15 18 26 29 -0.018698421 4.020619820128315
15 18 27 30 -0.013659867 3.8622364034592227
15 18 28 31 -0.010323784 3.747827658945979
15 18 29 32 -0.008044502 3.675751759549976
15 18 30 33 -0.006511491 3.6821614121128916
15 18 31 34 -0.005229732 3.6072291955258122
15 18 32 35 -0.004301611 3.57367829428429
15 18 33 36 -0.003414362 3.378858391407282
15 18 34 37 -0.002868531 3.3483679759727214
15 18 35 38 -0.002372866 3.2386001687547012
15 18 36 39 -0.00205698 3.2569454013168992
15 18 37 40 -0.00178219 3.250481214894314
15 18 38 41 -0.001544709 3.2244468610086177
15 18 39 42 -0.001385151 3.289794635518687
15 18 40 43 -0.001239228 3.3308057525672767
15 18 41 44 -0.001121639 3.3949208306972674
15 18 42 45 -0.00099839 3.387457464570928
15 18 43 46 -0.000882556 3.342561243211122
15 18 44 47 -0.000792493 3.337291379312496
15 18 45 48 -0.000720568 3.3616407357896407
15 18 46 49 -0.000646986 3.332505639030564
15 18 47 50 -0.000597215 3.385509956378374
15 18 48 51 -0.000549101 3.415602302004091
15 18 49 52 -0.0005141 3.4991882422024427
15 18 50 53 -0.00048145 3.576268998194124
15 18 51 54 -0.000443329 3.5849619993929327
15 18 52 55 -0.00040472 3.55445210329152
15 18 53 56 -0.000372616 3.5462909576717268
15 18 54 57 -0.000345448 3.5553016011151595
15 18 55 58 -0.000330452 3.6704213571608415
15 18 56 59 -0.000314138 3.758529573907432
15 18 57 60 -0.000299142 3.848408557730686
15 18 58 61 -0.000283216 3.910942500552566
15 18 59 62 -0.000258526 3.825744701316989
15 18 60 63 -0.000241162 3.8184691483262405
15 18 61 64 -0.0002209 3.736762110918029
15 18 62 1 -0.016538189 3.6964493291522604
15 18 63 2 -0.018563648 3.688309276288287
15 18 64 3 -0.021071936 3.6782301460968525
16 19 17 20 3.15441044 7.927898131768743
16 19 18 21 -0.621293647 9.759257785686072
16 19 20 23 -1.75167554 8.560301567901892
16 19 21 24 -0.511678002 7.144372675940885
16 19 22 25 -0.218084842 6.166203637378409
16 19 23 26 -0.109851213 5.3683429916468715
16 19 24 27 -0.063480015 4.874915192247708
16 19 25 28 -0.039592066 4.477757172697538
16 19 26 29 -0.026913025 4.274460171086076
16 19 27 30 -0.01885055 4.053331292001598
16 19 28 31 -0.013753945 3.8888363312890206
16 19 29 32 -0.010398303 3.774880178576087
16 19 30 33 -0.008203368 3.7483419558147872
16 19 31 34 -0.006458612 3.6522590420856402
16 19 32 35 -0.005216831 3.5983306776186845
16 19 33 36 -0.004075613 3.3859244162251945
16 19 34 37 -0.003373946 3.338862649670724
16 19 35 38 -0.002759147 3.220686635703503
16 19 36 39 -0.002364836 3.227640443529973
16 19 37 40 -0.002031351 3.216365398744997
16 19 38 41 -0.001746579 3.1855314135018693
16 19 39 42 -0.001556572 3.2492098507446423
16 19 40 43 -0.001381818 3.2818786137129896
16 19 41 44 -0.00124354 3.3423955765585602
16 19 42 45 -0.001100231 3.330124166936853
16 19 43 46 -0.000967976 3.284265193687345
16 19 44 47 -0.000866781 3.282815568589165
16 19 45 48 -0.000784322 3.3028822326571152
16 19 46 49 -0.000701949 3.2747781650681165
16 19 47 50 -0.000646478 3.329889024660813
16 19 48 51 -0.000592559 3.3591158866431905
16 19 49 52 -0.000553021 3.439986087544194
16 19 50 53 -0.000517001 3.5189337101865497
16 19 51 54 -0.000474581 3.525245233008548
16 19 52 55 -0.000431896 3.492509508039876
16 19 53 56 -0.000396865 3.4854655909586607
16 19 54 57 -0.000366411 3.4872362327206967
16 19 55 58 -0.000349755 3.599628631510481
16 19 56 59 -0.000331807 3.6854717152732235
16 19 57 60 -0.000315772 3.7780796994056685
16 19 58 61 -0.000299156 3.8485886652375165
16 19 59 62 -0.000272912 3.768654100442072
16 19 60 63 -0.000251347 3.7195077224028577
16 19 61 64 -0.000230077 3.642953393318418
16 19 62 1 -0.014616139 3.636260824025861
16 19 63 2 -0.016202519 3.621423753720964
16 19 64 3 -0.0181424 3.604613824509742
17 20 18 21 3.13341248 7.875124502267646
17 20 19 22 -0.833493405 13.09248378981774
17 20 21 24 -1.64822396 8.054741775432603
17 20 22 25 -0.481661003 6.72525630464661
17 20 23 26 -0.205976416 5.823845957865188
17 20 24 27 -0.10730404 5.243864636336747
17 20 25 28 -0.061908185 4.7542073136085685
17 20 26 29 -0.039731884 4.493570215956564
17 20 27 30 -0.026552585 4.217213301807493
17 20 28 31 -0.018636843 4.0073790375358245
17 20 29 32 -0.013630758 3.854006027609422
17 20 30 33 -0.010454152 3.79515495640217
17 20 31 34 -0.008051759 3.679067680227111
17 20 32 35 -0.006376551 3.6058546398313185
17 20 33 36 -0.004893365 3.375218671313208
17 20 34 37 -0.00399124 3.31582929169542
17 20 35 38 -0.003222441 3.188933046251356
17 20 36 39 -0.002736563 3.194324869918379
17 20 37 40 -0.002325265 3.1736320640943907
17 20 38 41 -0.001982815 3.139515306863542
17 20 39 42 -0.001751308 3.194156490326021
17 20 40 43 -0.001546232 3.2276259922037593
17 20 41 44 -0.00138309 3.2848996697396466
17 20 42 45 -0.001217093 3.271311143558219
17 20 43 46 -0.001065533 3.225101995825173
17 20 44 47 -0.000947452 3.2146289022552854
17 20 45 48 -0.000854461 3.236155238234648
17 20 46 49 -0.00076103 3.2047965829328318
17 20 47 50 -0.000699154 3.2617387491399428
17 20 48 51 -0.000638542 3.289012151356991
17 20 49 52 -0.000594611 3.3707483245934906
17 20 50 53 -0.00055468 3.4503056539245587
17 20 51 54 -0.000507427 3.4537689013344854
17 20 52 55 -0.000459954 3.416594102804819
17 20 53 56 -0.000420916 3.4037201828359427
17 20 54 57 -0.00038963 3.4219242266393435
17 20 55 58 -0.000370161 3.522926034262415
17 20 56 59 -0.000351036 3.6128125010104593
17 20 57 60 -0.000332617 3.694468608314574
17 20 58 61 -0.000314744 3.765780110046925
17 20 59 62 -0.000287403 3.697388413253479
17 20 60 63 -0.000263717 3.6416799312829116
17 20 61 64 -0.000240514 3.559197763832474
17 20 62 1 -0.013083515 3.5879949173919283
17 20 63 2 -0.014345082 3.5688261923370153
17 20 64 3 -0.015868144 3.5466876236383245
18 21 19 22 2.97971299 7.4888355513520475
18 21 20 23 -0.717616417 11.272292318713172
18 21 22 25 -1.60577883 7.847315739850238
18 21 23 26 -0.475193867 6.634958051547206
18 21 24 27 -0.208299812 5.889538432110008
18 21 25 28 -0.107359679 5.246583670815795
18 21 26 29 -0.063854683 4.9036876291359
18 21 27 30 -0.040204531 4.547025332302449
18 21 28 31 -0.026923505 4.276124656687119
18 21 29 32 -0.018922127 4.068722105207982
18 21 30 33 -0.014026395 3.9658697539513694
18 21 31 34 -0.010522611 3.820007523416724
18 21 32 35 -0.00814145 3.7200499375583655
18 21 33 36 -0.006120533 3.4610798715937032
18 21 34 37 -0.004906488 3.3842703146350614
18 21 35 38 -0.003904498 3.24376605710661
18 21 36 39 -0.003277283 3.24320478190843
18 21 37 40 -0.00275365 3.2142701184115783
18 21 38 41 -0.002326982 3.175975507209068
18 21 39 42 -0.002036295 3.224193543920989
18 21 40 43 -0.001784831 3.2552980531037843
18 21 41 44 -0.001584707 3.3079392375964556
18 21 42 45 -0.001384259 3.287676096229554
18 21 43 46 -0.001205247 3.2394713812667666
18 21 44 47 -0.001070946 3.2414857935145935
18 21 45 48 -0.000961472 3.262197641578881
18 21 46 49 -0.00085275 3.229675057614796
18 21 47 50 -0.000778739 3.279371491526655
18 21 48 51 -0.000708633 3.3059607969335585
18 21 49 52 -0.000655686 3.377317735520389
18 21 50 53 -0.000608339 3.4485700147405267
18 21 51 54 -0.000556941 3.464369873084297
18 21 52 55 -0.000508469 3.460861206622124
18 21 53 56 -0.00046463 3.4513279979871965
18 21 54 57 -0.000425695 3.442365372740278
18 21 55 58 -0.000402611 3.535929817548681
18 21 56 59 -0.000381368 3.629586195829892
18 21 57 60 -0.000360647 3.711727543761663
18 21 58 61 -0.000339327 3.768998425978105
18 21 59 62 -0.000309565 3.7038155445907663
18 21 60 63 -0.000287827 3.702843097746054
18 21 61 64 -0.000262439 3.6240319717195177
18 21 62 1 -0.012161812 3.6434899246710493
18 21 63 2 -0.013200219 3.61999957048701
18 21 64 3 -0.014448125 3.594461637107354
19 22 20 23 3.23245581 8.124047540599701
19 22 21 24 -0.617734688 9.703353788441936
19 22 23 26 -1.65235756 8.074942355821527
19 22 24 27 -0.500363774 6.986396251203819
19 22 25 28 -0.213498163 6.036518343921438
19 22 26 29 -0.11369355 5.556115000186235
19 22 27 30 -0.066035306 5.071147453952653
19 22 28 31 -0.041550516 4.699252649464764
19 22 29 32 -0.02775462 4.4081264649228045
19 22 30 33 -0.01970503 4.237065481316473
19 22 31 34 -0.014297698 4.042578870004087
19 22 32 35 -0.010748269 3.901927805152804
19 22 33 36 -0.007877294 3.5993498765980125
19 22 34 37 -0.006168237 3.4880558480641355
19 22 35 38 -0.004830809 3.3320704125582066
19 22 36 39 -0.003998264 3.32166466740444
19 22 37 40 -0.003313957 3.279497434136422
19 22 38 41 -0.002769352 3.2325986893626064
19 22 39 42 -0.002397872 3.272729544716041
19 22 40 43 -0.002083022 3.2981793326828313
19 22 41 44 -0.001835433 3.3475894756996256
19 22 42 45 -0.001591022 3.3211212556511636
19 22 43 46 -0.001377367 3.2713072926637365
19 22 44 47 -0.001216247 3.2690372587955503
19 22 45 48 -0.001086168 3.287558981844238
19 22 46 49 -0.000958999 3.2538069502559672
19 22 47 50 -0.000871268 3.299809472996691
19 22 48 51 -0.000789627 3.3252222795310344
19 22 49 52 -0.000726592 3.3897442926952994
19 22 50 53 -0.000671217 3.457315053978259
19 22 51 54 -0.00061245 3.471874572447
19 22 52 55 -0.000560284 3.485164514681379
19 22 53 56 -0.000509559 3.468280220790575
19 22 54 57 -0.000466707 3.466756205920002
19 22 55 58 -0.000438963 3.5496565172581085
19 22 56 59 -0.000417073 3.6629422862129477
19 22 57 60 -0.000390885 3.720162153502568
19 22 58 61 -0.000367131 3.7784599480066743
19 22 59 62 -0.000333958 3.7093634645719202
19 22 60 63 -0.000313053 3.7455480034266575
19 22 61 64 -0.000287309 3.6961791199933334
19 22 62 1 -0.011362107 3.68724721007732
19 22 63 2 -0.012223293 3.6619086770788893
19 22 64 3 -0.013246302 3.632637272952913
20 23 21 24 3.26657963 8.209810054379236
20 23 22 25 -0.696531014 10.94108358289927
20 23 24 27 -1.77648778 8.681557047084503
20 23 25 28 -0.505461221 7.057570038080545
20 23 26 29 -0.2265317 6.405032920726854
20 23 27 30 -0.118216218 5.7771342533950785
20 23 28 31 -0.068961735 5.295881068006371
20 23 29 32 -0.043358407 4.903720304492045
20 23 30 33 -0.029267482 4.648406714480393
20 23 31 34 -0.020434733 4.393969550628373
20 23 32 35 -0.014870853 4.204634628367231
20 23 33 36 -0.010586984 3.84337675604396
20 23 34 37 -0.008103046 3.7025021054397635
20 23 35 38 -0.006205674 3.5092259728151753
20 23 36 39 -0.005049764 3.483095525987796
20 23 37 40 -0.004124781 3.426772046188334
20 23 38 41 -0.003401975 3.3666001953242763
20 23 39 42 -0.002913201 3.40051020399351
20 23 40 43 -0.002505607 3.4197713874415836
20 23 41 44 -0.002190486 3.4683338215972204
20 23 42 45 -0.00188444 3.436971827131474
20 23 43 46 -0.001618834 3.379176407850297
20 23 44 47 -0.001422876 3.3793931721583332
20 23 45 48 -0.001262512 3.393388651874568
20 23 46 49 -0.001109872 3.3593050635789568
20 23 47 50 -0.001004289 3.407472300039536
20 23 48 51 -0.000905693 3.4301894951114833
20 23 49 52 -0.000832304 3.504940692431741
20 23 50 53 -0.000767293 3.579625247147029
20 23 51 54 -0.000697013 3.5901854954784342
20 23 52 55 -0.000632464 3.585330524268299
20 23 53 56 -0.000574031 3.5706757136150005
20 23 54 57 -0.000523754 3.564897565855861
20 23 55 58 -0.000492652 3.659478812957382
20 23 56 59 -0.000466141 3.769430313286568
20 23 57 60 -0.000436628 3.8346840110594234
20 23 58 61 -0.000409564 3.8979354343019708
20 23 59 62 -0.000372192 3.830547038981998
20 23 60 63 -0.000345137 3.833531695817914
20 23 61 64 -0.000314662 3.7647990143976866
20 23 62 1 -0.011010496 3.8397466514427467
20 23 63 2 -0.011744066 3.811201090912444
20 23 64 3 -0.012616948 3.7798415991053425
21 24 22 25 3.03661237 7.631839290713499
21 24 23 26 -0.833040022 13.085362066307427
21 24 25 28 -1.62636875 7.947937070932462
21 24 26 29 -0.504528901 7.044552395134791
21 24 27 30 -0.222003491 6.277000827571982
21 24 28 31 -0.117056046 5.720437553784625
21 24 29 32 -0.068325648 5.247033093098186
21 24 30 33 -0.043427967 4.9115873551514575
21 24 31 34 -0.028991028 4.604498918454586
21 24 32 35 -0.020329552 4.371353051978519
21 24 33 36 -0.014002422 3.9590915478897637
21 24 34 37 -0.010420958 3.783104588890504
21 24 35 38 -0.007797228 3.562765543549164
21 24 36 39 -0.006219794 3.5172106447035385
21 24 37 40 -0.00499527 3.445508064951363
21 24 38 41 -0.004064597 3.376772579834169
21 24 39 42 -0.003437931 3.402182313541806
21 24 40 43 -0.002925647 3.4150381236251808
21 24 41 44 -0.002535914 3.461135819868214
21 24 42 45 -0.00216711 3.431321135182581
21 24 43 46 -0.001846025 3.36690789687142
21 24 44 47 -0.001609589 3.3598782674044108
21 24 45 48 -0.001420127 3.372864176075566
21 24 46 49 -0.001241037 3.3356679955172375
21 24 47 50 -0.001118546 3.3855590929818824
21 24 48 51 -0.001005293 3.4108787917856764
21 24 49 52 -0.000920855 3.4876135153091448
21 24 50 53 -0.00084663 3.5652693468173706
21 24 51 54 -0.000765866 3.5729679138627706
21 24 52 55 -0.000690795 3.558157723527431
21 24 53 56 -0.000625499 3.545847127424322
21 24 54 57 -0.000571194 3.5530285708656963
21 24 55 58 -0.000535947 3.647888428017259
21 24 56 59 -0.000504155 3.7449244922308824
21 24 57 60 -0.000471642 3.8139139269429285
21 24 58 61 -0.000443482 3.8948792440994513
21 24 59 62 -0.000402317 3.8289637031625485
21 24 60 63 -0.000369785 3.805774537899682
21 24 61 64 -0.000335471 3.726168772191134
21 24 62 1 -0.010399079 3.867475922056073
21 24 63 2 -0.011012202 3.8403415935586485
21 24 64 3 -0.011735549 3.808437141894165
22 25 23 26 3.11670295 7.833128872913296
22 25 24 27 -0.664566018 10.438978599871135
22 25 26 29 -1.66671794 8.14512041141604
22 25 27 30 -0.494882201 6.909859053573081
22 25 28 31 -0.22012418 6.223864560889288
22 25 29 32 -0.115652672 5.651855762361353
22 25 30 33 -0.067871934 5.212190359183653
22 25 31 34 -0.042782572 4.838594900287569
22 25 32 35 -0.028649059 4.550185705047839
22 25 33 36 -0.018949019 4.074504545778921
22 25 34 37 -0.013626916 3.8529197277016634
22 25 35 38 -0.009913982 3.5990578599758165
22 25 36 39 -0.007732883 3.5333645629827797
22 25 37 40 -0.006087475 3.4423860130040764
22 25 38 41 -0.004873147 3.3612732225072004
22 25 39 42 -0.004063541 3.375895279613679
22 25 40 43 -0.003412832 3.3773443008278843
22 25 41 44 -0.002927441 3.417132217134679
22 25 42 45 -0.002476579 3.3801525949355544
22 25 43 46 -0.002093531 3.3148188912699053
22 25 44 47 -0.001812877 3.3064502849942823
22 25 45 48 -0.001588243 3.3153203327415777
22 25 46 49 -0.001379341 3.2759956296107657
22 25 47 50 -0.001237158 3.325241991977769
22 25 48 51 -0.001105762 3.3468651211249534
22 25 49 52 -0.001008504 3.4217734581172072
22 25 50 53 -0.000922537 3.4939838623591686
22 25 51 54 -0.000831469 3.5014243985316993
22 25 52 55 -0.000749403 3.496163654676539
22 25 53 56 -0.000675921 3.4815444909768956
22 25 54 57 -0.00061349 3.477770155033897
22 25 55 58 -0.000575741 3.5813125180215244
22 25 56 59 -0.00053995 3.675134587390019
22 25 57 60 -0.000504763 3.7494407899791473
22 25 58 61 -0.000472607 3.8217173603511068
22 25 59 62 -0.000427712 3.7563792696259704
22 25 60 63 -0.000393468 3.744745288804504
22 25 61 64 -0.000355522 3.658981773904216
22 25 62 1 -0.009788144 3.8537146317163846
22 25 63 2 -0.010292141 3.8277050788734375
22 25 64 3 -0.01088933 3.797491811808936
23 26 24 27 3.20423887 8.053130635471074
23 26 25 28 -0.707383049 11.111546950061769
23 26 27 30 -1.63101092 7.970622993194908
23 26 28 31 -0.49505246 6.912236317678004
23 26 29 32 -0.218787806 6.186079476221652
23 26 30 33 -0.114544784 5.597714141000015
23 26 31 34 -0.066869558 5.135213408394582
23 26 32 35 -0.042230833 4.776194689480006
23 26 33 36 -0.026544743 4.215967796456026
23 26 34 37 -0.018285941 3.93192648803324
23 26 35 38 -0.012850451 3.6333794211224
23 26 36 39 -0.009741633 3.536490263715406
23 26 37 40 -0.007484744 3.419983104955549
23 26 38 41 -0.005873863 3.321591272818724
23 26 39 42 -0.004813604 3.320203192916928
23 26 40 43 -0.003981502 3.3077391879576017
23 26 41 44 -0.003372878 3.3378057550702036
23 26 42 45 -0.002821126 3.2930332475347206
23 26 43 46 -0.002361453 3.2230231645218463
23 26 44 47 -0.002029493 3.213423510853211
23 26 45 48 -0.001764657 3.218503318519213
23 26 46 49 -0.001522162 3.177381942389537
23 26 47 50 -0.00135592 3.2203697230067325
23 26 48 51 -0.001205202 3.2393504299496034
23 26 49 52 -0.001093718 3.310410944259743
23 26 50 53 -0.000996694 3.3817030721392003
23 26 51 54 -0.000894691 3.3885209111374253
23 26 52 55 -0.000802738 3.380434410457322
23 26 53 56 -0.00072177 3.367248384428519
23 26 54 57 -0.000653292 3.364986682762154
23 26 55 58 -0.000610075 3.4584111025971156
23 26 56 59 -0.000571235 3.553283605357315
23 26 57 60 -0.000532992 3.627775412542238
23 26 58 61 -0.000496664 3.6892804355988913
23 26 59 62 -0.000448527 3.62699541582372
23 26 60 63 -0.000412207 3.6202066568034383
23 26 61 64 -0.000372184 3.542179492534121
23 26 62 1 -0.009092641 3.7629105991149383
23 26 63 2 -0.00949528 3.738410414501866
23 26 64 3 -0.009976986 3.7104971632286405
24 27 25 28 3.09835153 7.787006723909342
24 27 26 29 -0.657221062 10.323604300818431
24 27 28 31 -1.66094459 8.116906500832433
24 27 29 32 -0.509108889 7.108501091376254
24 27 30 33 -0.222427767 6.288996948854232
24 27 31 34 -0.116784831 5.707183488538395
24 27 32 35 -0.068506072 5.260888661636506
24 27 33 36 -0.040485147 4.5787622542093205
24 27 34 37 -0.026490354 4.207329465601535
24 27 35 38 -0.017853758 3.8389965269567132
24 27 36 39 -0.013085235 3.6997630331846385
24 27 37 40 -0.009766114 3.5453775640423655
24 27 38 41 -0.00748344 3.4193872718891325
24 27 39 42 -0.006008105 3.3975033353993
24 27 40 43 -0.004883251 3.368242498139602
24 27 41 44 -0.00407891 3.3886634870840555
24 27 42 45 -0.003367152 3.33213929581685
24 27 43 46 -0.002786809 3.2529758300511875
24 27 44 47 -0.002372182 3.237666613081761
24 27 45 48 -0.002043169 3.23507757910298
24 27 46 49 -0.001750388 3.192478530783154
24 27 47 50 -0.001548354 3.232055484256347
24 27 48 51 -0.001368744 3.2508272878540967
24 27 49 52 -0.001234761 3.3187993184835425
24 27 50 53 -0.001119831 3.3894484667175013
24 27 51 54 -0.000999993 3.3928963154365284
24 27 52 55 -0.000894455 3.387627093120894
24 27 53 56 -0.000801105 3.373557634482749
24 27 54 57 -0.000721578 3.366352653531127
24 27 55 58 -0.00067112 3.456815424856476
24 27 56 59 -0.000627239 3.5557108905985535
24 27 57 60 -0.000583011 3.626534487632889
24 27 58 61 -0.000542164 3.6902040345174973
24 27 59 62 -0.000487594 3.6219073754397457
24 27 60 63 -0.000449267 3.6329793958465713
24 27 61 64 -0.000405131 3.5580617094746905
24 27 62 1 -0.008784957 3.7950198640978865
24 27 63 2 -0.009114889 3.772117740913356
24 27 64 3 -0.009514456 3.7459602453766254
25 28 26 29 3.23256988 8.124334229778896
25 28 27 30 -0.689121885 10.824701256719775
25 28 29 32 -1.74401958 8.522887489269616
25 28 30 33 -0.514686946 7.186385459787387
25 28 31 34 -0.227047259 6.419610008028883
25 28 32 35 -0.120400194 5.883863454951778
25 28 33 36 -0.065819283 5.054558078468497
25 28 34 37 -0.040458039 4.575696411637794
25 28 35 38 -0.026000131 4.129469816288596
25 28 36 39 -0.018251942 3.92461586788705
25 28 37 40 -0.013162376 3.7215741370847892
25 28 38 41 -0.009806924 3.5601927564913343
25 28 39 42 -0.007688568 3.5131158341957818
25 28 40 43 -0.006120153 3.460864986656197
25 28 41 44 -0.005028473 3.4684099710106118
25 28 42 45 -0.004090376 3.398189173000858
25 28 43 46 -0.003341509 3.306762939785809
25 28 44 47 -0.002812845 3.2833670332916007
25 28 45 48 -0.002401229 3.2773113376898158
25 28 46 49 -0.002037059 3.2254032330218094
25 28 47 50 -0.001790729 3.266055232868819
25 28 48 51 -0.001569101 3.275363058061734
25 28 49 52 -0.001408969 3.346363434609027
25 28 50 53 -0.001270513 3.414893796066187
25 28 51 54 -0.00113008 3.420469627352801
25 28 52 55 -0.001005268 3.4107939687840294
25 28 53 56 -0.000896347 3.394792786711052
25 28 54 57 -0.000804241 3.3867637394773973
25 28 55 58 -0.000745737 3.4790607928544692
25 28 56 59 -0.000694008 3.574707294334535
25 28 57 60 -0.000644326 3.652574178735384
25 28 58 61 -0.000597477 3.7165181207000137
25 28 59 62 -0.000536483 3.651536677186332
25 28 60 63 -0.000497237 3.6935367491017788
25 28 61 64 -0.000441466 3.5698969253624293
25 28 62 1 -0.008604344 3.8537109208211655
25 28 63 2 -0.00887103 3.8322026009926144
25 28 64 3 -0.009199126 3.8069784926066923
26 29 27 30 3.0620961 7.6958868898767525
26 29 28 31 -0.794241092 12.475909899031702
26 29 30 33 -1.63157926 7.973400426390729
26 29 31 34 -0.49931916 6.971810688233877
26 29 32 35 -0.226678004 6.409169568871171
26 29 33 36 -0.111989064 5.472818100474621
26 29 34 37 -0.063836072 4.902258406936711
26 29 35 38 -0.038597135 4.365233127562102
26 29 36 39 -0.025954641 4.122244868770333
26 29 37 40 -0.017997508 3.8699063080095324
26 29 38 41 -0.01299217 3.673449524357068
26 29 39 42 -0.009911442 3.5981357676254024
26 29 40 43 -0.007712306 3.523962372025992
26 29 41 44 -0.006221273 3.5180469994997776
26 29 42 45 -0.004978872 3.434197476885238
26 29 43 46 -0.004011132 3.3323551022882194
26 29 44 47 -0.003338899 3.3041800793856604
26 29 45 48 -0.002820748 3.292592017129709
26 29 46 49 -0.002371749 3.2370756341250595
26 29 47 50 -0.002066457 3.271950929600247
26 29 48 51 -0.00179862 3.280447383687043
26 29 49 52 -0.001602554 3.3451933114242256
26 29 50 53 -0.001437108 3.413194799022626
26 29 51 54 -0.001271826 3.4184228867203044
26 29 52 55 -0.001128457 3.415557212120964
26 29 53 56 -0.001000543 3.3947624214727607
26 29 54 57 -0.000895143 3.3902327998809514
26 29 55 58 -0.000825634 3.4768524525355975
26 29 56 59 -0.000767366 3.579965811498642
26 29 57 60 -0.000708029 3.646926881102792
26 29 58 61 -0.000652895 3.7011503779537667
26 29 59 62 -0.000586456 3.6479636052822904
26 29 60 63 -0.0005365 3.6516523865816195
26 29 61 64 -0.000482509 3.5841353786471046
26 29 62 1 -0.008475712 3.9094647341796533
26 29 63 2 -0.008689016 3.8916337899077305
26 29 64 3 -0.008958357 3.8699270542451547
27 30 28 31 3.13494715 7.878981548665793
27 30 29 32 -0.634487787 9.966510852158248
27 30 31 34 -1.67896942 8.204992437403865
27 30 32 35 -0.527293415 7.362404972667866
27 30 33 36 -0.218714345 6.1840024153803235
27 30 34 37 -0.111191112 5.433822809390573
27 30 35 38 -0.061994655 4.760847732907047
27 30 36 39 -0.039161359 4.429045358603748
27 30 37 40 -0.025783703 4.09509564742769
27 30 38 41 -0.01785577 3.8394291563791705
27 30 39 42 -0.013154076 3.719227367372558
27 30 40 43 -0.009936251 3.60714214129525
27 30 41 44 -0.007831472 3.5784125585233704
27 30 42 45 -0.006141541 3.4729596157176936
27 30 43 46 -0.004861762 3.3534203718465814
27 30 44 47 -0.003989814 3.3146446040870687
27 30 45 48 -0.003329212 3.294593807854533
27 30 46 49 -0.002766768 3.2295824476521586
27 30 47 50 -0.002387782 3.2589582336926903
27 30 48 51 -0.00206001 3.26174299029005
27 30 49 52 -0.001824068 3.326861203738009
27 30 50 53 -0.001625798 3.3937131574517196
27 30 51 54 -0.001428466 3.3926696683761097
27 30 52 55 -0.001261536 3.3907653521956505
27 30 53 56 -0.001114386 3.3729678130284384
27 30 54 57 -0.000990965 3.3622650330817905
27 30 55 58 -0.000910295 3.447618946433844
27 30 56 59 -0.000841314 3.54288297750884
27 30 57 60 -0.000775538 3.6180903578188683
27 30 58 61 -0.000714279 3.679119479155827
27 30 59 62 -0.000638071 3.617115650772847
27 30 60 63 -0.000582438 3.6229702251036855
27 30 61 64 -0.00052124 3.5477861882233053
27 30 62 1 -0.008296928 3.915306102577547
27 30 63 2 -0.008456348 3.9005329919127325
27 30 64 3 -0.008669717 3.8829901597761447
28 31 29 32 3.38043934 8.495970717159928
28 31 30 33 -0.678348293 10.655470069319906
28 31 32 35 -1.81712027 8.880124852543931
28 31 33 36 -0.523772023 7.313237064945155
28 31 34 37 -0.223128859 6.308819858144448
28 31 35 38 -0.111357188 5.441938813814492
28 31 36 39 -0.064923997 4.985805049301652
28 31 37 40 -0.040042176 4.5286634143926
28 31 38 41 -0.026320287 4.180318580800733
28 31 39 42 -0.018563152 3.9915336624014706
28 31 40 43 -0.013514965 3.8212663281770807
28 31 41 44 -0.010349415 3.757132442030015
28 31 42 45 -0.007914196 3.61621140406496
28 31 43 46 -0.006131314 3.467176383465406
28 31 44 47 -0.004946609 3.4119439396991553
28 31 45 48 -0.004059347 3.3724110020334352
28 31 46 49 -0.003330739 3.296104929628873
28 31 47 50 -0.002842743 3.318266257230834
28 31 48 51 -0.002429702 3.316172639847187
28 31 49 52 -0.002131771 3.3753666808188356
28 31 50 53 -0.001884094 3.4363407684338303
28 31 51 54 -0.001645645 3.43514205885026
28 31 52 55 -0.001441111 3.4227021003392197
28 31 53 56 -0.001266105 3.4030459425982884
28 31 54 57 -0.00111812 3.38426969748665
28 31 55 58 -0.001026 3.4811359875897914
28 31 56 59 -0.00094292 3.571181712490347
28 31 57 60 -0.000866425 3.64862867346567
28 31 58 61 -0.000794007 3.7042531387768056
28 31 59 62 -0.000707412 3.6437488278229964
28 31 60 63 -0.000643979 3.6506070949299483
28 31 61 64 -0.00057433 3.5725355992977783
28 31 62 1 -0.008242357 3.9532998943152244
28 31 63 2 -0.008348786 3.939777803894886
28 31 64 3 -0.008509287 3.924951371579566
29 32 30 33 3.1199551 7.841302417351993
29 32 31 34 -0.844271567 13.261786762609741
29 32 33 36 -1.69888046 8.302296134942827
29 32 34 37 -0.50866191 7.102260087186438
29 32 35 38 -0.21539857 6.090251085951714
29 32 36 39 -0.113472196 5.545297603071348
29 32 37 40 -0.064774353 4.9743132150758935
29 32 38 41 -0.040108245 4.536135642253682
29 32 39 42 -0.026935118 4.277969090970029
29 32 40 43 -0.018815702 4.045838116000703
29 32 41 44 -0.01395486 3.94564370920866
29 32 42 45 -0.010374103 3.7660948892532486
29 32 43 46 -0.007848581 3.586230125956897
29 32 44 47 -0.0062046 3.508618640123383
29 32 45 48 -0.005008226 3.4544445193351128
29 32 46 49 -0.00404846 3.3633663358397996
29 32 47 50 -0.003416205 3.38068222731436
29 32 48 51 -0.002883946 3.3663615386532775
29 32 49 52 -0.00251063 3.4266270163088075
29 32 50 53 -0.002200971 3.484935379479556
29 32 51 54 -0.001909915 3.483434891647285
29 32 52 55 -0.001660731 3.4666327832165815
29 32 53 56 -0.001448474 3.440189549650756
29 32 54 57 -0.001272413 3.420000629457522
29 32 55 58 -0.001157849 3.5045194477920263
29 32 56 59 -0.001061957 3.6031352143985305
29 32 57 60 -0.000971833 3.680685781608865
29 32 58 61 -0.000890095 3.748306130488416
29 32 59 62 -0.000788535 3.6787248082011477
29 32 60 63 -0.000714297 3.67921219383822
29 32 61 64 -0.000635639 3.6033290576465653
29 32 62 1 -0.008272126 4.006406105314145
29 32 63 2 -0.00833387 3.997192476646767
29 32 64 3 -0.008444894 3.9851310043693893
30 33 31 34 3.16920214 7.965073728612026
30 33 32 35 -0.707205133 11.108752252068987
30 33 34 37 -1.69845954 8.300239131774328
30 33 35 38 -0.501045921 6.995920820109901
30 33 36 39 -0.223517847 6.319818234732658
30 33 37 40 -0.114294659 5.585490727583673
30 33 38 41 -0.065428583 5.024554472363311
30 33 39 42 -0.041282594 4.6689513851351006
30 33 40 43 -0.027404972 4.352593634633385
30 33 41 44 -0.019532319 4.199928373870118
30 33 42 45 -0.014037668 3.9690571196099214
30 33 43 46 -0.01031529 3.7447440949993593
30 33 44 47 -0.007982523 3.6474318687344662
30 33 45 48 -0.006314941 3.5710150056215384
30 33 46 49 -0.00502095 3.4632209507629312
30 33 47 50 -0.004173654 3.4673745970179084
30 33 48 51 -0.003480954 3.444757946873455
30 33 49 52 -0.002996038 3.4972038628822064
30 33 50 53 -0.002604397 3.554604669502719
30 33 51 54 -0.002239809 3.5464300199215373
30 33 52 55 -0.001939667 3.53769864416836
30 33 53 56 -0.001679663 3.5061517010014946
30 33 54 57 -0.001466702 3.48348185252332
30 33 55 58 -0.001326907 3.5664699867351186
30 33 56 59 -0.001210674 3.664407515950839
30 33 57 60 -0.001101631 3.7377459250921343
30 33 58 61 -0.001003666 3.801248954999721
30 33 59 62 -0.000886096 3.7314658199419872
30 33 60 63 -0.000801876 3.740964109774586
30 33 61 64 -0.000709038 3.652124054132474
30 33 62 1 -0.008434565 4.098352297421564
30 33 63 2 -0.008450317 4.092708648374059
30 33 64 3 -0.008516821 4.084941668894187
31 34 32 35 3.24245574 8.14918010589923
31 34 33 36 -0.688062178 10.808055418088987
31 34 35 38 -1.61616104 7.898052789327613
31 34 36 39 -0.513890053 7.175258734478512
31 34 37 40 -0.220800615 6.242990309928967
31 34 38 41 -0.113296709 5.536721690426896
31 34 39 42 -0.065891127 5.060075301598828
31 34 40 43 -0.04096838 4.633414618949118
31 34 41 44 -0.02777292 4.41103296172615
31 34 42 45 -0.019122078 4.1117164817734935
31 34 43 46 -0.013556986 3.8331474860177654
31 34 44 47 -0.010194446 3.7008742808287343
31 34 45 48 -0.007863901 3.5932302506328933
31 34 46 49 -0.00612947 3.4661336260318265
31 34 47 50 -0.005009318 3.455197730834576
31 34 48 51 -0.004115198 3.4188107128427276
31 34 49 52 -0.003498584 3.462204624595533
31 34 50 53 -0.003008724 3.5120119288027736
31 34 51 54 -0.002561857 3.496544057913684
31 34 52 55 -0.002206526 3.4937309592636643
31 34 53 56 -0.001894322 3.454995301264751
31 34 54 57 -0.001642546 3.4286731635293513
31 34 55 58 -0.001475008 3.5032089683703425
31 34 56 59 -0.001338334 3.597183557873429
31 34 57 60 -0.001210564 3.66407457345207
31 34 58 61 -0.001097737 3.724533894355609
31 34 59 62 -0.000965848 3.658018405215052
31 34 60 63 -0.00087121 3.668778932521599
31 34 61 64 -0.000770905 3.5964761846542075
31 34 62 1 -0.00835719 4.047604816376143
31 34 63 2 -0.00832581 4.045508279489865
31 34 64 3 -0.008346696 4.042522298814254
32 35 33 36 3.31001192 8.318967304933302
32 35 34 37 -0.614659593 9.655050309136481
32 35 36 39 -1.78857953 8.740648485036349
32 35 37 40 -0.521744044 7.284921136376113
32 35 38 41 -0.225153999 6.366079342662864
32 35 39 42 -0.117426612 5.738546824813271
32 35 40 43 -0.067250872 5.164496221443962
32 35 41 44 -0.042858115 4.847138612305454
32 35 42 45 -0.028003945 4.4477254985563714
32 35 43 46 -0.018997527 4.084934957321948
32 35 44 47 -0.013794062 3.900179145812586
32 35 45 48 -0.010327457 3.749161062569234
32 35 46 49 -0.00784802 3.5859737897987225
32 35 47 50 -0.006283885 3.5534532513605592
32 35 48 51 -0.005072428 3.498728113372273
32 35 49 52 -0.004251007 3.5316376689455593
32 35 50 53 -0.003606406 3.5689054575705708
32 35 51 54 -0.003033544 3.5409837241794464
32 35 52 55 -0.002587258 3.5312125486276726
32 35 53 56 -0.002206832 3.494215468249072
32 35 54 57 -0.001900508 3.466277755321466
32 35 55 58 -0.001691057 3.5299356936721735
32 35 56 59 -0.001524168 3.6199661336773006
32 35 57 60 -0.0013701 3.682564436562461
32 35 58 61 -0.001235319 3.7390017694250264
32 35 59 62 -0.00108288 3.6741252809368747
32 35 60 63 -0.000974403 3.6904193083143126
32 35 61 64 -0.000858018 3.6132257000313555
32 35 62 1 -0.008473675 4.064247457609706
32 35 63 2 -0.0083929 4.06490009959847
32 35 64 3 -0.008368276 4.066142494610894
33 36 34 37 3.10447691 7.802401482956099
33 36 35 38 -0.850960654 13.366858695501858
33 36 37 40 -1.61861784 7.910058979065251
33 36 38 41 -0.484341778 6.762686984850731
33 36 39 42 -0.214510853 6.065151479100713
33 36 40 43 -0.110676911 5.408694208082841
33 36 41 44 -0.065596279 5.0374326006699786
33 36 42 45 -0.040376808 4.566509401975419
33 36 43 46 -0.026067341 4.140144441980012
33 36 44 47 -0.018201912 3.9138581889578496
33 36 45 48 -0.013172138 3.7243342775583805
33 36 46 49 -0.009735618 3.534306647381651
33 36 47 50 -0.007619661 3.481630351751336
33 36 48 51 -0.006032328 3.411201119191923
33 36 49 52 -0.004977389 3.4331745715247024
33 36 50 53 -0.00416334 3.458805965887095
33 36 51 54 -0.00345593 3.419994154285974
33 36 52 55 -0.002916799 3.404710063774544
33 36 53 56 -0.002465523 3.3650628412512957
33 36 54 57 -0.002105451 3.3336925746230235
33 36 55 58 -0.001860786 3.3938300281890994
33 36 56 59 -0.001665244 3.476053281630025
33 36 57 60 -0.001488314 3.534811304447933
33 36 58 61 -0.001335623 3.5898969129661076
33 36 59 62 -0.001163679 3.52216540022678
33 36 60 63 -0.001042906 3.5384966942235074
33 36 61 64 -0.000913226 3.458719711715426
33 36 62 1 -0.008251964 3.8940876680441514
33 36 63 2 -0.008123398 3.8962433263786687
33 36 64 3 -0.008053876 3.9007019450432776
34 37 35 38 3.01606639 7.580201610850457
34 37 36 39 -0.644405582 10.122299211717296
34 37 38 41 -1.62098169 7.921610929411767
34 37 39 42 -0.491425867 6.861599526894181
34 37 40 43 -0.212222977 6.000463309195394
34 37 41 44 -0.113378868 5.540736736595305
34 37 42 45 -0.064509379 4.953964672654304
34 37 43 46 -0.039106151 4.42280148090385
34 37 44 47 -0.026024766 4.133382469225779
34 37 45 48 -0.01806854 3.8851799328286205
34 37 46 49 -0.01290779 3.6495916414271767
34 37 47 50 -0.009830409 3.5687184804478163
34 37 48 51 -0.007597073 3.4713092801990246
34 37 49 52 -0.006155075 3.480612912412957
34 37 50 53 -0.005069815 3.496925785855699
34 37 51 54 -0.004153539 3.4506635232156686
34 37 52 55 -0.003457619 3.4216655915334266
34 37 53 56 -0.002889125 3.372406862112415
34 37 54 57 -0.002443239 3.334648580117068
34 37 55 58 -0.002143526 3.3939791093268816
34 37 56 59 -0.001903672 3.472048477053675
34 37 57 60 -0.001689571 3.5268337967870913
34 37 58 61 -0.001507515 3.5804145251773662
34 37 59 62 -0.001307573 3.5145039252677086
34 37 60 63 -0.001165828 3.5286698859527297
34 37 61 64 -0.001016574 3.4491543230488344
34 37 62 1 -0.008418744 3.883187958024831
34 37 63 2 -0.00823705 3.887049777006186
34 37 64 3 -0.008120323 3.8947684573363524
35 38 36 39 3.21939486 8.091221792944578
35 38 37 40 -0.670273549 10.528632287169813
35 38 39 42 -1.60668618 7.851749888441271
35 38 40 43 -0.468933178 6.547542342352493
35 38 41 44 -0.211649558 5.984250268934933
35 38 42 45 -0.107869139 5.271480583155984
35 38 43 46 -0.060365518 4.63573899259637
35 38 44 47 -0.03784353 4.280002410020595
35 38 45 48 -0.024989418 3.9689433625399406
35 38 46 49 -0.017140495 3.6856274614744358
35 38 47 50 -0.012636736 3.5729529284658255
35 38 48 51 -0.00949385 3.4465379767616486
35 38 49 52 -0.007526716 3.439161253317229
35 38 50 53 -0.006091042 3.4444031039832397
35 38 51 54 -0.004914891 3.390066318508684
35 38 52 55 -0.00403736 3.3541447142039624
35 38 53 56 -0.003328945 3.294329584204403
35 38 54 57 -0.002783524 3.249141327721922
35 38 55 58 -0.002418453 3.300819470600242
35 38 56 59 -0.002130653 3.373596481323132
35 38 57 60 -0.00187873 3.426557534751286
35 38 58 61 -0.001664886 3.475305987494857
35 38 59 62 -0.001435031 3.4082618325388476
35 38 60 63 -0.001273643 3.42330663212665
35 38 61 64 -0.001105331 3.345560591879777
35 38 62 1 -0.008407814 3.7656891254037594
35 38 63 2 -0.008178357 3.7723082467916926
35 38 64 3 -0.008018257 3.783801735309157
36 39 37 40 2.98314106 7.497451230974441
36 39 38 41 -0.67491429 10.601528876333878
36 39 40 43 -1.56226641 7.634673941387263
36 39 41 44 -0.489028249 6.828122464250116
36 39 42 45 -0.207433824 5.865053198259935
36 39 43 46 -0.103660561 5.06581066296039
36 39 44 47 -0.060107851 4.615951587491931
36 39 45 48 -0.037273034 4.215480832490509
36 39 46 49 -0.024319913 3.8626092564020023
36 39 47 50 -0.017235743 3.706108121131612
36 39 48 51 -0.012522122 3.5405465834299568
36 39 49 52 -0.009676361 3.512794668480682
36 39 50 53 -0.007670102 3.5046782165543355
36 39 51 54 -0.006076824 3.4363630144004667
36 39 52 55 -0.004912155 3.3881791512353012
36 39 53 56 -0.003991787 3.3162837265634204
36 39 54 57 -0.003288153 3.253961752233954
36 39 55 58 -0.002833112 3.3070242201126736
36 39 56 59 -0.002474822 3.3777545579218744
36 39 57 60 -0.002167209 3.4314778880896246
36 39 58 61 -0.001907586 3.4791871005871347
36 39 59 62 -0.001633479 3.4097465827372635
36 39 60 63 -0.001441227 3.422977605448569
36 39 61 64 -0.001244858 3.345938106247918
36 39 62 1 -0.008714869 3.7647424987977613
36 39 63 2 -0.008428644 3.775018459340281
36 39 64 3 -0.008215396 3.7893926715915534
37 40 38 41 3.2171756 8.085644184214654
37 40 39 42 -0.609280795 9.570560347726763
37 40 41 44 -1.7619448 8.61048663955003
37 40 42 45 -0.49247974 6.8763143698924765
37 40 43 46 -0.203127214 5.7432866692190485
37 40 44 47 -0.105000362 5.131285691520625
37 40 45 48 -0.059761665 4.589366411184971
37 40 46 49 -0.036504743 4.1285891674794195
37 40 47 50 -0.024591206 3.9056973567992808
37 40 48 51 -0.017115458 3.680243891469431
37 40 49 52 -0.012805797 3.6207538000705943
37 40 50 53 -0.009882427 3.5876024961501063
37 40 51 54 -0.007652473 3.4966230469777595
37 40 52 55 -0.006078681 3.4374131231608556
37 40 53 56 -0.004859147 3.351616664821766
37 40 54 57 -0.003944443 3.2769514333447645
37 40 55 58 -0.003350836 3.315992954710019
37 40 56 59 -0.002895421 3.379756033091123
37 40 57 60 -0.002513657 3.4307584096158132
37 40 58 61 -0.002194257 3.47430468232915
37 40 59 62 -0.001865725 3.4028381175176015
37 40 60 63 -0.001633733 3.4102767858387515
37 40 61 64 -0.001401904 3.329583748423233
37 40 62 1 -0.00904733 3.744159034838234
37 40 63 2 -0.008696279 3.756711791388086
37 40 64 3 -0.008430733 3.7759540800120712
38 41 39 42 3.03251091 7.621531197429506
38 41 40 43 -0.876188191 13.763131920038681
38 41 42 45 -1.61747705 7.90448402742458
38 41 43 46 -0.457124251 6.382658616530368
38 41 44 47 -0.198249798 5.6053809807521375
38 41 45 48 -0.100700624 4.9211608533159
38 41 46 49 -0.056672021 4.352098784921226
38 41 47 50 -0.035911481 4.061492816008676
38 41 48 51 -0.023754993 3.772885858907668
38 41 49 52 -0.017115455 3.6802432463957397
38 41 50 53 -0.012808103 3.62140580620992
38 41 51 54 -0.009662426 3.5077358665503615
38 41 52 55 -0.007515784 3.4341661251868114
38 41 53 56 -0.005896641 3.3344719283621482
38 41 54 57 -0.004706435 3.2462829335890495
38 41 55 58 -0.003941716 3.2746859052185546
38 41 56 59 -0.00336886 3.3338295354963345
38 41 57 60 -0.002897903 3.38265321262879
38 41 58 61 -0.002509702 3.4253604378519524
38 41 59 62 -0.00211529 3.3492712802028337
38 41 60 63 -0.001836666 3.3498383062608816
38 41 61 64 -0.001565322 3.267474721366763
38 41 62 1 -0.00934126 3.6777708154545947
38 41 63 2 -0.00892288 3.692656481943002
38 41 64 3 -0.008600315 3.715256234321809
39 42 40 43 3.08699572 7.758466460492094
39 42 41 44 -0.662206049 10.401908293505635
39 42 43 46 -1.72639016 8.436733890488874
39 42 44 47 -0.495306548 6.9157840554298495
39 42 45 48 -0.205880745 5.8211409240683345
39 42 46 49 -0.102180255 4.993469264776714
39 42 47 50 -0.05934534 4.557394946348163
39 42 48 51 -0.036632213 4.143005684839331
39 42 49 52 -0.025085843 3.984258059494184
39 42 50 53 -0.018022856 3.8753567506538937
39 42 51 54 -0.013135959 3.7141049063031
39 42 52 55 -0.009952401 3.613005051318549
39 42 53 56 -0.007631384 3.4869869092955077
39 42 54 57 -0.005970989 3.376514731871785
39 42 55 58 -0.004911094 3.38744732211357
39 42 56 59 -0.004134898 3.435177014304529
39 42 57 60 -0.003511913 3.4753950254666384
39 42 58 61 -0.003008248 3.511456305329796
39 42 59 62 -0.002514464 3.4318598415281865
39 42 60 63 -0.002167958 3.4326638267499847
39 42 61 64 -0.001833058 3.343257786662332
39 42 62 1 -0.010042234 3.7347632611169552
39 42 63 2 -0.009527464 3.751081657559504
39 42 64 3 -0.009125698 3.776590951795193
40 43 41 44 3.43998857 8.645634255955871
40 43 42 45 -0.757710255 11.902084853288269
40 43 44 47 -1.82662781 8.926587458038147
40 43 45 48 -0.502093757 7.010551370686643
40 43 46 49 -0.204537438 5.783159813443892
40 43 47 50 -0.105425905 5.152081645605305
40 43 48 51 -0.059538662 4.572241010180941
40 43 49 52 -0.03828844 4.330320545570905
40 43 50 53 -0.026189182 4.159495834166705
40 43 51 54 -0.018319739 3.939193888242097
40 43 52 55 -0.013441272 3.8004301233091917
40 43 53 56 -0.010023835 3.638937628074238
40 43 54 57 -0.007660278 3.500189363759493
40 43 55 58 -0.006174049 3.491342456634615
40 43 56 59 -0.005109828 3.5245249174747904
40 43 57 60 -0.004278268 3.554285473217141
40 43 58 61 -0.003622439 3.5847717414002975
40 43 59 62 -0.003001396 3.5034581287818125
40 43 60 63 -0.002566376 3.5027118036534786
40 43 61 64 -0.002150632 3.4052304846546715
40 43 62 1 -0.010820283 3.773412697930491
40 43 63 2 -0.010188167 3.7890365639482355
40 43 64 3 -0.009692919 3.816223359029224
41 44 42 45 3.10062106 7.792710674929424
41 44 43 46 -0.943656517 14.82292190659669
41 44 45 48 -1.68986253 8.258226215282802
41 44 46 49 -0.466416434 6.512401966968643
41 44 47 50 -0.20079509 5.6773474165881055
41 44 48 51 -0.100877756 4.9298171558257
41 44 49 52 -0.060052421 4.6116948690726565
41 44 50 53 -0.038739995 4.381390212915808
41 44 51 54 -0.025833682 4.103033560200063
41 44 52 55 -0.018276368 3.9298680578835454
41 44 53 56 -0.013209541 3.73490972666038
41 44 54 57 -0.009830209 3.568645874750933
41 44 55 58 -0.007751012 3.5416481961584414
41 44 56 59 -0.006300677 3.5629489036515936
41 44 57 60 -0.005194322 3.5828050021228677
41 44 58 61 -0.004342343 3.607517491804193
41 44 59 62 -0.0035596 3.522586161061235
41 44 60 63 -0.003015792 3.5202622370107646
41 44 61 64 -0.002505476 3.419592592422351
41 44 62 1 -0.011637493 3.7766158685659574
41 44 63 2 -0.010879089 3.793920415437926
41 44 64 3 -0.010281807 3.8238618061972205
42 45 43 46 3.13081416 7.8685942118487056
42 45 44 47 -0.751971014 11.811933066474362
42 45 46 49 -1.61854988 7.909726863852549
42 45 47 50 -0.467217756 6.523590532783576
42 45 48 51 -0.192643155 5.446856884611232
42 45 49 52 -0.102310369 4.999827834344945
42 45 50 53 -0.060922706 4.67852795926782
42 45 51 54 -0.038145361 4.314138691900719
42 45 52 55 -0.025705384 4.082656635234177
42 45 53 56 -0.017855265 3.8393205689744283
42 45 54 57 -0.01284765 3.6325874570303567
42 45 55 58 -0.00985204 3.5765711495941934
42 45 56 59 -0.007827647 3.5766648119903617
42 45 57 60 -0.006334645 3.5821573551178783
42 45 58 61 -0.00521549 3.5974057173432437
42 45 59 62 -0.004222883 3.508272904361209
42 45 60 63 -0.003534825 3.4980687792935385
42 45 61 64 -0.002905461 3.39147548617661
42 45 62 1 -0.012413466 3.7188815532789548
42 45 63 2 -0.011510186 3.7353020188923614
42 45 64 3 -0.010804908 3.768050895449846
43 46 44 47 3.3423372 8.400209594671887
43 46 45 48 -0.692456917 10.877087816873209
43 46 47 50 -1.68188536 8.219242408465234
43 46 48 51 -0.450513154 6.290350288675393
43 46 49 52 -0.19766676 5.588895969674064
43 46 50 53 -0.104812137 5.1220872827638395
43 46 51 54 -0.060289122 4.629872200960815
43 46 52 55 -0.038172073 4.317159747927375
43 46 53 56 -0.025198591 4.0021652563020345
43 46 54 57 -0.017375433 3.736144902455217
43 46 55 58 -0.012871174 3.639238711332831
43 46 56 59 -0.009949875 3.6120880413669174
43 46 57 60 -0.007880429 3.600782343364282
43 46 58 61 -0.006368922 3.6015405419675557
43 46 59 62 -0.005073958 3.499783437176467
43 46 60 63 -0.004188112 3.4793859668927674
43 46 61 64 -0.003401311 3.365943099804852
43 46 62 1 -0.013322922 3.6536493763953417
43 46 63 2 -0.012245593 3.668589410617623
43 46 64 3 -0.011405217 3.701237328919401
44 47 45 48 3.00436221 7.5507857981270226
44 47 46 49 -0.809899392 12.721869900270228
44 47 48 51 -1.50371098 7.348518127829363
44 47 49 52 -0.450100752 6.284592070481945
44 47 50 53 -0.19920991 5.632527508004547
44 47 51 54 -0.102149763 4.991979144549263
44 47 52 55 -0.059807665 4.592898957591007
44 47 53 56 -0.037111422 4.197202945900958
44 47 54 57 -0.024328535 3.863978645223775
44 47 55 58 -0.017294875 3.718822953640936
44 47 56 59 -0.012945713 3.660314117065364
44 47 57 60 -0.009997883 3.6295163128467043
44 47 58 61 -0.007905455 3.612217403425738
44 47 59 62 -0.006181461 3.4955338438893286
44 47 60 63 -0.005031252 3.47032679771117
44 47 61 64 -0.0040356 3.3526825471698114
44 47 62 1 -0.014499702 3.6072931670018615
44 47 63 2 -0.01319829 3.6194705656900847
44 47 64 3 -0.01219155 3.6523989674501904
45 48 46 49 3.04284552 7.647504905312478
45 48 47 50 -0.587034577 9.221117572531977
45 48 49 52 -1.58920801 7.766335436598746
45 48 50 53 -0.474966301 6.63178063077473
45 48 51 54 -0.20099987 5.683137434680524
45 48 52 55 -0.1050152 5.132010812992975
45 48 53 56 -0.059926377 4.6020153847421685
45 48 54 57 -0.036760576 4.15752319811987
45 48 55 58 -0.024767619 3.9337161448084994
45 48 56 59 -0.017783402 3.8238682587427846
45 48 57 60 -0.013292538 3.758376575552679
45 48 58 61 -0.010236873 3.7162764903370022
45 48 59 62 -0.007828332 3.57697780712111
45 48 60 63 -0.006255518 3.5374120907757702
45 48 61 64 -0.004937593 3.4057251165497355
45 48 62 1 -0.016153572 3.6104836135814358
45 48 63 2 -0.01454248 3.6179356469023456
45 48 64 3 -0.013312503 3.650792092321123
46 49 47 50 3.14663043 7.90834483396006
46 49 48 51 -0.711656971 11.178681559847847
46 49 50 53 -1.61892901 7.911579642554613
46 49 51 54 -0.457412998 6.3866902852145735
46 49 52 55 -0.199531805 5.6416288747095935
46 49 53 56 -0.101639813 4.967058286291737
46 49 54 57 -0.057376636 4.40620933244056
46 49 55 58 -0.036207486 4.0949701928120055
46 49 56 59 -0.024716173 3.9255452358169722
46 49 57 60 -0.017772445 3.8215122345967276
46 49 58 61 -0.013262262 3.749816238226472
46 49 59 62 -0.009882719 3.5877085004675555
46 49 60 63 -0.007725536 3.5300075188578086
46 49 61 64 -0.005986075 3.3850456638907556
46 49 62 1 -0.017815431 3.539650149495073
46 49 63 2 -0.015847951 3.542174287788578
46 49 64 3 -0.014360899 3.572761208106475
47 50 48 51 2.8531378 7.170717401727463
47 50 49 52 -0.743575792 11.680061227672086
47 50 51 54 -1.54847142 7.567258902568948
47 50 52 55 -0.461650035 6.445850482157631
47 50 53 56 -0.196125556 5.545319453197315
47 50 54 57 -0.098753896 4.82602577624176
47 50 55 58 -0.057254592 4.396837026058423
47 50 56 59 -0.036669428 4.147214602181051
47 50 57 60 -0.02513093 3.9914190005527885
47 50 58 61 -0.018058062 3.8829269054486453
47 50 59 62 -0.013058137 3.69210125418921
47 50 60 63 -0.009944758 3.610230424612167
47 50 61 64 -0.007533343 3.4421893098595153
47 50 62 1 -0.020321058 3.5471599826509825
47 50 63 2 -0.017836344 3.5438052386184515
47 50 64 3 -0.015982265 3.572194799417497
48 51 49 52 3.05180728 7.670028264815865
48 51 50 53 -0.631964694 9.926878199992629
48 51 52 55 -1.63773732 8.00349438470063
48 51 53 56 -0.467049276 6.521238108204568
48 51 54 57 -0.19526035 5.520856329876339
48 51 55 58 -0.100157998 4.894643144456506
48 51 56 59 -0.058774885 4.51358714721652
48 51 57 60 -0.037791455 4.27411286627291
48 51 58 61 -0.025853328 4.106153835402169
48 51 59 62 -0.017979554 3.8660457569902467
48 51 60 63 -0.013249822 3.7462989110915124
48 51 61 64 -0.009759254 3.54288718863928
48 51 62 1 -0.023591896 3.570637169652223
48 51 63 2 -0.020370821 3.555846406468909
48 51 64 3 -0.018010985 3.578503699843328
49 52 50 53 3.0087671 7.5618564941781194
49 52 51 54 -0.760514966 11.946141150653482
49 52 53 56 -1.56281252 7.637342738309121
49 52 54 57 -0.45087247 6.29536728647947
49 52 55 58 -0.192620741 5.4462231436915935
49 52 56 59 -0.100641193 4.918256506758193
49 52 57 60 -0.059738131 4.587559129725848
49 52 58 61 -0.038496525 4.353854404634506
49 52 59 62 -0.025556487 4.0590080748774655
49 52 60 63 -0.018130259 3.8984510338846134
49 52 61 64 -0.012925641 3.6546388927685074
49 52 62 1 -0.027888333 3.605147402007166
49 52 63 2 -0.02362707 3.575960760083672
49 52 64 3 -0.020580247 3.5924029443483176
50 53 51 54 2.87124742 7.216231841048505
50 53 52 55 -0.686227286 10.779233001952333
50 53 54 57 -1.50729195 7.3660180485656035
50 53 55 58 -0.445409219 6.219085912229172
50 53 56 59 -0.194104664 5.48818007804923
50 53 57 60 -0.10302241 5.034624721950685
50 53 58 61 -0.061391305 4.714513779122653
50 53 59 62 -0.038408851 4.343938708839317
50 53 60 63 -0.025981028 4.12643578304082
50 53 61 64 -0.017801109 3.8276756986948004
50 53 62 1 -0.033862407 3.674020301230723
50 53 63 2 -0.028019939 3.6221602162542044
50 53 64 3 -0.023962379 3.6267098299642324
51 54 52 55 2.98958997 7.51365910959817
51 54 53 56 -0.616999198 9.691800738537992
51 54 55 58 -1.51410897 7.399332292934409
51 54 56 59 -0.448489851 6.26209964938301
51 54 57 60 -0.198129337 5.60197502621834
51 54 58 61 -0.105673928 5.164202335923192
51 54 59 62 -0.061191512 4.69917077816393
51 54 60 63 -0.038993594 4.410071584108686
51 54 61 64 -0.025422199 4.03767978838961
51 54 62 1 -0.042017403 3.7475973778739586
51 54 63 2 -0.033740715 3.6608169020010886
51 54 64 3 -0.028202818 3.6458011327525717
52 55 53 56 2.88306678 7.245937132685412
52 55 54 57 -0.647836019 10.17618439010631
52 55 56 59 -1.47961421 7.230759094662542
52 55 57 60 -0.444968021 6.212925626026601
52 55 58 61 -0.198599257 5.615261701196315
52 55 59 62 -0.103414671 5.053794210686749
52 55 60 63 -0.061169409 4.697473389615829
52 55 61 64 -0.037572927 4.249397931734378
52 55 62 1 -0.053495104 3.8241941931206287
52 55 63 2 -0.041411678 3.6935718251354253
52 55 64 3 -0.033672052 3.653367069626698
53 56 54 57 2.83875069 7.134558650461552
53 56 55 58 -0.607367412 9.540504997845247
53 56 57 60 -1.49378071 7.299989673838
53 56 58 61 -0.456611274 6.375496106420766
53 56 59 62 -0.198982554 5.626099168550402
53 56 60 63 -0.105798413 5.170285820657358
53 56 61 64 -0.060073033 4.6132777570405095
53 56 62 1 -0.072232069 4.00893411030853
53 56 63 2 -0.053296684 3.810009780808821
53 56 64 3 -0.041801318 3.7283244213945226
54 57 55 58 2.90183161 7.2930982943445
54 57 56 59 -0.61921237 9.726565163019645
54 57 58 61 -1.54869292 7.568341355771034
54 57 59 62 -0.457212566 6.383891726553487
54 57 60 63 -0.204043466 5.769193084187381
54 57 61 64 -0.103933983 5.079172582573076
54 57 62 1 -0.103921124 4.295151721023158
54 57 63 2 -0.07214694 4.004209386835963
54 57 64 3 -0.054081897 3.8661421512583267
55 58 56 59 2.84145622 7.141358388999206
55 58 57 60 -0.665800734 10.458373473445482
55 58 59 62 -1.5329892 7.491598502503876
55 58 60 63 -0.46951103 6.55561067834388
55 58 61 64 -0.200844958 5.678757401070148
55 58 62 1 -0.163238066 4.743241685960369
55 58 63 2 -0.104886592 4.335055365077208
55 58 64 3 -0.074366078 4.12737321346928
56 59 57 60 2.86383273 7.197596692542389
56 59 58 61 -0.643672281 10.110780546544946
56 59 60 63 -1.53375768 7.4953540042498785
56 59 61 64 -0.454862628 6.351080402299303
56 59 62 1 -0.282765388 5.300095498804023
56 59 63 2 -0.163216098 4.742603357316135
56 59 64 3 -0.107696863 4.451206344373694
57 60 58 61 2.8315818 7.116541264734837
57 60 59 62 -0.650398467 10.21643522916634
57 60 61 64 -1.45809601 7.125601331713802
57 60 62 1 -0.564943189 5.898219486964783
57 60 63 2 -0.273374592 5.124076375806598
57 60 64 3 -0.163120888 4.739836820980668
58 61 59 62 2.93402579 7.374011093845579
58 61 60 63 -0.571998176 8.984926337941827
58 61 62 1 -1.73079506 7.241467840790505
58 61 63 2 -0.559825208 5.844785839377052
58 61 64 3 -0.280479934 5.257257425361584
59 62 60 63 2.77615441 6.977237039749514
59 62 61 64 -0.699950589 10.994798141391266
59 62 63 2 -1.56951869 6.566704159159457
59 62 64 3 -0.554331604 5.787430546318607
60 63 61 64 2.93528348 7.377172013577172
60 63 62 1 -1.08500123 6.806100145035824
60 63 64 3 -1.79385696 7.505312319771828
61 64 62 1 1.25495847 7.8976726080913835
61 64 63 2 -1.3131698 8.237377911762056
62 1 63 2 3.95237978 6.3118849802523584
62 1 64 3 1.58289318 5.141562826722363
63 2 64 3 4.11848632 6.577154370672043
