64
# x y z
0.0 0.0 0.0
0.5 0.0 0.0
1.0 0.0 0.0
1.5 0.0 0.0
2.0 0.0 0.0
2.5 0.0 0.0
3.0 0.0 0.0
3.5 0.0 0.0
4.0 0.0 0.0
4.5 0.0 0.0
5.0 0.0 0.0
5.5 0.0 0.0
6.0 0.0 0.0
6.5 0.0 0.0
7.0 0.0 0.0
7.5 0.0 0.0
8.0 0.0 0.0
8.5 0.0 0.0
9.0 0.0 0.0
9.5 0.0 0.0
10.0 0.0 0.0
10.5 0.0 0.0
11.0 0.0 0.0
11.5 0.0 0.0
12.0 0.0 0.0
12.5 0.0 0.0
13.0 0.0 0.0
13.5 0.0 0.0
14.0 0.0 0.0
14.5 0.0 0.0
15.0 0.0 0.0
15.5 0.0 0.0
16.0 0.0 0.0
16.5 0.0 0.0
17.0 0.0 0.0
17.5 0.0 0.0
18.0 0.0 0.0
18.5 0.0 0.0
19.0 0.0 0.0
19.5 0.0 0.0
20.0 0.0 0.0
20.5 0.0 0.0
21.0 0.0 0.0
21.5 0.0 0.0
22.0 0.0 0.0
22.5 0.0 0.0
23.0 0.0 0.0
23.5 0.0 0.0
24.0 0.0 0.0
24.5 0.0 0.0
25.0 0.0 0.0
25.5 0.0 0.0
26.0 0.0 0.0
26.5 0.0 0.0
27.0 0.0 0.0
27.5 0.0 0.0
28.0 0.0 0.0
28.5 0.0 0.0
29.0 0.0 0.0
29.5 0.0 0.0
30.0 0.0 0.0
30.5 0.0 0.0
31.0 0.0 0.0
31.5 0.0 0.0
1907
# a b m n r rhoa
1 4 2 5 3.29877945 8.290737028746369
1 4 3 6 -0.889571787 13.97336095439975
1 4 5 8 -1.66271909 8.125578343753894
1 4 6 9 -0.495139888 6.91345704284475
1 4 7 10 -0.214337676 6.060255014781976
1 4 8 11 -0.115217227 5.630575905269582
1 4 9 12 -0.068392901 5.252197752738298
1 4 10 13 -0.043616407 4.932899417058587
1 4 11 14 -0.029018557 4.608871210831598
1 4 12 15 -0.020215216 4.346768003446657
1 4 13 16 -0.014389683 4.068587016025728
1 4 14 17 -0.011060265 4.01519124017629
1 4 15 18 -0.008879868 4.0574532053782235
1 4 16 19 -0.006897062 3.9001966758996
1 4 17 20 -0.005328319 3.6752299849925194
1 4 18 21 -0.00433344 3.600121086630872
1 4 19 22 -0.003560509 3.5234857089937006
1 4 20 23 -0.003108032 3.62793179404317
1 4 21 24 -0.002667875 3.6412424575245503
1 4 22 25 -0.002282519 3.6140554407278866
1 4 23 26 -0.001888602 3.4445627701938806
1 4 24 27 -0.001616482 3.3742668106270712
1 4 25 28 -0.001432459 3.402153219252243
1 4 26 29 -0.001299308 3.4922892000153993
1 4 27 30 -0.001156105 3.4992407958115437
1 4 28 31 -0.001025542 3.4795820301996194
1 4 29 32 -0.00092135 3.489488260725174
1 4 30 33 -0.000816326 3.4376552505935734
1 4 31 34 -0.000757985 3.536200959683903
1 4 32 35 -0.000698189 3.5962428547280934
1 4 33 36 -0.000640584 3.631361419081377
1 4 34 37 -0.000558733 3.4755167464740575
1 4 35 38 -0.000479246 3.261956756122451
1 4 36 39 -0.000440575 3.272644540200179
1 4 37 40 -0.000409176 3.3087851484193513
1 4 38 41 -0.000381706 3.3523317220275572
1 4 39 42 -0.000351551 3.3458094458113803
1 4 40 43 -0.000337486 3.4733578314361373
1 4 41 44 -0.000307512 3.415620460409514
1 4 42 45 -0.000288558 3.4524755896694477
1 4 43 46 -0.000245617 3.1598189646527
1 4 46 49 -0.000218237 3.4554832499451558
1 4 47 50 -0.000198323 3.3548477687804272
1 4 48 51 -0.000189222 3.414833512393756
1 4 49 52 -0.000178563 3.433149919097931
1 4 50 53 -0.000177267 3.6262898790399785
1 4 54 57 -0.000144039 3.7307089250995644
1 4 55 58 -0.000134672 3.6897204987275782
1 4 56 59 -0.000129273 3.7426500559441114
1 4 58 61 -0.00011863 3.823770020442414
1 4 60 63 -9.5617e-05 3.4185678914670468
1 4 63 2 -1.46624696 9.197615054421952
1 4 64 3 1.49413082 9.40282593576114
2 5 3 6 3.46028396 8.696642134456463
2 5 4 7 -0.578704162 9.090263719705206
2 5 6 9 -1.83529319 8.968934493380358
2 5 7 10 -0.525488343 7.337201412959418
2 5 8 11 -0.234592513 6.632947038851704
2 5 9 12 -0.123950652 6.057371564702342
2 5 10 13 -0.072717333 5.5842902901241525
2 5 11 14 -0.045513027 5.14740208557004
2 5 12 15 -0.030302533 4.812798650152537
2 5 13 16 -0.020701441 4.451318322002534
2 5 14 17 -0.01538962 4.351312542018464
2 5 15 18 -0.012042149 4.371643100567453
2 5 16 19 -0.009129342 4.171444661215013
2 5 17 20 -0.006905723 3.905094356014694
2 5 18 21 -0.005516564 3.8050727493849887
2 5 19 22 -0.004484858 3.7259156366178283
2 5 20 23 -0.003866363 3.8261593430270815
2 5 21 24 -0.003279612 3.8282130450798153
2 5 22 25 -0.002772872 3.7845473478633798
2 5 23 26 -0.002270991 3.5958024355521525
2 5 24 27 -0.001924824 3.5106269555870773
2 5 25 28 -0.001693667 3.535383843652029
2 5 26 29 -0.001524641 3.6210895295111123
2 5 27 30 -0.001350702 3.6304263554439746
2 5 28 31 -0.001198461 3.62744181833752
2 5 29 32 -0.001065846 3.616330280534726
2 5 30 33 -0.000945683 3.5816462005398217
2 5 31 34 -0.000855366 3.602057782159606
2 5 32 35 -0.000784951 3.6620044981165054
2 5 33 36 -0.000707184 3.6425744418460217
2 5 34 37 -0.000625098 3.543573926830721
2 5 35 38 -0.000550606 3.4249639339525233
2 5 36 39 -0.000504273 3.4323014052910956
2 5 37 40 -0.000464909 3.4534004438289165
2 5 38 41 -0.000432886 3.5005151029353123
2 5 39 42 -0.00040338 3.5426835575848328
2 5 40 43 -0.000381536 3.631185098938961
2 5 41 44 -0.000347722 3.578705285145566
2 5 42 45 -0.000321023 3.565690857794308
2 5 43 46 -0.000286479 3.427601225586931
2 5 46 49 -0.000248017 3.670229391189032
2 5 47 50 -0.00022907 3.6270089309555065
2 5 49 52 -0.000205528 3.709103075410173
2 5 50 53 -0.000202981 3.902623744719887
2 5 51 54 -0.000186826 3.8218350451100487
2 5 52 55 -0.000177333 3.8548782017980336
2 5 53 56 -0.000167176 3.857060673544863
2 5 59 62 -0.000114002 3.674596896826065
2 5 60 63 -0.00011283 3.831973294819489
2 5 61 64 -0.000100384 3.589001110859241
2 5 62 1 -2.07247179 8.671008003819084
2 5 64 3 -1.44237799 9.047887482058872
3 6 4 7 3.5164046 8.837688686727468
3 6 5 8 -0.804071359 12.630323371981834
3 6 7 10 -1.75027492 8.553456847342494
3 6 8 11 -0.538395639 7.517421263143012
3 6 9 12 -0.237960384 6.728171347978247
3 6 10 13 -0.124769237 6.097375174383168
3 6 11 14 -0.072270051 5.54994149835057
3 6 12 15 -0.045524242 5.148670472188001
3 6 13 16 -0.029642432 4.707958133956603
3 6 14 17 -0.021216741 4.562120479752224
3 6 15 18 -0.016127637 4.559981932706657
3 6 16 19 -0.011911919 4.3243659010421105
3 6 17 20 -0.008802866 4.022268897264573
3 6 18 21 -0.006890171 3.8962999072039404
3 6 19 22 -0.005527972 3.8129414643903767
3 6 20 23 -0.004698447 3.9033604063094356
3 6 21 24 -0.003936638 3.895703601502354
3 6 22 25 -0.003291891 3.8425460295854625
3 6 23 26 -0.002672505 3.6475617013340758
3 6 24 27 -0.002245062 3.554747424171028
3 6 25 28 -0.001961447 3.577422512476676
3 6 26 29 -0.001751337 3.655764996655195
3 6 27 30 -0.001545435 3.670476195406004
3 6 28 31 -0.001361431 3.6592638372627313
3 6 29 32 -0.001210063 3.662558171707677
3 6 30 33 -0.001076937 3.6539611569853676
3 6 31 34 -0.000972039 3.681465978691092
3 6 32 35 -0.000886477 3.733070260631707
3 6 33 36 -0.000791161 3.6909757943290122
3 6 34 37 -0.000701637 3.6140028672219917
3 6 35 38 -0.000608909 3.4518012475044992
3 6 36 39 -0.000554911 3.4517425555724572
3 6 37 40 -0.000510375 3.4738342717643875
3 6 38 41 -0.000474282 3.5230242247408983
3 6 39 42 -0.000444195 3.591964873311567
3 6 40 43 -0.000419802 3.6869097199693286
3 6 41 44 -0.00038412 3.655777751521308
3 6 43 46 -0.000311864 3.463959322774892
3 6 44 47 -0.00029245 3.499041739265
3 6 45 48 -0.000281171 3.6172148430701627
3 6 46 49 -0.000264464 3.651995287929121
3 6 47 50 -0.000243283 3.600174250058025
3 6 48 51 -0.000226677 3.589119061606502
3 6 49 52 -0.000216007 3.6539917306159833
3 6 50 53 -0.000213242 3.8483153536579744
3 6 51 54 -0.000192852 3.707878049752044
3 6 52 55 -0.000183115 3.7459203980459175
3 6 53 56 -0.000171317 3.7241019375831557
3 6 54 57 -0.00016803 3.876764038951425
3 6 55 58 -0.000160229 3.9190481830993154
3 6 56 59 -0.00015346 3.974719288843849
3 6 58 61 -0.000140505 4.0678335469156535
3 6 62 1 -0.694927736 7.2553070721373345
3 6 63 2 -1.99385669 8.342090541776797
4 7 5 8 3.28822879 8.264220327989149
4 7 6 9 -0.736084134 11.562382538992049
4 7 8 11 -1.81441588 8.866908709811687
4 7 9 12 -0.551945137 7.706607944816922
4 7 10 13 -0.241302799 6.822675905661482
4 7 11 14 -0.125173934 6.1171524007274085
4 7 12 15 -0.073227037 5.623432747370727
4 7 13 16 -0.04488558 5.07643950168423
4 7 14 17 -0.030654402 4.8686842306824065
4 7 15 18 -0.022526045 4.8436530012936565
4 7 16 19 -0.0161414 4.56387332927888
4 7 17 20 -0.011600813 4.2114255613697535
4 7 18 21 -0.008869343 4.052644046617461
4 7 19 22 -0.006977994 3.94596264369486
4 7 20 23 -0.005820846 4.014952512644939
4 7 21 24 -0.004810572 3.9965112464822514
4 7 22 25 -0.003970539 3.9292520882553985
4 7 23 26 -0.003191891 3.7258184092120827
4 7 24 27 -0.002655874 3.62486292297636
4 7 25 28 -0.002295128 3.6340200609795197
4 7 26 29 -0.002031999 3.7061001229857826
4 7 27 30 -0.001798287 3.7537690738790306
4 7 28 31 -0.001576393 3.7440028089855977
4 7 29 32 -0.001384323 3.720793116207179
4 7 30 33 -0.001239467 3.7515567283786044
4 7 31 34 -0.001092618 3.7071655365383847
4 7 32 35 -0.00099807 3.780054863387393
4 7 33 36 -0.000871972 3.6719878139010387
4 7 34 37 -0.000785518 3.664649703422865
4 7 35 38 -0.000683703 3.5216281386646906
4 7 36 39 -0.000623907 3.5368223510028423
4 7 37 40 -0.000569638 3.5433497008911043
4 7 38 41 -0.000528474 3.5970239391357595
4 7 39 42 -0.000501237 3.7232492342877306
4 7 40 43 -0.000465833 3.766939683763544
4 7 41 44 -0.000424721 3.7301108217090277
4 7 42 45 -0.000382344 3.63887506151115
4 7 43 46 -0.000357995 3.684433537583722
4 7 44 47 -0.000337123 3.7445179910853446
4 7 45 48 -0.000322925 3.8636623479300742
4 7 46 49 -0.000294546 3.789281836202682
4 7 47 50 -0.000277901 3.8375474261555094
4 7 48 51 -0.000253999 3.7587528078019763
4 7 49 52 -0.000247457 3.9181418301281568
4 7 50 53 -0.00024015 4.062396654309483
4 7 51 54 -0.000228665 4.126649676631248
4 7 52 55 -0.000201552 3.8751490089997715
4 7 53 56 -0.000187359 3.83273844227663
4 7 54 57 -0.000175205 3.8086195764241535
4 7 55 58 -0.000172508 3.9800798121254086
4 7 56 59 -0.000168806 4.128833404666215
4 7 58 61 -0.000156888 4.298390679609513
4 7 62 1 -0.35084457 6.576157497171589
4 7 63 2 -0.709706001 7.409597719947109
4 7 64 3 -2.10967482 8.826661640434482
5 8 6 9 3.35515556 8.432425647157544
5 8 7 10 -0.803091477 12.614931421518909
5 8 9 12 -1.72367638 8.423471859559937
5 8 10 13 -0.522050251 7.289196592650237
5 8 11 14 -0.227887595 6.443369948666207
5 8 12 15 -0.120219606 5.875038260420922
5 8 13 16 -0.068094373 5.229272448096966
5 8 14 17 -0.043814173 4.955266224716861
5 8 15 18 -0.030852012 4.900069631409687
5 8 16 19 -0.021318173 4.58393085131222
5 8 17 20 -0.014829378 4.1929078483895434
5 8 18 21 -0.011026449 4.00291506894732
5 8 19 22 -0.008463942 3.867405303551288
5 8 20 23 -0.006938647 3.923712439389516
5 8 21 24 -0.005640006 3.8902173775139444
5 8 22 25 -0.004587281 3.8110062810148877
5 8 23 26 -0.003642679 3.6048012795225244
5 8 24 27 -0.002996538 3.4977875009840735
5 8 25 28 -0.002563548 3.4988520149940103
5 8 26 29 -0.002250149 3.5628019902127486
5 8 27 30 -0.001977812 3.6072701297799634
5 8 28 31 -0.001721563 3.593614338609135
5 8 29 32 -0.001501672 3.5665371428159225
5 8 30 33 -0.001337704 3.5954902394331443
5 8 31 34 -0.001166952 3.5320719529401505
5 8 32 35 -0.001059315 3.594171119584483
5 8 33 36 -0.000918337 3.478076931556492
5 8 34 37 -0.00082452 3.4721612532485957
5 8 35 38 -0.000713193 3.3272344057466072
5 8 36 39 -0.00065117 3.354056651871187
5 8 37 40 -0.000592619 3.359456016407819
5 8 38 41 -0.000548246 3.4102838998008282
5 8 39 42 -0.000517601 3.523017571196706
5 8 40 43 -0.000477707 3.5484655401813696
5 8 41 44 -0.000431208 3.4869460239105217
5 8 42 45 -0.000385723 3.387611011657232
5 8 43 46 -0.000361781 3.443171224417188
5 8 44 47 -0.000354714 3.650665953017423
5 8 45 48 -0.000337871 3.7528262330543942
5 8 46 49 -0.000306819 3.670960804922373
5 8 47 50 -0.000282662 3.6363962925475897
5 8 48 51 -0.000260318 3.594742987185904
5 8 49 52 -0.000250323 3.7043542655971646
5 8 50 53 -0.000244017 3.863674153337276
5 8 51 54 -0.000230366 3.8968897258657433
5 8 52 55 -0.000204209 3.685299472220019
5 8 53 56 -0.000188667 3.627414950389775
5 8 54 57 -0.000176493 3.610456427995075
5 8 55 58 -0.000172226 3.7438618485158885
5 8 56 59 -0.000167913 3.874064631747013
5 8 58 61 -0.000153539 3.976765443045717
5 8 62 1 -0.189516576 5.506821696011005
5 8 63 2 -0.322188189 6.0390282642609705
5 8 64 3 -0.648063684 6.766028733843162
6 9 7 10 3.23683634 8.135057013293165
6 9 8 11 -0.70865793 11.131572733980773
6 9 10 13 -1.71506723 8.381399615836479
6 9 11 14 -0.515464955 7.197248514715507
6 9 12 15 -0.229061876 6.476571961731857
6 9 13 16 -0.115696101 5.653978103675729
6 9 14 17 -0.068702914 5.276005042063833
6 9 15 18 -0.045788772 5.178588110355548
6 9 16 19 -0.030234427 4.801981717295232
6 9 17 20 -0.020218518 4.347478014556476
6 9 18 21 -0.014548602 4.113520304688154
6 9 19 22 -0.010855969 3.9410259729242805
6 9 20 23 -0.008670318 3.961704111001256
6 9 21 24 -0.006900203 3.9019728695540867
6 9 22 25 -0.005514268 3.803489073924578
6 9 23 26 -0.004309674 3.580376847009493
6 9 24 27 -0.003489545 3.453259614956857
6 9 25 28 -0.002951627 3.445363959398185
6 9 26 29 -0.002564794 3.5005526149479347
6 9 27 30 -0.00223652 3.541222340009758
6 9 28 31 -0.001950443 3.557352657248728
6 9 29 32 -0.001689297 3.5262618454098957
6 9 30 33 -0.001494412 3.549294323041136
6 9 31 34 -0.001298944 3.4913108382499014
6 9 32 35 -0.001172596 3.5491549298769858
6 9 33 36 -0.001014682 3.4427349182841955
6 9 34 37 -0.000907481 3.436961302796051
6 9 35 38 -0.000783324 3.2986795244987417
6 9 36 39 -0.000711183 3.3178572229145398
6 9 37 40 -0.000645699 3.325876539239483
6 9 38 41 -0.000595294 3.3746201350808467
6 9 39 42 -0.000560917 3.4891019984178295
6 9 40 43 -0.000518556 3.529517716637872
6 9 41 44 -0.000469582 3.488112054647405
6 9 42 45 -0.000420433 3.3998144229021086
6 9 43 46 -0.000393471 3.455657796832916
6 9 44 47 -0.000363595 3.4604355710829684
6 9 45 48 -0.000346051 3.561507591207655
6 9 46 49 -0.000312988 3.4764439002791856
6 9 47 50 -0.000290965 3.481274336348917
6 9 48 51 -0.000265271 3.412664174598608
6 9 49 52 -0.000255795 3.532284676461936
6 9 50 53 -0.000247393 3.6609952534480623
6 9 51 54 -0.000234664 3.715582240248583
6 9 52 55 -0.000211233 3.573234363854903
6 9 53 56 -0.000195352 3.5254598107680133
6 9 54 57 -0.000181602 3.491579395552396
6 9 55 58 -0.000176754 3.615795614975333
6 9 56 59 -0.000172492 3.7496441766876236
6 9 57 60 -0.000165902 3.8276671284301567
6 9 58 61 -0.000157655 3.8560906034895224
6 9 59 62 -0.00014371 3.7221875993727975
6 9 60 63 -0.000141096 3.8657241556408644
6 9 61 64 -0.00013391 3.8768982617520744
6 9 62 1 -0.119123165 4.923465484875583
6 9 63 2 -0.182479471 5.302343104697138
6 9 64 3 -0.309822107 5.807241000587662
7 10 8 11 3.40134344 8.548508450751854
7 10 9 12 -0.646700621 10.158349600027808
7 10 11 14 -1.77984461 8.697961613144825
7 10 12 15 -0.547145786 7.639596363289815
7 10 13 16 -0.22908795 6.477309186713505
7 10 14 17 -0.121152995 5.920652251926234
7 10 15 18 -0.074874315 5.749934616471663
7 10 16 19 -0.04659614 5.269899279947115
7 10 17 20 -0.029660668 4.710854465962385
7 10 18 21 -0.020488827 4.405601089385043
7 10 19 22 -0.014763443 4.174265166344243
7 10 20 23 -0.01147856 4.167044240064588
7 10 21 24 -0.008910715 4.071548038660238
7 10 22 25 -0.006979405 3.9467605453970185
7 10 23 26 -0.005352864 3.692159999877447
7 10 24 27 -0.004264151 3.542557398205149
7 10 25 28 -0.003558764 3.5217588540518383
7 10 26 29 -0.003057785 3.5692796666341575
7 10 27 30 -0.002643167 3.6075198061107785
7 10 28 31 -0.002266626 3.588891057377961
7 10 29 32 -0.001950872 3.5581350970790435
7 10 30 33 -0.001700443 3.5495281594617993
7 10 31 34 -0.001486332 3.5301039671485355
7 10 32 35 -0.001330761 3.5768287950983852
7 10 33 36 -0.001157424 3.5032330790467823
7 10 34 37 -0.001019325 3.458488246150062
7 10 35 38 -0.000877062 3.32175346277543
7 10 36 39 -0.000781836 3.2924133624349543
7 10 37 40 -0.000707617 3.3012208876015285
7 10 38 41 -0.000648169 3.338599053990042
7 10 39 42 -0.000608263 3.4481391837053303
7 10 40 43 -0.000562763 3.5005847708941125
7 10 41 44 -0.000511259 3.479851160319352
7 10 42 45 -0.000461072 3.424898742414292
7 10 43 46 -0.000425726 3.4426160529844783
7 10 44 47 -0.000395808 3.476182491845251
7 10 45 48 -0.000377254 3.5904321042185243
7 10 46 49 -0.000344832 3.5489618168747326
7 10 47 50 -0.00032137 3.5695450823441215
7 10 48 51 -0.000294718 3.5261774091732
7 10 49 52 -0.0002825 3.634312191397125
7 10 50 53 -0.000274867 3.7956507834987505
7 10 51 54 -0.000254014 3.7589747822669035
7 10 52 55 -0.000236258 3.7408210416452876
7 10 53 56 -0.000219738 3.717105625753309
7 10 54 57 -0.000208264 3.758478858828113
7 10 60 63 -0.000140196 3.631172588418821
7 10 62 1 -0.081586676 4.528121828589602
7 10 63 2 -0.115918491 4.791013481696536
7 10 64 3 -0.176990362 5.142844948013633
8 11 9 12 3.45606185 8.686030814649545
8 11 10 13 -0.745665115 11.712880236610966
8 11 12 15 -1.89986165 9.28447551496419
8 11 13 16 -0.540878783 7.552092494023927
8 11 14 17 -0.239634505 6.77550600409163
8 11 15 18 -0.133700009 6.5338150275889415
8 11 16 19 -0.077242706 5.931813988539908
8 11 17 20 -0.046299771 5.236380735713651
8 11 18 21 -0.030454451 4.836927020719244
8 11 19 22 -0.02106451 4.529387075373429
8 11 20 23 -0.015833604 4.476846060562491
8 11 21 24 -0.011946209 4.336814147772695
8 11 22 25 -0.009145089 4.178639893804629
8 11 23 26 -0.006871466 3.885722478898569
8 11 24 27 -0.005376063 3.7081616057163322
8 11 25 28 -0.004412675 3.665947680352995
8 11 26 29 -0.003737485 3.6986214569541382
8 11 27 30 -0.003192691 3.72675223017507
8 11 28 31 -0.002725049 3.7192762470636054
8 11 29 32 -0.002324372 3.680323919702556
8 11 30 33 -0.002020026 3.684262938630618
8 11 31 34 -0.001740671 3.633500641220276
8 11 32 35 -0.001550107 3.6815724011894484
8 11 33 36 -0.00132868 3.571235468631349
8 11 34 37 -0.001169182 3.5388216054151935
8 11 35 38 -0.001000251 3.3937716888135245
8 11 36 39 -0.000896012 3.3935240196113146
8 11 37 40 -0.000806773 3.397426321698842
8 11 38 41 -0.000736678 3.436798156398898
8 11 39 42 -0.000689623 3.5521209675405254
8 11 40 43 -0.000634489 3.596809903824516
8 11 41 44 -0.000574022 3.570619730433913
8 11 42 45 -0.000513056 3.4920823240447705
8 11 43 46 -0.000475329 3.530801467738321
8 11 44 47 -0.000430486 3.4811076001584964
8 11 45 48 -0.000407747 3.58103672109312
8 11 46 49 -0.000368784 3.509820739136296
8 11 47 50 -0.000341892 3.5187037557272416
8 11 48 51 -0.000310681 3.450819416024377
8 11 49 52 -0.000298661 3.573353752404254
8 11 50 53 -0.000288914 3.716827159169235
8 11 51 54 -0.000269799 3.725666543227013
8 11 52 55 -0.000245438 3.6320645815192245
8 11 53 56 -0.000226611 3.588074042226211
8 11 54 57 -0.000211713 3.581354082339469
8 11 55 58 -0.000205844 3.71480583402131
8 11 56 59 -0.000197948 3.8058565334677246
8 11 57 60 -0.000190895 3.905073174698826
8 11 58 61 -0.000180833 3.930961467215599
8 11 59 62 -0.000165909 3.8278286314252927
8 11 60 63 -0.000153781 3.761336266501045
8 11 62 1 -0.061186922 4.374057704557876
8 11 63 2 -0.082299986 4.567711069626353
8 11 64 3 -0.116851417 4.82957213618614
9 12 10 13 3.28764459 8.262752073246569
9 12 11 14 -0.877445631 13.78288374137033
9 12 13 16 -1.77592596 8.678811476619506
9 12 14 17 -0.548046813 7.65217707352931
9 12 15 18 -0.260111899 7.354490679087203
9 12 16 19 -0.135771156 6.63503036402879
9 12 17 20 -0.075450795 5.79420510238801
9 12 18 21 -0.046774717 5.290095862833918
9 12 19 22 -0.030809805 4.893366106241444
9 12 20 23 -0.022266523 4.787849396435292
9 12 21 24 -0.016255343 4.596089953534397
9 12 22 25 -0.01211793 4.399153762144892
9 12 23 26 -0.008895041 4.064386161756088
9 12 24 27 -0.006821192 3.857293201666586
9 12 25 28 -0.005497616 3.792003288311874
9 12 26 29 -0.0045873 3.8110220657726424
9 12 27 30 -0.00386519 3.8249985402495437
9 12 28 31 -0.003241786 3.7840596553973804
9 12 29 32 -0.002740217 3.7399782535653094
9 12 30 33 -0.002349937 3.720802587061824
9 12 31 34 -0.002023293 3.6902215188768657
9 12 32 35 -0.001784435 3.7248542181238746
9 12 33 36 -0.001528699 3.630727458250242
9 12 34 37 -0.001330351 3.575726794208676
9 12 35 38 -0.00113208 3.4265231273304173
9 12 36 39 -0.001004357 3.407703018604016
9 12 37 40 -0.000901313 3.4136008387029784
9 12 38 41 -0.000819131 3.4494674714194624
9 12 39 42 -0.000761679 3.553434448928509
9 12 40 43 -0.00069922 3.601553345702922
9 12 41 44 -0.00062982 3.5703421393069963
9 12 42 45 -0.000563771 3.506854887175854
9 12 43 46 -0.000516839 3.517831067713807
9 12 44 47 -0.00047193 3.5055532834515586
9 12 45 48 -0.000448421 3.626138251117744
9 12 46 49 -0.000406144 3.566958378729075
9 12 48 51 -0.000346107 3.5620839352295124
9 12 49 52 -0.000332952 3.6981895455600706
9 12 50 53 -0.000321565 3.847390517650025
9 12 51 54 -0.00029803 3.834102875759594
9 12 52 55 -0.000265813 3.670623689690481
9 12 53 56 -0.000245707 3.6360453235902517
9 12 54 57 -0.000231203 3.660782057291247
9 12 55 58 -0.000223975 3.7887790574597813
9 12 56 59 -0.000212414 3.8333726823604404
9 12 57 60 -0.000206233 3.965148475693865
9 12 58 61 -0.000194733 3.983585816960247
9 12 60 63 -0.00016395 3.7826308646437306
9 12 61 64 -0.00015104 3.694294026520297
9 12 62 1 -0.047682949 4.252916217637194
9 12 63 2 -0.061432781 4.3916333795229425
9 12 64 3 -0.082554448 4.581833901848939
10 13 11 14 3.41245735 8.57644075315878
10 13 12 15 -0.652147449 10.243908174178642
10 13 14 17 -1.82811308 8.933845856536855
10 13 15 18 -0.607611346 8.48385484813956
10 13 16 19 -0.26812115 7.580946916008412
10 13 17 20 -0.134009488 6.548939024633124
10 13 18 21 -0.076951682 5.909464949729681
10 13 19 22 -0.047676608 5.392097331871714
10 13 20 23 -0.03286155 5.219234427759558
10 13 21 24 -0.023047406 4.9557584229248155
10 13 22 25 -0.016633205 4.702927917028766
10 13 23 26 -0.011867917 4.30839192167089
10 13 24 27 -0.008889998 4.062081877895706
10 13 25 28 -0.007012458 3.965451576553257
10 13 26 29 -0.005748805 3.9652619360580554
10 13 27 30 -0.004765907 3.9594046041070556
10 13 28 31 -0.003950492 3.909413543258546
10 13 29 32 -0.003297119 3.848648549578583
10 13 30 33 -0.002809536 3.834588115688964
10 13 31 34 -0.00238874 3.7822418098093955
10 13 32 35 -0.002091144 3.813972859032402
10 13 33 36 -0.001764729 3.683719642069074
10 13 34 37 -0.001536872 3.6501386932391315
10 13 35 38 -0.001299339 3.4923725220338895
10 13 36 39 -0.001155404 3.497119044069389
10 13 37 40 -0.001030678 3.497008067657964
10 13 38 41 -0.000933856 3.5368530408723813
10 13 39 42 -0.0008687 3.6582089951693773
10 13 40 43 -0.00079362 3.702447681186751
10 13 41 44 -0.000712681 3.670888475685627
10 13 42 45 -0.00063246 3.585307848950657
10 13 43 46 -0.000583389 3.628885781238542
10 13 44 47 -0.000533297 3.6298513752224
10 13 45 48 -0.000503379 3.739160270104808
10 13 46 49 -0.000453072 3.663748374207315
10 13 47 50 -0.00041909 3.6806565822505517
10 13 48 51 -0.000380007 3.6166331771903515
10 13 49 52 -0.000363822 3.744404191429447
10 13 50 53 -0.000350846 3.8969431308463935
10 13 51 54 -0.00032743 3.917562785732737
10 13 52 55 -0.000293747 3.7790028434914387
10 13 53 56 -0.0002705 3.7353466838013007
10 13 54 57 -0.000251746 3.7254122431699197
10 13 55 58 -0.000244574 3.872493483561846
10 13 56 59 -0.000235771 3.988321139217993
10 13 57 60 -0.000226855 4.093985141548475
10 13 58 61 -0.000215133 4.136264744349586
10 13 60 63 -0.000169083 3.675539076170915
10 13 61 64 -0.0001584 3.6545820613575293
10 13 62 1 -0.038716977 4.200733855106136
10 13 63 2 -0.048136486 4.293367886484239
10 13 64 3 -0.061891279 4.424409937713341
11 14 12 15 3.63038445 9.124151294261281
11 14 13 16 -0.729362828 11.456804511231404
11 14 15 18 -1.92791542 9.421572098111408
11 14 16 19 -0.593215387 8.282849341313872
11 14 17 20 -0.250996892 7.096769927829628
11 14 18 21 -0.129870708 6.3466800781891894
11 14 19 22 -0.074443956 5.716885417803066
11 14 20 23 -0.04848491 5.483514134374664
11 14 21 24 -0.032451235 5.154066163504641
11 14 22 25 -0.022550401 4.848890139570683
11 14 23 26 -0.015578694 4.404771956063099
11 14 24 27 -0.011354643 4.122058839361356
11 14 25 28 -0.008749462 3.9978671571733897
11 14 26 29 -0.007040002 3.981027341602343
11 14 27 30 -0.005741492 3.960217764175657
11 14 28 31 -0.00469174 3.8977883868219076
11 14 29 32 -0.003859332 3.819201453573654
11 14 30 33 -0.003250604 3.794352696961905
11 14 31 34 -0.002732382 3.729284673598218
11 14 32 35 -0.002375429 3.761165668944181
11 14 33 36 -0.00198744 3.624830341169884
11 14 34 37 -0.001719962 3.5902723891387334
11 14 35 38 -0.001445035 3.4320217731761704
11 14 36 39 -0.001270794 3.415649069846695
11 14 37 40 -0.001126525 3.409709531142586
11 14 38 41 -0.001017182 3.4512172184488876
11 14 39 42 -0.000940718 3.5628419359123726
11 14 40 43 -0.000855075 3.600832343207615
11 14 41 44 -0.000763188 3.560474333950195
11 14 42 45 -0.000673931 3.471294367756809
11 14 43 46 -0.000619704 3.512996260990605
11 14 44 47 -0.00056684 3.5259451519265106
11 14 45 48 -0.000533562 3.6316550805018863
11 14 46 49 -0.000477969 3.5504117079610493
11 14 47 50 -0.000441774 3.572387554885454
11 14 48 51 -0.000398062 3.4959782396235157
11 14 49 52 -0.000381741 3.633136141423242
11 14 50 53 -0.000366973 3.776833834516435
11 14 51 54 -0.000343558 3.815993308024961
11 14 52 55 -0.000319436 3.8219179245130945
11 14 53 56 -0.000293591 3.7769959312724724
11 14 54 57 -0.000273514 3.776967145557223
11 14 55 58 -0.000264182 3.909443872892184
11 14 56 59 -0.000255325 4.042720807160321
11 14 57 60 -0.000244728 4.1398384693560315
11 14 58 61 -0.000233181 4.2081485939979935
11 14 60 63 -0.000181454 3.7119418939301747
11 14 61 64 -0.000169785 3.690799205406095
11 14 62 1 -0.031402909 4.059479489032831
11 14 63 2 -0.038005047 4.1234905193605345
11 14 64 3 -0.047267425 4.215854987250259
12 15 13 16 3.35857965 8.441031323948927
12 15 14 17 -0.873882499 13.726914194795478
12 15 16 19 -1.85649107 9.0725268775043
12 15 17 20 -0.554417301 7.741125865976339
12 15 18 21 -0.243832383 6.894198208260827
12 15 19 22 -0.125388543 6.127640174959764
12 15 20 23 -0.075788127 5.820110340306295
12 15 21 24 -0.047788634 5.404767173981712
12 15 22 25 -0.031689617 5.033102213648308
12 15 23 26 -0.021046619 4.525540070901664
12 15 24 27 -0.014832838 4.193886140341871
12 15 25 28 -0.011104312 4.03118155582931
12 15 26 29 -0.008729649 3.9888140585960064
12 15 27 30 -0.006980799 3.9475488338256572
12 15 28 31 -0.005616318 3.8738784819101895
12 15 29 32 -0.004547326 3.777812597009493
12 15 30 33 -0.003779759 3.7404558786230626
12 15 31 34 -0.003139023 3.664106850873084
12 15 32 35 -0.002704734 3.6915493706077704
12 15 33 36 -0.002244199 3.553380982163164
12 15 34 37 -0.001930011 3.5200873644445263
12 15 35 38 -0.001610779 3.3623622898090186
12 15 36 39 -0.001399049 3.322802997671578
12 15 37 40 -0.00123358 3.31562501835977
12 15 38 41 -0.001106866 3.3502066531125982
12 15 39 42 -0.001019055 3.457572157732276
12 15 40 43 -0.000921626 3.4905335733207785
12 15 41 44 -0.000819544 3.451206668282597
12 15 42 45 -0.000720572 3.361659396850003
12 15 43 46 -0.000660365 3.401418402126813
12 15 44 47 -0.000613618 3.478495765198438
12 15 45 48 -0.000576584 3.586556275983338
12 15 46 49 -0.0005155 3.5087172512261415
12 15 47 50 -0.000475563 3.532539648121699
12 15 48 51 -0.00042875 3.467069506483266
12 15 49 52 -0.000409023 3.5922431870048612
12 15 50 53 -0.000392872 3.739072989679473
12 15 51 54 -0.000366954 3.776638289223305
12 15 52 55 -0.000326954 3.63156810795264
12 15 53 56 -0.000299388 3.5820520028554275
12 15 54 57 -0.000277755 3.57326861140357
12 15 55 58 -0.000269593 3.7228218799484067
12 15 56 59 -0.000259654 3.84243718107951
12 15 57 60 -0.000249611 3.952247462630353
12 15 58 61 -0.000235678 3.9867479437616082
12 15 60 63 -0.000197659 3.8003000613731737
12 15 61 64 -0.000184513 3.774518801871209
12 15 62 1 -0.025802023 3.9051402386659193
12 15 63 2 -0.030581966 3.953355522295702
12 15 64 3 -0.037077472 4.022850024994198
13 16 14 17 3.44407001 8.655892033491925
13 16 15 18 -0.701750902 11.023077391866078
13 16 17 20 -1.86293641 9.104024750739239
13 16 18 21 -0.576247076 8.045927024951975
13 16 19 22 -0.248101971 7.014917964912723
13 16 20 23 -0.135033098 6.598962045950873
13 16 21 24 -0.078709986 6.044493003554022
13 16 22 25 -0.049150974 5.558844198066607
13 16 23 26 -0.031050441 4.93158510978079
13 16 24 27 -0.020967558 4.50854001385946
13 16 25 28 -0.015137864 4.28013021000972
13 16 26 29 -0.01155607 4.195182577891581
13 16 27 30 -0.009021239 4.122049460311013
13 16 28 31 -0.007110486 4.020885104589555
13 16 29 32 -0.005648821 3.896297560085166
13 16 30 33 -0.004609036 3.8290798286444048
13 16 31 34 -0.003771259 3.7320442642930756
13 16 32 35 -0.003208506 3.7452127033371196
13 16 33 36 -0.002637505 3.599792039706991
13 16 34 37 -0.002239061 3.545245664623875
13 16 35 38 -0.001850866 3.3757372470312257
13 16 36 39 -0.001597934 3.3355494597357462
13 16 37 40 -0.00139945 3.3237553903340693
13 16 38 41 -0.001246554 3.350496627001447
13 16 39 42 -0.001139442 3.4488060607480264
13 16 40 43 -0.00102579 3.480423474375957
13 16 41 44 -0.000907797 3.4381581099707286
13 16 42 45 -0.000795962 3.351899790736742
13 16 43 46 -0.000723718 3.3763363208249704
13 16 44 47 -0.000671023 3.456315795734693
13 16 45 48 -0.000628745 3.5642481476907326
13 16 46 49 -0.000561832 3.494793621828338
13 16 47 50 -0.000519126 3.5333973845975204
13 16 48 51 -0.000466627 3.466161956216283
13 16 49 52 -0.000445125 3.5994852806375834
13 16 50 53 -0.000427578 3.755202415055302
13 16 51 54 -0.000396248 3.771203328347431
13 16 52 55 -0.000351019 3.6126375394323955
13 16 53 56 -0.000320889 3.5642024828961096
13 16 54 57 -0.000298146 3.5671919931437945
13 16 55 58 -0.000288324 3.70923691423853
13 16 56 59 -0.000275675 3.8068084918925087
13 16 57 60 -0.000264345 3.9118559954110586
13 16 58 61 -0.00024969 3.9534983191613065
13 16 61 64 -0.000203614 3.9147941489961866
13 16 62 1 -0.02169523 3.7870297732730784
13 16 63 2 -0.025211427 3.8157534411890266
13 16 64 3 -0.029845667 3.8581735540170503
14 17 15 18 3.73979361 9.399126504894426
14 17 16 19 -0.725494813 11.396045873691527
14 17 18 21 -2.00142692 9.780817057773756
14 17 19 22 -0.583490638 8.147066230129852
14 17 20 23 -0.268778393 7.599530024032223
14 17 21 24 -0.140914009 6.886357573857779
14 17 22 25 -0.081649377 6.270222027749372
14 17 23 26 -0.04860126 5.49667300936349
14 17 24 27 -0.031255222 4.964109444310081
14 17 25 28 -0.021651277 4.65555639362748
14 17 26 29 -0.015989263 4.5208576059403525
14 17 27 30 -0.012141872 4.4078453901187515
14 17 28 31 -0.009336886 4.2662771596324465
14 17 29 32 -0.007265251 4.108402650255464
14 17 30 33 -0.005816623 4.01203968099454
14 17 31 34 -0.004700745 3.9052695312210712
14 17 32 35 -0.003941611 3.900624890686239
14 17 33 36 -0.003205672 3.7419046425757383
14 17 34 37 -0.002689082 3.6701867779281385
14 17 35 38 -0.002202998 3.4881448556672043
14 17 36 39 -0.001895415 3.4569887901564402
14 17 37 40 -0.001649821 3.443859098818029
14 17 38 41 -0.001459828 3.4671557997503335
14 17 39 42 -0.001326321 3.564894931804949
14 17 40 43 -0.001190134 3.602238071180711
14 17 41 44 -0.001052405 3.570726041929273
14 17 42 45 -0.000922963 3.495597279626297
14 17 43 46 -0.000834385 3.513704054834121
14 17 44 47 -0.000747907 3.4891844181010296
14 17 45 48 -0.000698436 3.5975151062031494
14 17 46 49 -0.000622788 3.5304789308925177
14 17 47 50 -0.000573832 3.569437863277633
14 17 48 51 -0.000513783 3.4970306023020767
14 17 49 52 -0.000488805 3.6309028303297928
14 17 50 53 -0.000467501 3.7804278981934307
14 17 51 54 -0.000430008 3.776543882269668
14 17 52 55 -0.000385767 3.671452712358431
14 17 53 56 -0.000353394 3.6370807010736512
14 17 54 57 -0.000328883 3.6529940421214846
14 17 55 58 -0.000318481 3.8104917495737958
14 17 56 59 -0.000301276 3.8758620877003906
14 17 57 60 -0.000291556 4.0261099362010055
14 17 58 61 -0.000275369 4.0749924288348485
14 17 59 62 -0.00025301 4.006065960715295
14 17 60 63 -0.000224912 3.804629424584861
14 17 61 64 -0.000208378 3.7605361831371935
14 17 62 1 -0.019605524 3.895313897122626
14 17 63 2 -0.02237146 3.90506969004651
14 17 64 3 -0.02594225 3.926363617167962
15 18 16 19 3.57019873 8.972888081618871
15 18 17 20 -0.877967283 13.791077831824985
15 18 19 22 -1.93563747 9.459309153412425
15 18 20 23 -0.617156294 8.617127463764877
15 18 21 24 -0.272643701 7.70881903298218
15 18 22 25 -0.14253457 6.965553124360133
15 18 23 26 -0.078752952 6.047792555486235
15 18 24 27 -0.047757719 5.401270769853825
15 18 25 28 -0.031506547 5.004026127867512
15 18 26 29 -0.022387451 4.813851886892025
15 18 27 30 -0.016468799 4.656443215666217
15 18 28 31 -0.01232077 4.472790459923594
15 18 29 32 -0.009368895 4.280902942318738
15 18 30 33 -0.007346071 4.154105283542826
15 18 31 34 -0.005856468 4.039522933921406
15 18 32 35 -0.004835798 4.017468420120596
15 18 33 36 -0.003886504 3.846090910582406
15 18 34 37 -0.00321954 3.7580924289691184
15 18 35 38 -0.002612436 3.5655766783547227
15 18 36 39 -0.002213004 3.503987982817482
15 18 37 40 -0.001912019 3.4872723121670597
15 18 38 41 -0.001678905 3.5045694413521726
15 18 39 42 -0.001513714 3.5951374232192257
15 18 40 43 -0.001351036 3.63132408299803
15 18 41 44 -0.001188718 3.597952193196558
15 18 42 45 -0.001039676 3.5275375624107252
15 18 43 46 -0.000932683 3.5324104623410624
15 18 44 47 -0.000838872 3.5325993970251246
15 18 45 48 -0.000781298 3.6449622847406142
15 18 46 49 -0.000697643 3.59343050936218
15 18 47 50 -0.000641045 3.633974749439607
15 18 48 51 -0.000574252 3.5720504117283585
15 18 49 52 -0.000543962 3.702442004677933
15 18 50 53 -0.000522598 3.8819213333020097
15 18 51 54 -0.000475072 3.8416504829947944
15 18 52 55 -0.000418051 3.6715315680794705
15 18 53 56 -0.000382922 3.6443760495887805
15 18 54 57 -0.000357044 3.6746459810696863
15 18 55 58 -0.000347262 3.8571346559572586
15 18 56 59 -0.000324484 3.882315129846689
15 18 57 60 -0.000315879 4.063727082146309
15 18 58 61 -0.000298062 4.115951583242821
15 18 60 63 -0.000251222 3.9777554356856166
15 18 61 64 -0.000230336 3.8963822434604585
15 18 62 1 -0.017665852 3.948493198034145
15 18 63 2 -0.019918463 3.9574900284849743
15 18 64 3 -0.022779841 3.9763549912781184
16 19 17 20 3.69758736 9.293050628945966
16 19 18 21 -0.775290985 12.178242314352
16 19 20 23 -2.05647786 10.049846702382753
16 19 21 24 -0.623459398 8.705135398081378
16 19 22 25 -0.275358656 7.785582577127621
16 19 23 26 -0.137000837 6.695123914186595
16 19 24 27 -0.076915889 5.90671624465335
16 19 25 28 -0.047658914 5.39009618761686
16 19 26 29 -0.032242485 5.120911452701444
16 19 27 30 -0.022776595 4.897527405765197
16 19 28 31 -0.016489893 4.662407403655351
16 19 29 32 -0.012164586 4.41609121911375
16 19 30 33 -0.009303339 4.250948622915367
16 19 31 34 -0.007241153 4.094775552297547
16 19 32 35 -0.005870733 4.049362276448743
16 19 33 36 -0.004627154 3.8441318413289176
16 19 34 37 -0.003789051 3.7496512574882663
16 19 35 38 -0.003033266 3.540659221394809
16 19 36 39 -0.002552999 3.4844542389796067
16 19 37 40 -0.002182772 3.456119761749405
16 19 38 41 -0.001902185 3.469336383749062
16 19 39 42 -0.001704588 3.558180489602221
16 19 40 43 -0.001509673 3.58553987022888
16 19 41 44 -0.001318148 3.5429274848010626
16 19 42 45 -0.001142258 3.457329388716511
16 19 43 46 -0.001023209 3.4716663476859284
16 19 44 47 -0.000926619 3.5094438841535793
16 19 45 48 -0.000859342 3.618801236706392
16 19 46 49 -0.000761618 3.5531498677579836
16 19 47 50 -0.000697754 3.594002249903602
16 19 48 51 -0.000622129 3.526743172311013
16 19 49 52 -0.000588871 3.6629857588739614
16 19 50 53 -0.000562083 3.8257814136196764
16 19 51 54 -0.000515099 3.8262178516996466
16 19 52 55 -0.000447763 3.6208173607731
16 19 53 56 -0.000407752 3.5810806335771
16 19 54 57 -0.000377639 3.5940962571768074
16 19 55 58 -0.000364167 3.7479548822783872
16 19 56 59 -0.000343305 3.813183167358959
16 19 57 60 -0.000330273 3.9515780897666932
16 19 58 61 -0.000311222 4.003815606481402
16 19 59 62 -0.000283777 3.918689374821004
16 19 60 63 -0.000258616 3.827076548106551
16 19 61 64 -0.000239622 3.7940853627861366
16 19 62 1 -0.015753925 3.919323721684749
16 19 63 2 -0.017514431 3.9146491021739784
16 19 64 3 -0.019725579 3.919166965774046
17 20 18 21 3.67624547 9.239412609075789
17 20 19 22 -0.925441522 14.536801434210815
17 20 21 24 -1.93053665 9.434381844417983
17 20 22 25 -0.596927514 8.334680412035615
17 20 23 26 -0.253449011 7.166101959154779
17 20 24 27 -0.128904906 6.29948208868662
17 20 25 28 -0.074123377 5.692266717926962
17 20 26 29 -0.047398304 5.360621891004587
17 20 27 30 -0.031989689 5.080761137625013
17 20 28 31 -0.022309911 4.79717888221143
17 20 29 32 -0.015919116 4.50102400895193
17 20 30 33 -0.011828394 4.294043946881363
17 20 31 34 -0.008997885 4.111378382524902
17 20 32 35 -0.007149377 4.042877446969892
17 20 33 36 -0.005529674 3.8141154259032777
17 20 34 37 -0.004458365 3.7039058688702386
17 20 35 38 -0.003519368 3.4827725060348795
17 20 36 39 -0.002940333 3.432180741953215
17 20 37 40 -0.002489667 3.3980157186891344
17 20 38 41 -0.0021513 3.406288170936541
17 20 39 42 -0.001913833 3.4905808106570175
17 20 40 43 -0.00168461 3.516478136997795
17 20 41 44 -0.001462478 3.473449666472535
17 20 42 45 -0.001260521 3.388037228041858
17 20 43 46 -0.001123886 3.40172193792212
17 20 44 47 -0.000997237 3.3835454277349712
17 20 45 48 -0.000918746 3.479625963627515
17 20 46 49 -0.000810539 3.413285438857594
17 20 47 50 -0.000737505 3.4406563306288076
17 20 48 51 -0.000654533 3.3713788450315647
17 20 49 52 -0.000616423 3.4943968316948273
17 20 50 53 -0.000586016 3.645226649762483
17 20 51 54 -0.000535364 3.64392027640239
17 20 52 55 -0.000478429 3.553828643757434
17 20 53 56 -0.000435211 3.5193161212503528
17 20 54 57 -0.00040196 3.530212412134462
17 20 55 58 -0.000386117 3.6747837605023244
17 20 56 59 -0.00036351 3.741193131879101
17 20 57 60 -0.000348615 3.8721627995189216
17 20 58 61 -0.000327474 3.918089227300621
17 20 60 63 -0.000265858 3.671245096717361
17 20 61 64 -0.000244371 3.6162747979140737
17 20 62 1 -0.013800683 3.7846695219547026
17 20 63 2 -0.015171091 3.774323975779877
17 20 64 3 -0.016863422 3.769142131530331
18 21 19 22 3.60444327 9.058953997850521
18 21 20 23 -0.786504663 12.354386356474606
18 21 22 25 -1.94047838 9.482966302534386
18 21 23 26 -0.575133579 8.030379673863111
18 21 24 27 -0.248171392 7.0168807974451655
18 21 25 28 -0.128204755 6.265266256095454
18 21 26 29 -0.076121249 5.845692273433941
18 21 27 30 -0.048542903 5.490072988154011
18 21 28 31 -0.03236677 5.140651013095098
18 21 29 32 -0.022191962 4.771816949930392
18 21 30 33 -0.015949235 4.509539955573942
18 21 31 34 -0.011780404 4.276622209914295
18 21 32 35 -0.009147166 4.179588931595233
18 21 33 36 -0.006910041 3.9075361274887697
18 21 34 37 -0.005488102 3.785440967610501
18 21 35 38 -0.004263217 3.54178145274498
18 21 36 39 -0.003508036 3.4715583397304783
18 21 37 40 -0.002932499 3.4230363001731647
18 21 38 41 -0.002510366 3.426266696575392
18 21 39 42 -0.002212143 3.5026247075350128
18 21 40 43 -0.001927445 3.5154073164151813
18 21 41 44 -0.001655506 3.4557260461879435
18 21 42 45 -0.00141045 3.3498808748413222
18 21 43 46 -0.00125512 3.3735203821752253
18 21 44 47 -0.001118718 3.3860796939799576
18 21 45 48 -0.001022579 3.4695288080444264
18 21 46 49 -0.000894157 3.386498458506799
18 21 47 50 -0.000804322 3.3871048410413533
18 21 48 51 -0.00070939 3.309492402607128
18 21 49 52 -0.000664006 3.420172522048589
18 21 50 53 -0.000627091 3.5548719038458025
18 21 51 54 -0.000577117 3.5898717243743774
18 21 52 55 -0.000522516 3.5564711993049047
18 21 53 56 -0.00047167 3.5036219719144714
18 21 54 57 -0.000431603 3.490140175409206
18 21 55 58 -0.000413068 3.627768386544825
18 21 56 59 -0.000393632 3.7463061227919283
18 21 57 60 -0.000373751 3.846592044876196
18 21 58 61 -0.000350152 3.889234681746768
18 21 59 62 -0.000314733 3.7656484996549535
18 21 60 63 -0.000293592 3.777008796094389
18 21 61 64 -0.000270765 3.739006080737372
18 21 62 1 -0.01249683 3.7438561125041985
18 21 63 2 -0.013601963 3.730172978022577
18 21 64 3 -0.014956255 3.7208762266588256
19 22 20 23 3.77341294 9.483621097011714
19 22 21 24 -0.757368838 11.896721887593216
19 22 23 26 -1.9463374 9.511598875717642
19 22 24 27 -0.586554764 8.189849500046622
19 22 25 28 -0.25337748 7.164079467777843
19 22 26 29 -0.13525981 6.610041284341461
19 22 27 30 -0.079926382 6.137905510469614
19 22 28 31 -0.050296245 5.688371296625507
19 22 29 32 -0.032818027 5.212321888941413
19 22 30 33 -0.022594126 4.858292088624835
19 22 31 34 -0.016147569 4.5656175729360795
19 22 32 35 -0.012181096 4.422084819391439
19 22 33 36 -0.008967821 4.097641323239055
19 22 34 37 -0.006965419 3.9388516487234586
19 22 35 38 -0.005309015 3.6619149714525467
19 22 36 39 -0.004289397 3.563531187377973
19 22 37 40 -0.003534955 3.4981974275127032
19 22 38 41 -0.002986765 3.486379710644983
19 22 39 42 -0.002599772 3.5482922499305682
19 22 40 43 -0.002242412 3.5505515130228935
19 22 41 44 -0.001907448 3.4789354066557046
19 22 42 45 -0.001610641 3.3620742267066355
19 22 43 46 -0.001421388 3.3758591066177157
19 22 44 47 -0.001272469 3.420151146652214
19 22 45 48 -0.001157256 3.5027245850486626
19 22 46 49 -0.001007958 3.4199209237612385
19 22 47 50 -0.000905695 3.4301970698404367
19 22 48 51 -0.000795918 3.3517145009982965
19 22 49 52 -0.000743088 3.466702505629521
19 22 50 53 -0.000698913 3.599972045286557
19 22 51 54 -0.00063912 3.6230622528244374
19 22 52 55 -0.000563566 3.505579714717762
19 22 53 56 -0.000507483 3.4541500616954335
19 22 54 57 -0.000462881 3.438336213839639
19 22 55 58 -0.000440524 3.562279480522529
19 22 56 59 -0.000415567 3.6497158460381183
19 22 57 60 -0.000394219 3.751892766393259
19 22 58 61 -0.000367648 3.783780838351318
19 22 59 62 -0.000330983 3.676319320376838
19 22 60 63 -0.000311217 3.7235810325485916
19 22 61 64 -0.000287879 3.70351206848571
19 22 62 1 -0.011696822 3.795869400479244
19 22 63 2 -0.012608313 3.777254687261981
19 22 64 3 -0.013712062 3.760366290172251
20 23 21 24 3.81179839 9.580094255191504
20 23 22 25 -0.778885625 12.234706787433499
20 23 24 27 -2.0742954 10.136919628912374
20 23 25 28 -0.604519386 8.440682942267589
20 23 26 29 -0.272879857 7.71549618657449
20 23 27 30 -0.145463595 7.108692288705168
20 23 28 31 -0.085362952 6.555404115136266
20 23 29 32 -0.05254363 5.942544552033873
20 23 30 33 -0.034411733 5.465442183721391
20 23 31 34 -0.023663496 5.088232906464514
20 23 32 35 -0.017274867 4.884353573304661
20 23 33 36 -0.012349879 4.483357856076426
20 23 34 37 -0.009357152 4.275537246230603
20 23 35 38 -0.006981043 3.947686812575003
20 23 36 39 -0.005542749 3.8231339610273527
20 23 37 40 -0.004497221 3.7361865292560132
20 23 38 41 -0.003748465 3.709487283465109
20 23 39 42 -0.00322646 3.7661699802989563
20 23 40 43 -0.002757517 3.76359011488384
20 23 41 44 -0.002328982 3.6876232217376126
20 23 42 45 -0.001953674 3.5632455782085155
20 23 43 46 -0.001711369 3.5723352424809183
20 23 44 47 -0.001502689 3.5689525626108205
20 23 45 48 -0.001357112 3.6476551986221115
20 23 46 49 -0.001175349 3.5574875725961763
20 23 47 50 -0.001048594 3.5577956235582158
20 23 48 51 -0.000916413 3.470790042303076
20 23 49 52 -0.000851466 3.5856343735246794
20 23 50 53 -0.000796941 3.7179410265525696
20 23 51 54 -0.000725791 3.738415669361674
20 23 52 55 -0.000650216 3.685963583963097
20 23 53 56 -0.000583901 3.632070602207045
20 23 54 57 -0.000532124 3.621867426947545
20 23 55 58 -0.000505211 3.7527685883199737
20 23 56 59 -0.000475195 3.8426451175121064
20 23 57 60 -0.000449852 3.950823748690198
20 23 58 61 -0.000418366 3.9817065364806923
20 23 59 62 -0.00037718 3.8818828243574024
20 23 60 63 -0.000346063 3.8438170328009886
20 23 61 64 -0.000319364 3.821056474674739
20 23 62 1 -0.011494654 4.008589550006919
20 23 63 2 -0.01227696 3.9841366137663425
20 23 64 3 -0.013220137 3.9605476521320138
21 24 22 25 3.69405352 9.284169120319596
21 24 23 26 -0.923140562 14.500658039049796
21 24 25 28 -1.97259869 9.639935749087538
21 24 26 29 -0.615786702 8.598004351917698
21 24 27 30 -0.278332478 7.869665413262174
21 24 28 31 -0.148374988 7.250969790979811
21 24 29 32 -0.085033788 6.530126134588513
21 24 30 33 -0.052496431 5.937206470894228
21 24 31 34 -0.034525929 5.483579359074119
21 24 32 35 -0.024286288 5.222148484631107
21 24 33 36 -0.016792916 4.748085138415538
21 24 34 37 -0.012368771 4.4902161902039905
21 24 35 38 -0.009005178 4.114710752581171
21 24 36 39 -0.007004434 3.9609141114518245
21 24 37 40 -0.005585763 3.8528030447617287
21 24 38 41 -0.004584614 3.8087905994921143
21 24 39 42 -0.003890836 3.850377865085642
21 24 40 43 -0.003288055 3.8380683580679396
21 24 41 44 -0.002748038 3.7506527256677504
21 24 42 45 -0.002286092 3.6197127956457296
21 24 43 46 -0.001982899 3.6165481517305795
21 24 44 47 -0.001742187 3.63666516051892
21 24 45 48 -0.001566087 3.719525605046348
21 24 46 49 -0.00135 3.6285395148962287
21 24 47 50 -0.001204245 3.644948540272789
21 24 48 51 -0.001048795 3.558477600491457
21 24 49 52 -0.000973556 3.6872114106024396
21 24 50 53 -0.000909699 3.830861131226646
21 24 51 54 -0.000825336 3.850411228799612
21 24 52 55 -0.000726571 3.7424333055986923
21 24 53 56 -0.000650855 3.689585965956392
21 24 54 57 -0.000592441 3.685192420705126
21 24 55 58 -0.000562141 3.8261761868506587
21 24 56 59 -0.000526776 3.912956024078736
21 24 57 60 -0.000499009 4.035216063815063
21 24 58 61 -0.000464616 4.080488531386868
21 24 59 62 -0.00041908 3.9885018746942356
21 24 60 63 -0.000381423 3.925551175870601
21 24 61 64 -0.000350382 3.8917893550794966
21 24 62 1 -0.010865152 4.040811090047434
21 24 63 2 -0.011520249 4.017515425421039
21 24 64 3 -0.012306633 3.99376613815514
22 25 23 26 3.66067175 9.200271581602937
22 25 24 27 -0.829476855 13.029391969953858
22 25 26 29 -1.95179843 9.538286502851694
22 25 27 30 -0.604127558 8.435211991306383
22 25 28 31 -0.275091289 7.7780229533005105
22 25 29 32 -0.142894285 6.983132115492805
22 25 30 33 -0.081841576 6.284981851373151
22 25 31 34 -0.050962176 5.763686318371825
22 25 32 35 -0.034308783 5.449091153890545
22 25 33 36 -0.022789534 4.900309608596797
22 25 34 37 -0.016255583 4.596157811935716
22 25 35 38 -0.01146971 4.1638314379775165
22 25 36 39 -0.008756276 4.000980659101735
22 25 37 40 -0.006844616 3.87053916160377
22 25 38 41 -0.005522464 3.809142298695279
22 25 39 42 -0.00462078 3.838836470490465
22 25 40 43 -0.003856767 3.8166631252493697
22 25 41 44 -0.003190836 3.7245869328171435
22 25 42 45 -0.002628535 3.5875493578557065
22 25 43 46 -0.002262159 3.581818176208634
22 25 44 47 -0.00197169 3.596104403343622
22 25 45 48 -0.001760453 3.674793860722766
22 25 46 49 -0.001508902 3.5837087112693258
22 25 47 50 -0.001335208 3.5887814730411582
22 25 48 51 -0.001157934 3.5047767215410746
22 25 49 52 -0.001067614 3.622328963211196
22 25 50 53 -0.000996274 3.77325275678701
22 25 51 54 -0.000897928 3.7812919150621025
22 25 52 55 -0.00078672 3.6702573520617428
22 25 53 56 -0.000702214 3.6169748878742483
22 25 54 57 -0.000637249 3.612455872997434
22 25 55 58 -0.000602982 3.7507611664648772
22 25 56 59 -0.000563628 3.8362973557208297
22 25 57 60 -0.000532598 3.9562025462668897
22 25 58 61 -0.00049405 3.9951153112024667
22 25 59 62 -0.000444499 3.90381104334102
22 25 60 63 -0.000397706 3.7850795231868513
22 25 61 64 -0.000363327 3.7393097219505322
22 25 62 1 -0.010311499 4.05976603646502
22 25 63 2 -0.010853156 4.036349710230915
22 25 64 3 -0.011505009 4.012200702181688
23 26 24 27 3.73563027 9.388662890207709
23 26 25 28 -0.788845892 12.391162295608463
23 26 27 30 -1.91663369 9.366439164641523
23 26 28 31 -0.608150836 8.491387549564827
23 26 29 32 -0.268040786 7.578674677440294
23 26 30 33 -0.137669556 6.727803689484398
23 26 31 34 -0.079613526 6.1138798944172885
23 26 32 35 -0.050683706 5.732192103347
23 26 33 36 -0.032037764 5.088396647669868
23 26 34 37 -0.02193457 4.7164713473930195
23 26 35 38 -0.014940881 4.224434578898333
23 26 36 39 -0.011070743 4.018995052635989
23 26 37 40 -0.008440155 3.8565363762883673
23 26 38 41 -0.006665537 3.7692723728575723
23 26 39 42 -0.005474306 3.775925119765626
23 26 40 43 -0.004498171 3.7369757671437647
23 26 41 44 -0.003670014 3.6318520416060758
23 26 42 45 -0.002985649 3.4850770304016163
23 26 43 46 -0.002542048 3.4695077942802293
23 26 44 47 -0.002194053 3.473981676338879
23 26 45 48 -0.001942436 3.5427489376185775
23 26 46 49 -0.00165253 3.449513902762637
23 26 47 50 -0.001455555 3.4570072365412887
23 26 48 51 -0.001252673 3.366943318328595
23 26 49 52 -0.001150703 3.482890292372
23 26 50 53 -0.001068165 3.6241984621674947
23 26 51 54 -0.000960383 3.6373204583491887
23 26 52 55 -0.000840442 3.539210871783287
23 26 53 56 -0.00074784 3.488871845339961
23 26 54 57 -0.0006767 3.4855569763982257
23 26 55 58 -0.000639332 3.6242640446594594
23 26 56 59 -0.000596472 3.7102666654786356
23 26 57 60 -0.000562688 3.8298993068049176
23 26 58 61 -0.000522071 3.878006713378761
23 26 59 62 -0.000468139 3.7855870593482677
23 26 60 63 -0.000422293 3.7087869194882535
23 26 61 64 -0.000385596 3.6698252574081285
23 26 62 1 -0.009324427 3.858833224469492
23 26 63 2 -0.009751824 3.8394149937641906
23 26 64 3 -0.010267158 3.818413760771063
24 27 25 28 3.68710642 9.266709153660594
24 27 26 29 -0.742989418 11.670850486418804
24 27 28 31 -1.95370731 9.547615050338825
24 27 29 32 -0.606795553 8.472464229047782
24 27 30 33 -0.262706198 7.427842755203741
24 27 31 34 -0.137306867 6.710079361294254
24 27 32 35 -0.081550337 6.262616301748202
24 27 33 36 -0.048579465 5.4942080529356305
24 27 34 37 -0.031678544 5.031343544844841
24 27 35 38 -0.020721383 4.455606341854744
24 27 36 39 -0.014816425 4.189245473921767
24 27 37 40 -0.010970537 3.9826174203267177
24 27 38 41 -0.008449352 3.8607387357299565
24 27 39 42 -0.00679356 3.841667673789867
24 27 40 43 -0.00548327 3.7821080757007857
24 27 41 44 -0.004405409 3.6599112566767795
24 27 42 45 -0.00353086 3.494145008609021
24 27 43 46 -0.002974198 3.4717105505926606
24 27 44 47 -0.002534994 3.4598801601911595
24 27 45 48 -0.002220748 3.516249543546219
24 27 46 49 -0.001871407 3.413201341563876
24 27 47 50 -0.001631628 3.4058827798205153
24 27 48 51 -0.001393386 3.309353123238435
24 27 49 52 -0.00127085 3.415799587041387
24 27 50 53 -0.001170215 3.541948238153633
24 27 51 54 -0.001049984 3.5625117824497847
24 27 52 55 -0.000928704 3.517340539087765
24 27 53 56 -0.000821636 3.4600163531195887
24 27 54 57 -0.000739952 3.4520722343054593
24 27 55 58 -0.000695096 3.5803113818036074
24 27 56 59 -0.000648914 3.678582768070655
24 27 57 60 -0.000608023 3.782117968227035
24 27 58 61 -0.000562061 3.825631672049304
24 27 59 62 -0.000500554 3.7181758274422294
24 27 60 63 -0.000446745 3.6125853450119343
24 27 61 64 -0.000408256 3.585507011962302
24 27 62 1 -0.008945207 3.864246376330296
24 27 63 2 -0.009285865 3.8428746752951577
24 27 64 3 -0.009700415 3.8191746279193577
25 28 26 29 3.78811603 9.520573992634969
25 28 27 30 -0.796556355 12.512277965191343
25 28 29 32 -2.0701512 10.116667247151254
25 28 30 33 -0.607339727 8.48006233145078
25 28 31 34 -0.268255699 7.584751199357944
25 28 32 35 -0.144985896 7.0853475116314115
25 28 33 36 -0.080244407 6.162328077225696
25 28 34 37 -0.049337986 5.5799947569786
25 28 35 38 -0.030735029 4.8814898108880564
25 28 36 39 -0.021095543 4.536059932663252
25 28 37 40 -0.015093427 4.267565944262438
25 28 38 41 -0.011286909 4.097469467998003
25 28 39 42 -0.008847303 4.042573371169748
25 28 40 43 -0.006995007 3.9555832685416537
25 28 41 44 -0.005521044 3.808162847844328
25 28 42 45 -0.004358272 3.620750934239981
25 28 43 46 -0.003615932 3.5783324032302715
25 28 44 47 -0.003042751 3.5517308361872235
25 28 45 48 -0.002637703 3.6000622795070525
25 28 46 49 -0.002203941 3.4896379666908617
25 28 47 50 -0.001911287 3.485937240009039
25 28 48 51 -0.001620773 3.383223903180159
25 28 49 52 -0.001469045 3.489046580723365
25 28 50 53 -0.001344788 3.614530664561681
25 28 51 54 -0.001196569 3.6217152073586942
25 28 52 55 -0.001043038 3.5389445596722036
25 28 53 56 -0.000919623 3.4829474822736923
25 28 54 57 -0.00082519 3.474982710629467
25 28 55 58 -0.000773202 3.6071922985672713
25 28 56 59 -0.000715061 3.683147417024223
25 28 57 60 -0.000670054 3.7984218218081516
25 28 58 61 -0.000616166 3.832770306403836
25 28 59 62 -0.000550452 3.7466157679377923
25 28 60 63 -0.000501796 3.7274015540924674
25 28 61 64 -0.000455772 3.685581814831233
25 28 62 1 -0.008546345 3.827734346698059
25 28 63 2 -0.008824858 3.8122567256553612
25 28 64 3 -0.009159762 3.7906880426897143
26 29 27 30 3.61007462 9.073107124082355
26 29 28 31 -0.91756646 14.413100249581994
26 29 30 33 -1.9293002 9.428339409827823
26 29 31 34 -0.590934115 8.250996775287028
26 29 32 35 -0.276113686 7.806930547438781
26 29 33 36 -0.138952835 6.790516532045158
26 29 34 37 -0.079649179 6.116617848265428
26 29 35 38 -0.046915267 5.305991693342552
26 29 36 39 -0.030760123 4.885475364482765
26 29 37 40 -0.021178535 4.553905251265935
26 29 38 41 -0.015329363 4.3342752766510015
26 29 39 42 -0.01168522 4.242067706653755
26 29 40 43 -0.00902784 4.125065636746148
26 29 41 44 -0.006983602 3.9491338929830992
26 29 42 45 -0.005413164 3.733752173336853
26 29 43 46 -0.004426528 3.677456430309865
26 29 44 47 -0.003700974 3.662490109800945
26 29 45 48 -0.003173709 3.7045949932757947
26 29 46 49 -0.002627358 3.5859429323775616
26 29 47 50 -0.002258235 3.575605060984
26 29 48 51 -0.001902803 3.470463534833293
26 29 49 52 -0.001714506 3.5788834595256716
26 29 50 53 -0.00156544 3.7179889515485125
26 29 51 54 -0.00138574 3.7246017387942962
26 29 52 55 -0.0011919 3.6075833116609473
26 29 53 56 -0.001044889 3.545224854714142
26 29 54 57 -0.000933222 3.5344518517940724
26 29 55 58 -0.000870467 3.6656500626201245
26 29 56 59 -0.000804444 3.7529445105271972
26 29 57 60 -0.000751141 3.8689888470647844
26 29 58 61 -0.000690985 3.9170760901988575
26 29 59 62 -0.000612733 3.811415832995883
26 29 60 63 -0.000554415 3.7735896699098768
26 29 61 64 -0.000503177 3.737659789602918
26 29 62 1 -0.008511184 3.9258263723583484
26 29 63 2 -0.008734207 3.911873920965116
26 29 64 3 -0.009012536 3.8933318792450904
27 30 28 31 3.66296259 9.206029090494576
27 30 29 32 -0.71993917 11.308778037517689
27 30 31 34 -1.93268195 9.444865757982033
27 30 32 35 -0.640675253 8.945514080718118
27 30 33 36 -0.274276798 7.754993762822375
27 30 34 37 -0.141610931 6.920415607740614
27 30 35 38 -0.077205543 5.928960075016266
27 30 36 39 -0.047686977 5.393270038143816
27 30 37 40 -0.031248811 4.963091217479138
27 30 38 41 -0.021698632 4.665738881848393
27 30 39 42 -0.01596814 4.514885218394392
27 30 40 43 -0.011988833 4.352287873892393
27 30 41 44 -0.009050729 4.135524243385109
27 30 42 45 -0.00686838 3.8839773870113534
27 30 43 46 -0.005514692 3.803781529671622
27 30 44 47 -0.004518838 3.754145429697625
27 30 45 48 -0.003820065 3.7803427641741734
27 30 46 49 -0.003124121 3.646712100885043
27 30 47 50 -0.002658639 3.6286367262449
27 30 48 51 -0.002215861 3.50851165004398
27 30 49 52 -0.001982074 3.615043459749203
27 30 50 53 -0.001793293 3.7433445294348173
27 30 51 54 -0.00157871 3.749505786040444
27 30 52 55 -0.001355144 3.642365594351507
27 30 53 56 -0.001181135 3.5750003480314225
27 30 54 57 -0.001050465 3.5641437770014717
27 30 55 58 -0.000974817 3.691987277207719
27 30 56 59 -0.000895172 3.7696860396267544
27 30 57 60 -0.00083233 3.8830400928431343
27 30 58 61 -0.000762831 3.929201882463181
27 30 59 62 -0.000675473 3.8291412083835294
27 30 60 63 -0.000605362 3.7655656076856543
27 30 61 64 -0.000546708 3.721132475234416
27 30 62 1 -0.00858712 4.0522472099993765
27 30 63 2 -0.008756757 4.03909815214118
27 30 64 3 -0.008980114 4.022010671821006
28 31 29 32 3.92532773 9.865424607600222
28 31 30 33 -0.737925297 11.591303459766356
28 31 32 35 -2.06701114 10.101322019152404
28 31 33 36 -0.633815038 8.849727409402357
28 31 34 37 -0.278740231 7.881194357725687
28 31 35 38 -0.136991818 6.6946831626999295
28 31 36 39 -0.078548519 6.032093228107424
28 31 37 40 -0.048462757 5.481008689100685
28 31 38 41 -0.032005474 5.0832681896491
28 31 39 42 -0.0225733 4.853813987058185
28 31 40 43 -0.016364123 4.626846773931573
28 31 41 44 -0.011988803 4.35227698303786
28 31 42 45 -0.008855297 4.046226047191936
28 31 43 46 -0.006958278 3.934813508358388
28 31 44 47 -0.005617978 3.8750234737500335
28 31 45 48 -0.004670378 3.8800413344449027
28 31 46 49 -0.003764407 3.7252635135414205
28 31 47 50 -0.003161051 3.689819611088932
28 31 48 51 -0.002605427 3.55601046240203
28 31 49 52 -0.002306182 3.6515225522366817
28 31 50 53 -0.002068581 3.7728209012435796
28 31 51 54 -0.001809394 3.7769539787933044
28 31 52 55 -0.001544588 3.6684645330989456
28 31 53 56 -0.001335826 3.5904425377968665
28 31 54 57 -0.001178211 3.566150131064146
28 31 55 58 -0.001086585 3.6866960497809487
28 31 56 59 -0.000994076 3.7649281296669432
28 31 57 60 -0.000918954 3.869835143256452
28 31 58 61 -0.000835782 3.8991445879358193
28 31 59 62 -0.000736264 3.792360162067184
28 31 60 63 -0.00066132 3.74891026573704
28 31 61 64 -0.000596356 3.709545104477959
28 31 62 1 -0.008639602 4.143831391133094
28 31 63 2 -0.008760716 4.134166864862363
28 31 64 3 -0.008930939 4.119440474571305
29 32 30 33 3.57127006 8.975580627584927
29 32 31 34 -0.908054728 14.26369031271142
29 32 33 36 -1.91212651 9.344412927967113
29 32 34 37 -0.612433828 8.551189399354088
29 32 35 38 -0.257835994 7.290140981232789
29 32 36 39 -0.134496895 6.572758224085474
29 32 37 40 -0.077260546 5.933184002189553
29 32 38 41 -0.048177399 5.448735459628734
29 32 39 42 -0.03240156 5.146176533520695
29 32 40 43 -0.022592814 4.85800997639707
29 32 41 44 -0.016014651 4.528035893826393
29 32 42 45 -0.011487854 4.1704182267987395
29 32 43 46 -0.008810631 4.02581693695838
29 32 44 47 -0.006988007 3.9516248617981304
29 32 45 48 -0.005707623 3.9368564818722303
29 32 46 49 -0.004532732 3.765688241500177
29 32 47 50 -0.003756998 3.71793155465073
29 32 48 51 -0.003061284 3.5733639660710224
29 32 49 52 -0.002683695 3.6628343445799922
29 32 50 53 -0.002388102 3.7812316244084485
29 32 51 54 -0.002073462 3.7817232061661183
29 32 52 55 -0.001759686 3.673192814349376
29 32 53 56 -0.001512481 3.5922089939103676
29 32 54 57 -0.001327279 3.567469850957001
29 32 55 58 -0.001216775 3.6828737176325603
29 32 56 59 -0.001109519 3.7645092785717718
29 32 57 60 -0.00102128 3.8679595928945636
29 32 58 61 -0.000926652 3.9022524252235455
29 32 59 62 -0.000813021 3.7929584892091093
29 32 60 63 -0.000726157 3.740300867903659
29 32 61 64 -0.000654521 3.710367894575203
29 32 62 1 -0.00852378 4.128288692937535
29 32 63 2 -0.008594508 4.122202856305709
29 32 64 3 -0.008713359 4.11181917773048
30 33 31 34 3.62756638 9.11706871185384
30 33 32 35 -0.738733308 11.603995666874455
30 33 34 37 -1.95421826 9.550112023086482
30 33 35 38 -0.583286977 8.144222586123528
30 33 36 39 -0.261007789 7.379821372069023
30 33 37 40 -0.135638594 6.6285521626123085
30 33 38 41 -0.078580519 6.034550651694233
30 33 39 42 -0.04981409 5.63384085081341
30 33 40 43 -0.033131891 5.2621713267930765
30 33 41 44 -0.022567261 4.852515453717121
30 33 42 45 -0.01563456 4.420567695429789
30 33 43 46 -0.01165109 4.229677544480677
30 33 44 47 -0.009006701 4.115406652703987
30 33 45 48 -0.007200932 4.07203111263594
30 33 46 49 -0.00561581 3.873528086817032
30 33 47 50 -0.004585586 3.8095981144677933
30 33 48 51 -0.003681236 3.64295735172503
30 33 49 52 -0.003190557 3.724261262756302
30 33 50 53 -0.002812525 3.8386676447919172
30 33 51 54 -0.002421463 3.8340541873567187
30 33 52 55 -0.002038119 3.717262201683987
30 33 53 56 -0.001735666 3.6230531352244233
30 33 54 57 -0.001511942 3.590928845169512
30 33 55 58 -0.001375007 3.695753505747347
30 33 56 59 -0.001245428 3.769599185061893
30 33 57 60 -0.001140869 3.8708773226370154
30 33 58 61 -0.0010303 3.902121620475549
30 33 59 62 -0.00089835 3.78306901209901
30 33 60 63 -0.000810607 3.781696539280447
30 33 61 64 -0.000727267 3.7460182733178784
30 33 62 1 -0.008431114 4.096675457681945
30 33 63 2 -0.008456195 4.095555516892144
30 33 64 3 -0.008512747 4.082987647275195
31 34 32 35 3.63611208 9.138546398525666
31 34 33 36 -0.7767258 12.200780335668302
31 34 35 38 -1.80926488 8.841736175076024
31 34 36 39 -0.582599122 8.134618318502483
31 34 37 40 -0.258316919 7.303738815255137
31 34 38 41 -0.13524629 6.609380572499826
31 34 39 42 -0.079487735 6.104219839092034
31 34 40 43 -0.049863139 5.639388162023783
31 34 41 44 -0.032340943 5.136549040803293
31 34 42 45 -0.021477982 4.618293711835839
31 34 43 46 -0.015460707 4.37141191774538
31 34 44 47 -0.011623531 4.219672842478689
31 34 45 48 -0.009062522 4.1409127858331525
31 34 46 49 -0.006920896 3.913674485374619
31 34 47 50 -0.005549868 3.8280443206103962
31 34 48 51 -0.004384287 3.642363590713522
31 34 49 52 -0.003750137 3.711141897483902
31 34 50 53 -0.003265334 3.811546675442904
31 34 51 54 -0.0027865 3.8031474892534916
31 34 52 55 -0.002350768 3.7221183614633713
31 34 53 56 -0.00198654 3.623188859008384
31 34 54 57 -0.00171997 3.5902890884490164
31 34 55 58 -0.001554005 3.6908303228812
31 34 56 59 -0.001406196 3.779583519769642
31 34 57 60 -0.001278594 3.869984375190718
31 34 58 61 -0.00115115 3.9057599338342968
31 34 59 62 -0.000998868 3.7830771802399012
31 34 60 63 -0.000882066 3.7144949643525638
31 34 61 64 -0.000789176 3.6817152431242097
31 34 62 1 -0.008442911 4.0891217296525655
31 34 63 2 -0.008418969 4.090774206265638
31 34 64 3 -0.008420667 4.0783483810108
32 35 33 36 3.79279386 9.532330661725164
32 35 34 37 -0.604431747 9.494391679858243
32 35 36 39 -2.08008785 10.165226879704374
32 35 37 40 -0.62467925 8.722167745111006
32 35 38 41 -0.275802674 7.798136890309377
32 35 39 42 -0.145717779 7.1211140622816576
32 35 40 43 -0.084703941 6.504795703406081
32 35 41 44 -0.051651718 5.841671681307323
32 35 42 45 -0.032558766 5.171144770486095
32 35 43 46 -0.022447524 4.826769057515928
32 35 44 47 -0.016295557 4.6074601941618285
32 35 45 48 -0.012316738 4.471326729074434
32 35 46 49 -0.009167131 4.188711483106739
32 35 47 50 -0.007198424 4.070612872048403
32 35 48 51 -0.005578833 3.8480230487074394
32 35 49 52 -0.004699478 3.9042169371118276
32 35 50 53 -0.004030229 3.9883214128856217
32 35 51 54 -0.003391965 3.959360028397919
32 35 52 55 -0.002825222 3.8559971131827484
32 35 53 56 -0.00237071 3.7536937803751065
32 35 54 57 -0.002038489 3.717937033239271
32 35 55 58 -0.001822216 3.8037187983495135
32 35 56 59 -0.001633972 3.880755470116789
32 35 57 60 -0.001476262 3.967907408399805
32 35 58 61 -0.001321746 4.000594690707786
32 35 59 62 -0.001141016 3.871376081886699
32 35 60 63 -0.001013681 3.8391794102351495
32 35 61 64 -0.000903422 3.804427865585253
32 35 62 1 -0.008584018 4.1171715144345225
32 35 63 2 -0.008508108 4.120698335092106
32 35 64 3 -0.008440891 4.10142609869448
33 36 34 37 3.63855241 9.144679616765933
33 36 35 38 -0.957271418 15.036784271401453
33 36 37 40 -1.89806814 9.275710771657305
33 36 38 41 -0.593705983 8.289699353711562
33 36 39 42 -0.268045457 7.578806746853859
33 36 40 43 -0.141609082 6.92032524855458
33 36 41 44 -0.080462644 6.179087475704265
33 36 42 45 -0.047858912 5.412715428528036
33 36 43 46 -0.031485535 5.000688897767406
33 36 44 47 -0.021987014 4.727748095619344
33 36 45 48 -0.016061421 4.541259799783148
33 36 46 49 -0.011631394 4.222527335451643
33 36 47 50 -0.00893114 4.080880776682903
33 36 48 51 -0.006781615 3.834912935425384
33 36 49 52 -0.005621602 3.8775231426823202
33 36 50 53 -0.004750458 3.946569934498763
33 36 51 54 -0.003947165 3.9061211384496204
33 36 52 55 -0.003243952 3.786587975654668
33 36 53 56 -0.002695747 3.6792834863494104
33 36 54 57 -0.0022979 3.638409142376738
33 36 55 58 -0.002036257 3.713866157478749
33 36 56 59 -0.001811367 3.781072446191869
33 36 57 60 -0.001626574 3.863184894263638
33 36 58 61 -0.001446811 3.8887488030270574
33 36 59 62 -0.001244301 3.7661880378245054
33 36 60 63 -0.001084368 3.6791739459948998
33 36 61 64 -0.000959091 3.6324271834451274
33 36 62 1 -0.008822009 4.163090926508467
33 36 63 2 -0.008696208 4.170981451949146
33 36 64 3 -0.008623267 4.176472838609325
34 37 35 38 3.41255935 8.576697107119312
34 37 36 39 -0.776823967 12.202322339298426
34 37 38 41 -1.87307744 9.153583172391425
34 37 39 42 -0.591699035 8.261677073298511
34 37 40 43 -0.265762732 7.514264218042368
34 37 41 44 -0.136567302 6.673937397303221
34 37 42 45 -0.075375905 5.788453963250008
34 37 43 46 -0.046818605 5.2950594786956255
34 37 44 47 -0.031253413 4.963822129953947
34 37 45 48 -0.021945941 4.718916391708509
34 37 46 49 -0.015373145 4.346654345511353
34 37 47 50 -0.011489746 4.171105076691252
34 37 48 51 -0.008512046 3.889385329492159
34 37 49 52 -0.006921785 3.914177203031046
34 37 50 53 -0.005756232 3.9703847399101786
34 37 51 54 -0.004720026 3.921287737235538
34 37 52 55 -0.003818565 3.778858361645352
34 37 53 56 -0.003130006 3.6535815213440164
34 37 54 57 -0.002638072 3.6005659082253496
34 37 55 58 -0.002326749 3.684087572834298
34 37 56 59 -0.002052849 3.7441277930605477
34 37 57 60 -0.001830407 3.820816804665604
34 37 58 61 -0.001617009 3.840467597962559
34 37 59 62 -0.001380896 3.7115820014534386
34 37 60 63 -0.001227054 3.713985680767524
34 37 61 64 -0.001082612 3.6732159783592193
34 37 62 1 -0.008547562 3.9426059075879536
34 37 63 2 -0.008369164 3.9493941471677605
34 37 64 3 -0.00822274 3.943890949273559
35 38 36 39 3.70565771 9.313333630763484
35 38 37 40 -0.712152734 11.186468986841454
35 38 39 42 -1.86139354 9.09648486553877
35 38 40 43 -0.582958987 8.139642981792635
35 38 41 44 -0.253002532 7.1534780628373404
35 38 42 45 -0.12533347 6.124948800458703
35 38 43 46 -0.07221744 5.5459012635903955
35 38 44 47 -0.045528463 5.149147856041269
35 38 45 48 -0.030440312 4.834681394582495
35 38 46 49 -0.020484316 4.404631113577535
35 38 47 50 -0.014820912 4.190514143283067
35 38 48 51 -0.010662841 3.8709150077862144
35 38 49 52 -0.008477456 3.8735802177073855
35 38 50 53 -0.006924345 3.9156248489258205
35 38 51 54 -0.00559317 3.857912053531444
35 38 52 55 -0.004456303 3.7021928072654555
35 38 53 56 -0.003597188 3.559783309230122
35 38 54 57 -0.002991619 3.492045669337907
35 38 55 58 -0.002614568 3.568486533171549
35 38 56 59 -0.002286624 3.620555144600752
35 38 57 60 -0.002022205 3.6882371493305186
35 38 58 61 -0.001774977 3.7051114585417015
35 38 59 62 -0.00150435 3.5728975107714156
35 38 60 63 -0.001324553 3.560142888943959
35 38 61 64 -0.001162196 3.517676729993377
35 38 62 1 -0.008558339 3.833106215696361
35 38 63 2 -0.00832893 3.8417607993819214
35 38 64 3 -0.008143574 3.8429386128205336
36 39 37 40 3.53964624 8.896101299112571
36 39 38 41 -0.747589765 11.743112568114624
36 39 40 43 -1.87623506 9.169014214738935
36 39 41 44 -0.568890106 7.943204345375618
36 39 42 45 -0.236673819 6.691794579606955
36 39 43 46 -0.123088113 6.015219957367136
36 39 44 47 -0.072060398 5.533841303749162
36 39 45 48 -0.04538443 5.132858107512988
36 39 46 49 -0.029113431 4.623939570269886
36 39 47 50 -0.020276398 4.359923636311865
36 39 48 51 -0.014096455 3.9856787522693145
36 39 49 52 -0.010920354 3.9643995618933285
36 39 50 53 -0.008731328 3.989581239361737
36 39 51 54 -0.006926548 3.9168706160766753
36 39 52 55 -0.005445171 3.7558291334681173
36 39 53 56 -0.004325639 3.5936401974073435
36 39 54 57 -0.003547842 3.5109504244386485
36 39 55 58 -0.003077341 3.5921069200743756
36 39 56 59 -0.002671083 3.645620888224541
36 39 57 60 -0.00234907 3.7194298116031703
36 39 58 61 -0.002052183 3.7429130962610375
36 39 59 62 -0.001728571 3.6082429344171145
36 39 60 63 -0.001483756 3.5239858536857462
36 39 61 64 -0.00129545 3.4819196404239405
36 39 62 1 -0.008936575 3.860517432470139
36 39 63 2 -0.00865337 3.8756686704885634
36 39 64 3 -0.008411878 3.880020981036363
37 40 38 41 3.59911132 9.045553345891074
37 40 39 42 -0.787690512 12.37301362900794
37 40 41 44 -1.95716785 9.564526439069974
37 40 42 45 -0.542481155 7.57446582781734
37 40 43 46 -0.236790546 6.695094957778035
37 40 44 47 -0.124681409 6.093083088611932
37 40 45 48 -0.072509763 5.568350058439349
37 40 46 49 -0.04375286 4.9483318877835565
37 40 47 50 -0.029066834 4.616538803518765
37 40 48 51 -0.019378021 4.1667505137178535
37 40 49 52 -0.014541586 4.111536577422971
37 40 50 53 -0.011319518 4.109307463846286
37 40 51 54 -0.008776282 4.010121944628366
37 40 52 55 -0.006775557 3.831487217132203
37 40 53 56 -0.005290701 3.649282814491758
37 40 54 57 -0.00427471 3.5513295696333294
37 40 55 58 -0.003652774 3.6147913085414913
37 40 56 59 -0.003129314 3.6527737662110322
37 40 57 60 -0.002727234 3.7222584387966107
37 40 58 61 -0.002357832 3.73330323555787
37 40 59 62 -0.001973354 3.5991393214733303
37 40 60 63 -0.001699079 3.546680927058534
37 40 61 64 -0.001471394 3.4946255591876865
37 40 62 1 -0.009078796 3.7571809659704267
37 40 63 2 -0.00872629 3.7696762647647275
37 40 64 3 -0.008423196 3.772578410790777
38 41 39 42 3.4690676 8.718717829573084
38 41 40 43 -0.859867936 13.50677395397512
38 41 42 45 -1.82011315 8.894750823376715
38 41 43 46 -0.551545534 7.701028434376243
38 41 44 47 -0.244051836 6.9004030956543
38 41 45 48 -0.126819852 6.1975871280173624
38 41 46 49 -0.070664983 5.426681124549608
38 41 47 50 -0.044268401 5.0066382012396335
38 41 48 51 -0.028029992 4.451862412339801
38 41 49 52 -0.020249099 4.354053680743441
38 41 50 53 -0.015266092 4.316385822860326
38 41 51 54 -0.01153101 4.186085084072145
38 41 52 55 -0.008706003 3.978009558068028
38 41 53 56 -0.006662073 3.7673135270062064
38 41 54 57 -0.005289775 3.6486441021762785
38 41 55 58 -0.004449678 3.6966889114692916
38 41 56 59 -0.003762611 3.7234861889135784
38 41 57 60 -0.003248389 3.791767180170635
38 41 58 61 -0.002782554 3.7977618011169065
38 41 59 62 -0.002309293 3.656448393588322
38 41 60 63 -0.001961558 3.5776249619432616
38 41 61 64 -0.001685818 3.5189997328505402
38 41 62 1 -0.009818297 3.865586244689196
38 41 63 2 -0.009386682 3.884596916156858
38 41 64 3 -0.009017302 3.89539074699735
39 42 40 43 3.72555077 9.36333034368622
39 42 41 44 -0.678039246 10.650615570395836
39 42 43 46 -2.03285376 9.934397570593044
39 42 44 47 -0.605656373 8.456558275629487
39 42 45 48 -0.259406305 7.33454047874585
39 42 46 49 -0.128313889 6.270599549447892
39 42 47 50 -0.074125253 5.692410784384739
39 42 48 51 -0.043887053 4.9635087585302315
39 42 49 52 -0.030207438 4.797695190397663
39 42 50 53 -0.021879419 4.704612527672365
39 42 51 54 -0.015996637 4.522942555320834
39 42 52 55 -0.01174478 4.263689683185501
39 42 53 56 -0.00877116 4.007781563519329
39 42 54 57 -0.006829268 3.8618600720752565
39 42 55 58 -0.005634434 3.886374067555141
39 42 56 59 -0.00468852 3.895113285770791
39 42 57 60 -0.003986094 3.9446453424792733
39 42 58 61 -0.003372066 3.93613239921982
39 42 59 62 -0.002767283 3.7769192153252718
39 42 60 63 -0.002356994 3.731976377617441
39 42 61 64 -0.002011193 3.6681527031500236
39 42 62 1 -0.010640821 3.957381130425937
39 42 63 2 -0.010099793 3.9764147382186774
39 42 64 3 -0.00962373 3.9826971745635187
40 43 41 44 3.84515443 9.663927127364982
40 43 42 45 -0.925499518 14.537712433248503
40 43 44 47 -2.08197284 10.174438678627183
40 43 45 48 -0.601740346 8.40188022383189
40 43 46 49 -0.247293031 6.992045725261968
40 43 47 50 -0.128094383 6.259872462649822
40 43 48 51 -0.069721867 5.354255015065358
40 43 49 52 -0.045292479 5.122458694413739
40 43 50 53 -0.031316001 4.973762666671314
40 43 51 54 -0.022050237 4.74134259361936
40 43 52 55 -0.015715714 4.443513448348637
40 43 53 56 -0.011416229 4.144416311602528
40 43 54 57 -0.008692466 3.9718241345863716
40 43 55 58 -0.007038204 3.980010596555935
40 43 56 59 -0.005757405 3.9711938214933937
40 43 57 60 -0.00482675 4.0099515523223035
40 43 58 61 -0.004039962 3.9979532060942997
40 43 59 62 -0.00328687 3.836685135766515
40 43 60 63 -0.002768015 3.7779182836770153
40 43 61 64 -0.002340051 3.7051494634352364
40 43 62 1 -0.011333894 3.952526892004415
40 43 63 2 -0.01067416 3.969780091888335
40 43 64 3 -0.010098383 3.975859603595534
41 44 42 45 3.474016 8.731154515242704
41 44 43 46 -1.02940406 16.169841162357567
41 44 45 48 -1.924382 9.40430455051178
41 44 46 49 -0.545025713 7.609994559903709
41 44 47 50 -0.238285408 6.73736118507401
41 44 48 51 -0.115660871 5.652256441088391
41 44 49 52 -0.069846567 5.3638312876051994
41 44 50 53 -0.045643269 5.162132108744039
41 44 51 54 -0.030733705 4.881279526638459
41 44 52 55 -0.02109401 4.535730300006876
41 44 53 56 -0.014831238 4.193433750999754
41 44 54 57 -0.011001358 3.9938063212448665
41 44 55 58 -0.008716484 3.9827986120320698
41 44 56 59 -0.006992257 3.9540281801781267
41 44 57 60 -0.005765802 3.9769856868422933
41 44 58 61 -0.004759687 3.9542371728840915
41 44 59 62 -0.003827032 3.7872373191197046
41 44 60 63 -0.003198557 3.733599472386172
41 44 61 64 -0.002680261 3.658147458350638
41 44 62 1 -0.011831774 3.8396642164842643
41 44 63 2 -0.011052975 3.8545605706346375
41 44 64 3 -0.010363558 3.8542654625310173
42 45 43 46 3.54240392 8.903032104895733
42 45 44 47 -0.815666298 12.812456247887942
42 45 46 49 -1.77808154 8.689345627740746
42 45 47 50 -0.536823228 7.4954662638273515
42 45 48 51 -0.215294005 6.08729458022931
42 45 49 52 -0.117048569 5.720072158633744
42 45 50 53 -0.070902901 5.444951915328552
42 45 51 54 -0.044965372 5.085463764280779
42 45 52 55 -0.029511882 4.6872235351764475
42 45 53 56 -0.019924878 4.284338201628823
42 45 54 57 -0.014310214 4.046117685632797
42 45 55 58 -0.011035101 4.006055991394476
42 45 56 59 -0.008644541 3.9499258986139734
42 45 57 60 -0.006994905 3.955525588900534
42 45 58 61 -0.005682492 3.9195222710727555
42 45 59 62 -0.004510771 3.7474435538655264
42 45 60 63 -0.003696875 3.6584337324905194
42 45 61 64 -0.003059016 3.570716583640954
42 45 62 1 -0.012803851 3.8358348341093693
42 45 63 2 -0.011886427 3.8574002861914374
42 45 64 3 -0.011115879 3.87649740466667
43 46 44 47 3.87165748 9.73053655710716
43 46 45 48 -0.694773273 10.913473051836702
43 46 47 50 -1.98789108 9.714668464767273
43 46 48 51 -0.511125239 7.136654648474323
43 46 49 52 -0.231712203 6.551508192227153
43 46 50 53 -0.125383616 6.127399396317476
43 46 51 54 -0.073405363 5.637127201075138
43 46 52 55 -0.045321714 5.125765095017936
43 46 53 56 -0.029063099 4.61594559228595
43 46 54 57 -0.020041585 4.309433073401563
43 46 55 58 -0.01495181 4.22752468084833
43 46 56 59 -0.011384538 4.132911575902938
43 46 57 60 -0.00901194 4.11780049429521
43 46 58 61 -0.007184135 4.062532632911517
43 46 59 62 -0.005610732 3.870025515393701
43 46 60 63 -0.004534481 3.767141269990364
43 46 61 64 -0.003705124 3.6665969567973504
43 46 62 1 -0.013881001 3.8066957569362874
43 46 63 2 -0.012755035 3.8212103189332804
43 46 64 3 -0.011802422 3.8301388634744584
44 47 45 48 3.38027293 8.49555248321314
44 47 46 49 -0.964575389 15.151514779579616
44 47 48 51 -1.65784872 8.101777225912594
44 47 49 52 -0.525158061 7.3325898062713595
44 47 50 53 -0.239183512 6.762754477431046
44 47 51 54 -0.125656718 6.140745677780065
44 47 52 55 -0.071967269 5.526689509961167
44 47 53 56 -0.043395766 4.907945507850082
44 47 54 57 -0.028532532 4.531678308708848
44 47 55 58 -0.020482233 4.4041832174110445
44 47 56 59 -0.015099013 4.269145348553105
44 47 57 60 -0.011646032 4.227841346406508
44 47 58 61 -0.009067218 4.143058515955769
44 47 59 62 -0.006941921 3.9255638427721298
44 47 60 63 -0.005542139 3.822713211013916
44 47 61 64 -0.004473971 3.716870970424192
44 47 62 1 -0.015449507 3.843589408571806
44 47 63 2 -0.014058218 3.855295364555146
44 47 64 3 -0.012915048 3.869147727710557
45 48 46 49 3.47058443 8.722530039160882
45 48 47 50 -0.567076907 8.907623225258131
45 48 49 52 -1.8626494 9.102622155283118
45 48 50 53 -0.579776641 8.095209049282499
45 48 51 54 -0.253481607 7.167023589342007
45 48 52 55 -0.129724402 6.339530218226004
45 48 53 56 -0.071907931 5.522132678686353
45 48 54 57 -0.044405762 5.022173364345265
45 48 55 58 -0.030351027 4.820500707856443
45 48 56 59 -0.02147473 4.617594451954212
45 48 57 60 -0.016039471 4.535053583495982
45 48 58 61 -0.012158952 4.414045916632557
45 48 59 62 -0.009092003 4.154383456562464
45 48 60 63 -0.00712614 4.029737233041428
45 48 61 64 -0.005657667 3.9023991250341195
45 48 62 1 -0.017578921 3.9290632570271504
45 48 63 2 -0.015810625 3.9334297717655717
45 48 64 3 -0.014339941 3.932554472074219
46 49 47 50 3.69652946 9.290391836251379
46 49 48 51 -0.826283138 12.979225180629633
46 49 50 53 -1.89304373 9.25115687236567
46 49 51 54 -0.564884447 7.8872747947659025
46 49 52 55 -0.242431301 6.8545835479963335
46 49 53 56 -0.119830888 5.856041915327973
46 49 54 57 -0.06844363 5.256093460273773
46 49 55 58 -0.04410758 4.988449774642486
46 49 56 59 -0.029721773 4.720559465261209
46 49 57 60 -0.021381304 4.597505567052364
46 49 58 61 -0.015704155 4.440245218095182
46 49 59 62 -0.011427035 4.1483391974051145
46 49 60 63 -0.008762083 4.003634035341521
46 49 61 64 -0.006830308 3.8624481782200086
46 49 62 1 -0.019448996 3.8642142083977133
46 49 63 2 -0.017290872 3.864681447579152
46 49 64 3 -0.015530176 3.863658561199141
47 50 48 51 3.20221219 8.048037033071733
47 50 49 52 -0.867418332 13.62537529700159
47 50 51 54 -1.80677736 8.829579859097446
47 50 52 55 -0.542237798 7.571067923091119
47 50 53 56 -0.223817643 6.328294766933239
47 50 54 57 -0.114971233 5.61855437059716
47 50 55 58 -0.068804314 5.283792003054531
47 50 56 59 -0.043690891 4.9413233589981465
47 50 57 60 -0.030043129 4.771598819727662
47 50 58 61 -0.021276693 4.575011632403901
47 50 59 62 -0.015032487 4.25033556519456
47 50 60 63 -0.011237166 4.079411342097757
47 50 61 64 -0.008555537 3.9092575502678626
47 50 62 1 -0.022018903 3.8435287957680977
47 50 63 2 -0.019309882 3.8365744117014193
47 50 64 3 -0.017121491 3.82682311352449
48 51 49 52 3.4420908 8.650917736215195
48 51 50 53 -0.756635424 11.885201447421016
48 51 52 55 -1.81565403 8.872959452169086
48 51 53 56 -0.503572759 7.031202134321507
48 51 54 57 -0.216879054 6.132110784875128
48 51 55 58 -0.116648188 5.7005058518389475
48 51 56 59 -0.068385913 5.2516611128625295
48 51 57 60 -0.044343757 5.015160764055774
48 51 58 61 -0.029971783 4.7602672939936985
48 51 59 62 -0.020383912 4.383041787269171
48 51 60 63 -0.014751759 4.170961593173434
48 51 61 64 -0.010918023 3.9635533424961578
48 51 62 1 -0.025120838 3.8020427817930362
48 51 63 2 -0.021660202 3.780915430217107
48 51 64 3 -0.018925292 3.760162336630414
49 52 50 53 3.41898665 8.592850673889247
49 52 51 54 -0.787091517 12.363604637550255
49 52 53 56 -1.73487862 8.478216331607548
49 52 54 57 -0.503289074 7.0272411444906915
49 52 55 58 -0.227766772 6.4399537588235445
49 52 56 59 -0.119481225 5.838954157585251
49 52 57 60 -0.071807459 5.514416982979673
49 52 58 61 -0.045807336 5.180687649292313
49 52 59 62 -0.029751458 4.725274184256145
49 52 60 63 -0.020760869 4.464096801782755
49 52 61 64 -0.014875092 4.2058331773805016
49 52 62 1 -0.030314067 3.9187240015142226
49 52 63 2 -0.025612671 3.876481783688499
49 52 64 3 -0.021973609 3.835622462138511
50 53 51 54 3.36428664 8.455374554235416
50 53 52 55 -0.672019012 10.556049955859379
50 53 54 57 -1.72204059 8.415477881576003
50 53 55 58 -0.540361986 7.544876646652383
50 53 56 59 -0.236537033 6.68792704657253
50 53 57 60 -0.127491213 6.23039601579191
50 53 58 61 -0.075343039 5.785930035637382
50 53 59 62 -0.046151871 5.219653639788877
50 53 60 63 -0.03074521 4.88310680782548
50 53 61 64 -0.021168424 4.551731137900891
50 53 62 1 -0.038165758 4.140927421487164
50 53 63 2 -0.03149231 4.071036428735424
50 53 64 3 -0.026489294 4.009158812595885
51 54 52 55 3.42503854 8.608060732420714
51 54 53 56 -0.721220476 11.328904745100694
51 54 55 58 -1.76603952 8.630497216415264
51 54 56 59 -0.534180575 7.458567867157187
51 54 57 60 -0.241893163 6.839368054509577
51 54 58 61 -0.128581025 6.283654277149594
51 54 59 62 -0.073097175 5.613460061688539
51 54 60 63 -0.046025497 5.205361077108706
51 54 61 64 -0.030244498 4.8035812434868435
51 54 62 1 -0.047766017 4.260325181465474
51 54 63 2 -0.038300143 4.155507992153062
51 54 64 3 -0.031446382 4.065099278964609
52 55 53 56 3.21888456 8.089939269159675
52 55 54 57 -0.76412248 12.002807848054095
52 55 56 59 -1.70465192 8.330500809244029
52 55 57 60 -0.533414383 7.447869808675234
52 55 58 61 -0.238893354 6.754550453260424
52 55 59 62 -0.122274365 5.975452728098883
52 55 60 63 -0.071607221 5.499039808474196
52 55 61 64 -0.044424324 5.0242726770873585
52 55 62 1 -0.060600231 4.332117038074525
52 55 63 2 -0.046860437 4.1795550959498335
52 55 64 3 -0.03732024 4.049189988378643
53 56 54 57 3.29434663 8.279596136949019
53 56 55 58 -0.643911719 10.114541629853898
53 56 57 60 -1.77038719 8.651743940176516
53 56 58 61 -0.548978199 7.665181675374893
53 56 59 62 -0.235724767 6.664960766487283
53 56 60 63 -0.124201227 6.069616969267259
53 56 61 64 -0.071386027 5.482053328697309
53 56 62 1 -0.082810033 4.596019061415436
53 56 63 2 -0.061123589 4.3695302305888015
53 56 64 3 -0.046879341 4.181241173045825
54 57 55 58 3.32824287 8.364786679803672
54 57 56 59 -0.750531609 11.789322945606662
54 57 58 61 -1.76637399 8.632131745185024
54 57 59 62 -0.526029845 7.344762207204326
54 57 60 63 -0.234108707 6.61926774647344
54 57 61 64 -0.12158558 5.941792343051506
54 57 62 1 -0.119070751 4.921299168022567
54 57 63 2 -0.083142633 4.614478611357009
54 57 64 3 -0.060966868 4.35832674665614
55 58 56 59 3.28132617 8.246872151763132
55 58 57 60 -0.72557949 11.397375976897168
55 58 59 62 -1.79530329 8.77350697506824
55 58 60 63 -0.544111698 7.5972325029736165
55 58 61 64 -0.238154039 6.733646814106225
55 58 62 1 -0.190778958 5.543502986550223
55 58 63 2 -0.123769071 5.115484877887651
55 58 64 3 -0.085702832 4.756571579790155
56 59 57 60 3.39046021 8.52115591041959
56 59 58 61 -0.71208714 11.185438638698855
56 59 60 63 -1.79121018 8.753504266147274
56 59 61 64 -0.549072695 7.6665010884388645
56 59 62 1 -0.338847959 6.3512955209172555
56 59 63 2 -0.198527093 5.768642121195744
56 59 64 3 -0.127785974 5.281507022082638
57 60 58 61 3.25734728 8.18660662803094
57 60 59 62 -0.76229773 11.974144742080904
57 60 61 64 -1.68696178 8.24405047656518
57 60 62 1 -0.671354301 7.009191539816619
57 60 63 2 -0.335057696 6.280251621210608
57 60 64 3 -0.195625811 5.684338980008526
58 61 59 62 3.37305224 8.477404909886861
58 61 60 63 -0.619474372 9.730680680811775
58 61 62 1 -1.99127218 8.33127721876604
58 61 63 2 -0.684561155 7.147076065448627
58 61 64 3 -0.336562026 6.308448469198651
59 62 60 63 3.31274138 8.325827186120716
59 62 61 64 -0.743153865 11.67343361385433
59 62 63 2 -1.90999661 7.991228624915237
59 62 64 3 -0.663444828 6.926613665282368
60 63 61 64 3.35739787 8.438061186856
60 63 62 1 -1.33674227 8.385245570387525
60 63 64 3 -2.07725944 8.69103903713389
61 64 62 1 1.40890509 8.866485547281517
61 64 63 2 -1.48164458 9.294202727152246
62 1 63 2 4.69023433 7.49022646335646
62 1 64 3 1.87937488 6.104596407752419
63 2 64 3 4.76799531 7.6144094591797264
